1508091977,s1,0.00,0.00,0.00,0,0,0.00,0.00,0.00,0,0,0.00,0.00,0,0
1508091977,eth0,0.00,0.00,0.00,0,0,0.00,0.00,0.00,0,0,0.00,0.00,0,0
1508091977,eth1,0.00,0.00,0.00,0,0,0.00,0.00,0.00,0,0,0.00,0.00,0,0
1508091977,s2,0.00,0.00,0.00,0,0,0.00,0.00,0.00,0,0,0.00,0.00,0,0
1508091977,s1-eth2,0.00,0.00,0.00,0,0,0.00,0.00,0.00,0,0,0.00,0.00,0,0
1508091977,s1-eth1,0.00,0.00,0.00,0,0,0.00,0.00,0.00,0,0,0.00,0.00,0,0
1508091977,s2-eth2,0.00,0.00,0.00,0,0,0.00,0.00,0.00,0,0,0.00,0.00,0,0
1508091977,s2-eth1,0.00,0.00,0.00,0,0,0.00,0.00,0.00,0,0,0.00,0.00,0,0
1508091977,lo,0.00,0.00,0.00,0,0,0.00,0.00,0.00,0,0,0.00,0.00,0,0
1508091977,total,0.00,0.00,0.00,0,0,0.00,0.00,0.00,0,0,0.00,0.00,0,0
1508091978,s1,0.00,0.00,0.00,0,0,0.00,0.00,0.00,0,0,0.00,0.00,0,0
1508091978,eth0,0.00,0.00,0.00,0,0,0.00,0.00,0.00,0,0,0.00,0.00,0,0
1508091978,eth1,0.00,0.00,0.00,0,0,0.00,0.00,0.00,0,0,0.00,0.00,0,0
1508091978,s2,0.00,0.00,0.00,0,0,0.00,0.00,0.00,0,0,0.00,0.00,0,0
1508091978,s1-eth2,341.66,0.00,341.66,0,342,1.00,0.00,1.00,0,1,0.00,0.00,0,0
1508091978,s1-eth1,0.00,0.00,0.00,0,0,0.00,0.00,0.00,0,0,0.00,0.00,0,0
1508091978,s2-eth2,0.00,0.00,0.00,0,0,0.00,0.00,0.00,0,0,0.00,0.00,0,0
1508091978,s2-eth1,0.00,0.00,0.00,0,0,0.00,0.00,0.00,0,0,0.00,0.00,0,0
1508091978,lo,0.00,0.00,0.00,0,0,0.00,0.00,0.00,0,0,0.00,0.00,0,0
1508091978,total,341.66,0.00,341.66,0,342,1.00,0.00,1.00,0,1,0.00,0.00,0,0
1508091979,s1,0.00,0.00,0.00,0,0,0.00,0.00,0.00,0,0,0.00,0.00,0,0
1508091979,eth0,0.00,0.00,0.00,0,0,0.00,0.00,0.00,0,0,0.00,0.00,0,0
1508091979,eth1,0.00,0.00,0.00,0,0,0.00,0.00,0.00,0,0,0.00,0.00,0,0
1508091979,s2,0.00,0.00,0.00,0,0,0.00,0.00,0.00,0,0,0.00,0.00,0,0
1508091979,s1-eth2,0.00,0.00,0.00,0,0,0.00,0.00,0.00,0,0,0.00,0.00,0,0
1508091979,s1-eth1,0.00,0.00,0.00,0,0,0.00,0.00,0.00,0,0,0.00,0.00,0,0
1508091979,s2-eth2,0.00,0.00,0.00,0,0,0.00,0.00,0.00,0,0,0.00,0.00,0,0
1508091979,s2-eth1,0.00,0.00,0.00,0,0,0.00,0.00,0.00,0,0,0.00,0.00,0,0
1508091979,lo,0.00,0.00,0.00,0,0,0.00,0.00,0.00,0,0,0.00,0.00,0,0
1508091979,total,0.00,0.00,0.00,0,0,0.00,0.00,0.00,0,0,0.00,0.00,0,0
1508091980,s1,0.00,0.00,0.00,0,0,0.00,0.00,0.00,0,0,0.00,0.00,0,0
1508091980,eth0,0.00,0.00,0.00,0,0,0.00,0.00,0.00,0,0,0.00,0.00,0,0
1508091980,eth1,0.00,0.00,0.00,0,0,0.00,0.00,0.00,0,0,0.00,0.00,0,0
1508091980,s2,0.00,0.00,0.00,0,0,0.00,0.00,0.00,0,0,0.00,0.00,0,0
1508091980,s1-eth2,0.00,0.00,0.00,0,0,0.00,0.00,0.00,0,0,0.00,0.00,0,0
1508091980,s1-eth1,0.00,0.00,0.00,0,0,0.00,0.00,0.00,0,0,0.00,0.00,0,0
1508091980,s2-eth2,0.00,0.00,0.00,0,0,0.00,0.00,0.00,0,0,0.00,0.00,0,0
1508091980,s2-eth1,0.00,0.00,0.00,0,0,0.00,0.00,0.00,0,0,0.00,0.00,0,0
1508091980,lo,0.00,0.00,0.00,0,0,0.00,0.00,0.00,0,0,0.00,0.00,0,0
1508091980,total,0.00,0.00,0.00,0,0,0.00,0.00,0.00,0,0,0.00,0.00,0,0
1508091981,s1,0.00,0.00,0.00,0,0,0.00,0.00,0.00,0,0,0.00,0.00,0,0
1508091981,eth0,0.00,0.00,0.00,0,0,0.00,0.00,0.00,0,0,0.00,0.00,0,0
1508091981,eth1,0.00,0.00,0.00,0,0,0.00,0.00,0.00,0,0,0.00,0.00,0,0
1508091981,s2,0.00,0.00,0.00,0,0,0.00,0.00,0.00,0,0,0.00,0.00,0,0
1508091981,s1-eth2,0.00,0.00,0.00,0,0,0.00,0.00,0.00,0,0,0.00,0.00,0,0
1508091981,s1-eth1,0.00,0.00,0.00,0,0,0.00,0.00,0.00,0,0,0.00,0.00,0,0
1508091981,s2-eth2,0.00,0.00,0.00,0,0,0.00,0.00,0.00,0,0,0.00,0.00,0,0
1508091981,s2-eth1,0.00,0.00,0.00,0,0,0.00,0.00,0.00,0,0,0.00,0.00,0,0
1508091981,lo,343.66,343.66,687.31,344,344,5.99,5.99,11.99,6,6,0.00,0.00,0,0
1508091981,total,343.66,343.66,687.31,344,344,5.99,5.99,11.99,6,6,0.00,0.00,0,0
1508091982,s1,0.00,0.00,0.00,0,0,0.00,0.00,0.00,0,0,0.00,0.00,0,0
1508091982,eth0,0.00,0.00,0.00,0,0,0.00,0.00,0.00,0,0,0.00,0.00,0,0
1508091982,eth1,0.00,0.00,0.00,0,0,0.00,0.00,0.00,0,0,0.00,0.00,0,0
1508091982,s2,0.00,0.00,0.00,0,0,0.00,0.00,0.00,0,0,0.00,0.00,0,0
1508091982,s1-eth2,0.00,0.00,0.00,0,0,0.00,0.00,0.00,0,0,0.00,0.00,0,0
1508091982,s1-eth1,107.00,0.00,107.00,0,107,1.00,0.00,1.00,0,1,0.00,0.00,0,0
1508091982,s2-eth2,0.00,0.00,0.00,0,0,0.00,0.00,0.00,0,0,0.00,0.00,0,0
1508091982,s2-eth1,0.00,0.00,0.00,0,0,0.00,0.00,0.00,0,0,0.00,0.00,0,0
1508091982,lo,0.00,0.00,0.00,0,0,0.00,0.00,0.00,0,0,0.00,0.00,0,0
1508091982,total,107.00,0.00,107.00,0,107,1.00,0.00,1.00,0,1,0.00,0.00,0,0
1508091983,s1,0.00,0.00,0.00,0,0,0.00,0.00,0.00,0,0,0.00,0.00,0,0
1508091983,eth0,0.00,0.00,0.00,0,0,0.00,0.00,0.00,0,0,0.00,0.00,0,0
1508091983,eth1,0.00,0.00,0.00,0,0,0.00,0.00,0.00,0,0,0.00,0.00,0,0
1508091983,s2,0.00,0.00,0.00,0,0,0.00,0.00,0.00,0,0,0.00,0.00,0,0
1508091983,s1-eth2,106.89,0.00,106.89,0,107,1.00,0.00,1.00,0,1,0.00,0.00,0,0
1508091983,s1-eth1,0.00,0.00,0.00,0,0,0.00,0.00,0.00,0,0,0.00,0.00,0,0
1508091983,s2-eth2,106.89,0.00,106.89,0,107,1.00,0.00,1.00,0,1,0.00,0.00,0,0
1508091983,s2-eth1,106.89,0.00,106.89,0,107,1.00,0.00,1.00,0,1,0.00,0.00,0,0
1508091983,lo,0.00,0.00,0.00,0,0,0.00,0.00,0.00,0,0,0.00,0.00,0,0
1508091983,total,320.68,0.00,320.68,0,321,3.00,0.00,3.00,0,3,0.00,0.00,0,0
1508091984,s1,0.00,0.00,0.00,0,0,0.00,0.00,0.00,0,0,0.00,0.00,0,0
1508091984,eth0,0.00,0.00,0.00,0,0,0.00,0.00,0.00,0,0,0.00,0.00,0,0
1508091984,eth1,0.00,0.00,0.00,0,0,0.00,0.00,0.00,0,0,0.00,0.00,0,0
1508091984,s2,0.00,0.00,0.00,0,0,0.00,0.00,0.00,0,0,0.00,0.00,0,0
1508091984,s1-eth2,0.00,0.00,0.00,0,0,0.00,0.00,0.00,0,0,0.00,0.00,0,0
1508091984,s1-eth1,0.00,0.00,0.00,0,0,0.00,0.00,0.00,0,0,0.00,0.00,0,0
1508091984,s2-eth2,0.00,0.00,0.00,0,0,0.00,0.00,0.00,0,0,0.00,0.00,0,0
1508091984,s2-eth1,0.00,0.00,0.00,0,0,0.00,0.00,0.00,0,0,0.00,0.00,0,0
1508091984,lo,0.00,0.00,0.00,0,0,0.00,0.00,0.00,0,0,0.00,0.00,0,0
1508091984,total,0.00,0.00,0.00,0,0,0.00,0.00,0.00,0,0,0.00,0.00,0,0
1508091985,s1,0.00,0.00,0.00,0,0,0.00,0.00,0.00,0,0,0.00,0.00,0,0
1508091985,eth0,0.00,0.00,0.00,0,0,0.00,0.00,0.00,0,0,0.00,0.00,0,0
1508091985,eth1,0.00,0.00,0.00,0,0,0.00,0.00,0.00,0,0,0.00,0.00,0,0
1508091985,s2,0.00,0.00,0.00,0,0,0.00,0.00,0.00,0,0,0.00,0.00,0,0
1508091985,s1-eth2,341.66,0.00,341.66,0,342,1.00,0.00,1.00,0,1,0.00,0.00,0,0
1508091985,s1-eth1,341.66,0.00,341.66,0,342,1.00,0.00,1.00,0,1,0.00,0.00,0,0
1508091985,s2-eth2,341.66,0.00,341.66,0,342,1.00,0.00,1.00,0,1,0.00,0.00,0,0
1508091985,s2-eth1,0.00,0.00,0.00,0,0,0.00,0.00,0.00,0,0,0.00,0.00,0,0
1508091985,lo,0.00,0.00,0.00,0,0,0.00,0.00,0.00,0,0,0.00,0.00,0,0
1508091985,total,1024.98,0.00,1024.98,0,1026,3.00,0.00,3.00,0,3,0.00,0.00,0,0
1508091986,s1,0.00,0.00,0.00,0,0,0.00,0.00,0.00,0,0,0.00,0.00,0,0
1508091986,eth0,0.00,0.00,0.00,0,0,0.00,0.00,0.00,0,0,0.00,0.00,0,0
1508091986,eth1,0.00,0.00,0.00,0,0,0.00,0.00,0.00,0,0,0.00,0.00,0,0
1508091986,s2,0.00,0.00,0.00,0,0,0.00,0.00,0.00,0,0,0.00,0.00,0,0
1508091986,s1-eth2,0.00,0.00,0.00,0,0,0.00,0.00,0.00,0,0,0.00,0.00,0,0
1508091986,s1-eth1,0.00,0.00,0.00,0,0,0.00,0.00,0.00,0,0,0.00,0.00,0,0
1508091986,s2-eth2,0.00,0.00,0.00,0,0,0.00,0.00,0.00,0,0,0.00,0.00,0,0
1508091986,s2-eth1,0.00,0.00,0.00,0,0,0.00,0.00,0.00,0,0,0.00,0.00,0,0
1508091986,lo,344.00,344.00,688.00,344,344,6.00,6.00,12.00,6,6,0.00,0.00,0,0
1508091986,total,344.00,344.00,688.00,344,344,6.00,6.00,12.00,6,6,0.00,0.00,0,0
1508091987,s1,0.00,0.00,0.00,0,0,0.00,0.00,0.00,0,0,0.00,0.00,0,0
1508091987,eth0,0.00,0.00,0.00,0,0,0.00,0.00,0.00,0,0,0.00,0.00,0,0
1508091987,eth1,0.00,0.00,0.00,0,0,0.00,0.00,0.00,0,0,0.00,0.00,0,0
1508091987,s2,0.00,0.00,0.00,0,0,0.00,0.00,0.00,0,0,0.00,0.00,0,0
1508091987,s1-eth2,0.00,0.00,0.00,0,0,0.00,0.00,0.00,0,0,0.00,0.00,0,0
1508091987,s1-eth1,0.00,0.00,0.00,0,0,0.00,0.00,0.00,0,0,0.00,0.00,0,0
1508091987,s2-eth2,0.00,0.00,0.00,0,0,0.00,0.00,0.00,0,0,0.00,0.00,0,0
1508091987,s2-eth1,0.00,0.00,0.00,0,0,0.00,0.00,0.00,0,0,0.00,0.00,0,0
1508091987,lo,0.00,0.00,0.00,0,0,0.00,0.00,0.00,0,0,0.00,0.00,0,0
1508091987,total,0.00,0.00,0.00,0,0,0.00,0.00,0.00,0,0,0.00,0.00,0,0
1508091988,s1,0.00,0.00,0.00,0,0,0.00,0.00,0.00,0,0,0.00,0.00,0,0
1508091988,eth0,0.00,0.00,0.00,0,0,0.00,0.00,0.00,0,0,0.00,0.00,0,0
1508091988,eth1,0.00,0.00,0.00,0,0,0.00,0.00,0.00,0,0,0.00,0.00,0,0
1508091988,s2,0.00,0.00,0.00,0,0,0.00,0.00,0.00,0,0,0.00,0.00,0,0
1508091988,s1-eth2,0.00,0.00,0.00,0,0,0.00,0.00,0.00,0,0,0.00,0.00,0,0
1508091988,s1-eth1,0.00,0.00,0.00,0,0,0.00,0.00,0.00,0,0,0.00,0.00,0,0
1508091988,s2-eth2,0.00,0.00,0.00,0,0,0.00,0.00,0.00,0,0,0.00,0.00,0,0
1508091988,s2-eth1,0.00,0.00,0.00,0,0,0.00,0.00,0.00,0,0,0.00,0.00,0,0
1508091988,lo,0.00,0.00,0.00,0,0,0.00,0.00,0.00,0,0,0.00,0.00,0,0
1508091988,total,0.00,0.00,0.00,0,0,0.00,0.00,0.00,0,0,0.00,0.00,0,0
1508091989,s1,0.00,0.00,0.00,0,0,0.00,0.00,0.00,0,0,0.00,0.00,0,0
1508091989,eth0,0.00,0.00,0.00,0,0,0.00,0.00,0.00,0,0,0.00,0.00,0,0
1508091989,eth1,0.00,0.00,0.00,0,0,0.00,0.00,0.00,0,0,0.00,0.00,0,0
1508091989,s2,0.00,0.00,0.00,0,0,0.00,0.00,0.00,0,0,0.00,0.00,0,0
1508091989,s1-eth2,0.00,0.00,0.00,0,0,0.00,0.00,0.00,0,0,0.00,0.00,0,0
1508091989,s1-eth1,0.00,0.00,0.00,0,0,0.00,0.00,0.00,0,0,0.00,0.00,0,0
1508091989,s2-eth2,0.00,0.00,0.00,0,0,0.00,0.00,0.00,0,0,0.00,0.00,0,0
1508091989,s2-eth1,0.00,0.00,0.00,0,0,0.00,0.00,0.00,0,0,0.00,0.00,0,0
1508091989,lo,0.00,0.00,0.00,0,0,0.00,0.00,0.00,0,0,0.00,0.00,0,0
1508091989,total,0.00,0.00,0.00,0,0,0.00,0.00,0.00,0,0,0.00,0.00,0,0
1508091990,s1,0.00,0.00,0.00,0,0,0.00,0.00,0.00,0,0,0.00,0.00,0,0
1508091990,eth0,0.00,0.00,0.00,0,0,0.00,0.00,0.00,0,0,0.00,0.00,0,0
1508091990,eth1,0.00,0.00,0.00,0,0,0.00,0.00,0.00,0,0,0.00,0.00,0,0
1508091990,s2,0.00,0.00,0.00,0,0,0.00,0.00,0.00,0,0,0.00,0.00,0,0
1508091990,s1-eth2,0.00,0.00,0.00,0,0,0.00,0.00,0.00,0,0,0.00,0.00,0,0
1508091990,s1-eth1,0.00,0.00,0.00,0,0,0.00,0.00,0.00,0,0,0.00,0.00,0,0
1508091990,s2-eth2,0.00,0.00,0.00,0,0,0.00,0.00,0.00,0,0,0.00,0.00,0,0
1508091990,s2-eth1,0.00,0.00,0.00,0,0,0.00,0.00,0.00,0,0,0.00,0.00,0,0
1508091990,lo,0.00,0.00,0.00,0,0,0.00,0.00,0.00,0,0,0.00,0.00,0,0
1508091990,total,0.00,0.00,0.00,0,0,0.00,0.00,0.00,0,0,0.00,0.00,0,0
1508091991,s1,0.00,0.00,0.00,0,0,0.00,0.00,0.00,0,0,0.00,0.00,0,0
1508091991,eth0,0.00,0.00,0.00,0,0,0.00,0.00,0.00,0,0,0.00,0.00,0,0
1508091991,eth1,0.00,0.00,0.00,0,0,0.00,0.00,0.00,0,0,0.00,0.00,0,0
1508091991,s2,0.00,0.00,0.00,0,0,0.00,0.00,0.00,0,0,0.00,0.00,0,0
1508091991,s1-eth2,0.00,0.00,0.00,0,0,0.00,0.00,0.00,0,0,0.00,0.00,0,0
1508091991,s1-eth1,0.00,0.00,0.00,0,0,0.00,0.00,0.00,0,0,0.00,0.00,0,0
1508091991,s2-eth2,0.00,0.00,0.00,0,0,0.00,0.00,0.00,0,0,0.00,0.00,0,0
1508091991,s2-eth1,0.00,0.00,0.00,0,0,0.00,0.00,0.00,0,0,0.00,0.00,0,0
1508091991,lo,344.00,344.00,688.00,344,344,6.00,6.00,12.00,6,6,0.00,0.00,0,0
1508091991,total,344.00,344.00,688.00,344,344,6.00,6.00,12.00,6,6,0.00,0.00,0,0
1508091992,s1,0.00,0.00,0.00,0,0,0.00,0.00,0.00,0,0,0.00,0.00,0,0
1508091992,eth0,0.00,0.00,0.00,0,0,0.00,0.00,0.00,0,0,0.00,0.00,0,0
1508091992,eth1,0.00,0.00,0.00,0,0,0.00,0.00,0.00,0,0,0.00,0.00,0,0
1508091992,s2,0.00,0.00,0.00,0,0,0.00,0.00,0.00,0,0,0.00,0.00,0,0
1508091992,s1-eth2,0.00,0.00,0.00,0,0,0.00,0.00,0.00,0,0,0.00,0.00,0,0
1508091992,s1-eth1,0.00,0.00,0.00,0,0,0.00,0.00,0.00,0,0,0.00,0.00,0,0
1508091992,s2-eth2,0.00,0.00,0.00,0,0,0.00,0.00,0.00,0,0,0.00,0.00,0,0
1508091992,s2-eth1,342.00,0.00,342.00,0,342,1.00,0.00,1.00,0,1,0.00,0.00,0,0
1508091992,lo,0.00,0.00,0.00,0,0,0.00,0.00,0.00,0,0,0.00,0.00,0,0
1508091992,total,342.00,0.00,342.00,0,342,1.00,0.00,1.00,0,1,0.00,0.00,0,0
1508091993,s1,0.00,0.00,0.00,0,0,0.00,0.00,0.00,0,0,0.00,0.00,0,0
1508091993,eth0,0.00,0.00,0.00,0,0,0.00,0.00,0.00,0,0,0.00,0.00,0,0
1508091993,eth1,0.00,0.00,0.00,0,0,0.00,0.00,0.00,0,0,0.00,0.00,0,0
1508091993,s2,0.00,0.00,0.00,0,0,0.00,0.00,0.00,0,0,0.00,0.00,0,0
1508091993,s1-eth2,0.00,0.00,0.00,0,0,0.00,0.00,0.00,0,0,0.00,0.00,0,0
1508091993,s1-eth1,0.00,0.00,0.00,0,0,0.00,0.00,0.00,0,0,0.00,0.00,0,0
1508091993,s2-eth2,0.00,0.00,0.00,0,0,0.00,0.00,0.00,0,0,0.00,0.00,0,0
1508091993,s2-eth1,0.00,0.00,0.00,0,0,0.00,0.00,0.00,0,0,0.00,0.00,0,0
1508091993,lo,0.00,0.00,0.00,0,0,0.00,0.00,0.00,0,0,0.00,0.00,0,0
1508091993,total,0.00,0.00,0.00,0,0,0.00,0.00,0.00,0,0,0.00,0.00,0,0
1508091994,s1,0.00,0.00,0.00,0,0,0.00,0.00,0.00,0,0,0.00,0.00,0,0
1508091994,eth0,0.00,0.00,0.00,0,0,0.00,0.00,0.00,0,0,0.00,0.00,0,0
1508091994,eth1,0.00,0.00,0.00,0,0,0.00,0.00,0.00,0,0,0.00,0.00,0,0
1508091994,s2,0.00,0.00,0.00,0,0,0.00,0.00,0.00,0,0,0.00,0.00,0,0
1508091994,s1-eth2,0.00,0.00,0.00,0,0,0.00,0.00,0.00,0,0,0.00,0.00,0,0
1508091994,s1-eth1,0.00,0.00,0.00,0,0,0.00,0.00,0.00,0,0,0.00,0.00,0,0
1508091994,s2-eth2,0.00,0.00,0.00,0,0,0.00,0.00,0.00,0,0,0.00,0.00,0,0
1508091994,s2-eth1,0.00,0.00,0.00,0,0,0.00,0.00,0.00,0,0,0.00,0.00,0,0
1508091994,lo,0.00,0.00,0.00,0,0,0.00,0.00,0.00,0,0,0.00,0.00,0,0
1508091994,total,0.00,0.00,0.00,0,0,0.00,0.00,0.00,0,0,0.00,0.00,0,0
1508091995,s1,0.00,0.00,0.00,0,0,0.00,0.00,0.00,0,0,0.00,0.00,0,0
1508091995,eth0,0.00,0.00,0.00,0,0,0.00,0.00,0.00,0,0,0.00,0.00,0,0
1508091995,eth1,0.00,0.00,0.00,0,0,0.00,0.00,0.00,0,0,0.00,0.00,0,0
1508091995,s2,0.00,0.00,0.00,0,0,0.00,0.00,0.00,0,0,0.00,0.00,0,0
1508091995,s1-eth2,342.00,0.00,342.00,0,342,1.00,0.00,1.00,0,1,0.00,0.00,0,0
1508091995,s1-eth1,0.00,0.00,0.00,0,0,0.00,0.00,0.00,0,0,0.00,0.00,0,0
1508091995,s2-eth2,0.00,0.00,0.00,0,0,0.00,0.00,0.00,0,0,0.00,0.00,0,0
1508091995,s2-eth1,0.00,0.00,0.00,0,0,0.00,0.00,0.00,0,0,0.00,0.00,0,0
1508091995,lo,0.00,0.00,0.00,0,0,0.00,0.00,0.00,0,0,0.00,0.00,0,0
1508091995,total,342.00,0.00,342.00,0,342,1.00,0.00,1.00,0,1,0.00,0.00,0,0
1508091996,s1,0.00,0.00,0.00,0,0,0.00,0.00,0.00,0,0,0.00,0.00,0,0
1508091996,eth0,0.00,0.00,0.00,0,0,0.00,0.00,0.00,0,0,0.00,0.00,0,0
1508091996,eth1,0.00,0.00,0.00,0,0,0.00,0.00,0.00,0,0,0.00,0.00,0,0
1508091996,s2,0.00,0.00,0.00,0,0,0.00,0.00,0.00,0,0,0.00,0.00,0,0
1508091996,s1-eth2,0.00,0.00,0.00,0,0,0.00,0.00,0.00,0,0,0.00,0.00,0,0
1508091996,s1-eth1,0.00,0.00,0.00,0,0,0.00,0.00,0.00,0,0,0.00,0.00,0,0
1508091996,s2-eth2,342.00,0.00,342.00,0,342,1.00,0.00,1.00,0,1,0.00,0.00,0,0
1508091996,s2-eth1,0.00,0.00,0.00,0,0,0.00,0.00,0.00,0,0,0.00,0.00,0,0
1508091996,lo,344.00,344.00,688.00,344,344,6.00,6.00,12.00,6,6,0.00,0.00,0,0
1508091996,total,686.00,344.00,1030.00,344,686,7.00,6.00,13.00,6,7,0.00,0.00,0,0
1508091997,s1,0.00,41.96,41.96,42,0,0.00,1.00,1.00,1,0,0.00,0.00,0,0
1508091997,eth0,0.00,0.00,0.00,0,0,0.00,0.00,0.00,0,0,0.00,0.00,0,0
1508091997,eth1,0.00,0.00,0.00,0,0,0.00,0.00,0.00,0,0,0.00,0.00,0,0
1508091997,s2,0.00,83.92,83.92,84,0,0.00,2.00,2.00,2,0,0.00,0.00,0,0
1508091997,s1-eth2,11830.17,258031.97,269862.16,258290,11842,150.85,180.82,331.67,181,151,0.00,0.00,0,0
1508091997,s1-eth1,230807.20,11916.08,242723.28,11928,231038,162.84,151.85,314.69,152,163,0.00,0.00,0,0
1508091997,s2-eth2,0.00,83.92,83.92,84,0,0.00,2.00,2.00,2,0,0.00,0.00,0,0
1508091997,s2-eth1,41.96,0.00,41.96,0,42,1.00,0.00,1.00,0,1,0.00,0.00,0,0
1508091997,lo,3752.25,3752.25,7504.50,3756,3756,32.97,32.97,65.93,33,33,0.00,0.00,0,0
1508091997,total,246431.58,273910.09,520341.69,274184,246678,347.65,370.63,718.28,371,348,0.00,0.00,0,0
1508091998,s1,0.00,42.00,42.00,42,0,0.00,1.00,1.00,1,0,0.00,0.00,0,0
1508091998,eth0,0.00,0.00,0.00,0,0,0.00,0.00,0.00,0,0,0.00,0.00,0,0
1508091998,eth1,0.00,0.00,0.00,0,0,0.00,0.00,0.00,0,0,0.00,0.00,0,0
1508091998,s2,0.00,84.00,84.00,84,0,0.00,2.00,2.00,2,0,0.00,0.00,0,0
1508091998,s1-eth2,12894.00,240768.00,253662.00,240768,12894,161.00,160.00,321.00,160,161,0.00,0.00,0,0
1508091998,s1-eth1,249959.00,12882.00,262841.00,12882,249959,167.00,161.00,328.00,161,167,0.00,0.00,0,0
1508091998,s2-eth2,2204.00,106240.00,108444.00,106240,2204,30.00,74.00,104.00,74,30,0.00,0.00,0,0
1508091998,s2-eth1,62334.00,2204.00,64538.00,2204,62334,45.00,30.00,75.00,30,45,0.00,0.00,0,0
1508091998,lo,1700.00,1700.00,3400.00,1700,1700,18.00,18.00,36.00,18,18,0.00,0.00,0,0
1508091998,total,329091.00,363920.00,693011.00,363920,329091,421.00,446.00,867.00,446,421,0.00,0.00,0,0
1508091999,s1,0.00,42.00,42.00,42,0,0.00,1.00,1.00,1,0,0.00,0.00,0,0
1508091999,eth0,0.00,0.00,0.00,0,0,0.00,0.00,0.00,0,0,0.00,0.00,0,0
1508091999,eth1,0.00,0.00,0.00,0,0,0.00,0.00,0.00,0,0,0.00,0.00,0,0
1508091999,s2,0.00,42.00,42.00,42,0,0.00,1.00,1.00,1,0,0.00,0.00,0,0
1508091999,s1-eth2,12731.00,264992.00,277723.00,264992,12731,165.00,176.00,341.00,176,165,0.00,0.00,0,0
1508091999,s1-eth1,250152.00,12550.00,262702.00,12550,250152,166.00,163.00,329.00,163,166,0.00,0.00,0,0
1508091999,s2-eth2,10937.00,174152.00,185089.00,174152,10937,128.00,116.00,244.00,116,128,0.00,0.00,0,0
1508091999,s2-eth1,196969.00,10830.00,207799.00,10830,196969,132.00,127.00,259.00,127,132,0.00,0.00,0,0
1508091999,lo,480.00,480.00,960.00,480,480,6.00,6.00,12.00,6,6,0.00,0.00,0,0
1508091999,total,471269.00,463088.00,934357.00,463088,471269,597.00,590.00,1187.00,590,597,0.00,0.00,0,0
1508092000,s1,0.00,41.96,41.96,42,0,0.00,1.00,1.00,1,0,0.00,0.00,0,0
1508092000,eth0,0.00,0.00,0.00,0,0,0.00,0.00,0.00,0,0,0.00,0.00,0,0
1508092000,eth1,0.00,0.00,0.00,0,0,0.00,0.00,0.00,0,0,0.00,0.00,0,0
1508092000,s2,0.00,41.96,41.96,42,0,0.00,1.00,1.00,1,0,0.00,0.00,0,0
1508092000,s1-eth2,12313.69,255652.36,267966.03,255908,12326,162.84,169.83,332.67,170,163,0.00,0.00,0,0
1508092000,s1-eth1,249602.41,12313.69,261916.09,12326,249852,165.83,162.84,328.67,163,166,0.00,0.00,0,0
1508092000,s2-eth2,4623.38,102891.11,107514.49,102994,4628,57.94,68.93,126.87,69,58,0.00,0.00,0,0
1508092000,s2-eth1,104403.60,4697.30,109100.90,4702,104508,69.93,58.94,128.87,59,70,0.00,0.00,0,0
1508092000,lo,479.52,479.52,959.04,480,480,5.99,5.99,11.99,6,6,0.00,0.00,0,0
1508092000,total,371422.59,376117.91,747540.50,376494,371794,462.54,468.53,931.07,469,463,0.00,0.00,0,0
1508092001,s1,0.00,41.96,41.96,42,0,0.00,1.00,1.00,1,0,0.00,0.00,0,0
1508092001,eth0,0.00,0.00,0.00,0,0,0.00,0.00,0.00,0,0,0.00,0.00,0,0
1508092001,eth1,0.00,0.00,0.00,0,0,0.00,0.00,0.00,0,0,0.00,0.00,0,0
1508092001,s2,0.00,41.96,41.96,42,0,0.00,1.00,1.00,1,0,0.00,0.00,0,0
1508092001,s1-eth2,12087.91,255652.36,267740.28,255908,12100,159.84,169.83,329.67,170,160,0.00,0.00,0,0
1508092001,s1-eth1,249602.41,12161.84,261764.25,12174,249852,165.83,160.84,326.67,161,166,0.00,0.00,0,0
1508092001,s2-eth2,3926.07,104403.60,108329.67,104508,3930,50.95,69.93,120.88,70,51,0.00,0.00,0,0
1508092001,s2-eth1,101378.62,3852.15,105230.77,3856,101480,67.93,49.95,117.88,50,68,0.00,0.00,0,0
1508092001,lo,479.52,479.52,959.04,480,480,5.99,5.99,11.99,6,6,0.00,0.00,0,0
1508092001,total,367474.53,376633.38,744107.94,377010,367842,450.55,458.54,909.09,459,451,0.00,0.00,0,0
1508092002,s1,0.00,42.00,42.00,42,0,0.00,1.00,1.00,1,0,0.00,0.00,0,0
1508092002,eth0,0.00,0.00,0.00,0,0,0.00,0.00,0.00,0,0,0.00,0.00,0,0
1508092002,eth1,0.00,0.00,0.00,0,0,0.00,0.00,0.00,0,0,0.00,0.00,0,0
1508092002,s2,0.00,42.00,42.00,42,0,0.00,1.00,1.00,1,0,0.00,0.00,0,0
1508092002,s1-eth2,12874.00,249852.00,262726.00,249852,12874,163.00,166.00,329.00,166,163,0.00,0.00,0,0
1508092002,s1-eth1,251366.00,12532.00,263898.00,12532,251366,167.00,162.00,329.00,162,167,0.00,0.00,0,0
1508092002,s2-eth2,4290.00,96938.00,101228.00,96938,4290,55.00,65.00,120.00,65,55,0.00,0.00,0,0
1508092002,s2-eth1,95424.00,4290.00,99714.00,4290,95424,64.00,55.00,119.00,55,64,0.00,0.00,0,0
1508092002,lo,480.00,480.00,960.00,480,480,6.00,6.00,12.00,6,6,0.00,0.00,0,0
1508092002,total,364434.00,364176.00,728610.00,364176,364434,455.00,456.00,911.00,456,455,0.00,0.00,0,0
1508092003,s1,0.00,0.00,0.00,0,0,0.00,0.00,0.00,0,0,0.00,0.00,0,0
1508092003,eth0,0.00,0.00,0.00,0,0,0.00,0.00,0.00,0,0,0.00,0.00,0,0
1508092003,eth1,0.00,0.00,0.00,0,0,0.00,0.00,0.00,0,0,0.00,0.00,0,0
1508092003,s2,0.00,0.00,0.00,0,0,0.00,0.00,0.00,0,0,0.00,0.00,0,0
1508092003,s1-eth2,12151.85,258635.38,270787.22,258894,12164,159.84,170.83,330.67,171,160,0.00,0.00,0,0
1508092003,s1-eth1,249560.45,12077.92,261638.38,12090,249810,164.84,158.84,323.68,159,165,0.00,0.00,0,0
1508092003,s2-eth2,4221.78,102849.16,107070.93,102952,4226,54.95,67.93,122.88,68,55,0.00,0.00,0,0
1508092003,s2-eth1,102849.16,4221.78,107070.93,4226,102952,67.93,54.95,122.88,55,68,0.00,0.00,0,0
1508092003,lo,0.00,0.00,0.00,0,0,0.00,0.00,0.00,0,0,0.00,0.00,0,0
1508092003,total,368783.22,377784.22,746567.44,378162,369152,447.55,452.55,900.10,453,448,0.00,0.00,0,0
1508092004,s1,0.00,0.00,0.00,0,0,0.00,0.00,0.00,0,0,0.00,0.00,0,0
1508092004,eth0,0.00,0.00,0.00,0,0,0.00,0.00,0.00,0,0,0.00,0.00,0,0
1508092004,eth1,0.00,0.00,0.00,0,0,0.00,0.00,0.00,0,0,0.00,0.00,0,0
1508092004,s2,0.00,0.00,0.00,0,0,0.00,0.00,0.00,0,0,0.00,0.00,0,0
1508092004,s1-eth2,11822.18,257122.89,268945.06,257380,11834,156.84,169.83,326.67,170,157,0.00,0.00,0,0
1508092004,s1-eth1,249560.45,11822.18,261382.62,11834,249810,164.84,156.84,321.68,157,165,0.00,0.00,0,0
1508092004,s2-eth2,3864.14,113436.57,117300.70,113550,3868,47.95,74.93,122.88,75,48,0.00,0.00,0,0
1508092004,s2-eth1,108899.10,3522.48,112421.58,3526,109008,71.93,46.95,118.88,47,72,0.00,0.00,0,0
1508092004,lo,0.00,0.00,0.00,0,0,0.00,0.00,0.00,0,0,0.00,0.00,0,0
1508092004,total,374145.88,385904.09,760050.00,386290,374520,441.56,448.55,890.11,449,442,0.00,0.00,0,0
1508092005,s1,0.00,0.00,0.00,0,0,0.00,0.00,0.00,0,0,0.00,0.00,0,0
1508092005,eth0,0.00,0.00,0.00,0,0,0.00,0.00,0.00,0,0,0.00,0.00,0,0
1508092005,eth1,0.00,0.00,0.00,0,0,0.00,0.00,0.00,0,0,0.00,0.00,0,0
1508092005,s2,0.00,0.00,0.00,0,0,0.00,0.00,0.00,0,0,0.00,0.00,0,0
1508092005,s1-eth2,12438.00,246782.00,259220.00,246782,12438,161.00,163.00,324.00,163,161,0.00,0.00,0,0
1508092005,s1-eth1,249810.00,12438.00,262248.00,12438,249810,165.00,161.00,326.00,161,165,0.00,0.00,0,0
1508092005,s2-eth2,3218.00,57532.00,60750.00,57532,3218,39.00,38.00,77.00,38,39,0.00,0.00,0,0
1508092005,s2-eth1,54504.00,3218.00,57722.00,3218,54504,36.00,39.00,75.00,39,36,0.00,0.00,0,0
1508092005,lo,0.00,0.00,0.00,0,0,0.00,0.00,0.00,0,0,0.00,0.00,0,0
1508092005,total,319970.00,319970.00,639940.00,319970,319970,401.00,401.00,802.00,401,401,0.00,0.00,0,0
1508092006,s1,0.00,0.00,0.00,0,0,0.00,0.00,0.00,0,0,0.00,0.00,0,0
1508092006,eth0,0.00,0.00,0.00,0,0,0.00,0.00,0.00,0,0,0.00,0.00,0,0
1508092006,eth1,0.00,0.00,0.00,0,0,0.00,0.00,0.00,0,0,0.00,0.00,0,0
1508092006,s2,0.00,0.00,0.00,0,0,0.00,0.00,0.00,0,0,0.00,0.00,0,0
1508092006,s1-eth2,12546.00,260408.00,272954.00,260408,12546,161.00,172.00,333.00,172,161,0.00,0.00,0,0
1508092006,s1-eth1,251324.00,12546.00,263870.00,12546,251324,166.00,161.00,327.00,161,166,0.00,0.00,0,0
1508092006,s2-eth2,2428.00,57532.00,59960.00,57532,2428,32.00,38.00,70.00,38,32,0.00,0.00,0,0
1508092006,s2-eth1,56018.00,2428.00,58446.00,2428,56018,37.00,32.00,69.00,32,37,0.00,0.00,0,0
1508092006,lo,0.00,0.00,0.00,0,0,0.00,0.00,0.00,0,0,0.00,0.00,0,0
1508092006,total,322316.00,332914.00,655230.00,332914,322316,396.00,403.00,799.00,403,396,0.00,0.00,0,0
1508092007,s1,0.00,0.00,0.00,0,0,0.00,0.00,0.00,0,0,0.00,0.00,0,0
1508092007,eth0,0.00,0.00,0.00,0,0,0.00,0.00,0.00,0,0,0.00,0.00,0,0
1508092007,eth1,0.00,0.00,0.00,0,0,0.00,0.00,0.00,0,0,0.00,0.00,0,0
1508092007,s2,0.00,0.00,0.00,0,0,0.00,0.00,0.00,0,0,0.00,0.00,0,0
1508092007,s1-eth2,11924.00,263478.00,275402.00,263478,11924,158.00,175.00,333.00,175,158,0.00,0.00,0,0
1508092007,s1-eth1,249852.00,11924.00,261776.00,11924,249852,166.00,158.00,324.00,158,166,0.00,0.00,0,0
1508092007,s2-eth2,2210.00,66658.00,68868.00,66658,2210,29.00,45.00,74.00,45,29,0.00,0.00,0,0
1508092007,s2-eth1,68172.00,2210.00,70382.00,2210,68172,46.00,29.00,75.00,29,46,0.00,0.00,0,0
1508092007,lo,1232.00,1232.00,2464.00,1232,1232,15.00,15.00,30.00,15,15,0.00,0.00,0,0
1508092007,total,333390.00,345502.00,678892.00,345502,333390,414.00,422.00,836.00,422,414,0.00,0.00,0,0
1508092008,s1,0.00,0.00,0.00,0,0,0.00,0.00,0.00,0,0,0.00,0.00,0,0
1508092008,eth0,0.00,0.00,0.00,0,0,0.00,0.00,0.00,0,0,0.00,0.00,0,0
1508092008,eth1,0.00,0.00,0.00,0,0,0.00,0.00,0.00,0,0,0.00,0.00,0,0
1508092008,s2,0.00,0.00,0.00,0,0,0.00,0.00,0.00,0,0,0.00,0.00,0,0
1508092008,s1-eth2,12140.00,252838.00,264978.00,252838,12140,160.00,167.00,327.00,167,160,0.00,0.00,0,0
1508092008,s1-eth1,249810.00,12140.00,261950.00,12140,249810,165.00,160.00,325.00,160,165,0.00,0.00,0,0
1508092008,s2-eth2,3054.00,65102.00,68156.00,65102,3054,39.00,43.00,82.00,43,39,0.00,0.00,0,0
1508092008,s2-eth1,60560.00,3054.00,63614.00,3054,60560,40.00,39.00,79.00,39,40,0.00,0.00,0,0
1508092008,lo,0.00,0.00,0.00,0,0,0.00,0.00,0.00,0,0,0.00,0.00,0,0
1508092008,total,325564.00,333134.00,658698.00,333134,325564,404.00,409.00,813.00,409,404,0.00,0.00,0,0
1508092009,s1,0.00,0.00,0.00,0,0,0.00,0.00,0.00,0,0,0.00,0.00,0,0
1508092009,eth0,0.00,0.00,0.00,0,0,0.00,0.00,0.00,0,0,0.00,0.00,0,0
1508092009,eth1,0.00,0.00,0.00,0,0,0.00,0.00,0.00,0,0,0.00,0.00,0,0
1508092009,s2,0.00,0.00,0.00,0,0,0.00,0.00,0.00,0,0,0.00,0.00,0,0
1508092009,s1-eth2,12168.00,255866.00,268034.00,255866,12168,162.00,169.00,331.00,169,162,0.00,0.00,0,0
1508092009,s1-eth1,250152.00,12168.00,262320.00,12168,250152,166.00,162.00,328.00,162,166,0.00,0.00,0,0
1508092009,s2-eth2,2638.00,68130.00,70768.00,68130,2638,35.00,45.00,80.00,45,35,0.00,0.00,0,0
1508092009,s2-eth1,69644.00,2638.00,72282.00,2638,69644,46.00,35.00,81.00,35,46,0.00,0.00,0,0
1508092009,lo,0.00,0.00,0.00,0,0,0.00,0.00,0.00,0,0,0.00,0.00,0,0
1508092009,total,334602.00,338802.00,673404.00,338802,334602,409.00,411.00,820.00,411,409,0.00,0.00,0,0
1508092010,s1,0.00,0.00,0.00,0,0,0.00,0.00,0.00,0,0,0.00,0.00,0,0
1508092010,eth0,0.00,0.00,0.00,0,0,0.00,0.00,0.00,0,0,0.00,0.00,0,0
1508092010,eth1,0.00,0.00,0.00,0,0,0.00,0.00,0.00,0,0,0.00,0.00,0,0
1508092010,s2,0.00,0.00,0.00,0,0,0.00,0.00,0.00,0,0,0.00,0.00,0,0
1508092010,s1-eth2,12038.00,252838.00,264876.00,252838,12038,157.00,167.00,324.00,167,157,0.00,0.00,0,0
1508092010,s1-eth1,249810.00,12038.00,261848.00,12038,249810,165.00,157.00,322.00,157,165,0.00,0.00,0,0
1508092010,s2-eth2,3968.00,84784.00,88752.00,84784,3968,52.00,56.00,108.00,56,52,0.00,0.00,0,0
1508092010,s2-eth1,75700.00,3968.00,79668.00,3968,75700,50.00,52.00,102.00,52,50,0.00,0.00,0,0
1508092010,lo,0.00,0.00,0.00,0,0,0.00,0.00,0.00,0,0,0.00,0.00,0,0
1508092010,total,341516.00,353628.00,695144.00,353628,341516,424.00,432.00,856.00,432,424,0.00,0.00,0,0
1508092011,s1,0.00,0.00,0.00,0,0,0.00,0.00,0.00,0,0,0.00,0.00,0,0
1508092011,eth0,0.00,0.00,0.00,0,0,0.00,0.00,0.00,0,0,0.00,0.00,0,0
1508092011,eth1,0.00,0.00,0.00,0,0,0.00,0.00,0.00,0,0,0.00,0.00,0,0
1508092011,s2,0.00,0.00,0.00,0,0,0.00,0.00,0.00,0,0,0.00,0.00,0,0
1508092011,s1-eth2,12107.89,257122.89,269230.78,257380,12120,161.84,169.83,331.67,170,162,0.00,0.00,0,0
1508092011,s1-eth1,251072.94,12107.89,263180.81,12120,251324,165.83,161.84,327.67,162,166,0.00,0.00,0,0
1508092011,s2-eth2,3104.90,90749.25,93854.15,90840,3108,41.96,59.94,101.90,60,42,0.00,0.00,0,0
1508092011,s2-eth1,98311.69,3104.90,101416.59,3108,98410,64.94,41.96,106.89,42,65,0.00,0.00,0,0
1508092011,lo,0.00,0.00,0.00,0,0,0.00,0.00,0.00,0,0,0.00,0.00,0,0
1508092011,total,364597.41,363084.94,727682.31,363448,364962,434.57,433.57,868.13,434,435,0.00,0.00,0,0
1508092012,s1,0.00,0.00,0.00,0,0,0.00,0.00,0.00,0,0,0.00,0.00,0,0
1508092012,eth0,0.00,0.00,0.00,0,0,0.00,0.00,0.00,0,0,0.00,0.00,0,0
1508092012,eth1,0.00,0.00,0.00,0,0,0.00,0.00,0.00,0,0,0.00,0.00,0,0
1508092012,s2,0.00,0.00,0.00,0,0,0.00,0.00,0.00,0,0,0.00,0.00,0,0
1508092012,s1-eth2,12112.00,251324.00,263436.00,251324,12112,158.00,166.00,324.00,166,158,0.00,0.00,0,0
1508092012,s1-eth1,249810.00,12112.00,261922.00,12112,249810,165.00,158.00,323.00,158,165,0.00,0.00,0,0
1508092012,s2-eth2,3462.00,92354.00,95816.00,92354,3462,45.00,61.00,106.00,61,45,0.00,0.00,0,0
1508092012,s2-eth1,84784.00,3462.00,88246.00,3462,84784,56.00,45.00,101.00,45,56,0.00,0.00,0,0
1508092012,lo,344.00,344.00,688.00,344,344,6.00,6.00,12.00,6,6,0.00,0.00,0,0
1508092012,total,350512.00,359596.00,710108.00,359596,350512,430.00,436.00,866.00,436,430,0.00,0.00,0,0
1508092013,s1,0.00,0.00,0.00,0,0,0.00,0.00,0.00,0,0,0.00,0.00,0,0
1508092013,eth0,0.00,0.00,0.00,0,0,0.00,0.00,0.00,0,0,0.00,0.00,0,0
1508092013,eth1,0.00,0.00,0.00,0,0,0.00,0.00,0.00,0,0,0.00,0.00,0,0
1508092013,s2,0.00,0.00,0.00,0,0,0.00,0.00,0.00,0,0,0.00,0.00,0,0
1508092013,s1-eth2,12140.00,251324.00,263464.00,251324,12140,160.00,166.00,326.00,166,160,0.00,0.00,0,0
1508092013,s1-eth1,249810.00,12140.00,261950.00,12140,249810,165.00,160.00,325.00,160,165,0.00,0.00,0,0
1508092013,s2-eth2,3820.00,86298.00,90118.00,86298,3820,50.00,57.00,107.00,57,50,0.00,0.00,0,0
1508092013,s2-eth1,89326.00,3820.00,93146.00,3820,89326,59.00,50.00,109.00,50,59,0.00,0.00,0,0
1508092013,lo,0.00,0.00,0.00,0,0,0.00,0.00,0.00,0,0,0.00,0.00,0,0
1508092013,total,355096.00,353582.00,708678.00,353582,355096,434.00,433.00,867.00,433,434,0.00,0.00,0,0
1508092014,s1,0.00,0.00,0.00,0,0,0.00,0.00,0.00,0,0,0.00,0.00,0,0
1508092014,eth0,0.00,0.00,0.00,0,0,0.00,0.00,0.00,0,0,0.00,0.00,0,0
1508092014,eth1,0.00,0.00,0.00,0,0,0.00,0.00,0.00,0,0,0.00,0.00,0,0
1508092014,s2,0.00,0.00,0.00,0,0,0.00,0.00,0.00,0,0,0.00,0.00,0,0
1508092014,s1-eth2,12480.00,252838.00,265318.00,252838,12480,162.00,167.00,329.00,167,162,0.00,0.00,0,0
1508092014,s1-eth1,249810.00,12480.00,262290.00,12480,249810,165.00,162.00,327.00,162,165,0.00,0.00,0,0
1508092014,s2-eth2,3552.00,101438.00,104990.00,101438,3552,48.00,67.00,115.00,67,48,0.00,0.00,0,0
1508092014,s2-eth1,93868.00,3552.00,97420.00,3552,93868,62.00,48.00,110.00,48,62,0.00,0.00,0,0
1508092014,lo,0.00,0.00,0.00,0,0,0.00,0.00,0.00,0,0,0.00,0.00,0,0
1508092014,total,359710.00,370308.00,730018.00,370308,359710,437.00,444.00,881.00,444,437,0.00,0.00,0,0
1508092015,s1,0.00,0.00,0.00,0,0,0.00,0.00,0.00,0,0,0.00,0.00,0,0
1508092015,eth0,456.00,735.00,1191.00,735,456,6.00,6.00,12.00,6,6,0.00,0.00,0,0
1508092015,eth1,0.00,0.00,0.00,0,0,0.00,0.00,0.00,0,0,0.00,0.00,0,0
1508092015,s2,0.00,0.00,0.00,0,0,0.00,0.00,0.00,0,0,0.00,0.00,0,0
1508092015,s1-eth2,12854.00,252838.00,265692.00,252838,12854,165.00,167.00,332.00,167,165,0.00,0.00,0,0
1508092015,s1-eth1,250450.00,12214.00,262664.00,12214,250450,169.00,161.00,330.00,161,169,0.00,0.00,0,0
1508092015,s2-eth2,5080.00,124148.00,129228.00,124148,5080,64.00,82.00,146.00,82,64,0.00,0.00,0,0
1508092015,s2-eth1,130844.00,4440.00,135284.00,4440,130844,90.00,60.00,150.00,60,90,0.00,0.00,0,0
1508092015,lo,1023.00,1023.00,2046.00,1023,1023,12.00,12.00,24.00,12,12,0.00,0.00,0,0
1508092015,total,400707.00,395398.00,796105.00,395398,400707,506.00,488.00,994.00,488,506,0.00,0.00,0,0
1508092016,s1,0.00,0.00,0.00,0,0,0.00,0.00,0.00,0,0,0.00,0.00,0,0
1508092016,eth0,760.00,1225.00,1985.00,1225,760,10.00,10.00,20.00,10,10,0.00,0.00,0,0
1508092016,eth1,0.00,0.00,0.00,0,0,0.00,0.00,0.00,0,0,0.00,0.00,0,0
1508092016,s2,0.00,0.00,0.00,0,0,0.00,0.00,0.00,0,0,0.00,0.00,0,0
1508092016,s1-eth2,12789.00,242240.00,255029.00,242240,12789,158.00,160.00,318.00,160,158,0.00,0.00,0,0
1508092016,s1-eth1,234920.00,11700.00,246620.00,11700,234920,158.00,150.00,308.00,150,158,0.00,0.00,0,0
1508092016,s2-eth2,6421.00,136260.00,142681.00,136260,6421,78.00,90.00,168.00,90,78,0.00,0.00,0,0
1508092016,s2-eth1,133497.00,5532.00,139029.00,5532,133497,97.00,72.00,169.00,72,97,0.00,0.00,0,0
1508092016,lo,1705.00,1705.00,3410.00,1705,1705,20.00,20.00,40.00,20,20,0.00,0.00,0,0
1508092016,total,390092.00,398662.00,788754.00,398662,390092,521.00,502.00,1023.00,502,521,0.00,0.00,0,0
1508092017,s1,0.00,0.00,0.00,0,0,0.00,0.00,0.00,0,0,0.00,0.00,0,0
1508092017,eth0,152.00,245.00,397.00,245,152,2.00,2.00,4.00,2,2,0.00,0.00,0,0
1508092017,eth1,0.00,0.00,0.00,0,0,0.00,0.00,0.00,0,0,0.00,0.00,0,0
1508092017,s2,0.00,0.00,0.00,0,0,0.00,0.00,0.00,0,0,0.00,0.00,0,0
1508092017,s1-eth2,13064.00,257380.00,270444.00,257380,13064,160.00,170.00,330.00,170,160,0.00,0.00,0,0
1508092017,s1-eth1,251666.00,12026.00,263692.00,12026,251666,173.00,157.00,330.00,157,173,0.00,0.00,0,0
1508092017,s2-eth2,6134.00,151400.00,157534.00,151400,6134,71.00,100.00,171.00,100,71,0.00,0.00,0,0
1508092017,s2-eth1,149073.00,4810.00,153883.00,4810,149073,101.00,65.00,166.00,65,101,0.00,0.00,0,0
1508092017,lo,685.00,685.00,1370.00,685,685,10.00,10.00,20.00,10,10,0.00,0.00,0,0
1508092017,total,420774.00,426546.00,847320.00,426546,420774,517.00,504.00,1021.00,504,517,0.00,0.00,0,0
1508092018,s1,0.00,0.00,0.00,0,0,0.00,0.00,0.00,0,0,0.00,0.00,0,0
1508092018,eth0,0.00,0.00,0.00,0,0,0.00,0.00,0.00,0,0,0.00,0.00,0,0
1508092018,eth1,0.00,0.00,0.00,0,0,0.00,0.00,0.00,0,0,0.00,0.00,0,0
1508092018,s2,0.00,0.00,0.00,0,0,0.00,0.00,0.00,0,0,0.00,0.00,0,0
1508092018,s1-eth2,13076.00,261922.00,274998.00,261922,13076,161.00,173.00,334.00,173,161,0.00,0.00,0,0
1508092018,s1-eth1,245984.00,12054.00,258038.00,12054,245984,165.00,157.00,322.00,157,165,0.00,0.00,0,0
1508092018,s2-eth2,5506.00,134746.00,140252.00,134746,5506,62.00,89.00,151.00,89,62,0.00,0.00,0,0
1508092018,s2-eth1,139957.00,4570.00,144527.00,4570,139957,94.00,59.00,153.00,59,94,0.00,0.00,0,0
1508092018,lo,0.00,0.00,0.00,0,0,0.00,0.00,0.00,0,0,0.00,0.00,0,0
1508092018,total,404523.00,413292.00,817815.00,413292,404523,482.00,478.00,960.00,478,482,0.00,0.00,0,0
1508092019,s1,0.00,0.00,0.00,0,0,0.00,0.00,0.00,0,0,0.00,0.00,0,0
1508092019,eth0,0.00,0.00,0.00,0,0,0.00,0.00,0.00,0,0,0.00,0.00,0,0
1508092019,eth1,0.00,0.00,0.00,0,0,0.00,0.00,0.00,0,0,0.00,0.00,0,0
1508092019,s2,0.00,0.00,0.00,0,0,0.00,0.00,0.00,0,0,0.00,0.00,0,0
1508092019,s1-eth2,12515.00,263436.00,275951.00,263436,12515,163.00,174.00,337.00,174,163,0.00,0.00,0,0
1508092019,s1-eth1,250137.00,12408.00,262545.00,12408,250137,166.00,162.00,328.00,162,166,0.00,0.00,0,0
1508092019,s2-eth2,5061.00,148372.00,153433.00,148372,5061,66.00,98.00,164.00,98,66,0.00,0.00,0,0
1508092019,s2-eth1,145718.00,4954.00,150672.00,4954,145718,98.00,65.00,163.00,65,98,0.00,0.00,0,0
1508092019,lo,0.00,0.00,0.00,0,0,0.00,0.00,0.00,0,0,0.00,0.00,0,0
1508092019,total,413431.00,429170.00,842601.00,429170,413431,493.00,499.00,992.00,499,493,0.00,0.00,0,0
1508092020,s1,0.00,0.00,0.00,0,0,0.00,0.00,0.00,0,0,0.00,0.00,0,0
1508092020,eth0,60.00,60.00,120.00,60,60,1.00,1.00,2.00,1,1,0.00,0.00,0,0
1508092020,eth1,0.00,0.00,0.00,0,0,0.00,0.00,0.00,0,0,0.00,0.00,0,0
1508092020,s2,0.00,0.00,0.00,0,0,0.00,0.00,0.00,0,0,0.00,0.00,0,0
1508092020,s1-eth2,12826.00,254352.00,267178.00,254352,12826,162.00,168.00,330.00,168,162,0.00,0.00,0,0
1508092020,s1-eth1,250254.00,12162.00,262416.00,12162,250254,168.00,159.00,327.00,159,168,0.00,0.00,0,0
1508092020,s2-eth2,6340.00,130204.00,136544.00,130204,6340,75.00,86.00,161.00,86,75,0.00,0.00,0,0
1508092020,s2-eth1,121517.00,5676.00,127193.00,5676,121517,82.00,72.00,154.00,72,82,0.00,0.00,0,0
1508092020,lo,0.00,0.00,0.00,0,0,0.00,0.00,0.00,0,0,0.00,0.00,0,0
1508092020,total,390997.00,402454.00,793451.00,402454,390997,488.00,486.00,974.00,486,488,0.00,0.00,0,0
1508092021,s1,0.00,0.00,0.00,0,0,0.00,0.00,0.00,0,0,0.00,0.00,0,0
1508092021,eth0,0.00,0.00,0.00,0,0,0.00,0.00,0.00,0,0,0.00,0.00,0,0
1508092021,eth1,0.00,0.00,0.00,0,0,0.00,0.00,0.00,0,0,0.00,0.00,0,0
1508092021,s2,0.00,0.00,0.00,0,0,0.00,0.00,0.00,0,0,0.00,0.00,0,0
1508092021,s1-eth2,12154.00,254352.00,266506.00,254352,12154,155.00,168.00,323.00,168,155,0.00,0.00,0,0
1508092021,s1-eth1,250137.00,11812.00,261949.00,11812,250137,166.00,154.00,320.00,154,166,0.00,0.00,0,0
1508092021,s2-eth2,4514.00,113550.00,118064.00,113550,4514,61.00,75.00,136.00,75,61,0.00,0.00,0,0
1508092021,s2-eth1,124148.00,4514.00,128662.00,4514,124148,82.00,61.00,143.00,61,82,0.00,0.00,0,0
1508092021,lo,0.00,0.00,0.00,0,0,0.00,0.00,0.00,0,0,0.00,0.00,0,0
1508092021,total,390953.00,384228.00,775181.00,384228,390953,464.00,458.00,922.00,458,464,0.00,0.00,0,0
1508092022,s1,0.00,0.00,0.00,0,0,0.00,0.00,0.00,0,0,0.00,0.00,0,0
1508092022,eth0,0.00,0.00,0.00,0,0,0.00,0.00,0.00,0,0,0.00,0.00,0,0
1508092022,eth1,0.00,0.00,0.00,0,0,0.00,0.00,0.00,0,0,0.00,0.00,0,0
1508092022,s2,0.00,0.00,0.00,0,0,0.00,0.00,0.00,0,0,0.00,0.00,0,0
1508092022,s1-eth2,12300.00,257380.00,269680.00,257380,12300,162.00,170.00,332.00,170,162,0.00,0.00,0,0
1508092022,s1-eth1,249810.00,12300.00,262110.00,12300,249810,165.00,162.00,327.00,162,165,0.00,0.00,0,0
1508092022,s2-eth2,5246.00,122634.00,127880.00,122634,5246,65.00,81.00,146.00,81,65,0.00,0.00,0,0
1508092022,s2-eth1,115406.00,4904.00,120310.00,4904,115406,77.00,64.00,141.00,64,77,0.00,0.00,0,0
1508092022,lo,344.00,344.00,688.00,344,344,6.00,6.00,12.00,6,6,0.00,0.00,0,0
1508092022,total,383106.00,397562.00,780668.00,397562,383106,475.00,483.00,958.00,483,475,0.00,0.00,0,0
1508092023,s1,0.00,0.00,0.00,0,0,0.00,0.00,0.00,0,0,0.00,0.00,0,0
1508092023,eth0,0.00,0.00,0.00,0,0,0.00,0.00,0.00,0,0,0.00,0.00,0,0
1508092023,eth1,0.00,0.00,0.00,0,0,0.00,0.00,0.00,0,0,0.00,0.00,0,0
1508092023,s2,0.00,0.00,0.00,0,0,0.00,0.00,0.00,0,0,0.00,0.00,0,0
1508092023,s1-eth2,12375.00,252838.00,265213.00,252838,12375,159.00,167.00,326.00,167,159,0.00,0.00,0,0
1508092023,s1-eth1,249810.00,12268.00,262078.00,12268,249810,165.00,158.00,323.00,158,165,0.00,0.00,0,0
1508092023,s2-eth2,4341.00,89326.00,93667.00,89326,4341,54.00,59.00,113.00,59,54,0.00,0.00,0,0
1508092023,s2-eth1,87919.00,4234.00,92153.00,4234,87919,59.00,53.00,112.00,53,59,0.00,0.00,0,0
1508092023,lo,0.00,0.00,0.00,0,0,0.00,0.00,0.00,0,0,0.00,0.00,0,0
1508092023,total,354445.00,358666.00,713111.00,358666,354445,437.00,437.00,874.00,437,437,0.00,0.00,0,0
1508092024,s1,0.00,0.00,0.00,0,0,0.00,0.00,0.00,0,0,0.00,0.00,0,0
1508092024,eth0,0.00,0.00,0.00,0,0,0.00,0.00,0.00,0,0,0.00,0.00,0,0
1508092024,eth1,0.00,0.00,0.00,0,0,0.00,0.00,0.00,0,0,0.00,0.00,0,0
1508092024,s2,0.00,0.00,0.00,0,0,0.00,0.00,0.00,0,0,0.00,0.00,0,0
1508092024,s1-eth2,12270.00,260408.00,272678.00,260408,12270,161.00,172.00,333.00,172,161,0.00,0.00,0,0
1508092024,s1-eth1,250259.00,12200.00,262459.00,12200,250259,167.00,160.00,327.00,160,167,0.00,0.00,0,0
1508092024,s2-eth2,3274.00,71158.00,74432.00,71158,3274,43.00,47.00,90.00,47,43,0.00,0.00,0,0
1508092024,s2-eth1,68200.00,3204.00,71404.00,3204,68200,46.00,42.00,88.00,42,46,0.00,0.00,0,0
1508092024,lo,0.00,0.00,0.00,0,0,0.00,0.00,0.00,0,0,0.00,0.00,0,0
1508092024,total,334003.00,346970.00,680973.00,346970,334003,417.00,421.00,838.00,421,417,0.00,0.00,0,0
1508092025,s1,0.00,0.00,0.00,0,0,0.00,0.00,0.00,0,0,0.00,0.00,0,0
1508092025,eth0,0.00,0.00,0.00,0,0,0.00,0.00,0.00,0,0,0.00,0.00,0,0
1508092025,eth1,0.00,0.00,0.00,0,0,0.00,0.00,0.00,0,0,0.00,0.00,0,0
1508092025,s2,0.00,0.00,0.00,0,0,0.00,0.00,0.00,0,0,0.00,0.00,0,0
1508092025,s1-eth2,12779.22,251072.94,263852.16,251324,12792,161.84,165.83,327.67,166,162,0.00,0.00,0,0
1508092025,s1-eth1,249630.38,12531.47,262161.84,12544,249880,165.83,161.84,327.67,162,166,0.00,0.00,0,0
1508092025,s2-eth2,2631.37,51424.58,54055.95,51476,2634,32.97,33.97,66.93,34,33,0.00,0.00,0,0
1508092025,s2-eth1,52937.06,2631.37,55568.43,2634,52990,34.97,32.97,67.93,33,35,0.00,0.00,0,0
1508092025,lo,0.00,0.00,0.00,0,0,0.00,0.00,0.00,0,0,0.00,0.00,0,0
1508092025,total,317978.03,317660.34,635638.38,317978,318296,395.60,394.61,790.21,395,396,0.00,0.00,0,0
1508092026,s1,0.00,0.00,0.00,0,0,0.00,0.00,0.00,0,0,0.00,0.00,0,0
1508092026,eth0,0.00,0.00,0.00,0,0,0.00,0.00,0.00,0,0,0.00,0.00,0,0
1508092026,eth1,0.00,0.00,0.00,0,0,0.00,0.00,0.00,0,0,0.00,0.00,0,0
1508092026,s2,0.00,0.00,0.00,0,0,0.00,0.00,0.00,0,0,0.00,0.00,0,0
1508092026,s1-eth2,12038.00,266464.00,278502.00,266464,12038,161.00,176.00,337.00,176,161,0.00,0.00,0,0
1508092026,s1-eth1,251324.00,12018.00,263342.00,12018,251324,166.00,161.00,327.00,161,166,0.00,0.00,0,0
1508092026,s2-eth2,2220.00,62074.00,64294.00,62074,2220,30.00,41.00,71.00,41,30,0.00,0.00,0,0
1508092026,s2-eth1,57532.00,2220.00,59752.00,2220,57532,38.00,30.00,68.00,30,38,0.00,0.00,0,0
1508092026,lo,0.00,0.00,0.00,0,0,0.00,0.00,0.00,0,0,0.00,0.00,0,0
1508092026,total,323114.00,342776.00,665890.00,342776,323114,395.00,408.00,803.00,408,395,0.00,0.00,0,0
1508092027,s1,0.00,0.00,0.00,0,0,0.00,0.00,0.00,0,0,0.00,0.00,0,0
1508092027,eth0,0.00,0.00,0.00,0,0,0.00,0.00,0.00,0,0,0.00,0.00,0,0
1508092027,eth1,0.00,0.00,0.00,0,0,0.00,0.00,0.00,0,0,0.00,0.00,0,0
1508092027,s2,0.00,0.00,0.00,0,0,0.00,0.00,0.00,0,0,0.00,0.00,0,0
1508092027,s1-eth2,12576.00,248296.00,260872.00,248296,12576,162.00,164.00,326.00,164,162,0.00,0.00,0,0
1508092027,s1-eth1,249810.00,12502.00,262312.00,12502,249810,165.00,161.00,326.00,161,165,0.00,0.00,0,0
1508092027,s2-eth2,3402.00,80242.00,83644.00,80242,3402,45.00,53.00,98.00,53,45,0.00,0.00,0,0
1508092027,s2-eth1,80242.00,3402.00,83644.00,3402,80242,53.00,45.00,98.00,45,53,0.00,0.00,0,0
1508092027,lo,344.00,344.00,688.00,344,344,6.00,6.00,12.00,6,6,0.00,0.00,0,0
1508092027,total,346374.00,344786.00,691160.00,344786,346374,431.00,429.00,860.00,429,431,0.00,0.00,0,0
1508092028,s1,0.00,0.00,0.00,0,0,0.00,0.00,0.00,0,0,0.00,0.00,0,0
1508092028,eth0,0.00,0.00,0.00,0,0,0.00,0.00,0.00,0,0,0.00,0.00,0,0
1508092028,eth1,0.00,0.00,0.00,0,0,0.00,0.00,0.00,0,0,0.00,0.00,0,0
1508092028,s2,0.00,0.00,0.00,0,0,0.00,0.00,0.00,0,0,0.00,0.00,0,0
1508092028,s1-eth2,11986.01,261660.34,273646.38,261922,11998,156.84,172.83,329.67,173,157,0.00,0.00,0,0
1508092028,s1-eth1,249560.45,11986.01,261546.45,11998,249810,164.84,156.84,321.68,157,165,0.00,0.00,0,0
1508092028,s2-eth2,3078.92,89236.77,92315.69,89326,3082,40.96,58.94,99.90,59,41,0.00,0.00,0,0
1508092028,s2-eth1,86553.45,3078.92,89632.37,3082,86640,57.94,40.96,98.90,41,58,0.00,0.00,0,0
1508092028,lo,0.00,0.00,0.00,0,0,0.00,0.00,0.00,0,0,0.00,0.00,0,0
1508092028,total,351178.84,365962.06,717140.88,366328,351530,420.58,429.57,850.15,430,421,0.00,0.00,0,0
1508092029,s1,0.00,0.00,0.00,0,0,0.00,0.00,0.00,0,0,0.00,0.00,0,0
1508092029,eth0,0.00,0.00,0.00,0,0,0.00,0.00,0.00,0,0,0.00,0.00,0,0
1508092029,eth1,0.00,0.00,0.00,0,0,0.00,0.00,0.00,0,0,0.00,0.00,0,0
1508092029,s2,0.00,0.00,0.00,0,0,0.00,0.00,0.00,0,0,0.00,0.00,0,0
1508092029,s1-eth2,11940.00,254352.00,266292.00,254352,11940,156.00,168.00,324.00,168,156,0.00,0.00,0,0
1508092029,s1-eth1,249810.00,11940.00,261750.00,11940,249810,165.00,156.00,321.00,156,165,0.00,0.00,0,0
1508092029,s2-eth2,4162.00,84784.00,88946.00,84784,4162,53.00,56.00,109.00,56,53,0.00,0.00,0,0
1508092029,s2-eth1,84784.00,4162.00,88946.00,4162,84784,56.00,53.00,109.00,53,56,0.00,0.00,0,0
1508092029,lo,0.00,0.00,0.00,0,0,0.00,0.00,0.00,0,0,0.00,0.00,0,0
1508092029,total,350696.00,355238.00,705934.00,355238,350696,430.00,433.00,863.00,433,430,0.00,0.00,0,0
1508092030,s1,0.00,0.00,0.00,0,0,0.00,0.00,0.00,0,0,0.00,0.00,0,0
1508092030,eth0,0.00,0.00,0.00,0,0,0.00,0.00,0.00,0,0,0.00,0.00,0,0
1508092030,eth1,0.00,0.00,0.00,0,0,0.00,0.00,0.00,0,0,0.00,0.00,0,0
1508092030,s2,0.00,0.00,0.00,0,0,0.00,0.00,0.00,0,0,0.00,0.00,0,0
1508092030,s1-eth2,12353.65,254097.91,266451.56,254352,12366,160.84,167.83,328.67,168,161,0.00,0.00,0,0
1508092030,s1-eth1,251072.94,12353.65,263426.59,12366,251324,165.83,160.84,326.67,161,166,0.00,0.00,0,0
1508092030,s2-eth2,3594.41,81674.33,85268.73,81756,3598,46.95,53.95,100.90,54,47,0.00,0.00,0,0
1508092030,s2-eth1,81674.33,3594.41,85268.73,3598,81756,53.95,46.95,100.90,47,54,0.00,0.00,0,0
1508092030,lo,0.00,0.00,0.00,0,0,0.00,0.00,0.00,0,0,0.00,0.00,0,0
1508092030,total,348695.31,351720.28,700415.62,352072,349044,427.57,429.57,857.14,430,428,0.00,0.00,0,0
1508092031,s1,0.00,0.00,0.00,0,0,0.00,0.00,0.00,0,0,0.00,0.00,0,0
1508092031,eth0,0.00,0.00,0.00,0,0,0.00,0.00,0.00,0,0,0.00,0.00,0,0
1508092031,eth1,0.00,0.00,0.00,0,0,0.00,0.00,0.00,0,0,0.00,0.00,0,0
1508092031,s2,0.00,0.00,0.00,0,0,0.00,0.00,0.00,0,0,0.00,0.00,0,0
1508092031,s1-eth2,12079.00,258894.00,270973.00,258894,12079,161.00,171.00,332.00,171,161,0.00,0.00,0,0
1508092031,s1-eth1,249810.00,11972.00,261782.00,11972,249810,165.00,160.00,325.00,160,165,0.00,0.00,0,0
1508092031,s2-eth2,3237.00,65102.00,68339.00,65102,3237,42.00,43.00,85.00,43,42,0.00,0.00,0,0
1508092031,s2-eth1,62181.00,3130.00,65311.00,3130,62181,42.00,41.00,83.00,41,42,0.00,0.00,0,0
1508092031,lo,0.00,0.00,0.00,0,0,0.00,0.00,0.00,0,0,0.00,0.00,0,0
1508092031,total,327307.00,339098.00,666405.00,339098,327307,410.00,415.00,825.00,415,410,0.00,0.00,0,0
1508092032,s1,0.00,0.00,0.00,0,0,0.00,0.00,0.00,0,0,0.00,0.00,0,0
1508092032,eth0,0.00,0.00,0.00,0,0,0.00,0.00,0.00,0,0,0.00,0.00,0,0
1508092032,eth1,0.00,0.00,0.00,0,0,0.00,0.00,0.00,0,0,0.00,0.00,0,0
1508092032,s2,0.00,0.00,0.00,0,0,0.00,0.00,0.00,0,0,0.00,0.00,0,0
1508092032,s1-eth2,12472.00,248296.00,260768.00,248296,12472,160.00,164.00,324.00,164,160,0.00,0.00,0,0
1508092032,s1-eth1,249917.00,12472.00,262389.00,12472,249917,166.00,160.00,326.00,160,166,0.00,0.00,0,0
1508092032,s2-eth2,3820.00,90840.00,94660.00,90840,3820,48.00,60.00,108.00,60,48,0.00,0.00,0,0
1508092032,s2-eth1,83270.00,3478.00,86748.00,3478,83270,55.00,47.00,102.00,47,55,0.00,0.00,0,0
1508092032,lo,344.00,344.00,688.00,344,344,6.00,6.00,12.00,6,6,0.00,0.00,0,0
1508092032,total,349823.00,355430.00,705253.00,355430,349823,435.00,437.00,872.00,437,435,0.00,0.00,0,0
1508092033,s1,0.00,0.00,0.00,0,0,0.00,0.00,0.00,0,0,0.00,0.00,0,0
1508092033,eth0,0.00,0.00,0.00,0,0,0.00,0.00,0.00,0,0,0.00,0.00,0,0
1508092033,eth1,0.00,0.00,0.00,0,0,0.00,0.00,0.00,0,0,0.00,0.00,0,0
1508092033,s2,0.00,0.00,0.00,0,0,0.00,0.00,0.00,0,0,0.00,0.00,0,0
1508092033,s1-eth2,12454.00,261922.00,274376.00,261922,12454,159.00,173.00,332.00,173,159,0.00,0.00,0,0
1508092033,s1-eth1,249810.00,12112.00,261922.00,12112,249810,165.00,158.00,323.00,158,165,0.00,0.00,0,0
1508092033,s2-eth2,3782.00,86298.00,90080.00,86298,3782,49.00,57.00,106.00,57,49,0.00,0.00,0,0
1508092033,s2-eth1,96896.00,3782.00,100678.00,3782,96896,64.00,49.00,113.00,49,64,0.00,0.00,0,0
1508092033,lo,0.00,0.00,0.00,0,0,0.00,0.00,0.00,0,0,0.00,0.00,0,0
1508092033,total,362942.00,364114.00,727056.00,364114,362942,437.00,437.00,874.00,437,437,0.00,0.00,0,0
1508092034,s1,0.00,0.00,0.00,0,0,0.00,0.00,0.00,0,0,0.00,0.00,0,0
1508092034,eth0,0.00,0.00,0.00,0,0,0.00,0.00,0.00,0,0,0.00,0.00,0,0
1508092034,eth1,0.00,0.00,0.00,0,0,0.00,0.00,0.00,0,0,0.00,0.00,0,0
1508092034,s2,0.00,0.00,0.00,0,0,0.00,0.00,0.00,0,0,0.00,0.00,0,0
1508092034,s1-eth2,12337.66,257122.89,269460.53,257380,12350,162.84,169.83,332.67,170,163,0.00,0.00,0,0
1508092034,s1-eth1,249560.45,12411.59,261972.03,12424,249810,164.84,163.84,328.67,164,165,0.00,0.00,0,0
1508092034,s2-eth2,3382.62,69574.43,72957.05,69644,3386,42.96,45.95,88.91,46,43,0.00,0.00,0,0
1508092034,s2-eth1,63524.48,3382.62,66907.09,3386,63588,41.96,42.96,84.92,43,42,0.00,0.00,0,0
1508092034,lo,0.00,0.00,0.00,0,0,0.00,0.00,0.00,0,0,0.00,0.00,0,0
1508092034,total,328805.22,342491.53,671296.75,342834,329134,412.59,422.58,835.16,423,413,0.00,0.00,0,0
1508092035,s1,0.00,0.00,0.00,0,0,0.00,0.00,0.00,0,0,0.00,0.00,0,0
1508092035,eth0,0.00,0.00,0.00,0,0,0.00,0.00,0.00,0,0,0.00,0.00,0,0
1508092035,eth1,0.00,0.00,0.00,0,0,0.00,0.00,0.00,0,0,0.00,0.00,0,0
1508092035,s2,0.00,0.00,0.00,0,0,0.00,0.00,0.00,0,0,0.00,0.00,0,0
1508092035,s1-eth2,12251.75,255610.39,267862.16,255866,12264,161.84,168.83,330.67,169,162,0.00,0.00,0,0
1508092035,s1-eth1,251072.94,12177.82,263250.75,12190,251324,165.83,160.84,326.67,161,166,0.00,0.00,0,0
1508092035,s2-eth2,3104.90,78649.35,81754.25,78728,3108,41.96,51.95,93.91,52,42,0.00,0.00,0,0
1508092035,s2-eth1,77136.87,3104.90,80241.76,3108,77214,50.95,41.96,92.91,42,51,0.00,0.00,0,0
1508092035,lo,0.00,0.00,0.00,0,0,0.00,0.00,0.00,0,0,0.00,0.00,0,0
1508092035,total,343566.44,349542.47,693108.94,349892,343910,420.58,423.58,844.16,424,421,0.00,0.00,0,0
1508092036,s1,0.00,0.00,0.00,0,0,0.00,0.00,0.00,0,0,0.00,0.00,0,0
1508092036,eth0,0.00,0.00,0.00,0,0,0.00,0.00,0.00,0,0,0.00,0.00,0,0
1508092036,eth1,0.00,0.00,0.00,0,0,0.00,0.00,0.00,0,0,0.00,0.00,0,0
1508092036,s2,0.00,0.00,0.00,0,0,0.00,0.00,0.00,0,0,0.00,0.00,0,0
1508092036,s1-eth2,11716.28,251072.94,262789.22,251324,11728,151.85,165.83,317.68,166,152,0.00,0.00,0,0
1508092036,s1-eth1,249560.45,11716.28,261276.73,11728,249810,164.84,151.85,316.68,152,165,0.00,0.00,0,0
1508092036,s2-eth2,3742.26,89236.77,92979.02,89326,3746,48.95,58.94,107.89,59,49,0.00,0.00,0,0
1508092036,s2-eth1,86211.79,3742.26,89954.05,3746,86298,56.94,48.95,105.89,49,57,0.00,0.00,0,0
1508092036,lo,0.00,0.00,0.00,0,0,0.00,0.00,0.00,0,0,0.00,0.00,0,0
1508092036,total,351230.78,355768.25,706999.00,356124,351582,422.58,425.57,848.15,426,423,0.00,0.00,0,0
1508092037,s1,0.00,0.00,0.00,0,0,0.00,0.00,0.00,0,0,0.00,0.00,0,0
1508092037,eth0,0.00,0.00,0.00,0,0,0.00,0.00,0.00,0,0,0.00,0.00,0,0
1508092037,eth1,0.00,0.00,0.00,0,0,0.00,0.00,0.00,0,0,0.00,0.00,0,0
1508092037,s2,0.00,0.00,0.00,0,0,0.00,0.00,0.00,0,0,0.00,0.00,0,0
1508092037,s1-eth2,12408.00,252838.00,265246.00,252838,12408,162.00,167.00,329.00,167,162,0.00,0.00,0,0
1508092037,s1-eth1,249810.00,12482.00,262292.00,12482,249810,165.00,163.00,328.00,163,165,0.00,0.00,0,0
1508092037,s2-eth2,3410.00,69644.00,73054.00,69644,3410,43.00,46.00,89.00,46,43,0.00,0.00,0,0
1508092037,s2-eth1,63588.00,3410.00,66998.00,3410,63588,42.00,43.00,85.00,43,42,0.00,0.00,0,0
1508092037,lo,344.00,344.00,688.00,344,344,6.00,6.00,12.00,6,6,0.00,0.00,0,0
1508092037,total,329560.00,338718.00,668278.00,338718,329560,418.00,425.00,843.00,425,418,0.00,0.00,0,0
1508092038,s1,0.00,0.00,0.00,0,0,0.00,0.00,0.00,0,0,0.00,0.00,0,0
1508092038,eth0,0.00,0.00,0.00,0,0,0.00,0.00,0.00,0,0,0.00,0.00,0,0
1508092038,eth1,0.00,0.00,0.00,0,0,0.00,0.00,0.00,0,0,0.00,0.00,0,0
1508092038,s2,0.00,0.00,0.00,0,0,0.00,0.00,0.00,0,0,0.00,0.00,0,0
1508092038,s1-eth2,12018.00,261922.00,273940.00,261922,12018,159.00,173.00,332.00,173,159,0.00,0.00,0,0
1508092038,s1-eth1,250152.00,12018.00,262170.00,12018,250152,166.00,159.00,325.00,159,166,0.00,0.00,0,0
1508092038,s2-eth2,2242.00,54504.00,56746.00,54504,2242,29.00,36.00,65.00,36,29,0.00,0.00,0,0
1508092038,s2-eth1,62074.00,2242.00,64316.00,2242,62074,41.00,29.00,70.00,29,41,0.00,0.00,0,0
1508092038,lo,0.00,0.00,0.00,0,0,0.00,0.00,0.00,0,0,0.00,0.00,0,0
1508092038,total,326486.00,330686.00,657172.00,330686,326486,395.00,397.00,792.00,397,395,0.00,0.00,0,0
1508092039,s1,0.00,0.00,0.00,0,0,0.00,0.00,0.00,0,0,0.00,0.00,0,0
1508092039,eth0,0.00,0.00,0.00,0,0,0.00,0.00,0.00,0,0,0.00,0.00,0,0
1508092039,eth1,0.00,0.00,0.00,0,0,0.00,0.00,0.00,0,0,0.00,0.00,0,0
1508092039,s2,0.00,0.00,0.00,0,0,0.00,0.00,0.00,0,0,0.00,0.00,0,0
1508092039,s1-eth2,11880.00,252838.00,264718.00,252838,11880,156.00,167.00,323.00,167,156,0.00,0.00,0,0
1508092039,s1-eth1,251324.00,11806.00,263130.00,11806,251324,166.00,155.00,321.00,155,166,0.00,0.00,0,0
1508092039,s2-eth2,2612.00,63588.00,66200.00,63588,2612,34.00,42.00,76.00,42,34,0.00,0.00,0,0
1508092039,s2-eth1,52990.00,2612.00,55602.00,2612,52990,35.00,34.00,69.00,34,35,0.00,0.00,0,0
1508092039,lo,0.00,0.00,0.00,0,0,0.00,0.00,0.00,0,0,0.00,0.00,0,0
1508092039,total,318806.00,330844.00,649650.00,330844,318806,391.00,398.00,789.00,398,391,0.00,0.00,0,0
1508092040,s1,0.00,0.00,0.00,0,0,0.00,0.00,0.00,0,0,0.00,0.00,0,0
1508092040,eth0,0.00,0.00,0.00,0,0,0.00,0.00,0.00,0,0,0.00,0.00,0,0
1508092040,eth1,0.00,0.00,0.00,0,0,0.00,0.00,0.00,0,0,0.00,0.00,0,0
1508092040,s2,0.00,0.00,0.00,0,0,0.00,0.00,0.00,0,0,0.00,0.00,0,0
1508092040,s1-eth2,11646.00,249810.00,261456.00,249810,11646,153.00,165.00,318.00,165,153,0.00,0.00,0,0
1508092040,s1-eth1,249810.00,11720.00,261530.00,11720,249810,165.00,154.00,319.00,154,165,0.00,0.00,0,0
1508092040,s2-eth2,2464.00,52990.00,55454.00,52990,2464,32.00,35.00,67.00,35,32,0.00,0.00,0,0
1508092040,s2-eth1,62074.00,2464.00,64538.00,2464,62074,41.00,32.00,73.00,32,41,0.00,0.00,0,0
1508092040,lo,0.00,0.00,0.00,0,0,0.00,0.00,0.00,0,0,0.00,0.00,0,0
1508092040,total,325994.00,316984.00,642978.00,316984,325994,391.00,386.00,777.00,386,391,0.00,0.00,0,0
1508092041,s1,0.00,0.00,0.00,0,0,0.00,0.00,0.00,0,0,0.00,0.00,0,0
1508092041,eth0,0.00,0.00,0.00,0,0,0.00,0.00,0.00,0,0,0.00,0.00,0,0
1508092041,eth1,0.00,0.00,0.00,0,0,0.00,0.00,0.00,0,0,0.00,0.00,0,0
1508092041,s2,0.00,0.00,0.00,0,0,0.00,0.00,0.00,0,0,0.00,0.00,0,0
1508092041,s1-eth2,12231.77,258677.33,270909.09,258936,12244,157.84,171.83,329.67,172,158,0.00,0.00,0,0
1508092041,s1-eth1,249602.41,12157.84,261760.25,12170,249852,165.83,156.84,322.68,157,166,0.00,0.00,0,0
1508092041,s2-eth2,2217.78,72599.41,74817.19,72672,2220,29.97,47.95,77.92,48,30,0.00,0.00,0,0
1508092041,s2-eth1,63866.14,2217.78,66083.91,2220,63930,42.96,29.97,72.93,30,43,0.00,0.00,0,0
1508092041,lo,0.00,0.00,0.00,0,0,0.00,0.00,0.00,0,0,0.00,0.00,0,0
1508092041,total,327918.09,345652.34,673570.44,345998,328246,396.60,406.59,803.20,407,397,0.00,0.00,0,0
1508092042,s1,0.00,0.00,0.00,0,0,0.00,0.00,0.00,0,0,0.00,0.00,0,0
1508092042,eth0,0.00,0.00,0.00,0,0,0.00,0.00,0.00,0,0,0.00,0.00,0,0
1508092042,eth1,0.00,0.00,0.00,0,0,0.00,0.00,0.00,0,0,0.00,0.00,0,0
1508092042,s2,0.00,0.00,0.00,0,0,0.00,0.00,0.00,0,0,0.00,0.00,0,0
1508092042,s1-eth2,12498.00,257380.00,269878.00,257380,12498,163.00,170.00,333.00,170,163,0.00,0.00,0,0
1508092042,s1-eth1,249810.00,12498.00,262308.00,12498,249810,165.00,163.00,328.00,163,165,0.00,0.00,0,0
1508092042,s2-eth2,2664.00,83270.00,85934.00,83270,2664,36.00,55.00,91.00,55,36,0.00,0.00,0,0
1508092042,s2-eth1,87812.00,2664.00,90476.00,2664,87812,58.00,36.00,94.00,36,58,0.00,0.00,0,0
1508092042,lo,344.00,344.00,688.00,344,344,6.00,6.00,12.00,6,6,0.00,0.00,0,0
1508092042,total,353128.00,356156.00,709284.00,356156,353128,428.00,430.00,858.00,430,428,0.00,0.00,0,0
1508092043,s1,0.00,0.00,0.00,0,0,0.00,0.00,0.00,0,0,0.00,0.00,0,0
1508092043,eth0,0.00,0.00,0.00,0,0,0.00,0.00,0.00,0,0,0.00,0.00,0,0
1508092043,eth1,0.00,0.00,0.00,0,0,0.00,0.00,0.00,0,0,0.00,0.00,0,0
1508092043,s2,0.00,0.00,0.00,0,0,0.00,0.00,0.00,0,0,0.00,0.00,0,0
1508092043,s1-eth2,12332.00,258894.00,271226.00,258894,12332,160.00,171.00,331.00,171,160,0.00,0.00,0,0
1508092043,s1-eth1,251324.00,12406.00,263730.00,12406,251324,166.00,161.00,327.00,161,166,0.00,0.00,0,0
1508092043,s2-eth2,4372.00,90840.00,95212.00,90840,4372,56.00,60.00,116.00,60,56,0.00,0.00,0,0
1508092043,s2-eth1,81756.00,4372.00,86128.00,4372,81756,54.00,56.00,110.00,56,54,0.00,0.00,0,0
1508092043,lo,0.00,0.00,0.00,0,0,0.00,0.00,0.00,0,0,0.00,0.00,0,0
1508092043,total,349784.00,366512.00,716296.00,366512,349784,436.00,448.00,884.00,448,436,0.00,0.00,0,0
1508092044,s1,0.00,0.00,0.00,0,0,0.00,0.00,0.00,0,0,0.00,0.00,0,0
1508092044,eth0,0.00,0.00,0.00,0,0,0.00,0.00,0.00,0,0,0.00,0.00,0,0
1508092044,eth1,0.00,0.00,0.00,0,0,0.00,0.00,0.00,0,0,0.00,0.00,0,0
1508092044,s2,0.00,0.00,0.00,0,0,0.00,0.00,0.00,0,0,0.00,0.00,0,0
1508092044,s1-eth2,12348.00,258894.00,271242.00,258894,12348,162.00,171.00,333.00,171,162,0.00,0.00,0,0
1508092044,s1-eth1,249810.00,12274.00,262084.00,12274,249810,165.00,161.00,326.00,161,165,0.00,0.00,0,0
1508092044,s2-eth2,3200.00,80242.00,83442.00,80242,3200,42.00,53.00,95.00,53,42,0.00,0.00,0,0
1508092044,s2-eth1,84784.00,3200.00,87984.00,3200,84784,56.00,42.00,98.00,42,56,0.00,0.00,0,0
1508092044,lo,0.00,0.00,0.00,0,0,0.00,0.00,0.00,0,0,0.00,0.00,0,0
1508092044,total,350142.00,354610.00,704752.00,354610,350142,425.00,427.00,852.00,427,425,0.00,0.00,0,0
1508092045,s1,0.00,0.00,0.00,0,0,0.00,0.00,0.00,0,0,0.00,0.00,0,0
1508092045,eth0,0.00,0.00,0.00,0,0,0.00,0.00,0.00,0,0,0.00,0.00,0,0
1508092045,eth1,0.00,0.00,0.00,0,0,0.00,0.00,0.00,0,0,0.00,0.00,0,0
1508092045,s2,0.00,0.00,0.00,0,0,0.00,0.00,0.00,0,0,0.00,0.00,0,0
1508092045,s1-eth2,12574.00,261922.00,274496.00,261922,12574,163.00,173.00,336.00,173,163,0.00,0.00,0,0
1508092045,s1-eth1,249810.00,12574.00,262384.00,12574,249810,165.00,163.00,328.00,163,165,0.00,0.00,0,0
1508092045,s2-eth2,3524.00,98410.00,101934.00,98410,3524,46.00,65.00,111.00,65,46,0.00,0.00,0,0
1508092045,s2-eth1,95382.00,3524.00,98906.00,3524,95382,63.00,46.00,109.00,46,63,0.00,0.00,0,0
1508092045,lo,0.00,0.00,0.00,0,0,0.00,0.00,0.00,0,0,0.00,0.00,0,0
1508092045,total,361290.00,376430.00,737720.00,376430,361290,437.00,447.00,884.00,447,437,0.00,0.00,0,0
1508092046,s1,0.00,0.00,0.00,0,0,0.00,0.00,0.00,0,0,0.00,0.00,0,0
1508092046,eth0,0.00,0.00,0.00,0,0,0.00,0.00,0.00,0,0,0.00,0.00,0,0
1508092046,eth1,0.00,0.00,0.00,0,0,0.00,0.00,0.00,0,0,0.00,0.00,0,0
1508092046,s2,0.00,0.00,0.00,0,0,0.00,0.00,0.00,0,0,0.00,0.00,0,0
1508092046,s1-eth2,12215.78,255610.39,267826.19,255866,12228,161.84,168.83,330.67,169,162,0.00,0.00,0,0
1508092046,s1-eth1,249560.45,12215.78,261776.23,12228,249810,164.84,161.84,326.67,162,165,0.00,0.00,0,0
1508092046,s2-eth2,4449.55,86211.79,90661.34,86298,4454,52.95,56.94,109.89,57,53,0.00,0.00,0,0
1508092046,s2-eth1,81674.33,4181.82,85856.15,4186,81756,53.95,52.95,106.89,53,54,0.00,0.00,0,0
1508092046,lo,0.00,0.00,0.00,0,0,0.00,0.00,0.00,0,0,0.00,0.00,0,0
1508092046,total,347900.09,358219.78,706119.88,358578,348248,433.57,440.56,874.13,441,434,0.00,0.00,0,0
1508092047,s1,0.00,0.00,0.00,0,0,0.00,0.00,0.00,0,0,0.00,0.00,0,0
1508092047,eth0,0.00,0.00,0.00,0,0,0.00,0.00,0.00,0,0,0.00,0.00,0,0
1508092047,eth1,0.00,0.00,0.00,0,0,0.00,0.00,0.00,0,0,0.00,0.00,0,0
1508092047,s2,0.00,0.00,0.00,0,0,0.00,0.00,0.00,0,0,0.00,0.00,0,0
1508092047,s1-eth2,12540.46,254097.91,266638.38,254352,12553,163.84,167.83,331.67,168,164,0.00,0.00,0,0
1508092047,s1-eth1,249560.45,12507.49,262067.94,12520,249810,164.84,163.84,328.67,164,165,0.00,0.00,0,0
1508092047,s2-eth2,2830.17,54449.55,57279.72,54504,2833,33.97,35.96,69.93,36,34,0.00,0.00,0,0
1508092047,s2-eth1,50018.98,2649.35,52668.33,2652,50069,33.97,31.97,65.93,32,34,0.00,0.00,0,0
1508092047,lo,343.66,343.66,687.31,344,344,5.99,5.99,11.99,6,6,0.00,0.00,0,0
1508092047,total,315293.72,324047.97,639341.69,324372,315609,402.60,405.59,808.19,406,403,0.00,0.00,0,0
1508092048,s1,0.00,0.00,0.00,0,0,0.00,0.00,0.00,0,0,0.00,0.00,0,0
1508092048,eth0,0.00,0.00,0.00,0,0,0.00,0.00,0.00,0,0,0.00,0.00,0,0
1508092048,eth1,0.00,0.00,0.00,0,0,0.00,0.00,0.00,0,0,0.00,0.00,0,0
1508092048,s2,0.00,0.00,0.00,0,0,0.00,0.00,0.00,0,0,0.00,0.00,0,0
1508092048,s1-eth2,12626.00,251324.00,263950.00,251324,12626,161.00,166.00,327.00,166,161,0.00,0.00,0,0
1508092048,s1-eth1,251431.00,12296.00,263727.00,12296,251431,167.00,160.00,327.00,160,167,0.00,0.00,0,0
1508092048,s2-eth2,2452.00,51476.00,53928.00,51476,2452,32.00,34.00,66.00,34,32,0.00,0.00,0,0
1508092048,s2-eth1,49962.00,2452.00,52414.00,2452,49962,33.00,32.00,65.00,32,33,0.00,0.00,0,0
1508092048,lo,0.00,0.00,0.00,0,0,0.00,0.00,0.00,0,0,0.00,0.00,0,0
1508092048,total,316471.00,317548.00,634019.00,317548,316471,393.00,392.00,785.00,392,393,0.00,0.00,0,0
1508092049,s1,0.00,0.00,0.00,0,0,0.00,0.00,0.00,0,0,0.00,0.00,0,0
1508092049,eth0,0.00,0.00,0.00,0,0,0.00,0.00,0.00,0,0,0.00,0.00,0,0
1508092049,eth1,0.00,0.00,0.00,0,0,0.00,0.00,0.00,0,0,0.00,0.00,0,0
1508092049,s2,0.00,0.00,0.00,0,0,0.00,0.00,0.00,0,0,0.00,0.00,0,0
1508092049,s1-eth2,12088.00,258894.00,270982.00,258894,12088,158.00,171.00,329.00,171,158,0.00,0.00,0,0
1508092049,s1-eth1,248296.00,12002.00,260298.00,12002,248296,164.00,157.00,321.00,157,164,0.00,0.00,0,0
1508092049,s2-eth2,1996.00,49962.00,51958.00,49962,1996,26.00,33.00,59.00,33,26,0.00,0.00,0,0
1508092049,s2-eth1,51476.00,1996.00,53472.00,1996,51476,34.00,26.00,60.00,26,34,0.00,0.00,0,0
1508092049,lo,0.00,0.00,0.00,0,0,0.00,0.00,0.00,0,0,0.00,0.00,0,0
1508092049,total,313856.00,322854.00,636710.00,322854,313856,382.00,387.00,769.00,387,382,0.00,0.00,0,0
1508092050,s1,0.00,0.00,0.00,0,0,0.00,0.00,0.00,0,0,0.00,0.00,0,0
1508092050,eth0,0.00,0.00,0.00,0,0,0.00,0.00,0.00,0,0,0.00,0.00,0,0
1508092050,eth1,0.00,0.00,0.00,0,0,0.00,0.00,0.00,0,0,0.00,0.00,0,0
1508092050,s2,0.00,0.00,0.00,0,0,0.00,0.00,0.00,0,0,0.00,0.00,0,0
1508092050,s1-eth2,11674.00,252838.00,264512.00,252838,11674,151.00,167.00,318.00,167,151,0.00,0.00,0,0
1508092050,s1-eth1,242240.00,11674.00,253914.00,11674,242240,160.00,151.00,311.00,151,160,0.00,0.00,0,0
1508092050,s2-eth2,2254.00,51476.00,53730.00,51476,2254,29.00,34.00,63.00,34,29,0.00,0.00,0,0
1508092050,s2-eth1,43906.00,2254.00,46160.00,2254,43906,29.00,29.00,58.00,29,29,0.00,0.00,0,0
1508092050,lo,0.00,0.00,0.00,0,0,0.00,0.00,0.00,0,0,0.00,0.00,0,0
1508092050,total,300074.00,318242.00,618316.00,318242,300074,369.00,381.00,750.00,381,369,0.00,0.00,0,0
1508092051,s1,0.00,0.00,0.00,0,0,0.00,0.00,0.00,0,0,0.00,0.00,0,0
1508092051,eth0,0.00,0.00,0.00,0,0,0.00,0.00,0.00,0,0,0.00,0.00,0,0
1508092051,eth1,0.00,0.00,0.00,0,0,0.00,0.00,0.00,0,0,0.00,0.00,0,0
1508092051,s2,0.00,0.00,0.00,0,0,0.00,0.00,0.00,0,0,0.00,0.00,0,0
1508092051,s1-eth2,12438.00,260408.00,272846.00,260408,12438,161.00,172.00,333.00,172,161,0.00,0.00,0,0
1508092051,s1-eth1,249810.00,12524.00,262334.00,12524,249810,165.00,162.00,327.00,162,165,0.00,0.00,0,0
1508092051,s2-eth2,1702.00,54504.00,56206.00,54504,1702,23.00,36.00,59.00,36,23,0.00,0.00,0,0
1508092051,s2-eth1,56018.00,1702.00,57720.00,1702,56018,37.00,23.00,60.00,23,37,0.00,0.00,0,0
1508092051,lo,0.00,0.00,0.00,0,0,0.00,0.00,0.00,0,0,0.00,0.00,0,0
1508092051,total,319968.00,329138.00,649106.00,329138,319968,386.00,393.00,779.00,393,386,0.00,0.00,0,0
1508092052,s1,0.00,0.00,0.00,0,0,0.00,0.00,0.00,0,0,0.00,0.00,0,0
1508092052,eth0,0.00,0.00,0.00,0,0,0.00,0.00,0.00,0,0,0.00,0.00,0,0
1508092052,eth1,0.00,0.00,0.00,0,0,0.00,0.00,0.00,0,0,0.00,0.00,0,0
1508092052,s2,0.00,0.00,0.00,0,0,0.00,0.00,0.00,0,0,0.00,0.00,0,0
1508092052,s1-eth2,12502.00,261922.00,274424.00,261922,12502,163.00,173.00,336.00,173,163,0.00,0.00,0,0
1508092052,s1-eth1,251324.00,12416.00,263740.00,12416,251324,166.00,162.00,328.00,162,166,0.00,0.00,0,0
1508092052,s2-eth2,2230.00,68130.00,70360.00,68130,2230,29.00,45.00,74.00,45,29,0.00,0.00,0,0
1508092052,s2-eth1,71158.00,2230.00,73388.00,2230,71158,47.00,29.00,76.00,29,47,0.00,0.00,0,0
1508092052,lo,344.00,344.00,688.00,344,344,6.00,6.00,12.00,6,6,0.00,0.00,0,0
1508092052,total,337558.00,345042.00,682600.00,345042,337558,411.00,415.00,826.00,415,411,0.00,0.00,0,0
1508092053,s1,0.00,0.00,0.00,0,0,0.00,0.00,0.00,0,0,0.00,0.00,0,0
1508092053,eth0,0.00,0.00,0.00,0,0,0.00,0.00,0.00,0,0,0.00,0.00,0,0
1508092053,eth1,0.00,0.00,0.00,0,0,0.00,0.00,0.00,0,0,0.00,0.00,0,0
1508092053,s2,0.00,0.00,0.00,0,0,0.00,0.00,0.00,0,0,0.00,0.00,0,0
1508092053,s1-eth2,12770.00,263436.00,276206.00,263436,12770,163.00,174.00,337.00,174,163,0.00,0.00,0,0
1508092053,s1-eth1,249810.00,12770.00,262580.00,12770,249810,165.00,163.00,328.00,163,165,0.00,0.00,0,0
1508092053,s2-eth2,2466.00,72672.00,75138.00,72672,2466,33.00,48.00,81.00,48,33,0.00,0.00,0,0
1508092053,s2-eth1,66616.00,2466.00,69082.00,2466,66616,44.00,33.00,77.00,33,44,0.00,0.00,0,0
1508092053,lo,0.00,0.00,0.00,0,0,0.00,0.00,0.00,0,0,0.00,0.00,0,0
1508092053,total,331662.00,351344.00,683006.00,351344,331662,405.00,418.00,823.00,418,405,0.00,0.00,0,0
1508092054,s1,0.00,0.00,0.00,0,0,0.00,0.00,0.00,0,0,0.00,0.00,0,0
1508092054,eth0,0.00,0.00,0.00,0,0,0.00,0.00,0.00,0,0,0.00,0.00,0,0
1508092054,eth1,0.00,0.00,0.00,0,0,0.00,0.00,0.00,0,0,0.00,0.00,0,0
1508092054,s2,0.00,0.00,0.00,0,0,0.00,0.00,0.00,0,0,0.00,0.00,0,0
1508092054,s1-eth2,12104.00,255866.00,267970.00,255866,12104,158.00,169.00,327.00,169,158,0.00,0.00,0,0
1508092054,s1-eth1,248296.00,12190.00,260486.00,12190,248296,164.00,159.00,323.00,159,164,0.00,0.00,0,0
1508092054,s2-eth2,2072.00,75700.00,77772.00,75700,2072,28.00,50.00,78.00,50,28,0.00,0.00,0,0
1508092054,s2-eth1,77214.00,2072.00,79286.00,2072,77214,51.00,28.00,79.00,28,51,0.00,0.00,0,0
1508092054,lo,0.00,0.00,0.00,0,0,0.00,0.00,0.00,0,0,0.00,0.00,0,0
1508092054,total,339686.00,345828.00,685514.00,345828,339686,401.00,406.00,807.00,406,401,0.00,0.00,0,0
1508092056,s1,0.00,0.00,0.00,0,0,0.00,0.00,0.00,0,0,0.00,0.00,0,0
1508092056,eth0,0.00,0.00,0.00,0,0,0.00,0.00,0.00,0,0,0.00,0.00,0,0
1508092056,eth1,0.00,0.00,0.00,0,0,0.00,0.00,0.00,0,0,0.00,0.00,0,0
1508092056,s2,0.00,0.00,0.00,0,0,0.00,0.00,0.00,0,0,0.00,0.00,0,0
1508092056,s1-eth2,12728.00,263436.00,276164.00,263436,12728,164.00,174.00,338.00,174,164,0.00,0.00,0,0
1508092056,s1-eth1,249810.00,12642.00,262452.00,12642,249810,165.00,163.00,328.00,163,165,0.00,0.00,0,0
1508092056,s2-eth2,3950.00,87812.00,91762.00,87812,3950,51.00,58.00,109.00,58,51,0.00,0.00,0,0
1508092056,s2-eth1,78728.00,3950.00,82678.00,3950,78728,52.00,51.00,103.00,51,52,0.00,0.00,0,0
1508092056,lo,0.00,0.00,0.00,0,0,0.00,0.00,0.00,0,0,0.00,0.00,0,0
1508092056,total,345216.00,367840.00,713056.00,367840,345216,432.00,446.00,878.00,446,432,0.00,0.00,0,0
1508092057,s1,0.00,0.00,0.00,0,0,0.00,0.00,0.00,0,0,0.00,0.00,0,0
1508092057,eth0,0.00,0.00,0.00,0,0,0.00,0.00,0.00,0,0,0.00,0.00,0,0
1508092057,eth1,0.00,0.00,0.00,0,0,0.00,0.00,0.00,0,0,0.00,0.00,0,0
1508092057,s2,0.00,0.00,0.00,0,0,0.00,0.00,0.00,0,0,0.00,0.00,0,0
1508092057,s1-eth2,12412.00,260408.00,272820.00,260408,12412,162.00,172.00,334.00,172,162,0.00,0.00,0,0
1508092057,s1-eth1,249810.00,12070.00,261880.00,12070,249810,165.00,161.00,326.00,161,165,0.00,0.00,0,0
1508092057,s2-eth2,3034.00,95382.00,98416.00,95382,3034,41.00,63.00,104.00,63,41,0.00,0.00,0,0
1508092057,s2-eth1,96896.00,3034.00,99930.00,3034,96896,64.00,41.00,105.00,41,64,0.00,0.00,0,0
1508092057,lo,0.00,0.00,0.00,0,0,0.00,0.00,0.00,0,0,0.00,0.00,0,0
1508092057,total,362152.00,370894.00,733046.00,370894,362152,432.00,437.00,869.00,437,432,0.00,0.00,0,0
1508092058,s1,0.00,0.00,0.00,0,0,0.00,0.00,0.00,0,0,0.00,0.00,0,0
1508092058,eth0,0.00,0.00,0.00,0,0,0.00,0.00,0.00,0,0,0.00,0.00,0,0
1508092058,eth1,0.00,0.00,0.00,0,0,0.00,0.00,0.00,0,0,0.00,0.00,0,0
1508092058,s2,0.00,0.00,0.00,0,0,0.00,0.00,0.00,0,0,0.00,0.00,0,0
1508092058,s1-eth2,12760.00,260408.00,273168.00,260408,12760,162.00,172.00,334.00,172,162,0.00,0.00,0,0
1508092058,s1-eth1,249810.00,12760.00,262570.00,12760,249810,165.00,162.00,327.00,162,165,0.00,0.00,0,0
1508092058,s2-eth2,4148.00,87854.00,92002.00,87854,4148,52.00,59.00,111.00,59,52,0.00,0.00,0,0
1508092058,s2-eth1,81798.00,4148.00,85946.00,4148,81798,55.00,52.00,107.00,52,55,0.00,0.00,0,0
1508092058,lo,344.00,344.00,688.00,344,344,6.00,6.00,12.00,6,6,0.00,0.00,0,0
1508092058,total,348860.00,365514.00,714374.00,365514,348860,440.00,451.00,891.00,451,440,0.00,0.00,0,0
1508092059,s1,0.00,0.00,0.00,0,0,0.00,0.00,0.00,0,0,0.00,0.00,0,0
1508092059,eth0,0.00,0.00,0.00,0,0,0.00,0.00,0.00,0,0,0.00,0.00,0,0
1508092059,eth1,0.00,0.00,0.00,0,0,0.00,0.00,0.00,0,0,0.00,0.00,0,0
1508092059,s2,0.00,0.00,0.00,0,0,0.00,0.00,0.00,0,0,0.00,0.00,0,0
1508092059,s1-eth2,12652.00,251324.00,263976.00,251324,12652,164.00,166.00,330.00,166,164,0.00,0.00,0,0
1508092059,s1-eth1,249810.00,12652.00,262462.00,12652,249810,165.00,164.00,329.00,164,165,0.00,0.00,0,0
1508092059,s2-eth2,3034.00,83270.00,86304.00,83270,3034,41.00,55.00,96.00,55,41,0.00,0.00,0,0
1508092059,s2-eth1,88154.00,3034.00,91188.00,3034,88154,59.00,41.00,100.00,41,59,0.00,0.00,0,0
1508092059,lo,0.00,0.00,0.00,0,0,0.00,0.00,0.00,0,0,0.00,0.00,0,0
1508092059,total,353650.00,350280.00,703930.00,350280,353650,429.00,426.00,855.00,426,429,0.00,0.00,0,0
1508092060,s1,0.00,0.00,0.00,0,0,0.00,0.00,0.00,0,0,0.00,0.00,0,0
1508092060,eth0,0.00,0.00,0.00,0,0,0.00,0.00,0.00,0,0,0.00,0.00,0,0
1508092060,eth1,0.00,0.00,0.00,0,0,0.00,0.00,0.00,0,0,0.00,0.00,0,0
1508092060,s2,0.00,0.00,0.00,0,0,0.00,0.00,0.00,0,0,0.00,0.00,0,0
1508092060,s1-eth2,7428.57,147114.89,154543.45,147262,7436,97.90,100.90,198.80,101,98,0.00,0.00,0,0
1508092060,s1-eth1,147456.55,7428.57,154885.12,7436,147604,101.90,97.90,199.80,98,102,0.00,0.00,0,0
1508092060,s2-eth2,2853.15,47034.96,49888.11,47082,2856,35.96,32.97,68.93,33,36,0.00,0.00,0,0
1508092060,s2-eth1,50059.94,2853.15,52913.09,2856,50110,34.97,35.96,70.93,36,35,0.00,0.00,0,0
1508092060,lo,0.00,0.00,0.00,0,0,0.00,0.00,0.00,0,0,0.00,0.00,0,0
1508092060,total,207798.20,204431.58,412229.78,204636,208006,270.73,267.73,538.46,268,271,0.00,0.00,0,0
1508092061,s1,0.00,0.00,0.00,0,0,0.00,0.00,0.00,0,0,0.00,0.00,0,0
1508092061,eth0,0.00,0.00,0.00,0,0,0.00,0.00,0.00,0,0,0.00,0.00,0,0
1508092061,eth1,0.00,0.00,0.00,0,0,0.00,0.00,0.00,0,0,0.00,0.00,0,0
1508092061,s2,0.00,0.00,0.00,0,0,0.00,0.00,0.00,0,0,0.00,0.00,0,0
1508092061,s1-eth2,0.00,0.00,0.00,0,0,0.00,0.00,0.00,0,0,0.00,0.00,0,0
1508092061,s1-eth1,0.00,0.00,0.00,0,0,0.00,0.00,0.00,0,0,0.00,0.00,0,0
1508092061,s2-eth2,0.00,0.00,0.00,0,0,0.00,0.00,0.00,0,0,0.00,0.00,0,0
1508092061,s2-eth1,0.00,0.00,0.00,0,0,0.00,0.00,0.00,0,0,0.00,0.00,0,0
1508092061,lo,0.00,0.00,0.00,0,0,0.00,0.00,0.00,0,0,0.00,0.00,0,0
1508092061,total,0.00,0.00,0.00,0,0,0.00,0.00,0.00,0,0,0.00,0.00,0,0
1508092062,s1,0.00,0.00,0.00,0,0,0.00,0.00,0.00,0,0,0.00,0.00,0,0
1508092062,eth0,0.00,0.00,0.00,0,0,0.00,0.00,0.00,0,0,0.00,0.00,0,0
1508092062,eth1,0.00,0.00,0.00,0,0,0.00,0.00,0.00,0,0,0.00,0.00,0,0
1508092062,s2,0.00,0.00,0.00,0,0,0.00,0.00,0.00,0,0,0.00,0.00,0,0
1508092062,s1-eth2,0.00,0.00,0.00,0,0,0.00,0.00,0.00,0,0,0.00,0.00,0,0
1508092062,s1-eth1,0.00,0.00,0.00,0,0,0.00,0.00,0.00,0,0,0.00,0.00,0,0
1508092062,s2-eth2,0.00,0.00,0.00,0,0,0.00,0.00,0.00,0,0,0.00,0.00,0,0
1508092062,s2-eth1,0.00,0.00,0.00,0,0,0.00,0.00,0.00,0,0,0.00,0.00,0,0
1508092062,lo,0.00,0.00,0.00,0,0,0.00,0.00,0.00,0,0,0.00,0.00,0,0
1508092062,total,0.00,0.00,0.00,0,0,0.00,0.00,0.00,0,0,0.00,0.00,0,0
1508092063,s1,0.00,0.00,0.00,0,0,0.00,0.00,0.00,0,0,0.00,0.00,0,0
1508092063,eth0,0.00,0.00,0.00,0,0,0.00,0.00,0.00,0,0,0.00,0.00,0,0
1508092063,eth1,0.00,0.00,0.00,0,0,0.00,0.00,0.00,0,0,0.00,0.00,0,0
1508092063,s2,0.00,0.00,0.00,0,0,0.00,0.00,0.00,0,0,0.00,0.00,0,0
1508092063,s1-eth2,0.00,0.00,0.00,0,0,0.00,0.00,0.00,0,0,0.00,0.00,0,0
1508092063,s1-eth1,0.00,0.00,0.00,0,0,0.00,0.00,0.00,0,0,0.00,0.00,0,0
1508092063,s2-eth2,0.00,0.00,0.00,0,0,0.00,0.00,0.00,0,0,0.00,0.00,0,0
1508092063,s2-eth1,0.00,0.00,0.00,0,0,0.00,0.00,0.00,0,0,0.00,0.00,0,0
1508092063,lo,344.00,344.00,688.00,344,344,6.00,6.00,12.00,6,6,0.00,0.00,0,0
1508092063,total,344.00,344.00,688.00,344,344,6.00,6.00,12.00,6,6,0.00,0.00,0,0
1508092064,s1,0.00,0.00,0.00,0,0,0.00,0.00,0.00,0,0,0.00,0.00,0,0
1508092064,eth0,455.54,734.27,1189.81,735,456,5.99,5.99,11.99,6,6,0.00,0.00,0,0
1508092064,eth1,0.00,0.00,0.00,0,0,0.00,0.00,0.00,0,0,0.00,0.00,0,0
1508092064,s2,0.00,0.00,0.00,0,0,0.00,0.00,0.00,0,0,0.00,0.00,0,0
1508092064,s1-eth2,639.36,0.00,639.36,0,640,4.00,0.00,4.00,0,4,0.00,0.00,0,0
1508092064,s1-eth1,561.44,0.00,561.44,0,562,3.00,0.00,3.00,0,3,0.00,0.00,0,0
1508092064,s2-eth2,639.36,0.00,639.36,0,640,4.00,0.00,4.00,0,4,0.00,0.00,0,0
1508092064,s2-eth1,639.36,0.00,639.36,0,640,4.00,0.00,4.00,0,4,0.00,0.00,0,0
1508092064,lo,1021.98