1508090797,s1,0.00,0.00,0.00,0,0,0.00,0.00,0.00,0,0,0.00,0.00,0,0
1508090797,eth0,0.00,0.00,0.00,0,0,0.00,0.00,0.00,0,0,0.00,0.00,0,0
1508090797,eth1,0.00,0.00,0.00,0,0,0.00,0.00,0.00,0,0,0.00,0.00,0,0
1508090797,s2,0.00,0.00,0.00,0,0,0.00,0.00,0.00,0,0,0.00,0.00,0,0
1508090797,s1-eth2,0.00,0.00,0.00,0,0,0.00,0.00,0.00,0,0,0.00,0.00,0,0
1508090797,s1-eth1,0.00,0.00,0.00,0,0,0.00,0.00,0.00,0,0,0.00,0.00,0,0
1508090797,s2-eth2,0.00,0.00,0.00,0,0,0.00,0.00,0.00,0,0,0.00,0.00,0,0
1508090797,s2-eth1,0.00,0.00,0.00,0,0,0.00,0.00,0.00,0,0,0.00,0.00,0,0
1508090797,lo,0.00,0.00,0.00,0,0,0.00,0.00,0.00,0,0,0.00,0.00,0,0
1508090797,total,0.00,0.00,0.00,0,0,0.00,0.00,0.00,0,0,0.00,0.00,0,0
1508090798,s1,160.00,340.00,500.00,340,160,2.00,4.00,6.00,4,2,0.00,0.00,0,0
1508090798,eth0,608.00,980.00,1588.00,980,608,8.00,8.00,16.00,8,8,0.00,0.00,0,0
1508090798,eth1,0.00,0.00,0.00,0,0,0.00,0.00,0.00,0,0,0.00,0.00,0,0
1508090798,s2,160.00,340.00,500.00,340,160,2.00,4.00,6.00,4,2,0.00,0.00,0,0
1508090798,s1-eth2,1576.00,90.00,1666.00,90,1576,11.00,1.00,12.00,1,11,0.00,0.00,0,0
1508090798,s1-eth1,1761.00,250.00,2011.00,250,1761,10.00,3.00,13.00,3,10,0.00,0.00,0,0
1508090798,s2-eth2,2356.00,250.00,2606.00,250,2356,14.00,3.00,17.00,3,14,0.00,0.00,0,0
1508090798,s2-eth1,1664.00,90.00,1754.00,90,1664,12.00,1.00,13.00,1,12,0.00,0.00,0,0
1508090798,lo,4740.00,4740.00,9480.00,4740,4740,52.00,52.00,104.00,52,52,0.00,0.00,0,0
1508090798,total,13025.00,7080.00,20105.00,7080,13025,111.00,76.00,187.00,76,111,0.00,0.00,0,0
1508090799,s1,90.00,0.00,90.00,0,90,1.00,0.00,1.00,0,1,0.00,0.00,0,0
1508090799,eth0,152.00,245.00,397.00,245,152,2.00,2.00,4.00,2,2,0.00,0.00,0,0
1508090799,eth1,0.00,0.00,0.00,0,0,0.00,0.00,0.00,0,0,0.00,0.00,0,0
1508090799,s2,90.00,0.00,90.00,0,90,1.00,0.00,1.00,0,1,0.00,0.00,0,0
1508090799,s1-eth2,759.00,0.00,759.00,0,759,3.00,0.00,3.00,0,3,0.00,0.00,0,0
1508090799,s1-eth1,866.00,0.00,866.00,0,866,4.00,0.00,4.00,0,4,0.00,0.00,0,0
1508090799,s2-eth2,711.00,0.00,711.00,0,711,4.00,0.00,4.00,0,4,0.00,0.00,0,0
1508090799,s2-eth1,1488.00,0.00,1488.00,0,1488,7.00,0.00,7.00,0,7,0.00,0.00,0,0
1508090799,lo,917.00,917.00,1834.00,917,917,10.00,10.00,20.00,10,10,0.00,0.00,0,0
1508090799,total,5073.00,1162.00,6235.00,1162,5073,32.00,12.00,44.00,12,32,0.00,0.00,0,0
1508090800,s1,0.00,0.00,0.00,0,0,0.00,0.00,0.00,0,0,0.00,0.00,0,0
1508090800,eth0,0.00,0.00,0.00,0,0,0.00,0.00,0.00,0,0,0.00,0.00,0,0
1508090800,eth1,0.00,0.00,0.00,0,0,0.00,0.00,0.00,0,0,0.00,0.00,0,0
1508090800,s2,0.00,0.00,0.00,0,0,0.00,0.00,0.00,0,0,0.00,0.00,0,0
1508090800,s1-eth2,373.63,0.00,373.63,0,374,2.00,0.00,2.00,0,2,0.00,0.00,0,0
1508090800,s1-eth1,266.73,0.00,266.73,0,267,1.00,0.00,1.00,0,1,0.00,0.00,0,0
1508090800,s2-eth2,341.66,0.00,341.66,0,342,1.00,0.00,1.00,0,1,0.00,0.00,0,0
1508090800,s2-eth1,326.67,0.00,326.67,0,327,1.00,0.00,1.00,0,1,0.00,0.00,0,0
1508090800,lo,0.00,0.00,0.00,0,0,0.00,0.00,0.00,0,0,0.00,0.00,0,0
1508090800,total,1308.69,0.00,1308.69,0,1310,5.00,0.00,5.00,0,5,0.00,0.00,0,0
1508090801,s1,0.00,70.00,70.00,70,0,0.00,1.00,1.00,1,0,0.00,0.00,0,0
1508090801,eth0,60.00,60.00,120.00,60,60,1.00,1.00,2.00,1,1,0.00,0.00,0,0
1508090801,eth1,0.00,0.00,0.00,0,0,0.00,0.00,0.00,0,0,0.00,0.00,0,0
1508090801,s2,0.00,70.00,70.00,70,0,0.00,1.00,1.00,1,0,0.00,0.00,0,0
1508090801,s1-eth2,439.00,112.00,551.00,112,439,3.00,2.00,5.00,2,3,0.00,0.00,0,0
1508090801,s1-eth1,616.00,42.00,658.00,42,616,5.00,1.00,6.00,1,5,0.00,0.00,0,0
1508090801,s2-eth2,771.00,0.00,771.00,0,771,4.00,0.00,4.00,0,4,0.00,0.00,0,0
1508090801,s2-eth1,374.00,70.00,444.00,70,374,2.00,1.00,3.00,1,2,0.00,0.00,0,0
1508090801,lo,1128.00,1128.00,2256.00,1128,1128,12.00,12.00,24.00,12,12,0.00,0.00,0,0
1508090801,total,3388.00,1552.00,4940.00,1552,3388,27.00,19.00,46.00,19,27,0.00,0.00,0,0
1508090802,s1,70.00,70.00,140.00,70,70,1.00,1.00,2.00,1,1,0.00,0.00,0,0
1508090802,eth0,0.00,0.00,0.00,0,0,0.00,0.00,0.00,0,0,0.00,0.00,0,0
1508090802,eth1,0.00,0.00,0.00,0,0,0.00,0.00,0.00,0,0,0.00,0.00,0,0
1508090802,s2,69.93,69.93,139.86,70,70,1.00,1.00,2.00,1,1,0.00,0.00,0,0
1508090802,s1-eth2,139.86,0.00,139.86,0,140,2.00,0.00,2.00,0,2,0.00,0.00,0,0
1508090802,s1-eth1,411.59,69.93,481.52,70,412,2.00,1.00,3.00,1,2,0.00,0.00,0,0
1508090802,s2-eth2,139.86,69.93,209.79,70,140,2.00,1.00,3.00,1,2,0.00,0.00,0,0
1508090802,s2-eth1,536.46,0.00,536.46,0,537,4.00,0.00,4.00,0,4,0.00,0.00,0,0
1508090802,lo,1070.93,1070.93,2141.86,1072,1072,11.99,11.99,23.98,12,12,0.00,0.00,0,0
1508090802,total,2438.56,1350.65,3789.21,1352,2441,23.98,15.98,39.96,16,24,0.00,0.00,0,0
1508090803,s1,0.00,0.00,0.00,0,0,0.00,0.00,0.00,0,0,0.00,0.00,0,0
1508090803,eth0,0.00,0.00,0.00,0,0,0.00,0.00,0.00,0,0,0.00,0.00,0,0
1508090803,eth1,0.00,0.00,0.00,0,0,0.00,0.00,0.00,0,0,0.00,0.00,0,0
1508090803,s2,0.00,0.00,0.00,0,0,0.00,0.00,0.00,0,0,0.00,0.00,0,0
1508090803,s1-eth2,0.00,0.00,0.00,0,0,0.00,0.00,0.00,0,0,0.00,0.00,0,0
1508090803,s1-eth1,0.00,0.00,0.00,0,0,0.00,0.00,0.00,0,0,0.00,0.00,0,0
1508090803,s2-eth2,341.66,0.00,341.66,0,342,1.00,0.00,1.00,0,1,0.00,0.00,0,0
1508090803,s2-eth1,0.00,0.00,0.00,0,0,0.00,0.00,0.00,0,0,0.00,0.00,0,0
1508090803,lo,0.00,0.00,0.00,0,0,0.00,0.00,0.00,0,0,0.00,0.00,0,0
1508090803,total,341.66,0.00,341.66,0,342,1.00,0.00,1.00,0,1,0.00,0.00,0,0
1508090804,s1,0.00,0.00,0.00,0,0,0.00,0.00,0.00,0,0,0.00,0.00,0,0
1508090804,eth0,0.00,0.00,0.00,0,0,0.00,0.00,0.00,0,0,0.00,0.00,0,0
1508090804,eth1,0.00,0.00,0.00,0,0,0.00,0.00,0.00,0,0,0.00,0.00,0,0
1508090804,s2,0.00,0.00,0.00,0,0,0.00,0.00,0.00,0,0,0.00,0.00,0,0
1508090804,s1-eth2,107.00,0.00,107.00,0,107,1.00,0.00,1.00,0,1,0.00,0.00,0,0
1508090804,s1-eth1,0.00,0.00,0.00,0,0,0.00,0.00,0.00,0,0,0.00,0.00,0,0
1508090804,s2-eth2,0.00,0.00,0.00,0,0,0.00,0.00,0.00,0,0,0.00,0.00,0,0
1508090804,s2-eth1,0.00,0.00,0.00,0,0,0.00,0.00,0.00,0,0,0.00,0.00,0,0
1508090804,lo,0.00,0.00,0.00,0,0,0.00,0.00,0.00,0,0,0.00,0.00,0,0
1508090804,total,107.00,0.00,107.00,0,107,1.00,0.00,1.00,0,1,0.00,0.00,0,0
1508090805,s1,0.00,70.00,70.00,70,0,0.00,1.00,1.00,1,0,0.00,0.00,0,0
1508090805,eth0,0.00,0.00,0.00,0,0,0.00,0.00,0.00,0,0,0.00,0.00,0,0
1508090805,eth1,0.00,0.00,0.00,0,0,0.00,0.00,0.00,0,0,0.00,0.00,0,0
1508090805,s2,0.00,70.00,70.00,70,0,0.00,1.00,1.00,1,0,0.00,0.00,0,0
1508090805,s1-eth2,70.00,70.00,140.00,70,70,1.00,1.00,2.00,1,1,0.00,0.00,0,0
1508090805,s1-eth1,247.00,0.00,247.00,0,247,3.00,0.00,3.00,0,3,0.00,0.00,0,0
1508090805,s2-eth2,177.00,0.00,177.00,0,177,2.00,0.00,2.00,0,2,0.00,0.00,0,0
1508090805,s2-eth1,107.00,70.00,177.00,70,107,1.00,1.00,2.00,1,1,0.00,0.00,0,0
1508090805,lo,536.00,536.00,1072.00,536,536,6.00,6.00,12.00,6,6,0.00,0.00,0,0
1508090805,total,1137.00,816.00,1953.00,816,1137,13.00,10.00,23.00,10,13,0.00,0.00,0,0
1508090806,s1,70.00,70.00,140.00,70,70,1.00,1.00,2.00,1,1,0.00,0.00,0,0
1508090806,eth0,0.00,0.00,0.00,0,0,0.00,0.00,0.00,0,0,0.00,0.00,0,0
1508090806,eth1,0.00,0.00,0.00,0,0,0.00,0.00,0.00,0,0,0.00,0.00,0,0
1508090806,s2,70.00,70.00,140.00,70,70,1.00,1.00,2.00,1,1,0.00,0.00,0,0
1508090806,s1-eth2,482.00,0.00,482.00,0,482,3.00,0.00,3.00,0,3,0.00,0.00,0,0
1508090806,s1-eth1,70.00,70.00,140.00,70,70,1.00,1.00,2.00,1,1,0.00,0.00,0,0
1508090806,s2-eth2,140.00,70.00,210.00,70,140,2.00,1.00,3.00,1,2,0.00,0.00,0,0
1508090806,s2-eth1,552.00,0.00,552.00,0,552,4.00,0.00,4.00,0,4,0.00,0.00,0,0
1508090806,lo,1072.00,1072.00,2144.00,1072,1072,12.00,12.00,24.00,12,12,0.00,0.00,0,0
1508090806,total,2456.00,1352.00,3808.00,1352,2456,24.00,16.00,40.00,16,24,0.00,0.00,0,0
1508090807,s1,0.00,0.00,0.00,0,0,0.00,0.00,0.00,0,0,0.00,0.00,0,0
1508090807,eth0,0.00,0.00,0.00,0,0,0.00,0.00,0.00,0,0,0.00,0.00,0,0
1508090807,eth1,0.00,0.00,0.00,0,0,0.00,0.00,0.00,0,0,0.00,0.00,0,0
1508090807,s2,0.00,0.00,0.00,0,0,0.00,0.00,0.00,0,0,0.00,0.00,0,0
1508090807,s1-eth2,0.00,0.00,0.00,0,0,0.00,0.00,0.00,0,0,0.00,0.00,0,0
1508090807,s1-eth1,0.00,0.00,0.00,0,0,0.00,0.00,0.00,0,0,0.00,0.00,0,0
1508090807,s2-eth2,0.00,0.00,0.00,0,0,0.00,0.00,0.00,0,0,0.00,0.00,0,0
1508090807,s2-eth1,0.00,0.00,0.00,0,0,0.00,0.00,0.00,0,0,0.00,0.00,0,0
1508090807,lo,0.00,0.00,0.00,0,0,0.00,0.00,0.00,0,0,0.00,0.00,0,0
1508090807,total,0.00,0.00,0.00,0,0,0.00,0.00,0.00,0,0,0.00,0.00,0,0
1508090808,s1,0.00,0.00,0.00,0,0,0.00,0.00,0.00,0,0,0.00,0.00,0,0
1508090808,eth0,0.00,0.00,0.00,0,0,0.00,0.00,0.00,0,0,0.00,0.00,0,0
1508090808,eth1,0.00,0.00,0.00,0,0,0.00,0.00,0.00,0,0,0.00,0.00,0,0
1508090808,s2,0.00,0.00,0.00,0,0,0.00,0.00,0.00,0,0,0.00,0.00,0,0
1508090808,s1-eth2,0.00,0.00,0.00,0,0,0.00,0.00,0.00,0,0,0.00,0.00,0,0
1508090808,s1-eth1,342.00,0.00,342.00,0,342,1.00,0.00,1.00,0,1,0.00,0.00,0,0
1508090808,s2-eth2,0.00,0.00,0.00,0,0,0.00,0.00,0.00,0,0,0.00,0.00,0,0
1508090808,s2-eth1,0.00,0.00,0.00,0,0,0.00,0.00,0.00,0,0,0.00,0.00,0,0
1508090808,lo,0.00,0.00,0.00,0,0,0.00,0.00,0.00,0,0,0.00,0.00,0,0
1508090808,total,342.00,0.00,342.00,0,342,1.00,0.00,1.00,0,1,0.00,0.00,0,0
1508090809,s1,0.00,0.00,0.00,0,0,0.00,0.00,0.00,0,0,0.00,0.00,0,0
1508090809,eth0,0.00,0.00,0.00,0,0,0.00,0.00,0.00,0,0,0.00,0.00,0,0
1508090809,eth1,0.00,0.00,0.00,0,0,0.00,0.00,0.00,0,0,0.00,0.00,0,0
1508090809,s2,0.00,0.00,0.00,0,0,0.00,0.00,0.00,0,0,0.00,0.00,0,0
1508090809,s1-eth2,0.00,0.00,0.00,0,0,0.00,0.00,0.00,0,0,0.00,0.00,0,0
1508090809,s1-eth1,0.00,0.00,0.00,0,0,0.00,0.00,0.00,0,0,0.00,0.00,0,0
1508090809,s2-eth2,0.00,0.00,0.00,0,0,0.00,0.00,0.00,0,0,0.00,0.00,0,0
1508090809,s2-eth1,0.00,0.00,0.00,0,0,0.00,0.00,0.00,0,0,0.00,0.00,0,0
1508090809,lo,0.00,0.00,0.00,0,0,0.00,0.00,0.00,0,0,0.00,0.00,0,0
1508090809,total,0.00,0.00,0.00,0,0,0.00,0.00,0.00,0,0,0.00,0.00,0,0
1508090810,s1,0.00,0.00,0.00,0,0,0.00,0.00,0.00,0,0,0.00,0.00,0,0
1508090810,eth0,0.00,0.00,0.00,0,0,0.00,0.00,0.00,0,0,0.00,0.00,0,0
1508090810,eth1,0.00,0.00,0.00,0,0,0.00,0.00,0.00,0,0,0.00,0.00,0,0
1508090810,s2,0.00,0.00,0.00,0,0,0.00,0.00,0.00,0,0,0.00,0.00,0,0
1508090810,s1-eth2,0.00,0.00,0.00,0,0,0.00,0.00,0.00,0,0,0.00,0.00,0,0
1508090810,s1-eth1,0.00,0.00,0.00,0,0,0.00,0.00,0.00,0,0,0.00,0.00,0,0
1508090810,s2-eth2,0.00,0.00,0.00,0,0,0.00,0.00,0.00,0,0,0.00,0.00,0,0
1508090810,s2-eth1,0.00,0.00,0.00,0,0,0.00,0.00,0.00,0,0,0.00,0.00,0,0
1508090810,lo,171.83,171.83,343.66,172,172,3.00,3.00,5.99,3,3,0.00,0.00,0,0
1508090810,total,171.83,171.83,343.66,172,172,3.00,3.00,5.99,3,3,0.00,0.00,0,0
1508090811,s1,0.00,0.00,0.00,0,0,0.00,0.00,0.00,0,0,0.00,0.00,0,0
1508090811,eth0,0.00,0.00,0.00,0,0,0.00,0.00,0.00,0,0,0.00,0.00,0,0
1508090811,eth1,0.00,0.00,0.00,0,0,0.00,0.00,0.00,0,0,0.00,0.00,0,0
1508090811,s2,0.00,0.00,0.00,0,0,0.00,0.00,0.00,0,0,0.00,0.00,0,0
1508090811,s1-eth2,0.00,0.00,0.00,0,0,0.00,0.00,0.00,0,0,0.00,0.00,0,0
1508090811,s1-eth1,0.00,0.00,0.00,0,0,0.00,0.00,0.00,0,0,0.00,0.00,0,0
1508090811,s2-eth2,0.00,0.00,0.00,0,0,0.00,0.00,0.00,0,0,0.00,0.00,0,0
1508090811,s2-eth1,0.00,0.00,0.00,0,0,0.00,0.00,0.00,0,0,0.00,0.00,0,0
1508090811,lo,171.83,171.83,343.66,172,172,3.00,3.00,5.99,3,3,0.00,0.00,0,0
1508090811,total,171.83,171.83,343.66,172,172,3.00,3.00,5.99,3,3,0.00,0.00,0,0
1508090812,s1,0.00,0.00,0.00,0,0,0.00,0.00,0.00,0,0,0.00,0.00,0,0
1508090812,eth0,87.00,0.00,87.00,0,87,1.00,0.00,1.00,0,1,0.00,0.00,0,0
1508090812,eth1,0.00,0.00,0.00,0,0,0.00,0.00,0.00,0,0,0.00,0.00,0,0
1508090812,s2,0.00,0.00,0.00,0,0,0.00,0.00,0.00,0,0,0.00,0.00,0,0
1508090812,s1-eth2,107.00,0.00,107.00,0,107,1.00,0.00,1.00,0,1,0.00,0.00,0,0
1508090812,s1-eth1,0.00,0.00,0.00,0,0,0.00,0.00,0.00,0,0,0.00,0.00,0,0
1508090812,s2-eth2,0.00,0.00,0.00,0,0,0.00,0.00,0.00,0,0,0.00,0.00,0,0
1508090812,s2-eth1,0.00,0.00,0.00,0,0,0.00,0.00,0.00,0,0,0.00,0.00,0,0
1508090812,lo,0.00,0.00,0.00,0,0,0.00,0.00,0.00,0,0,0.00,0.00,0,0
1508090812,total,194.00,0.00,194.00,0,194,2.00,0.00,2.00,0,2,0.00,0.00,0,0
1508090813,s1,0.00,0.00,0.00,0,0,0.00,0.00,0.00,0,0,0.00,0.00,0,0
1508090813,eth0,0.00,0.00,0.00,0,0,0.00,0.00,0.00,0,0,0.00,0.00,0,0
1508090813,eth1,0.00,0.00,0.00,0,0,0.00,0.00,0.00,0,0,0.00,0.00,0,0
1508090813,s2,0.00,0.00,0.00,0,0,0.00,0.00,0.00,0,0,0.00,0.00,0,0
1508090813,s1-eth2,0.00,0.00,0.00,0,0,0.00,0.00,0.00,0,0,0.00,0.00,0,0
1508090813,s1-eth1,107.00,0.00,107.00,0,107,1.00,0.00,1.00,0,1,0.00,0.00,0,0
1508090813,s2-eth2,107.00,0.00,107.00,0,107,1.00,0.00,1.00,0,1,0.00,0.00,0,0
1508090813,s2-eth1,107.00,0.00,107.00,0,107,1.00,0.00,1.00,0,1,0.00,0.00,0,0
1508090813,lo,0.00,0.00,0.00,0,0,0.00,0.00,0.00,0,0,0.00,0.00,0,0
1508090813,total,321.00,0.00,321.00,0,321,3.00,0.00,3.00,0,3,0.00,0.00,0,0
1508090814,s1,0.00,0.00,0.00,0,0,0.00,0.00,0.00,0,0,0.00,0.00,0,0
1508090814,eth0,0.00,0.00,0.00,0,0,0.00,0.00,0.00,0,0,0.00,0.00,0,0
1508090814,eth1,0.00,0.00,0.00,0,0,0.00,0.00,0.00,0,0,0.00,0.00,0,0
1508090814,s2,0.00,0.00,0.00,0,0,0.00,0.00,0.00,0,0,0.00,0.00,0,0
1508090814,s1-eth2,342.00,0.00,342.00,0,342,1.00,0.00,1.00,0,1,0.00,0.00,0,0
1508090814,s1-eth1,0.00,0.00,0.00,0,0,0.00,0.00,0.00,0,0,0.00,0.00,0,0
1508090814,s2-eth2,0.00,0.00,0.00,0,0,0.00,0.00,0.00,0,0,0.00,0.00,0,0
1508090814,s2-eth1,342.00,0.00,342.00,0,342,1.00,0.00,1.00,0,1,0.00,0.00,0,0
1508090814,lo,0.00,0.00,0.00,0,0,0.00,0.00,0.00,0,0,0.00,0.00,0,0
1508090814,total,684.00,0.00,684.00,0,684,2.00,0.00,2.00,0,2,0.00,0.00,0,0
1508090815,s1,0.00,0.00,0.00,0,0,0.00,0.00,0.00,0,0,0.00,0.00,0,0
1508090815,eth0,107.00,0.00,107.00,0,107,1.00,0.00,1.00,0,1,0.00,0.00,0,0
1508090815,eth1,0.00,0.00,0.00,0,0,0.00,0.00,0.00,0,0,0.00,0.00,0,0
1508090815,s2,0.00,0.00,0.00,0,0,0.00,0.00,0.00,0,0,0.00,0.00,0,0
1508090815,s1-eth2,0.00,0.00,0.00,0,0,0.00,0.00,0.00,0,0,0.00,0.00,0,0
1508090815,s1-eth1,0.00,0.00,0.00,0,0,0.00,0.00,0.00,0,0,0.00,0.00,0,0
1508090815,s2-eth2,342.00,0.00,342.00,0,342,1.00,0.00,1.00,0,1,0.00,0.00,0,0
1508090815,s2-eth1,0.00,0.00,0.00,0,0,0.00,0.00,0.00,0,0,0.00,0.00,0,0
1508090815,lo,172.00,172.00,344.00,172,172,3.00,3.00,6.00,3,3,0.00,0.00,0,0
1508090815,total,621.00,172.00,793.00,172,621,5.00,3.00,8.00,3,5,0.00,0.00,0,0
1508090816,s1,0.00,0.00,0.00,0,0,0.00,0.00,0.00,0,0,0.00,0.00,0,0
1508090816,eth0,0.00,0.00,0.00,0,0,0.00,0.00,0.00,0,0,0.00,0.00,0,0
1508090816,eth1,0.00,0.00,0.00,0,0,0.00,0.00,0.00,0,0,0.00,0.00,0,0
1508090816,s2,0.00,0.00,0.00,0,0,0.00,0.00,0.00,0,0,0.00,0.00,0,0
1508090816,s1-eth2,0.00,0.00,0.00,0,0,0.00,0.00,0.00,0,0,0.00,0.00,0,0
1508090816,s1-eth1,0.00,0.00,0.00,0,0,0.00,0.00,0.00,0,0,0.00,0.00,0,0
1508090816,s2-eth2,0.00,0.00,0.00,0,0,0.00,0.00,0.00,0,0,0.00,0.00,0,0
1508090816,s2-eth1,0.00,0.00,0.00,0,0,0.00,0.00,0.00,0,0,0.00,0.00,0,0
1508090816,lo,171.83,171.83,343.66,172,172,3.00,3.00,5.99,3,3,0.00,0.00,0,0
1508090816,total,171.83,171.83,343.66,172,172,3.00,3.00,5.99,3,3,0.00,0.00,0,0
1508090817,s1,0.00,42.00,42.00,42,0,0.00,1.00,1.00,1,0,0.00,0.00,0,0
1508090817,eth0,0.00,0.00,0.00,0,0,0.00,0.00,0.00,0,0,0.00,0.00,0,0
1508090817,eth1,0.00,0.00,0.00,0,0,0.00,0.00,0.00,0,0,0.00,0.00,0,0
1508090817,s2,0.00,84.00,84.00,84,0,0.00,2.00,2.00,2,0,0.00,0.00,0,0
1508090817,s1-eth2,11732.00,249206.00,260938.00,249206,11732,146.00,175.00,321.00,175,146,0.00,0.00,0,0
1508090817,s1-eth1,229866.00,11732.00,241598.00,11732,229866,163.00,146.00,309.00,146,163,0.00,0.00,0,0
1508090817,s2-eth2,132.00,260.00,392.00,260,132,2.00,4.00,6.00,4,2,0.00,0.00,0,0
1508090817,s2-eth1,260.00,132.00,392.00,132,260,4.00,2.00,6.00,2,4,0.00,0.00,0,0
1508090817,lo,4684.00,4684.00,9368.00,4684,4684,41.00,41.00,82.00,41,41,0.00,0.00,0,0
1508090817,total,246674.00,266140.00,512814.00,266140,246674,356.00,371.00,727.00,371,356,0.00,0.00,0,0
1508090818,s1,0.00,41.96,41.96,42,0,0.00,1.00,1.00,1,0,0.00,0.00,0,0
1508090818,eth0,0.00,0.00,0.00,0,0,0.00,0.00,0.00,0,0,0.00,0.00,0,0
1508090818,eth1,0.00,0.00,0.00,0,0,0.00,0.00,0.00,0,0,0.00,0.00,0,0
1508090818,s2,0.00,41.96,41.96,42,0,0.00,1.00,1.00,1,0,0.00,0.00,0,0
1508090818,s1-eth2,10105.89,255652.36,265758.25,255908,10116,129.87,169.83,299.70,170,130,0.00,0.00,0,0
1508090818,s1-eth1,249602.41,10105.89,259708.30,10116,249852,165.83,129.87,295.70,130,166,0.00,0.00,0,0
1508090818,s2-eth2,2865.14,98443.56,101308.70,98542,2868,35.96,66.93,102.90,67,36,0.00,0.00,0,0
1508090818,s2-eth1,77268.73,2951.05,80219.78,2954,77346,52.95,36.96,89.91,37,53,0.00,0.00,0,0
1508090818,lo,479.52,479.52,959.04,480,480,5.99,5.99,11.99,6,6,0.00,0.00,0,0
1508090818,total,340321.69,367716.28,708038.00,368084,340662,390.61,411.59,802.20,412,391,0.00,0.00,0,0
1508090819,s1,0.00,41.96,41.96,42,0,0.00,1.00,1.00,1,0,0.00,0.00,0,0
1508090819,eth0,0.00,0.00,0.00,0,0,0.00,0.00,0.00,0,0,0.00,0.00,0,0
1508090819,eth1,0.00,0.00,0.00,0,0,0.00,0.00,0.00,0,0,0.00,0.00,0,0
1508090819,s2,0.00,41.96,41.96,42,0,0.00,1.00,1.00,1,0,0.00,0.00,0,0
1508090819,s1-eth2,12273.73,260189.81,272463.53,260450,12286,160.84,172.83,333.67,173,161,0.00,0.00,0,0
1508090819,s1-eth1,251114.89,12347.65,263462.53,12360,251366,166.83,161.84,328.67,162,167,0.00,0.00,0,0
1508090819,s2-eth2,9730.27,175490.52,185220.78,175666,9740,119.88,116.88,236.76,117,120,0.00,0.00,0,0
1508090819,s2-eth1,178515.48,9644.36,188159.84,9654,178694,118.88,118.88,237.76,119,119,0.00,0.00,0,0
1508090819,lo,479.52,479.52,959.04,480,480,5.99,5.99,11.99,6,6,0.00,0.00,0,0
1508090819,total,452113.91,458235.78,910349.69,458694,452566,572.43,578.42,1150.85,579,573,0.00,0.00,0,0
1508090820,s1,0.00,41.96,41.96,42,0,0.00,1.00,1.00,1,0,0.00,0.00,0,0
1508090820,eth0,0.00,0.00,0.00,0,0,0.00,0.00,0.00,0,0,0.00,0.00,0,0
1508090820,eth1,0.00,0.00,0.00,0,0,0.00,0.00,0.00,0,0,0.00,0.00,0,0
1508090820,s2,0.00,41.96,41.96,42,0,0.00,1.00,1.00,1,0,0.00,0.00,0,0
1508090820,s1-eth2,12257.74,258677.33,270935.06,258936,12270,160.84,171.83,332.67,172,161,0.00,0.00,0,0
1508090820,s1-eth1,249602.41,12183.82,261786.22,12196,249852,165.83,159.84,325.67,160,166,0.00,0.00,0,0
1508090820,s2-eth2,5658.34,124065.94,129724.28,124190,5664,69.93,82.92,152.85,83,70,0.00,0.00,0,0
1508090820,s2-eth1,121040.96,5658.34,126699.30,5664,121162,80.92,69.93,150.85,70,81,0.00,0.00,0,0
1508090820,lo,479.52,479.52,959.04,480,480,5.99,5.99,11.99,6,6,0.00,0.00,0,0
1508090820,total,389038.97,401148.88,790187.81,401550,389428,483.52,492.51,976.02,493,484,0.00,0.00,0,0
1508090821,s1,0.00,42.00,42.00,42,0,0.00,1.00,1.00,1,0,0.00,0.00,0,0
1508090821,eth0,0.00,0.00,0.00,0,0,0.00,0.00,0.00,0,0,0.00,0.00,0,0
1508090821,eth1,0.00,0.00,0.00,0,0,0.00,0.00,0.00,0,0,0.00,0.00,0,0
1508090821,s2,0.00,42.00,42.00,42,0,0.00,1.00,1.00,1,0,0.00,0.00,0,0
1508090821,s1-eth2,12000.00,257422.00,269422.00,257422,12000,154.00,171.00,325.00,171,154,0.00,0.00,0,0
1508090821,s1-eth1,246824.00,12000.00,258824.00,12000,246824,164.00,154.00,318.00,154,164,0.00,0.00,0,0
1508090821,s2-eth2,4070.00,109050.00,113120.00,109050,4070,55.00,73.00,128.00,73,55,0.00,0.00,0,0
1508090821,s2-eth1,113592.00,4070.00,117662.00,4070,113592,76.00,55.00,131.00,55,76,0.00,0.00,0,0
1508090821,lo,480.00,480.00,960.00,480,480,6.00,6.00,12.00,6,6,0.00,0.00,0,0
1508090821,total,376966.00,383106.00,760072.00,383106,376966,455.00,461.00,916.00,461,455,0.00,0.00,0,0
1508090822,s1,0.00,42.00,42.00,42,0,0.00,1.00,1.00,1,0,0.00,0.00,0,0
1508090822,eth0,0.00,0.00,0.00,0,0,0.00,0.00,0.00,0,0,0.00,0.00,0,0
1508090822,eth1,0.00,0.00,0.00,0,0,0.00,0.00,0.00,0,0,0.00,0.00,0,0
1508090822,s2,0.00,42.00,42.00,42,0,0.00,1.00,1.00,1,0,0.00,0.00,0,0
1508090822,s1-eth2,12420.00,258936.00,271356.00,258936,12420,162.00,172.00,334.00,172,162,0.00,0.00,0,0
1508090822,s1-eth1,249852.00,12420.00,262272.00,12420,249852,166.00,162.00,328.00,162,166,0.00,0.00,0,0
1508090822,s2-eth2,4040.00,107536.00,111576.00,107536,4040,50.00,72.00,122.00,72,50,0.00,0.00,0,0
1508090822,s2-eth1,101480.00,4040.00,105520.00,4040,101480,68.00,50.00,118.00,50,68,0.00,0.00,0,0
1508090822,lo,480.00,480.00,960.00,480,480,6.00,6.00,12.00,6,6,0.00,0.00,0,0
1508090822,total,368272.00,383496.00,751768.00,383496,368272,452.00,464.00,916.00,464,452,0.00,0.00,0,0
1508090823,s1,0.00,0.00,0.00,0,0,0.00,0.00,0.00,0,0,0.00,0.00,0,0
1508090823,eth0,0.00,0.00,0.00,0,0,0.00,0.00,0.00,0,0,0.00,0.00,0,0
1508090823,eth1,0.00,0.00,0.00,0,0,0.00,0.00,0.00,0,0,0.00,0.00,0,0
1508090823,s2,0.00,0.00,0.00,0,0,0.00,0.00,0.00,0,0,0.00,0.00,0,0
1508090823,s1-eth2,12252.00,257380.00,269632.00,257380,12252,162.00,170.00,332.00,170,162,0.00,0.00,0,0
1508090823,s1-eth1,249810.00,12252.00,262062.00,12252,249810,165.00,162.00,327.00,162,165,0.00,0.00,0,0
1508090823,s2-eth2,3868.00,107494.00,111362.00,107494,3868,50.00,71.00,121.00,71,50,0.00,0.00,0,0
1508090823,s2-eth1,107494.00,3868.00,111362.00,3868,107494,71.00,50.00,121.00,50,71,0.00,0.00,0,0
1508090823,lo,0.00,0.00,0.00,0,0,0.00,0.00,0.00,0,0,0.00,0.00,0,0
1508090823,total,373424.00,380994.00,754418.00,380994,373424,448.00,453.00,901.00,453,448,0.00,0.00,0,0
1508090824,s1,0.00,0.00,0.00,0,0,0.00,0.00,0.00,0,0,0.00,0.00,0,0
1508090824,eth0,0.00,0.00,0.00,0,0,0.00,0.00,0.00,0,0,0.00,0.00,0,0
1508090824,eth1,0.00,0.00,0.00,0,0,0.00,0.00,0.00,0,0,0.00,0.00,0,0
1508090824,s2,0.00,0.00,0.00,0,0,0.00,0.00,0.00,0,0,0.00,0.00,0,0
1508090824,s1-eth2,11922.00,261922.00,273844.00,261922,11922,157.00,173.00,330.00,173,157,0.00,0.00,0,0
1508090824,s1-eth1,249810.00,11922.00,261732.00,11922,249810,165.00,157.00,322.00,157,165,0.00,0.00,0,0
1508090824,s2-eth2,4900.00,109008.00,113908.00,109008,4900,62.00,72.00,134.00,72,62,0.00,0.00,0,0
1508090824,s2-eth1,101438.00,4900.00,106338.00,4900,101438,67.00,62.00,129.00,62,67,0.00,0.00,0,0
1508090824,lo,0.00,0.00,0.00,0,0,0.00,0.00,0.00,0,0,0.00,0.00,0,0
1508090824,total,368070.00,387752.00,755822.00,387752,368070,451.00,464.00,915.00,464,451,0.00,0.00,0,0
1508090825,s1,0.00,0.00,0.00,0,0,0.00,0.00,0.00,0,0,0.00,0.00,0,0
1508090825,eth0,0.00,0.00,0.00,0,0,0.00,0.00,0.00,0,0,0.00,0.00,0,0
1508090825,eth1,0.00,0.00,0.00,0,0,0.00,0.00,0.00,0,0,0.00,0.00,0,0
1508090825,s2,0.00,0.00,0.00,0,0,0.00,0.00,0.00,0,0,0.00,0.00,0,0
1508090825,s1-eth2,12922.00,254352.00,267274.00,254352,12922,161.00,168.00,329.00,168,161,0.00,0.00,0,0
1508090825,s1-eth1,249810.00,12580.00,262390.00,12580,249810,165.00,160.00,325.00,160,165,0.00,0.00,0,0
1508090825,s2-eth2,2986.00,77214.00,80200.00,77214,2986,39.00,51.00,90.00,51,39,0.00,0.00,0,0
1508090825,s2-eth1,81756.00,2986.00,84742.00,2986,81756,54.00,39.00,93.00,39,54,0.00,0.00,0,0
1508090825,lo,0.00,0.00,0.00,0,0,0.00,0.00,0.00,0,0,0.00,0.00,0,0
1508090825,total,347474.00,347132.00,694606.00,347132,347474,419.00,418.00,837.00,418,419,0.00,0.00,0,0
1508090826,s1,0.00,0.00,0.00,0,0,0.00,0.00,0.00,0,0,0.00,0.00,0,0
1508090826,eth0,0.00,0.00,0.00,0,0,0.00,0.00,0.00,0,0,0.00,0.00,0,0
1508090826,eth1,0.00,0.00,0.00,0,0,0.00,0.00,0.00,0,0,0.00,0.00,0,0
1508090826,s2,0.00,0.00,0.00,0,0,0.00,0.00,0.00,0,0,0.00,0.00,0,0
1508090826,s1-eth2,11866.00,263436.00,275302.00,263436,11866,155.00,174.00,329.00,174,155,0.00,0.00,0,0
1508090826,s1-eth1,249810.00,11866.00,261676.00,11866,249810,165.00,155.00,320.00,155,165,0.00,0.00,0,0
1508090826,s2-eth2,3440.00,74186.00,77626.00,74186,3440,42.00,49.00,91.00,49,42,0.00,0.00,0,0
1508090826,s2-eth1,68130.00,3440.00,71570.00,3440,68130,45.00,42.00,87.00,42,45,0.00,0.00,0,0
1508090826,lo,344.00,344.00,688.00,344,344,6.00,6.00,12.00,6,6,0.00,0.00,0,0
1508090826,total,333590.00,353272.00,686862.00,353272,333590,413.00,426.00,839.00,426,413,0.00,0.00,0,0
1508090827,s1,0.00,0.00,0.00,0,0,0.00,0.00,0.00,0,0,0.00,0.00,0,0
1508090827,eth0,0.00,0.00,0.00,0,0,0.00,0.00,0.00,0,0,0.00,0.00,0,0
1508090827,eth1,0.00,0.00,0.00,0,0,0.00,0.00,0.00,0,0,0.00,0.00,0,0
1508090827,s2,0.00,0.00,0.00,0,0,0.00,0.00,0.00,0,0,0.00,0.00,0,0
1508090827,s1-eth2,12322.00,254352.00,266674.00,254352,12322,161.00,168.00,329.00,168,161,0.00,0.00,0,0
1508090827,s1-eth1,249810.00,12322.00,262132.00,12322,249810,165.00,161.00,326.00,161,165,0.00,0.00,0,0
1508090827,s2-eth2,3304.00,69686.00,72990.00,69686,3304,40.00,47.00,87.00,47,40,0.00,0.00,0,0
1508090827,s2-eth1,65144.00,2962.00,68106.00,2962,65144,44.00,39.00,83.00,39,44,0.00,0.00,0,0
1508090827,lo,592.00,592.00,1184.00,592,592,6.00,6.00,12.00,6,6,0.00,0.00,0,0
1508090827,total,331172.00,339914.00,671086.00,339914,331172,416.00,421.00,837.00,421,416,0.00,0.00,0,0
1508090828,s1,0.00,0.00,0.00,0,0,0.00,0.00,0.00,0,0,0.00,0.00,0,0
1508090828,eth0,0.00,0.00,0.00,0,0,0.00,0.00,0.00,0,0,0.00,0.00,0,0
1508090828,eth1,0.00,0.00,0.00,0,0,0.00,0.00,0.00,0,0,0.00,0.00,0,0
1508090828,s2,0.00,0.00,0.00,0,0,0.00,0.00,0.00,0,0,0.00,0.00,0,0
1508090828,s1-eth2,12365.00,258894.00,271259.00,258894,12365,160.00,171.00,331.00,171,160,0.00,0.00,0,0
1508090828,s1-eth1,250152.00,12258.00,262410.00,12258,250152,166.00,159.00,325.00,159,166,0.00,0.00,0,0
1508090828,s2-eth2,2516.00,72672.00,75188.00,72672,2516,34.00,48.00,82.00,48,34,0.00,0.00,0,0
1508090828,s2-eth1,75700.00,2516.00,78216.00,2516,75700,50.00,34.00,84.00,34,50,0.00,0.00,0,0
1508090828,lo,0.00,0.00,0.00,0,0,0.00,0.00,0.00,0,0,0.00,0.00,0,0
1508090828,total,340733.00,346340.00,687073.00,346340,340733,410.00,412.00,822.00,412,410,0.00,0.00,0,0
1508090829,s1,0.00,0.00,0.00,0,0,0.00,0.00,0.00,0,0,0.00,0.00,0,0
1508090829,eth0,0.00,0.00,0.00,0,0,0.00,0.00,0.00,0,0,0.00,0.00,0,0
1508090829,eth1,0.00,0.00,0.00,0,0,0.00,0.00,0.00,0,0,0.00,0.00,0,0
1508090829,s2,0.00,0.00,0.00,0,0,0.00,0.00,0.00,0,0,0.00,0.00,0,0
1508090829,s1-eth2,12038.00,255866.00,267904.00,255866,12038,157.00,169.00,326.00,169,157,0.00,0.00,0,0
1508090829,s1-eth1,249917.00,12038.00,261955.00,12038,249917,166.00,157.00,323.00,157,166,0.00,0.00,0,0
1508090829,s2-eth2,3335.00,80242.00,83577.00,80242,3335,43.00,53.00,96.00,53,43,0.00,0.00,0,0
1508090829,s2-eth1,71265.00,3228.00,74493.00,3228,71265,48.00,42.00,90.00,42,48,0.00,0.00,0,0
1508090829,lo,0.00,0.00,0.00,0,0,0.00,0.00,0.00,0,0,0.00,0.00,0,0
1508090829,total,336555.00,351374.00,687929.00,351374,336555,414.00,421.00,835.00,421,414,0.00,0.00,0,0
1508090830,s1,0.00,0.00,0.00,0,0,0.00,0.00,0.00,0,0,0.00,0.00,0,0
1508090830,eth0,0.00,0.00,0.00,0,0,0.00,0.00,0.00,0,0,0.00,0.00,0,0
1508090830,eth1,0.00,0.00,0.00,0,0,0.00,0.00,0.00,0,0,0.00,0.00,0,0
1508090830,s2,0.00,0.00,0.00,0,0,0.00,0.00,0.00,0,0,0.00,0.00,0,0
1508090830,s1-eth2,12142.00,260408.00,272550.00,260408,12142,161.00,172.00,333.00,172,161,0.00,0.00,0,0
1508090830,s1-eth1,249810.00,12142.00,261952.00,12142,249810,165.00,161.00,326.00,161,165,0.00,0.00,0,0
1508090830,s2-eth2,3006.00,75700.00,78706.00,75700,3006,39.00,50.00,89.00,50,39,0.00,0.00,0,0
1508090830,s2-eth1,80242.00,3006.00,83248.00,3006,80242,53.00,39.00,92.00,39,53,0.00,0.00,0,0
1508090830,lo,0.00,0.00,0.00,0,0,0.00,0.00,0.00,0,0,0.00,0.00,0,0
1508090830,total,345200.00,351256.00,696456.00,351256,345200,418.00,422.00,840.00,422,418,0.00,0.00,0,0
1508090831,s1,0.00,0.00,0.00,0,0,0.00,0.00,0.00,0,0,0.00,0.00,0,0
1508090831,eth0,0.00,0.00,0.00,0,0,0.00,0.00,0.00,0,0,0.00,0.00,0,0
1508090831,eth1,0.00,0.00,0.00,0,0,0.00,0.00,0.00,0,0,0.00,0.00,0,0
1508090831,s2,0.00,0.00,0.00,0,0,0.00,0.00,0.00,0,0,0.00,0.00,0,0
1508090831,s1-eth2,12221.78,249560.45,261782.22,249810,12234,158.84,164.84,323.68,165,159,0.00,0.00,0,0
1508090831,s1-eth1,251072.94,12295.71,263368.62,12308,251324,165.83,159.84,325.67,160,166,0.00,0.00,0,0
1508090831,s2-eth2,4065.93,96799.20,100865.14,96896,4070,54.95,63.94,118.88,64,55,0.00,0.00,0,0
1508090831,s2-eth1,90749.25,4065.93,94815.19,4070,90840,59.94,54.95,114.89,55,60,0.00,0.00,0,0
1508090831,lo,343.66,343.66,687.31,344,344,5.99,5.99,11.99,6,6,0.00,0.00,0,0
1508090831,total,358453.56,363064.94,721518.50,363428,358812,445.55,449.55,895.10,450,446,0.00,0.00,0,0
1508090832,s1,0.00,0.00,0.00,0,0,0.00,0.00,0.00,0,0,0.00,0.00,0,0
1508090832,eth0,0.00,0.00,0.00,0,0,0.00,0.00,0.00,0,0,0.00,0.00,0,0
1508090832,eth1,0.00,0.00,0.00,0,0,0.00,0.00,0.00,0,0,0.00,0.00,0,0
1508090832,s2,0.00,0.00,0.00,0,0,0.00,0.00,0.00,0,0,0.00,0.00,0,0
1508090832,s1-eth2,12129.87,260147.86,272277.72,260408,12142,160.84,171.83,332.67,172,161,0.00,0.00,0,0
1508090832,s1-eth1,249560.45,12055.94,261616.39,12068,249810,164.84,159.84,324.68,160,165,0.00,0.00,0,0
1508090832,s2-eth2,3770.23,122511.49,126281.72,122634,3774,50.95,80.92,131.87,81,51,0.00,0.00,0,0
1508090832,s2-eth1,122511.49,3770.23,126281.72,3774,122634,80.92,50.95,131.87,51,81,0.00,0.00,0,0
1508090832,lo,0.00,0.00,0.00,0,0,0.00,0.00,0.00,0,0,0.00,0.00,0,0
1508090832,total,387972.03,398485.53,786457.56,398884,388360,457.54,463.54,921.08,464,458,0.00,0.00,0,0
1508090833,s1,0.00,0.00,0.00,0,0,0.00,0.00,0.00,0,0,0.00,0.00,0,0
1508090833,eth0,0.00,0.00,0.00,0,0,0.00,0.00,0.00,0,0,0.00,0.00,0,0
1508090833,eth1,0.00,0.00,0.00,0,0,0.00,0.00,0.00,0,0,0.00,0.00,0,0
1508090833,s2,0.00,0.00,0.00,0,0,0.00,0.00,0.00,0,0,0.00,0.00,0,0
1508090833,s1-eth2,12234.00,254352.00,266586.00,254352,12234,157.00,168.00,325.00,168,157,0.00,0.00,0,0
1508090833,s1-eth1,249810.00,12234.00,262044.00,12234,249810,165.00,157.00,322.00,157,165,0.00,0.00,0,0
1508090833,s2-eth2,5520.00,130204.00,135724.00,130204,5520,72.00,86.00,158.00,86,72,0.00,0.00,0,0
1508090833,s2-eth1,133232.00,5520.00,138752.00,5520,133232,88.00,72.00,160.00,72,88,0.00,0.00,0,0
1508090833,lo,0.00,0.00,0.00,0,0,0.00,0.00,0.00,0,0,0.00,0.00,0,0
1508090833,total,400796.00,402310.00,803106.00,402310,400796,482.00,483.00,965.00,483,482,0.00,0.00,0,0
1508090834,s1,0.00,0.00,0.00,0,0,0.00,0.00,0.00,0,0,0.00,0.00,0,0
1508090834,eth0,0.00,0.00,0.00,0,0,0.00,0.00,0.00,0,0,0.00,0.00,0,0
1508090834,eth1,0.00,0.00,0.00,0,0,0.00,0.00,0.00,0,0,0.00,0.00,0,0
1508090834,s2,0.00,0.00,0.00,0,0,0.00,0.00,0.00,0,0,0.00,0.00,0,0
1508090834,s1-eth2,12497.50,260147.86,272645.38,260408,12510,162.84,171.83,334.67,172,163,0.00,0.00,0,0
1508090834,s1-eth1,249560.45,12497.50,262057.95,12510,249810,164.84,162.84,327.67,163,165,0.00,0.00,0,0
1508090834,s2-eth2,4171.83,107386.62,111558.45,107494,4176,53.95,70.93,124.88,71,54,0.00,0.00,0,0
1508090834,s2-eth1,104703.30,4171.83,108875.12,4176,104808,69.93,53.95,123.88,54,70,0.00,0.00,0,0
1508090834,lo,0.00,0.00,0.00,0,0,0.00,0.00,0.00,0,0,0.00,0.00,0,0
1508090834,total,370933.06,384203.81,755136.88,384588,371304,451.55,459.54,911.09,460,452,0.00,0.00,0,0
1508090835,s1,0.00,0.00,0.00,0,0,0.00,0.00,0.00,0,0,0.00,0.00,0,0
1508090835,eth0,0.00,0.00,0.00,0,0,0.00,0.00,0.00,0,0,0.00,0.00,0,0
1508090835,eth1,0.00,0.00,0.00,0,0,0.00,0.00,0.00,0,0,0.00,0.00,0,0
1508090835,s2,0.00,0.00,0.00,0,0,0.00,0.00,0.00,0,0,0.00,0.00,0,0
1508090835,s1-eth2,12332.00,257380.00,269712.00,257380,12332,160.00,170.00,330.00,170,160,0.00,0.00,0,0
1508090835,s1-eth1,251324.00,12418.00,263742.00,12418,251324,166.00,161.00,327.00,161,166,0.00,0.00,0,0
1508090835,s2-eth2,4904.00,109008.00,113912.00,109008,4904,64.00,72.00,136.00,72,64,0.00,0.00,0,0
1508090835,s2-eth1,107494.00,4904.00,112398.00,4904,107494,71.00,64.00,135.00,64,71,0.00,0.00,0,0
1508090835,lo,0.00,0.00,0.00,0,0,0.00,0.00,0.00,0,0,0.00,0.00,0,0
1508090835,total,376054.00,383710.00,759764.00,383710,376054,461.00,467.00,928.00,467,461,0.00,0.00,0,0
1508090836,s1,0.00,0.00,0.00,0,0,0.00,0.00,0.00,0,0,0.00,0.00,0,0
1508090836,eth0,0.00,0.00,0.00,0,0,0.00,0.00,0.00,0,0,0.00,0.00,0,0
1508090836,eth1,0.00,0.00,0.00,0,0,0.00,0.00,0.00,0,0,0.00,0.00,0,0
1508090836,s2,0.00,0.00,0.00,0,0,0.00,0.00,0.00,0,0,0.00,0.00,0,0
1508090836,s1-eth2,11302.00,240726.00,252028.00,240726,11302,145.00,159.00,304.00,159,145,0.00,0.00,0,0
1508090836,s1-eth1,224072.00,11216.00,235288.00,11216,224072,148.00,144.00,292.00,144,148,0.00,0.00,0,0
1508090836,s2-eth2,4238.00,105980.00,110218.00,105980,4238,55.00,70.00,125.00,70,55,0.00,0.00,0,0
1508090836,s2-eth1,105980.00,4238.00,110218.00,4238,105980,70.00,55.00,125.00,55,70,0.00,0.00,0,0
1508090836,lo,344.00,344.00,688.00,344,344,6.00,6.00,12.00,6,6,0.00,0.00,0,0
1508090836,total,345936.00,362504.00,708440.00,362504,345936,424.00,434.00,858.00,434,424,0.00,0.00,0,0
1508090837,s1,0.00,0.00,0.00,0,0,0.00,0.00,0.00,0,0,0.00,0.00,0,0
1508090837,eth0,0.00,0.00,0.00,0,0,0.00,0.00,0.00,0,0,0.00,0.00,0,0
1508090837,eth1,0.00,0.00,0.00,0,0,0.00,0.00,0.00,0,0,0.00,0.00,0,0
1508090837,s2,0.00,0.00,0.00,0,0,0.00,0.00,0.00,0,0,0.00,0.00,0,0
1508090837,s1-eth2,11994.01,264685.31,276679.34,264950,12006,158.84,174.83,333.67,175,159,0.00,0.00,0,0
1508090837,s1-eth1,249560.45,11994.01,261554.45,12006,249810,164.84,158.84,323.68,159,165,0.00,0.00,0,0
1508090837,s2-eth2,4435.56,124023.98,128459.55,124148,4440,59.94,81.92,141.86,82,60,0.00,0.00,0,0
1508090837,s2-eth1,116461.54,4435.56,120897.11,4440,116578,76.92,59.94,136.86,60,77,0.00,0.00,0,0
1508090837,lo,0.00,0.00,0.00,0,0,0.00,0.00,0.00,0,0,0.00,0.00,0,0
1508090837,total,382451.56,405138.88,787590.44,405544,382834,460.54,475.52,936.06,476,461,0.00,0.00,0,0
1508090838,s1,0.00,0.00,0.00,0,0,0.00,0.00,0.00,0,0,0.00,0.00,0,0
1508090838,eth0,0.00,0.00,0.00,0,0,0.00,0.00,0.00,0,0,0.00,0.00,0,0
1508090838,eth1,0.00,0.00,0.00,0,0,0.00,0.00,0.00,0,0,0.00,0.00,0,0
1508090838,s2,0.00,0.00,0.00,0,0,0.00,0.00,0.00,0,0,0.00,0.00,0,0
1508090838,s1-eth2,12557.44,255610.39,268167.84,255866,12570,160.84,168.83,329.67,169,161,0.00,0.00,0,0
1508090838,s1-eth1,249902.11,12215.78,262117.89,12228,250152,165.83,159.84,325.67,160,166,0.00,0.00,0,0
1508090838,s2-eth2,4935.06,108899.10,113834.17,109008,4940,63.94,71.93,135.86,72,64,0.00,0.00,0,0
1508090838,s2-eth1,113436.57,4935.06,118371.63,4940,113550,74.93,63.94,138.86,64,75,0.00,0.00,0,0
1508090838,lo,0.00,0.00,0.00,0,0,0.00,0.00,0.00,0,0,0.00,0.00,0,0
1508090838,total,380831.19,381660.34,762491.50,382042,381212,465.53,464.54,930.07,465,466,0.00,0.00,0,0
1508090839,s1,0.00,0.00,0.00,0,0,0.00,0.00,0.00,0,0,0.00,0.00,0,0
1508090839,eth0,0.00,0.00,0.00,0,0,0.00,0.00,0.00,0,0,0.00,0.00,0,0
1508090839,eth1,0.00,0.00,0.00,0,0,0.00,0.00,0.00,0,0,0.00,0.00,0,0
1508090839,s2,0.00,0.00,0.00,0,0,0.00,0.00,0.00,0,0,0.00,0.00,0,0
1508090839,s1-eth2,12646.00,261922.00,274568.00,261922,12646,161.00,173.00,334.00,173,161,0.00,0.00,0,0
1508090839,s1-eth1,251324.00,12720.00,264044.00,12720,251324,166.00,162.00,328.00,162,166,0.00,0.00,0,0
1508090839,s2-eth2,4180.00,112036.00,116216.00,112036,4180,50.00,74.00,124.00,74,50,0.00,0.00,0,0
1508090839,s2-eth1,109008.00,3838.00,112846.00,3838,109008,72.00,49.00,121.00,49,72,0.00,0.00,0,0
1508090839,lo,0.00,0.00,0.00,0,0,0.00,0.00,0.00,0,0,0.00,0.00,0,0
1508090839,total,377158.00,390516.00,767674.00,390516,377158,449.00,458.00,907.00,458,449,0.00,0.00,0,0
1508090840,s1,0.00,0.00,0.00,0,0,0.00,0.00,0.00,0,0,0.00,0.00,0,0
1508090840,eth0,0.00,0.00,0.00,0,0,0.00,0.00,0.00,0,0,0.00,0.00,0,0
1508090840,eth1,0.00,0.00,0.00,0,0,0.00,0.00,0.00,0,0,0.00,0.00,0,0
1508090840,s2,0.00,0.00,0.00,0,0,0.00,0.00,0.00,0,0,0.00,0.00,0,0
1508090840,s1-eth2,11726.27,251072.94,262799.22,251324,11738,150.85,165.83,316.68,166,151,0.00,0.00,0,0
1508090840,s1-eth1,240485.52,11726.27,252211.80,11738,240726,158.84,150.85,309.69,151,159,0.00,0.00,0,0
1508090840,s2-eth2,4529.47,113436.57,117966.04,113550,4534,58.94,74.93,133.87,75,59,0.00,0.00,0,0
1508090840,s2-eth1,111924.08,4529.47,116453.55,4534,112036,73.93,58.94,132.87,59,74,0.00,0.00,0,0
1508090840,lo,0.00,0.00,0.00,0,0,0.00,0.00,0.00,0,0,0.00,0.00,0,0
1508090840,total,368665.34,380765.25,749430.56,381146,369034,442.56,450.55,893.11,451,443,0.00,0.00,0,0
1508090841,s1,0.00,0.00,0.00,0,0,0.00,0.00,0.00,0,0,0.00,0.00,0,0
1508090841,eth0,0.00,0.00,0.00,0,0,0.00,0.00,0.00,0,0,0.00,0.00,0,0
1508090841,eth1,0.00,0.00,0.00,0,0,0.00,0.00,0.00,0,0,0.00,0.00,0,0
1508090841,s2,0.00,0.00,0.00,0,0,0.00,0.00,0.00,0,0,0.00,0.00,0,0
1508090841,s1-eth2,12312.00,257380.00,269692.00,257380,12312,160.00,170.00,330.00,170,160,0.00,0.00,0,0
1508090841,s1-eth1,249810.00,12332.00,262142.00,12332,249810,165.00,160.00,325.00,160,165,0.00,0.00,0,0
1508090841,s2-eth2,5134.00,102952.00,108086.00,102952,5134,65.00,68.00,133.00,68,65,0.00,0.00,0,0
1508090841,s2-eth1,98410.00,5134.00,103544.00,5134,98410,65.00,65.00,130.00,65,65,0.00,0.00,0,0
1508090841,lo,344.00,344.00,688.00,344,344,6.00,6.00,12.00,6,6,0.00,0.00,0,0
1508090841,total,366010.00,378142.00,744152.00,378142,366010,461.00,469.00,930.00,469,461,0.00,0.00,0,0
1508090842,s1,0.00,0.00,0.00,0,0,0.00,0.00,0.00,0,0,0.00,0.00,0,0
1508090842,eth0,0.00,0.00,0.00,0,0,0.00,0.00,0.00,0,0,0.00,0.00,0,0
1508090842,eth1,0.00,0.00,0.00,0,0,0.00,0.00,0.00,0,0,0.00,0.00,0,0
1508090842,s2,0.00,0.00,0.00,0,0,0.00,0.00,0.00,0,0,0.00,0.00,0,0
1508090842,s1-eth2,12330.00,260408.00,272738.00,260408,12330,161.00,172.00,333.00,172,161,0.00,0.00,0,0
1508090842,s1-eth1,249810.00,12236.00,262046.00,12236,249810,165.00,160.00,325.00,160,165,0.00,0.00,0,0
1508090842,s2-eth2,3832.00,89326.00,93158.00,89326,3832,50.00,59.00,109.00,59,50,0.00,0.00,0,0
1508090842,s2-eth1,84784.00,3832.00,88616.00,3832,84784,56.00,50.00,106.00,50,56,0.00,0.00,0,0
1508090842,lo,0.00,0.00,0.00,0,0,0.00,0.00,0.00,0,0,0.00,0.00,0,0
1508090842,total,350756.00,365802.00,716558.00,365802,350756,432.00,441.00,873.00,441,432,0.00,0.00,0,0
1508090843,s1,0.00,0.00,0.00,0,0,0.00,0.00,0.00,0,0,0.00,0.00,0,0
1508090843,eth0,0.00,0.00,0.00,0,0,0.00,0.00,0.00,0,0,0.00,0.00,0,0
1508090843,eth1,0.00,0.00,0.00,0,0,0.00,0.00,0.00,0,0,0.00,0.00,0,0
1508090843,s2,0.00,0.00,0.00,0,0,0.00,0.00,0.00,0,0,0.00,0.00,0,0
1508090843,s1-eth2,12414.00,258894.00,271308.00,258894,12414,161.00,171.00,332.00,171,161,0.00,0.00,0,0
1508090843,s1-eth1,248296.00,12414.00,260710.00,12414,248296,164.00,161.00,325.00,161,164,0.00,0.00,0,0
1508090843,s2-eth2,3074.00,52990.00,56064.00,52990,3074,37.00,35.00,72.00,35,37,0.00,0.00,0,0
1508090843,s2-eth1,59046.00,3074.00,62120.00,3074,59046,39.00,37.00,76.00,37,39,0.00,0.00,0,0
1508090843,lo,0.00,0.00,0.00,0,0,0.00,0.00,0.00,0,0,0.00,0.00,0,0
1508090843,total,322830.00,327372.00,650202.00,327372,322830,401.00,404.00,805.00,404,401,0.00,0.00,0,0
1508090844,s1,0.00,0.00,0.00,0,0,0.00,0.00,0.00,0,0,0.00,0.00,0,0
1508090844,eth0,456.00,735.00,1191.00,735,456,6.00,6.00,12.00,6,6,0.00,0.00,0,0
1508090844,eth1,0.00,0.00,0.00,0,0,0.00,0.00,0.00,0,0,0.00,0.00,0,0
1508090844,s2,0.00,0.00,0.00,0,0,0.00,0.00,0.00,0,0,0.00,0.00,0,0
1508090844,s1-eth2,12542.00,252838.00,265380.00,252838,12542,161.00,167.00,328.00,167,161,0.00,0.00,0,0
1508090844,s1-eth1,250450.00,12164.00,262614.00,12164,250450,169.00,160.00,329.00,160,169,0.00,0.00,0,0
1508090844,s2-eth2,2682.00,56018.00,58700.00,56018,2682,31.00,37.00,68.00,37,31,0.00,0.00,0,0
1508090844,s2-eth1,45872.00,2230.00,48102.00,2230,45872,32.00,29.00,61.00,29,32,0.00,0.00,0,0
1508090844,lo,1023.00,1023.00,2046.00,1023,1023,12.00,12.00,24.00,12,12,0.00,0.00,0,0
1508090844,total,313025.00,325008.00,638033.00,325008,313025,411.00,411.00,822.00,411,411,0.00,0.00,0,0
1508090845,s1,0.00,0.00,0.00,0,0,0.00,0.00,0.00,0,0,0.00,0.00,0,0
1508090845,eth0,455.54,489.51,945.05,490,456,5.99,4.00,9.99,4,6,0.00,0.00,0,0
1508090845,eth1,0.00,0.00,0.00,0,0,0.00,0.00,0.00,0,0,0.00,0.00,0,0
1508090845,s2,0.00,0.00,0.00,0,0,0.00,0.00,0.00,0,0,0.00,0.00,0,0
1508090845,s1-eth2,12189.81,260147.86,272337.66,260408,12202,158.84,171.83,330.67,172,159,0.00,0.00,0,0
1508090845,s1-eth1,249917.09,11928.07,261845.16,11940,250167,168.83,155.84,324.68,156,169,0.00,0.00,0,0
1508090845,s2-eth2,2377.62,43862.14,46239.76,43906,2380,29.97,28.97,58.94,29,30,0.00,0.00,0,0
1508090845,s2-eth1,48587.41,2029.97,50617.38,2032,48636,33.97,25.97,59.94,26,34,0.00,0.00,0,0
1508090845,lo,805.19,805.19,1610.39,806,806,9.99,9.99,19.98,10,10,0.00,0.00,0,0
1508090845,total,314332.69,319262.75,633595.44,319582,314647,407.59,396.60,804.20,397,408,0.00,0.00,0,0
1508090846,s1,0.00,0.00,0.00,0,0,0.00,0.00,0.00,0,0,0.00,0.00,0,0
1508090846,eth0,303.70,734.27,1037.96,735,304,4.00,5.99,9.99,6,4,0.00,0.00,0,0
1508090846,eth1,0.00,0.00,0.00,0,0,0.00,0.00,0.00,0,0,0.00,0.00,0,0
1508090846,s2,0.00,0.00,0.00,0,0,0.00,0.00,0.00,0,0,0.00,0.00,0,0
1508090846,s1-eth2,12086.91,254097.91,266184.81,254352,12099,154.85,167.83,322.68,168,155,0.00,0.00,0,0
1508090846,s1-eth1,249902.11,10999.00,260901.11,11010,250152,171.83,146.85,318.68,147,172,0.00,0.00,0,0
1508090846,s2-eth2,3210.79,25712.29,28923.08,25738,3214,24.98,16.98,41.96,17,25,0.00,0.00,0,0
1508090846,s2-eth1,26600.40,1266.73,27867.13,1268,26627,22.98,15.98,38.96,16,23,0.00,0.00,0,0
1508090846,lo,1241.76,1241.76,2483.52,1243,1243,15.98,15.98,31.97,16,16,0.00,0.00,0,0
1508090846,total,293345.66,294051.97,587397.62,294346,293639,394.61,369.63,764.24,370,395,0.00,0.00,0,0
1508090847,s1,0.00,0.00,0.00,0,0,0.00,0.00,0.00,0,0,0.00,0.00,0,0
1508090847,eth0,151.85,244.76,396.60,245,152,2.00,2.00,4.00,2,2,0.00,0.00,0,0
1508090847,eth1,0.00,0.00,0.00,0,0,0.00,0.00,0.00,0,0,0.00,0.00,0,0
1508090847,s2,0.00,0.00,0.00,0,0,0.00,0.00,0.00,0,0,0.00,0.00,0,0
1508090847,s1-eth2,13322.68,252585.42,265908.09,252838,13336,161.84,166.83,328.67,167,162,0.00,0.00,0,0
1508090847,s1-eth1,249827.17,12199.80,262026.98,12212,250077,165.83,157.84,323.68,158,166,0.00,0.00,0,0
1508090847,s2-eth2,1578.42,24199.80,25778.22,24224,1580,16.98,15.98,32.97,16,17,0.00,0.00,0,0
1508090847,s2-eth1,19472.53,1204.80,20677.32,1206,19492,17.98,14.99,32.97,15,18,0.00,0.00,0,0
1508090847,lo,340.66,340.66,681.32,341,341,4.00,4.00,7.99,4,4,0.00,0.00,0,0
1508090847,total,284693.31,290775.22,575468.56,291066,284978,368.63,361.64,730.27,362,369,0.00,0.00,0,0
1508090848,s1,0.00,0.00,0.00,0,0,0.00,0.00,0.00,0,0,0.00,0.00,0,0
1508090848,eth0,0.00,0.00,0.00,0,0,0.00,0.00,0.00,0,0,0.00,0.00,0,0
1508090848,eth1,0.00,0.00,0.00,0,0,0.00,0.00,0.00,0,0,0.00,0.00,0,0
1508090848,s2,0.00,0.00,0.00,0,0,0.00,0.00,0.00,0,0,0.00,0.00,0,0
1508090848,s1-eth2,12900.00,254352.00,267252.00,254352,12900,159.00,168.00,327.00,168,159,0.00,0.00,0,0
1508090848,s1-eth1,250479.00,11964.00,262443.00,11964,250479,167.00,156.00,323.00,156,167,0.00,0.00,0,0
1508090848,s2-eth2,1581.00,24224.00,25805.00,24224,1581,14.00,16.00,30.00,16,14,0.00,0.00,0,0
1508090848,s2-eth1,25160.00,912.00,26072.00,912,25160,19.00,12.00,31.00,12,19,0.00,0.00,0,0
1508090848,lo,0.00,0.00,0.00,0,0,0.00,0.00,0.00,0,0,0.00,0.00,0,0
1508090848,total,290120.00,291452.00,581572.00,291452,290120,359.00,352.00,711.00,352,359,0.00,0.00,0,0
1508090849,s1,0.00,0.00,0.00,0,0,0.00,0.00,0.00,0,0,0.00,0.00,0,0
1508090849,eth0,60.00,60.00,120.00,60,60,1.00,1.00,2.00,1,1,0.00,0.00,0,0
1508090849,eth1,0.00,0.00,0.00,0,0,0.00,0.00,0.00,0,0,0.00,0.00,0,0
1508090849,s2,0.00,0.00,0.00,0,0,0.00,0.00,0.00,0,0,0.00,0.00,0,0
1508090849,s1-eth2,12093.00,263436.00,275529.00,263436,12093,158.00,174.00,332.00,174,158,0.00,0.00,0,0
1508090849,s1-eth1,250147.00,11986.00,262133.00,11986,250147,167.00,157.00,324.00,157,167,0.00,0.00,0,0
1508090849,s2-eth2,1976.00,36336.00,38312.00,36336,1976,23.00,24.00,47.00,24,23,0.00,0.00,0,0
1508090849,s2-eth1,28873.00,1602.00,30475.00,1602,28873,20.00,21.00,41.00,21,20,0.00,0.00,0,0
1508090849,lo,0.00,0.00,0.00,0,0,0.00,0.00,0.00,0,0,0.00,0.00,0,0
1508090849,total,293149.00,313420.00,606569.00,313420,293149,369.00,377.00,746.00,377,369,0.00,0.00,0,0
1508090850,s1,0.00,0.00,0.00,0,0,0.00,0.00,0.00,0,0,0.00,0.00,0,0
1508090850,eth0,0.00,0.00,0.00,0,0,0.00,0.00,0.00,0,0,0.00,0.00,0,0
1508090850,eth1,0.00,0.00,0.00,0,0,0.00,0.00,0.00,0,0,0.00,0.00,0,0
1508090850,s2,0.00,0.00,0.00,0,0,0.00,0.00,0.00,0,0,0.00,0.00,0,0
1508090850,s1-eth2,13206.00,255866.00,269072.00,255866,13206,166.00,169.00,335.00,169,166,0.00,0.00,0,0
1508090850,s1-eth1,249810.00,12542.00,262352.00,12542,249810,165.00,163.00,328.00,163,165,0.00,0.00,0,0
1508090850,s2-eth2,2011.00,39364.00,41375.00,39364,2011,23.00,26.00,49.00,26,23,0.00,0.00,0,0
1508090850,s2-eth1,41542.00,1614.00,43156.00,1614,41542,30.00,21.00,51.00,21,30,0.00,0.00,0,0
1508090850,lo,0.00,0.00,0.00,0,0,0.00,0.00,0.00,0,0,0.00,0.00,0,0
1508090850,total,306569.00,309386.00,615955.00,309386,306569,384.00,379.00,763.00,379,384,0.00,0.00,0,0
1508090851,s1,0.00,0.00,0.00,0,0,0.00,0.00,0.00,0,0,0.00,0.00,0,0
1508090851,eth0,0.00,0.00,0.00,0,0,0.00,0.00,0.00,0,0,0.00,0.00,0,0
1508090851,eth1,0.00,0.00,0.00,0,0,0.00,0.00,0.00,0,0,0.00,0.00,0,0
1508090851,s2,0.00,0.00,0.00,0,0,0.00,0.00,0.00,0,0,0.00,0.00,0,0
1508090851,s1-eth2,12262.00,255866.00,268128.00,255866,12262,161.00,169.00,330.00,169,161,0.00,0.00,0,0
1508090851,s1-eth1,250152.00,12262.00,262414.00,12262,250152,166.00,161.00,327.00,161,166,0.00,0.00,0,0
1508090851,s2-eth2,2044.00,57532.00,59576.00,57532,2044,24.00,38.00,62.00,38,24,0.00,0.00,0,0
1508090851,s2-eth1,54504.00,1702.00,56206.00,1702,54504,36.00,23.00,59.00,23,36,0.00,0.00,0,0
1508090851,lo,344.00,344.00,688.00,344,344,6.00,6.00,12.00,6,6,0.00,0.00,0,0
1508090851,total,319306.00,327706.00,647012.00,327706,319306,393.00,397.00,790.00,397,393,0.00,0.00,0,0
1508090852,s1,0.00,0.00,0.00,0,0,0.00,0.00,0.00,0,0,0.00,0.00,0,0
1508090852,eth0,0.00,0.00,0.00,0,0,0.00,0.00,0.00,0,0,0.00,0.00,0,0
1508090852,eth1,0.00,0.00,0.00,0,0,0.00,0.00,0.00,0,0,0.00,0.00,0,0
1508090852,s2,0.00,0.00,0.00,0,0,0.00,0.00,0.00,0,0,0.00,0.00,0,0
1508090852,s1-eth2,12316.00,255866.00,268182.00,255866,12316,158.00,169.00,327.00,169,158,0.00,0.00,0,0
1508090852,s1-eth1,249917.00,12316.00,262233.00,12316,249917,166.00,158.00,324.00,158,166,0.00,0.00,0,0
1508090852,s2-eth2,3280.00,80242.00,83522.00,80242,3280,44.00,53.00,97.00,53,44,0.00,0.00,0,0
1508090852,s2-eth1,82098.00,3280.00,85378.00,3280,82098,55.00,44.00,99.00,44,55,0.00,0.00,0,0
1508090852,lo,0.00,0.00,0.00,0,0,0.00,0.00,0.00,0,0,0.00,0.00,0,0
1508090852,total,347611.00,351704.00,699315.00,351704,347611,423.00,424.00,847.00,424,423,0.00,0.00,0,0
1508090853,s1,0.00,0.00,0.00,0,0,0.00,0.00,0.00,0,0,0.00,0.00,0,0
1508090853,eth0,0.00,0.00,0.00,0,0,0.00,0.00,0.00,0,0,0.00,0.00,0,0
1508090853,eth1,0.00,0.00,0.00,0,0,0.00,0.00,0.00,0,0,0.00,0.00,0,0
1508090853,s2,0.00,0.00,0.00,0,0,0.00,0.00,0.00,0,0,0.00,0.00,0,0
1508090853,s1-eth2,12512.49,261660.34,274172.84,261922,12525,159.84,172.83,332.67,173,160,0.00,0.00,0,0
1508090853,s1-eth1,248117.89,12137.86,260255.75,12150,248366,164.84,158.84,323.68,159,165,0.00,0.00,0,0
1508090853,s2-eth2,3837.16,92261.74,96098.91,92354,3841,49.95,60.94,110.89,61,50,0.00,0.00,0,0
1508090853,s2-eth1,87831.17,3730.27,91561.44,3734,87919,58.94,48.95,107.89,49,59,0.00,0.00,0,0
1508090853,lo,0.00,0.00,0.00,0,0,0.00,0.00,0.00,0,0,0.00,0.00,0,0
1508090853,total,352298.72,369790.22,722088.94,370160,352651,433.57,441.56,875.12,442,434,0.00,0.00,0,0
1508090854,s1,0.00,0.00,0.00,0,0,0.00,0.00,0.00,0,0,0.00,0.00,0,0
1508090854,eth0,0.00,0.00,0.00,0,0,0.00,0.00,0.00,0,0,0.00,0.00,0,0
1508090854,eth1,0.00,0.00,0.00,0,0,0.00,0.00,0.00,0,0,0.00,0.00,0,0
1508090854,s2,0.00,0.00,0.00,0,0,0.00,0.00,0.00,0,0,0.00,0.00,0,0
1508090854,s1-eth2,11944.00,255866.00,267810.00,255866,11944,156.00,169.00,325.00,169,156,0.00,0.00,0,0
1508090854,s1-eth1,249810.00,11800.00,261610.00,11800,249810,165.00,154.00,319.00,154,165,0.00,0.00,0,0
1508090854,s2-eth2,3516.00,92354.00,95870.00,92354,3516,42.00,61.00,103.00,61,42,0.00,0.00,0,0
1508090854,s2-eth1,92424.00,3104.00,95528.00,3104,92424,62.00,40.00,102.00,40,62,0.00,0.00,0,0
1508090854,lo,0.00,0.00,0.00,0,0,0.00,0.00,0.00,0,0,0.00,0.00,0,0
1508090854,total,357694.00,363124.00,720818.00,363124,357694,425.00,424.00,849.00,424,425,0.00,0.00,0,0
1508090855,s1,0.00,0.00,0.00,0,0,0.00,0.00,0.00,0,0,0.00,0.00,0,0
1508090855,eth0,0.00,0.00,0.00,0,0,0.00,0.00,0.00,0,0,0.00,0.00,0,0
1508090855,eth1,0.00,0.00,0.00,0,0,0.00,0.00,0.00,0,0,0.00,0.00,0,0
1508090855,s2,0.00,0.00,0.00,0,0,0.00,0.00,0.00,0,0,0.00,0.00,0,0
1508090855,s1-eth2,12362.00,257380.00,269742.00,257380,12362,159.00,170.00,329.00,170,159,0.00,0.00,0,0
1508090855,s1-eth1,249810.00,12362.00,262172.00,12362,249810,165.00,159.00,324.00,159,165,0.00,0.00,0,0
1508090855,s2-eth2,3070.00,57574.00,60644.00,57574,3070,39.00,39.00,78.00,39,39,0.00,0.00,0,0
1508090855,s2-eth1,56018.00,3070.00,59088.00,3070,56018,37.00,39.00,76.00,39,37,0.00,0.00,0,0
1508090855,lo,0.00,0.00,0.00,0,0,0.00,0.00,0.00,0,0,0.00,0.00,0,0
1508090855,total,321260.00,330386.00,651646.00,330386,321260,400.00,407.00,807.00,407,400,0.00,0.00,0,0
1508090856,s1,0.00,0.00,0.00,0,0,0.00,0.00,0.00,0,0,0.00,0.00,0,0
1508090856,eth0,0.00,0.00,0.00,0,0,0.00,0.00,0.00,0,0,0.00,0.00,0,0
1508090856,eth1,0.00,0.00,0.00,0,0,0.00,0.00,0.00,0,0,0.00,0.00,0,0
1508090856,s2,0.00,0.00,0.00,0,0,0.00,0.00,0.00,0,0,0.00,0.00,0,0
1508090856,s1-eth2,11944.00,264950.00,276894.00,264950,11944,158.00,175.00,333.00,175,158,0.00,0.00,0,0
1508090856,s1-eth1,249810.00,11944.00,261754.00,11944,249810,165.00,158.00,323.00,158,165,0.00,0.00,0,0
1508090856,s2-eth2,2304.00,59046.00,61350.00,59046,2304,30.00,39.00,69.00,39,30,0.00,0.00,0,0
1508090856,s2-eth1,62116.00,2304.00,64420.00,2304,62116,42.00,30.00,72.00,30,42,0.00,0.00,0,0
1508090856,lo,344.00,344.00,688.00,344,344,6.00,6.00,12.00,6,6,0.00,0.00,0,0
1508090856,total,326518.00,338588.00,665106.00,338588,326518,401.00,408.00,809.00,408,401,0.00,0.00,0,0
1508090857,s1,0.00,0.00,0.00,0,0,0.00,0.00,0.00,0,0,0.00,0.00,0,0
1508090857,eth0,0.00,0.00,0.00,0,0,0.00,0.00,0.00,0,0,0.00,0.00,0,0
1508090857,eth1,0.00,0.00,0.00,0,0,0.00,0.00,0.00,0,0,0.00,0.00,0,0
1508090857,s2,0.00,0.00,0.00,0,0,0.00,0.00,0.00,0,0,0.00,0.00,0,0
1508090857,s1-eth2,11862.14,251072.94,262935.06,251324,11874,154.85,165.83,320.68,166,155,0.00,0.00,0,0
1508090857,s1-eth1,249560.45,11948.05,261508.50,11960,249810,164.84,155.84,320.68,156,165,0.00,0.00,0,0
1508090857,s2-eth2,2599.40,66549.45,69148.85,66616,2602,34.97,43.96,78.92,44,35,0.00,0.00,0,0
1508090857,s2-eth1,60499.50,2599.40,63098.90,2602,60560,39.96,34.97,74.93,35,40,0.00,0.00,0,0
1508090857,lo,0.00,0.00,0.00,0,0,0.00,0.00,0.00,0,0,0.00,0.00,0,0
1508090857,total,324521.50,332169.84,656691.31,332502,324846,394.61,400.60,795.20,401,395,0.00,0.00,0,0
1508090858,s1,0.00,0.00,0.00,0,0,0.00,0.00,0.00,0,0,0.00,0.00,0,0
1508090858,eth0,0.00,0.00,0.00,0,0,0.00,0.00,0.00,0,0,0.00,0.00,0,0
1508090858,eth1,0.00,0.00,0.00,0,0,0.00,0.00,0.00,0,0,0.00,0.00,0,0
1508090858,s2,0.00,0.00,0.00,0,0,0.00,0.00,0.00,0,0,0.00,0.00,0,0
1508090858,s1-eth2,12311.69,258635.38,270947.06,258894,12324,159.84,170.83,330.67,171,160,0.00,0.00,0,0
1508090858,s1-eth1,251072.94,12225.77,263298.72,12238,251324,165.83,158.84,324.68,159,166,0.00,0.00,0,0
1508090858,s2-eth2,2177.82,63524.48,65702.30,63588,2180,27.97,41.96,69.93,42,28,0.00,0.00,0,0
1508090858,s2-eth1,66549.45,2177.82,68727.27,2180,66616,43.96,27.97,71.93,28,44,0.00,0.00,0,0
1508090858,lo,0.00,0.00,0.00,0,0,0.00,0.00,0.00,0,0,0.00,0.00,0,0
1508090858,total,332111.91,336563.44,668675.31,336900,332444,397.60,399.60,797.20,400,398,0.00,0.00,0,0
1508090859,s1,0.00,0.00,0.00,0,0,0.00,0.00,0.00,0,0,0.00,0.00,0,0
1508090859,eth0,0.00,0.00,0.00,0,0,0.00,0.00,0.00,0,0,0.00,0.00,0,0
1508090859,eth1,0.00,0.00,0.00,0,0,0.00,0.00,0.00,0,0,0.00,0.00,0,0
1508090859,s2,0.00,0.00,0.00,0,0,0.00,0.00,0.00,0,0,0.00,0.00,0,0
1508090859,s1-eth2,12190.00,260408.00,272598.00,260408,12190,161.00,172.00,333.00,172,161,0.00,0.00,0,0
1508090859,s1-eth1,249810.00,12190.00,262000.00,12190,249810,165.00,161.00,326.00,161,165,0.00,0.00,0,0
1508090859,s2-eth2,3484.00,69644.00,73128.00,69644,3484,42.00,46.00,88.00,46,42,0.00,0.00,0,0
1508090859,s2-eth1,65102.00,3142.00,68244.00,3142,65102,43.00,41.00,84.00,41,43,0.00,0.00,0,0
1508090859,lo,0.00,0.00,0.00,0,0,0.00,0.00,0.00,0,0,0.00,0.00,0,0
1508090859,total,330586.00,345384.00,675970.00,345384,330586,411.00,420.00,831.00,420,411,0.00,0.00,0,0
1508090860,s1,0.00,0.00,0.00,0,0,0.00,0.00,0.00,0,0,0.00,0.00,0,0
1508090860,eth0,0.00,0.00,0.00,0,0,0.00,0.00,0.00,0,0,0.00,0.00,0,0
1508090860,eth1,0.00,0.00,0.00,0,0,0.00,0.00,0.00,0,0,0.00,0.00,0,0
1508090860,s2,0.00,0.00,0.00,0,0,0.00,0.00,0.00,0,0,0.00,0.00,0,0
1508090860,s1-eth2,12147.85,249560.45,261708.30,249810,12160,157.84,164.84,322.68,165,158,0.00,0.00,0,0
1508090860,s1-eth1,249667.34,12147.85,261815.19,12160,249917,165.83,157.84,323.68,158,166,0.00,0.00,0,0
1508090860,s2-eth2,3212.79,68061.94,71274.73,68130,3216,41.96,44.96,86.91,45,42,0.00,0.00,0,0
1508090860,s2-eth1,68061.94,3212.79,71274.73,3216,68130,44.96,41.96,86.91,42,45,0.00,0.00,0,0
1508090860,lo,0.00,0.00,0.00,0,0,0.00,0.00,0.00,0,0,0.00,0.00,0,0
1508090860,total,333089.91,332983.03,666072.94,333316,333423,410.59,409.59,820.18,410,411,0.00,0.00,0,0
1508090861,s1,0.00,0.00,0.00,0,0,0.00,0.00,0.00,0,0,0.00,0.00,0,0
1508090861,eth0,0.00,0.00,0.00,0,0,0.00,0.00,0.00,0,0,0.00,0.00,0,0
1508090861,eth1,0.00,0.00,0.00,0,0,0.00,0.00,0.00,0,0,0.00,0.00,0,0
1508090861,s2,0.00,0.00,0.00,0,0,0.00,0.00,0.00,0,0,0.00,0.00,0,0
1508090861,s1-eth2,12439.00,260408.00,272847.00,260408,12439,161.00,172.00,333.00,172,161,0.00,0.00,0,0
1508090861,s1-eth1,249810.00,12406.00,262216.00,12406,249810,165.00,161.00,326.00,161,165,0.00,0.00,0,0
1508090861,s2-eth2,2401.00,71158.00,73559.00,71158,2401,32.00,47.00,79.00,47,32,0.00,0.00,0,0
1508090861,s2-eth1,71265.00,2294.00,73559.00,2294,71265,48.00,31.00,79.00,31,48,0.00,0.00,0,0
1508090861,lo,344.00,344.00,688.00,344,344,6.00,6.00,12.00,6,6,0.00,0.00,0,0
1508090861,total,336259.00,346610.00,682869.00,346610,336259,412.00,417.00,829.00,417,412,0.00,0.00,0,0
1508090862,s1,0.00,0.00,0.00,0,0,0.00,0.00,0.00,0,0,0.00,0.00,0,0
1508090862,eth0,0.00,0.00,0.00,0,0,0.00,0.00,0.00,0,0,0.00,0.00,0,0
1508090862,eth1,0.00,0.00,0.00,0,0,0.00,0.00,0.00,0,0,0.00,0.00,0,0
1508090862,s2,0.00,0.00,0.00,0,0,0.00,0.00,0.00,0,0,0.00,0.00,0,0
1508090862,s1-eth2,12458.00,257380.00,269838.00,257380,12458,163.00,170.00,333.00,170,163,0.00,0.00,0,0
1508090862,s1-eth1,251324.00,12458.00,263782.00,12458,251324,166.00,163.00,329.00,163,166,0.00,0.00,0,0
1508090862,s2-eth2,2488.00,69644.00,72132.00,69644,2488,32.00,46.00,78.00,46,32,0.00,0.00,0,0
1508090862,s2-eth1,68130.00,2488.00,70618.00,2488,68130,45.00,32.00,77.00,32,45,0.00,0.00,0,0
1508090862,lo,0.00,0.00,0.00,0,0,0.00,0.00,0.00,0,0,0.00,0.00,0,0
1508090862,total,334400.00,341970.00,676370.00,341970,334400,406.00,411.00,817.00,411,406,0.00,0.00,0,0
1508090863,s1,0.00,0.00,0.00,0,0,0.00,0.00,0.00,0,0,0.00,0.00,0,0
1508090863,eth0,0.00,0.00,0.00,0,0,0.00,0.00,0.00,0,0,0.00,0.00,0,0
1508090863,eth1,0.00,0.00,0.00,0,0,0.00,0.00,0.00,0,0,0.00,0.00,0,0
1508090863,s2,0.00,0.00,0.00,0,0,0.00,0.00,0.00,0,0,0.00,0.00,0,0
1508090863,s1-eth2,12196.00,257380.00,269576.00,257380,12196,160.00,170.00,330.00,170,160,0.00,0.00,0,0
1508090863,s1-eth1,250152.00,12196.00,262348.00,12196,250152,166.00,160.00,326.00,160,166,0.00,0.00,0,0
1508090863,s2-eth2,2846.00,62074.00,64920.00,62074,2846,37.00,41.00,78.00,41,37,0.00,0.00,0,0
1508090863,s2-eth1,59046.00,2846.00,61892.00,2846,59046,39.00,37.00,76.00,37,39,0.00,0.00,0,0
1508090863,lo,0.00,0.00,0.00,0,0,0.00,0.00,0.00,0,0,0.00,0.00,0,0
1508090863,total,324240.00,334496.00,658736.00,334496,324240,402.00,408.00,810.00,408,402,0.00,0.00,0,0
1508090864,s1,0.00,0.00,0.00,0,0,0.00,0.00,0.00,0,0,0.00,0.00,0,0
1508090864,eth0,0.00,0.00,0.00,0,0,0.00,0.00,0.00,0,0,0.00,0.00,0,0
1508090864,eth1,0.00,0.00,0.00,0,0,0.00,0.00,0.00,0,0,0.00,0.00,0,0
1508090864,s2,0.00,0.00,0.00,0,0,0.00,0.00,0.00,0,0,0.00,0.00,0,0
1508090864,s1-eth2,12382.00,257380.00,269762.00,257380,12382,161.00,170.00,331.00,170,161,0.00,0.00,0,0
1508090864,s1-eth1,249810.00,12308.00,262118.00,12308,249810,165.00,160.00,325.00,160,165,0.00,0.00,0,0
1508090864,s2-eth2,3256.00,83270.00,86526.00,83270,3256,44.00,55.00,99.00,55,44,0.00,0.00,0,0
1508090864,s2-eth1,84784.00,3256.00,88040.00,3256,84784,56.00,44.00,100.00,44,56,0.00,0.00,0,0
1508090864,lo,0.00,0.00,0.00,0,0,0.00,0.00,0.00,0,0,0.00,0.00,0,0
1508090864,total,350232.00,356214.00,706446.00,356214,350232,426.00,429.00,855.00,429,426,0.00,0.00,0,0
1508090865,s1,0.00,0.00,0.00,0,0,0.00,0.00,0.00,0,0,0.00,0.00,0,0
1508090865,eth0,0.00,0.00,0.00,0,0,0.00,0.00,0.00,0,0,0.00,0.00,0,0
1508090865,eth1,0.00,0.00,0.00,0,0,0.00,0.00,0.00,0,0,0.00,0.00,0,0
1508090865,s2,0.00,0.00,0.00,0,0,0.00,0.00,0.00,0,0,0.00,0.00,0,0
1508090865,s1-eth2,12011.99,264727.28,276739.28,264992,12024,159.84,175.82,335.66,176,160,0.00,0.00,0,0
1508090865,s1-eth1,249602.41,12011.99,261614.39,12024,249852,165.83,159.84,325.67,160,166,0.00,0.00,0,0
1508090865,s2-eth2,3150.85,87724.28,90875.12,87812,3154,40.96,57.94,98.90,58,41,0.00,0.00,0,0
1508090865,s2-eth1,87724.28,3150.85,90875.12,3154,87812,57.94,40.96,98.90,41,58,0.00,0.00,0,0
1508090865,lo,591.41,591.41,1182.82,592,592,5.99,5.99,11.99,6,6,0.00,0.00,0,0
1508090865,total,353080.94,368205.81,721286.75,368574,353434,430.57,440.56,871.13,441,431,0.00,0.00,0,0
1508090866,s1,0.00,0.00,0.00,0,0,0.00,0.00,0.00,0,0,0.00,0.00,0,0
1508090866,eth0,0.00,0.00,0.00,0,0,0.00,0.00,0.00,0,0,0.00,0.00,0,0
1508090866,eth1,0.00,0.00,0.00,0,0,0.00,0.00,0.00,0,0,0.00,0.00,0,0
1508090866,s2,0.00,0.00,0.00,0,0,0.00,0.00,0.00,0,0,0.00,0.00,0,0
1508090866,s1-eth2,12267.73,248047.95,260315.69,248296,12280,157.84,163.84,321.68,164,158,0.00,0.00,0,0
1508090866,s1-eth1,249560.45,12267.73,261828.17,12280,249810,164.84,157.84,322.68,158,165,0.00,0.00,0,0
1508090866,s2-eth2,4065.93,105874.12,109940.06,105980,4070,54.95,69.93,124.88,70,55,0.00,0.00,0,0
1508090866,s2-eth1,96799.20,4065.93,100865.14,4070,96896,63.94,54.95,118.88,55,64,0.00,0.00,0,0
1508090866,lo,171.83,171.83,343.66,172,172,3.00,3.00,5.99,3,3,0.00,0.00,0,0
1508090866,total,362865.16,370427.59,733292.75,370798,363228,444.56,449.55,894.11,450,445,0.00,0.00,0,0
1508090867,s1,0.00,0.00,0.00,0,0,0.00,0.00,0.00,0,0,0.00,0.00,0,0
1508090867,eth0,0.00,0.00,0.00,0,0,0.00,0.00,0.00,0,0,0.00,0.00,0,0
1508090867,eth1,0.00,0.00,0.00,0,0,0.00,0.00,0.00,0,0,0.00,0.00,0,0
1508090867,s2,0.00,0.00,0.00,0,0,0.00,0.00,0.00,0,0,0.00,0.00,0,0
1508090867,s1-eth2,12968.00,263436.00,276404.00,263436,12968,164.00,174.00,338.00,174,164,0.00,0.00,0,0
1508090867,s1-eth1,249810.00,12626.00,262436.00,12626,249810,165.00,163.00,328.00,163,165,0.00,0.00,0,0
1508090867,s2-eth2,3948.00,71158.00,75106.00,71158,3948,46.00,47.00,93.00,47,46,0.00,0.00,0,0
1508090867,s2-eth1,77214.00,3606.00,80820.00,3606,77214,51.00,45.00,96.00,45,51,0.00,0.00,0,0
1508090867,lo,0.00,0.00,0.00,0,0,0.00,0.00,0.00,0,0,0.00,0.00,0,0
1508090867,total,343940.00,350826.00,694766.00,350826,343940,426.00,429.00,855.00,429,426,0.00,0.00,0,0
1508090868,s1,0.00,0.00,0.00,0,0,0.00,0.00,0.00,0,0,0.00,0.00,0,0
1508090868,eth0,0.00,0.00,0.00,0,0,0.00,0.00,0.00,0,0,0.00,0.00,0,0
1508090868,eth1,0.00,0.00,0.00,0,0,0.00,0.00,0.00,0,0,0.00,0.00,0,0
1508090868,s2,0.00,0.00,0.00,0,0,0.00,0.00,0.00,0,0,0.00,0.00,0,0
1508090868,s1-eth2,12298.00,258894.00,271192.00,258894,12298,161.00,171.00,332.00,171,161,0.00,0.00,0,0
1508090868,s1-eth1,251324.00,12372.00,263696.00,12372,251324,166.00,162.00,328.00,162,166,0.00,0.00,0,0
1508090868,s2-eth2,2934.00,89326.00,92260.00,89326,2934,39.00,59.00,98.00,59,39,0.00,0.00,0,0
1508090868,s2-eth1,80242.00,2934.00,83176.00,2934,80242,53.00,39.00,92.00,39,53,0.00,0.00,0,0
1508090868,lo,0.00,0.00,0.00,0,0,0.00,0.00,0.00,0,0,0.00,0.00,0,0
1508090868,total,346798.00,363526.00,710324.00,363526,346798,419.00,431.00,850.00,431,419,0.00,0.00,0,0
1508090869,s1,0.00,0.00,0.00,0,0,0.00,0.00,0.00,0,0,0.00,0.00,0,0
1508090869,eth0,0.00,0.00,0.00,0,0,0.00,0.00,0.00,0,0,0.00,0.00,0,0
1508090869,eth1,0.00,0.00,0.00,0,0,0.00,0.00,0.00,0,0,0.00,0.00,0,0
1508090869,s2,0.00,0.00,0.00,0,0,0.00,0.00,0.00,0,0,0.00,0.00,0,0
1508090869,s1-eth2,12468.00,252838.00,265306.00,252838,12468,162.00,167.00,329.00,167,162,0.00,0.00,0,0
1508090869,s1-eth1,249810.00,12394.00,262204.00,12394,249810,165.00,161.00,326.00,161,165,0.00,0.00,0,0
1508090869,s2-eth2,2716.00,52990.00,55706.00,52990,2716,34.00,35.00,69.00,35,34,0.00,0.00,0,0
1508090869,s2-eth1,57532.00,2716.00,60248.00,2716,57532,38.00,34.00,72.00,34,38,0.00,0.00,0,0
1508090869,lo,172.00,172.00,344.00,172,172,3.00,3.00,6.00,3,3,0.00,0.00,0,0
1508090869,total,322698.00,321110.00,643808.00,321110,322698,402.00,400.00,802.00,400,402,0.00,0.00,0,0
1508090870,s1,0.00,0.00,0.00,0,0,0.00,0.00,0.00,0,0,0.00,0.00,0,0
1508090870,eth0,0.00,0.00,0.00,0,0,0.00,0.00,0.00,0,0,0.00,0.00,0,0
1508090870,eth1,0.00,0.00,0.00,0,0,0.00,0.00,0.00,0,0,0.00,0.00,0,0
1508090870,s2,0.00,0.00,0.00,0,0,0.00,0.00,0.00,0,0,0.00,0.00,0,0
1508090870,s1-eth2,12054.00,258894.00,270948.00,258894,12054,159.00,171.00,330.00,171,159,0.00,0.00,0,0
1508090870,s1-eth1,249810.00,12054.00,261864.00,12054,249810,165.00,159.00,324.00,159,165,0.00,0.00,0,0
1508090870,s2-eth2,2316.00,59046.00,61362.00,59046,2316,30.00,39.00,69.00,39,30,0.00,0.00,0,0
1508090870,s2-eth1,56018.00,2316.00,58334.00,2316,56018,37.00,30.00,67.00,30,37,0.00,0.00,0,0
1508090870,lo,0.00,0.00,0.00,0,0,0.00,0.00,0.00,0,0,0.00,0.00,0,0
1508090870,total,320198.00,332310.00,652508.00,332310,320198,391.00,399.00,790.00,399,391,0.00,0.00,0,0
1508090871,s1,0.00,0.00,0.00,0,0,0.00,0.00,0.00,0,0,0.00,0.00,0,0
1508090871,eth0,0.00,0.00,0.00,0,0,0.00,0.00,0.00,0,0,0.00,0.00,0,0
1508090871,eth1,0.00,0.00,0.00,0,0,0.00,0.00,0.00,0,0,0.00,0.00,0,0
1508090871,s2,0.00,0.00,0.00,0,0,0.00,0.00,0.00,0,0,0.00,0.00,0,0
1508090871,s1-eth2,12076.00,251324.00,263400.00,251324,12076,158.00,166.00,324.00,166,158,0.00,0.00,0,0
1508090871,s1-eth1,249810.00,12076.00,261886.00,12076,249810,165.00,158.00,323.00,158,165,0.00,0.00,0,0
1508090871,s2-eth2,2590.00,66616.00,69206.00,66616,2590,35.00,44.00,79.00,44,35,0.00,0.00,0,0
1508090871,s2-eth1,65102.00,2590.00,67692.00,2590,65102,43.00,35.00,78.00,35,43,0.00,0.00,0,0
1508090871,lo,172.00,172.00,344.00,172,172,3.00,3.00,6.00,3,3,0.00,0.00,0,0
1508090871,total,329750.00,332778.00,662528.00,332778,329750,404.00,406.00,810.00,406,404,0.00,0.00,0,0
1508090872,s1,0.00,0.00,0.00,0,0,0.00,0.00,0.00,0,0,0.00,0.00,0,0
1508090872,eth0,0.00,0.00,0.00,0,0,0.00,0.00,0.00,0,0,0.00,0.00,0,0
1508090872,eth1,0.00,0.00,0.00,0,0,0.00,0.00,0.00,0,0,0.00,0.00,0,0
1508090872,s2,0.00,0.00,0.00,0,0,0.00,0.00,0.00,0,0,0.00,0.00,0,0
1508090872,s1-eth2,11714.00,261922.00,273636.00,261922,11714,157.00,173.00,330.00,173,157,0.00,0.00,0,0
1508090872,s1-eth1,249810.00,11714.00,261524.00,11714,249810,165.00,157.00,322.00,157,165,0.00,0.00,0,0
1508090872,s2-eth2,2920.00,74186.00,77106.00,74186,2920,38.00,49.00,87.00,49,38,0.00,0.00,0,0
1508090872,s2-eth1,72672.00,2920.00,75592.00,2920,72672,48.00,38.00,86.00,38,48,0.00,0.00,0,0
1508090872,lo,0.00,0.00,0.00,0,0,0.00,0.00,0.00,0,0,0.00,0.00,0,0
1508090872,total,337116.00,350742.00,687858.00,350742,337116,408.00,417.00,825.00,417,408,0.00,0.00,0,0
1508090873,s1,0.00,0.00,0.00,0,0,0.00,0.00,0.00,0,0,0.00,0.00,0,0
1508090873,eth0,0.00,0.00,0.00,0,0,0.00,0.00,0.00,0,0,0.00,0.00,0,0
1508090873,eth1,0.00,0.00,0.00,0,0,0.00,0.00,0.00,0,0,0.00,0.00,0,0
1508090873,s2,0.00,0.00,0.00,0,0,0.00,0.00,0.00,0,0,0.00,0.00,0,0
1508090873,s1-eth2,13016.00,258894.00,271910.00,258894,13016,162.00,171.00,333.00,171,162,0.00,0.00,0,0
1508090873,s1-eth1,249810.00,13090.00,262900.00,13090,249810,165.00,163.00,328.00,163,165,0.00,0.00,0,0
1508090873,s2-eth2,3820.00,77214.00,81034.00,77214,3820,50.00,51.00,101.00,51,50,0.00,0.00,0,0
1508090873,s2-eth1,78728.00,3820.00,82548.00,3820,78728,52.00,50.00,102.00,50,52,0.00,0.00,0,0
1508090873,lo,0.00,0.00,0.00,0,0,0.00,0.00,0.00,0,0,0.00,0.00,0,0
1508090873,total,345374.00,353018.00,698392.00,353018,345374,429.00,435.00,864.00,435,429,0.00,0.00,0,0
1508090874,s1,0.00,0.00,0.00,0,0,0.00,0.00,0.00,0,0,0.00,0.00,0,0
1508090874,eth0,0.00,0.00,0.00,0,0,0.00,0.00,0.00,0,0,0.00,0.00,0,0
1508090874,eth1,0.00,0.00,0.00,0,0,0.00,0.00,0.00,0,0,0.00,0.00,0,0
1508090874,s2,0.00,0.00,0.00,0,0,0.00,0.00,0.00,0,0,0.00,0.00,0,0
1508090874,s1-eth2,12274.00,257380.00,269654.00,257380,12274,159.00,170.00,329.00,170,159,0.00,0.00,0,0
1508090874,s1-eth1,249810.00,12200.00,262010.00,12200,249810,165.00,158.00,323.00,158,165,0.00,0.00,0,0
1508090874,s2-eth2,3336.00,69644.00,72980.00,69644,3336,42.00,46.00,88.00,46,42,0.00,0.00,0,0
1508090874,s2-eth1,62074.00,3336.00,65410.00,3336,62074,41.00,42.00,83.00,42,41,0.00,0.00,0,0
1508090874,lo,172.00,172.00,344.00,172,172,3.00,3.00,6.00,3,3,0.00,0.00,0,0
1508090874,total,327666.00,342732.00,670398.00,342732,327666,410.00,419.00,829.00,419,410,0.00,0.00,0,0
1508090875,s1,0.00,0.00,0.00,0,0,0.00,0.00,0.00,0,0,0.00,0.00,0,0
1508090875,eth0,0.00,0.00,0.00,0,0,0.00,0.00,0.00,0,0,0.00,0.00,0,0
1508090875,eth1,0.00,0.00,0.00,0,0,0.00,0.00,0.00,0,0,0.00,0.00,0,0
1508090875,s2,0.00,0.00,0.00,0,0,0.00,0.00,0.00,0,0,0.00,0.00,0,0
1508090875,s1-eth2,12512.00,260408.00,272920.00,260408,12512,162.00,172.00,334.00,172,162,0.00,0.00,0,0
1508090875,s1-eth1,249810.00,12512.00,262322.00,12512,249810,165.00,162.00,327.00,162,165,0.00,0.00,0,0
1508090875,s2-eth2,2516.00,68130.00,70646.00,68130,2516,34.00,45.00,79.00,45,34,0.00,0.00,0,0
1508090875,s2-eth1,71158.00,2516.00,73674.00,2516,71158,47.00,34.00,81.00,34,47,0.00,0.00,0,0
1508090875,lo,0.00,0.00,0.00,0,0,0.00,0.00,0.00,0,0,0.00,0.00,0,0
1508090875,total,335996.00,343566.00,679562.00,343566,335996,408.00,413.00,821.00,413,408,0.00,0.00,0,0
1508090876,s1,0.00,0.00,0.00,0,0,0.00,0.00,0.00,0,0,0.00,0.00,0,0
1508090876,eth0,0.00,0.00,0.00,0,0,0.00,0.00,0.00,0,0,0.00,0.00,0,0
1508090876,eth1,0.00,0.00,0.00,0,0,0.00,0.00,0.00,0,0,0.00,0.00,0,0
1508090876,s2,0.00,0.00,0.00,0,0,0.00,0.00,0.00,0,0,0.00,0.00,0,0
1508090876,s1-eth2,11980.00,261922.00,273902.00,261922,11980,158.00,173.00,331.00,173,158,0.00,0.00,0,0
1508090876,s1-eth1,249917.00,11980.00,261897.00,11980,249917,166.00,158.00,324.00,158,166,0.00,0.00,0,0
1508090876,s2-eth2,3422.00,72672.00,76094.00,72672,3422,43.00,48.00,91.00,48,43,0.00,0.00,0,0
1508090876,s2-eth1,66616.00,3422.00,70038.00,3422,66616,44.00,43.00,87.00,43,44,0.00,0.00,0,0
1508090876,lo,172.00,172.00,344.00,172,172,3.00,3.00,6.00,3,3,0.00,0.00,0,0
1508090876,total,332107.00,350168.00,682275.00,350168,332107,414.00,425.00,839.00,425,414,0.00,0.00,0,0
1508090877,s1,0.00,0.00,0.00,0,0,0.00,0.00,0.00,0,0,0.00,0.00,0,0
1508090877,eth0,0.00,0.00,0.00,0,0,0.00,0.00,0.00,0,0,0.00,0.00,0,0
1508090877,eth1,0.00,0.00,0.00,0,0,0.00,0.00,0.00,0,0,0.00,0.00,0,0
1508090877,s2,0.00,0.00,0.00,0,0,0.00,0.00,0.00,0,0,0.00,0.00,0,0
1508090877,s1-eth2,12799.00,254352.00,267151.00,254352,12799,163.00,168.00,331.00,168,163,0.00,0.00,0,0
1508090877,s1-eth1,249810.00,12692.00,262502.00,12692,249810,165.00,162.00,327.00,162,165,0.00,0.00,0,0
1508090877,s2-eth2,3113.00,78728.00,81841.00,78728,3113,40.00,52.00,92.00,52,40,0.00,0.00,0,0
1508090877,s2-eth1,72779.00,3006.00,75785.00,3006,72779,49.00,39.00,88.00,39,49,0.00,0.00,0,0
1508090877,lo,0.00,0.00,0.00,0,0,0.00,0.00,0.00,0,0,0.00,0.00,0,0
1508090877,total,338501.00,348778.00,687279.00,348778,338501,417.00,421.00,838.00,421,417,0.00,0.00,0,0
1508090878,s1,0.00,0.00,0.00,0,0,0.00,0.00,0.00,0,0,0.00,0.00,0,0
1508090878,eth0,0.00,0.00,0.00,0,0,0.00,0.00,0.00,0,0,0.00,0.00,0,0
1508090878,eth1,0.00,0.00,0.00,0,0,0.00,0.00,0.00,0,0,0.00,0.00,0,0
1508090878,s2,0.00,0.00,0.00,0,0,0.00,0.00,0.00,0,0,0.00,0.00,0,0
1508090878,s1-eth2,2784.00,52276.00,55060.00,52276,2784,36.00,38.00,74.00,38,36,0.00,0.00,0,0
1508090878,s1-eth1,52276.00,2784.00,55060.00,2784,52276,38.00,36.00,74.00,36,38,0.00,0.00,0,0
1508090878,s2-eth2,912.00,15288.00,16200.00,15288,912,12.00,12.00,24.00,12,12,0.00,0.00,0,0
1508090878,s2-eth1,25886.00,912.00,26798.00,912,25886,19.00,12.00,31.00,12,19,0.00,0.00,0,0
1508090878,lo,0.00,0.00,0.00,0,0,0.00,0.00,0.00,0,0,0.00,0.00,0,0
1508090878,total,81858.00,71260.00,153118.00,71260,81858,105.00,98.00,203.00,98,105,0.00,0.00,0,0
1508090879,s1,0.00,0.00,0.00,0,0,0.00,0.00,0.00,0,0,0.00,0.00,0,0
1508090879,eth0,0.00,0.00,0.00,0,0,0.00,0.00,0.00,0,0,0.00,0.00,0,0
1508090879,eth1,0.00,0.00,0.00,0,0,0.00,0.00,0.00,0,0,0.00,0.00,0,0
1508090879,s2,0.00,0.00,0.00,0,0,0.00,0.00,0.00,0,0,0.00,0.00,0,0
1508090879,s1-eth2,0.00,0.00,0.00,0,0,0.00,0.00,0.00,0,0,0.00,0.00,0,0
1508090879,s1-eth1,0.00,0.00,0.00,0,0,0.00,0.00,0.00,0,0,0.00,0.00,0,0
1508090879,s2-eth2,0.00,0.00,0.00,0,0,0.00,0.00,0.00,0,0,0.00,0.00,0,0
1508090879,s2-eth1,0.00,0.00,0.00,0,0,0.00,0.00,0.00,0,0,0.00,0.00,0,0
1508090879,lo,172.00,172.00,344.00,172,172,3.00,3.00,6.00,3,3,0.00,0.00,0,0
1508090879,total,172.00,172.00,344.00,172,172,3.00,3.00,6.00,3,3,0.00,0.00,0,0
1508090880,s1,0.00,0.00,0.00,0,0,0.00,0.00,0.00,0,0,0.00,0.00,0,0
1508090880,eth0,0.00,0.00,0.00,0,0,0.00,0.00,0.00,0,0,0.00,0.00,0,0
1508090880,eth1,0.00,0.00,0.00,0,0,0.00,0.00,0.00,0,0,0.00,0.00,0,0
1508090880,s2,0.00,0.00,0.00,0,0,0.00,0.00,0.00,0,0,0.00,0.00,0,0
1508090880,s1-eth2,0.00,0.00,0.00,0,0,0.00,0.00,0.00,0,0,0.00,0.00,0,0
1508090880,s1-eth1,0.00,0.00,0.00,0,0,0.00,0.00,0.00,0,0,0.00,0.00,0,0
1508090880,s2-eth2,0.00,0.00,0.00,0,0,0.00,0.00,0.00,0,0,0.00,0.00,0,0
1508090880,s2-eth1,0.00,0.00,0.00,0,0,0.00,0.00,0.00,0,0,0.00,0.00,0,0
1508090880,lo,0.00,0.00,0.00,0,0,0.00,0.00,0.00,0,0,0.00,0.00,0,0
1508090880,total,0.00,0.00,0.00,0,0,0.00,0.00,0.00,0,0,0.00,0.00,0,0
1508090881,s1,0.00,0.00,0.00,0,0,0.00,0.00,0.00,0,0,0.00,0.00,0,0
1508090881,eth0,0.00,0.00,0.00,0,0,0.00,0.00,0.00,0,0,0.00,0.00,0,0
1508090881,eth1,0.00,0.00,0.00,0,0,0.00,0.00,0.00,0,0,0.00,0.00,0,0
1508090881,s2,0.00,0.00,0.00,0,0,0.00,0.00,0.00,0,0,0.00,0.00,0,0
1508090881,s1-eth2,0.00,0.00,0.00,0,0,0.00,0.00,0.00,0,0,0.00,0.00,0,0
1508090881,s1-eth1,0.00,0.00,0.00,0,0,0.00,0.00,0.00,0,0,0.00,0.00,0,0
1508090881,s2-eth2,0.00,0.00,0.00,0,0,0.00,0.00,0.00,0,0,0.00,0.00,0,0
1508090881,s2-eth1,0.00,0.00,0.00,0,0,0.00,0.00,0.00,0,0,0.00,0.00,0,0
1508090881,lo,171.83,171.83,343.66,172,172,3.00,3.00,5.99,3,3,0.00,0.00,0,0
1508090881,total,171.83,171.83,343.66,172,172,3.00,3.00,5.99,3,3,0.00,0.00,0,0
1508090882,s1,0.00,0.00,0.00,0,0,0.00,0.00,0.00,0,0,0.00,0.00,0,0
1508090882,eth0,0.00,0.00,0.00,0,0,0.00,0.00,0.00,0,0,0.00,0.00,0,0
1508090882,eth1,0.00,0.00,0.00,0,0,0.00,0.00,0.00,0,0,0.00,0.00,0,0
1508090882,s2,0.00,0.00,0.00,0,0,0.00,0.00,0.00,0,0,0.00,0.00,0,0
1508090882,s1-eth2,342.00,0.00,342.00,0,342,1.00,0.00,1.00,0,1,0.00,0.00,0,0
1508090882,s1-eth1,342.00,0.00,342.00,0,342,1.00,0.00,1.00,0,1,0.00,0.00,0,0
1508090882,s2-eth2,0.00,0.00,0.00,0,0,0.00,0.00,0.00,0,0,0.00,0.00,0,0
1508090882,s2-eth1,0.00,0.00,0.00,0,0,0.00,0.00,0.00,0,0,0.00,0.00,0,0
1508090882,lo,0.00,0.00,0.00,0,0,0.00,0.00,0.00,0,0,0.00,0.00,0,0
1508090882,total,684.00,0.00,684.00,0,684,2.00,0.00,2.00,0,2,0.00,0.00,0,0
1508090883,s1,0.00,0.00,0.00,0,0,0.00,0.00,0.00,0,0,0.00,0.00,0,0
1508090883,eth0,0.00,0.00,0.00,0,0,0.00,0.00,0.00,0,0,0.00,0.00,0,0
1508090883,eth1,0.00,0.00,0.00,0