1508092069,s1,0.00,0.00,0.00,0,0,0.00,0.00,0.00,0,0,0.00,0.00,0,0
1508092069,eth0,0.00,0.00,0.00,0,0,0.00,0.00,0.00,0,0,0.00,0.00,0,0
1508092069,eth1,0.00,0.00,0.00,0,0,0.00,0.00,0.00,0,0,0.00,0.00,0,0
1508092069,s2,0.00,0.00,0.00,0,0,0.00,0.00,0.00,0,0,0.00,0.00,0,0
1508092069,s1-eth2,0.00,0.00,0.00,0,0,0.00,0.00,0.00,0,0,0.00,0.00,0,0
1508092069,s1-eth1,0.00,0.00,0.00,0,0,0.00,0.00,0.00,0,0,0.00,0.00,0,0
1508092069,s2-eth2,0.00,0.00,0.00,0,0,0.00,0.00,0.00,0,0,0.00,0.00,0,0
1508092069,s2-eth1,0.00,0.00,0.00,0,0,0.00,0.00,0.00,0,0,0.00,0.00,0,0
1508092069,lo,0.00,0.00,0.00,0,0,0.00,0.00,0.00,0,0,0.00,0.00,0,0
1508092069,total,0.00,0.00,0.00,0,0,0.00,0.00,0.00,0,0,0.00,0.00,0,0
1508092070,s1,250.00,500.00,750.00,500,250,3.00,6.00,9.00,6,3,0.00,0.00,0,0
1508092070,eth0,456.00,980.00,1436.00,980,456,6.00,8.00,14.00,8,6,0.00,0.00,0,0
1508092070,eth1,0.00,0.00,0.00,0,0,0.00,0.00,0.00,0,0,0.00,0.00,0,0
1508092070,s2,90.00,250.00,340.00,250,90,1.00,3.00,4.00,3,1,0.00,0.00,0,0
1508092070,s1-eth2,2169.00,250.00,2419.00,250,2169,15.00,3.00,18.00,3,15,0.00,0.00,0,0
1508092070,s1-eth1,2516.00,250.00,2766.00,250,2516,16.00,3.00,19.00,3,16,0.00,0.00,0,0
1508092070,s2-eth2,1946.00,250.00,2196.00,250,1946,9.00,3.00,12.00,3,9,0.00,0.00,0,0
1508092070,s2-eth1,1684.00,0.00,1684.00,0,1684,12.00,0.00,12.00,0,12,0.00,0.00,0,0
1508092070,lo,4748.00,4748.00,9496.00,4748,4748,50.00,50.00,100.00,50,50,0.00,0.00,0,0
1508092070,total,13859.00,7228.00,21087.00,7228,13859,112.00,76.00,188.00,76,112,0.00,0.00,0,0
1508092071,s1,0.00,0.00,0.00,0,0,0.00,0.00,0.00,0,0,0.00,0.00,0,0
1508092071,eth0,152.00,245.00,397.00,245,152,2.00,2.00,4.00,2,2,0.00,0.00,0,0
1508092071,eth1,0.00,0.00,0.00,0,0,0.00,0.00,0.00,0,0,0.00,0.00,0,0
1508092071,s2,0.00,0.00,0.00,0,0,0.00,0.00,0.00,0,0,0.00,0.00,0,0
1508092071,s1-eth2,1073.00,0.00,1073.00,0,1073,5.00,0.00,5.00,0,5,0.00,0.00,0,0
1508092071,s1-eth1,636.00,0.00,636.00,0,636,3.00,0.00,3.00,0,3,0.00,0.00,0,0
1508092071,s2-eth2,294.00,0.00,294.00,0,294,2.00,0.00,2.00,0,2,0.00,0.00,0,0
1508092071,s2-eth1,1398.00,0.00,1398.00,0,1398,6.00,0.00,6.00,0,6,0.00,0.00,0,0
1508092071,lo,341.00,341.00,682.00,341,341,4.00,4.00,8.00,4,4,0.00,0.00,0,0
1508092071,total,3894.00,586.00,4480.00,586,3894,22.00,6.00,28.00,6,22,0.00,0.00,0,0
1508092072,s1,0.00,0.00,0.00,0,0,0.00,0.00,0.00,0,0,0.00,0.00,0,0
1508092072,eth0,0.00,0.00,0.00,0,0,0.00,0.00,0.00,0,0,0.00,0.00,0,0
1508092072,eth1,0.00,0.00,0.00,0,0,0.00,0.00,0.00,0,0,0.00,0.00,0,0
1508092072,s2,0.00,0.00,0.00,0,0,0.00,0.00,0.00,0,0,0.00,0.00,0,0
1508092072,s1-eth2,326.67,0.00,326.67,0,327,1.00,0.00,1.00,0,1,0.00,0.00,0,0
1508092072,s1-eth1,326.67,0.00,326.67,0,327,1.00,0.00,1.00,0,1,0.00,0.00,0,0
1508092072,s2-eth2,668.33,0.00,668.33,0,669,2.00,0.00,2.00,0,2,0.00,0.00,0,0
1508092072,s2-eth1,326.67,0.00,326.67,0,327,1.00,0.00,1.00,0,1,0.00,0.00,0,0
1508092072,lo,0.00,0.00,0.00,0,0,0.00,0.00,0.00,0,0,0.00,0.00,0,0
1508092072,total,1648.35,0.00,1648.35,0,1650,5.00,0.00,5.00,0,5,0.00,0.00,0,0
1508092073,s1,0.00,0.00,0.00,0,0,0.00,0.00,0.00,0,0,0.00,0.00,0,0
1508092073,eth0,0.00,0.00,0.00,0,0,0.00,0.00,0.00,0,0,0.00,0.00,0,0
1508092073,eth1,0.00,0.00,0.00,0,0,0.00,0.00,0.00,0,0,0.00,0.00,0,0
1508092073,s2,69.93,69.93,139.86,70,70,1.00,1.00,2.00,1,1,0.00,0.00,0,0
1508092073,s1-eth2,415.58,41.96,457.54,42,416,3.00,1.00,4.00,1,3,0.00,0.00,0,0
1508092073,s1-eth1,415.58,41.96,457.54,42,416,3.00,1.00,4.00,1,3,0.00,0.00,0,0
1508092073,s2-eth2,583.42,0.00,583.42,0,584,5.00,0.00,5.00,0,5,0.00,0.00,0,0
1508092073,s2-eth1,443.56,69.93,513.49,70,444,3.00,1.00,4.00,1,3,0.00,0.00,0,0
1508092073,lo,1074.93,1074.93,2149.85,1076,1076,10.99,10.99,21.98,11,11,0.00,0.00,0,0
1508092073,total,3003.00,1298.70,4301.70,1300,3006,25.97,14.99,40.96,15,26,0.00,0.00,0,0
1508092074,s1,70.00,140.00,210.00,140,70,1.00,2.00,3.00,2,1,0.00,0.00,0,0
1508092074,eth0,0.00,0.00,0.00,0,0,0.00,0.00,0.00,0,0,0.00,0.00,0,0
1508092074,eth1,0.00,0.00,0.00,0,0,0.00,0.00,0.00,0,0,0.00,0.00,0,0
1508092074,s2,0.00,70.00,70.00,70,0,0.00,1.00,1.00,1,0,0.00,0.00,0,0
1508092074,s1-eth2,537.00,70.00,607.00,70,537,4.00,1.00,5.00,1,4,0.00,0.00,0,0
1508092074,s1-eth1,537.00,70.00,607.00,70,537,4.00,1.00,5.00,1,4,0.00,0.00,0,0
1508092074,s2-eth2,327.00,70.00,397.00,70,327,1.00,1.00,2.00,1,1,0.00,0.00,0,0
1508092074,s2-eth1,467.00,0.00,467.00,0,467,3.00,0.00,3.00,0,3,0.00,0.00,0,0
1508092074,lo,1124.00,1124.00,2248.00,1124,1124,13.00,13.00,26.00,13,13,0.00,0.00,0,0
1508092074,total,3062.00,1544.00,4606.00,1544,3062,26.00,19.00,45.00,19,26,0.00,0.00,0,0
1508092075,s1,0.00,0.00,0.00,0,0,0.00,0.00,0.00,0,0,0.00,0.00,0,0
1508092075,eth0,0.00,0.00,0.00,0,0,0.00,0.00,0.00,0,0,0.00,0.00,0,0
1508092075,eth1,0.00,0.00,0.00,0,0,0.00,0.00,0.00,0,0,0.00,0.00,0,0
1508092075,s2,0.00,0.00,0.00,0,0,0.00,0.00,0.00,0,0,0.00,0.00,0,0
1508092075,s1-eth2,0.00,0.00,0.00,0,0,0.00,0.00,0.00,0,0,0.00,0.00,0,0
1508092075,s1-eth1,341.66,0.00,341.66,0,342,1.00,0.00,1.00,0,1,0.00,0.00,0,0
1508092075,s2-eth2,0.00,0.00,0.00,0,0,0.00,0.00,0.00,0,0,0.00,0.00,0,0
1508092075,s2-eth1,0.00,0.00,0.00,0,0,0.00,0.00,0.00,0,0,0.00,0.00,0,0
1508092075,lo,0.00,0.00,0.00,0,0,0.00,0.00,0.00,0,0,0.00,0.00,0,0
1508092075,total,341.66,0.00,341.66,0,342,1.00,0.00,1.00,0,1,0.00,0.00,0,0
1508092076,s1,0.00,0.00,0.00,0,0,0.00,0.00,0.00,0,0,0.00,0.00,0,0
1508092076,eth0,0.00,0.00,0.00,0,0,0.00,0.00,0.00,0,0,0.00,0.00,0,0
1508092076,eth1,0.00,0.00,0.00,0,0,0.00,0.00,0.00,0,0,0.00,0.00,0,0
1508092076,s2,0.00,0.00,0.00,0,0,0.00,0.00,0.00,0,0,0.00,0.00,0,0
1508092076,s1-eth2,0.00,0.00,0.00,0,0,0.00,0.00,0.00,0,0,0.00,0.00,0,0
1508092076,s1-eth1,0.00,0.00,0.00,0,0,0.00,0.00,0.00,0,0,0.00,0.00,0,0
1508092076,s2-eth2,0.00,0.00,0.00,0,0,0.00,0.00,0.00,0,0,0.00,0.00,0,0
1508092076,s2-eth1,0.00,0.00,0.00,0,0,0.00,0.00,0.00,0,0,0.00,0.00,0,0
1508092076,lo,0.00,0.00,0.00,0,0,0.00,0.00,0.00,0,0,0.00,0.00,0,0
1508092076,total,0.00,0.00,0.00,0,0,0.00,0.00,0.00,0,0,0.00,0.00,0,0
1508092077,s1,0.00,0.00,0.00,0,0,0.00,0.00,0.00,0,0,0.00,0.00,0,0
1508092077,eth0,0.00,0.00,0.00,0,0,0.00,0.00,0.00,0,0,0.00,0.00,0,0
1508092077,eth1,0.00,0.00,0.00,0,0,0.00,0.00,0.00,0,0,0.00,0.00,0,0
1508092077,s2,70.00,70.00,140.00,70,70,1.00,1.00,2.00,1,1,0.00,0.00,0,0
1508092077,s1-eth2,107.00,0.00,107.00,0,107,1.00,0.00,1.00,0,1,0.00,0.00,0,0
1508092077,s1-eth1,107.00,0.00,107.00,0,107,1.00,0.00,1.00,0,1,0.00,0.00,0,0
1508092077,s2-eth2,317.00,0.00,317.00,0,317,4.00,0.00,4.00,0,4,0.00,0.00,0,0
1508092077,s2-eth1,177.00,70.00,247.00,70,177,2.00,1.00,3.00,1,2,0.00,0.00,0,0
1508092077,lo,536.00,536.00,1072.00,536,536,6.00,6.00,12.00,6,6,0.00,0.00,0,0
1508092077,total,1314.00,676.00,1990.00,676,1314,15.00,8.00,23.00,8,15,0.00,0.00,0,0
1508092078,s1,70.00,140.00,210.00,140,70,1.00,2.00,3.00,2,1,0.00,0.00,0,0
1508092078,eth0,0.00,0.00,0.00,0,0,0.00,0.00,0.00,0,0,0.00,0.00,0,0
1508092078,eth1,0.00,0.00,0.00,0,0,0.00,0.00,0.00,0,0,0.00,0.00,0,0
1508092078,s2,0.00,70.00,70.00,70,0,0.00,1.00,1.00,1,0,0.00,0.00,0,0
1508092078,s1-eth2,210.00,70.00,280.00,70,210,3.00,1.00,4.00,1,3,0.00,0.00,0,0
1508092078,s1-eth1,210.00,70.00,280.00,70,210,3.00,1.00,4.00,1,3,0.00,0.00,0,0
1508092078,s2-eth2,0.00,70.00,70.00,70,0,0.00,1.00,1.00,1,0,0.00,0.00,0,0
1508092078,s2-eth1,482.00,0.00,482.00,0,482,3.00,0.00,3.00,0,3,0.00,0.00,0,0
1508092078,lo,1072.00,1072.00,2144.00,1072,1072,12.00,12.00,24.00,12,12,0.00,0.00,0,0
1508092078,total,2044.00,1492.00,3536.00,1492,2044,22.00,18.00,40.00,18,22,0.00,0.00,0,0
1508092079,s1,0.00,0.00,0.00,0,0,0.00,0.00,0.00,0,0,0.00,0.00,0,0
1508092079,eth0,0.00,0.00,0.00,0,0,0.00,0.00,0.00,0,0,0.00,0.00,0,0
1508092079,eth1,0.00,0.00,0.00,0,0,0.00,0.00,0.00,0,0,0.00,0.00,0,0
1508092079,s2,0.00,0.00,0.00,0,0,0.00,0.00,0.00,0,0,0.00,0.00,0,0
1508092079,s1-eth2,342.00,0.00,342.00,0,342,1.00,0.00,1.00,0,1,0.00,0.00,0,0
1508092079,s1-eth1,0.00,0.00,0.00,0,0,0.00,0.00,0.00,0,0,0.00,0.00,0,0
1508092079,s2-eth2,342.00,0.00,342.00,0,342,1.00,0.00,1.00,0,1,0.00,0.00,0,0
1508092079,s2-eth1,0.00,0.00,0.00,0,0,0.00,0.00,0.00,0,0,0.00,0.00,0,0
1508092079,lo,0.00,0.00,0.00,0,0,0.00,0.00,0.00,0,0,0.00,0.00,0,0
1508092079,total,684.00,0.00,684.00,0,684,2.00,0.00,2.00,0,2,0.00,0.00,0,0
1508092080,s1,0.00,0.00,0.00,0,0,0.00,0.00,0.00,0,0,0.00,0.00,0,0
1508092080,eth0,0.00,0.00,0.00,0,0,0.00,0.00,0.00,0,0,0.00,0.00,0,0
1508092080,eth1,0.00,0.00,0.00,0,0,0.00,0.00,0.00,0,0,0.00,0.00,0,0
1508092080,s2,0.00,0.00,0.00,0,0,0.00,0.00,0.00,0,0,0.00,0.00,0,0
1508092080,s1-eth2,0.00,0.00,0.00,0,0,0.00,0.00,0.00,0,0,0.00,0.00,0,0
1508092080,s1-eth1,0.00,0.00,0.00,0,0,0.00,0.00,0.00,0,0,0.00,0.00,0,0
1508092080,s2-eth2,0.00,0.00,0.00,0,0,0.00,0.00,0.00,0,0,0.00,0.00,0,0
1508092080,s2-eth1,0.00,0.00,0.00,0,0,0.00,0.00,0.00,0,0,0.00,0.00,0,0
1508092080,lo,0.00,0.00,0.00,0,0,0.00,0.00,0.00,0,0,0.00,0.00,0,0
1508092080,total,0.00,0.00,0.00,0,0,0.00,0.00,0.00,0,0,0.00,0.00,0,0
1508092081,s1,0.00,0.00,0.00,0,0,0.00,0.00,0.00,0,0,0.00,0.00,0,0
1508092081,eth0,0.00,0.00,0.00,0,0,0.00,0.00,0.00,0,0,0.00,0.00,0,0
1508092081,eth1,0.00,0.00,0.00,0,0,0.00,0.00,0.00,0,0,0.00,0.00,0,0
1508092081,s2,0.00,0.00,0.00,0,0,0.00,0.00,0.00,0,0,0.00,0.00,0,0
1508092081,s1-eth2,0.00,0.00,0.00,0,0,0.00,0.00,0.00,0,0,0.00,0.00,0,0
1508092081,s1-eth1,0.00,0.00,0.00,0,0,0.00,0.00,0.00,0,0,0.00,0.00,0,0
1508092081,s2-eth2,0.00,0.00,0.00,0,0,0.00,0.00,0.00,0,0,0.00,0.00,0,0
1508092081,s2-eth1,0.00,0.00,0.00,0,0,0.00,0.00,0.00,0,0,0.00,0.00,0,0
1508092081,lo,0.00,0.00,0.00,0,0,0.00,0.00,0.00,0,0,0.00,0.00,0,0
1508092081,total,0.00,0.00,0.00,0,0,0.00,0.00,0.00,0,0,0.00,0.00,0,0
1508092082,s1,0.00,0.00,0.00,0,0,0.00,0.00,0.00,0,0,0.00,0.00,0,0
1508092082,eth0,0.00,0.00,0.00,0,0,0.00,0.00,0.00,0,0,0.00,0.00,0,0
1508092082,eth1,0.00,0.00,0.00,0,0,0.00,0.00,0.00,0,0,0.00,0.00,0,0
1508092082,s2,0.00,0.00,0.00,0,0,0.00,0.00,0.00,0,0,0.00,0.00,0,0
1508092082,s1-eth2,0.00,0.00,0.00,0,0,0.00,0.00,0.00,0,0,0.00,0.00,0,0
1508092082,s1-eth1,342.00,0.00,342.00,0,342,1.00,0.00,1.00,0,1,0.00,0.00,0,0
1508092082,s2-eth2,0.00,0.00,0.00,0,0,0.00,0.00,0.00,0,0,0.00,0.00,0,0
1508092082,s2-eth1,0.00,0.00,0.00,0,0,0.00,0.00,0.00,0,0,0.00,0.00,0,0
1508092082,lo,172.00,172.00,344.00,172,172,3.00,3.00,6.00,3,3,0.00,0.00,0,0
1508092082,total,514.00,172.00,686.00,172,514,4.00,3.00,7.00,3,4,0.00,0.00,0,0
1508092083,s1,0.00,0.00,0.00,0,0,0.00,0.00,0.00,0,0,0.00,0.00,0,0
1508092083,eth0,0.00,0.00,0.00,0,0,0.00,0.00,0.00,0,0,0.00,0.00,0,0
1508092083,eth1,0.00,0.00,0.00,0,0,0.00,0.00,0.00,0,0,0.00,0.00,0,0
1508092083,s2,0.00,0.00,0.00,0,0,0.00,0.00,0.00,0,0,0.00,0.00,0,0
1508092083,s1-eth2,0.00,0.00,0.00,0,0,0.00,0.00,0.00,0,0,0.00,0.00,0,0
1508092083,s1-eth1,0.00,0.00,0.00,0,0,0.00,0.00,0.00,0,0,0.00,0.00,0,0
1508092083,s2-eth2,0.00,0.00,0.00,0,0,0.00,0.00,0.00,0,0,0.00,0.00,0,0
1508092083,s2-eth1,0.00,0.00,0.00,0,0,0.00,0.00,0.00,0,0,0.00,0.00,0,0
1508092083,lo,172.00,172.00,344.00,172,172,3.00,3.00,6.00,3,3,0.00,0.00,0,0
1508092083,total,172.00,172.00,344.00,172,172,3.00,3.00,6.00,3,3,0.00,0.00,0,0
1508092084,s1,0.00,0.00,0.00,0,0,0.00,0.00,0.00,0,0,0.00,0.00,0,0
1508092084,eth0,0.00,0.00,0.00,0,0,0.00,0.00,0.00,0,0,0.00,0.00,0,0
1508092084,eth1,0.00,0.00,0.00,0,0,0.00,0.00,0.00,0,0,0.00,0.00,0,0
1508092084,s2,0.00,0.00,0.00,0,0,0.00,0.00,0.00,0,0,0.00,0.00,0,0
1508092084,s1-eth2,0.00,0.00,0.00,0,0,0.00,0.00,0.00,0,0,0.00,0.00,0,0
1508092084,s1-eth1,0.00,0.00,0.00,0,0,0.00,0.00,0.00,0,0,0.00,0.00,0,0
1508092084,s2-eth2,0.00,0.00,0.00,0,0,0.00,0.00,0.00,0,0,0.00,0.00,0,0
1508092084,s2-eth1,0.00,0.00,0.00,0,0,0.00,0.00,0.00,0,0,0.00,0.00,0,0
1508092084,lo,0.00,0.00,0.00,0,0,0.00,0.00,0.00,0,0,0.00,0.00,0,0
1508092084,total,0.00,0.00,0.00,0,0,0.00,0.00,0.00,0,0,0.00,0.00,0,0
1508092085,s1,0.00,0.00,0.00,0,0,0.00,0.00,0.00,0,0,0.00,0.00,0,0
1508092085,eth0,0.00,0.00,0.00,0,0,0.00,0.00,0.00,0,0,0.00,0.00,0,0
1508092085,eth1,0.00,0.00,0.00,0,0,0.00,0.00,0.00,0,0,0.00,0.00,0,0
1508092085,s2,0.00,0.00,0.00,0,0,0.00,0.00,0.00,0,0,0.00,0.00,0,0
1508092085,s1-eth2,107.00,0.00,107.00,0,107,1.00,0.00,1.00,0,1,0.00,0.00,0,0
1508092085,s1-eth1,107.00,0.00,107.00,0,107,1.00,0.00,1.00,0,1,0.00,0.00,0,0
1508092085,s2-eth2,107.00,0.00,107.00,0,107,1.00,0.00,1.00,0,1,0.00,0.00,0,0
1508092085,s2-eth1,107.00,0.00,107.00,0,107,1.00,0.00,1.00,0,1,0.00,0.00,0,0
1508092085,lo,0.00,0.00,0.00,0,0,0.00,0.00,0.00,0,0,0.00,0.00,0,0
1508092085,total,428.00,0.00,428.00,0,428,4.00,0.00,4.00,0,4,0.00,0.00,0,0
1508092086,s1,0.00,0.00,0.00,0,0,0.00,0.00,0.00,0,0,0.00,0.00,0,0
1508092086,eth0,0.00,0.00,0.00,0,0,0.00,0.00,0.00,0,0,0.00,0.00,0,0
1508092086,eth1,0.00,0.00,0.00,0,0,0.00,0.00,0.00,0,0,0.00,0.00,0,0
1508092086,s2,0.00,0.00,0.00,0,0,0.00,0.00,0.00,0,0,0.00,0.00,0,0
1508092086,s1-eth2,0.00,0.00,0.00,0,0,0.00,0.00,0.00,0,0,0.00,0.00,0,0
1508092086,s1-eth1,0.00,0.00,0.00,0,0,0.00,0.00,0.00,0,0,0.00,0.00,0,0
1508092086,s2-eth2,0.00,0.00,0.00,0,0,0.00,0.00,0.00,0,0,0.00,0.00,0,0
1508092086,s2-eth1,0.00,0.00,0.00,0,0,0.00,0.00,0.00,0,0,0.00,0.00,0,0
1508092086,lo,0.00,0.00,0.00,0,0,0.00,0.00,0.00,0,0,0.00,0.00,0,0
1508092086,total,0.00,0.00,0.00,0,0,0.00,0.00,0.00,0,0,0.00,0.00,0,0
1508092087,s1,0.00,0.00,0.00,0,0,0.00,0.00,0.00,0,0,0.00,0.00,0,0
1508092087,eth0,0.00,0.00,0.00,0,0,0.00,0.00,0.00,0,0,0.00,0.00,0,0
1508092087,eth1,0.00,0.00,0.00,0,0,0.00,0.00,0.00,0,0,0.00,0.00,0,0
1508092087,s2,0.00,0.00,0.00,0,0,0.00,0.00,0.00,0,0,0.00,0.00,0,0
1508092087,s1-eth2,0.00,0.00,0.00,0,0,0.00,0.00,0.00,0,0,0.00,0.00,0,0
1508092087,s1-eth1,0.00,0.00,0.00,0,0,0.00,0.00,0.00,0,0,0.00,0.00,0,0
1508092087,s2-eth2,0.00,0.00,0.00,0,0,0.00,0.00,0.00,0,0,0.00,0.00,0,0
1508092087,s2-eth1,0.00,0.00,0.00,0,0,0.00,0.00,0.00,0,0,0.00,0.00,0,0
1508092087,lo,171.83,171.83,343.66,172,172,3.00,3.00,5.99,3,3,0.00,0.00,0,0
1508092087,total,171.83,171.83,343.66,172,172,3.00,3.00,5.99,3,3,0.00,0.00,0,0
1508092088,s1,0.00,0.00,0.00,0,0,0.00,0.00,0.00,0,0,0.00,0.00,0,0
1508092088,eth0,0.00,0.00,0.00,0,0,0.00,0.00,0.00,0,0,0.00,0.00,0,0
1508092088,eth1,0.00,0.00,0.00,0,0,0.00,0.00,0.00,0,0,0.00,0.00,0,0
1508092088,s2,0.00,0.00,0.00,0,0,0.00,0.00,0.00,0,0,0.00,0.00,0,0
1508092088,s1-eth2,0.00,0.00,0.00,0,0,0.00,0.00,0.00,0,0,0.00,0.00,0,0
1508092088,s1-eth1,0.00,0.00,0.00,0,0,0.00,0.00,0.00,0,0,0.00,0.00,0,0
1508092088,s2-eth2,0.00,0.00,0.00,0,0,0.00,0.00,0.00,0,0,0.00,0.00,0,0
1508092088,s2-eth1,0.00,0.00,0.00,0,0,0.00,0.00,0.00,0,0,0.00,0.00,0,0
1508092088,lo,172.00,172.00,344.00,172,172,3.00,3.00,6.00,3,3,0.00,0.00,0,0
1508092088,total,172.00,172.00,344.00,172,172,3.00,3.00,6.00,3,3,0.00,0.00,0,0
1508092089,s1,0.00,42.00,42.00,42,0,0.00,1.00,1.00,1,0,0.00,0.00,0,0
1508092089,eth0,0.00,0.00,0.00,0,0,0.00,0.00,0.00,0,0,0.00,0.00,0,0
1508092089,eth1,0.00,0.00,0.00,0,0,0.00,0.00,0.00,0,0,0.00,0.00,0,0
1508092089,s2,0.00,84.00,84.00,84,0,0.00,2.00,2.00,2,0,0.00,0.00,0,0
1508092089,s1-eth2,12294.00,261318.00,273612.00,261318,12294,151.00,183.00,334.00,183,151,0.00,0.00,0,0
1508092089,s1-eth1,230944.00,12294.00,243238.00,12294,230944,162.00,151.00,313.00,151,162,0.00,0.00,0,0
1508092089,s2-eth2,2386.00,74446.00,76832.00,74446,2386,27.00,53.00,80.00,53,27,0.00,0.00,0,0
1508092089,s2-eth1,56278.00,2044.00,58322.00,2044,56278,41.00,26.00,67.00,26,41,0.00,0.00,0,0
1508092089,lo,4736.00,4736.00,9472.00,4736,4736,42.00,42.00,84.00,42,42,0.00,0.00,0,0
1508092089,total,306638.00,354964.00,661602.00,354964,306638,423.00,458.00,881.00,458,423,0.00,0.00,0,0
1508092090,s1,0.00,42.00,42.00,42,0,0.00,1.00,1.00,1,0,0.00,0.00,0,0
1508092090,eth0,0.00,0.00,0.00,0,0,0.00,0.00,0.00,0,0,0.00,0.00,0,0
1508092090,eth1,0.00,0.00,0.00,0,0,0.00,0.00,0.00,0,0,0.00,0.00,0,0
1508092090,s2,0.00,42.00,42.00,42,0,0.00,1.00,1.00,1,0,0.00,0.00,0,0
1508092090,s1-eth2,12840.00,243796.00,256636.00,243796,12840,158.00,162.00,320.00,162,158,0.00,0.00,0,0
1508092090,s1-eth1,249852.00,12498.00,262350.00,12498,249852,166.00,157.00,323.00,157,166,0.00,0.00,0,0
1508092090,s2-eth2,7026.00,121162.00,128188.00,121162,7026,85.00,81.00,166.00,81,85,0.00,0.00,0,0
1508092090,s2-eth1,124190.00,7026.00,131216.00,7026,124190,83.00,85.00,168.00,85,83,0.00,0.00,0,0
1508092090,lo,480.00,480.00,960.00,480,480,6.00,6.00,12.00,6,6,0.00,0.00,0,0
1508092090,total,394388.00,385046.00,779434.00,385046,394388,498.00,493.00,991.00,493,498,0.00,0.00,0,0
1508092091,s1,0.00,41.96,41.96,42,0,0.00,1.00,1.00,1,0,0.00,0.00,0,0
1508092091,eth0,0.00,0.00,0.00,0,0,0.00,0.00,0.00,0,0,0.00,0.00,0,0
1508092091,eth1,0.00,0.00,0.00,0,0,0.00,0.00,0.00,0,0,0.00,0.00,0,0
1508092091,s2,0.00,41.96,41.96,42,0,0.00,1.00,1.00,1,0,0.00,0.00,0,0
1508092091,s1-eth2,12215.78,261702.31,273918.09,261964,12228,161.84,173.83,335.66,174,162,0.00,0.00,0,0
1508092091,s1-eth1,249602.41,12215.78,261818.19,12228,249852,165.83,161.84,327.67,162,166,0.00,0.00,0,0
1508092091,s2-eth2,4677.32,96841.16,101518.48,96938,4682,60.94,64.94,125.87,65,61,0.00,0.00,0,0
1508092091,s2-eth1,93816.19,4677.32,98493.51,4682,93910,62.94,60.94,123.88,61,63,0.00,0.00,0,0
1508092091,lo,479.52,479.52,959.04,480,480,5.99,5.99,11.99,6,6,0.00,0.00,0,0
1508092091,total,360791.22,376000.00,736791.25,376376,361152,457.54,469.53,927.07,470,458,0.00,0.00,0,0
1508092092,s1,0.00,42.00,42.00,42,0,0.00,1.00,1.00,1,0,0.00,0.00,0,0
1508092092,eth0,0.00,0.00,0.00,0,0,0.00,0.00,0.00,0,0,0.00,0.00,0,0
1508092092,eth1,0.00,0.00,0.00,0,0,0.00,0.00,0.00,0,0,0.00,0.00,0,0
1508092092,s2,0.00,42.00,42.00,42,0,0.00,1.00,1.00,1,0,0.00,0.00,0,0
1508092092,s1-eth2,12536.00,249852.00,262388.00,249852,12536,162.00,166.00,328.00,166,162,0.00,0.00,0,0
1508092092,s1-eth1,249810.00,12536.00,262346.00,12536,249810,165.00,162.00,327.00,162,165,0.00,0.00,0,0
1508092092,s2-eth2,4410.00,89368.00,93778.00,89368,4410,57.00,60.00,117.00,60,57,0.00,0.00,0,0
1508092092,s2-eth1,87854.00,4484.00,92338.00,4484,87854,59.00,58.00,117.00,58,59,0.00,0.00,0,0
1508092092,lo,480.00,480.00,960.00,480,480,6.00,6.00,12.00,6,6,0.00,0.00,0,0
1508092092,total,355090.00,356804.00,711894.00,356804,355090,449.00,454.00,903.00,454,449,0.00,0.00,0,0
1508092093,s1,0.00,42.00,42.00,42,0,0.00,1.00,1.00,1,0,0.00,0.00,0,0
1508092093,eth0,0.00,0.00,0.00,0,0,0.00,0.00,0.00,0,0,0.00,0.00,0,0
1508092093,eth1,0.00,0.00,0.00,0,0,0.00,0.00,0.00,0,0,0.00,0.00,0,0
1508092093,s2,0.00,42.00,42.00,42,0,0.00,1.00,1.00,1,0,0.00,0.00,0,0
1508092093,s1-eth2,12486.00,261964.00,274450.00,261964,12486,163.00,174.00,337.00,174,163,0.00,0.00,0,0
1508092093,s1-eth1,249852.00,12560.00,262412.00,12560,249852,166.00,164.00,330.00,164,166,0.00,0.00,0,0
1508092093,s2-eth2,3770.00,95424.00,99194.00,95424,3770,49.00,64.00,113.00,64,49,0.00,0.00,0,0
1508092093,s2-eth1,95766.00,3696.00,99462.00,3696,95766,65.00,48.00,113.00,48,65,0.00,0.00,0,0
1508092093,lo,480.00,480.00,960.00,480,480,6.00,6.00,12.00,6,6,0.00,0.00,0,0
1508092093,total,362354.00,374208.00,736562.00,374208,362354,449.00,458.00,907.00,458,449,0.00,0.00,0,0
1508092094,s1,0.00,41.96,41.96,42,0,0.00,1.00,1.00,1,0,0.00,0.00,0,0
1508092094,eth0,0.00,0.00,0.00,0,0,0.00,0.00,0.00,0,0,0.00,0.00,0,0
1508092094,eth1,0.00,0.00,0.00,0,0,0.00,0.00,0.00,0,0,0.00,0.00,0,0
1508092094,s2,0.00,41.96,41.96,42,0,0.00,1.00,1.00,1,0,0.00,0.00,0,0
1508092094,s1-eth2,12523.48,257164.84,269688.31,257422,12536,161.84,170.83,332.67,171,162,0.00,0.00,0,0
1508092094,s1-eth1,251114.89,12523.48,263638.38,12536,251366,166.83,161.84,328.67,162,167,0.00,0.00,0,0
1508092094,s2-eth2,3988.01,90791.21,94779.23,90882,3992,51.95,60.94,112.89,61,52,0.00,0.00,0,0
1508092094,s2-eth1,87766.23,3988.01,91754.25,3992,87854,58.94,51.95,110.89,52,59,0.00,0.00,0,0
1508092094,lo,479.52,479.52,959.04,480,480,5.99,5.99,11.99,6,6,0.00,0.00,0,0
1508092094,total,355872.12,365030.97,720903.12,365396,356228,445.55,453.55,899.10,454,446,0.00,0.00,0,0
1508092095,s1,0.00,0.00,0.00,0,0,0.00,0.00,0.00,0,0,0.00,0.00,0,0
1508092095,eth0,0.00,0.00,0.00,0,0,0.00,0.00,0.00,0,0,0.00,0.00,0,0
1508092095,eth1,0.00,0.00,0.00,0,0,0.00,0.00,0.00,0,0,0.00,0.00,0,0
1508092095,s2,0.00,0.00,0.00,0,0,0.00,0.00,0.00,0,0,0.00,0.00,0,0
1508092095,s1-eth2,12202.00,258894.00,271096.00,258894,12202,161.00,171.00,332.00,171,161,0.00,0.00,0,0
1508092095,s1-eth1,249810.00,12128.00,261938.00,12128,249810,165.00,160.00,325.00,160,165,0.00,0.00,0,0
1508092095,s2-eth2,3330.00,104466.00,107796.00,104466,3330,45.00,69.00,114.00,69,45,0.00,0.00,0,0
1508092095,s2-eth1,104466.00,3330.00,107796.00,3330,104466,69.00,45.00,114.00,45,69,0.00,0.00,0,0
1508092095,lo,0.00,0.00,0.00,0,0,0.00,0.00,0.00,0,0,0.00,0.00,0,0
1508092095,total,369808.00,378818.00,748626.00,378818,369808,440.00,445.00,885.00,445,440,0.00,0.00,0,0
1508092096,s1,0.00,0.00,0.00,0,0,0.00,0.00,0.00,0,0,0.00,0.00,0,0
1508092096,eth0,0.00,0.00,0.00,0,0,0.00,0.00,0.00,0,0,0.00,0.00,0,0
1508092096,eth1,0.00,0.00,0.00,0,0,0.00,0.00,0.00,0,0,0.00,0.00,0,0
1508092096,s2,0.00,0.00,0.00,0,0,0.00,0.00,0.00,0,0,0.00,0.00,0,0
1508092096,s1-eth2,12566.00,257380.00,269946.00,257380,12566,161.00,170.00,331.00,170,161,0.00,0.00,0,0
1508092096,s1-eth1,249810.00,12566.00,262376.00,12566,249810,165.00,161.00,326.00,161,165,0.00,0.00,0,0
1508092096,s2-eth2,4032.00,83270.00,87302.00,83270,4032,50.00,55.00,105.00,55,50,0.00,0.00,0,0
1508092096,s2-eth1,81756.00,4032.00,85788.00,4032,81756,54.00,50.00,104.00,50,54,0.00,0.00,0,0
1508092096,lo,0.00,0.00,0.00,0,0,0.00,0.00,0.00,0,0,0.00,0.00,0,0
1508092096,total,348164.00,357248.00,705412.00,357248,348164,430.00,436.00,866.00,436,430,0.00,0.00,0,0
1508092097,s1,0.00,0.00,0.00,0,0,0.00,0.00,0.00,0,0,0.00,0.00,0,0
1508092097,eth0,0.00,0.00,0.00,0,0,0.00,0.00,0.00,0,0,0.00,0.00,0,0
1508092097,eth1,0.00,0.00,0.00,0,0,0.00,0.00,0.00,0,0,0.00,0.00,0,0
1508092097,s2,0.00,0.00,0.00,0,0,0.00,0.00,0.00,0,0,0.00,0.00,0,0
1508092097,s1-eth2,12260.00,261922.00,274182.00,261922,12260,162.00,173.00,335.00,173,162,0.00,0.00,0,0
1508092097,s1-eth1,249810.00,12260.00,262070.00,12260,249810,165.00,162.00,327.00,162,165,0.00,0.00,0,0
1508092097,s2-eth2,3312.00,60560.00,63872.00,60560,3312,42.00,40.00,82.00,40,42,0.00,0.00,0,0
1508092097,s2-eth1,57532.00,3312.00,60844.00,3312,57532,38.00,42.00,80.00,42,38,0.00,0.00,0,0
1508092097,lo,0.00,0.00,0.00,0,0,0.00,0.00,0.00,0,0,0.00,0.00,0,0
1508092097,total,322914.00,338054.00,660968.00,338054,322914,407.00,417.00,824.00,417,407,0.00,0.00,0,0
1508092098,s1,0.00,0.00,0.00,0,0,0.00,0.00,0.00,0,0,0.00,0.00,0,0
1508092098,eth0,0.00,0.00,0.00,0,0,0.00,0.00,0.00,0,0,0.00,0.00,0,0
1508092098,eth1,0.00,0.00,0.00,0,0,0.00,0.00,0.00,0,0,0.00,0.00,0,0
1508092098,s2,0.00,0.00,0.00,0,0,0.00,0.00,0.00,0,0,0.00,0.00,0,0
1508092098,s1-eth2,11726.00,252838.00,264564.00,252838,11726,153.00,167.00,320.00,167,153,0.00,0.00,0,0
1508092098,s1-eth1,249810.00,11812.00,261622.00,11812,249810,165.00,154.00,319.00,154,165,0.00,0.00,0,0
1508092098,s2-eth2,2072.00,56018.00,58090.00,56018,2072,28.00,37.00,65.00,37,28,0.00,0.00,0,0
1508092098,s2-eth1,52990.00,2072.00,55062.00,2072,52990,35.00,28.00,63.00,28,35,0.00,0.00,0,0
1508092098,lo,344.00,344.00,688.00,344,344,6.00,6.00,12.00,6,6,0.00,0.00,0,0
1508092098,total,316942.00,323084.00,640026.00,323084,316942,387.00,392.00,779.00,392,387,0.00,0.00,0,0
1508092099,s1,0.00,0.00,0.00,0,0,0.00,0.00,0.00,0,0,0.00,0.00,0,0
1508092099,eth0,0.00,0.00,0.00,0,0,0.00,0.00,0.00,0,0,0.00,0.00,0,0
1508092099,eth1,0.00,0.00,0.00,0,0,0.00,0.00,0.00,0,0,0.00,0.00,0,0
1508092099,s2,0.00,0.00,0.00,0,0,0.00,0.00,0.00,0,0,0.00,0.00,0,0
1508092099,s1-eth2,12124.00,257380.00,269504.00,257380,12124,158.00,170.00,328.00,170,158,0.00,0.00,0,0
1508092099,s1-eth1,250152.00,12038.00,262190.00,12038,250152,166.00,157.00,323.00,157,166,0.00,0.00,0,0
1508092099,s2-eth2,3024.00,65144.00,68168.00,65144,3024,40.00,44.00,84.00,44,40,0.00,0.00,0,0
1508092099,s2-eth1,66658.00,3024.00,69682.00,3024,66658,45.00,40.00,85.00,40,45,0.00,0.00,0,0
1508092099,lo,592.00,592.00,1184.00,592,592,6.00,6.00,12.00,6,6,0.00,0.00,0,0
1508092099,total,332550.00,338178.00,670728.00,338178,332550,415.00,417.00,832.00,417,415,0.00,0.00,0,0
1508092100,s1,0.00,0.00,0.00,0,0,0.00,0.00,0.00,0,0,0.00,0.00,0,0
1508092100,eth0,0.00,0.00,0.00,0,0,0.00,0.00,0.00,0,0,0.00,0.00,0,0
1508092100,eth1,0.00,0.00,0.00,0,0,0.00,0.00,0.00,0,0,0.00,0.00,0,0
1508092100,s2,0.00,0.00,0.00,0,0,0.00,0.00,0.00,0,0,0.00,0.00,0,0
1508092100,s1-eth2,12314.00,255866.00,268180.00,255866,12314,163.00,169.00,332.00,169,163,0.00,0.00,0,0
1508092100,s1-eth1,251324.00,12314.00,263638.00,12314,251324,166.00,163.00,329.00,163,166,0.00,0.00,0,0
1508092100,s2-eth2,3068.00,71158.00,74226.00,71158,3068,40.00,47.00,87.00,47,40,0.00,0.00,0,0
1508092100,s2-eth1,66616.00,3068.00,69684.00,3068,66616,44.00,40.00,84.00,40,44,0.00,0.00,0,0
1508092100,lo,0.00,0.00,0.00,0,0,0.00,0.00,0.00,0,0,0.00,0.00,0,0
1508092100,total,333322.00,342406.00,675728.00,342406,333322,413.00,419.00,832.00,419,413,0.00,0.00,0,0
1508092101,s1,0.00,0.00,0.00,0,0,0.00,0.00,0.00,0,0,0.00,0.00,0,0
1508092101,eth0,0.00,0.00,0.00,0,0,0.00,0.00,0.00,0,0,0.00,0.00,0,0
1508092101,eth1,0.00,0.00,0.00,0,0,0.00,0.00,0.00,0,0,0.00,0.00,0,0
1508092101,s2,0.00,0.00,0.00,0,0,0.00,0.00,0.00,0,0,0.00,0.00,0,0
1508092101,s1-eth2,12057.00,254352.00,266409.00,254352,12057,156.00,168.00,324.00,168,156,0.00,0.00,0,0
1508092101,s1-eth1,245375.00,12024.00,257399.00,12024,245375,163.00,156.00,319.00,156,163,0.00,0.00,0,0
1508092101,s2-eth2,3323.00,68130.00,71453.00,68130,3323,43.00,45.00,88.00,45,43,0.00,0.00,0,0
1508092101,s2-eth1,68237.00,3216.00,71453.00,3216,68237,46.00,42.00,88.00,42,46,0.00,0.00,0,0
1508092101,lo,0.00,0.00,0.00,0,0,0.00,0.00,0.00,0,0,0.00,0.00,0,0
1508092101,total,328992.00,337722.00,666714.00,337722,328992,408.00,411.00,819.00,411,408,0.00,0.00,0,0
1508092102,s1,0.00,0.00,0.00,0,0,0.00,0.00,0.00,0,0,0.00,0.00,0,0
1508092102,eth0,0.00,0.00,0.00,0,0,0.00,0.00,0.00,0,0,0.00,0.00,0,0
1508092102,eth1,0.00,0.00,0.00,0,0,0.00,0.00,0.00,0,0,0.00,0.00,0,0
1508092102,s2,0.00,0.00,0.00,0,0,0.00,0.00,0.00,0,0,0.00,0.00,0,0
1508092102,s1-eth2,12247.75,254097.91,266345.66,254352,12260,159.84,167.83,327.67,168,160,0.00,0.00,0,0
1508092102,s1-eth1,251072.94,12247.75,263320.69,12260,251324,165.83,159.84,325.67,160,166,0.00,0.00,0,0
1508092102,s2-eth2,1848.15,78649.35,80497.51,78728,1850,24.98,51.95,76.92,52,25,0.00,0.00,0,0
1508092102,s2-eth1,82015.98,1848.15,83864.14,1850,82098,54.95,24.98,79.92,25,55,0.00,0.00,0,0
1508092102,lo,0.00,0.00,0.00,0,0,0.00,0.00,0.00,0,0,0.00,0.00,0,0
1508092102,total,347184.81,346843.16,694028.00,347190,347532,405.59,404.60,810.19,405,406,0.00,0.00,0,0
1508092103,s1,0.00,0.00,0.00,0,0,0.00,0.00,0.00,0,0,0.00,0.00,0,0
1508092103,eth0,0.00,0.00,0.00,0,0,0.00,0.00,0.00,0,0,0.00,0.00,0,0
1508092103,eth1,0.00,0.00,0.00,0,0,0.00,0.00,0.00,0,0,0.00,0.00,0,0
1508092103,s2,0.00,0.00,0.00,0,0,0.00,0.00,0.00,0,0,0.00,0.00,0,0
1508092103,s1-eth2,12542.00,255866.00,268408.00,255866,12542,163.00,169.00,332.00,169,163,0.00,0.00,0,0
1508092103,s1-eth1,249810.00,12468.00,262278.00,12468,249810,165.00,162.00,327.00,162,165,0.00,0.00,0,0
1508092103,s2-eth2,3188.00,72672.00,75860.00,72672,3188,40.00,48.00,88.00,48,40,0.00,0.00,0,0
1508092103,s2-eth1,68130.00,3188.00,71318.00,3188,68130,45.00,40.00,85.00,40,45,0.00,0.00,0,0
1508092103,lo,344.00,344.00,688.00,344,344,6.00,6.00,12.00,6,6,0.00,0.00,0,0
1508092103,total,334014.00,344538.00,678552.00,344538,334014,419.00,425.00,844.00,425,419,0.00,0.00,0,0
1508092104,s1,0.00,0.00,0.00,0,0,0.00,0.00,0.00,0,0,0.00,0.00,0,0
1508092104,eth0,0.00,0.00,0.00,0,0,0.00,0.00,0.00,0,0,0.00,0.00,0,0
1508092104,eth1,0.00,0.00,0.00,0,0,0.00,0.00,0.00,0,0,0.00,0.00,0,0
1508092104,s2,0.00,0.00,0.00,0,0,0.00,0.00,0.00,0,0,0.00,0.00,0,0
1508092104,s1-eth2,12333.67,258635.38,270969.03,258894,12346,158.84,170.83,329.67,171,159,0.00,0.00,0,0
1508092104,s1-eth1,249560.45,12333.67,261894.11,12346,249810,164.84,158.84,323.68,159,165,0.00,0.00,0,0
1508092104,s2-eth2,2313.69,58987.02,61300.70,59046,2316,29.97,38.96,68.93,39,30,0.00,0.00,0,0
1508092104,s2-eth1,57474.53,2313.69,59788.21,2316,57532,37.96,29.97,67.93,30,38,0.00,0.00,0,0
1508092104,lo,0.00,0.00,0.00,0,0,0.00,0.00,0.00,0,0,0.00,0.00,0,0
1508092104,total,321682.31,332269.75,653952.06,332602,322004,391.61,398.60,790.21,399,392,0.00,0.00,0,0
1508092105,s1,0.00,0.00,0.00,0,0,0.00,0.00,0.00,0,0,0.00,0.00,0,0
1508092105,eth0,0.00,0.00,0.00,0,0,0.00,0.00,0.00,0,0,0.00,0.00,0,0
1508092105,eth1,0.00,0.00,0.00,0,0,0.00,0.00,0.00,0,0,0.00,0.00,0,0
1508092105,s2,0.00,0.00,0.00,0,0,0.00,0.00,0.00,0,0,0.00,0.00,0,0
1508092105,s1-eth2,12326.00,261922.00,274248.00,261922,12326,161.00,173.00,334.00,173,161,0.00,0.00,0,0
1508092105,s1-eth1,249810.00,12412.00,262222.00,12412,249810,165.00,162.00,327.00,162,165,0.00,0.00,0,0
1508092105,s2-eth2,1998.00,63588.00,65586.00,63588,1998,27.00,42.00,69.00,42,27,0.00,0.00,0,0
1508092105,s2-eth1,60560.00,1998.00,62558.00,1998,60560,40.00,27.00,67.00,27,40,0.00,0.00,0,0
1508092105,lo,0.00,0.00,0.00,0,0,0.00,0.00,0.00,0,0,0.00,0.00,0,0
1508092105,total,324694.00,339920.00,664614.00,339920,324694,393.00,404.00,797.00,404,393,0.00,0.00,0,0
1508092106,s1,0.00,0.00,0.00,0,0,0.00,0.00,0.00,0,0,0.00,0.00,0,0
1508092106,eth0,0.00,0.00,0.00,0,0,0.00,0.00,0.00,0,0,0.00,0.00,0,0
1508092106,eth1,0.00,0.00,0.00,0,0,0.00,0.00,0.00,0,0,0.00,0.00,0,0
1508092106,s2,0.00,0.00,0.00,0,0,0.00,0.00,0.00,0,0,0.00,0.00,0,0
1508092106,s1-eth2,12696.00,260408.00,273104.00,260408,12696,164.00,172.00,336.00,172,164,0.00,0.00,0,0
1508092106,s1-eth1,251324.00,12610.00,263934.00,12610,251324,166.00,163.00,329.00,163,166,0.00,0.00,0,0
1508092106,s2-eth2,1896.00,63588.00,65484.00,63588,1896,22.00,42.00,64.00,42,22,0.00,0.00,0,0
1508092106,s2-eth1,66616.00,1554.00,68170.00,1554,66616,44.00,21.00,65.00,21,44,0.00,0.00,0,0
1508092106,lo,0.00,0.00,0.00,0,0,0.00,0.00,0.00,0,0,0.00,0.00,0,0
1508092106,total,332532.00,338160.00,670692.00,338160,332532,396.00,398.00,794.00,398,396,0.00,0.00,0,0
1508092107,s1,0.00,0.00,0.00,0,0,0.00,0.00,0.00,0,0,0.00,0.00,0,0
1508092107,eth0,0.00,0.00,0.00,0,0,0.00,0.00,0.00,0,0,0.00,0.00,0,0
1508092107,eth1,0.00,0.00,0.00,0,0,0.00,0.00,0.00,0,0,0.00,0.00,0,0
1508092107,s2,0.00,0.00,0.00,0,0,0.00,0.00,0.00,0,0,0.00,0.00,0,0
1508092107,s1-eth2,11942.00,266464.00,278406.00,266464,11942,153.00,176.00,329.00,176,153,0.00,0.00,0,0
1508092107,s1-eth1,249810.00,11942.00,261752.00,11942,249810,165.00,153.00,318.00,153,165,0.00,0.00,0,0
1508092107,s2-eth2,2402.00,78728.00,81130.00,78728,2402,31.00,52.00,83.00,52,31,0.00,0.00,0,0
1508092107,s2-eth1,74186.00,2402.00,76588.00,2402,74186,49.00,31.00,80.00,31,49,0.00,0.00,0,0
1508092107,lo,0.00,0.00,0.00,0,0,0.00,0.00,0.00,0,0,0.00,0.00,0,0
1508092107,total,338340.00,359536.00,697876.00,359536,338340,398.00,412.00,810.00,412,398,0.00,0.00,0,0
1508092108,s1,0.00,0.00,0.00,0,0,0.00,0.00,0.00,0,0,0.00,0.00,0,0
1508092108,eth0,0.00,0.00,0.00,0,0,0.00,0.00,0.00,0,0,0.00,0.00,0,0
1508092108,eth1,0.00,0.00,0.00,0,0,0.00,0.00,0.00,0,0,0.00,0.00,0,0
1508092108,s2,0.00,0.00,0.00,0,0,0.00,0.00,0.00,0,0,0.00,0.00,0,0
1508092108,s1-eth2,12046.00,260408.00,272454.00,260408,12046,161.00,172.00,333.00,172,161,0.00,0.00,0,0
1508092108,s1-eth1,249810.00,12046.00,261856.00,12046,249810,165.00,161.00,326.00,161,165,0.00,0.00,0,0
1508092108,s2-eth2,1996.00,48448.00,50444.00,48448,1996,26.00,32.00,58.00,32,26,0.00,0.00,0,0
1508092108,s2-eth1,51476.00,1996.00,53472.00,1996,51476,34.00,26.00,60.00,26,34,0.00,0.00,0,0
1508092108,lo,344.00,344.00,688.00,344,344,6.00,6.00,12.00,6,6,0.00,0.00,0,0
1508092108,total,315672.00,323242.00,638914.00,323242,315672,392.00,397.00,789.00,397,392,0.00,0.00,0,0
1508092109,s1,0.00,0.00,0.00,0,0,0.00,0.00,0.00,0,0,0.00,0.00,0,0
1508092109,eth0,0.00,0.00,0.00,0,0,0.00,0.00,0.00,0,0,0.00,0.00,0,0
1508092109,eth1,0.00,0.00,0.00,0,0,0.00,0.00,0.00,0,0,0.00,0.00,0,0
1508092109,s2,0.00,0.00,0.00,0,0,0.00,0.00,0.00,0,0,0.00,0.00,0,0
1508092109,s1-eth2,12410.00,252838.00,265248.00,252838,12410,157.00,167.00,324.00,167,157,0.00,0.00,0,0
1508092109,s1-eth1,249810.00,12068.00,261878.00,12068,249810,165.00,156.00,321.00,156,165,0.00,0.00,0,0
1508092109,s2-eth2,2316.00,59046.00,61362.00,59046,2316,30.00,39.00,69.00,39,30,0.00,0.00,0,0
1508092109,s2-eth1,52990.00,2316.00,55306.00,2316,52990,35.00,30.00,65.00,30,35,0.00,0.00,0,0
1508092109,lo,0.00,0.00,0.00,0,0,0.00,0.00,0.00,0,0,0.00,0.00,0,0
1508092109,total,317526.00,326268.00,643794.00,326268,317526,387.00,392.00,779.00,392,387,0.00,0.00,0,0
1508092110,s1,0.00,0.00,0.00,0,0,0.00,0.00,0.00,0,0,0.00,0.00,0,0
1508092110,eth0,0.00,0.00,0.00,0,0,0.00,0.00,0.00,0,0,0.00,0.00,0,0
1508092110,eth1,0.00,0.00,0.00,0,0,0.00,0.00,0.00,0,0,0.00,0.00,0,0
1508092110,s2,0.00,0.00,0.00,0,0,0.00,0.00,0.00,0,0,0.00,0.00,0,0
1508092110,s1-eth2,12241.76,252585.42,264827.19,252838,12254,160.84,166.83,327.67,167,161,0.00,0.00,0,0
1508092110,s1-eth1,251072.94,12241.76,263314.69,12254,251324,165.83,160.84,326.67,161,166,0.00,0.00,0,0
1508092110,s2-eth2,2735.26,68061.94,70797.20,68130,2738,36.96,44.96,81.92,45,37,0.00,0.00,0,0
1508092110,s2-eth1,75624.38,2735.26,78359.64,2738,75700,49.95,36.96,86.91,37,50,0.00,0.00,0,0
1508092110,lo,0.00,0.00,0.00,0,0,0.00,0.00,0.00,0,0,0.00,0.00,0,0
1508092110,total,341674.34,335624.38,677298.75,335960,342016,413.59,409.59,823.18,410,414,0.00,0.00,0,0
1508092111,s1,0.00,0.00,0.00,0,0,0.00,0.00,0.00,0,0,0.00,0.00,0,0
1508092111,eth0,0.00,0.00,0.00,0,0,0.00,0.00,0.00,0,0,0.00,0.00,0,0
1508092111,eth1,0.00,0.00,0.00,0,0,0.00,0.00,0.00,0,0,0.00,0.00,0,0
1508092111,s2,0.00,0.00,0.00,0,0,0.00,0.00,0.00,0,0,0.00,0.00,0,0
1508092111,s1-eth2,12480.00,254352.00,266832.00,254352,12480,162.00,168.00,330.00,168,162,0.00,0.00,0,0
1508092111,s1-eth1,250152.00,12480.00,262632.00,12480,250152,166.00,162.00,328.00,162,166,0.00,0.00,0,0
1508092111,s2-eth2,2664.00,93868.00,96532.00,93868,2664,36.00,62.00,98.00,62,36,0.00,0.00,0,0
1508092111,s2-eth1,83270.00,2664.00,85934.00,2664,83270,55.00,36.00,91.00,36,55,0.00,0.00,0,0
1508092111,lo,0.00,0.00,0.00,0,0,0.00,0.00,0.00,0,0,0.00,0.00,0,0
1508092111,total,348566.00,363364.00,711930.00,363364,348566,419.00,428.00,847.00,428,419,0.00,0.00,0,0
1508092112,s1,0.00,0.00,0.00,0,0,0.00,0.00,0.00,0,0,0.00,0.00,0,0
1508092112,eth0,0.00,0.00,0.00,0,0,0.00,0.00,0.00,0,0,0.00,0.00,0,0
1508092112,eth1,0.00,0.00,0.00,0,0,0.00,0.00,0.00,0,0,0.00,0.00,0,0
1508092112,s2,0.00,0.00,0.00,0,0,0.00,0.00,0.00,0,0,0.00,0.00,0,0
1508092112,s1-eth2,12536.00,264950.00,277486.00,264950,12536,160.00,175.00,335.00,175,160,0.00,0.00,0,0
1508092112,s1-eth1,249810.00,12536.00,262346.00,12536,249810,165.00,160.00,325.00,160,165,0.00,0.00,0,0
1508092112,s2-eth2,3952.00,81756.00,85708.00,81756,3952,50.00,54.00,104.00,54,50,0.00,0.00,0,0
1508092112,s2-eth1,87812.00,3952.00,91764.00,3952,87812,58.00,50.00,108.00,50,58,0.00,0.00,0,0
1508092112,lo,0.00,0.00,0.00,0,0,0.00,0.00,0.00,0,0,0.00,0.00,0,0
1508092112,total,354110.00,363194.00,717304.00,363194,354110,433.00,439.00,872.00,439,433,0.00,0.00,0,0
1508092113,s1,0.00,0.00,0.00,0,0,0.00,0.00,0.00,0,0,0.00,0.00,0,0
1508092113,eth0,0.00,0.00,0.00,0,0,0.00,0.00,0.00,0,0,0.00,0.00,0,0
1508092113,eth1,0.00,0.00,0.00,0,0,0.00,0.00,0.00,0,0,0.00,0.00,0,0
1508092113,s2,0.00,0.00,0.00,0,0,0.00,0.00,0.00,0,0,0.00,0.00,0,0
1508092113,s1-eth2,12038.00,260408.00,272446.00,260408,12038,157.00,172.00,329.00,172,157,0.00,0.00,0,0
1508092113,s1-eth1,249810.00,12038.00,261848.00,12038,249810,165.00,157.00,322.00,157,165,0.00,0.00,0,0
1508092113,s2-eth2,2072.00,68130.00,70202.00,68130,2072,28.00,45.00,73.00,45,28,0.00,0.00,0,0
1508092113,s2-eth1,63588.00,2072.00,65660.00,2072,63588,42.00,28.00,70.00,28,42,0.00,0.00,0,0
1508092113,lo,344.00,344.00,688.00,344,344,6.00,6.00,12.00,6,6,0.00,0.00,0,0
1508092113,total,327852.00,342992.00,670844.00,342992,327852,398.00,408.00,806.00,408,398,0.00,0.00,0,0
1508092114,s1,0.00,0.00,0.00,0,0,0.00,0.00,0.00,0,0,0.00,0.00,0,0
1508092114,eth0,0.00,0.00,0.00,0,0,0.00,0.00,0.00,0,0,0.00,0.00,0,0
1508092114,eth1,0.00,0.00,0.00,0,0,0.00,0.00,0.00,0,0,0.00,0.00,0,0
1508092114,s2,0.00,0.00,0.00,0,0,0.00,0.00,0.00,0,0,0.00,0.00,0,0
1508092114,s1-eth2,11596.40,260147.86,271744.25,260408,11608,153.85,171.83,325.67,172,154,0.00,0.00,0,0
1508092114,s1-eth1,243510.50,11596.40,255106.91,11608,243754,160.84,153.85,314.69,154,161,0.00,0.00,0,0
1508092114,s2-eth2,2069.93,84699.30,86769.23,84784,2072,27.97,55.94,83.92,56,28,0.00,0.00,0,0
1508092114,s2-eth1,86211.79,2069.93,88281.72,2072,86298,56.94,27.97,84.92,28,57,0.00,0.00,0,0
1508092114,lo,0.00,0.00,0.00,0,0,0.00,0.00,0.00,0,0,0.00,0.00,0,0
1508092114,total,343388.62,358513.50,701902.12,358872,343732,399.60,409.59,809.19,410,400,0.00,0.00,0,0
1508092115,s1,0.00,0.00,0.00,0,0,0.00,0.00,0.00,0,0,0.00,0.00,0,0
1508092115,eth0,0.00,0.00,0.00,0,0,0.00,0.00,0.00,0,0,0.00,0.00,0,0
1508092115,eth1,0.00,0.00,0.00,0,0,0.00,0.00,0.00,0,0,0.00,0.00,0,0
1508092115,s2,0.00,0.00,0.00,0,0,0.00,0.00,0.00,0,0,0.00,0.00,0,0
1508092115,s1-eth2,12442.00,252838.00,265280.00,252838,12442,159.00,167.00,326.00,167,159,0.00,0.00,0,0
1508092115,s1-eth1,251324.00,12516.00,263840.00,12516,251324,166.00,160.00,326.00,160,166,0.00,0.00,0,0
1508092115,s2-eth2,4164.00,107494.00,111658.00,107494,4164,54.00,71.00,125.00,71,54,0.00,0.00,0,0
1508092115,s2-eth1,104466.00,4164.00,108630.00,4164,104466,69.00,54.00,123.00,54,69,0.00,0.00,0,0
1508092115,lo,0.00,0.00,0.00,0,0,0.00,0.00,0.00,0,0,0.00,0.00,0,0
1508092115,total,372396.00,377012.00,749408.00,377012,372396,448.00,452.00,900.00,452,448,0.00,0.00,0,0
1508092116,s1,0.00,0.00,0.00,0,0,0.00,0.00,0.00,0,0,0.00,0.00,0,0
1508092116,eth0,303.70,489.51,793.21,490,304,4.00,4.00,7.99,4,4,0.00,0.00,0,0
1508092116,eth1,0.00,0.00,0.00,0,0,0.00,0.00,0.00,0,0,0.00,0.00,0,0
1508092116,s2,0.00,0.00,0.00,0,0,0.00,0.00,0.00,0,0,0.00,0.00,0,0
1508092116,s1-eth2,12061.94,254097.91,266159.84,254352,12074,156.84,167.83,324.68,168,157,0.00,0.00,0,0
1508092116,s1-eth1,248609.39,11988.01,260597.41,12000,248858,166.83,155.84,322.68,156,167,0.00,0.00,0,0
1508092116,s2-eth2,4153.85,116461.54,120615.39,116578,4158,52.95,76.92,129.87,77,53,0.00,0.00,0,0
1508092116,s2-eth1,110973.03,4153.85,115126.88,4158,111084,75.92,52.95,128.87,53,76,0.00,0.00,0,0
1508092116,lo,681.32,681.32,1362.64,682,682,7.99,7.99,15.98,8,8,0.00,0.00,0,0
1508092116,total,376783.22,387872.12,764655.38,388260,377160,464.54,465.53,930.07,466,465,0.00,0.00,0,0
1508092117,s1,0.00,0.00,0.00,0,0,0.00,0.00,0.00,0,0,0.00,0.00,0,0
1508092117,eth0,304.00,490.00,794.00,490,304,4.00,4.00,8.00,4,4,0.00,0.00,0,0
1508092117,eth1,0.00,0.00,0.00,0,0,0.00,0.00,0.00,0,0,0.00,0.00,0,0
1508092117,s2,0.00,0.00,0.00,0,0,0.00,0.00,0.00,0,0,0.00,0.00,0,0
1508092117,s1-eth2,12646.00,261922.00,274568.00,261922,12646,163.00,173.00,336.00,173,163,0.00,0.00,0,0
1508092117,s1-eth1,249810.00,12116.00,261926.00,12116,249810,165.00,160.00,325.00,160,165,0.00,0.00,0,0
1508092117,s2-eth2,4352.00,116578.00,120930.00,116578,4352,54.00,77.00,131.00,77,54,0.00,0.00,0,0
1508092117,s2-eth1,116656.00,3822.00,120478.00,3822,116656,78.00,51.00,129.00,51,78,0.00,0.00,0,0
1508092117,lo,682.00,682.00,1364.00,682,682,8.00,8.00,16.00,8,8,0.00,0.00,0,0
1508092117,total,384450.00,395610.00,780060.00,395610,384450,472.00,473.00,945.00,473,472,0.00,0.00,0,0
1508092118,s1,0.00,0.00,0.00,0,0,0.00,0.00,0.00,0,0,0.00,0.00,0,0
1508092118,eth0,608.00,980.00,1588.00,980,608,8.00,8.00,16.00,8,8,0.00,0.00,0,0
1508092118,eth1,0.00,0.00,0.00,0,0,0.00,0.00,0.00,0,0,0.00,0.00,0,0
1508092118,s2,0.00,0.00,0.00,0,0,0.00,0.00,0.00,0,0,0.00,0.00,0,0
1508092118,s1-eth2,13325.00,252838.00,266163.00,252838,13325,166.00,167.00,333.00,167,166,0.00,0.00,0,0
1508092118,s1-eth1,250075.00,12400.00,262475.00,12400,250075,174.00,160.00,334.00,160,174,0.00,0.00,0,0
1508092118,s2-eth2,6260.00,107494.00,113754.00,107494,6260,70.00,71.00,141.00,71,70,0.00,0.00,0,0
1508092118,s2-eth1,107559.00,4716.00,112275.00,4716,107559,78.00,60.00,138.00,60,78,0.00,0.00,0,0
1508092118,lo,1708.00,1708.00,3416.00,1708,1708,22.00,22.00,44.00,22,22,0.00,0.00,0,0
1508092118,total,379535.00,380136.00,759671.00,380136,379535,518.00,488.00,1006.00,488,518,0.00,0.00,0,0
1508092119,s1,0.00,0.00,0.00,0,0,0.00,0.00,0.00,0,0,0.00,0.00,0,0
1508092119,eth0,151.85,244.76,396.60,245,152,2.00,2.00,4.00,2,2,0.00,0.00,0,0
1508092119,eth1,0.00,0.00,0.00,0,0,0.00,0.00,0.00,0,0,0.00,0.00,0,0
1508092119,s2,0.00,0.00,0.00,0,0,0.00,0.00,0.00,0,0,0.00,0.00,0,0
1508092119,s1-eth2,13537.46,255610.39,269147.88,255866,13551,164.84,168.83,333.67,169,165,0.00,0.00,0,0
1508092119,s1-eth1,250522.48,11954.05,262476.53,11966,250773,168.83,156.84,325.67,157,169,0.00,0.00,0,0
1508092119,s2-eth2,3872.13,84699.30,88571.43,84784,3876,42.96,55.94,98.90,56,43,0.00,0.00,0,0
1508092119,s2-eth1,84238.77,2907.09,87145.86,2910,84323,59.94,38.96,98.90,39,60,0.00,0.00,0,0
1508092119,lo,340.66,340.66,681.32,341,341,4.00,4.00,7.99,4,4,0.00,0.00,0,0
1508092119,total,352663.34,355756.25,708419.62,356112,353016,442.56,426.57,869.13,427,443,0.00,0.00,0,0
1508092120,s1,0.00,0.00,0.00,0,0,0.00,0.00,0.00,0,0,0.00,0.00,0,0
1508092120,eth0,0.00,0.00,0.00,0,0,0.00,0.00,0.00,0,0,0.00,0.00,0,0
1508092120,eth1,0.00,0.00,0.00,0,0,0.00,0.00,0.00,0,0,0.00,0.00,0,0
1508092120,s2,0.00,0.00,0.00,0,0,0.00,0.00,0.00,0,0,0.00,0.00,0,0
1508092120,s1-eth2,12777.00,258894.00,271671.00,258894,12777,160.00,171.00,331.00,171,160,0.00,0.00,0,0
1508092120,s1-eth1,247109.00,12108.00,259217.00,12108,247109,164.00,158.00,322.00,158,164,0.00,0.00,0,0
1508092120,s2-eth2,3555.00,84784.00,88339.00,84784,3555,43.00,56.00,99.00,56,43,0.00,0.00,0,0
1508092120,s2-eth1,83597.00,3228.00,86825.00,3228,83597,56.00,42.00,98.00,42,56,0.00,0.00,0,0
1508092120,lo,0.00,0.00,0.00,0,0,0.00,0.00,0.00,0,0,0.00,0.00,0,0
1508092120,total,347038.00,359014.00,706052.00,359014,347038,423.00,427.00,850.00,427,423,0.00,0.00,0,0
1508092121,s1,0.00,0.00,0.00,0,0,0.00,0.00,0.00,0,0,0.00,0.00,0,0
1508092121,eth0,59.94,59.94,119.88,60,60,1.00,1.00,2.00,1,1,0.00,0.00,0,0
1508092121,eth1,0.00,0.00,0.00,0,0,0.00,0.00,0.00,0,0,0.00,0.00,0,0
1508092121,s2,0.00,0.00,0.00,0,0,0.00,0.00,0.00,0,0,0.00,0.00,0,0
1508092121,s1-eth2,12713.29,255652.36,268365.66,255908,12726,163.84,169.83,333.67,170,164,0.00,0.00,0,0
1508092121,s1-eth1,249976.03,12339.66,262315.69,12352,250226,167.83,161.84,329.67,162,168,0.00,0.00,0,0
1508092121,s2-eth2,3878.12,69574.43,73452.55,69644,3882,41.96,45.95,87.91,46,42,0.00,0.00,0,0
1508092121,s2-eth1,63898.11,3162.84,67060.94,3166,63962,43.96,38.96,82.92,39,44,0.00,0.00,0,0
1508092121,lo,295.70,295.70,591.41,296,296,3.00,3.00,5.99,3,3,0.00,0.00,0,0
1508092121,total,330821.19,341084.94,671906.12,341426,331152,421.58,420.58,842.16,421,422,0.00,0.00,0,0
1508092122,s1,0.00,0.00,0.00,0,0,0.00,0.00,0.00,0,0,0.00,0.00,0,0
1508092122,eth0,0.00,0.00,0.00,0,0,0.00,0.00,0.00,0,0,0.00,0.00,0,0
1508092122,eth1,0.00,0.00,0.00,0,0,0.00,0.00,0.00,0,0,0.00,0.00,0,0
1508092122,s2,0.00,0.00,0.00,0,0,0.00,0.00,0.00,0,0,0.00,0.00,0,0
1508092122,s1-eth2,12811.00,257380.00,270191.00,257380,12811,163.00,170.00,333.00,170,163,0.00,0.00,0,0
1508092122,s1-eth1,250207.00,12414.00,262621.00,12414,250207,167.00,161.00,328.00,161,167,0.00,0.00,0,0
1508092122,s2-eth2,2371.00,49962.00,52333.00,49962,2371,27.00,33.00,60.00,33,27,0.00,0.00,0,0
1508092122,s2-eth1,54901.00,1974.00,56875.00,1974,54901,38.00,25.00,63.00,25,38,0.00,0.00,0,0
1508092122,lo,0.00,0.00,0.00,0,0,0.00,0.00,0.00,0,0,0.00,0.00,0,0
1508092122,total,320290.00,321730.00,642020.00,321730,320290,395.00,389.00,784.00,389,395,0.00,0.00,0,0
1508092123,s1,0.00,0.00,0.00,0,0,0.00,0.00,0.00,0,0,0.00,0.00,0,0
1508092123,eth0,0.00,0.00,0.00,0,0,0.00,0.00,0.00,0,0,0.00,0.00,0,0
1508092123,eth1,0.00,0.00,0.00,0,0,0.00,0.00,0.00,0,0,0.00,0.00,0,0
1508092123,s2,0.00,0.00,0.00,0,0,0.00,0.00,0.00,0,0,0.00,0.00,0,0
1508092123,s1-eth2,11906.00,255866.00,267772.00,255866,11906,157.00,169.00,326.00,169,157,0.00,0.00,0,0
1508092123,s1-eth1,250152.00,11980.00,262132.00,11980,250152,166.00,158.00,324.00,158,166,0.00,0.00,0,0
1508092123,s2-eth2,2318.00,66616.00,68934.00,66616,2318,31.00,44.00,75.00,44,31,0.00,0.00,0,0
1508092123,s2-eth1,59046.00,2318.00,61364.00,2318,59046,39.00,31.00,70.00,31,39,0.00,0.00,0,0
1508092123,lo,172.00,172.00,344.00,172,172,3.00,3.00,6.00,3,3,0.00,0.00,0,0
1508092123,total,323594.00,336952.00,660546.00,336952,323594,396.00,405.00,801.00,405,396,0.00,0.00,0,0
1508092124,s1,0.00,0.00,0.00,0,0,0.00,0.00,0.00,0,0,0.00,0.00,0,0
1508092124,eth0,0.00,0.00,0.00,0,0,0.00,0.00,0.00,0,0,0.00,0.00,0,0
1508092124,eth1,0.00,0.00,0.00,0,0,0.00,0.00,0.00,0,0,0.00,0.00,0,0
1508092124,s2,0.00,0.00,0.00,0,0,0.00,0.00,0.00,0,0,0.00,0.00,0,0
1508092124,s1-eth2,11954.05,254097.91,266051.97,254352,11966,154.85,167.83,322.68,168,155,0.00,0.00,0,0
1508092124,s1-eth1,243510.50,11880.12,255390.61,11892,243754,160.84,153.85,314.69,154,161,0.00,0.00,0,0
1508092124,s2-eth2,2459.54,51424.58,53884.12,51476,2462,30.97,33.97,64.94,34,31,0.00,0.00,0,0
1508092124,s2-eth1,53278.72,2459.54,55738.26,2462,53332,35.96,30.97,66.93,31,36,0.00,0.00,0,0
1508092124,lo,0.00,0.00,0.00,0,0,0.00,0.00,0.00,0,0,0.00,0.00,0,0
1508092124,total,311202.81,319862.16,631064.94,320182,311514,382.62,386.61,769.23,387,383,0.00,0.00,0,0
1508092125,s1,0.00,0.00,0.00,0,0,0.00,0.00,0.00,0,0,0.00,0.00,0,0
1508092125,eth0,0.00,0.00,0.00,0,0,0.00,0.00,0.00,0,0,0.00,0.00,0,0
1508092125,eth1,0.00,0.00,0.00,0,0,0.00,0.00,0.00,0,0,0.00,0.00,0,0
1508092125,s2,0.00,0.00,0.00,0,0,0.00,0.00,0.00,0,0,0.00,0.00,0,0
1508092125,s1-eth2,12466.07,252333.34,264799.41,252838,12491,156.69,166.67,323.35,167,157,0.00,0.00,0,0
1508092125,s1-eth1,249418.17,12017.96,261436.14,12042,249917,165.67,154.69,320.36,155,166,0.00,0.00,0,0
1508092125,s2-eth2,3106.79,66483.04,69589.82,66616,3113,37.92,43.91,81.84,44,38,0.00,0.00,0,0
1508092125,s2-eth1,63567.87,2658.68,66226.55,2664,63695,42.91,35.93,78.84,36,43,0.00,0.00,0,0
1508092125,lo,171.66,171.66,343.31,172,172,2.99,2.99,5.99,3,3,0.00,0.00,0,0
1508092125,total,328730.56,333664.69,662395.25,334332,329388,406.19,404.19,810.38,405,407,0.00,0.00,0,0
1508092126,s1,0.00,0.00,0.00,0,0,0.00,0.00,0.00,0,0,0.00,0.00,0,0
1508092126,eth0,0.00,0.00,0.00,0,0,0.00,0.00,0.00,0,0,0.00,0.00,0,0
1508092126,eth1,0.00,0.00,0.00,0,0,0.00,0.00,0.00,0,0,0.00,0.00,0,0
1508092126,s2,0.00,0.00,0.00,0,0,0.00,0.00,0.00,0,0,0.00,0.00,0,0
1508092126,s1-eth2,12443.56,261660.34,274103.91,261922,12456,163.84,172.83,336.66,173,164,0.00,0.00,0,0
1508092126,s1-eth1,251142.86,12447.55,263590.41,12460,251394,166.83,163.84,330.67,164,167,0.00,0.00,0,0
1508092126,s2-eth2,2553.45,57474.53,60027.97,57532,2556,31.97,37.96,69.93,38,32,0.00,0.00,0,0
1508092126,s2-eth1,57544.46,2483.52,60027.97,2486,57602,38.96,30.97,69.93,31,39,0.00,0.00,0,0
1508092126,lo,0.00,0.00,0.00,0,0,0.00,0.00,0.00,0,0,0.00,0.00,0,0
1508092126,total,323684.31,334065.94,657750.25,334400,324008,401.60,405.59,807.19,406,402,0.00,0.00,0,0
1508092127,s1,0.00,0.00,0.00,0,0,0.00,0.00,0.00,0,0,0.00,0.00,0,0
1508092127,eth0,0.00,0.00,0.00,0,0,0.00,0.00,0.00,0,0,0.00,0.00,0,0
1508092127,eth1,0.00,0.00,0.00,0,0,0.00,0.00,0.00,0,0,0.00,0.00,0,0
1508092127,s2,0.00,0.00,0.00,0,0,0.00,0.00,0.00,0,0,0.00,0.00,0,0
1508092127,s1-eth2,12678.00,255866.00,268544.00,255866,12678,165.00,169.00,334.00,169,165,0.00,0.00,0,0
1508092127,s1-eth1,249810.00,12604.00,262414.00,12604,249810,165.00,164.00,329.00,164,165,0.00,0.00,0,0
1508092127,s2-eth2,2442.00,60560.00,63002.00,60560,2442,33.00,40.00,73.00,40,33,0.00,0.00,0,0
1508092127,s2-eth1,56018.00,2442.00,58460.00,2442,56018,37.00,33.00,70.00,33,37,0.00,0.00,0,0
1508092127,lo,0.00,0.00,0.00,0,0,0.00,0.00,0.00,0,0,0.00,0.00,0,0
1508092127,total,320948.00,331472.00,652420.00,331472,320948,400.00,406.00,806.00,406,400,0.00,0.00,0,0
1508092128,s1,0.00,0.00,0.00,0,0,0.00,0.00,0.00,0,0,0.00,0.00,0,0
1508092128,eth0,0.00,0.00,0.00,0,0,0.00,0.00,0.00,0,0,0.00,0.00,0,0
1508092128,eth1,0.00,0.00,0.00,0,0,0.00,0.00,0.00,0,0,0.00,0.00,0,0
1508092128,s2,0.00,0.00,0.00,0,0,0.00,0.00,0.00,0,0,0.00,0.00,0,0
1508092128,s1-eth2,12422.00,257380.00,269802.00,257380,12422,163.00,170.00,333.00,170,163,0.00,0.00,0,0
1508092128,s1-eth1,249810.00,12422.00,262232.00,12422,249810,165.00,163.00,328.00,163,165,0.00,0.00,0,0
1508092128,s2-eth2,2784.00,74186.00,76970.00,74186,2784,36.00,49.00,85.00,49,36,0.00,0.00,0,0
1508092128,s2-eth1,77556.00,2784.00,80340.00,2784,77556,52.00,36.00,88.00,36,52,0.00,0.00,0,0
1508092128,lo,172.00,172.00,344.00,172,172,3.00,3.00,6.00,3,3,0.00,0.00,0,0
1508092128,total,342744.00,346944.00,689688.00,346944,342744,419.00,421.00,840.00,421,419,0.00,0.00,0,0
1508092129,s1,0.00,0.00,0.00,0,0,0.00,0.00,0.00,0,0,0.00,0.00,0,0
1508092129,eth0,0.00,0.00,0.00,0,0,0.00,0.00,0.00,0,0,0.00,0.00,0,0
1508092129,eth1,0.00,0.00,0.00,0,0,0.00,0.00,0.00,0,0,0.00,0.00,0,0
1508092129,s2,0.00,0.00,0.00,0,0,0.00,0.00,0.00,0,0,0.00,0.00,0,0
1508092129,s1-eth2,12719.28,252585.42,265304.69,252838,12732,163.84,166.83,330.67,167,164,0.00,0.00,0,0
1508092129,s1-eth1,249560.45,12719.28,262279.72,12732,249810,164.84,163.84,328.67,164,165,0.00,0.00,0,0
1508092129,s2-eth2,3446.55,78649.35,82095.91,78728,3450,44.96,51.95,96.90,52,45,0.00,0.00,0,0
1508092129,s2-eth1,71086.91,3446.55,74533.47,3450,71158,46.95,44.96,91.91,45,47,0.00,0.00,0,0
1508092129,lo,0.00,0.00,0.00,0,0,0.00,0.00,0.00,0,0,0.00,0.00,0,0
1508092129,total,336813.19,347400.59,684213.81,347748,337150,420.58,427.57,848.15,428,421,0.00,0.00,0,0
1508092130,s1,0.00,0.00,0.00,0,0,0.00,0.00,0.00,0,0,0.00,0.00,0,0
1508092130,eth0,0.00,0.00,0.00,0,0,0.00,0.00,0.00,0,0,0.00,0.00,0,0
1508092130,eth1,0.00,0.00,0.00,0,0,0.00,0.00,0.00,0,0,0.00,0.00,0,0
1508092130,s2,0.00,0.00,0.00,0,0,0.00,0.00,0.00,0,0,0.00,0.00,0,0
1508092130,s1-eth2,11992.01,263172.84,275164.84,263436,12004,155.84,173.83,329.67,174,156,0.00,0.00,0,0
1508092130,s1-eth1,243510.50,11992.01,255502.50,12004,243754,160.84,155.84,316.68,156,161,0.00,0.00,0,0
1508092130,s2-eth2,2735.26,84699.30,87434.57,84784,2738,36.96,55.94,92.91,56,37,0.00,0.00,0,0
1508092130,s2-eth1,87724.28,2735.26,90459.54,2738,87812,57.94,36.96,94.91,37,58,0.00,0.00,0,0
1508092130,lo,171.83,171.83,343.66,172,172,3.00,3.00,5.99,3,3,0.00,0.00,0,0
1508092130,total,346133.88,362771.25,708905.12,363134,346480,414.59,425.57,840.16,426,415,0.00,0.00,0,0
1508092131,s1,0.00,0.00,0.00,0,0,0.00,0.00,0.00,0,0,0.00,0.00,0,0
1508092131,eth0,0.00,0.00,0.00,0,0,0.00,0.00,0.00,0,0,0.00,0.00,0,0
1508092131,eth1,0.00,0.00,0.00,0,0,0.00,0.00,0.00,0,0,0.00,0.00,0,0
1508092131,s2,0.00,0.00,0.00,0,0,0.00,0.00,0.00,0,0,0.00,0.00,0,0
1508092131,s1-eth2,11928.07,254097.91,266025.97,254352,11940,155.84,167.83,323.68,168,156,0.00,0.00,0,0
1508092131,s1-eth1,249902.11,11928.07,261830.17,11940,250152,165.83,155.84,321.68,156,166,0.00,0.00,0,0
1508092131,s2-eth2,3642.36,81674.33,85316.69,81756,3646,44.96,53.95,98.90,54,45,0.00,0.00,0,0
1508092131,s2-eth1,74111.89,3642.36,77754.25,3646,74186,48.95,44.96,93.91,45,49,0.00,0.00,0,0
1508092131,lo,0.00,0.00,0.00,0,0,0.00,0.00,0.00,0,0,0.00,0.00,0,0
1508092131,total,339584.44,351342.66,690927.06,351694,339924,415.58,422.58,838.16,423,416,0.00,0.00,0,0
1508092132,s1,0.00,0.00,0.00,0,0,0.00,0.00,0.00,0,0,0.00,0.00,0,0
1508092132,eth0,0.00,0.00,0.00,0,0,0.00,0.00,0.00,0,0,0.00,0.00,0,0
1508092132,eth1,0.00,0.00,0.00,0,0,0.00,0.00,0.00,0,0,0.00,0.00,0,0
1508092132,s2,0.00,0.00,0.00,0,0,0.00,0.00,0.00,0,0,0.00,0.00,0,0
1508092132,s1-eth2,12786.00,258894.00,271680.00,258894,12786,163.00,171.00,334.00,171,163,0.00,0.00,0,0
1508092132,s1-eth1,249810.00,12518.00,262328.00,12518,249810,165.00,163.00,328.00,163,165,0.00,0.00,0,0
1508092132,s2-eth2,3240.00,78728.00,81968.00,78728,3240,42.00,52.00,94.00,52,42,0.00,0.00,0,0
1508092132,s2-eth1,83270.00,3326.00,86596.00,3326,83270,55.00,43.00,98.00,43,55,0.00,0.00,0,0
1508092132,lo,0.00,0.00,0.00,0,0,0.00,0.00,0.00,0,0,0.00,0.00,0,0
1508092132,total,349106.00,353466.00,702572.00,353466,349106,425.00,429.00,854.00,429,425,0.00,0.00,0,0
1508092133,s1,0.00,0.00,0.00,0,0,0.00,0.00,0.00,0,0,0.00,0.00,0,0
1508092133,eth0,0.00,0.00,0.00,0,0,0.00,0.00,0.00,0,0,0.00,0.00,0,0
1508092133,eth1,0.00,0.00,0.00,0,0,0.00,0.00,0.00,0,0,0.00,0.00,0,0
1508092133,s2,0.00,0.00,0.00,0,0,0.00,0.00,0.00,0,0,0.00,0.00,0,0
1508092133,s1-eth2,12514.49,260147.86,272662.34,260408,12527,162.84,171.83,334.67,172,163,0.00,0.00,0,0
1508092133,s1-eth1,251179.83,12333.67,263513.50,12346,251431,166.83,160.84,327.67,161,167,0.00,0.00,0,0
1508092133,s2-eth2,2728.27,63524.48,66252.75,63588,2731,34.97,41.96,76.92,42,35,0.00,0.00,0,0
1508092133,s2-eth1,59435.57,2535.46,61971.03,2538,59495,40.96,32.97,73.93,33,41,0.00,0.00,0,0
1508092133,lo,171.83,171.83,343.66,172,172,3.00,3.00,5.99,3,3,0.00,0.00,0,0
1508092133,total,326029.97,338713.28,664743.25,339052,326356,408.59,410.59,819.18,411,409,0.00,0.00,0,0
1508092134,s1,0.00,0.00,0.00,0,0,0.00,0.00,0.00,0,0,0.00,0.00,0,0
1508092134,eth0,0.00,0.00,0.00,0,0,0.00,0.00,0.00,0,0,0.00,0.00,0,0
1508092134,eth1,0.00,0.00,0.00,0,0,0.00,0.00,0.00,0,0,0.00,0.00,0,0
1508092134,s2,0.00,0.00,0.00,0,0,0.00,0.00,0.00,0,0,0.00,0.00,0,0
1508092134,s1-eth2,12080.00,258894.00,270974.00,258894,12080,158.00,171.00,329.00,171,158,0.00,0.00,0,0
1508092134,s1-eth1,249810.00,12080.00,261890.00,12080,249810,165.00,158.00,323.00,158,165,0.00,0.00,0,0
1508092134,s2-eth2,2414.00,75700.00,78114.00,75700,2414,31.00,50.00,81.00,50,31,0.00,0.00,0,0
1508092134,s2-eth1,74186.00,2414.00,76600.00,2414,74186,49.00,31.00,80.00,31,49,0.00,0.00,0,0
1508092134,lo,0.00,0.00,0.00,0,0,0.00,0.00,0.00,0,0,0.00,0.00,0,0
1508092134,total,338490.00,349088.00,687578.00,349088,338490,403.00,410.00,813.00,410,403,0.00,0.00,0,0
1508092135,s1,0.00,0.00,0.00,0,0,0.00,0.00,0.00,0,0,0.00,0.00,0,0
1508092135,eth0,0.00,0.00,0.00,0,0,0.00,0.00,0.00,0,0,0.00,0.00,0,0
1508092135,eth1,0.00,0.00,0.00,0,0,0.00,0.00,0.00,0,0,0.00,0.00,0,0
1508092135,s2,0.00,0.00,0.00,0,0,0.00,0.00,0.00,0,0,0.00,0.00,0,0
1508092135,s1-eth2,12222.00,249810.00,262032.00,249810,12222,159.00,165.00,324.00,165,159,0.00,0.00,0,0
1508092135,s1-eth1,249810.00,12222.00,262032.00,12222,249810,165.00,159.00,324.00,159,165,0.00,0.00,0,0
1508092135,s2-eth2,4412.00,87812.00,92224.00,87812,4412,56.00,58.00,114.00,58,56,0.00,0.00,0,0
1508092135,s2-eth1,87812.00,4070.00,91882.00,4070,87812,58.00,55.00,113.00,55,58,0.00,0.00,0,0
1508092135,lo,172.00,172.00,344.00,172,172,3.00,3.00,6.00,3,3,0.00,0.00,0,0
1508092135,total,354428.00,354086.00,708514.00,354086,354428,441.00,440.00,881.00,440,441,0.00,0.00,0,0
1508092136,s1,0.00,0.00,0.00,0,0,0.00,0.00,0.00,0,0,0.00,0.00,0,0
1508092136,eth0,0.00,0.00,0.00,0,0,0.00,0.00,0.00,0,0,0.00,0.00,0,0
1508092136,eth1,0.00,0.00,0.00,0,0,0.00,0.00,0.00,0,0,0.00,0.00,0,0
1508092136,s2,0.00,0.00,0.00,0,0,0.00,0.00,0.00,0,0,0.00,0.00,0,0
1508092136,s1-eth2,12386.00,261922.00,274308.00,261922,12386,161.00,173.00,334.00,173,161,0.00,0.00,0,0
1508092136,s1-eth1,249810.00,12472.00,262282.00,12472,249810,165.00,162.00,327.00,162,165,0.00,0.00,0,0
1508092136,s2-eth2,2886.00,109008.00,111894.00,109008,2886,39.00,72.00,111.00,72,39,0.00,0.00,0,0
1508092136,s2-eth1,102952.00,2886.00,105838.00,2886,102952,68.00,39.00,107.00,39,68,0.00,0.00,0,0
1508092136,lo,0.00,0.00,0.00,0,0,0.00,0.00,0.00,0,0,0.00,0.00,0,0
1508092136,total,368034.00,386288.00,754322.00,386288,368034,433.00,446.00,879.00,446,433,0.00,0.00,0,0
1508092137,s1,0.00,0.00,0.00,0,0,0.00,0.00,0.00,0,0,0.00,0.00,0,0
1508092137,eth0,0.00,0.00,0.00,0,0,0.00,0.00,0.00,0,0,0.00,0.00,0,0
1508092137,eth1,0.00,0.00,0.00,0,0,0.00,0.00,0.00,0,0,0.00,0.00,0,0
1508092137,s2,0.00,0.00,0.00,0,0,0.00,0.00,0.00,0,0,0.00,0.00,0,0
1508092137,s1-eth2,12262.00,257380.00,269642.00,257380,12262,161.00,170.00,331.00,170,161,0.00,0.00,0,0
1508092137,s1-eth1,251324.00,12250.00,263574.00,12250,251324,166.00,161.00,327.00,161,166,0.00,0.00,0,0
1508092137,s2-eth2,3558.00,99924.00,103482.00,99924,3558,45.00,66.00,111.00,66,45,0.00,0.00,0,0
1508092137,s2-eth1,101438.00,3558.00,104996.00,3558,101438,67.00,45.00,112.00,45,67,0.00,0.00,0,0
1508092137,lo,0.00,0.00,0.00,0,0,0.00,0.00,0.00,0,0,0.00,0.00,0,0
1508092137,total,368582.00,373112.00,741694.00,373112,368582,439.00,442.00,881.00,442,439,0.00,0.00,0,0
1508092138,s1,0.00,0.00,0.00,0,0,0.00,0.00,0.00,0,0,0.00,0.00,0,0
1508092138,eth0,0.00,0.00,0.00,0,0,0.00,0.00,0.00,0,0,0.00,0.00,0,0
1508092138,eth1,0.00,0.00,0.00,0,0,0.00,0.00,0.00,0,0,0.00,0.00,0,0
1508092138,s2,0.00,0.00,0.00,0,0,0.00,0.00,0.00,0,0,0.00,0.00,0,0
1508092138,s1-eth2,12294.00,255866.00,268160.00,255866,12294,159.00,169.00,328.00,169,159,0.00,0.00,0,0
1508092138,s1-eth1,249810.00,12306.00,262116.00,12306,249810,165.00,159.00,324.00,159,165,0.00,0.00,0,0
1508092138,s2-eth2,3034.00,113550.00,116584.00,113550,3034,41.00,75.00,116.00,75,41,0.00,0.00,0,0
1508092138,s2-eth1,112036.00,3034.00,115070.00,3034,112036,74.00,41.00,115.00,41,74,0.00,0.00,0,0
1508092138,lo,172.00,172.00,344.00,172,172,3.00,3.00,6.00,3,3,0.00,0.00,0,0
1508092138,total,377346.00,384928.00,762274.00,384928,377346,442.00,447.00,889.00,447,442,0.00,0.00,0,0
1508092139,s1,0.00,0.00,0.00,0,0,0.00,0.00,0.00,0,0,0.00,0.00,0,0
1508092139,eth0,0.00,0.00,0.00,0,0,0.00,0.00,0.00,0,0,0.00,0.00,0,0
1508092139,eth1,0.00,0.00,0.00,0,0,0.00,0.00,0.00,0,0,0.00,0.00,0,0
1508092139,s2,0.00,0.00,0.00,0,0,0.00,0.00,0.00,0,0,0.00,0.00,0,0
1508092139,s1-eth2,12240.00,261922.00,274162.00,261922,12240,162.00,173.00,335.00,173,162,0.00,0.00,0,0
1508092139,s1-eth1,249810.00,12154.00,261964.00,12154,249810,165.00,161.00,326.00,161,165,0.00,0.00,0,0
1508092139,s2-eth2,4210.00,87812.00,92022.00,87812,4210,53.00,58.00,111.00,58,53,0.00,0.00,0,0
1508092139,s2-eth1,87812.00,4284.00,92096.00,4284,87812,58.00,54.00,112.00,54,58,0.00,0.00,0,0
1508092139,lo,0.00,0.00,0.00,0,0,0.00,0.00,0.00,0,0,0.00,0.00,0,0
1508092139,total,354072.00,366172.00,720244.00,366172,354072,438.00,446.00,884.00,446,438,0.00,0.00,0,0
1508092140,s1,0.00,0.00,0.00,0,0,0.00,0.00,0.00,0,0,0.00,0.00,0,0
1508092140,eth0,0.00,0.00,0.00,0,0,0.00,0.00,0.00,0,0,0.00,0.00,0,0
1508092140,eth1,0.00,0.00,0.00,0,0,0.00,0.00,0.00,0,0,0.00,0.00,0,0
1508092140,s2,0.00,0.00,0.00,0,0,0.00,0.00,0.00,0,0,0.00,0.00,0,0
1508092140,s1-eth2,10201.80,257122.89,267324.69,257380,10212,137.86,169.83,307.69,170,138,0.00,0.00,0,0
1508092140,s1-eth1,249560.45,10201.80,259762.25,10212,249810,164.84,137.86,302.70,138,165,0.00,0.00,0,0
1508092140,s2-eth2,2397.60,43862.14,46259.74,43906,2400,29.97,28.97,58.94,29,30,0.00,0.00,0,0
1508092140,s2-eth1,40837.16,2323.68,43160.84,2326,40878,26.97,28.97,55.94,29,27,0.00,0.00,0,0
1508092140,lo,171.83,171.83,343.66,172,172,3.00,3.00,5.99,3,3,0.00,0.00,0,0
1508092140,total,303168.84,313682.31,616851.19,313996,303472,362.64,368.63,731.27,369,363,0.00,0.00,0,0
1508092141,s1,0.00,0.00,0.00,0,0,0.00,0.00,0.00,0,0,0.00,0.00,0,0
1508092141,eth0,0.00,0.00,0.00,0,0,0.00,0.00,0.00,0,0,0.00,0.00,0,0
1508092141,eth1,0.00,0.00,0.00,0,0,0.00,0.00,0.00,0,0,0.00,0.00,0,0
1508092141,s2,0.00,0.00,0.00,0,0,0.00,0.00,0.00,0,0,0.00,0.00,0,0
1508092141,s1-eth2,11206.00,248296.00,259502.00,248296,11206,143.00,164.00,307.00,164,143,0.00,0.00,0,0
1508092141,s1-eth1,250152.00,11206.00,261358.00,11206,250152,166.00,143.00,309.00,143,166,0.00,0.00,0,0
1508092141,s2-eth2,2612.00,52990.00,55602.00,52990,2612,34.00,35.00,69.00,35,34,0.00,0.00,0,0
1508092141,s2-eth1,54504.00,2612.00,57116.00,2612,54504,36.00,34.00,70.00,34,36,0.00,0.00,0,0
1508092141,lo,0.00,0.00,0.00,0,0,0.00,0.00,0.00,0,0,0.00,0.00,0,0
1508092141,total,318474.00,315104.00,633578.00,315104,318474,379.00,376.00,755.00,376,379,0.00,0.00,0,0
1508092142,s1,0.00,0.00,0.00,0,0,0.00,0.00,0.00,0,0,0.00,0.00,0,0
1508092142,eth0,0.00,0.00,0.00,0,0,0.00,0.00,0.00,0,0,0.00,0.00,0,0
1508092142,eth1,0.00,0.00,0.00,0,0,0.00,0.00,0.00,0,0,0.00,0.00,0,0
1508092142,s2,0.00,0.00,0.00,0,0,0.00,0.00,0.00,0,0,0.00,0.00,0,0
1508092142,s1-eth2,11916.00,252838.00,264754.00,252838,11916,156.00,167.00,323.00,167,156,0.00,0.00,0,0
1508092142,s1-eth1,249810.00,11990.00,261800.00,11990,249810,165.00,157.00,322.00,157,165,0.00,0.00,0,0
1508092142,s2-eth2,2738.00,63588.00,66326.00,63588,2738,37.00,42.00,79.00,42,37,0.00,0.00,0,0
1508092142,s2-eth1,62074.00,2738.00,64812.00,2738,62074,41.00,37.00,78.00,37,41,0.00,0.00,0,0
1508092142,lo,0.00,0.00,0.00,0,0,0.00,0.00,0.00,0,0,0.00,0.00,0,0
1508092142,total,326538.00,331154.00,657692.00,331154,326538,399.00,403.00,802.00,403,399,0.00,0.00,0,0
1508092143,s1,0.00,0.00,0.00,0,0,0.00,0.00,0.00,0,0,0.00,0.00,0,0
1508092143,eth0,0.00,0.00,0.00,0,0,0.00,0.00,0.00,0,0,0.00,0.00,0,0
1508092143,eth1,0.00,0.00,0.00,0,0,0.00,0.00,0.00,0,0,0.00,0.00,0,0
1508092143,s2,0.00,0.00,0.00,0,0,0.00,0.00,0.00,0,0,0.00,0.00,0,0
1508092143,s1-eth2,12748.00,255866.00,268614.00,255866,12748,162.00,169.00,331.00,169,162,0.00,0.00,0,0
1508092143,s1-eth1,251324.00,12332.00,263656.00,12332,251324,166.00,160.00,326.00,160,166,0.00,0.00,0,0
1508092143,s2-eth2,2364.00,71158.00,73522.00,71158,2364,30.00,47.00,77.00,47,30,0.00,0.00,0,0
1508092143,s2-eth1,66616.00,2364.00,68980.00,2364,66616,44.00,30.00,74.00,30,44,0.00,0.00,0,0
1508092143,lo,172.00,172.00,344.00,172,172,3.00,3.00,6.00,3,3,0.00,0.00,0,0
1508092143,total,333224.00,341892.00,675116.00,341892,333224,405.00,409.00,814.00,409,405,0.00,0.00,0,0
1508092144,s1,0.00,0.00,0.00,0,0,0.00,0.00,0.00,0,0,0.00,0.00,0,0
1508092144,eth0,0.00,0.00,0.00,0,0,0.00,0.00,0.00,0,0,0.00,0.00,0,0
1508092144,eth1,0.00,0.00,0.00,0,0,0.00,0.00,0.00,0,0,0.00,0.00,0,0
1508092144,s2,0.00,0.00,0.00,0,0,0.00,0.00,0.00,0,0,0.00,0.00,0,0
1508092144,s1-eth2,11888.00,260408.00,272296.00,260408,11888,154.00,172.00,326.00,172,154,0.00,0.00,0,0
1508092144,s1-eth1,248296.00,11888.00,260184.00,11888,248296,164.00,154.00,318.00,154,164,0.00,0.00,0,0
1508092144,s2-eth2,2242.00,48448.00,50690.00,48448,2242,29.00,32.00,61.00,32,29,0.00,0.00,0,0
1508092144,s2-eth1,52990.00,2242.00,55232.00,2242,52990,35.00,29.00,64.00,29,35,0.00,0.00,0,0
1508092144,lo,0.00,0.00,0.00,0,0,0.00,0.00,0.00,0,0,0.00,0.00,0,0
1508092144,total,315416.00,322986.00,638402.00,322986,315416,382.00,387.00,769.00,387,382,0.00,0.00,0,0
1508092145,s1,0.00,0.00,0.00,0,0,0.00,0.00,0.00,0,0,0.00,0.00,0,0
1508092145,eth0,0.00,0.00,0.00,0,0,0.00,0.00,0.00,0,0,0.00,0.00,0,0
1508092145,eth1,0.00,0.00,0.00,0,0,0.00,0.00,0.00,0,0,0.00,0.00,0,0
1508092145,s2,0.00,0.00,0.00,0,0,0.00,0.00,0.00,0,0,0.00,0.00,0,0
1508092145,s1-eth2,12026.00,255866.00,267892.00,255866,12026,157.00,169.00,326.00,169,157,0.00,0.00,0,0
1508092145,s1-eth1,249810.00,12026.00,261836.00,12026,249810,165.00,157.00,322.00,157,165,0.00,0.00,0,0
1508092145,s2-eth2,3108.00,77214.00,80322.00,77214,3108,42.00,51.00,93.00,51,42,0.00,0.00,0,0
1508092145,s2-eth1,68130.00,3108.00,71238.00,3108,68130,45.00,42.00,87.00,42,45,0.00,0.00,0,0
1508092145,lo,172.00,172.00,344.00,172,172,3.00,3.00,6.00,3,3,0.00,0.00,0,0
1508092145,total,333246.00,348386.00,681632.00,348386,333246,412.00,422.00,834.00,422,412,0.00,0.00,0,0
1508092146,s1,0.00,0.00,0.00,0,0,0.00,0.00,0.00,0,0,0.00,0.00,0,0
1508092146,eth0,0.00,0.00,0.00,0,0,0.00,0.00,0.00,0,0,0.00,0.00,0,0
1508092146,eth1,0.00,0.00,0.00,0,0,0.00,0.00,0.00,0,0,0.00,0.00,0,0
1508092146,s2,0.00,0.00,0.00,0,0,0.00,0.00,0.00,0,0,0.00,0.00,0,0
1508092146,s1-eth2,11988.00,261922.00,273910.00,261922,11988,162.00,173.00,335.00,173,162,0.00,0.00,0,0
1508092146,s1-eth1,251324.00,12062.00,263386.00,12062,251324,166.00,163.00,329.00,163,166,0.00,0.00,0,0
1508092146,s2-eth2,3620.00,75700.00,79320.00,75700,3620,46.00,50.00,96.00,50,46,0.00,0.00,0,0
1508092146,s2-eth1,79070.00,3620.00,82690.00,3620,79070,53.00,46.00,99.00,46,53,0.00,0.00,0,0
1508092146,lo,0.00,0.00,0.00,0,0,0.00,0.00,0.00,0,0,0.00,0.00,0,0
1508092146,total,346002.00,353304.00,699306.00,353304,346002,427.00,432.00,859.00,432,427,0.00,0.00,0,0
1508092147,s1,0.00,0.00,0.00,0,0,0.00,0.00,0.00,0,0,0.00,0.00,0,0
1508092147,eth0,0.00,0.00,0.00,0,0,0.00,0.00,0.00,0,0,0.00,0.00,0,0
1508092147,eth1,0.00,0.00,0.00,0,0,0.00,0.00,0.00,0,0,0.00,0.00,0,0
1508092147,s2,0.00,0.00,0.00,0,0,0.00,0.00,0.00,0,0,0.00,0.00,0,0
1508092147,s1-eth2,12410.00,248296.00,260706.00,248296,12410,157.00,164.00,321.00,164,157,0.00,0.00,0,0
1508092147,s1-eth1,249810.00,12336.00,262146.00,12336,249810,165.00,156.00,321.00,156,165,0.00,0.00,0,0
1508092147,s2-eth2,3400.00,66658.00,70058.00,66658,3400,42.00,45.00,87.00,45,42,0.00,0.00,0,0
1508092147,s2-eth1,59088.00,3058.00,62146.00,3058,59088,40.00,41.00,81.00,41,40,0.00,0.00,0,0
1508092147,lo,0.00,0.00,0.00,0,0,0.00,0.00,0.00,0,0,0.00,0.00,0,0
1508092147,total,324708.00,330348.00,655056.00,330348,324708,404.00,406.00,810.00,406,404,0.00,0.00,0,0
1508092148,s1,0.00,0.00,0.00,0,0,0.00,0.00,0.00,0,0,0.00,0.00,0,0
1508092148,eth0,0.00,0.00,0.00,0,0,0.00,0.00,0.00,0,0,0.00,0.00,0,0
1508092148,eth1,0.00,0.00,0.00,0,0,0.00,0.00,0.00,0,0,0.00,0.00,0,0
1508092148,s2,0.00,0.00,0.00,0,0,0.00,0.00,0.00,0,0,0.00,0.00,0,0
1508092148,s1-eth2,12100.00,261922.00,274022.00,261922,12100,158.00,173.00,331.00,173,158,0.00,0.00,0,0
1508092148,s1-eth1,249810.00,12100.00,261910.00,12100,249810,165.00,158.00,323.00,158,165,0.00,0.00,0,0
1508092148,s2-eth2,2146.00,84784.00,86930.00,84784,2146,29.00,56.00,85.00,56,29,0.00,0.00,0,0
1508092148,s2-eth1,87812.00,2146.00,89958.00,2146,87812,58.00,29.00,87.00,29,58,0.00,0.00,0,0
1508092148,lo,172.00,172.00,344.00,172,172,3.00,3.00,6.00,3,3,0.00,0.00,0,0
1508092148,total,352040.00,361124.00,713164.00,361124,352040,413.00,419.00,832.00,419,413,0.00,0.00,0,0
1508092149,s1,0.00,0.00,0.00,0,0,0.00,0.00,0.00,0,0,0.00,0.00,0,0
1508092149,eth0,0.00,0.00,0.00,0,0,0.00,0.00,0.00,0,0,0.00,0.00,0,0
1508092149,eth1,0.00,0.00,0.00,0,0,0.00,0.00,0.00,0,0,0.00,0.00,0,0
1508092149,s2,0.00,0.00,0.00,0,0,0.00,0.00,0.00,0,0,0.00,0.00,0,0
1508092149,s1-eth2,12457.00,249178.00,261635.00,249178,12457,162.00,165.00,327.00,165,162,0.00,0.00,0,0
1508092149,s1-eth1,249917.00,12350.00,262267.00,12350,249917,166.00,161.00,327.00,161,166,0.00,0.00,0,0
1508092149,s2-eth2,2697.00,104466.00,107163.00,104466,2697,36.00,69.00,105.00,69,36,0.00,0.00,0,0
1508092149,s2-eth1,106087.00,2590.00,108677.00,2590,106087,71.00,35.00,106.00,35,71,0.00,0.00,0,0
1508092149,lo,0.00,0.00,0.00,0,0,0.00,0.00,0.00,0,0,0.00,0.00,0,0
1508092149,total,371158.00,368584.00,739742.00,368584,371158,435.00,430.00,865.00,430,435,0.00,0.00,0,0
1508092150,s1,0.00,0.00,0.00,0,0,0.00,0.00,0.00,0,0,0.00,0.00,0,0
1508092150,eth0,0.00,0.00,0.00,0,0,0.00,0.00,0.00,0,0,0.00,0.00,0,0
1508092150,eth1,0.00,0.00,0.00,0,0,0.00,0.00,0.00,0,0,0.00,0.00,0,0
1508092150,s2,0.00,0.00,0.00,0,0,0.00,0.00,0.00,0,0,0.00,0.00,0,0
1508092150,s1-eth2,382.00,222.00,604.00,222,382,5.00,3.00,8.00,3,5,0.00,0.00,0,0
1508092150,s1-eth1,2618.00,382.00,3000.00,382,2618,5.00,5.00,10.00,5,5,0.00,0.00,0,0
1508092150,s2-eth2,740.00,148.00,888.00,148,740,10.00,2.00,12.00,2,10,0.00,0.00,0,0
1508092150,s2-eth1,4690.00,740.00,5430.00,740,4690,5.00,10.00,15.00,10,5,0.00,0.00,0,0
1508092150,lo,172.00,172.00,344.00,172,172,3.00,3.00,6.00,3,3,0.00,0.00,0,0
1508092150,total,8602.00,1664.00,10266.00,1664,8602,28.00,23.00,51.00,23,28,0.00,0.00,0,0
1508092151,s1,0.00,0.00,0.00,0,0,0.00,0.00,0.00,0,0,0.00,0.00,0,0
1508092151,eth0,0.00,0.00,0.00,0,0,0.00,0.00,0.00,0,0,0.00,0.00,0,0
1508092151,eth1,0.00,0.00,0.00,0,0,0.00,0.00,0.00,0,0,0.00,0.00,0,0
1508092151,s2,0.00,0.00,0.00,0,0,0.00,0.00,0.00,0,0,0.00,0.00,0,0
1508092151,s1-eth2,0.00,0.00,0.00,0,0,0.00,0.00,0.00,0,0,0.00,0.00,0,0
1508092151,s1-eth1,0.00,0.00,0.00,0,0,0.00,0.00,0.00,0,0,0.00,0.00,0,0
1508092151,s2-eth2,0.00,0.00,0.00,0,0,0.00,0.00,0.00,0,0,0.00,0.00,0,0
1508092151,s2-eth1,0.00,0.00,0.00,0,0,0.00,0.00,0.00,0,0,0.00,0.00,0,0
1508092151,lo,0.00,0.00,0.00,0,0,0.00,0.00,0.00,0,0,0.00,0.00,0,0
1508092151,total,0.00,0.00,0.00,0,0,0.00,0.00,0.00,0,0,0.00,0.00,0,0
1508092152,s1,0.00,0.00,0.00,0,0,0.00,0.00,0.00,0,0,0.00,0.00,0,0
1508092152,eth0,0.00,0.00,0.00,0,0,0.00,0.00,0.00,0,0,0.00,0.00,0,0
1508092152,eth1,0.00,0.00,0.00,0,0,0.00,0.00,0.00,0,0,0.00,0.00,0,0
1508092152,s2,0.00,0.00,0.00,0,0,0.00,0.00,0.00,0,0,0.00,0.00,0,0
1508092152,s1-eth2,0.00,0.00,0.00,0,0,0.00,0.00,0.00,0,0,0.00,0.00,0,0
1508092152,s1-eth1,342.00,0.00,342.00,0,342,1.00,0.00,1.00,0,1,0.00,0.00,0,0
1508092152,s2-eth2,0.00,0.00,0.00,0,0,0.00,0.00,0.00,0,0,0.00,0.00,0,0
1508092152,s2-eth1,0.00,0.00,0.00,0,0,0.00,0.00,0.00,0,0,0.00,0.00,0,0
1508092152,lo,0.00,0.00,0.00,0,0,0.00,0.00,0.00,0,0,0.00,0.00,0,0
1508092152,total,342.00,0.00,342.00,0,342,1.00,0.00,1.00,0,1,0.00,0.00,0,0
1508092153,s1,0.00,0.00,0.00,0,0,0.00,0.00,0.00,0,0,0.00,0.00,0,0
1508092153,eth0,0.00,0.00,0.00,0,0,0.00,0.00,0.00,0,0,0.00,0.00,0,0
1508092153,eth1,0.00,0.00,0.00,0,0,0.00,0.00,0.00,0,0,0.00,0.00,0,0
1508092153,s2,0.00,0.00,0.00,0,0,0.00,0.00,0.00,0,0,0.00,0.00,0,0
1508092153,s1-eth2,41.96,41.96,83.92,42,42,1.00,1.00,2.00,1,1,0.00,0.00,0,0
1508092153,s1-eth1,41.96,41.96,83.92,42,42,1.00,1.00,2.00,1,1,0.00,0.00,0,0
1508092153,s2-eth2,0.00,0.00,0.00,0,0,0.00,0.00,0.00,0,0,0.00,0.00,0,0
1508092153,s2-eth1,0.00,0.00,0.00,0,0,0.00,0.00,0.00,0,0,0.00,0.00,0,0
1508092153,lo,171.83,171.83,343.66,172,172,3.00,3.00,5.99,3,3,0.00,0.00,0,0
1508092153,total,255.74,255.74,511.49,256,256,5.00,5.00,9.99,5,5,0.00,0.00,0,0
1508092154,s1,0.00,0.00,0.00,0,0,0.00,0.00,0.00,0,0,0.00,0.00,0,0
1508092154,eth0,0.00,0.00,0.00,0,0,0.00,0.00,0.00,0,0,0.00,0.00,0,0
1508092154,eth1,0.00,0.00,0.00,0,0,0.00,0.00,0.00,0,0,0.00,0.00,0,0
1508092154,s2,0.00,0.00,0.00,0,0,0.00,0.00,0.00,0,0,0.00,0.00,0,0
1508092154,s1-eth2,0.00,0.00,0.00,0,0,0.00,0.00,0.00,0,0,0.00,0.00,0,0
1508092154,s1-eth1,0.00,0.00,0.00,0,0,0.00,0.00,0.00,0,0,0.00,0.00,0,0
1508092154,s2-eth2,0.00,0.00,0.00,0,0,0.00,0.00,0.00,0,0,0.00,0.00,0,0
1508092154,s2-eth1,0.00,0.00,0.00,0,0,0.00,0.00,0.00,0,0,0.00,0.00,0,0
1508092154,lo,0.00,0.00,0.00,0,0,0.00,0.00,0.00,0,0,0.00,0.00,0,0
1508092154,total,0.00,0.00,0.00,0,0,0.00,0.00,0.00,0,0,0.00,0.00,0,0
1508092155,s1,0.00,0.00,0.00,0,0,0.00,0.00,0.00,0,0,0.00,0.00,0,0
1508092155,eth0,0.00,0.00,0.00,0,0,0.00,0.00,0.00,0,0,0.00,0.00,0,0
1508092155,eth1,0.00,0.00,0.00,0,0,0.00,0.00,0.00,0,0,0.00,0.00,0,0
1508092155,s2,0.00,0.00,0.00,0,0,0.00,0.00,0.00,0,0,0.00,0.00,0,0
1508092155,s1-eth2,0.00,0.00,0.