1508084248,s5,0.00,0.00,0.00,0,0,0.00,0.00,0.00,0,0,0.00,0.00,0,0
1508084248,s1,0.00,0.00,0.00,0,0,0.00,0.00,0.00,0,0,0.00,0.00,0,0
1508084248,eth0,0.00,0.00,0.00,0,0,0.00,0.00,0.00,0,0,0.00,0.00,0,0
1508084248,eth1,0.00,0.00,0.00,0,0,0.00,0.00,0.00,0,0,0.00,0.00,0,0
1508084248,s1-eth2,0.00,0.00,0.00,0,0,0.00,0.00,0.00,0,0,0.00,0.00,0,0
1508084248,s1-eth1,0.00,0.00,0.00,0,0,0.00,0.00,0.00,0,0,0.00,0.00,0,0
1508084248,lo,0.00,0.00,0.00,0,0,0.00,0.00,0.00,0,0,0.00,0.00,0,0
1508084248,s4,0.00,0.00,0.00,0,0,0.00,0.00,0.00,0,0,0.00,0.00,0,0
1508084248,total,0.00,0.00,0.00,0,0,0.00,0.00,0.00,0,0,0.00,0.00,0,0
1508084249,s5,0.00,0.00,0.00,0,0,0.00,0.00,0.00,0,0,0.00,0.00,0,0
1508084249,s1,89.91,339.66,429.57,340,90,1.00,4.00,5.00,4,1,0.00,0.00,0,0
1508084249,eth0,151.85,244.76,396.60,245,152,2.00,2.00,4.00,2,2,0.00,0.00,0,0
1508084249,eth1,0.00,0.00,0.00,0,0,0.00,0.00,0.00,0,0,0.00,0.00,0,0
1508084249,s1-eth2,1844.16,323.68,2167.83,324,1846,8.99,4.00,12.99,4,9,0.00,0.00,0,0
1508084249,s1-eth1,1646.35,89.91,1736.26,90,1648,9.99,1.00,10.99,1,10,0.00,0.00,0,0
1508084249,lo,1707.29,1707.29,3414.59,1709,1709,17.98,17.98,35.96,18,18,0.00,0.00,0,0
1508084249,s4,0.00,0.00,0.00,0,0,0.00,0.00,0.00,0,0,0.00,0.00,0,0
1508084249,total,5439.56,2705.29,8144.86,2708,5445,39.96,28.97,68.93,29,40,0.00,0.00,0,0
1508084250,s5,0.00,0.00,0.00,0,0,0.00,0.00,0.00,0,0,0.00,0.00,0,0
1508084250,s1,0.00,0.00,0.00,0,0,0.00,0.00,0.00,0,0,0.00,0.00,0,0
1508084250,eth0,0.00,0.00,0.00,0,0,0.00,0.00,0.00,0,0,0.00,0.00,0,0
1508084250,eth1,0.00,0.00,0.00,0,0,0.00,0.00,0.00,0,0,0.00,0.00,0,0
1508084250,s1-eth2,6162.00,223890.00,230052.00,223890,6162,80.00,101.00,181.00,101,80,0.00,0.00,0,0
1508084250,s1-eth1,181302.00,5648.00,186950.00,5648,181302,82.00,78.00,160.00,78,82,0.00,0.00,0,0
1508084250,lo,328.00,328.00,656.00,328,328,3.00,3.00,6.00,3,3,0.00,0.00,0,0
1508084250,s4,0.00,0.00,0.00,0,0,0.00,0.00,0.00,0,0,0.00,0.00,0,0
1508084250,total,187792.00,229866.00,417658.00,229866,187792,165.00,182.00,347.00,182,165,0.00,0.00,0,0
1508084251,s5,0.00,0.00,0.00,0,0,0.00,0.00,0.00,0,0,0.00,0.00,0,0
1508084251,s1,0.00,0.00,0.00,0,0,0.00,0.00,0.00,0,0,0.00,0.00,0,0
1508084251,eth0,0.00,0.00,0.00,0,0,0.00,0.00,0.00,0,0,0.00,0.00,0,0
1508084251,eth1,0.00,0.00,0.00,0,0,0.00,0.00,0.00,0,0,0.00,0.00,0,0
1508084251,s1-eth2,7145.00,235450.00,242595.00,235450,7145,100.00,101.00,201.00,101,100,0.00,0.00,0,0
1508084251,s1-eth1,246155.00,7038.00,253193.00,7038,246155,109.00,99.00,208.00,99,109,0.00,0.00,0,0
1508084251,lo,0.00,0.00,0.00,0,0,0.00,0.00,0.00,0,0,0.00,0.00,0,0
1508084251,s4,0.00,0.00,0.00,0,0,0.00,0.00,0.00,0,0,0.00,0.00,0,0
1508084251,total,253300.00,242488.00,495788.00,242488,253300,209.00,200.00,409.00,200,209,0.00,0.00,0,0
1508084252,s5,0.00,0.00,0.00,0,0,0.00,0.00,0.00,0,0,0.00,0.00,0,0
1508084252,s1,70.00,70.00,140.00,70,70,1.00,1.00,2.00,1,1,0.00,0.00,0,0
1508084252,eth0,0.00,0.00,0.00,0,0,0.00,0.00,0.00,0,0,0.00,0.00,0,0
1508084252,eth1,0.00,0.00,0.00,0,0,0.00,0.00,0.00,0,0,0.00,0.00,0,0
1508084252,s1-eth2,6672.00,238936.00,245608.00,238936,6672,91.00,88.00,179.00,88,91,0.00,0.00,0,0
1508084252,s1-eth1,247038.00,5938.00,252976.00,5938,247038,94.00,87.00,181.00,87,94,0.00,0.00,0,0
1508084252,lo,828.00,828.00,1656.00,828,828,11.00,11.00,22.00,11,11,0.00,0.00,0,0
1508084252,s4,0.00,0.00,0.00,0,0,0.00,0.00,0.00,0,0,0.00,0.00,0,0
1508084252,total,254608.00,245772.00,500380.00,245772,254608,197.00,187.00,384.00,187,197,0.00,0.00,0,0
1508084253,s5,0.00,0.00,0.00,0,0,0.00,0.00,0.00,0,0,0.00,0.00,0,0
1508084253,s1,0.00,70.00,70.00,70,0,0.00,1.00,1.00,1,0,0.00,0.00,0,0
1508084253,eth0,0.00,0.00,0.00,0,0,0.00,0.00,0.00,0,0,0.00,0.00,0,0
1508084253,eth1,0.00,0.00,0.00,0,0,0.00,0.00,0.00,0,0,0.00,0.00,0,0
1508084253,s1-eth2,6108.00,249406.00,255514.00,249406,6108,90.00,93.00,183.00,93,90,0.00,0.00,0,0
1508084253,s1-eth1,245132.00,6108.00,251240.00,6108,245132,94.00,90.00,184.00,90,94,0.00,0.00,0,0
1508084253,lo,320.00,320.00,640.00,320,320,4.00,4.00,8.00,4,4,0.00,0.00,0,0
1508084253,s4,0.00,0.00,0.00,0,0,0.00,0.00,0.00,0,0,0.00,0.00,0,0
1508084253,total,251560.00,255904.00,507464.00,255904,251560,188.00,188.00,376.00,188,188,0.00,0.00,0,0
1508084254,s5,0.00,0.00,0.00,0,0,0.00,0.00,0.00,0,0,0.00,0.00,0,0
1508084254,s1,0.00,0.00,0.00,0,0,0.00,0.00,0.00,0,0,0.00,0.00,0,0
1508084254,eth0,0.00,0.00,0.00,0,0,0.00,0.00,0.00,0,0,0.00,0.00,0,0
1508084254,eth1,0.00,0.00,0.00,0,0,0.00,0.00,0.00,0,0,0.00,0.00,0,0
1508084254,s1-eth2,5676.00,252232.00,257908.00,252232,5676,84.00,92.00,176.00,92,84,0.00,0.00,0,0
1508084254,s1-eth1,243280.00,5676.00,248956.00,5676,243280,88.00,84.00,172.00,84,88,0.00,0.00,0,0
1508084254,lo,0.00,0.00,0.00,0,0,0.00,0.00,0.00,0,0,0.00,0.00,0,0
1508084254,s4,0.00,0.00,0.00,0,0,0.00,0.00,0.00,0,0,0.00,0.00,0,0
1508084254,total,248956.00,257908.00,506864.00,257908,248956,172.00,176.00,348.00,176,172,0.00,0.00,0,0
1508084255,s5,0.00,0.00,0.00,0,0,0.00,0.00,0.00,0,0,0.00,0.00,0,0
1508084255,s1,0.00,0.00,0.00,0,0,0.00,0.00,0.00,0,0,0.00,0.00,0,0
1508084255,eth0,0.00,0.00,0.00,0,0,0.00,0.00,0.00,0,0,0.00,0.00,0,0
1508084255,eth1,0.00,0.00,0.00,0,0,0.00,0.00,0.00,0,0,0.00,0.00,0,0
1508084255,s1-eth2,5915.08,253228.78,259143.86,253482,5921,87.91,88.91,176.82,89,88,0.00,0.00,0,0
1508084255,s1-eth1,246312.69,5808.19,252120.89,5814,246559,88.91,86.91,175.82,87,89,0.00,0.00,0,0
1508084255,lo,0.00,0.00,0.00,0,0,0.00,0.00,0.00,0,0,0.00,0.00,0,0
1508084255,s4,0.00,0.00,0.00,0,0,0.00,0.00,0.00,0,0,0.00,0.00,0,0
1508084255,total,252227.78,259036.97,511264.75,259296,252480,176.82,175.82,352.65,176,177,0.00,0.00,0,0
1508084256,s5,0.00,0.00,0.00,0,0,0.00,0.00,0.00,0,0,0.00,0.00,0,0
1508084256,s1,70.00,70.00,140.00,70,70,1.00,1.00,2.00,1,1,0.00,0.00,0,0
1508084256,eth0,0.00,0.00,0.00,0,0,0.00,0.00,0.00,0,0,0.00,0.00,0,0
1508084256,eth1,0.00,0.00,0.00,0,0,0.00,0.00,0.00,0,0,0.00,0.00,0,0
1508084256,s1-eth2,6474.00,251048.00,257522.00,251048,6474,95.00,96.00,191.00,96,95,0.00,0.00,0,0
1508084256,s1-eth1,243750.00,6334.00,250084.00,6334,243750,95.00,93.00,188.00,93,95,0.00,0.00,0,0
1508084256,lo,484.00,484.00,968.00,484,484,5.00,5.00,10.00,5,5,0.00,0.00,0,0
1508084256,s4,0.00,0.00,0.00,0,0,0.00,0.00,0.00,0,0,0.00,0.00,0,0
1508084256,total,250778.00,257936.00,508714.00,257936,250778,196.00,195.00,391.00,195,196,0.00,0.00,0,0
1508084257,s5,0.00,0.00,0.00,0,0,0.00,0.00,0.00,0,0,0.00,0.00,0,0
1508084257,s1,0.00,69.93,69.93,70,0,0.00,1.00,1.00,1,0,0.00,0.00,0,0
1508084257,eth0,0.00,0.00,0.00,0,0,0.00,0.00,0.00,0,0,0.00,0.00,0,0
1508084257,eth1,0.00,0.00,0.00,0,0,0.00,0.00,0.00,0,0,0.00,0.00,0,0
1508084257,s1-eth2,5634.37,251918.09,257552.45,252170,5640,83.92,90.91,174.83,91,84,0.00,0.00,0,0
1508084257,s1-eth1,245930.08,5700.30,251630.38,5706,246176,87.91,84.92,172.83,85,88,0.00,0.00,0,0
1508084257,lo,663.34,663.34,1326.67,664,664,9.99,9.99,19.98,10,10,0.00,0.00,0,0
1508084257,s4,0.00,0.00,0.00,0,0,0.00,0.00,0.00,0,0,0.00,0.00,0,0
1508084257,total,252227.78,258351.66,510579.44,258610,252480,181.82,186.81,368.63,187,182,0.00,0.00,0,0
1508084258,s5,0.00,0.00,0.00,0,0,0.00,0.00,0.00,0,0,0.00,0.00,0,0
1508084258,s1,0.00,0.00,0.00,0,0,0.00,0.00,0.00,0,0,0.00,0.00,0,0
1508084258,eth0,0.00,0.00,0.00,0,0,0.00,0.00,0.00,0,0,0.00,0.00,0,0
1508084258,eth1,0.00,0.00,0.00,0,0,0.00,0.00,0.00,0,0,0.00,0.00,0,0
1508084258,s1-eth2,6348.00,255260.00,261608.00,255260,6348,90.00,94.00,184.00,94,90,0.00,0.00,0,0
1508084258,s1-eth1,246374.00,5940.00,252314.00,5940,246374,91.00,88.00,179.00,88,91,0.00,0.00,0,0
1508084258,lo,0.00,0.00,0.00,0,0,0.00,0.00,0.00,0,0,0.00,0.00,0,0
1508084258,s4,0.00,0.00,0.00,0,0,0.00,0.00,0.00,0,0,0.00,0.00,0,0
1508084258,total,252722.00,261200.00,513922.00,261200,252722,181.00,182.00,363.00,182,181,0.00,0.00,0,0
1508084259,s5,0.00,0.00,0.00,0,0,0.00,0.00,0.00,0,0,0.00,0.00,0,0
1508084259,s1,0.00,0.00,0.00,0,0,0.00,0.00,0.00,0,0,0.00,0.00,0,0
1508084259,eth0,0.00,0.00,0.00,0,0,0.00,0.00,0.00,0,0,0.00,0.00,0,0
1508084259,eth1,0.00,0.00,0.00,0,0,0.00,0.00,0.00,0,0,0.00,0.00,0,0
1508084259,s1-eth2,5310.00,250652.00,255962.00,250652,5310,79.00,90.00,169.00,90,79,0.00,0.00,0,0
1508084259,s1-eth1,243214.00,5310.00,248524.00,5310,243214,87.00,79.00,166.00,79,87,0.00,0.00,0,0
1508084259,lo,0.00,0.00,0.00,0,0,0.00,0.00,0.00,0,0,0.00,0.00,0,0
1508084259,s4,0.00,0.00,0.00,0,0,0.00,0.00,0.00,0,0,0.00,0.00,0,0
1508084259,total,248524.00,255962.00,504486.00,255962,248524,166.00,169.00,335.00,169,166,0.00,0.00,0,0
1508084260,s5,0.00,0.00,0.00,0,0,0.00,0.00,0.00,0,0,0.00,0.00,0,0
1508084260,s1,0.00,0.00,0.00,0,0,0.00,0.00,0.00,0,0,0.00,0.00,0,0
1508084260,eth0,0.00,0.00,0.00,0,0,0.00,0.00,0.00,0,0,0.00,0.00,0,0
1508084260,eth1,0.00,0.00,0.00,0,0,0.00,0.00,0.00,0,0,0.00,0.00,0,0
1508084260,s1-eth2,5888.11,255070.94,260959.05,255326,5894,86.91,94.91,181.82,95,87,0.00,0.00,0,0
1508084260,s1-eth1,243234.77,5888.11,249122.89,5894,243478,90.91,86.91,177.82,87,91,0.00,0.00,0,0
1508084260,lo,0.00,0.00,0.00,0,0,0.00,0.00,0.00,0,0,0.00,0.00,0,0
1508084260,s4,0.00,0.00,0.00,0,0,0.00,0.00,0.00,0,0,0.00,0.00,0,0
1508084260,total,249122.89,260959.05,510081.94,261220,249372,177.82,181.82,359.64,182,178,0.00,0.00,0,0
1508084261,s5,0.00,0.00,0.00,0,0,0.00,0.00,0.00,0,0,0.00,0.00,0,0
1508084261,s1,0.00,0.00,0.00,0,0,0.00,0.00,0.00,0,0,0.00,0.00,0,0
1508084261,eth0,0.00,0.00,0.00,0,0,0.00,0.00,0.00,0,0,0.00,0.00,0,0
1508084261,eth1,0.00,0.00,0.00,0,0,0.00,0.00,0.00,0,0,0.00,0.00,0,0
1508084261,s1-eth2,6005.99,249350.66,255356.66,249600,6012,87.91,95.90,183.82,96,88,0.00,0.00,0,0
1508084261,s1-eth1,243366.64,6005.99,249372.64,6012,243610,92.91,87.91,180.82,88,93,0.00,0.00,0,0
1508084261,lo,171.83,171.83,343.66,172,172,3.00,3.00,5.99,3,3,0.00,0.00,0,0
1508084261,s4,0.00,0.00,0.00,0,0,0.00,0.00,0.00,0,0,0.00,0.00,0,0
1508084261,total,249544.47,255528.48,505072.94,255784,249794,183.82,186.81,370.63,187,184,0.00,0.00,0,0
1508084262,s5,0.00,0.00,0.00,0,0,0.00,0.00,0.00,0,0,0.00,0.00,0,0
1508084262,s1,0.00,0.00,0.00,0,0,0.00,0.00,0.00,0,0,0.00,0.00,0,0
1508084262,eth0,0.00,0.00,0.00,0,0,0.00,0.00,0.00,0,0,0.00,0.00,0,0
1508084262,eth1,0.00,0.00,0.00,0,0,0.00,0.00,0.00,0,0,0.00,0.00,0,0
1508084262,s1-eth2,5472.53,257436.58,262909.09,257694,5478,82.92,86.91,169.83,87,83,0.00,0.00,0,0
1508084262,s1-eth1,245666.34,5472.53,251138.88,5478,245912,83.92,82.92,166.83,83,84,0.00,0.00,0,0
1508084262,lo,343.66,343.66,687.31,344,344,5.99,5.99,11.99,6,6,0.00,0.00,0,0
1508084262,s4,0.00,0.00,0.00,0,0,0.00,0.00,0.00,0,0,0.00,0.00,0,0
1508084262,total,251482.53,263252.75,514735.28,263516,251734,172.83,175.82,348.65,176,173,0.00,0.00,0,0
1508084263,s5,0.00,0.00,0.00,0,0,0.00,0.00,0.00,0,0,0.00,0.00,0,0
1508084263,s1,0.00,0.00,0.00,0,0,0.00,0.00,0.00,0,0,0.00,0.00,0,0
1508084263,eth0,0.00,0.00,0.00,0,0,0.00,0.00,0.00,0,0,0.00,0.00,0,0
1508084263,eth1,0.00,0.00,0.00,0,0,0.00,0.00,0.00,0,0,0.00,0.00,0,0
1508084263,s1-eth2,5747.00,246242.00,251989.00,246242,5747,85.00,89.00,174.00,89,85,0.00,0.00,0,0
1508084263,s1-eth1,246349.00,5640.00,251989.00,5640,246349,90.00,84.00,174.00,84,90,0.00,0.00,0,0
1508084263,lo,0.00,0.00,0.00,0,0,0.00,0.00,0.00,0,0,0.00,0.00,0,0
1508084263,s4,0.00,0.00,0.00,0,0,0.00,0.00,0.00,0,0,0.00,0.00,0,0
1508084263,total,252096.00,251882.00,503978.00,251882,252096,175.00,173.00,348.00,173,175,0.00,0.00,0,0
1508084264,s5,0.00,0.00,0.00,0,0,0.00,0.00,0.00,0,0,0.00,0.00,0,0
1508084264,s1,0.00,0.00,0.00,0,0,0.00,0.00,0.00,0,0,0.00,0.00,0,0
1508084264,eth0,0.00,0.00,0.00,0,0,0.00,0.00,0.00,0,0,0.00,0.00,0,0
1508084264,eth1,0.00,0.00,0.00,0,0,0.00,0.00,0.00,0,0,0.00,0.00,0,0
1508084264,s1-eth2,6060.00,249336.00,255396.00,249336,6060,90.00,92.00,182.00,92,90,0.00,0.00,0,0
1508084264,s1-eth1,243412.00,6060.00,249472.00,6060,243412,90.00,90.00,180.00,90,90,0.00,0.00,0,0
1508084264,lo,0.00,0.00,0.00,0,0,0.00,0.00,0.00,0,0,0.00,0.00,0,0
1508084264,s4,0.00,0.00,0.00,0,0,0.00,0.00,0.00,0,0,0.00,0.00,0,0
1508084264,total,249472.00,255396.00,504868.00,255396,249472,180.00,182.00,362.00,182,180,0.00,0.00,0,0
1508084265,s5,0.00,0.00,0.00,0,0,0.00,0.00,0.00,0,0,0.00,0.00,0,0
1508084265,s1,0.00,0.00,0.00,0,0,0.00,0.00,0.00,0,0,0.00,0.00,0,0
1508084265,eth0,0.00,0.00,0.00,0,0,0.00,0.00,0.00,0,0,0.00,0.00,0,0
1508084265,eth1,0.00,0.00,0.00,0,0,0.00,0.00,0.00,0,0,0.00,0.00,0,0
1508084265,s1-eth2,5430.00,249072.00,254502.00,249072,5430,81.00,88.00,169.00,88,81,0.00,0.00,0,0
1508084265,s1-eth1,246110.00,5430.00,251540.00,5430,246110,87.00,81.00,168.00,81,87,0.00,0.00,0,0
1508084265,lo,0.00,0.00,0.00,0,0,0.00,0.00,0.00,0,0,0.00,0.00,0,0
1508084265,s4,0.00,0.00,0.00,0,0,0.00,0.00,0.00,0,0,0.00,0.00,0,0
1508084265,total,251540.00,254502.00,506042.00,254502,251540,168.00,169.00,337.00,169,168,0.00,0.00,0,0
1508084266,s5,0.00,0.00,0.00,0,0,0.00,0.00,0.00,0,0,0.00,0.00,0,0
1508084266,s1,0.00,0.00,0.00,0,0,0.00,0.00,0.00,0,0,0.00,0.00,0,0
1508084266,eth0,0.00,0.00,0.00,0,0,0.00,0.00,0.00,0,0,0.00,0.00,0,0
1508084266,eth1,0.00,0.00,0.00,0,0,0.00,0.00,0.00,0,0,0.00,0.00,0,0
1508084266,s1-eth2,6018.00,253812.00,259830.00,253812,6018,89.00,94.00,183.00,94,89,0.00,0.00,0,0
1508084266,s1-eth1,246374.00,6018.00,252392.00,6018,246374,91.00,89.00,180.00,89,91,0.00,0.00,0,0
1508084266,lo,172.00,172.00,344.00,172,172,3.00,3.00,6.00,3,3,0.00,0.00,0,0
1508084266,s4,0.00,0.00,0.00,0,0,0.00,0.00,0.00,0,0,0.00,0.00,0,0
1508084266,total,252564.00,260002.00,512566.00,260002,252564,183.00,186.00,369.00,186,183,0.00,0.00,0,0
1508084267,s5,0.00,0.00,0.00,0,0,0.00,0.00,0.00,0,0,0.00,0.00,0,0
1508084267,s1,0.00,0.00,0.00,0,0,0.00,0.00,0.00,0,0,0.00,0.00,0,0
1508084267,eth0,0.00,0.00,0.00,0,0,0.00,0.00,0.00,0,0,0.00,0.00,0,0
1508084267,eth1,0.00,0.00,0.00,0,0,0.00,0.00,0.00,0,0,0.00,0.00,0,0
1508084267,s1-eth2,5670.00,249072.00,254742.00,249072,5670,85.00,88.00,173.00,88,85,0.00,0.00,0,0
1508084267,s1-eth1,243148.00,5670.00,248818.00,5670,243148,86.00,85.00,171.00,85,86,0.00,0.00,0,0
1508084267,lo,344.00,344.00,688.00,344,344,6.00,6.00,12.00,6,6,0.00,0.00,0,0
1508084267,s4,0.00,0.00,0.00,0,0,0.00,0.00,0.00,0,0,0.00,0.00,0,0
1508084267,total,249162.00,255086.00,504248.00,255086,249162,177.00,179.00,356.00,179,177,0.00,0.00,0,0
1508084268,s5,0.00,0.00,0.00,0,0,0.00,0.00,0.00,0,0,0.00,0.00,0,0
1508084268,s1,0.00,0.00,0.00,0,0,0.00,0.00,0.00,0,0,0.00,0.00,0,0
1508084268,eth0,0.00,0.00,0.00,0,0,0.00,0.00,0.00,0,0,0.00,0.00,0,0
1508084268,eth1,0.00,0.00,0.00,0,0,0.00,0.00,0.00,0,0,0.00,0.00,0,0
1508084268,s1-eth2,5670.00,249072.00,254742.00,249072,5670,85.00,88.00,173.00,88,85,0.00,0.00,0,0
1508084268,s1-eth1,246110.00,5670.00,251780.00,5670,246110,87.00,85.00,172.00,85,87,0.00,0.00,0,0
1508084268,lo,0.00,0.00,0.00,0,0,0.00,0.00,0.00,0,0,0.00,0.00,0,0
1508084268,s4,0.00,0.00,0.00,0,0,0.00,0.00,0.00,0,0,0.00,0.00,0,0
1508084268,total,251780.00,254742.00,506522.00,254742,251780,172.00,173.00,345.00,173,172,0.00,0.00,0,0
1508084269,s5,0.00,0.00,0.00,0,0,0.00,0.00,0.00,0,0,0.00,0.00,0,0
1508084269,s1,0.00,0.00,0.00,0,0,0.00,0.00,0.00,0,0,0.00,0.00,0,0
1508084269,eth0,0.00,0.00,0.00,0,0,0.00,0.00,0.00,0,0,0.00,0.00,0,0
1508084269,eth1,0.00,0.00,0.00,0,0,0.00,0.00,0.00,0,0,0.00,0.00,0,0
1508084269,s1-eth2,5412.00,251770.00,257182.00,251770,5412,82.00,85.00,167.00,85,82,0.00,0.00,0,0
1508084269,s1-eth1,243226.00,5412.00,248638.00,5412,243226,83.00,82.00,165.00,82,83,0.00,0.00,0,0
1508084269,lo,0.00,0.00,0.00,0,0,0.00,0.00,0.00,0,0,0.00,0.00,0,0
1508084269,s4,0.00,0.00,0.00,0,0,0.00,0.00,0.00,0,0,0.00,0.00,0,0
1508084269,total,248638.00,257182.00,505820.00,257182,248638,165.00,167.00,332.00,167,165,0.00,0.00,0,0
1508084270,s5,0.00,0.00,0.00,0,0,0.00,0.00,0.00,0,0,0.00,0.00,0,0
1508084270,s1,0.00,0.00,0.00,0,0,0.00,0.00,0.00,0,0,0.00,0.00,0,0
1508084270,eth0,0.00,0.00,0.00,0,0,0.00,0.00,0.00,0,0,0.00,0.00,0,0
1508084270,eth1,0.00,0.00,0.00,0,0,0.00,0.00,0.00,0,0,0.00,0.00,0,0
1508084270,s1-eth2,5508.00,243082.00,248590.00,243082,5508,82.00,85.00,167.00,85,82,0.00,0.00,0,0
1508084270,s1-eth1,246044.00,5508.00,251552.00,5508,246044,86.00,82.00,168.00,82,86,0.00,0.00,0,0
1508084270,lo,0.00,0.00,0.00,0,0,0.00,0.00,0.00,0,0,0.00,0.00,0,0
1508084270,s4,0.00,0.00,0.00,0,0,0.00,0.00,0.00,0,0,0.00,0.00,0,0
1508084270,total,251552.00,248590.00,500142.00,248590,251552,168.00,167.00,335.00,167,168,0.00,0.00,0,0
1508084271,s5,0.00,0.00,0.00,0,0,0.00,0.00,0.00,0,0,0.00,0.00,0,0
1508084271,s1,0.00,0.00,0.00,0,0,0.00,0.00,0.00,0,0,0.00,0.00,0,0
1508084271,eth0,0.00,0.00,0.00,0,0,0.00,0.00,0.00,0,0,0.00,0.00,0,0
1508084271,eth1,0.00,0.00,0.00,0,0,0.00,0.00,0.00,0,0,0.00,0.00,0,0
1508084271,s1-eth2,5814.19,246037.97,251852.16,246284,5820,85.91,89.91,175.82,90,86,0.00,0.00,0,0
1508084271,s1-eth1,243013.00,5814.19,248827.17,5820,243256,87.91,85.91,173.83,86,88,0.00,0.00,0,0
1508084271,lo,295.70,295.70,591.41,296,296,3.00,3.00,5.99,3,3,0.00,0.00,0,0
1508084271,s4,0.00,0.00,0.00,0,0,0.00,0.00,0.00,0,0,0.00,0.00,0,0
1508084271,total,249122.89,252147.86,501270.75,252400,249372,176.82,178.82,355.64,179,177,0.00,0.00,0,0
1508084272,s5,0.00,0.00,0.00,0,0,0.00,0.00,0.00,0,0,0.00,0.00,0,0
1508084272,s1,0.00,0.00,0.00,0,0,0.00,0.00,0.00,0,0,0.00,0.00,0,0
1508084272,eth0,0.00,0.00,0.00,0,0,0.00,0.00,0.00,0,0,0.00,0.00,0,0
1508084272,eth1,0.00,0.00,0.00,0,0,0.00,0.00,0.00,0,0,0.00,0.00,0,0
1508084272,s1-eth2,6167.83,252177.83,258345.66,252430,6174,90.91,94.91,185.81,95,91,0.00,0.00,0,0
1508084272,s1-eth1,246325.69,6167.83,252493.52,6174,246572,93.91,90.91,184.82,91,94,0.00,0.00,0,0
1508084272,lo,343.66,343.66,687.31,344,344,5.99,5.99,11.99,6,6,0.00,0.00,0,0
1508084272,s4,0.00,0.00,0.00,0,0,0.00,0.00,0.00,0,0,0.00,0.00,0,0
1508084272,total,252837.17,258689.31,511526.50,258948,253090,190.81,191.81,382.62,192,191,0.00,0.00,0,0
1508084273,s5,0.00,0.00,0.00,0,0,0.00,0.00,0.00,0,0,0.00,0.00,0,0
1508084273,s1,0.00,0.00,0.00,0,0,0.00,0.00,0.00,0,0,0.00,0.00,0,0
1508084273,eth0,0.00,0.00,0.00,0,0,0.00,0.00,0.00,0,0,0.00,0.00,0,0
1508084273,eth1,0.00,0.00,0.00,0,0,0.00,0.00,0.00,0,0,0.00,0.00,0,0
1508084273,s1-eth2,6252.00,256972.00,263224.00,256972,6252,92.00,98.00,190.00,98,92,0.00,0.00,0,0
1508084273,s1-eth1,246572.00,6252.00,252824.00,6252,246572,94.00,92.00,186.00,92,94,0.00,0.00,0,0
1508084273,lo,0.00,0.00,0.00,0,0,0.00,0.00,0.00,0,0,0.00,0.00,0,0
1508084273,s4,0.00,0.00,0.00,0,0,0.00,0.00,0.00,0,0,0.00,0.00,0,0
1508084273,total,252824.00,263224.00,516048.00,263224,252824,186.00,190.00,376.00,190,186,0.00,0.00,0,0
1508084274,s5,0.00,0.00,0.00,0,0,0.00,0.00,0.00,0,0,0.00,0.00,0,0
1508084274,s1,0.00,0.00,0.00,0,0,0.00,0.00,0.00,0,0,0.00,0.00,0,0
1508084274,eth0,0.00,0.00,0.00,0,0,0.00,0.00,0.00,0,0,0.00,0.00,0,0
1508084274,eth1,0.00,0.00,0.00,0,0,0.00,0.00,0.00,0,0,0.00,0.00,0,0
1508084274,s1-eth2,5964.00,255326.00,261290.00,255326,5964,88.00,95.00,183.00,95,88,0.00,0.00,0,0
1508084274,s1-eth1,243478.00,5964.00,249442.00,5964,243478,91.00,88.00,179.00,88,91,0.00,0.00,0,0
1508084274,lo,0.00,0.00,0.00,0,0,0.00,0.00,0.00,0,0,0.00,0.00,0,0
1508084274,s4,0.00,0.00,0.00,0,0,0.00,0.00,0.00,0,0,0.00,0.00,0,0
1508084274,total,249442.00,261290.00,510732.00,261290,249442,179.00,183.00,362.00,183,179,0.00,0.00,0,0
1508084275,s5,0.00,0.00,0.00,0,0,0.00,0.00,0.00,0,0,0.00,0.00,0,0
1508084275,s1,0.00,0.00,0.00,0,0,0.00,0.00,0.00,0,0,0.00,0.00,0,0
1508084275,eth0,0.00,0.00,0.00,0,0,0.00,0.00,0.00,0,0,0.00,0.00,0,0
1508084275,eth1,0.00,0.00,0.00,0,0,0.00,0.00,0.00,0,0,0.00,0.00,0,0
1508084275,s1-eth2,5760.00,252100.00,257860.00,252100,5760,86.00,90.00,176.00,90,86,0.00,0.00,0,0
1508084275,s1-eth1,246176.00,5760.00,251936.00,5760,246176,88.00,86.00,174.00,86,88,0.00,0.00,0,0
1508084275,lo,172.00,172.00,344.00,172,172,3.00,3.00,6.00,3,3,0.00,0.00,0,0
1508084275,s4,0.00,0.00,0.00,0,0,0.00,0.00,0.00,0,0,0.00,0.00,0,0
1508084275,total,252108.00,258032.00,510140.00,258032,252108,177.00,179.00,356.00,179,177,0.00,0.00,0,0
1508084276,s5,0.00,0.00,0.00,0,0,0.00,0.00,0.00,0,0,0.00,0.00,0,0
1508084276,s1,0.00,0.00,0.00,0,0,0.00,0.00,0.00,0,0,0.00,0.00,0,0
1508084276,eth0,0.00,0.00,0.00,0,0,0.00,0.00,0.00,0,0,0.00,0.00,0,0
1508084276,eth1,0.00,0.00,0.00,0,0,0.00,0.00,0.00,0,0,0.00,0.00,0,0
1508084276,s1-eth2,5922.00,256972.00,262894.00,256972,5922,87.00,98.00,185.00,98,87,0.00,0.00,0,0
1508084276,s1-eth1,243610.00,5922.00,249532.00,5922,243610,93.00,87.00,180.00,87,93,0.00,0.00,0,0
1508084276,lo,0.00,0.00,0.00,0,0,0.00,0.00,0.00,0,0,0.00,0.00,0,0
1508084276,s4,0.00,0.00,0.00,0,0,0.00,0.00,0.00,0,0,0.00,0.00,0,0
1508084276,total,249532.00,262894.00,512426.00,262894,249532,180.00,185.00,365.00,185,180,0.00,0.00,0,0
1508084277,s5,0.00,0.00,0.00,0,0,0.00,0.00,0.00,0,0,0.00,0.00,0,0
1508084277,s1,0.00,0.00,0.00,0,0,0.00,0.00,0.00,0,0,0.00,0.00,0,0
1508084277,eth0,0.00,0.00,0.00,0,0,0.00,0.00,0.00,0,0,0.00,0.00,0,0
1508084277,eth1,0.00,0.00,0.00,0,0,0.00,0.00,0.00,0,0,0.00,0.00,0,0
1508084277,s1-eth2,5346.00,248808.00,254154.00,248808,5346,81.00,84.00,165.00,84,81,0.00,0.00,0,0
1508084277,s1-eth1,245846.00,5412.00,251258.00,5412,245846,83.00,82.00,165.00,82,83,0.00,0.00,0,0
1508084277,lo,344.00,344.00,688.00,344,344,6.00,6.00,12.00,6,6,0.00,0.00,0,0
1508084277,s4,0.00,0.00,0.00,0,0,0.00,0.00,0.00,0,0,0.00,0.00,0,0
1508084277,total,251536.00,254564.00,506100.00,254564,251536,170.00,172.00,342.00,172,170,0.00,0.00,0,0
1508084278,s5,0.00,0.00,0.00,0,0,0.00,0.00,0.00,0,0,0.00,0.00,0,0
1508084278,s1,0.00,0.00,0.00,0,0,0.00,0.00,0.00,0,0,0.00,0.00,0,0
1508084278,eth0,0.00,0.00,0.00,0,0,0.00,0.00,0.00,0,0,0.00,0.00,0,0
1508084278,eth1,0.00,0.00,0.00,0,0,0.00,0.00,0.00,0,0,0.00,0.00,0,0
1508084278,s1-eth2,6071.93,248823.19,254895.11,249072,6078,86.91,87.91,174.83,88,87,0.00,0.00,0,0
1508084278,s1-eth1,245864.14,5664.34,251528.48,5670,246110,86.91,84.92,171.83,85,87,0.00,0.00,0,0
1508084278,lo,0.00,0.00,0.00,0,0,0.00,0.00,0.00,0,0,0.00,0.00,0,0
1508084278,s4,0.00,0.00,0.00,0,0,0.00,0.00,0.00,0,0,0.00,0.00,0,0
1508084278,total,251936.08,254487.52,506423.59,254742,252188,173.83,172.83,346.65,173,174,0.00,0.00,0,0
1508084279,s5,0.00,0.00,0.00,0,0,0.00,0.00,0.00,0,0,0.00,0.00,0,0
1508084279,s1,0.00,0.00,0.00,0,0,0.00,0.00,0.00,0,0,0.00,0.00,0,0
1508084279,eth0,0.00,0.00,0.00,0,0,0.00,0.00,0.00,0,0,0.00,0.00,0,0
1508084279,eth1,0.00,0.00,0.00,0,0,0.00,0.00,0.00,0,0,0.00,0.00,0,0
1508084279,s1-eth2,5567.00,248940.00,254507.00,248940,5567,83.00,86.00,169.00,86,83,0.00,0.00,0,0
1508084279,s1-eth1,242991.00,5460.00,248451.00,5460,242991,83.00,82.00,165.00,82,83,0.00,0.00,0,0
1508084279,lo,0.00,0.00,0.00,0,0,0.00,0.00,0.00,0,0,0.00,0.00,0,0
1508084279,s4,0.00,0.00,0.00,0,0,0.00,0.00,0.00,0,0,0.00,0.00,0,0
1508084279,total,248558.00,254400.00,502958.00,254400,248558,166.00,168.00,334.00,168,166,0.00,0.00,0,0
1508084280,s5,0.00,0.00,0.00,0,0,0.00,0.00,0.00,0,0,0.00,0.00,0,0
1508084280,s1,0.00,0.00,0.00,0,0,0.00,0.00,0.00,0,0,0.00,0.00,0,0
1508084280,eth0,0.00,0.00,0.00,0,0,0.00,0.00,0.00,0,0,0.00,0.00,0,0
1508084280,eth1,0.00,0.00,0.00,0,0,0.00,0.00,0.00,0,0,0.00,0.00,0,0
1508084280,s1-eth2,6504.00,248482.00,254986.00,248482,6504,94.00,101.00,195.00,101,94,0.00,0.00,0,0
1508084280,s1-eth1,247100.00,6504.00,253604.00,6504,247100,102.00,94.00,196.00,94,102,0.00,0.00,0,0
1508084280,lo,172.00,172.00,344.00,172,172,3.00,3.00,6.00,3,3,0.00,0.00,0,0
1508084280,s4,0.00,0.00,0.00,0,0,0.00,0.00,0.00,0,0,0.00,0.00,0,0
1508084280,total,253776.00,255158.00,508934.00,255158,253776,199.00,198.00,397.00,198,199,0.00,0.00,0,0
1508084281,s5,0.00,0.00,0.00,0,0,0.00,0.00,0.00,0,0,0.00,0.00,0,0
1508084281,s1,0.00,0.00,0.00,0,0,0.00,0.00,0.00,0,0,0.00,0.00,0,0
1508084281,eth0,0.00,0.00,0.00,0,0,0.00,0.00,0.00,0,0,0.00,0.00,0,0
1508084281,eth1,0.00,0.00,0.00,0,0,0.00,0.00,0.00,0,0,0.00,0.00,0,0
1508084281,s1-eth2,5520.48,251650.36,257170.84,251902,5526,82.92,86.91,169.83,87,83,0.00,0.00,0,0
1508084281,s1-eth1,245732.28,5520.48,251252.75,5526,245978,84.92,82.92,167.83,83,85,0.00,0.00,0,0
1508084281,lo,0.00,0.00,0.00,0,0,0.00,0.00,0.00,0,0,0.00,0.00,0,0
1508084281,s4,0.00,0.00,0.00,0,0,0.00,0.00,0.00,0,0,0.00,0.00,0,0
1508084281,total,251252.75,257170.84,508423.59,257428,251504,167.83,169.83,337.66,170,168,0.00,0.00,0,0
1508084282,s5,0.00,0.00,0.00,0,0,0.00,0.00,0.00,0,0,0.00,0.00,0,0
1508084282,s1,0.00,0.00,0.00,0,0,0.00,0.00,0.00,0,0,0.00,0.00,0,0
1508084282,eth0,0.00,0.00,0.00,0,0,0.00,0.00,0.00,0,0,0.00,0.00,0,0
1508084282,eth1,0.00,0.00,0.00,0,0,0.00,0.00,0.00,0,0,0.00,0.00,0,0
1508084282,s1-eth2,5802.20,251980.03,257782.22,252232,5808,85.91,91.91,177.82,92,86,0.00,0.00,0,0
1508084282,s1-eth1,243102.91,5802.20,248905.11,5808,243346,88.91,85.91,174.83,86,89,0.00,0.00,0,0
1508084282,lo,343.66,343.66,687.31,344,344,5.99,5.99,11.99,6,6,0.00,0.00,0,0
1508084282,s4,0.00,0.00,0.00,0,0,0.00,0.00,0.00,0,0,0.00,0.00,0,0
1508084282,total,249248.77,258125.88,507374.62,258384,249498,180.82,183.82,364.64,184,181,0.00,0.00,0,0
1508084283,s5,0.00,0.00,0.00,0,0,0.00,0.00,0.00,0,0,0.00,0.00,0,0
1508084283,s1,0.00,0.00,0.00,0,0,0.00,0.00,0.00,0,0,0.00,0.00,0,0
1508084283,eth0,0.00,0.00,0.00,0,0,0.00,0.00,0.00,0,0,0.00,0.00,0,0
1508084283,eth1,0.00,0.00,0.00,0,0,0.00,0.00,0.00,0,0,0.00,0.00,0,0
1508084283,s1-eth2,5832.00,249336.00,255168.00,249336,5832,86.00,92.00,178.00,92,86,0.00,0.00,0,0
1508084283,s1-eth1,244794.00,5832.00,250626.00,5832,244794,89.00,86.00,175.00,86,89,0.00,0.00,0,0
1508084283,lo,0.00,0.00,0.00,0,0,0.00,0.00,0.00,0,0,0.00,0.00,0,0
1508084283,s4,0.00,0.00,0.00,0,0,0.00,0.00,0.00,0,0,0.00,0.00,0,0
1508084283,total,250626.00,255168.00,505794.00,255168,250626,175.00,178.00,353.00,178,175,0.00,0.00,0,0
1508084284,s5,0.00,0.00,0.00,0,0,0.00,0.00,0.00,0,0,0.00,0.00,0,0
1508084284,s1,0.00,0.00,0.00,0,0,0.00,0.00,0.00,0,0,0.00,0.00,0,0
1508084284,eth0,0.00,0.00,0.00,0,0,0.00,0.00,0.00,0,0,0.00,0.00,0,0
1508084284,eth1,0.00,0.00,0.00,0,0,0.00,0.00,0.00,0,0,0.00,0.00,0,0
1508084284,s1-eth2,6006.00,252364.00,258370.00,252364,6006,89.00,94.00,183.00,94,89,0.00,0.00,0,0
1508084284,s1-eth1,244992.00,6006.00,250998.00,6006,244992,92.00,89.00,181.00,89,92,0.00,0.00,0,0
1508084284,lo,0.00,0.00,0.00,0,0,0.00,0.00,0.00,0,0,0.00,0.00,0,0
1508084284,s4,0.00,0.00,0.00,0,0,0.00,0.00,0.00,0,0,0.00,0.00,0,0
1508084284,total,250998.00,258370.00,509368.00,258370,250998,181.00,183.00,364.00,183,181,0.00,0.00,0,0
1508084285,s5,0.00,0.00,0.00,0,0,0.00,0.00,0.00,0,0,0.00,0.00,0,0
1508084285,s1,0.00,0.00,0.00,0,0,0.00,0.00,0.00,0,0,0.00,0.00,0,0
1508084285,eth0,0.00,0.00,0.00,0,0,0.00,0.00,0.00,0,0,0.00,0.00,0,0
1508084285,eth1,0.00,0.00,0.00,0,0,0.00,0.00,0.00,0,0,0.00,0.00,0,0
1508084285,s1-eth2,5586.41,254609.39,260195.81,254864,5592,83.92,87.91,171.83,88,84,0.00,0.00,0,0
1508084285,s1-eth1,245732.28,5652.35,251384.62,5658,245978,84.92,84.92,169.83,85,85,0.00,0.00,0,0
1508084285,lo,171.83,171.83,343.66,172,172,3.00,3.00,5.99,3,3,0.00,0.00,0,0
1508084285,s4,0.00,0.00,0.00,0,0,0.00,0.00,0.00,0,0,0.00,0.00,0,0
1508084285,total,251490.52,260433.58,511924.09,260694,251742,171.83,175.82,347.65,176,172,0.00,0.00,0,0
1508084286,s5,0.00,0.00,0.00,0,0,0.00,0.00,0.00,0,0,0.00,0.00,0,0
1508084286,s1,0.00,0.00,0.00,0,0,0.00,0.00,0.00,0,0,0.00,0.00,0,0
1508084286,eth0,0.00,0.00,0.00,0,0,0.00,0.00,0.00,0,0,0.00,0.00,0,0
1508084286,eth1,0.00,0.00,0.00,0,0,0.00,0.00,0.00,0,0,0.00,0.00,0,0
1508084286,s1-eth2,6186.00,250982.00,257168.00,250982,6186,91.00,95.00,186.00,95,91,0.00,0.00,0,0
1508084286,s1-eth1,246506.00,6120.00,252626.00,6120,246506,93.00,90.00,183.00,90,93,0.00,0.00,0,0
1508084286,lo,0.00,0.00,0.00,0,0,0.00,0.00,0.00,0,0,0.00,0.00,0,0
1508084286,s4,0.00,0.00,0.00,0,0,0.00,0.00,0.00,0,0,0.00,0.00,0,0
1508084286,total,252692.00,257102.00,509794.00,257102,252692,184.00,185.00,369.00,185,184,0.00,0.00,0,0
1508084287,s5,0.00,0.00,0.00,0,0,0.00,0.00,0.00,0,0,0.00,0.00,0,0
1508084287,s1,0.00,0.00,0.00,0,0,0.00,0.00,0.00,0,0,0.00,0.00,0,0
1508084287,eth0,0.00,0.00,0.00,0,0,0.00,0.00,0.00,0,0,0.00,0.00,0,0
1508084287,eth1,0.00,0.00,0.00,0,0,0.00,0.00,0.00,0,0,0.00,0.00,0,0
1508084287,s1-eth2,5280.00,251770.00,257050.00,251770,5280,80.00,85.00,165.00,85,80,0.00,0.00,0,0
1508084287,s1-eth1,242884.00,5280.00,248164.00,5280,242884,82.00,80.00,162.00,80,82,0.00,0.00,0,0
1508084287,lo,344.00,344.00,688.00,344,344,6.00,6.00,12.00,6,6,0.00,0.00,0,0
1508084287,s4,0.00,0.00,0.00,0,0,0.00,0.00,0.00,0,0,0.00,0.00,0,0
1508084287,total,248508.00,257394.00,505902.00,257394,248508,168.00,171.00,339.00,171,168,0.00,0.00,0,0
1508084288,s5,0.00,0.00,0.00,0,0,0.00,0.00,0.00,0,0,0.00,0.00,0,0
1508084288,s1,0.00,0.00,0.00,0,0,0.00,0.00,0.00,0,0,0.00,0.00,0,0
1508084288,eth0,0.00,0.00,0.00,0,0,0.00,0.00,0.00,0,0,0.00,0.00,0,0
1508084288,eth1,0.00,0.00,0.00,0,0,0.00,0.00,0.00,0,0,0.00,0.00,0,0
1508084288,s1-eth2,6400.00,254340.00,260740.00,254340,6400,92.00,102.00,194.00,102,92,0.00,0.00,0,0
1508084288,s1-eth1,246902.00,6400.00,253302.00,6400,246902,99.00,92.00,191.00,92,99,0.00,0.00,0,0
1508084288,lo,0.00,0.00,0.00,0,0,0.00,0.00,0.00,0,0,0.00,0.00,0,0
1508084288,s4,0.00,0.00,0.00,0,0,0.00,0.00,0.00,0,0,0.00,0.00,0,0
1508084288,total,253302.00,260740.00,514042.00,260740,253302,191.00,194.00,385.00,194,191,0.00,0.00,0,0
1508084289,s5,0.00,0.00,0.00,0,0,0.00,0.00,0.00,0,0,0.00,0.00,0,0
1508084289,s1,0.00,0.00,0.00,0,0,0.00,0.00,0.00,0,0,0.00,0.00,0,0
1508084289,eth0,0.00,0.00,0.00,0,0,0.00,0.00,0.00,0,0,0.00,0.00,0,0
1508084289,eth1,0.00,0.00,0.00,0,0,0.00,0.00,0.00,0,0,0.00,0.00,0,0
1508084289,s1-eth2,5460.00,251968.00,257428.00,251968,5460,82.00,88.00,170.00,88,82,0.00,0.00,0,0
1508084289,s1-eth1,243082.00,5460.00,248542.00,5460,243082,85.00,82.00,167.00,82,85,0.00,0.00,0,0
1508084289,lo,0.00,0.00,0.00,0,0,0.00,0.00,0.00,0,0,0.00,0.00,0,0
1508084289,s4,0.00,0.00,0.00,0,0,0.00,0.00,0.00,0,0,0.00,0.00,0,0
1508084289,total,248542.00,257428.00,505970.00,257428,248542,167.00,170.00,337.00,170,167,0.00,0.00,0,0
1508084290,s5,0.00,0.00,0.00,0,0,0.00,0.00,0.00,0,0,0.00,0.00,0,0
1508084290,s1,0.00,0.00,0.00,0,0,0.00,0.00,0.00,0,0,0.00,0.00,0,0
1508084290,eth0,0.00,0.00,0.00,0,0,0.00,0.00,0.00,0,0,0.00,0.00,0,0
1508084290,eth1,0.00,0.00,0.00,0,0,0.00,0.00,0.00,0,0,0.00,0.00,0,0
1508084290,s1-eth2,5680.00,252100.00,257780.00,252100,5680,84.00,90.00,174.00,90,84,0.00,0.00,0,0
1508084290,s1-eth1,246518.00,5680.00,252198.00,5680,246518,89.00,84.00,173.00,84,89,0.00,0.00,0,0
1508084290,lo,172.00,172.00,344.00,172,172,3.00,3.00,6.00,3,3,0.00,0.00,0,0
1508084290,s4,0.00,0.00,0.00,0,0,0.00,0.00,0.00,0,0,0.00,0.00,0,0
1508084290,total,252370.00,257952.00,510322.00,257952,252370,176.00,177.00,353.00,177,176,0.00,0.00,0,0
1508084291,s5,0.00,0.00,0.00,0,0,0.00,0.00,0.00,0,0,0.00,0.00,0,0
1508084291,s1,0.00,0.00,0.00,0,0,0.00,0.00,0.00,0,0,0.00,0.00,0,0
1508084291,eth0,0.00,0.00,0.00,0,0,0.00,0.00,0.00,0,0,0.00,0.00,0,0
1508084291,eth1,0.00,0.00,0.00,0,0,0.00,0.00,0.00,0,0,0.00,0.00,0,0
1508084291,s1-eth2,6198.00,251048.00,257246.00,251048,6198,91.00,96.00,187.00,96,91,0.00,0.00,0,0
1508084291,s1-eth1,246572.00,6198.00,252770.00,6198,246572,94.00,91.00,185.00,91,94,0.00,0.00,0,0
1508084291,lo,0.00,0.00,0.00,0,0,0.00,0.00,0.00,0,0,0.00,0.00,0,0
1508084291,s4,0.00,0.00,0.00,0,0,0.00,0.00,0.00,0,0,0.00,0.00,0,0
1508084291,total,252770.00,257246.00,510016.00,257246,252770,185.00,187.00,372.00,187,185,0.00,0.00,0,0
1508084292,s5,0.00,0.00,0.00,0,0,0.00,0.00,0.00,0,0,0.00,0.00,0,0
1508084292,s1,0.00,0.00,0.00,0,0,0.00,0.00,0.00,0,0,0.00,0.00,0,0
1508084292,eth0,0.00,0.00,0.00,0,0,0.00,0.00,0.00,0,0,0.00,0.00,0,0
1508084292,eth1,0.00,0.00,0.00,0,0,0.00,0.00,0.00,0,0,0.00,0.00,0,0
1508084292,s1-eth2,5928.00,249378.00,255306.00,249378,5928,88.00,93.00,181.00,93,88,0.00,0.00,0,0
1508084292,s1-eth1,243388.00,5928.00,249316.00,5928,243388,90.00,88.00,178.00,88,90,0.00,0.00,0,0
1508084292,lo,344.00,344.00,688.00,344,344,6.00,6.00,12.00,6,6,0.00,0.00,0,0
1508084292,s4,0.00,0.00,0.00,0,0,0.00,0.00,0.00,0,0,0.00,0.00,0,0
1508084292,total,249660.00,255650.00,505310.00,255650,249660,184.00,187.00,371.00,187,184,0.00,0.00,0,0
1508084293,s5,0.00,0.00,0.00,0,0,0.00,0.00,0.00,0,0,0.00,0.00,0,0
1508084293,s1,0.00,0.00,0.00,0,0,0.00,0.00,0.00,0,0,0.00,0.00,0,0
1508084293,eth0,0.00,0.00,0.00,0,0,0.00,0.00,0.00,0,0,0.00,0.00,0,0
1508084293,eth1,0.00,0.00,0.00,0,0,0.00,0.00,0.00,0,0,0.00,0.00,0,0
1508084293,s1-eth2,5946.05,260923.08,266869.12,261184,5952,87.91,95.90,183.82,96,88,0.00,0.00,0,0
1508084293,s1-eth1,246193.81,5946.05,252139.86,5952,246440,91.91,87.91,179.82,88,92,0.00,0.00,0,0
1508084293,lo,0.00,0.00,0.00,0,0,0.00,0.00,0.00,0,0,0.00,0.00,0,0
1508084293,s4,0.00,0.00,0.00,0,0,0.00,0.00,0.00,0,0,0.00,0.00,0,0
1508084293,total,252139.86,266869.12,519009.00,267136,252392,179.82,183.82,363.64,184,180,0.00,0.00,0,0
1508084294,s5,0.00,0.00,0.00,0,0,0.00,0.00,0.00,0,0,0.00,0.00,0,0
1508084294,s1,0.00,0.00,0.00,0,0,0.00,0.00,0.00,0,0,0.00,0.00,0,0
1508084294,eth0,0.00,0.00,0.00,0,0,0.00,0.00,0.00,0,0,0.00,0.00,0,0
1508084294,eth1,0.00,0.00,0.00,0,0,0.00,0.00,0.00,0,0,0.00,0.00,0,0
1508084294,s1-eth2,5928.00,253680.00,259608.00,253680,5928,88.00,92.00,180.00,92,88,0.00,0.00,0,0
1508084294,s1-eth1,243280.00,5928.00,249208.00,5928,243280,88.00,88.00,176.00,88,88,0.00,0.00,0,0
1508084294,lo,0.00,0.00,0.00,0,0,0.00,0.00,0.00,0,0,0.00,0.00,0,0
1508084294,s4,0.00,0.00,0.00,0,0,0.00,0.00,0.00,0,0,0.00,0.00,0,0
1508084294,total,249208.00,259608.00,508816.00,259608,249208,176.00,180.00,356.00,180,176,0.00,0.00,0,0
1508084295,s5,0.00,0.00,0.00,0,0,0.00,0.00,0.00,0,0,0.00,0.00,0,0
1508084295,s1,0.00,0.00,0.00,0,0,0.00,0.00,0.00,0,0,0.00,0.00,0,0
1508084295,eth0,304.00,490.00,794.00,490,304,4.00,4.00,8.00,4,4,0.00,0.00,0,0
1508084295,eth1,0.00,0.00,0.00,0,0,0.00,0.00,0.00,0,0,0.00,0.00,0,0
1508084295,s1-eth2,6080.00,246176.00,252256.00,246176,6080,86.00,88.00,174.00,88,86,0.00,0.00,0,0
1508084295,s1-eth1,246628.00,5628.00,252256.00,5628,246628,90.00,84.00,174.00,84,90,0.00,0.00,0,0
1508084295,lo,854.00,854.00,1708.00,854,854,11.00,11.00,22.00,11,11,0.00,0.00,0,0
1508084295,s4,0.00,0.00,0.00,0,0,0.00,0.00,0.00,0,0,0.00,0.00,0,0
1508084295,total,253866.00,253148.00,507014.00,253148,253866,191.00,187.00,378.00,187,191,0.00,0.00,0,0
1508084296,s5,0.00,0.00,0.00,0,0,0.00,0.00,0.00,0,0,0.00,0.00,0,0
1508084296,s1,0.00,0.00,0.00,0,0,0.00,0.00,0.00,0,0,0.00,0.00,0,0
1508084296,eth0,152.00,245.00,397.00,245,152,2.00,2.00,4.00,2,2,0.00,0.00,0,0
1508084296,eth1,0.00,0.00,0.00,0,0,0.00,0.00,0.00,0,0,0.00,0.00,0,0
1508084296,s1-eth2,6402.00,261448.00,267850.00,261448,6402,93.00,100.00,193.00,100,93,0.00,0.00,0,0
1508084296,s1-eth1,243864.00,6214.00,250078.00,6214,243864,96.00,91.00,187.00,91,96,0.00,0.00,0,0
1508084296,lo,341.00,341.00,682.00,341,341,4.00,4.00,8.00,4,4,0.00,0.00,0,0
1508084296,s4,0.00,0.00,0.00,0,0,0.00,0.00,0.00,0,0,0.00,0.00,0,0
1508084296,total,250759.00,268248.00,519007.00,268248,250759,195.00,197.00,392.00,197,195,0.00,0.00,0,0
1508084297,s5,0.00,0.00,0.00,0,0,0.00,0.00,0.00,0,0,0.00,0.00,0,0
1508084297,s1,0.00,0.00,0.00,0,0,0.00,0.00,0.00,0,0,0.00,0.00,0,0
1508084297,eth0,303.70,489.51,793.21,490,304,4.00,4.00,7.99,4,4,0.00,0.00,0,0
1508084297,eth1,0.00,0.00,0.00,0,0,0.00,0.00,0.00,0,0,0.00,0.00,0,0
1508084297,s1-eth2,7627.37,252111.89,259739.27,252364,7635,95.90,93.91,189.81,94,96,0.00,0.00,0,0
1508084297,s1-eth1,245437.56,5850.15,251287.72,5856,245683,94.91,85.91,180.82,86,95,0.00,0.00,0,0
1508084297,lo,1024.98,1024.98,2049.95,1026,1026,13.99,13.99,27.97,14,14,0.00,0.00,0,0
1508084297,s4,0.00,0.00,0.00,0,0,0.00,0.00,0.00,0,0,0.00,0.00,0,0
1508084297,total,254393.61,259476.53,513870.16,259736,254648,208.79,197.80,406.59,198,209,0.00,0.00,0,0
1508084298,s5,0.00,0.00,0.00,0,0,0.00,0.00,0.00,0,0,0.00,0.00,0,0
1508084298,s1,0.00,0.00,0.00,0,0,0.00,0.00,0.00,0,0,0.00,0.00,0,0
1508084298,eth0,152.00,245.00,397.00,245,152,2.00,2.00,4.00,2,2,0.00,0.00,0,0
1508084298,eth1,0.00,0.00,0.00,0,0,0.00,0.00,0.00,0,0,0.00,0.00,0,0
1508084298,s1-eth2,6383.00,249072.00,255455.00,249072,6383,88.00,88.00,176.00,88,88,0.00,0.00,0,0
1508084298,s1-eth1,245707.00,5748.00,251455.00,5748,245707,93.00,86.00,179.00,86,93,0.00,0.00,0,0
1508084298,lo,341.00,341.00,682.00,341,341,4.00,4.00,8.00,4,4,0.00,0.00,0,0
1508084298,s4,0.00,0.00,0.00,0,0,0.00,0.00,0.00,0,0,0.00,0.00,0,0
1508084298,total,252583.00,255406.00,507989.00,255406,252583,187.00,180.00,367.00,180,187,0.00,0.00,0,0
1508084299,s5,0.00,0.00,0.00,0,0,0.00,0.00,0.00,0,0,0.00,0.00,0,0
1508084299,s1,0.00,0.00,0.00,0,0,0.00,0.00,0.00,0,0,0.00,0.00,0,0
1508084299,eth0,0.00,0.00,0.00,0,0,0.00,0.00,0.00,0,0,0.00,0.00,0,0
1508084299,eth1,0.00,0.00,0.00,0,0,0.00,0.00,0.00,0,0,0.00,0.00,0,0
1508084299,s1-eth2,6633.00,255326.00,261959.00,255326,6633,90.00,95.00,185.00,95,90,0.00,0.00,0,0
1508084299,s1-eth1,244414.00,5898.00,250312.00,5898,244414,94.00,87.00,181.00,87,94,0.00,0.00,0,0
1508084299,lo,0.00,0.00,0.00,0,0,0.00,0.00,0.00,0,0,0.00,0.00,0,0
1508084299,s4,0.00,0.00,0.00,0,0,0.00,0.00,0.00,0,0,0.00,0.00,0,0
1508084299,total,251047.00,261224.00,512271.00,261224,251047,184.00,182.00,366.00,182,184,0.00,0.00,0,0
1508084300,s5,0.00,0.00,0.00,0,0,0.00,0.00,0.00,0,0,0.00,0.00,0,0
1508084300,s1,0.00,0.00,0.00,0,0,0.00,0.00,0.00,0,0,0.00,0.00,0,0
1508084300,eth0,60.00,60.00,120.00,60,60,1.00,1.00,2.00,1,1,0.00,0.00,0,0
1508084300,eth1,0.00,0.00,0.00,0,0,0.00,0.00,0.00,0,0,0.00,0.00,0,0
1508084300,s1-eth2,6302.00,252232.00,258534.00,252232,6302,90.00,92.00,182.00,92,90,0.00,0.00,0,0
1508084300,s1-eth1,246415.00,5928.00,252343.00,5928,246415,91.00,88.00,179.00,88,91,0.00,0.00,0,0
1508084300,lo,172.00,172.00,344.00,172,172,3.00,3.00,6.00,3,3,0.00,0.00,0,0
1508084300,s4,0.00,0.00,0.00,0,0,0.00,0.00,0.00,0,0,0.00,0.00,0,0
1508084300,total,252949.00,258392.00,511341.00,258392,252949,185.00,184.00,369.00,184,185,0.00,0.00,0,0
1508084301,s5,0.00,0.00,0.00,0,0,0.00,0.00,0.00,0,0,0.00,0.00,0,0
1508084301,s1,0.00,0.00,0.00,0,0,0.00,0.00,0.00,0,0,0.00,0.00,0,0
1508084301,eth0,0.00,0.00,0.00,0,0,0.00,0.00,0.00,0,0,0.00,0.00,0,0
1508084301,eth1,0.00,0.00,0.00,0,0,0.00,0.00,0.00,0,0,0.00,0.00,0,0
1508084301,s1-eth2,6037.00,252100.00,258137.00,252100,6037,86.00,90.00,176.00,90,86,0.00,0.00,0,0
1508084301,s1-eth1,243551.00,5640.00,249191.00,5640,243551,89.00,84.00,173.00,84,89,0.00,0.00,0,0
1508084301,lo,0.00,0.00,0.00,0,0,0.00,0.00,0.00,0,0,0.00,0.00,0,0
1508084301,s4,0.00,0.00,0.00,0,0,0.00,0.00,0.00,0,0,0.00,0.00,0,0
1508084301,total,249588.00,257740.00,507328.00,257740,249588,175.00,174.00,349.00,174,175,0.00,0.00,0,0
1508084302,s5,0.00,0.00,0.00,0,0,0.00,0.00,0.00,0,0,0.00,0.00,0,0
1508084302,s1,0.00,0.00,0.00,0,0,0.00,0.00,0.00,0,0,0.00,0.00,0,0
1508084302,eth0,0.00,0.00,0.00,0,0,0.00,0.00,0.00,0,0,0.00,0.00,0,0
1508084302,eth1,0.00,0.00,0.00,0,0,0.00,0.00,0.00,0,0,0.00,0.00,0,0
1508084302,s1-eth2,5388.00,250652.00,256040.00,250652,5388,80.00,90.00,170.00,90,80,0.00,0.00,0,0
1508084302,s1-eth1,246437.00,5388.00,251825.00,5388,246437,88.00,80.00,168.00,80,88,0.00,0.00,0,0
1508084302,lo,344.00,344.00,688.00,344,344,6.00,6.00,12.00,6,6,0.00,0.00,0,0
1508084302,s4,0.00,0.00,0.00,0,0,0.00,0.00,0.00,0,0,0.00,0.00,0,0
1508084302,total,252169.00,256384.00,508553.00,256384,252169,174.00,176.00,350.00,176,174,0.00,0.00,0,0
1508084303,s5,0.00,0.00,0.00,0,0,0.00,0.00,0.00,0,0,0.00,0.00,0,0
1508084303,s1,0.00,0.00,0.00,0,0,0.00,0.00,0.00,0,0,0.00,0.00,0,0
1508084303,eth0,0.00,0.00,0.00,0,0,0.00,0.00,0.00,0,0,0.00,0.00,0,0
1508084303,eth1,0.00,0.00,0.00,0,0,0.00,0.00,0.00,0,0,0.00,0.00,0,0
1508084303,s1-eth2,5550.00,252100.00,257650.00,252100,5550,83.00,90.00,173.00,90,83,0.00,0.00,0,0
1508084303,s1-eth1,243082.00,5550.00,248632.00,5550,243082,85.00,83.00,168.00,83,85,0.00,0.00,0,0
1508084303,lo,0.00,0.00,0.00,0,0,0.00,0.00,0.00,0,0,0.00,0.00,0,0
1508084303,s4,0.00,0.00,0.00,0,0,0.00,0.00,0.00,0,0,0.00,0.00,0,0
1508084303,total,248632.00,257650.00,506282.00,257650,248632,168.00,173.00,341.00,173,168,0.00,0.00,0,0
1508084304,s5,0.00,0.00,0.00,0,0,0.00,0.00,0.00,0,0,0.00,0.00,0,0
1508084304,s1,0.00,0.00,0.00,0,0,0.00,0.00,0.00,0,0,0.00,0.00,0,0
1508084304,eth0,0.00,0.00,0.00,0,0,0.00,0.00,0.00,0,0,0.00,0.00,0,0
1508084304,eth1,0.00,0.00,0.00,0,0,0.00,0.00,0.00,0,0,0.00,0.00,0,0
1508084304,s1-eth2,5711.00,250454.00,256165.00,250454,5711,85.00,87.00,172.00,87,85,0.00,0.00,0,0
1508084304,s1-eth1,246349.00,5670.00,252019.00,5670,246349,90.00,85.00,175.00,85,90,0.00,0.00,0,0
1508084304,lo,0.00,0.00,0.00,0,0,0.00,0.00,0.00,0,0,0.00,0.00,0,0
1508084304,s4,0.00,0.00,0.00,0,0,0.00,0.00,0.00,0,0,0.00,0.00,0,0
1508084304,total,252060.00,256124.00,508184.00,256124,252060,175.00,172.00,347.00,172,175,0.00,0.00,0,0
1508084305,s5,0.00,0.00,0.00,0,0,0.00,0.00,0.00,0,0,0.00,0.00,0,0
1508084305,s1,0.00,0.00,0.00,0,0,0.00,0.00,0.00,0,0,0.00,0.00,0,0
1508084305,eth0,0.00,0.00,0.00,0,0,0.00,0.00,0.00,0,0,0.00,0.00,0,0
1508084305,eth1,0.00,0.00,0.00,0,0,0.00,0.00,0.00,0,0,0.00,0.00,0,0
1508084305,s1-eth2,6519.48,252441.56,258961.05,252694,6526,94.91,98.90,193.81,99,95,0.00,0.00,0,0
1508084305,s1-eth1,246527.48,6383.62,252911.09,6390,246774,96.90,92.91,189.81,93,97,0.00,0.00,0,0
1508084305,lo,171.83,171.83,343.66,172,172,3.00,3.00,5.99,3,3,0.00,0.00,0,0
1508084305,s4,0.00,0.00,0.00,0,0,0.00,0.00,0.00,0,0,0.00,0.00,0,0
1508084305,total,253218.78,258997.02,512215.81,259256,253472,194.81,194.81,389.61,195,195,0.00,0.00,0,0
1508084306,s5,0.00,0.00,0.00,0,0,0.00,0.00,0.00,0,0,0.00,0.00,0,0
1508084306,s1,0.00,0.00,0.00,0,0,0.00,0.00,0.00,0,0,0.00,0.00,0,0
1508084306,eth0,0.00,0.00,0.00,0,0,0.00,0.00,0.00,0,0,0.00,0.00,0,0
1508084306,eth1,0.00,0.00,0.00,0,0,0.00,0.00,0.00,0,0,0.00,0.00,0,0
1508084306,s1-eth2,6408.00,255656.00,262064.00,255656,6408,94.00,100.00,194.00,100,94,0.00,0.00,0,0
1508084306,s1-eth1,244150.00,6408.00,250558.00,6408,244150,97.00,94.00,191.00,94,97,0.00,0.00,0,0
1508084306,lo,0.00,0.00,0.00,0,0,0.00,0.00,0.00,0,0,0.00,0.00,0,0
1508084306,s4,0.00,0.00,0.00,0,0,0.00,0.00,0.00,0,0,0.00,0.00,0,0
1508084306,total,250558.00,262064.00,512622.00,262064,250558,191.00,194.00,385.00,194,191,0.00,0.00,0,0
1508084307,s5,0.00,0.00,0.00,0,0,0.00,0.00,0.00,0,0,0.00,0.00,0,0
1508084307,s1,0.00,0.00,0.00,0,0,0.00,0.00,0.00,0,0,0.00,0.00,0,0
1508084307,eth0,0.00,0.00,0.00,0,0,0.00,0.00,0.00,0,0,0.00,0.00,0,0
1508084307,eth1,0.00,0.00,0.00,0,0,0.00,0.00,0.00,0,0,0.00,0.00,0,0
1508084307,s1-eth2,5082.00,207868.00,212950.00,207868,5082,71.00,78.00,149.00,78,71,0.00,0.00,0,0
1508084307,s1-eth1,197468.00,4740.00,202208.00,4740,197468,74.00,70.00,144.00,70,74,0.00,0.00,0,0
1508084307,lo,344.00,344.00,688.00,344,344,6.00,6.00,12.00,6,6,0.00,0.00,0,0
1508084307,s4,0.00,0.00,0.00,0,0,0.00,0.00,0.00,0,0,0.00,0.00,0,0
1508084307,total,202894.00,212952.00,415846.00,212952,202894,151.00,154.00,305.00,154,151,0.00,0.00,0,0
1508084308,s5,0.00,0.00,0.00,0,0,0.00,0.00,0.00,0,0,0.00,0.00,0,0
1508084308,s1,0.00,0.00,0.00,0,0,0.00,0.00,0.00,0,0,0.00,0.00,0,0
1508084308,eth0,0.00,0.00,0.00,0,0,0.00,0.00,0.00,0,0,0.00,0.00,0,0
1508084308,eth1,0.00,0.00,0.00,0,0,0.00,0.00,0.00,0,0,0.00,0.00,0,0
1508084308,s1-eth2,5874.00,255194.00,261068.00,255194,5874,87.00,93.00,180.00,93,87,0.00,0.00,0,0
1508084308,s1-eth1,246308.00,5874.00,252182.00,5874,246308,90.00,87.00,177.00,87,90,0.00,0.00,0,0
1508084308,lo,0.00,0.00,0.00,0,0,0.00,0.00,0.00,0,0,0.00,0.00,0,0
1508084308,s4,0.00,0.00,0.00,0,0,0.00,0.00,0.00,0,0,0.00,0.00,0,0
1508084308,total,252182.00,261068.00,513250.00,261068,252182,177.00,180.00,357.00,180,177,0.00,0.00,0,0
1508084309,s5,0.00,0.00,0.00,0,0,0.00,0.00,0.00,0,0,0.00,0.00,0,0
1508084309,s1,0.00,0.00,0.00,0,0,0.00,0.00,0.00,0,0,0.00,0.00,0,0
1508084309,eth0,0.00,0.00,0.00,0,0,0.00,0.00,0.00,0,0,0.00,0.00,0,0
1508084309,eth1,0.00,0.00,0.00,0,0,0.00,0.00,0.00,0,0,0.00,0.00,0,0
1508084309,s1-eth2,5724.00,254930.00,260654.00,254930,5724,86.00,89.00,175.00,89,86,0.00,0.00,0,0
1508084309,s1-eth1,243082.00,5724.00,248806.00,5724,243082,85.00,86.00,171.00,86,85,0.00,0.00,0,0
1508084309,lo,0.00,0.00,0.00,0,0,0.00,0.00,0.00,0,0,0.00,0.00,0,0
1508084309,s4,0.00,0.00,0.00,0,0,0.00,0.00,0.00,0,0,0.00,0.00,0,0
1508084309,total,248806.00,260654.00,509460.00,260654,248806,171.00,175.00,346.00,175,171,0.00,0.00,0,0
1508084310,s5,0.00,0.00,0.00,0,0,0.00,0.00,0.00,0,0,0.00,0.00,0,0
1508084310,s1,0.00,0.00,0.00,0,0,0.00,0.00,0.00,0,0,0.00,0.00,0,0
1508084310,eth0,0.00,0.00,0.00,0,0,0.00,0.00,0.00,0,0,0.00,0.00,0,0
1508084310,eth1,0.00,0.00,0.00,0,0,0.00,0.00,0.00,0,0,0.00,0.00,0,0
1508084310,s1-eth2,5718.00,246242.00,251960.00,246242,5718,85.00,89.00,174.00,89,85,0.00,0.00,0,0
1508084310,s1-eth1,244596.00,5718.00,250314.00,5718,244596,86.00,85.00,171.00,85,86,0.00,0.00,0,0
1508084310,lo,172.00,172.00,344.00,172,172,3.00,3.00,6.00,3,3,0.00,0.00,0,0
1508084310,s4,0.00,0.00,0.00,0,0,0.00,0.00,0.00,0,0,0.00,0.00,0,0
1508084310,total,250486.00,252132.00,502618.00,252132,250486,174.00,177.00,351.00,177,174,0.00,0.00,0,0
1508084311,s5,0.00,0.00,0.00,0,0,0.00,0.00,0.00,0,0,0.00,0.00,0,0
1508084311,s1,0.00,0.00,0.00,0,0,0.00,0.00,0.00,0,0,0.00,0.00,0,0
1508084311,eth0,0.00,0.00,0.00,0,0,0.00,0.00,0.00,0,0,0.00,0.00,0,0
1508084311,eth1,0.00,0.00,0.00,0,0,0.00,0.00,0.00,0,0,0.00,0.00,0,0
1508084311,s1-eth2,5734.27,208097.91,213832.17,208306,5740,83.92,80.92,164.84,81,84,0.00,0.00,0,0
1508084311,s1-eth1,214147.86,5734.27,219882.12,5740,214362,84.92,83.92,168.83,84,85,0.00,0.00,0,0
1508084311,lo,0.00,0.00,0.00,0,0,0.00,0.00,0.00,0,0,0.00,0.00,0,0
1508084311,s4,0.00,0.00,0.00,0,0,0.00,0.00,0.00,0,0,0.00,0.00,0,0
1508084311,total,219882.12,213832.17,433714.31,214046,2