1508082616,s5,0.00,0.00,0.00,0,0,0.00,0.00,0.00,0,0,0.00,0.00,0,0
1508082616,s1,0.00,0.00,0.00,0,0,0.00,0.00,0.00,0,0,0.00,0.00,0,0
1508082616,eth0,0.00,0.00,0.00,0,0,0.00,0.00,0.00,0,0,0.00,0.00,0,0
1508082616,eth1,0.00,0.00,0.00,0,0,0.00,0.00,0.00,0,0,0.00,0.00,0,0
1508082616,s2,0.00,0.00,0.00,0,0,0.00,0.00,0.00,0,0,0.00,0.00,0,0
1508082616,s1-eth2,0.00,0.00,0.00,0,0,0.00,0.00,0.00,0,0,0.00,0.00,0,0
1508082616,s1-eth1,0.00,0.00,0.00,0,0,0.00,0.00,0.00,0,0,0.00,0.00,0,0
1508082616,s2-eth2,0.00,0.00,0.00,0,0,0.00,0.00,0.00,0,0,0.00,0.00,0,0
1508082616,s2-eth1,0.00,0.00,0.00,0,0,0.00,0.00,0.00,0,0,0.00,0.00,0,0
1508082616,lo,0.00,0.00,0.00,0,0,0.00,0.00,0.00,0,0,0.00,0.00,0,0
1508082616,s4,0.00,0.00,0.00,0,0,0.00,0.00,0.00,0,0,0.00,0.00,0,0
1508082616,total,0.00,0.00,0.00,0,0,0.00,0.00,0.00,0,0,0.00,0.00,0,0
1508082617,s5,0.00,0.00,0.00,0,0,0.00,0.00,0.00,0,0,0.00,0.00,0,0
1508082617,s1,0.00,42.00,42.00,42,0,0.00,1.00,1.00,1,0,0.00,0.00,0,0
1508082617,eth0,152.00,245.00,397.00,245,152,2.00,2.00,4.00,2,2,0.00,0.00,0,0
1508082617,eth1,0.00,0.00,0.00,0,0,0.00,0.00,0.00,0,0,0.00,0.00,0,0
1508082617,s2,0.00,42.00,42.00,42,0,0.00,1.00,1.00,1,0,0.00,0.00,0,0
1508082617,s1-eth2,14006.00,245310.00,259316.00,245310,14006,164.00,163.00,327.00,163,164,0.00,0.00,0,0
1508082617,s1-eth1,249926.00,12618.00,262544.00,12618,249926,172.00,159.00,331.00,159,172,0.00,0.00,0,0
1508082617,s2-eth2,9268.00,163554.00,172822.00,163554,9268,102.00,109.00,211.00,109,102,0.00,0.00,0,0
1508082617,s2-eth1,168150.00,7876.00,176026.00,7876,168150,118.00,98.00,216.00,98,118,0.00,0.00,0,0
1508082617,lo,821.00,821.00,1642.00,821,821,10.00,10.00,20.00,10,10,0.00,0.00,0,0
1508082617,s4,0.00,0.00,0.00,0,0,0.00,0.00,0.00,0,0,0.00,0.00,0,0
1508082617,total,442323.00,430508.00,872831.00,430508,442323,568.00,543.00,1111.00,543,568,0.00,0.00,0,0
1508082618,s5,0.00,0.00,0.00,0,0,0.00,0.00,0.00,0,0,0.00,0.00,0,0
1508082618,s1,0.00,42.00,42.00,42,0,0.00,1.00,1.00,1,0,0.00,0.00,0,0
1508082618,eth0,0.00,0.00,0.00,0,0,0.00,0.00,0.00,0,0,0.00,0.00,0,0
1508082618,eth1,0.00,0.00,0.00,0,0,0.00,0.00,0.00,0,0,0.00,0.00,0,0
1508082618,s2,0.00,42.00,42.00,42,0,0.00,1.00,1.00,1,0,0.00,0.00,0,0
1508082618,s1-eth2,12809.00,263478.00,276287.00,263478,12809,164.00,175.00,339.00,175,164,0.00,0.00,0,0
1508082618,s1-eth1,250179.00,12482.00,262661.00,12482,250179,167.00,163.00,330.00,163,167,0.00,0.00,0,0
1508082618,s2-eth2,7082.00,146900.00,153982.00,146900,7082,84.00,98.00,182.00,98,84,0.00,0.00,0,0
1508082618,s2-eth1,133601.00,6414.00,140015.00,6414,133601,90.00,81.00,171.00,81,90,0.00,0.00,0,0
1508082618,lo,480.00,480.00,960.00,480,480,6.00,6.00,12.00,6,6,0.00,0.00,0,0
1508082618,s4,0.00,0.00,0.00,0,0,0.00,0.00,0.00,0,0,0.00,0.00,0,0
1508082618,total,404151.00,429838.00,833989.00,429838,404151,511.00,525.00,1036.00,525,511,0.00,0.00,0,0
1508082619,s5,0.00,0.00,0.00,0,0,0.00,0.00,0.00,0,0,0.00,0.00,0,0
1508082619,s1,69.93,111.89,181.82,112,70,1.00,2.00,3.00,2,1,0.00,0.00,0,0
1508082619,eth0,59.94,59.94,119.88,60,60,1.00,1.00,2.00,1,1,0.00,0.00,0,0
1508082619,eth1,0.00,0.00,0.00,0,0,0.00,0.00,0.00,0,0,0.00,0.00,0,0
1508082619,s2,0.00,181.82,181.82,182,0,0.00,3.00,3.00,3,0,0.00,0.00,0,0
1508082619,s1-eth2,12764.24,257234.77,269999.00,257492,12777,163.84,171.83,335.66,172,164,0.00,0.00,0,0
1508082619,s1-eth1,249849.16,12587.41,262436.56,12600,250099,168.83,161.84,330.67,162,169,0.00,0.00,0,0
1508082619,s2-eth2,5575.42,116573.43,122148.85,116690,5581,69.93,78.92,148.85,79,70,0.00,0.00,0,0
1508082619,s2-eth1,128780.23,5468.53,134248.75,5474,128909,87.91,68.93,156.84,69,88,0.00,0.00,0,0
1508082619,lo,1894.11,1894.11,3788.21,1896,1896,23.98,23.98,47.95,24,24,0.00,0.00,0,0
1508082619,s4,0.00,0.00,0.00,0,0,0.00,0.00,0.00,0,0,0.00,0.00,0,0
1508082619,total,398993.03,394111.91,793104.94,394506,399392,516.48,511.49,1027.97,512,517,0.00,0.00,0,0
1508082620,s5,0.00,0.00,0.00,0,0,0.00,0.00,0.00,0,0,0.00,0.00,0,0
1508082620,s1,0.00,112.00,112.00,112,0,0.00,2.00,2.00,2,0,0.00,0.00,0,0
1508082620,eth0,0.00,0.00,0.00,0,0,0.00,0.00,0.00,0,0,0.00,0.00,0,0
1508082620,eth1,0.00,0.00,0.00,0,0,0.00,0.00,0.00,0,0,0.00,0.00,0,0
1508082620,s2,70.00,42.00,112.00,42,70,1.00,1.00,2.00,1,1,0.00,0.00,0,0
1508082620,s1-eth2,13100.00,261964.00,275064.00,261964,13100,163.00,174.00,337.00,174,163,0.00,0.00,0,0
1508082620,s1-eth1,250516.00,12436.00,262952.00,12436,250516,169.00,160.00,329.00,160,169,0.00,0.00,0,0
1508082620,s2-eth2,4375.00,112078.00,116453.00,112078,4375,53.00,75.00,128.00,75,53,0.00,0.00,0,0
1508082620,s2-eth1,106756.00,3626.00,110382.00,3626,106756,75.00,49.00,124.00,49,75,0.00,0.00,0,0
1508082620,lo,1016.00,1016.00,2032.00,1016,1016,12.00,12.00,24.00,12,12,0.00,0.00,0,0
1508082620,s4,0.00,0.00,0.00,0,0,0.00,0.00,0.00,0,0,0.00,0.00,0,0
1508082620,total,375833.00,391274.00,767107.00,391274,375833,473.00,473.00,946.00,473,473,0.00,0.00,0,0
1508082621,s5,0.00,0.00,0.00,0,0,0.00,0.00,0.00,0,0,0.00,0.00,0,0
1508082621,s1,0.00,41.96,41.96,42,0,0.00,1.00,1.00,1,0,0.00,0.00,0,0
1508082621,eth0,0.00,0.00,0.00,0,0,0.00,0.00,0.00,0,0,0.00,0.00,0,0
1508082621,eth1,0.00,0.00,0.00,0,0,0.00,0.00,0.00,0,0,0.00,0.00,0,0
1508082621,s2,0.00,41.96,41.96,42,0,0.00,1.00,1.00,1,0,0.00,0.00,0,0
1508082621,s1-eth2,12267.73,257164.84,269432.56,257422,12280,159.84,170.83,330.67,171,160,0.00,0.00,0,0
1508082621,s1-eth1,249602.41,12341.66,261944.06,12354,249852,165.83,160.84,326.67,161,166,0.00,0.00,0,0
1508082621,s2-eth2,4794.21,121040.96,125835.17,121162,4799,58.94,80.92,139.86,81,59,0.00,0.00,0,0
1508082621,s2-eth1,119528.48,4467.53,123996.01,4472,119648,79.92,57.94,137.86,58,80,0.00,0.00,0,0
1508082621,lo,479.52,479.52,959.04,480,480,5.99,5.99,11.99,6,6,0.00,0.00,0,0
1508082621,s4,0.00,0.00,0.00,0,0,0.00,0.00,0.00,0,0,0.00,0.00,0,0
1508082621,total,386672.34,395578.44,782250.75,395974,387059,470.53,478.52,949.05,479,471,0.00,0.00,0,0
1508082622,s5,0.00,0.00,0.00,0,0,0.00,0.00,0.00,0,0,0.00,0.00,0,0
1508082622,s1,0.00,0.00,0.00,0,0,0.00,0.00,0.00,0,0,0.00,0.00,0,0
1508082622,eth0,0.00,0.00,0.00,0,0,0.00,0.00,0.00,0,0,0.00,0.00,0,0
1508082622,eth1,0.00,0.00,0.00,0,0,0.00,0.00,0.00,0,0,0.00,0.00,0,0
1508082622,s2,0.00,0.00,0.00,0,0,0.00,0.00,0.00,0,0,0.00,0.00,0,0
1508082622,s1-eth2,12013.99,261660.34,273674.34,261922,12026,156.84,172.83,329.67,173,157,0.00,0.00,0,0
1508082622,s1-eth1,251072.94,11940.06,263013.00,11952,251324,165.83,155.84,321.68,156,166,0.00,0.00,0,0
1508082622,s2-eth2,4895.10,98311.69,103206.80,98410,4900,61.94,64.94,126.87,65,62,0.00,0.00,0,0
1508082622,s2-eth1,98311.69,4895.10,103206.80,4900,98410,64.94,61.94,126.87,62,65,0.00,0.00,0,0
1508082622,lo,0.00,0.00,0.00,0,0,0.00,0.00,0.00,0,0,0.00,0.00,0,0
1508082622,s4,0.00,0.00,0.00,0,0,0.00,0.00,0.00,0,0,0.00,0.00,0,0
1508082622,total,366293.72,376807.19,743100.94,377184,366660,449.55,455.54,905.09,456,450,0.00,0.00,0,0
1508082623,s5,0.00,0.00,0.00,0,0,0.00,0.00,0.00,0,0,0.00,0.00,0,0
1508082623,s1,70.00,70.00,140.00,70,70,1.00,1.00,2.00,1,1,0.00,0.00,0,0
1508082623,eth0,0.00,0.00,0.00,0,0,0.00,0.00,0.00,0,0,0.00,0.00,0,0
1508082623,eth1,0.00,0.00,0.00,0,0,0.00,0.00,0.00,0,0,0.00,0.00,0,0
1508082623,s2,0.00,140.00,140.00,140,0,0.00,2.00,2.00,2,0,0.00,0.00,0,0
1508082623,s1-eth2,12641.00,263506.00,276147.00,263506,12641,164.00,175.00,339.00,175,164,0.00,0.00,0,0
1508082623,s1-eth1,250057.00,12538.00,262595.00,12538,250057,168.00,163.00,331.00,163,168,0.00,0.00,0,0
1508082623,s2-eth2,3355.00,89396.00,92751.00,89396,3355,43.00,60.00,103.00,60,43,0.00,0.00,0,0
1508082623,s2-eth1,89503.00,3248.00,92751.00,3248,89503,61.00,42.00,103.00,42,61,0.00,0.00,0,0
1508082623,lo,1072.00,1072.00,2144.00,1072,1072,12.00,12.00,24.00,12,12,0.00,0.00,0,0
1508082623,s4,0.00,0.00,0.00,0,0,0.00,0.00,0.00,0,0,0.00,0.00,0,0
1508082623,total,356698.00,369970.00,726668.00,369970,356698,449.00,455.00,904.00,455,449,0.00,0.00,0,0
1508082624,s5,0.00,0.00,0.00,0,0,0.00,0.00,0.00,0,0,0.00,0.00,0,0
1508082624,s1,0.00,69.93,69.93,70,0,0.00,1.00,1.00,1,0,0.00,0.00,0,0
1508082624,eth0,0.00,0.00,0.00,0,0,0.00,0.00,0.00,0,0,0.00,0.00,0,0
1508082624,eth1,0.00,0.00,0.00,0,0,0.00,0.00,0.00,0,0,0.00,0.00,0,0
1508082624,s2,69.93,0.00,69.93,0,70,1.00,0.00,1.00,0,1,0.00,0.00,0,0
1508082624,s1-eth2,12781.22,258635.38,271416.59,258894,12794,164.84,170.83,335.66,171,165,0.00,0.00,0,0
1508082624,s1-eth1,249902.11,12295.71,262197.81,12308,250152,165.83,161.84,327.67,162,166,0.00,0.00,0,0
1508082624,s2-eth2,4349.65,93774.23,98123.88,93868,4354,56.94,61.94,118.88,62,57,0.00,0.00,0,0
1508082624,s2-eth1,89648.35,4209.79,93858.14,4214,89738,60.94,54.95,115.88,55,61,0.00,0.00,0,0
1508082624,lo,879.12,879.12,1758.24,880,880,11.99,11.99,23.98,12,12,0.00,0.00,0,0
1508082624,s4,0.00,0.00,0.00,0,0,0.00,0.00,0.00,0,0,0.00,0.00,0,0
1508082624,total,357630.38,369864.16,727494.50,370234,357988,461.54,462.54,924.08,463,462,0.00,0.00,0,0
1508082625,s5,0.00,0.00,0.00,0,0,0.00,0.00,0.00,0,0,0.00,0.00,0,0
1508082625,s1,0.00,0.00,0.00,0,0,0.00,0.00,0.00,0,0,0.00,0.00,0,0
1508082625,eth0,0.00,0.00,0.00,0,0,0.00,0.00,0.00,0,0,0.00,0.00,0,0
1508082625,eth1,0.00,0.00,0.00,0,0,0.00,0.00,0.00,0,0,0.00,0.00,0,0
1508082625,s2,0.00,0.00,0.00,0,0,0.00,0.00,0.00,0,0,0.00,0.00,0,0
1508082625,s1-eth2,12249.75,255610.39,267860.16,255866,12262,158.84,168.83,327.67,169,159,0.00,0.00,0,0
1508082625,s1-eth1,249560.45,12249.75,261810.20,12262,249810,164.84,158.84,323.68,159,165,0.00,0.00,0,0
1508082625,s2-eth2,4699.30,95286.72,99986.02,95382,4704,57.94,62.94,120.88,63,58,0.00,0.00,0,0
1508082625,s2-eth1,90749.25,4357.64,95106.90,4362,90840,59.94,56.94,116.88,57,60,0.00,0.00,0,0
1508082625,lo,0.00,0.00,0.00,0,0,0.00,0.00,0.00,0,0,0.00,0.00,0,0
1508082625,s4,0.00,0.00,0.00,0,0,0.00,0.00,0.00,0,0,0.00,0.00,0,0
1508082625,total,357258.75,367504.50,724763.25,367872,357616,441.56,447.55,889.11,448,442,0.00,0.00,0,0
1508082626,s5,0.00,0.00,0.00,0,0,0.00,0.00,0.00,0,0,0.00,0.00,0,0
1508082626,s1,0.00,0.00,0.00,0,0,0.00,0.00,0.00,0,0,0.00,0.00,0,0
1508082626,eth0,0.00,0.00,0.00,0,0,0.00,0.00,0.00,0,0,0.00,0.00,0,0
1508082626,eth1,0.00,0.00,0.00,0,0,0.00,0.00,0.00,0,0,0.00,0.00,0,0
1508082626,s2,0.00,0.00,0.00,0,0,0.00,0.00,0.00,0,0,0.00,0.00,0,0
1508082626,s1-eth2,12562.00,258894.00,271456.00,258894,12562,163.00,171.00,334.00,171,163,0.00,0.00,0,0
1508082626,s1-eth1,249810.00,12562.00,262372.00,12562,249810,165.00,163.00,328.00,163,165,0.00,0.00,0,0
1508082626,s2-eth2,3588.00,83312.00,86900.00,83312,3588,46.00,56.00,102.00,56,46,0.00,0.00,0,0
1508082626,s2-eth1,87854.00,3588.00,91442.00,3588,87854,59.00,46.00,105.00,46,59,0.00,0.00,0,0
1508082626,lo,592.00,592.00,1184.00,592,592,6.00,6.00,12.00,6,6,0.00,0.00,0,0
1508082626,s4,0.00,0.00,0.00,0,0,0.00,0.00,0.00,0,0,0.00,0.00,0,0
1508082626,total,354406.00,358948.00,713354.00,358948,354406,439.00,442.00,881.00,442,439,0.00,0.00,0,0
1508082627,s5,0.00,0.00,0.00,0,0,0.00,0.00,0.00,0,0,0.00,0.00,0,0
1508082627,s1,0.00,0.00,0.00,0,0,0.00,0.00,0.00,0,0,0.00,0.00,0,0
1508082627,eth0,0.00,0.00,0.00,0,0,0.00,0.00,0.00,0,0,0.00,0.00,0,0
1508082627,eth1,0.00,0.00,0.00,0,0,0.00,0.00,0.00,0,0,0.00,0.00,0,0
1508082627,s2,0.00,0.00,0.00,0,0,0.00,0.00,0.00,0,0,0.00,0.00,0,0
1508082627,s1-eth2,12143.86,254097.91,266241.75,254352,12156,157.84,167.83,325.67,168,158,0.00,0.00,0,0
1508082627,s1-eth1,251072.94,12217.78,263290.72,12230,251324,165.83,158.84,324.68,159,166,0.00,0.00,0,0
1508082627,s2-eth2,3474.53,108899.10,112373.63,109008,3478,46.95,71.93,118.88,72,47,0.00,0.00,0,0
1508082627,s2-eth1,96799.20,3474.53,100273.73,3478,96896,63.94,46.95,110.89,47,64,0.00,0.00,0,0
1508082627,lo,0.00,0.00,0.00,0,0,0.00,0.00,0.00,0,0,0.00,0.00,0,0
1508082627,s4,0.00,0.00,0.00,0,0,0.00,0.00,0.00,0,0,0.00,0.00,0,0
1508082627,total,363490.53,378689.31,742179.81,379068,363854,434.57,445.55,880.12,446,435,0.00,0.00,0,0
1508082628,s5,0.00,0.00,0.00,0,0,0.00,0.00,0.00,0,0,0.00,0.00,0,0
1508082628,s1,0.00,0.00,0.00,0,0,0.00,0.00,0.00,0,0,0.00,0.00,0,0
1508082628,eth0,0.00,0.00,0.00,0,0,0.00,0.00,0.00,0,0,0.00,0.00,0,0
1508082628,eth1,0.00,0.00,0.00,0,0,0.00,0.00,0.00,0,0,0.00,0.00,0,0
1508082628,s2,0.00,0.00,0.00,0,0,0.00,0.00,0.00,0,0,0.00,0.00,0,0
1508082628,s1-eth2,12466.00,255866.00,268332.00,255866,12466,161.00,169.00,330.00,169,161,0.00,0.00,0,0
1508082628,s1-eth1,249810.00,12392.00,262202.00,12392,249810,165.00,160.00,325.00,160,165,0.00,0.00,0,0
1508082628,s2-eth2,3108.00,109008.00,112116.00,109008,3108,42.00,72.00,114.00,72,42,0.00,0.00,0,0
1508082628,s2-eth1,121120.00,3108.00,124228.00,3108,121120,80.00,42.00,122.00,42,80,0.00,0.00,0,0
1508082628,lo,172.00,172.00,344.00,172,172,3.00,3.00,6.00,3,3,0.00,0.00,0,0
1508082628,s4,0.00,0.00,0.00,0,0,0.00,0.00,0.00,0,0,0.00,0.00,0,0
1508082628,total,386676.00,380546.00,767222.00,380546,386676,451.00,446.00,897.00,446,451,0.00,0.00,0,0
1508082629,s5,0.00,0.00,0.00,0,0,0.00,0.00,0.00,0,0,0.00,0.00,0,0
1508082629,s1,0.00,0.00,0.00,0,0,0.00,0.00,0.00,0,0,0.00,0.00,0,0
1508082629,eth0,0.00,0.00,0.00,0,0,0.00,0.00,0.00,0,0,0.00,0.00,0,0
1508082629,eth1,0.00,0.00,0.00,0,0,0.00,0.00,0.00,0,0,0.00,0.00,0,0
1508082629,s2,0.00,0.00,0.00,0,0,0.00,0.00,0.00,0,0,0.00,0.00,0,0
1508082629,s1-eth2,12309.69,257122.89,269432.56,257380,12322,160.84,169.83,330.67,170,161,0.00,0.00,0,0
1508082629,s1-eth1,249560.45,12309.69,261870.14,12322,249810,164.84,160.84,325.67,161,165,0.00,0.00,0,0
1508082629,s2-eth2,4583.42,140661.34,145244.77,140802,4588,61.94,92.91,154.85,93,62,0.00,0.00,0,0
1508082629,s2-eth1,127048.95,4583.42,131632.38,4588,127176,83.92,61.94,145.85,62,84,0.00,0.00,0,0
1508082629,lo,343.66,343.66,687.31,344,344,5.99,5.99,11.99,6,6,0.00,0.00,0,0
1508082629,s4,0.00,0.00,0.00,0,0,0.00,0.00,0.00,0,0,0.00,0.00,0,0
1508082629,total,393846.16,415021.00,808867.12,415436,394240,477.52,491.51,969.03,492,478,0.00,0.00,0,0
1508082630,s5,0.00,0.00,0.00,0,0,0.00,0.00,0.00,0,0,0.00,0.00,0,0
1508082630,s1,0.00,0.00,0.00,0,0,0.00,0.00,0.00,0,0,0.00,0.00,0,0
1508082630,eth0,0.00,0.00,0.00,0,0,0.00,0.00,0.00,0,0,0.00,0.00,0,0
1508082630,eth1,0.00,0.00,0.00,0,0,0.00,0.00,0.00,0,0,0.00,0.00,0,0
1508082630,s2,0.00,0.00,0.00,0,0,0.00,0.00,0.00,0,0,0.00,0.00,0,0
1508082630,s1-eth2,12214.00,264950.00,277164.00,264950,12214,161.00,175.00,336.00,175,161,0.00,0.00,0,0
1508082630,s1-eth1,249810.00,12214.00,262024.00,12214,249810,165.00,161.00,326.00,161,165,0.00,0.00,0,0
1508082630,s2-eth2,5692.00,140802.00,146494.00,140802,5692,74.00,93.00,167.00,93,74,0.00,0.00,0,0
1508082630,s2-eth1,143830.00,5692.00,149522.00,5692,143830,95.00,74.00,169.00,74,95,0.00,0.00,0,0
1508082630,lo,172.00,172.00,344.00,172,172,3.00,3.00,6.00,3,3,0.00,0.00,0,0
1508082630,s4,0.00,0.00,0.00,0,0,0.00,0.00,0.00,0,0,0.00,0.00,0,0
1508082630,total,411718.00,423830.00,835548.00,423830,411718,498.00,506.00,1004.00,506,498,0.00,0.00,0,0
1508082631,s5,0.00,0.00,0.00,0,0,0.00,0.00,0.00,0,0,0.00,0.00,0,0
1508082631,s1,0.00,0.00,0.00,0,0,0.00,0.00,0.00,0,0,0.00,0.00,0,0
1508082631,eth0,0.00,0.00,0.00,0,0,0.00,0.00,0.00,0,0,0.00,0.00,0,0
1508082631,eth1,0.00,0.00,0.00,0,0,0.00,0.00,0.00,0,0,0.00,0.00,0,0
1508082631,s2,0.00,0.00,0.00,0,0,0.00,0.00,0.00,0,0,0.00,0.00,0,0
1508082631,s1-eth2,12659.00,258894.00,271553.00,258894,12659,159.00,171.00,330.00,171,159,0.00,0.00,0,0
1508082631,s1-eth1,249917.00,12284.00,262201.00,12284,249917,166.00,158.00,324.00,158,166,0.00,0.00,0,0
1508082631,s2-eth2,5085.00,148372.00,153457.00,148372,5085,66.00,98.00,164.00,98,66,0.00,0.00,0,0
1508082631,s2-eth1,149993.00,4978.00,154971.00,4978,149993,100.00,65.00,165.00,65,100,0.00,0.00,0,0
1508082631,lo,0.00,0.00,0.00,0,0,0.00,0.00,0.00,0,0,0.00,0.00,0,0
1508082631,s4,0.00,0.00,0.00,0,0,0.00,0.00,0.00,0,0,0.00,0.00,0,0
1508082631,total,417654.00,424528.00,842182.00,424528,417654,491.00,492.00,983.00,492,491,0.00,0.00,0,0
1508082632,s5,0.00,0.00,0.00,0,0,0.00,0.00,0.00,0,0,0.00,0.00,0,0
1508082632,s1,0.00,0.00,0.00,0,0,0.00,0.00,0.00,0,0,0.00,0.00,0,0
1508082632,eth0,0.00,0.00,0.00,0,0,0.00,0.00,0.00,0,0,0.00,0.00,0,0
1508082632,eth1,0.00,0.00,0.00,0,0,0.00,0.00,0.00,0,0,0.00,0.00,0,0
1508082632,s2,0.00,0.00,0.00,0,0,0.00,0.00,0.00,0,0,0.00,0.00,0,0
1508082632,s1-eth2,12418.00,260408.00,272826.00,260408,12418,161.00,172.00,333.00,172,161,0.00,0.00,0,0
1508082632,s1-eth1,251324.00,12430.00,263754.00,12430,251324,166.00,161.00,327.00,161,166,0.00,0.00,0,0
1508082632,s2-eth2,4874.00,99924.00,104798.00,99924,4874,61.00,66.00,127.00,66,61,0.00,0.00,0,0
1508082632,s2-eth1,101438.00,4874.00,106312.00,4874,101438,67.00,61.00,128.00,61,67,0.00,0.00,0,0
1508082632,lo,0.00,0.00,0.00,0,0,0.00,0.00,0.00,0,0,0.00,0.00,0,0
1508082632,s4,0.00,0.00,0.00,0,0,0.00,0.00,0.00,0,0,0.00,0.00,0,0
1508082632,total,370054.00,377636.00,747690.00,377636,370054,455.00,460.00,915.00,460,455,0.00,0.00,0,0
1508082633,s5,0.00,0.00,0.00,0,0,0.00,0.00,0.00,0,0,0.00,0.00,0,0
1508082633,s1,0.00,0.00,0.00,0,0,0.00,0.00,0.00,0,0,0.00,0.00,0,0
1508082633,eth0,0.00,0.00,0.00,0,0,0.00,0.00,0.00,0,0,0.00,0.00,0,0
1508082633,eth1,0.00,0.00,0.00,0,0,0.00,0.00,0.00,0,0,0.00,0.00,0,0
1508082633,s2,0.00,0.00,0.00,0,0,0.00,0.00,0.00,0,0,0.00,0.00,0,0
1508082633,s1-eth2,12190.00,261922.00,274112.00,261922,12190,161.00,173.00,334.00,173,161,0.00,0.00,0,0
1508082633,s1-eth1,249810.00,12104.00,261914.00,12104,249810,165.00,160.00,325.00,160,165,0.00,0.00,0,0
1508082633,s2-eth2,3154.00,77214.00,80368.00,77214,3154,41.00,51.00,92.00,51,41,0.00,0.00,0,0
1508082633,s2-eth1,74186.00,3154.00,77340.00,3154,74186,49.00,41.00,90.00,41,49,0.00,0.00,0,0
1508082633,lo,172.00,172.00,344.00,172,172,3.00,3.00,6.00,3,3,0.00,0.00,0,0
1508082633,s4,0.00,0.00,0.00,0,0,0.00,0.00,0.00,0,0,0.00,0.00,0,0
1508082633,total,339512.00,354566.00,694078.00,354566,339512,419.00,428.00,847.00,428,419,0.00,0.00,0,0
1508082634,s5,0.00,0.00,0.00,0,0,0.00,0.00,0.00,0,0,0.00,0.00,0,0
1508082634,s1,0.00,0.00,0.00,0,0,0.00,0.00,0.00,0,0,0.00,0.00,0,0
1508082634,eth0,0.00,0.00,0.00,0,0,0.00,0.00,0.00,0,0,0.00,0.00,0,0
1508082634,eth1,0.00,0.00,0.00,0,0,0.00,0.00,0.00,0,0,0.00,0.00,0,0
1508082634,s2,0.00,0.00,0.00,0,0,0.00,0.00,0.00,0,0,0.00,0.00,0,0
1508082634,s1-eth2,12474.00,254352.00,266826.00,254352,12474,163.00,168.00,331.00,168,163,0.00,0.00,0,0
1508082634,s1-eth1,249810.00,12474.00,262284.00,12474,249810,165.00,163.00,328.00,163,165,0.00,0.00,0,0
1508082634,s2-eth2,3486.00,77214.00,80700.00,77214,3486,45.00,51.00,96.00,51,45,0.00,0.00,0,0
1508082634,s2-eth1,75700.00,3486.00,79186.00,3486,75700,50.00,45.00,95.00,45,50,0.00,0.00,0,0
1508082634,lo,344.00,344.00,688.00,344,344,6.00,6.00,12.00,6,6,0.00,0.00,0,0
1508082634,s4,0.00,0.00,0.00,0,0,0.00,0.00,0.00,0,0,0.00,0.00,0,0
1508082634,total,341814.00,347870.00,689684.00,347870,341814,429.00,433.00,862.00,433,429,0.00,0.00,0,0
1508082635,s5,0.00,0.00,0.00,0,0,0.00,0.00,0.00,0,0,0.00,0.00,0,0
1508082635,s1,0.00,0.00,0.00,0,0,0.00,0.00,0.00,0,0,0.00,0.00,0,0
1508082635,eth0,0.00,0.00,0.00,0,0,0.00,0.00,0.00,0,0,0.00,0.00,0,0
1508082635,eth1,0.00,0.00,0.00,0,0,0.00,0.00,0.00,0,0,0.00,0.00,0,0
1508082635,s2,0.00,0.00,0.00,0,0,0.00,0.00,0.00,0,0,0.00,0.00,0,0
1508082635,s1-eth2,12326.00,252838.00,265164.00,252838,12326,161.00,167.00,328.00,167,161,0.00,0.00,0,0
1508082635,s1-eth1,249810.00,12326.00,262136.00,12326,249810,165.00,161.00,326.00,161,165,0.00,0.00,0,0
1508082635,s2-eth2,2514.00,51476.00,53990.00,51476,2514,33.00,34.00,67.00,34,33,0.00,0.00,0,0
1508082635,s2-eth1,52990.00,2514.00,55504.00,2514,52990,35.00,33.00,68.00,33,35,0.00,0.00,0,0
1508082635,lo,172.00,172.00,344.00,172,172,3.00,3.00,6.00,3,3,0.00,0.00,0,0
1508082635,s4,0.00,0.00,0.00,0,0,0.00,0.00,0.00,0,0,0.00,0.00,0,0
1508082635,total,317812.00,319326.00,637138.00,319326,317812,397.00,398.00,795.00,398,397,0.00,0.00,0,0
1508082636,s5,0.00,0.00,0.00,0,0,0.00,0.00,0.00,0,0,0.00,0.00,0,0
1508082636,s1,0.00,0.00,0.00,0,0,0.00,0.00,0.00,0,0,0.00,0.00,0,0
1508082636,eth0,0.00,0.00,0.00,0,0,0.00,0.00,0.00,0,0,0.00,0.00,0,0
1508082636,eth1,0.00,0.00,0.00,0,0,0.00,0.00,0.00,0,0,0.00,0.00,0,0
1508082636,s2,0.00,0.00,0.00,0,0,0.00,0.00,0.00,0,0,0.00,0.00,0,0
1508082636,s1-eth2,12651.35,255610.39,268261.75,255866,12664,163.84,168.83,332.67,169,164,0.00,0.00,0,0
1508082636,s1-eth1,249560.45,12725.28,262285.72,12738,249810,164.84,164.84,329.67,165,165,0.00,0.00,0,0
1508082636,s2-eth2,2893.11,63524.48,66417.59,63588,2896,37.96,41.96,79.92,42,38,0.00,0.00,0,0
1508082636,s2-eth1,55962.04,2893.11,58855.14,2896,56018,36.96,37.96,74.93,38,37,0.00,0.00,0,0
1508082636,lo,0.00,0.00,0.00,0,0,0.00,0.00,0.00,0,0,0.00,0.00,0,0
1508082636,s4,0.00,0.00,0.00,0,0,0.00,0.00,0.00,0,0,0.00,0.00,0,0
1508082636,total,321066.94,334753.25,655820.19,335088,321388,403.60,413.59,817.18,414,404,0.00,0.00,0,0
1508082637,s5,0.00,0.00,0.00,0,0,0.00,0.00,0.00,0,0,0.00,0.00,0,0
1508082637,s1,0.00,0.00,0.00,0,0,0.00,0.00,0.00,0,0,0.00,0.00,0,0
1508082637,eth0,0.00,0.00,0.00,0,0,0.00,0.00,0.00,0,0,0.00,0.00,0,0
1508082637,eth1,0.00,0.00,0.00,0,0,0.00,0.00,0.00,0,0,0.00,0.00,0,0
1508082637,s2,0.00,0.00,0.00,0,0,0.00,0.00,0.00,0,0,0.00,0.00,0,0
1508082637,s1-eth2,12252.00,257380.00,269632.00,257380,12252,162.00,170.00,332.00,170,162,0.00,0.00,0,0
1508082637,s1-eth1,251324.00,12178.00,263502.00,12178,251324,166.00,161.00,327.00,161,166,0.00,0.00,0,0
1508082637,s2-eth2,2094.00,52990.00,55084.00,52990,2094,27.00,35.00,62.00,35,27,0.00,0.00,0,0
1508082637,s2-eth1,60560.00,2094.00,62654.00,2094,60560,40.00,27.00,67.00,27,40,0.00,0.00,0,0
1508082637,lo,0.00,0.00,0.00,0,0,0.00,0.00,0.00,0,0,0.00,0.00,0,0
1508082637,s4,0.00,0.00,0.00,0,0,0.00,0.00,0.00,0,0,0.00,0.00,0,0
1508082637,total,326230.00,324642.00,650872.00,324642,326230,395.00,393.00,788.00,393,395,0.00,0.00,0,0
1508082638,s5,0.00,0.00,0.00,0,0,0.00,0.00,0.00,0,0,0.00,0.00,0,0
1508082638,s1,0.00,0.00,0.00,0,0,0.00,0.00,0.00,0,0,0.00,0.00,0,0
1508082638,eth0,0.00,0.00,0.00,0,0,0.00,0.00,0.00,0,0,0.00,0.00,0,0
1508082638,eth1,0.00,0.00,0.00,0,0,0.00,0.00,0.00,0,0,0.00,0.00,0,0
1508082638,s2,0.00,0.00,0.00,0,0,0.00,0.00,0.00,0,0,0.00,0.00,0,0
1508082638,s1-eth2,12538.00,246782.00,259320.00,246782,12538,161.00,163.00,324.00,163,161,0.00,0.00,0,0
1508082638,s1-eth1,250152.00,12538.00,262690.00,12538,250152,166.00,161.00,327.00,161,166,0.00,0.00,0,0
1508082638,s2-eth2,3524.00,77214.00,80738.00,77214,3524,44.00,51.00,95.00,51,44,0.00,0.00,0,0
1508082638,s2-eth1,65444.00,3182.00,68626.00,3182,65444,44.00,43.00,87.00,43,44,0.00,0.00,0,0
1508082638,lo,172.00,172.00,344.00,172,172,3.00,3.00,6.00,3,3,0.00,0.00,0,0
1508082638,s4,0.00,0.00,0.00,0,0,0.00,0.00,0.00,0,0,0.00,0.00,0,0
1508082638,total,331830.00,339888.00,671718.00,339888,331830,418.00,421.00,839.00,421,418,0.00,0.00,0,0
1508082639,s5,0.00,0.00,0.00,0,0,0.00,0.00,0.00,0,0,0.00,0.00,0,0
1508082639,s1,0.00,0.00,0.00,0,0,0.00,0.00,0.00,0,0,0.00,0.00,0,0
1508082639,eth0,0.00,0.00,0.00,0,0,0.00,0.00,0.00,0,0,0.00,0.00,0,0
1508082639,eth1,0.00,0.00,0.00,0,0,0.00,0.00,0.00,0,0,0.00,0.00,0,0
1508082639,s2,0.00,0.00,0.00,0,0,0.00,0.00,0.00,0,0,0.00,0.00,0,0
1508082639,s1-eth2,12090.00,266464.00,278554.00,266464,12090,159.00,176.00,335.00,176,159,0.00,0.00,0,0
1508082639,s1-eth1,249810.00,12090.00,261900.00,12090,249810,165.00,159.00,324.00,159,165,0.00,0.00,0,0
1508082639,s2-eth2,2366.00,78728.00,81094.00,78728,2366,31.00,52.00,83.00,52,31,0.00,0.00,0,0
1508082639,s2-eth1,87812.00,2366.00,90178.00,2366,87812,58.00,31.00,89.00,31,58,0.00,0.00,0,0
1508082639,lo,344.00,344.00,688.00,344,344,6.00,6.00,12.00,6,6,0.00,0.00,0,0
1508082639,s4,0.00,0.00,0.00,0,0,0.00,0.00,0.00,0,0,0.00,0.00,0,0
1508082639,total,352422.00,359992.00,712414.00,359992,352422,419.00,424.00,843.00,424,419,0.00,0.00,0,0
1508082640,s5,0.00,0.00,0.00,0,0,0.00,0.00,0.00,0,0,0.00,0.00,0,0
1508082640,s1,0.00,0.00,0.00,0,0,0.00,0.00,0.00,0,0,0.00,0.00,0,0
1508082640,eth0,0.00,0.00,0.00,0,0,0.00,0.00,0.00,0,0,0.00,0.00,0,0
1508082640,eth1,0.00,0.00,0.00,0,0,0.00,0.00,0.00,0,0,0.00,0.00,0,0
1508082640,s2,0.00,0.00,0.00,0,0,0.00,0.00,0.00,0,0,0.00,0.00,0,0
1508082640,s1-eth2,12049.95,252585.42,264635.38,252838,12062,154.85,166.83,321.68,167,155,0.00,0.00,0,0
1508082640,s1-eth1,245022.98,12049.95,257072.94,12062,245268,161.84,154.85,316.68,155,162,0.00,0.00,0,0
1508082640,s2-eth2,3522.48,99824.18,103346.66,99924,3526,46.95,65.93,112.89,66,47,0.00,0.00,0,0
1508082640,s2-eth1,86211.79,3522.48,89734.27,3526,86298,56.94,46.95,103.90,47,57,0.00,0.00,0,0
1508082640,lo,171.83,171.83,343.66,172,172,3.00,3.00,5.99,3,3,0.00,0.00,0,0
1508082640,s4,0.00,0.00,0.00,0,0,0.00,0.00,0.00,0,0,0.00,0.00,0,0
1508082640,total,346979.03,368153.84,715132.88,368522,347326,423.58,437.56,861.14,438,424,0.00,0.00,0,0
1508082641,s5,0.00,0.00,0.00,0,0,0.00,0.00,0.00,0,0,0.00,0.00,0,0
1508082641,s1,0.00,0.00,0.00,0,0,0.00,0.00,0.00,0,0,0.00,0.00,0,0
1508082641,eth0,0.00,0.00,0.00,0,0,0.00,0.00,0.00,0,0,0.00,0.00,0,0
1508082641,eth1,0.00,0.00,0.00,0,0,0.00,0.00,0.00,0,0,0.00,0.00,0,0
1508082641,s2,0.00,0.00,0.00,0,0,0.00,0.00,0.00,0,0,0.00,0.00,0,0
1508082641,s1-eth2,11350.00,246782.00,258132.00,246782,11350,149.00,163.00,312.00,163,149,0.00,0.00,0,0
1508082641,s1-eth1,233156.00,11350.00,244506.00,11350,233156,154.00,149.00,303.00,149,154,0.00,0.00,0,0
1508082641,s2-eth2,3462.00,83270.00,86732.00,83270,3462,45.00,55.00,100.00,55,45,0.00,0.00,0,0
1508082641,s2-eth1,92354.00,3462.00,95816.00,3462,92354,61.00,45.00,106.00,45,61,0.00,0.00,0,0
1508082641,lo,0.00,0.00,0.00,0,0,0.00,0.00,0.00,0,0,0.00,0.00,0,0
1508082641,s4,0.00,0.00,0.00,0,0,0.00,0.00,0.00,0,0,0.00,0.00,0,0
1508082641,total,340322.00,344864.00,685186.00,344864,340322,409.00,412.00,821.00,412,409,0.00,0.00,0,0
1508082642,s5,0.00,0.00,0.00,0,0,0.00,0.00,0.00,0,0,0.00,0.00,0,0
1508082642,s1,0.00,0.00,0.00,0,0,0.00,0.00,0.00,0,0,0.00,0.00,0,0
1508082642,eth0,0.00,0.00,0.00,0,0,0.00,0.00,0.00,0,0,0.00,0.00,0,0
1508082642,eth1,0.00,0.00,0.00,0,0,0.00,0.00,0.00,0,0,0.00,0.00,0,0
1508082642,s2,0.00,0.00,0.00,0,0,0.00,0.00,0.00,0,0,0.00,0.00,0,0
1508082642,s1-eth2,12656.00,258894.00,271550.00,258894,12656,162.00,171.00,333.00,171,162,0.00,0.00,0,0
1508082642,s1-eth1,249810.00,12730.00,262540.00,12730,249810,165.00,163.00,328.00,163,165,0.00,0.00,0,0
1508082642,s2-eth2,3610.00,90840.00,94450.00,90840,3610,47.00,60.00,107.00,60,47,0.00,0.00,0,0
1508082642,s2-eth1,84784.00,3610.00,88394.00,3610,84784,56.00,47.00,103.00,47,56,0.00,0.00,0,0
1508082642,lo,0.00,0.00,0.00,0,0,0.00,0.00,0.00,0,0,0.00,0.00,0,0
1508082642,s4,0.00,0.00,0.00,0,0,0.00,0.00,0.00,0,0,0.00,0.00,0,0
1508082642,total,350860.00,366074.00,716934.00,366074,350860,430.00,441.00,871.00,441,430,0.00,0.00,0,0
1508082643,s5,0.00,0.00,0.00,0,0,0.00,0.00,0.00,0,0,0.00,0.00,0,0
1508082643,s1,0.00,0.00,0.00,0,0,0.00,0.00,0.00,0,0,0.00,0.00,0,0
1508082643,eth0,0.00,0.00,0.00,0,0,0.00,0.00,0.00,0,0,0.00,0.00,0,0
1508082643,eth1,0.00,0.00,0.00,0,0,0.00,0.00,0.00,0,0,0.00,0.00,0,0
1508082643,s2,0.00,0.00,0.00,0,0,0.00,0.00,0.00,0,0,0.00,0.00,0,0
1508082643,s1-eth2,12214.00,260408.00,272622.00,260408,12214,159.00,172.00,331.00,172,159,0.00,0.00,0,0
1508082643,s1-eth1,251324.00,12214.00,263538.00,12214,251324,166.00,159.00,325.00,159,166,0.00,0.00,0,0
1508082643,s2-eth2,2960.00,98410.00,101370.00,98410,2960,40.00,65.00,105.00,65,40,0.00,0.00,0,0
1508082643,s2-eth1,98410.00,2960.00,101370.00,2960,98410,65.00,40.00,105.00,40,65,0.00,0.00,0,0
1508082643,lo,172.00,172.00,344.00,172,172,3.00,3.00,6.00,3,3,0.00,0.00,0,0
1508082643,s4,0.00,0.00,0.00,0,0,0.00,0.00,0.00,0,0,0.00,0.00,0,0
1508082643,total,365080.00,374164.00,739244.00,374164,365080,433.00,439.00,872.00,439,433,0.00,0.00,0,0
1508082644,s5,0.00,0.00,0.00,0,0,0.00,0.00,0.00,0,0,0.00,0.00,0,0
1508082644,s1,0.00,0.00,0.00,0,0,0.00,0.00,0.00,0,0,0.00,0.00,0,0
1508082644,eth0,0.00,0.00,0.00,0,0,0.00,0.00,0.00,0,0,0.00,0.00,0,0
1508082644,eth1,0.00,0.00,0.00,0,0,0.00,0.00,0.00,0,0,0.00,0.00,0,0
1508082644,s2,0.00,0.00,0.00,0,0,0.00,0.00,0.00,0,0,0.00,0.00,0,0
1508082644,s1-eth2,12569.43,258635.38,271204.81,258894,12582,162.84,170.83,333.67,171,163,0.00,0.00,0,0
1508082644,s1-eth1,249560.45,12153.85,261714.30,12166,249810,164.84,160.84,325.67,161,165,0.00,0.00,0,0
1508082644,s2-eth2,3772.23,99824.18,103596.41,99924,3776,47.95,65.93,113.89,66,48,0.00,0.00,0,0
1508082644,s2-eth1,96799.20,3772.23,100571.43,3776,96896,63.94,47.95,111.89,48,64,0.00,0.00,0,0
1508082644,lo,343.66,343.66,687.31,344,344,5.99,5.99,11.99,6,6,0.00,0.00,0,0
1508082644,s4,0.00,0.00,0.00,0,0,0.00,0.00,0.00,0,0,0.00,0.00,0,0
1508082644,total,363044.97,374729.28,737774.25,375104,363408,445.55,451.55,897.10,452,446,0.00,0.00,0,0
1508082645,s5,0.00,0.00,0.00,0,0,0.00,0.00,0.00,0,0,0.00,0.00,0,0
1508082645,s1,0.00,0.00,0.00,0,0,0.00,0.00,0.00,0,0,0.00,0.00,0,0
1508082645,eth0,0.00,0.00,0.00,0,0,0.00,0.00,0.00,0,0,0.00,0.00,0,0
1508082645,eth1,0.00,0.00,0.00,0,0,0.00,0.00,0.00,0,0,0.00,0.00,0,0
1508082645,s2,0.00,0.00,0.00,0,0,0.00,0.00,0.00,0,0,0.00,0.00,0,0
1508082645,s1-eth2,12196.00,255866.00,268062.00,255866,12196,160.00,169.00,329.00,169,160,0.00,0.00,0,0
1508082645,s1-eth1,249810.00,12196.00,262006.00,12196,249810,165.00,160.00,325.00,160,165,0.00,0.00,0,0
1508082645,s2-eth2,4070.00,115064.00,119134.00,115064,4070,55.00,76.00,131.00,76,55,0.00,0.00,0,0
1508082645,s2-eth1,116578.00,4070.00,120648.00,4070,116578,77.00,55.00,132.00,55,77,0.00,0.00,0,0
1508082645,lo,172.00,172.00,344.00,172,172,3.00,3.00,6.00,3,3,0.00,0.00,0,0
1508082645,s4,0.00,0.00,0.00,0,0,0.00,0.00,0.00,0,0,0.00,0.00,0,0
1508082645,total,382826.00,387368.00,770194.00,387368,382826,460.00,463.00,923.00,463,460,0.00,0.00,0,0
1508082646,s5,0.00,0.00,0.00,0,0,0.00,0.00,0.00,0,0,0.00,0.00,0,0
1508082646,s1,0.00,0.00,0.00,0,0,0.00,0.00,0.00,0,0,0.00,0.00,0,0
1508082646,eth0,0.00,0.00,0.00,0,0,0.00,0.00,0.00,0,0,0.00,0.00,0,0
1508082646,eth1,0.00,0.00,0.00,0,0,0.00,0.00,0.00,0,0,0.00,0.00,0,0
1508082646,s2,0.00,0.00,0.00,0,0,0.00,0.00,0.00,0,0,0.00,0.00,0,0
1508082646,s1-eth2,12714.00,254352.00,267066.00,254352,12714,161.00,168.00,329.00,168,161,0.00,0.00,0,0
1508082646,s1-eth1,249810.00,12714.00,262524.00,12714,249810,165.00,161.00,326.00,161,165,0.00,0.00,0,0
1508082646,s2-eth2,5456.00,124148.00,129604.00,124148,5456,68.00,82.00,150.00,82,68,0.00,0.00,0,0
1508082646,s2-eth1,122634.00,5114.00,127748.00,5114,122634,81.00,67.00,148.00,67,81,0.00,0.00,0,0
1508082646,lo,0.00,0.00,0.00,0,0,0.00,0.00,0.00,0,0,0.00,0.00,0,0
1508082646,s4,0.00,0.00,0.00,0,0,0.00,0.00,0.00,0,0,0.00,0.00,0,0
1508082646,total,390614.00,396328.00,786942.00,396328,390614,475.00,478.00,953.00,478,475,0.00,0.00,0,0
1508082647,s5,0.00,0.00,0.00,0,0,0.00,0.00,0.00,0,0,0.00,0.00,0,0
1508082647,s1,0.00,0.00,0.00,0,0,0.00,0.00,0.00,0,0,0.00,0.00,0,0
1508082647,eth0,0.00,0.00,0.00,0,0,0.00,0.00,0.00,0,0,0.00,0.00,0,0
1508082647,eth1,0.00,0.00,0.00,0,0,0.00,0.00,0.00,0,0,0.00,0.00,0,0
1508082647,s2,0.00,0.00,0.00,0,0,0.00,0.00,0.00,0,0,0.00,0.00,0,0
1508082647,s1-eth2,12454.55,257122.89,269577.44,257380,12467,162.84,169.83,332.67,170,163,0.00,0.00,0,0
1508082647,s1-eth1,251179.83,12421.58,263601.41,12434,251431,166.83,162.84,329.67,163,167,0.00,0.00,0,0
1508082647,s2-eth2,4424.58,104361.64,108786.22,104466,4429,55.94,68.93,124.88,69,56,0.00,0.00,0,0
1508082647,s2-eth1,104468.53,4317.68,108786.22,4322,104573,69.93,54.95,124.88,55,70,0.00,0.00,0,0
1508082647,lo,0.00,0.00,0.00,0,0,0.00,0.00,0.00,0,0,0.00,0.00,0,0
1508082647,s4,0.00,0.00,0.00,0,0,0.00,0.00,0.00,0,0,0.00,0.00,0,0
1508082647,total,372527.47,378223.78,750751.25,378602,372900,455.54,456.54,912.09,457,456,0.00,0.00,0,0
1508082648,s5,0.00,0.00,0.00,0,0,0.00,0.00,0.00,0,0,0.00,0.00,0,0
1508082648,s1,0.00,0.00,0.00,0,0,0.00,0.00,0.00,0,0,0.00,0.00,0,0
1508082648,eth0,0.00,0.00,0.00,0,0,0.00,0.00,0.00,0,0,0.00,0.00,0,0
1508082648,eth1,0.00,0.00,0.00,0,0,0.00,0.00,0.00,0,0,0.00,0.00,0,0
1508082648,s2,0.00,0.00,0.00,0,0,0.00,0.00,0.00,0,0,0.00,0.00,0,0
1508082648,s1-eth2,12372.00,255866.00,268238.00,255866,12372,162.00,169.00,331.00,169,162,0.00,0.00,0,0
1508082648,s1-eth1,248638.00,12372.00,261010.00,12372,248638,165.00,162.00,327.00,162,165,0.00,0.00,0,0
1508082648,s2-eth2,3916.00,81756.00,85672.00,81756,3916,50.00,54.00,104.00,54,50,0.00,0.00,0,0
1508082648,s2-eth1,80242.00,3916.00,84158.00,3916,80242,53.00,50.00,103.00,50,53,0.00,0.00,0,0
1508082648,lo,172.00,172.00,344.00,172,172,3.00,3.00,6.00,3,3,0.00,0.00,0,0
1508082648,s4,0.00,0.00,0.00,0,0,0.00,0.00,0.00,0,0,0.00,0.00,0,0
1508082648,total,345340.00,354082.00,699422.00,354082,345340,433.00,438.00,871.00,438,433,0.00,0.00,0,0
1508082649,s5,0.00,0.00,0.00,0,0,0.00,0.00,0.00,0,0,0.00,0.00,0,0
1508082649,s1,0.00,0.00,0.00,0,0,0.00,0.00,0.00,0,0,0.00,0.00,0,0
1508082649,eth0,0.00,0.00,0.00,0,0,0.00,0.00,0.00,0,0,0.00,0.00,0,0
1508082649,eth1,0.00,0.00,0.00,0,0,0.00,0.00,0.00,0,0,0.00,0.00,0,0
1508082649,s2,0.00,0.00,0.00,0,0,0.00,0.00,0.00,0,0,0.00,0.00,0,0
1508082649,s1-eth2,12460.00,257380.00,269840.00,257380,12460,164.00,170.00,334.00,170,164,0.00,0.00,0,0
1508082649,s1-eth1,251324.00,12386.00,263710.00,12386,251324,166.00,163.00,329.00,163,166,0.00,0.00,0,0
1508082649,s2-eth2,3154.00,80242.00,83396.00,80242,3154,41.00,53.00,94.00,53,41,0.00,0.00,0,0
1508082649,s2-eth1,74186.00,3154.00,77340.00,3154,74186,49.00,41.00,90.00,41,49,0.00,0.00,0,0
1508082649,lo,344.00,344.00,688.00,344,344,6.00,6.00,12.00,6,6,0.00,0.00,0,0
1508082649,s4,0.00,0.00,0.00,0,0,0.00,0.00,0.00,0,0,0.00,0.00,0,0
1508082649,total,341468.00,353506.00,694974.00,353506,341468,426.00,433.00,859.00,433,426,0.00,0.00,0,0
1508082650,s5,0.00,0.00,0.00,0,0,0.00,0.00,0.00,0,0,0.00,0.00,0,0
1508082650,s1,0.00,0.00,0.00,0,0,0.00,0.00,0.00,0,0,0.00,0.00,0,0
1508082650,eth0,0.00,0.00,0.00,0,0,0.00,0.00,0.00,0,0,0.00,0.00,0,0
1508082650,eth1,0.00,0.00,0.00,0,0,0.00,0.00,0.00,0,0,0.00,0.00,0,0
1508082650,s2,0.00,0.00,0.00,0,0,0.00,0.00,0.00,0,0,0.00,0.00,0,0
1508082650,s1-eth2,11978.00,255866.00,267844.00,255866,11978,157.00,169.00,326.00,169,157,0.00,0.00,0,0
1508082650,s1-eth1,249810.00,11978.00,261788.00,11978,249810,165.00,157.00,322.00,157,165,0.00,0.00,0,0
1508082650,s2-eth2,3302.00,75700.00,79002.00,75700,3302,43.00,50.00,93.00,50,43,0.00,0.00,0,0
1508082650,s2-eth1,77214.00,3302.00,80516.00,3302,77214,51.00,43.00,94.00,43,51,0.00,0.00,0,0
1508082650,lo,172.00,172.00,344.00,172,172,3.00,3.00,6.00,3,3,0.00,0.00,0,0
1508082650,s4,0.00,0.00,0.00,0,0,0.00,0.00,0.00,0,0,0.00,0.00,0,0
1508082650,total,342476.00,347018.00,689494.00,347018,342476,419.00,422.00,841.00,422,419,0.00,0.00,0,0
1508082651,s5,0.00,0.00,0.00,0,0,0.00,0.00,0.00,0,0,0.00,0.00,0,0
1508082651,s1,0.00,0.00,0.00,0,0,0.00,0.00,0.00,0,0,0.00,0.00,0,0
1508082651,eth0,0.00,0.00,0.00,0,0,0.00,0.00,0.00,0,0,0.00,0.00,0,0
1508082651,eth1,0.00,0.00,0.00,0,0,0.00,0.00,0.00,0,0,0.00,0.00,0,0
1508082651,s2,0.00,0.00,0.00,0,0,0.00,0.00,0.00,0,0,0.00,0.00,0,0
1508082651,s1-eth2,12096.00,255866.00,267962.00,255866,12096,158.00,169.00,327.00,169,158,0.00,0.00,0,0
1508082651,s1-eth1,249810.00,12096.00,261906.00,12096,249810,165.00,158.00,323.00,158,165,0.00,0.00,0,0
1508082651,s2-eth2,2746.00,60560.00,63306.00,60560,2746,35.00,40.00,75.00,40,35,0.00,0.00,0,0
1508082651,s2-eth1,59046.00,2746.00,61792.00,2746,59046,39.00,35.00,74.00,35,39,0.00,0.00,0,0
1508082651,lo,0.00,0.00,0.00,0,0,0.00,0.00,0.00,0,0,0.00,0.00,0,0
1508082651,s4,0.00,0.00,0.00,0,0,0.00,0.00,0.00,0,0,0.00,0.00,0,0
1508082651,total,323698.00,331268.00,654966.00,331268,323698,397.00,402.00,799.00,402,397,0.00,0.00,0,0
1508082652,s5,0.00,0.00,0.00,0,0,0.00,0.00,0.00,0,0,0.00,0.00,0,0
1508082652,s1,0.00,0.00,0.00,0,0,0.00,0.00,0.00,0,0,0.00,0.00,0,0
1508082652,eth0,0.00,0.00,0.00,0,0,0.00,0.00,0.00,0,0,0.00,0.00,0,0
1508082652,eth1,0.00,0.00,0.00,0,0,0.00,0.00,0.00,0,0,0.00,0.00,0,0
1508082652,s2,0.00,0.00,0.00,0,0,0.00,0.00,0.00,0,0,0.00,0.00,0,0
1508082652,s1-eth2,12542.00,255866.00,268408.00,255866,12542,161.00,169.00,330.00,169,161,0.00,0.00,0,0
1508082652,s1-eth1,249810.00,12542.00,262352.00,12542,249810,165.00,161.00,326.00,161,165,0.00,0.00,0,0
1508082652,s2-eth2,2218.00,57532.00,59750.00,57532,2218,29.00,38.00,67.00,38,29,0.00,0.00,0,0
1508082652,s2-eth1,57532.00,2218.00,59750.00,2218,57532,38.00,29.00,67.00,29,38,0.00,0.00,0,0
1508082652,lo,0.00,0.00,0.00,0,0,0.00,0.00,0.00,0,0,0.00,0.00,0,0
1508082652,s4,0.00,0.00,0.00,0,0,0.00,0.00,0.00,0,0,0.00,0.00,0,0
1508082652,total,322102.00,328158.00,650260.00,328158,322102,393.00,397.00,790.00,397,393,0.00,0.00,0,0
1508082653,s5,0.00,0.00,0.00,0,0,0.00,0.00,0.00,0,0,0.00,0.00,0,0
1508082653,s1,0.00,0.00,0.00,0,0,0.00,0.00,0.00,0,0,0.00,0.00,0,0
1508082653,eth0,0.00,0.00,0.00,0,0,0.00,0.00,0.00,0,0,0.00,0.00,0,0
1508082653,eth1,0.00,0.00,0.00,0,0,0.00,0.00,0.00,0,0,0.00,0.00,0,0
1508082653,s2,0.00,0.00,0.00,0,0,0.00,0.00,0.00,0,0,0.00,0.00,0,0
1508082653,s1-eth2,12290.00,254394.00,266684.00,254394,12290,161.00,169.00,330.00,169,161,0.00,0.00,0,0
1508082653,s1-eth1,249852.00,12364.00,262216.00,12364,249852,166.00,162.00,328.00,162,166,0.00,0.00,0,0
1508082653,s2-eth2,3260.00,54504.00,57764.00,54504,3260,38.00,36.00,74.00,36,38,0.00,0.00,0,0
1508082653,s2-eth1,50304.00,2918.00,53222.00,2918,50304,34.00,37.00,71.00,37,34,0.00,0.00,0,0
1508082653,lo,296.00,296.00,592.00,296,296,3.00,3.00,6.00,3,3,0.00,0.00,0,0
1508082653,s4,0.00,0.00,0.00,0,0,0.00,0.00,0.00,0,0,0.00,0.00,0,0
1508082653,total,316002.00,324476.00,640478.00,324476,316002,402.00,407.00,809.00,407,402,0.00,0.00,0,0
1508082654,s5,0.00,0.00,0.00,0,0,0.00,0.00,0.00,0,0,0.00,0.00,0,0
1508082654,s1,0.00,0.00,0.00,0,0,0.00,0.00,0.00,0,0,0.00,0.00,0,0
1508082654,eth0,0.00,0.00,0.00,0,0,0.00,0.00,0.00,0,0,0.00,0.00,0,0
1508082654,eth1,0.00,0.00,0.00,0,0,0.00,0.00,0.00,0,0,0.00,0.00,0,0
1508082654,s2,0.00,0.00,0.00,0,0,0.00,0.00,0.00,0,0,0.00,0.00,0,0
1508082654,s1-eth2,12052.00,258894.00,270946.00,258894,12052,158.00,171.00,329.00,171,158,0.00,0.00,0,0
1508082654,s1-eth1,251324.00,12052.00,263376.00,12052,251324,166.00,158.00,324.00,158,166,0.00,0.00,0,0
1508082654,s2-eth2,2244.00,59046.00,61290.00,59046,2244,30.00,39.00,69.00,39,30,0.00,0.00,0,0
1508082654,s2-eth1,59046.00,2244.00,61290.00,2244,59046,39.00,30.00,69.00,30,39,0.00,0.00,0,0
1508082654,lo,344.00,344.00,688.00,344,344,6.00,6.00,12.00,6,6,0.00,0.00,0,0
1508082654,s4,0.00,0.00,0.00,0,0,0.00,0.00,0.00,0,0,0.00,0.00,0,0
1508082654,total,325010.00,332580.00,657590.00,332580,325010,399.00,404.00,803.00,404,399,0.00,0.00,0,0
1508082655,s5,0.00,0.00,0.00,0,0,0.00,0.00,0.00,0,0,0.00,0.00,0,0
1508082655,s1,0.00,0.00,0.00,0,0,0.00,0.00,0.00,0,0,0.00,0.00,0,0
1508082655,eth0,0.00,0.00,0.00,0,0,0.00,0.00,0.00,0,0,0.00,0.00,0,0
1508082655,eth1,0.00,0.00,0.00,0,0,0.00,0.00,0.00,0,0,0.00,0.00,0,0
1508082655,s2,0.00,0.00,0.00,0,0,0.00,0.00,0.00,0,0,0.00,0.00,0,0
1508082655,s1-eth2,12401.60,266197.81,278599.41,266464,12414,160.84,175.82,336.66,176,161,0.00,0.00,0,0
1508082655,s1-eth1,249560.45,11986.01,261546.45,11998,249810,164.84,158.84,323.68,159,165,0.00,0.00,0,0
1508082655,s2-eth2,2735.26,78649.35,81384.62,78728,2738,36.96,51.95,88.91,52,37,0.00,0.00,0,0
1508082655,s2-eth1,78649.35,2809.19,81458.55,2812,78728,51.95,37.96,89.91,38,52,0.00,0.00,0,0
1508082655,lo,171.83,171.83,343.66,172,172,3.00,3.00,5.99,3,3,0.00,0.00,0,0
1508082655,s4,0.00,0.00,0.00,0,0,0.00,0.00,0.00,0,0,0.00,0.00,0,0
1508082655,total,343518.50,359814.19,703332.69,360174,343862,417.58,427.57,845.15,428,418,0.00,0.00,0,0
1508082656,s5,0.00,0.00,0.00,0,0,0.00,0.00,0.00,0,0,0.00,0.00,0,0
1508082656,s1,0.00,0.00,0.00,0,0,0.00,0.00,0.00,0,0,0.00,0.00,0,0
1508082656,eth0,0.00,0.00,0.00,0,0,0.00,0.00,0.00,0,0,0.00,0.00,0,0
1508082656,eth1,0.00,0.00,0.00,0,0,0.00,0.00,0.00,0,0,0.00,0.00,0,0
1508082656,s2,0.00,0.00,0.00,0,0,0.00,0.00,0.00,0,0,0.00,0.00,0,0
1508082656,s1-eth2,12480.00,249810.00,262290.00,249810,12480,162.00,165.00,327.00,165,162,0.00,0.00,0,0
1508082656,s1-eth1,249810.00,12480.00,262290.00,12480,249810,165.00,162.00,327.00,162,165,0.00,0.00,0,0
1508082656,s2-eth2,3996.00,105980.00,109976.00,105980,3996,54.00,70.00,124.00,70,54,0.00,0.00,0,0
1508082656,s2-eth1,101438.00,3922.00,105360.00,3922,101438,67.00,53.00,120.00,53,67,0.00,0.00,0,0
1508082656,lo,0.00,0.00,0.00,0,0,0.00,0.00,0.00,0,0,0.00,0.00,0,0
1508082656,s4,0.00,0.00,0.00,0,0,0.00,0.00,0.00,0,0,0.00,0.00,0,0
1508082656,total,367724.00,372192.00,739916.00,372192,367724,448.00,450.00,898.00,450,448,0.00,0.00,0,0
1508082657,s5,0.00,0.00,0.00,0,0,0.00,0.00,0.00,0,0,0.00,0.00,0,0
1508082657,s1,0.00,0.00,0.00,0,0,0.00,0.00,0.00,0,0,0.00,0.00,0,0
1508082657,eth0,0.00,0.00,0.00,0,0,0.00,0.00,0.00,0,0,0.00,0.00,0,0
1508082657,eth1,0.00,0.00,0.00,0,0,0.00,0.00,0.00,0,0,0.00,0.00,0,0
1508082657,s2,0.00,0.00,0.00,0,0,0.00,0.00,0.00,0,0,0.00,0.00,0,0
1508082657,s1-eth2,12333.67,258635.38,270969.03,258894,12346,160.84,170.83,331.67,171,161,0.00,0.00,0,0
1508082657,s1-eth1,249560.45,12333.67,261894.11,12346,249810,164.84,160.84,325.67,161,165,0.00,0.00,0,0
1508082657,s2-eth2,3990.01,86211.79,90201.80,86298,3994,48.95,56.94,105.89,57,49,0.00,0.00,0,0
1508082657,s2-eth1,86211.79,3990.01,90201.80,3994,86298,56.94,48.95,105.89,49,57,0.00,0.00,0,0
1508082657,lo,171.83,171.83,343.66,172,172,3.00,3.00,5.99,3,3,0.00,0.00,0,0
1508082657,s4,0.00,0.00,0.00,0,0,0.00,0.00,0.00,0,0,0.00,0.00,0,0
1508082657,total,352267.75,361342.66,713610.44,361704,352620,434.57,440.56,875.12,441,435,0.00,0.00,0,0
1508082658,s5,0.00,0.00,0.00,0,0,0.00,0.00,0.00,0,0,0.00,0.00,0,0
1508082658,s1,0.00,0.00,0.00,0,0,0.00,0.00,0.00,0,0,0.00,0.00,0,0
1508082658,eth0,0.00,0.00,0.00,0,0,0.00,0.00,0.00,0,0,0.00,0.00,0,0
1508082658,eth1,0.00,0.00,0.00,0,0,0.00,0.00,0.00,0,0,0.00,0.00,0,0
1508082658,s2,0.00,0.00,0.00,0,0,0.00,0.00,0.00,0,0,0.00,0.00,0,0
1508082658,s1-eth2,12304.00,255866.00,268170.00,255866,12304,158.00,169.00,327.00,169,158,0.00,0.00,0,0
1508082658,s1-eth1,251324.00,12378.00,263702.00,12378,251324,166.00,159.00,325.00,159,166,0.00,0.00,0,0
1508082658,s2-eth2,3832.00,86298.00,90130.00,86298,3832,50.00,57.00,107.00,57,50,0.00,0.00,0,0
1508082658,s2-eth1,81756.00,3832.00,85588.00,3832,81756,54.00,50.00,104.00,50,54,0.00,0.00,0,0
1508082658,lo,0.00,0.00,0.00,0,0,0.00,0.00,0.00,0,0,0.00,0.00,0,0
1508082658,s4,0.00,0.00,0.00,0,0,0.00,0.00,0.00,0,0,0.00,0.00,0,0
1508082658,total,349216.00,358374.00,707590.00,358374,349216,428.00,435.00,863.00,435,428,0.00,0.00,0,0
1508082659,s5,0.00,0.00,0.00,0,0,0.00,0.00,0.00,0,0,0.00,0.00,0,0
1508082659,s1,0.00,0.00,0.00,0,0,0.00,0.00,0.00,0,0,0.00,0.00,0,0
1508082659,eth0,0.00,0.00,0.00,0,0,0.00,0.00,0.00,0,0,0.00,0.00,0,0
1508082659,eth1,0.00,0.00,0.00,0,0,0.00,0.00,0.00,0,0,0.00,0.00,0,0
1508082659,s2,0.00,0.00,0.00,0,0,0.00,0.00,0.00,0,0,0.00,0.00,0,0
1508082659,s1-eth2,12428.00,261922.00,274350.00,261922,12428,166.00,173.00,339.00,173,166,0.00,0.00,0,0
1508082659,s1-eth1,249810.00,12354.00,262164.00,12354,249810,165.00,165.00,330.00,165,165,0.00,0.00,0,0
1508082659,s2-eth2,3346.00,69644.00,72990.00,69644,3346,43.00,46.00,89.00,46,43,0.00,0.00,0,0
1508082659,s2-eth1,71158.00,3346.00,74504.00,3346,71158,47.00,43.00,90.00,43,47,0.00,0.00,0,0
1508082659,lo,344.00,344.00,688.00,344,344,6.00,6.00,12.00,6,6,0.00,0.00,0,0
1508082659,s4,0.00,0.00,0.00,0,0,0.00,0.00,0.00,0,0,0.00,0.00,0,0
1508082659,total,337086.00,347610.00,684696.00,347610,337086,427.00,433.00,860.00,433,427,0.00,0.00,0,0
1508082660,s5,0.00,0.00,0.00,0,0,0.00,0.00,0.00,0,0,0.00,0.00,0,0
1508082660,s1,0.00,0.00,0.00,0,0,0.00,0.00,0.00,0,0,0.00,0.00,0,0
1508082660,eth0,0.00,0.00,0.00,0,0,0.00,0.00,0.00,0,0,0.00,0.00,0,0
1508082660,eth1,0.00,0.00,0.00,0,0,0.00,0.00,0.00,0,0,0.00,0.00,0,0
1508082660,s2,0.00,0.00,0.00,0,0,0.00,0.00,0.00,0,0,0.00,0.00,0,0
1508082660,s1-eth2,12291.71,254097.91,266389.62,254352,12304,157.84,167.83,325.67,168,158,0.00,0.00,0,0
1508082660,s1-eth1,249810.00,12304.00,262114.00,12304,249810,165.00,158.00,323.00,158,165,0.00,0.00,0,0
1508082660,s2-eth2,3848.00,92354.00,96202.00,92354,3848,52.00,61.00,113.00,61,52,0.00,0.00,0,0
1508082660,s2-eth1,81756.00,3848.00,85604.00,3848,81756,54.00,52.00,106.00,52,54,0.00,0.00,0,0
1508082660,lo,172.00,172.00,344.00,172,172,3.00,3.00,6.00,3,3,0.00,0.00,0,0
1508082660,s4,0.00,0.00,0.00,0,0,0.00,0.00,0.00,0,0,0.00,0.00,0,0
1508082660,total,347890.00,363030.00,710920.00,363030,347890,432.00,442.00,874.00,442,432,0.00,0.00,0,0
1508082661,s5,0.00,0.00,0.00,0,0,0.00,0.00,0.00,0,0,0.00,0.00,0,0
1508082661,s1,0.00,0.00,0.00,0,0,0.00,0.00,0.00,0,0,0.00,0.00,0,0
1508082661,eth0,0.00,0.00,0.00,0,0,0.00,0.00,0.00,0,0,0.00,0.00,0,0
1508082661,eth1,0.00,0.00,0.00,0,0,0.00,0.00,0.00,0,0,0.00,0.00,0,0
1508082661,s2,0.00,0.00,0.00,0,0,0.00,0.00,0.00,0,0,0.00,0.00,0,0
1508082661,s1-eth2,12116.00,261922.00,274038.00,261922,12116,160.00,173.00,333.00,173,160,0.00,0.00,0,0
1508082661,s1-eth1,249810.00,12116.00,261926.00,12116,249810,165.00,160.00,325.00,160,165,0.00,0.00,0,0
1508082661,s2-eth2,3622.00,95382.00,99004.00,95382,3622,47.00,63.00,110.00,63,47,0.00,0.00,0,0
1508082661,s2-eth1,104466.00,3622.00,108088.00,3622,104466,69.00,47.00,116.00,47,69,0.00,0.00,0,0
1508082661,lo,0.00,0.00,0.00,0,0,0.00,0.00,0.00,0,0,0.00,0.00,0,0
1508082661,s4,0.00,0.00,0.00,0,0,0.00,0.00,0.00,0,0,0.00,0.00,0,0
1508082661,total,370014.00,373042.00,743056.00,373042,370014,441.00,443.00,884.00,443,441,0.00,0.00,0,0
1508082662,s5,0.00,0.00,0.00,0,0,0.00,0.00,0.00,0,0,0.00,0.00,0,0
1508082662,s1,0.00,0.00,0.00,0,0,0.00,0.00,0.00,0,0,0.00,0.00,0,0
1508082662,eth0,456.00,735.00,1191.00,735,456,6.00,6.00,12.00,6,6,0.00,0.00,0,0
1508082662,eth1,0.00,0.00,0.00,0,0,0.00,0.00,0.00,0,0,0.00,0.00,0,0
1508082662,s2,0.00,0.00,0.00,0,0,0.00,0.00,0.00,0,0,0.00,0.00,0,0
1508082662,s1-eth2,12826.00,257380.00,270206.00,257380,12826,163.00,170.00,333.00,170,163,0.00,0.00,0,0
1508082662,s1-eth1,250262.00,12374.00,262636.00,12374,250262,167.00,161.00,328.00,161,167,0.00,0.00,0,0
1508082662,s2-eth2,4478.00,87812.00,92290.00,87812,4478,53.00,58.00,111.00,58,53,0.00,0.00,0,0
1508082662,s2-eth1,78838.00,4026.00,82864.00,4026,78838,53.00,51.00,104.00,51,53,0.00,0.00,0,0
1508082662,lo,1195.00,1195.00,2390.00,1195,1195,15.00,15.00,30.00,15,15,0.00,0.00,0,0
1508082662,s4,0.00,0.00,0.00,0,0,0.00,0.00,0.00,0,0,0.00,0.00,0,0
1508082662,total,348055.00,363522.00,711577.00,363522,348055,457.00,461.00,918.00,461,457,0.00,0.00,0,0
1508082663,s5,0.00,0.00,0.00,0,0,0.00,0.00,0.00,0,0,0.00,0.00,0,0
1508082663,s1,0.00,0.00,0.00,0,0,0.00,0.00,0.00,0,0,0.00,0.00,0,0
1508082663,eth0,152.00,245.00,397.00,245,152,2.00,2.00,4.00,2,2,0.00,0.00,0,0
1508082663,eth1,0.00,0.00,0.00,0,0,0.00,0.00,0.00,0,0,0.00,0.00,0,0
1508082663,s2,0.00,0.00,0.00,0,0,0.00,0.00,0.00,0,0,0.00,0.00,0,0
1508082663,s1-eth2,12382.00,257380.00,269762.00,257380,12382,159.00,170.00,329.00,170,159,0.00,0.00,0,0
1508082663,s1-eth1,246970.00,12194.00,259164.00,12194,246970,165.00,157.00,322.00,157,165,0.00,0.00,0,0
1508082663,s2-eth2,3120.00,75700.00,78820.00,75700,3120,40.00,50.00,90.00,50,40,0.00,0.00,0,0
1508082663,s2-eth1,79258.00,2932.00,82190.00,2932,79258,55.00,38.00,93.00,38,55,0.00,0.00,0,0
1508082663,lo,341.00,341.00,682.00,341,341,4.00,4.00,8.00,4,4,0.00,0.00,0,0
1508082663,s4,0.00,0.00,0.00,0,0,0.00,0.00,0.00,0,0,0.00,0.00,0,0
1508082663,total,342223.00,348792.00,691015.00,348792,342223,425.00,421.00,846.00,421,425,0.00,0.00,0,0
1508082664,s5,0.00,0.00,0.00,0,0,0.00,0.00,0.00,0,0,0.00,0.00,0,0
1508082664,s1,0.00,0.00,0.00,0,0,0.00,0.00,0.00,0,0,0.00,0.00,0,0
1508082664,eth0,608.00,980.00,1588.00,980,608,8.00,8.00,16.00,8,8,0.00,0.00,0,0
1508082664,eth1,0.00,0.00,0.00,0,0,0.00,0.00,0.00,0,0,0.00,0.00,0,0
1508082664,s2,0.00,0.00,0.00,0,0,0.00,0.00,0.00,0,0,0.00,0.00,0,0
1508082664,s1-eth2,13399.00,251324.00,264723.00,251324,13399,169.00,166.00,335.00,166,169,0.00,0.00,0,0
1508082664,s1-eth1,250402.00,12420.00,262822.00,12420,250402,175.00,162.00,337.00,162,175,0.00,0.00,0,0
1508082664,s2-eth2,3749.00,45420.00,49169.00,45420,3749,35.00,30.00,65.00,30,35,0.00,0.00,0,0
1508082664,s2-eth1,45140.00,2060.00,47200.00,2060,45140,36.00,26.00,62.00,26,36,0.00,0.00,0,0
1508082664,lo,1708.00,1708.00,3416.00,1708,1708,22.00,22.00,44.00,22,22,0.00,0.00,0,0
1508082664,s4,0.00,0.00,0.00,0,0,0.00,0.00,0.00,0,0,0.00,0.00,0,0
1508082664,total,315006.00,313912.00,628918.00,313912,315006,445.00,414.00,859.00,414,445,0.00,0.00,0,0
1508082665,s5,0.00,0.00,0.00,0,0,0.00,0.00,0.00,0,0,0.00,0.00,0,0
1508082665,s1,0.00,0.00,0.00,0,0,0.00,0.00,0.00,0,0,0.00,0.00,0,0
1508082665,eth0,152.00,245.00,397.00,245,152,2.00,2.00,4.00,2,2,0.00,0.00,0,0
1508082665,eth1,0.00,0.00,0.00,0,0,0.00,0.00,0.00,0,0,0.00,0.00,0,0
1508082665,s2,0.00,0.00,0.00,0,0,0.00,0.00,0.00,0,0,0.00,0.00,0,0
1508082665,s1-eth2,13713.00,260408.00,274121.00,260408,13713,164.00,172.00,336.00,172,164,0.00,0.00,0,0
1508082665,s1-eth1,248917.00,12292.00,261209.00,12292,248917,167.00,158.00,325.00,158,167,0.00,0.00,0,0
1508082665,s2-eth2,3423.00,60560.00,63983.00,60560,3423,40.00,40.00,80.00,40,40,0.00,0.00,0,0
1508082665,s2-eth1,56012.00,2860.00,58872.00,2860,56012,43.00,38.00,81.00,38,43,0.00,0.00,0,0
1508082665,lo,513.00,513.00,1026.00,513,513,7.00,7.00,14.00,7,7,0.00,0.00,0,0
1508082665,s4,0.00,0.00,0.00,0,0,0.00,0.00,0.00,0,0,0.00,0.00,0,0
1508082665,total,322730.00,336878.00,659608.00,336878,322730,423.00,417.00,840.00,417,423,0.00,0.00,0,0
1508082666,s5,0.00,0.00,0.00,0,0,0.00,0.00,0.00,0,0,0.00,0.00,0,0
1508082666,s1,0.00,0.00,0.00,0,0,0.00,0.00,0.00,0,0,0.00,0.00,0,0
1508082666,eth0,0.00,0.00,0.00,0,0,0.00,0.00,0.00,0,0,0.00,0.00,0,0
1508082666,eth1,0.00,0.00,0.00,0,0,0.00,0.00,0.00,0,0,0.00,0.00,0,0
1508082666,s2,0.00,0.00,0.00,0,0,0.00,0.00,0.00,0,0,0.00,0.00,0,0
1508082666,s1-eth2,12885.00,257380.00,270265.00,257380,12885,164.00,170.00,334.00,170,164,0.00,0.00,0,0
1508082666,s1-eth1,250152.00,12216.00,262368.00,12216,250152,166.00,162.00,328.00,162,166,0.00,0.00,0,0
1508082666,s2-eth2,3037.00,77214.00,80251.00,77214,3037,34.00,51.00,85.00,51,34,0.00,0.00,0,0
1508082666,s2-eth1,79055.00,2220.00,81275.00,2220,79055,53.00,30.00,83.00,30,53,0.00,0.00,0,0
1508082666,lo,0.00,0.00,0.00,0,0,0.00,0.00,0.00,0,0,0.00,0.00,0,0
1508082666,s4,0.00,0.00,0.00,0,0,0.00,0.00,0.00,0,0,0.00,0.00,0,0
1508082666,total,345129.00,349030.00,694159.00,349030,345129,417.00,413.00,830.00,413,417,0.00,0.00,0,0
1508082667,s5,0.00,0.00,0.00,0,0,0.00,0.00,0.00,0,0,0.00,0.00,0,0
1508082667,s1,0.00,0.00,0.00,0,0,0.00,0.00,0.00,0,0,0.00,0.00,0,0
1508082667,eth0,59.94,59.94,119.88,60,60,1.00,1.00,2.00,1,1,0.00,0.00,0,0
1508082667,eth1,0.00,0.00,0.00,0,0,0.00,0.00,0.00,0,0,0.00,0.00,0,0
1508082667,s2,0.00,0.00,0.00,0,0,0.00,0.00,0.00,0,0,0.00,0.00,0,0
1508082667,s1-eth2,12649.35,260147.86,272797.22,260408,12662,161.84,171.83,333.67,172,162,0.00,0.00,0,0
1508082667,s1-eth1,251446.56,12275.72,263722.28,12288,251698,167.83,159.84,327.67,160,168,0.00,0.00,0,0
1508082667,s2-eth2,3652.35,87766.23,91418.59,87854,3656,44.96,58.94,103.90,59,45,0.00,0.00,0,0
1508082667,s2-eth1,85114.89,3278.72,88393.61,3282,85200,58.94,42.96,101.90,43,59,0.00,0.00,0,0
1508082667,lo,171.83,171.83,343.66,172,172,3.00,3.00,5.99,3,3,0.00,0.00,0,0
1508082667,s4,0.00,0.00,0.00,0,0,0.00,0.00,0.00,0,0,0.00,0.00,0,0
1508082667,total,353094.91,363700.31,716795.25,364064,353448,437.56,437.56,875.12,438,438,0.00,0.00,0,0
1508082668,s5,0.00,0.00,0.00,0,0,0.00,0.00,0.00,0,0,0.00,0.00,0,0
1508082668,s1,0.00,0.00,0.00,0,0,0.00,0.00,0.00,0,0,0.00,0.00,0,0
1508082668,eth0,0.00,0.00,0.00,0,0,0.00,0.00,0.00,0,0,0.00,0.00,0,0
1508082668,eth1,0.00,0.00,0.00,0,0,0.00,0.00,0.00,0,0,0.00,0.00,0,0
1508082668,s2,0.00,0.00,0.00,0,0,0.00,0.00,0.00,0,0,0.00,0.00,0,0
1508082668,s1-eth2,12693.00,252838.00,265531.00,252838,12693,160.00,167.00,327.00,167,160,0.00,0.00,0,0
1508082668,s1-eth1,250207.00,12296.00,262503.00,12296,250207,167.00,158.00,325.00,158,167,0.00,0.00,0,0
1508082668,s2-eth2,3727.00,96896.00,100623.00,96896,3727,47.00,64.00,111.00,64,47,0.00,0.00,0,0
1508082668,s2-eth1,97293.00,3330.00,100623.00,3330,97293,66.00,45.00,111.00,45,66,0.00,0.00,0,0
1508082668,lo,0.00,0.00,0.00,0,0,0.00,0.00,0.00,0,0,0.00,0.00,0,0
1508082668,s4,0.00,0.00,0.00,0,0,0.00,0.00,0.00,0,0,0.00,0.00,0,0
1508082668,total,363920.00,365360.00,729280.00,365360,363920,440.00,434.00,874.00,434,440,0.00,0.00,0,0
1508082669,s5,0.00,0.00,0.00,0,0,0.00,0.00,0.00,0,0,0.00,0.00,0,0
1508082669,s1,0.00,0.00,0.00,0,0,0.00,0.00,0.00,0,0,0.00,0.00,0,0
1508082669,eth0,0.00,0.00,0.00,0,0,0.00,0.00,0.00,0,0,0.00,0.00,0,0
1508082669,eth1,0.00,0.00,0.00,0,0,0.00,0.00,0.00,0,0,0.00,0.00,0,0
1508082669,s2,0.00,0.00,0.00,0,0,0.00,0.00,0.00,0,0,0.00,0.00,0,0
1508082669,s1-eth2,12464.00,260408.00,272872.00,260408,12464,158.00,172.00,330.00,172,158,0.00,0.00,0,0
1508082669,s1-eth1,249810.00,12196.00,262006.00,12196,249810,165.00,158.00,323.00,158,165,0.00,0.00,0,0
1508082669,s2-eth2,4126.00,101438.00,105564.00,101438,4126,53.00,67.00,120.00,67,53,0.00,0.00,0,0
1508082669,s2-eth1,99924.00,4126.00,104050.00,4126,99924,66.00,53.00,119.00,53,66,0.00,0.00,0,0
1508082669,lo,344.00,344.00,688.00,344,344,6.00,6.00,12.00,6,6,0.00,0.00,0,0
1508082669,s4,0.00,0.00,0.00,0,0,0.00,0.00,0.00,0,0,0.00,0.00,0,0
1508082669,total,366668.00,378512.00,745180.00,378512,366668,448.00,456.00,904.00,456,448,0.00,0.00,0,0
1508082670,s5,0.00,0.00,0.00,0,0,0.00,0.00,0.00,0,0,0.00,0.00,0,0
1508082670,s1,0.00,0.00,0.00,0,0,0.00,0.00,0.00,0,0,0.00,0.00,0,0
1508082670,eth0,0.00,0.00,0.00,0,0,0.00,0.00,0.00,0,0,0.00,0.00,0,0
1508082670,eth1,0.00,0.00,0.00,0,0,0.00,0.00,0.00,0,0,0.00,0.00,0,0
1508082670,s2,0.00,0.00,0.00,0,0,0.00,0.00,0.00,0,0,0.00,0.00,0,0
1508082670,s1-eth2,12154.00,260408.00,272562.00,260408,12154,161.00,172.00,333.00,172,161,0.00,0.00,0,0
1508082670,s1-eth1,248296.00,12080.00,260376.00,12080,248296,164.00,160.00,324.00,160,164,0.00,0.00,0,0
1508082670,s2-eth2,2832.00,56018.00,58850.00,56018,2832,36.00,37.00,73.00,37,36,0.00,0.00,0,0
1508082670,s2-eth1,59046.00,2832.00,61878.00,2832,59046,39.00,36.00,75.00,36,39,0.00,0.00,0,0
1508082670,lo,172.00,172.00,344.00,172,172,3.00,3.00,6.00,3,3,0.00,0.00,0,0
1508082670,s4,0.00,0.00,0.00,0,0,0.00,0.00,0.00,0,0,0.00,0.00,0,0
1508082670,total,322500.00,331510.00,654010.00,331510,322500,403.00,408.00,811.00,408,403,0.00,0.00,0,0
1508082671,s5,0.00,0.00,0.00,0,0,0.00,0.00,0.00,0,0,0.00,0.00,0,0
1508082671,s1,0.00,0.00,0.00,0,0,0.00,0.00,0.00,0,0,0.00,0.00,0,0
1508082671,eth0,0.00,0.00,0.00,0,0,0.00,0.00,0.00,0,0,0.00,0.00,0,0
1508082671,eth1,0.00,0.00,0.00,0,0,0.00,0.00,0.00,0,0,0.00,0.00,0,0
1508082671,s2,0.00,0.00,0.00,0,0,0.00,0.00,0.00,0,0,0.00,0.00,0,0
1508082671,s1-eth2,12381.00,254352.00,266733.00,254352,12381,162.00,168.00,330.00,168,162,0.00,0.00,0,0
1508082671,s1-eth1,249917.00,12274.00,262191.00,12274,249917,166.00,161.00,327.00,161,166,0.00,0.00,0,0
1508082671,s2-eth2,3437.00,86298.00,89735.00,86298,3437,46.00,57.00,103.00,57,46,0.00,0.00,0,0
1508082671,s2-eth1,72779.00,3330.00,76109.00,3330,72779,49.00,45.00,94.00,45,49,0.00,0.00,0,0
1508082671,lo,0.00,0.00,0.00,0,0,0.00,0.00,0.00,0,0,0.00,0.00,0,0
1508082671,s4,0.00,0.00,0.00,0,0,0.00,0.00,0.00,0,0,0.00,0.00,0,0
1508082671,total,338514.00,356254.00,694768.00,356254,338514,423.00,431.00,854.00,431,423,0.00,0.00,0,0
1508082672,s5,0.00,0.00,0.00,0,0,0.00,0.00,0.00,0,0,0.00,0.00,0,0
1508082672,s1,0.00,0.00,0.00,0,0,0.00,0.00,0.00,0,0,0.00,0.00,0,0
1508082672,eth0,0.00,0.00,0.00,0,0,0.00,0.00,0.00,0,0,0.00,0.00,0,0
1508082672,eth1,0.00,0.00,0.00,0,0,0.00,0.00,0.00,0,0,0.00,0.00,0,0
1508082672,s2,0.00,0.00,0.00,0,0,0.00,0.00,0.00,0,0,0.00,0.00,0,0
1508082672,s1-eth2,12684.00,252838.00,265522.00,252838,12684,164.00,167.00,331.00,167,164,0.00,0.00,0,0
1508082672,s1-eth1,249880.00,12614.00,262494.00,12614,249880,166.00,163.00,329.00,163,166,0.00,0.00,0,0
1508082672,s2-eth2,4056.00,75700.00,79756.00,75700,4056,48.00,50.00,98.00,50,48,0.00,0.00,0,0
1508082672,s2-eth1,83682.00,3644.00,87326.00,3644,83682,57.00,46.00,103.00,46,57,0.00,0.00,0,0
1508082672,lo,172.00,172.00,344.00,172,172,3.00,3.00,6.00,3,3,0.00,0.00,0,0
1508082672,s4,0.00,0.00,0.00,0,0,0.00,0.00,0.00,0,0,0.00,0.00,0,0
1508082672,total,350474.00,344968.00,695442.00,344968,350474,438.00,429.00,867.00,429,438,0.00,0.00,0,0
1508082673,s5,0.00,0.00,0.00,0,0,0.00,0.00,0.00,0,0,0.00,0.00,0,0
1508082673,s1,0.00,0.00,0.00,0,0,0.00,0.00,0.00,0,0,0.00,0.00,0,0
1508082673,eth0,0.00,0.00,0.00,0,0,0.00,0.00,0.00,0,0,0.00,0.00,0,0
1508082673,eth1,0.00,0.00,0.00,0,0,0.00,0.00,0.00,0,0,0.00,0.00,0,0
1508082673,s2,0.00,0.00,0.00,0,0,0.00,0.00,0.00,0,0,0.00,0.00,0,0
1508082673,s1-eth2,12090.00,255866.00,267956.00,255866,12090,159.00,169.00,328.00,169,159,0.00,0.00,0,0
1508082673,s1-eth1,249810.00,12164.00,261974.00,12164,249810,165.00,160.00,325.00,160,165,0.00,0.00,0,0
1508082673,s2-eth2,3820.00,78728.00,82548.00,78728,3820,50.00,52.00,102.00,52,50,0.00,0.00,0,0
1508082673,s2-eth1,68130.00,3820.00,71950.00,3820,68130,45.00,50.00,95.00,50,45,0.00,0.00,0,0
1508082673,lo,0.00,0.00,0.00,0,0,0.00,0.00,0.00,0,0,0.00,0.00,0,0
1508082673,s4,0.00,0.00,0.00,0,0,0.00,0.00,0.00,0,0,0.00,0.00,0,0
1508082673,total,333850.00,350578.00,684428.00,350578,333850,419.00,431.00,850.00,431,419,0.00,0.00,0,0
1508082674,s5,0.00,0.00,0.00,0,0,0.00,0.00,0.00,0,0,0.00,0.00,0,0
1508082674,s1,0.00,0.00,0.00,0,0,0.00,0.00,0.00,0,0,0.00,0.00,0,0
1508082674,eth0,0.00,0.00,0.00,0,0,0.00,0.00,0.00,0,0,0.00,0.00,0,0
1508082674,eth1,0.00,0.00,0.00,0,0,0.00,0.00,0.00,0,0,0.00,0.00,0,0
1508082674,s2,0.00,0.00,0.00,0,0,0.00,0.00,0.00,0,0,0.00,0.00,0,0
1508082674,s1-eth2,12308.00,254352.00,266660.00,254352,12308,160.00,168.00,328.00,168,160,0.00,0.00,0,0
1508082674,s1-eth1,250152.00,12308.00,262460.00,12308,250152,166.00,160.00,326.00,160,166,0.00,0.00,0,0
1508082674,s2-eth2,3092.00,78728.00,81820.00,78728,3092,40.00,52.00,92.00,52,40,0.00,0.00,0,0
1508082674,s2-eth1,87812.00,3092.00,90904.00,3092,87812,58.00,40.00,98.00,40,58,0.00,0.00,0,0
1508082674,lo,344.00,344.00,688.00,344,344,6.00,6.00,12.00,6,6,0.00,0.00,0,0
1508082674,s4,0.00,0.00,0.00,0,0,0.00,0.00,0.00,0,0,0.00,0.00,0,0
1508082674,total,353708.00,348824.00,702532.00,348824,353708,430.00,426.00,856.00,426,430,0.00,0.00,0,0
1508082675,s5,0.00,0.00,0.00,0,0,0.00,0.00,0.00,0,0,0.00,0.00,0,0
1508082675,s1,0.00,0.00,0.00,0,0,0.00,0.00,0.00,0,0,0.00,0.00,0,0
1508082675,eth0,0.00,0.00,0.00,0,0,0.00,0.00,0.00,0,0,0.00,0.00,0,0
1508082675,eth1,0.00,0.00,0.00,0,0,0.00,0.00,0.00,0,0,0.00,0.00,0,0
1508082675,s2,0.00,0.00,0.00,0,0,0.00,0.00,0.00,0,0,0.00,0.00,0,0
1508082675,s1-eth2,11874.00,261922.00,273796.00,261922,11874,159.00,173.00,332.00,173,159,0.00,0.00,0,0
1508082675,s1-eth1,251324.00,11800.00,263124.00,11800,251324,166.00,158.00,324.00,158,166,0.00,0.00,0,0
1508082675,s2-eth2,2812.00,102952.00,105764.00,102952,2812,38.00,68.00,106.00,68,38,0.00,0.00,0,0
1508082675,s2-eth1,92354.00,2812.00,95166.00,2812,92354,61.00,38.00,99.00,38,61,0.00,0.00,0,0
1508082675,lo,172.00,172.00,344.00,172,172,3.00,3.00,6.00,3,3,0.00,0.00,0,0
1508082675,s4,0.00,0.00,0.00,0,0,0.00,0.00,0.00,0,0,0.00,0.00,0,0
1508082675,total,358536.00,379658.00,738194.00,379658,358536,427.00,440.00,867.00,440,427,0.00,0.00,0,0
1508082676,s5,0.00,0.00,0.00,0,0,0.00,0.00,0.00,0,0,0.00,0.00,0,0
1508082676,s1,0.00,0.00,0.00,0,0,0.00,0.00,0.00,0,0,0.00,0.00,0,0
1508082676,eth0,0.00,0.00,0.00,0,0,0.00,0.00,0.00,0,0,0.00,0.00,0,0
1508082676,eth1,0.00,0.00,0.00,0,0,0.00,0.00,0.00,0,0,0.00,0.00,0,0
1508082676,s2,0.00,0.00,0.00,0,0,0.00,0.00,0.00,0,0,0.00,0.00,0,0
1508082676,s1-eth2,12702.00,254352.00,267054.00,254352,12702,163.00,168.00,331.00,168,163,0.00,0.00,0,0
1508082676,s1-eth1,249810.00,12360.00,262170.00,12360,249810,165.00,162.00,327.00,162,165,0.00,0.00,0,0
1508082676,s2-eth2,3918.00,86298.00,90216.00,86298,3918,51.00,57.00,108.00,57,51,0.00,0.00,0,0
1508082676,s2-eth1,93868.00,3918.00,97786.00,3918,93868,62.00,51.00,113.00,51,62,0.00,0.00,0,0
1508082676,lo,0.00,0.00,0.00,0,0,0.00,0.00,0.00,0,0,0.00,0.00,0,0
1508082676,s4,0.00,0.00,0.00,0,0,0.00,0.00,0.00,0,0,0.00,0.00,0,0
1508082676,total,360298.00,356928.00,717226.00,356928,360298,441.00,438.00,879.00,438,441,0.00,0.00,0,0
1508082677,s5,0.00,0.00,0.00,0,0,0.00,0.00,0.00,0,0,0.00,0.00,0,0
1508082677,s1,0.00,0.00,0.00,0,0,0.00,0.00,0.00,0,0,0.00,0.00,0,0
1508082677,eth0,0.00,0.00,0.00,0,0,0.00,0.00,0.00,0,0,0.00,0.00,0,0
1508082677,eth1,0.00,0.00,0.00,0,0,0.00,0.00,0.00,0,0,0.00,0.00,0,0
1508082677,s2,0.00,0.00,0.00,0,0,0.00,0.00,0.00,0,0,0.00,0.00,0,0
1508082677,s1-eth2,5188.00,87006.00,92194.00,87006,5188,68.00,61.00,129.00,61,68,0.00,0.00,0,0
1508082677,s1-eth1,99118.00,5188.00,104306.00,5188,99118,69.00,68.00,137.00,68,69,0.00,0.00,0,0
1508082677,s2-eth2,1406.00,39512.00,40918.00,39512,1406,19.00,28.00,47.00,28,19,0.00,0.00,0,0
1508082677,s2-eth1,42540.00,1406.00,43946.00,1406,42540,30.00,19.00,49.00,19,30,0.00,0.00,0,0
1508082677,lo,172.00,172.00,344.00,172,172,3.00,3.00,6.00,3,3,0.00,0.00,0,0
1508082677,s4,0.00,0.00,0.00,0,0,0.00,0.00,0.00,0,0,0.00,0.00,0,0
1508082677,total,148424.00,133284.00,281708.00,133284,148424,189.00,179.00,368.00,179,189,0.00,0.00,0,0
1508082678,s5,0.00,0.00,0.00,0,0,0.00,0.00,0.00,0,0,0.00,0.00,0,0
1508082678,s1,0.00,0.00,0.00,0,0,0.00,0.00,0.00,0,0,0.00,0.00,0,0
1508082678,eth0,0.00,0.00,0.00,0,0,0.00,0.00,0.00,0,0,0.00,0.00,0,0
1508082678,eth1,0.00,0.00,0.00,0,0,0.00,0.00,0.00,0,0,0.00,0.00,0,0
1508082678,s2,0.00,0.00,0.00,0,0,0.00,0.00,0.00,0,0,0.00,0.00,0,0
1508082678,s1-eth2,0.00,0.00,0.00,0,0,0.00,0.00,0.00,0,0,0.00,0.00,0,0
1508082678,s1-eth1,0.00,0.00,0.00,0,0,0.00,0.00,0.00,0,0,0.00,0.00,0,0
1508082678,s2-eth2,0.00,0.00,0.00,0,0,0.00,0.00,0.00,0,0,0.00,0.00,0,0
1508082678,s2-eth1,0.00,0.00,0.00,0,0,0.00,0.00,0.00,0,0,0.00,0.00,0,0
1508082678,lo,0.00,0.00,0.00,0,0,0.00,0.00,0.00,0,0,0.00,0.00,0,0
1508082678,s4,0.00,0.00,0.00,0,0,0.00,0.00,0.00,0,0,0.00,0.00,0,0
1508082678,total,0.00,0.00,0.00,0,0,0.00,0.00,0.00,0,0,0.00,0.00,0,0
1508082679,s5,0.00,0.00,0.00,0,0,0.00,0.00,0.00,0,0,0.00,0.00,0,0
1508082679,s1,0.00,0.00,0.00,0,0,0.00,0.00,0.00,0,0,0.00,0.00,0,0
1508082679,eth0,0.00,0.00,0.00,0,0,0.00,0.00,0.00,0,0,0.00,0.00,0,0
1508082679,eth1,0.00,0.00,0.00,0,0,0.00,0.00,0.00,0,0,0.00,0.00,0,0
1508082679,s2,0.00,0.00,0.00,0,0,0.00,0.00,0.00,0,0,0.00,0.00,0,0
1508082679,s1-eth2,107.00,0.00,107.00,0,107,1.00,0.00,1.00,0,1,0.00,0.00,0,0
1508082679,s1-eth1,107.00,0.00,107.00,0,107,1.00,0.00,1.00,0,1,0.00,0.00,0,0
1508082679,s2-eth2,107.00,0.00,107.00,0,107,1.00,0.00,1.00,0,1,0.00,0.00,0,0
1508082679,s2-eth1,449.00,0.00,449.00,0,449,2.00,0.00,2.00,0,2,0.00,0.00,0,0
1508082679,lo,344.00,344.00,688.00,344,344,6.00,6.00,12.00,6,6,0.00,0.00,0,0
1508082679,s4,0.00,0.00,0.00,0,0,0.00,0.00,0.00,0,0,0.00,0.00,0,0
1508082679,total,1114.00,344.00,1458.00,344,1114,11.00,6.00,17.00,6,11,0.00,0.00,0,0
1508082680,s5,0.00,0.00,0.00,0,0,0.00,0.00,0.00,0,0,0.00,0.00,0,0
1508082680,s1,0.00,0.00,0.00,0,0,0.00,0.00,0.00,0,0,0.00,0.00,0,0
1508082680,eth0,0.00,0.00,0.00,0,0,0.00,0.00,0.00,0,0,0.00,0.00,0,0
1508082680,eth1,0.00,0.00,0.00,0,0,0.00,0.00,0.00,0,0,0.00,0.00,0,0
1508082680,s2,0.00,0.00,0.00,0,0,0.00,0.00,0.00,0,0,0.00,0.00,0,0
1508082680,s1-eth2,0.00,0.00,0.00,0,0,0.00,0.00,0.00,0,0,0.00,0.00,0,0
1508082680,s1-eth1,0.00,0.00,0.00,0,0,0.00,0.00,0.00,0,0,0.00,0.00,0,0
1508082680,s2-eth2,0.00,0.00,0.00,0,0,0.00,0.00,0.00,0,0,0.00,0.00,0,0
1508082680,s2-eth1,0.00,0.00,0.00,0,0,0.00,0.00,0.00,0,0,0.00,0.00,0,0
1508082680,lo,172.00,172.00,344.00,172,172,3.00,3.00,6.00,3,3,0.00,0.00,0,0
1508082680,s4,0.00,0.00,0.00,0,0,0.00,0.00,0.00,0,0,0.00,0.00,0,0
1508082680,total,172.00,172.00,344.00,172,172,3.00,3.00,6.00,3,3,0.00,0.00,0,0
1508082681,s5,0.00,0.00,0.00,0,0,0.00,0.00,0.00,0,0,0.00,0.00,0,0
1508082681,s1,0.00,0.00,0.00,0,0,0.00,0.00,0.00,0,0,0.00,0.00,0,0
1508082681,eth0,0.00,0.00,0.00,0,0,0.00,0.00,0.00,0,0,0.00,0.00,0,0
1508082681,eth1,0.00,0.00,0.00,0,0,0.00,0.00,0.00,0,0,0.00,0.00,0,0
1508082681,s2,0.00,0.00,0.00,0,0,0.00,0.00,0.00,0,0,0.00,0.00,0,0
1508082681,s1-eth2,0.00,0.00,0.00,0,0,0.00,0.00,0.00,0,0,0.00,0.00,0,0
1508082681,s1-eth1,0.00,0.00,0.00,0,0,0.00,0.00,0.00,0,0,0.00,0.00,0,0
1508082681,s2-eth2,0.00,0.00,0.00,0,0,0.00,0.00,0.00,0,0,0.00,0.00,0,0
1508082681,s2-eth1,0.00,0.00,0.00,0,0,0.00,0.00,0.00,0,0,0.00,0.00,0,0
1508082681,lo,0.00,0.00,0.00,0,0,0.00,0.00,0.00,0,0,0.00,0.00,0,0
1508082681,s4,0.00,0.00,0.00,0,0,0.00,0.00,0.00,0,0,0.00,0.00,0,0
1508082681,total,0.00,0.00,0.00,0,0,0.00,0.00,0.00,0,0,0.00,0.00,0,0
1508082682,s5,0.00,0.00,0.00,0,0,0.00,0.00,0.00,0,0,0.00,0.00,0,0
1508082682,s1,0.00,0.00,0.00,0,0,0.00,0.00,0.00,0,0,0.00,0.00,0,0
1508082682,eth0,0.00,0.00,0.00,0,0,0.00,0.00,0.00,0,0,0.00,0.00,0,0
1508082682,eth1,0.00,0.00,0.00,0,0,0.00,0.00,0.00,0,0,0.00,0.00,0,0
1508082682,s2,0.00,0.00,0.00,0,0,0.00,0.00,0.00,0,0,0.00,0.00,0,0
1508082682,s1-eth2,0.00,0.00,0.00,0,0,0.00,0.00,0.00,0,0,0.00,0.00,0,0
1508082682,s1-eth1,0.00,0.00,0.00,0,0,0.00,0.00,0.00,0,0,0.00,0.00,0,0
1508082682,s2-eth2,0.00,0.00,0.00,0,0,0.00,0.00,0.00,0,0,0.00,0.00,0,0
1508082682,s2-eth1,0.00,0.00,0.00,0,0,0.00,0.00,0.00,0,0,0.00,0.00,0,0
1508082682,lo,172.00,172.00,344.00,172,172,3.00,3.00,6.00,3,3,0.00,0.00,0,0
1508082682,s4,0.00,0.00,0.00,0,0,0.00,0.00,0.00,0,0,0.00,0.00,0,0
1508082682,total,172.00,172.00,344.00,172,172,3.00,3.00,6.00,3,3,0.00,0.00,0,0
1508082683,s5,0.00,0.00,0.00,0,0,0.00,0.00,0.00,0,0,0.00,0.00,0,0
1508082683,s1,0.00,0.00,0.00,0,0,0.00,0.00,0.00,0,0,0.00,0.00,0,0
1508082683,eth0,0.00,0.00,0.00,0,0,0.00,0.00,0.00,0,0,0.00,0.00,0,0
1508082683,eth1,0.00,0.00,0.00,0,0,0.00,0.00,0.00,0,0,0.00,0.00,0,0
1508082683,s2,0.00,0.00,0.00,0,0,0.00,0.00,0.00,0,0,0.00,0.00,0,0
1508082683,s1-eth2,0.00,0.00,0.00,0,0,0.00,0.00,0.00,0,0,0.00,0.00,0,0
1508082683,s1-eth1,0.00,0.00,0.00,0,0,0.00,0.00,0.00,0,0,0.00,0.00,0,0
1508082683,s2-eth2,0.00,0.00,0.00,0,0,0.00,0.00,0.00,0,0,0.00,0.00,0,0
1508082683,s2-eth1,0.00,0.00,0.00,0,0,0.00,0.00,0.00,0,0,0.00,0.00,0,0
1508082683,lo,0.00,0.00,0.00,0,0,0.00,0.00,0.00,0,0,0.00,0.00,0,0
1508082683,s4,0.00,0.00,0.00,0,0,0.00,0.00,0.00,0,0,0.00,0.00,0,0
1508082683,total,0.00,0.00,0.00,0,0,0.00,0.00,0.00,0,0,0.00,0.00,0,0
1508082