1508087536,s1,0.00,0.00,0.00,0,0,0.00,0.00,0.00,0,0,0.00,0.00,0,0
1508087536,eth0,0.00,0.00,0.00,0,0,0.00,0.00,0.00,0,0,0.00,0.00,0,0
1508087536,eth1,0.00,0.00,0.00,0,0,0.00,0.00,0.00,0,0,0.00,0.00,0,0
1508087536,s2,0.00,0.00,0.00,0,0,0.00,0.00,0.00,0,0,0.00,0.00,0,0
1508087536,s1-eth2,0.00,0.00,0.00,0,0,0.00,0.00,0.00,0,0,0.00,0.00,0,0
1508087536,s1-eth1,0.00,0.00,0.00,0,0,0.00,0.00,0.00,0,0,0.00,0.00,0,0
1508087536,s2-eth2,0.00,0.00,0.00,0,0,0.00,0.00,0.00,0,0,0.00,0.00,0,0
1508087536,s2-eth1,0.00,0.00,0.00,0,0,0.00,0.00,0.00,0,0,0.00,0.00,0,0
1508087536,lo,0.00,0.00,0.00,0,0,0.00,0.00,0.00,0,0,0.00,0.00,0,0
1508087536,total,0.00,0.00,0.00,0,0,0.00,0.00,0.00,0,0,0.00,0.00,0,0
1508087537,s1,249.75,249.75,499.50,250,250,3.00,3.00,5.99,3,3,0.00,0.00,0,0
1508087537,eth0,759.24,1223.78,1983.02,1225,760,9.99,9.99,19.98,10,10,0.00,0.00,0,0
1508087537,eth1,0.00,0.00,0.00,0,0,0.00,0.00,0.00,0,0,0.00,0.00,0,0
1508087537,s2,249.75,339.66,589.41,340,250,3.00,4.00,6.99,4,3,0.00,0.00,0,0
1508087537,s1-eth2,2353.65,249.75,2603.40,250,2356,13.99,3.00,16.98,3,14,0.00,0.00,0,0
1508087537,s1-eth1,2206.79,0.00,2206.79,0,2209,14.99,0.00,14.99,0,15,0.00,0.00,0,0
1508087537,s2-eth2,1712.29,89.91,1802.20,90,1714,10.99,1.00,11.99,1,11,0.00,0.00,0,0
1508087537,s2-eth1,1662.34,249.75,1912.09,250,1664,11.99,3.00,14.99,3,12,0.00,0.00,0,0
1508087537,lo,5363.64,5363.64,10727.27,5369,5369,58.94,58.94,117.88,59,59,0.00,0.00,0,0
1508087537,total,14557.44,7766.23,22323.68,7774,14572,126.87,82.92,209.79,83,127,0.00,0.00,0,0
1508087538,s1,0.00,0.00,0.00,0,0,0.00,0.00,0.00,0,0,0.00,0.00,0,0
1508087538,eth0,151.85,244.76,396.60,245,152,2.00,2.00,4.00,2,2,0.00,0.00,0,0
1508087538,eth1,0.00,0.00,0.00,0,0,0.00,0.00,0.00,0,0,0.00,0.00,0,0
1508087538,s2,0.00,0.00,0.00,0,0,0.00,0.00,0.00,0,0,0.00,0.00,0,0
1508087538,s1-eth2,962.04,0.00,962.04,0,963,4.00,0.00,4.00,0,4,0.00,0.00,0,0
1508087538,s1-eth1,962.04,0.00,962.04,0,963,4.00,0.00,4.00,0,4,0.00,0.00,0,0
1508087538,s2-eth2,855.14,0.00,855.14,0,856,3.00,0.00,3.00,0,3,0.00,0.00,0,0
1508087538,s2-eth1,1074.93,0.00,1074.93,0,1076,5.00,0.00,5.00,0,5,0.00,0.00,0,0
1508087538,lo,340.66,340.66,681.32,341,341,4.00,4.00,7.99,4,4,0.00,0.00,0,0
1508087538,total,4346.65,585.41,4932.07,586,4351,21.98,5.99,27.97,6,22,0.00,0.00,0,0
1508087539,s1,0.00,0.00,0.00,0,0,0.00,0.00,0.00,0,0,0.00,0.00,0,0
1508087539,eth0,0.00,0.00,0.00,0,0,0.00,0.00,0.00,0,0,0.00,0.00,0,0
1508087539,eth1,0.00,0.00,0.00,0,0,0.00,0.00,0.00,0,0,0.00,0.00,0,0
1508087539,s2,0.00,0.00,0.00,0,0,0.00,0.00,0.00,0,0,0.00,0.00,0,0
1508087539,s1-eth2,0.00,0.00,0.00,0,0,0.00,0.00,0.00,0,0,0.00,0.00,0,0
1508087539,s1-eth1,327.00,0.00,327.00,0,327,1.00,0.00,1.00,0,1,0.00,0.00,0,0
1508087539,s2-eth2,107.00,0.00,107.00,0,107,1.00,0.00,1.00,0,1,0.00,0.00,0,0
1508087539,s2-eth1,327.00,0.00,327.00,0,327,1.00,0.00,1.00,0,1,0.00,0.00,0,0
1508087539,lo,0.00,0.00,0.00,0,0,0.00,0.00,0.00,0,0,0.00,0.00,0,0
1508087539,total,761.00,0.00,761.00,0,761,3.00,0.00,3.00,0,3,0.00,0.00,0,0
1508087540,s1,0.00,70.00,70.00,70,0,0.00,1.00,1.00,1,0,0.00,0.00,0,0
1508087540,eth0,0.00,0.00,0.00,0,0,0.00,0.00,0.00,0,0,0.00,0.00,0,0
1508087540,eth1,0.00,0.00,0.00,0,0,0.00,0.00,0.00,0,0,0.00,0.00,0,0
1508087540,s2,0.00,70.00,70.00,70,0,0.00,1.00,1.00,1,0,0.00,0.00,0,0
1508087540,s1-eth2,486.00,42.00,528.00,42,486,4.00,1.00,5.00,1,4,0.00,0.00,0,0
1508087540,s1-eth1,416.00,112.00,528.00,112,416,3.00,2.00,5.00,2,3,0.00,0.00,0,0
1508087540,s2-eth2,664.00,70.00,734.00,70,664,3.00,1.00,4.00,1,3,0.00,0.00,0,0
1508087540,s2-eth1,444.00,0.00,444.00,0,444,3.00,0.00,3.00,0,3,0.00,0.00,0,0
1508087540,lo,1076.00,1076.00,2152.00,1076,1076,11.00,11.00,22.00,11,11,0.00,0.00,0,0
1508087540,total,3086.00,1440.00,4526.00,1440,3086,24.00,17.00,41.00,17,24,0.00,0.00,0,0
1508087541,s1,70.00,70.00,140.00,70,70,1.00,1.00,2.00,1,1,0.00,0.00,0,0
1508087541,eth0,0.00,0.00,0.00,0,0,0.00,0.00,0.00,0,0,0.00,0.00,0,0
1508087541,eth1,0.00,0.00,0.00,0,0,0.00,0.00,0.00,0,0,0.00,0.00,0,0
1508087541,s2,70.00,70.00,140.00,70,70,1.00,1.00,2.00,1,1,0.00,0.00,0,0
1508087541,s1-eth2,467.00,70.00,537.00,70,467,3.00,1.00,4.00,1,3,0.00,0.00,0,0
1508087541,s1-eth1,537.00,0.00,537.00,0,537,4.00,0.00,4.00,0,4,0.00,0.00,0,0
1508087541,s2-eth2,482.00,0.00,482.00,0,482,3.00,0.00,3.00,0,3,0.00,0.00,0,0
1508087541,s2-eth1,467.00,70.00,537.00,70,467,3.00,1.00,4.00,1,3,0.00,0.00,0,0
1508087541,lo,1124.00,1124.00,2248.00,1124,1124,13.00,13.00,26.00,13,13,0.00,0.00,0,0
1508087541,total,3217.00,1404.00,4621.00,1404,3217,28.00,17.00,45.00,17,28,0.00,0.00,0,0
1508087542,s1,0.00,0.00,0.00,0,0,0.00,0.00,0.00,0,0,0.00,0.00,0,0
1508087542,eth0,0.00,0.00,0.00,0,0,0.00,0.00,0.00,0,0,0.00,0.00,0,0
1508087542,eth1,0.00,0.00,0.00,0,0,0.00,0.00,0.00,0,0,0.00,0.00,0,0
1508087542,s2,0.00,0.00,0.00,0,0,0.00,0.00,0.00,0,0,0.00,0.00,0,0
1508087542,s1-eth2,0.00,0.00,0.00,0,0,0.00,0.00,0.00,0,0,0.00,0.00,0,0
1508087542,s1-eth1,0.00,0.00,0.00,0,0,0.00,0.00,0.00,0,0,0.00,0.00,0,0
1508087542,s2-eth2,0.00,0.00,0.00,0,0,0.00,0.00,0.00,0,0,0.00,0.00,0,0
1508087542,s2-eth1,0.00,0.00,0.00,0,0,0.00,0.00,0.00,0,0,0.00,0.00,0,0
1508087542,lo,0.00,0.00,0.00,0,0,0.00,0.00,0.00,0,0,0.00,0.00,0,0
1508087542,total,0.00,0.00,0.00,0,0,0.00,0.00,0.00,0,0,0.00,0.00,0,0
1508087543,s1,0.00,0.00,0.00,0,0,0.00,0.00,0.00,0,0,0.00,0.00,0,0
1508087543,eth0,0.00,0.00,0.00,0,0,0.00,0.00,0.00,0,0,0.00,0.00,0,0
1508087543,eth1,0.00,0.00,0.00,0,0,0.00,0.00,0.00,0,0,0.00,0.00,0,0
1508087543,s2,0.00,0.00,0.00,0,0,0.00,0.00,0.00,0,0,0.00,0.00,0,0
1508087543,s1-eth2,0.00,0.00,0.00,0,0,0.00,0.00,0.00,0,0,0.00,0.00,0,0
1508087543,s1-eth1,0.00,0.00,0.00,0,0,0.00,0.00,0.00,0,0,0.00,0.00,0,0
1508087543,s2-eth2,107.00,0.00,107.00,0,107,1.00,0.00,1.00,0,1,0.00,0.00,0,0
1508087543,s2-eth1,0.00,0.00,0.00,0,0,0.00,0.00,0.00,0,0,0.00,0.00,0,0
1508087543,lo,0.00,0.00,0.00,0,0,0.00,0.00,0.00,0,0,0.00,0.00,0,0
1508087543,total,107.00,0.00,107.00,0,107,1.00,0.00,1.00,0,1,0.00,0.00,0,0
1508087544,s1,0.00,70.00,70.00,70,0,0.00,1.00,1.00,1,0,0.00,0.00,0,0
1508087544,eth0,0.00,0.00,0.00,0,0,0.00,0.00,0.00,0,0,0.00,0.00,0,0
1508087544,eth1,0.00,0.00,0.00,0,0,0.00,0.00,0.00,0,0,0.00,0.00,0,0
1508087544,s2,0.00,70.00,70.00,70,0,0.00,1.00,1.00,1,0,0.00,0.00,0,0
1508087544,s1-eth2,177.00,0.00,177.00,0,177,2.00,0.00,2.00,0,2,0.00,0.00,0,0
1508087544,s1-eth1,107.00,70.00,177.00,70,107,1.00,1.00,2.00,1,1,0.00,0.00,0,0
1508087544,s2-eth2,70.00,70.00,140.00,70,70,1.00,1.00,2.00,1,1,0.00,0.00,0,0
1508087544,s2-eth1,177.00,0.00,177.00,0,177,2.00,0.00,2.00,0,2,0.00,0.00,0,0
1508087544,lo,536.00,536.00,1072.00,536,536,6.00,6.00,12.00,6,6,0.00,0.00,0,0
1508087544,total,1067.00,816.00,1883.00,816,1067,12.00,10.00,22.00,10,12,0.00,0.00,0,0
1508087545,s1,70.00,70.00,140.00,70,70,1.00,1.00,2.00,1,1,0.00,0.00,0,0
1508087545,eth0,0.00,0.00,0.00,0,0,0.00,0.00,0.00,0,0,0.00,0.00,0,0
1508087545,eth1,0.00,0.00,0.00,0,0,0.00,0.00,0.00,0,0,0.00,0.00,0,0
1508087545,s2,70.00,70.00,140.00,70,70,1.00,1.00,2.00,1,1,0.00,0.00,0,0
1508087545,s1-eth2,140.00,70.00,210.00,70,140,2.00,1.00,3.00,1,2,0.00,0.00,0,0
1508087545,s1-eth1,210.00,0.00,210.00,0,210,3.00,0.00,3.00,0,3,0.00,0.00,0,0
1508087545,s2-eth2,482.00,0.00,482.00,0,482,3.00,0.00,3.00,0,3,0.00,0.00,0,0
1508087545,s2-eth1,140.00,70.00,210.00,70,140,2.00,1.00,3.00,1,2,0.00,0.00,0,0
1508087545,lo,1072.00,1072.00,2144.00,1072,1072,12.00,12.00,24.00,12,12,0.00,0.00,0,0
1508087545,total,2184.00,1352.00,3536.00,1352,2184,24.00,16.00,40.00,16,24,0.00,0.00,0,0
1508087546,s1,0.00,0.00,0.00,0,0,0.00,0.00,0.00,0,0,0.00,0.00,0,0
1508087546,eth0,0.00,0.00,0.00,0,0,0.00,0.00,0.00,0,0,0.00,0.00,0,0
1508087546,eth1,0.00,0.00,0.00,0,0,0.00,0.00,0.00,0,0,0.00,0.00,0,0
1508087546,s2,0.00,0.00,0.00,0,0,0.00,0.00,0.00,0,0,0.00,0.00,0,0
1508087546,s1-eth2,342.00,0.00,342.00,0,342,1.00,0.00,1.00,0,1,0.00,0.00,0,0
1508087546,s1-eth1,0.00,0.00,0.00,0,0,0.00,0.00,0.00,0,0,0.00,0.00,0,0
1508087546,s2-eth2,0.00,0.00,0.00,0,0,0.00,0.00,0.00,0,0,0.00,0.00,0,0
1508087546,s2-eth1,342.00,0.00,342.00,0,342,1.00,0.00,1.00,0,1,0.00,0.00,0,0
1508087546,lo,0.00,0.00,0.00,0,0,0.00,0.00,0.00,0,0,0.00,0.00,0,0
1508087546,total,684.00,0.00,684.00,0,684,2.00,0.00,2.00,0,2,0.00,0.00,0,0
1508087547,s1,0.00,0.00,0.00,0,0,0.00,0.00,0.00,0,0,0.00,0.00,0,0
1508087547,eth0,0.00,0.00,0.00,0,0,0.00,0.00,0.00,0,0,0.00,0.00,0,0
1508087547,eth1,0.00,0.00,0.00,0,0,0.00,0.00,0.00,0,0,0.00,0.00,0,0
1508087547,s2,0.00,0.00,0.00,0,0,0.00,0.00,0.00,0,0,0.00,0.00,0,0
1508087547,s1-eth2,0.00,0.00,0.00,0,0,0.00,0.00,0.00,0,0,0.00,0.00,0,0
1508087547,s1-eth1,341.66,0.00,341.66,0,342,1.00,0.00,1.00,0,1,0.00,0.00,0,0
1508087547,s2-eth2,0.00,0.00,0.00,0,0,0.00,0.00,0.00,0,0,0.00,0.00,0,0
1508087547,s2-eth1,0.00,0.00,0.00,0,0,0.00,0.00,0.00,0,0,0.00,0.00,0,0
1508087547,lo,0.00,0.00,0.00,0,0,0.00,0.00,0.00,0,0,0.00,0.00,0,0
1508087547,total,341.66,0.00,341.66,0,342,1.00,0.00,1.00,0,1,0.00,0.00,0,0
1508087548,s1,0.00,0.00,0.00,0,0,0.00,0.00,0.00,0,0,0.00,0.00,0,0
1508087548,eth0,0.00,0.00,0.00,0,0,0.00,0.00,0.00,0,0,0.00,0.00,0,0
1508087548,eth1,0.00,0.00,0.00,0,0,0.00,0.00,0.00,0,0,0.00,0.00,0,0
1508087548,s2,0.00,0.00,0.00,0,0,0.00,0.00,0.00,0,0,0.00,0.00,0,0
1508087548,s1-eth2,0.00,0.00,0.00,0,0,0.00,0.00,0.00,0,0,0.00,0.00,0,0
1508087548,s1-eth1,0.00,0.00,0.00,0,0,0.00,0.00,0.00,0,0,0.00,0.00,0,0
1508087548,s2-eth2,0.00,0.00,0.00,0,0,0.00,0.00,0.00,0,0,0.00,0.00,0,0
1508087548,s2-eth1,0.00,0.00,0.00,0,0,0.00,0.00,0.00,0,0,0.00,0.00,0,0
1508087548,lo,0.00,0.00,0.00,0,0,0.00,0.00,0.00,0,0,0.00,0.00,0,0
1508087548,total,0.00,0.00,0.00,0,0,0.00,0.00,0.00,0,0,0.00,0.00,0,0
1508087549,s1,0.00,0.00,0.00,0,0,0.00,0.00,0.00,0,0,0.00,0.00,0,0
1508087549,eth0,0.00,0.00,0.00,0,0,0.00,0.00,0.00,0,0,0.00,0.00,0,0
1508087549,eth1,0.00,0.00,0.00,0,0,0.00,0.00,0.00,0,0,0.00,0.00,0,0
1508087549,s2,0.00,0.00,0.00,0,0,0.00,0.00,0.00,0,0,0.00,0.00,0,0
1508087549,s1-eth2,0.00,0.00,0.00,0,0,0.00,0.00,0.00,0,0,0.00,0.00,0,0
1508087549,s1-eth1,0.00,0.00,0.00,0,0,0.00,0.00,0.00,0,0,0.00,0.00,0,0
1508087549,s2-eth2,0.00,0.00,0.00,0,0,0.00,0.00,0.00,0,0,0.00,0.00,0,0
1508087549,s2-eth1,0.00,0.00,0.00,0,0,0.00,0.00,0.00,0,0,0.00,0.00,0,0
1508087549,lo,0.00,0.00,0.00,0,0,0.00,0.00,0.00,0,0,0.00,0.00,0,0
1508087549,total,0.00,0.00,0.00,0,0,0.00,0.00,0.00,0,0,0.00,0.00,0,0
1508087550,s1,0.00,0.00,0.00,0,0,0.00,0.00,0.00,0,0,0.00,0.00,0,0
1508087550,eth0,0.00,0.00,0.00,0,0,0.00,0.00,0.00,0,0,0.00,0.00,0,0
1508087550,eth1,0.00,0.00,0.00,0,0,0.00,0.00,0.00,0,0,0.00,0.00,0,0
1508087550,s2,0.00,0.00,0.00,0,0,0.00,0.00,0.00,0,0,0.00,0.00,0,0
1508087550,s1-eth2,0.00,0.00,0.00,0,0,0.00,0.00,0.00,0,0,0.00,0.00,0,0
1508087550,s1-eth1,0.00,0.00,0.00,0,0,0.00,0.00,0.00,0,0,0.00,0.00,0,0
1508087550,s2-eth2,0.00,0.00,0.00,0,0,0.00,0.00,0.00,0,0,0.00,0.00,0,0
1508087550,s2-eth1,0.00,0.00,0.00,0,0,0.00,0.00,0.00,0,0,0.00,0.00,0,0
1508087550,lo,344.00,344.00,688.00,344,344,6.00,6.00,12.00,6,6,0.00,0.00,0,0
1508087550,total,344.00,344.00,688.00,344,344,6.00,6.00,12.00,6,6,0.00,0.00,0,0
1508087551,s1,0.00,0.00,0.00,0,0,0.00,0.00,0.00,0,0,0.00,0.00,0,0
1508087551,eth0,0.00,0.00,0.00,0,0,0.00,0.00,0.00,0,0,0.00,0.00,0,0
1508087551,eth1,0.00,0.00,0.00,0,0,0.00,0.00,0.00,0,0,0.00,0.00,0,0
1508087551,s2,0.00,0.00,0.00,0,0,0.00,0.00,0.00,0,0,0.00,0.00,0,0
1508087551,s1-eth2,0.00,0.00,0.00,0,0,0.00,0.00,0.00,0,0,0.00,0.00,0,0
1508087551,s1-eth1,0.00,0.00,0.00,0,0,0.00,0.00,0.00,0,0,0.00,0.00,0,0
1508087551,s2-eth2,106.89,0.00,106.89,0,107,1.00,0.00,1.00,0,1,0.00,0.00,0,0
1508087551,s2-eth1,0.00,0.00,0.00,0,0,0.00,0.00,0.00,0,0,0.00,0.00,0,0
1508087551,lo,0.00,0.00,0.00,0,0,0.00,0.00,0.00,0,0,0.00,0.00,0,0
1508087551,total,106.89,0.00,106.89,0,107,1.00,0.00,1.00,0,1,0.00,0.00,0,0
1508087552,s1,0.00,0.00,0.00,0,0,0.00,0.00,0.00,0,0,0.00,0.00,0,0
1508087552,eth0,0.00,0.00,0.00,0,0,0.00,0.00,0.00,0,0,0.00,0.00,0,0
1508087552,eth1,0.00,0.00,0.00,0,0,0.00,0.00,0.00,0,0,0.00,0.00,0,0
1508087552,s2,0.00,0.00,0.00,0,0,0.00,0.00,0.00,0,0,0.00,0.00,0,0
1508087552,s1-eth2,107.00,0.00,107.00,0,107,1.00,0.00,1.00,0,1,0.00,0.00,0,0
1508087552,s1-eth1,107.00,0.00,107.00,0,107,1.00,0.00,1.00,0,1,0.00,0.00,0,0
1508087552,s2-eth2,342.00,0.00,342.00,0,342,1.00,0.00,1.00,0,1,0.00,0.00,0,0
1508087552,s2-eth1,107.00,0.00,107.00,0,107,1.00,0.00,1.00,0,1,0.00,0.00,0,0
1508087552,lo,0.00,0.00,0.00,0,0,0.00,0.00,0.00,0,0,0.00,0.00,0,0
1508087552,total,663.00,0.00,663.00,0,663,4.00,0.00,4.00,0,4,0.00,0.00,0,0
1508087553,s1,0.00,0.00,0.00,0,0,0.00,0.00,0.00,0,0,0.00,0.00,0,0
1508087553,eth0,0.00,0.00,0.00,0,0,0.00,0.00,0.00,0,0,0.00,0.00,0,0
1508087553,eth1,0.00,0.00,0.00,0,0,0.00,0.00,0.00,0,0,0.00,0.00,0,0
1508087553,s2,0.00,0.00,0.00,0,0,0.00,0.00,0.00,0,0,0.00,0.00,0,0
1508087553,s1-eth2,0.00,0.00,0.00,0,0,0.00,0.00,0.00,0,0,0.00,0.00,0,0
1508087553,s1-eth1,0.00,0.00,0.00,0,0,0.00,0.00,0.00,0,0,0.00,0.00,0,0
1508087553,s2-eth2,0.00,0.00,0.00,0,0,0.00,0.00,0.00,0,0,0.00,0.00,0,0
1508087553,s2-eth1,0.00,0.00,0.00,0,0,0.00,0.00,0.00,0,0,0.00,0.00,0,0
1508087553,lo,0.00,0.00,0.00,0,0,0.00,0.00,0.00,0,0,0.00,0.00,0,0
1508087553,total,0.00,0.00,0.00,0,0,0.00,0.00,0.00,0,0,0.00,0.00,0,0
1508087554,s1,0.00,0.00,0.00,0,0,0.00,0.00,0.00,0,0,0.00,0.00,0,0
1508087554,eth0,0.00,0.00,0.00,0,0,0.00,0.00,0.00,0,0,0.00,0.00,0,0
1508087554,eth1,0.00,0.00,0.00,0,0,0.00,0.00,0.00,0,0,0.00,0.00,0,0
1508087554,s2,0.00,0.00,0.00,0,0,0.00,0.00,0.00,0,0,0.00,0.00,0,0
1508087554,s1-eth2,0.00,0.00,0.00,0,0,0.00,0.00,0.00,0,0,0.00,0.00,0,0
1508087554,s1-eth1,0.00,0.00,0.00,0,0,0.00,0.00,0.00,0,0,0.00,0.00,0,0
1508087554,s2-eth2,0.00,0.00,0.00,0,0,0.00,0.00,0.00,0,0,0.00,0.00,0,0
1508087554,s2-eth1,0.00,0.00,0.00,0,0,0.00,0.00,0.00,0,0,0.00,0.00,0,0
1508087554,lo,0.00,0.00,0.00,0,0,0.00,0.00,0.00,0,0,0.00,0.00,0,0
1508087554,total,0.00,0.00,0.00,0,0,0.00,0.00,0.00,0,0,0.00,0.00,0,0
1508087555,s1,0.00,0.00,0.00,0,0,0.00,0.00,0.00,0,0,0.00,0.00,0,0
1508087555,eth0,0.00,0.00,0.00,0,0,0.00,0.00,0.00,0,0,0.00,0.00,0,0
1508087555,eth1,0.00,0.00,0.00,0,0,0.00,0.00,0.00,0,0,0.00,0.00,0,0
1508087555,s2,0.00,0.00,0.00,0,0,0.00,0.00,0.00,0,0,0.00,0.00,0,0
1508087555,s1-eth2,0.00,0.00,0.00,0,0,0.00,0.00,0.00,0,0,0.00,0.00,0,0
1508087555,s1-eth1,0.00,0.00,0.00,0,0,0.00,0.00,0.00,0,0,0.00,0.00,0,0
1508087555,s2-eth2,0.00,0.00,0.00,0,0,0.00,0.00,0.00,0,0,0.00,0.00,0,0
1508087555,s2-eth1,0.00,0.00,0.00,0,0,0.00,0.00,0.00,0,0,0.00,0.00,0,0
1508087555,lo,344.00,344.00,688.00,344,344,6.00,6.00,12.00,6,6,0.00,0.00,0,0
1508087555,total,344.00,344.00,688.00,344,344,6.00,6.00,12.00,6,6,0.00,0.00,0,0
1508087556,s1,0.00,41.96,41.96,42,0,0.00,1.00,1.00,1,0,0.00,0.00,0,0
1508087556,eth0,0.00,0.00,0.00,0,0,0.00,0.00,0.00,0,0,0.00,0.00,0,0
1508087556,eth1,0.00,0.00,0.00,0,0,0.00,0.00,0.00,0,0,0.00,0.00,0,0
1508087556,s2,0.00,83.92,83.92,84,0,0.00,2.00,2.00,2,0,0.00,0.00,0,0
1508087556,s1-eth2,12135.86,244419.59,256555.45,244664,12148,153.85,171.83,325.67,172,154,0.00,0.00,0,0
1508087556,s1-eth1,229294.72,12135.86,241430.58,12148,229524,161.84,153.85,315.68,154,162,0.00,0.00,0,0
1508087556,s2-eth2,2201.80,106133.87,108335.66,106240,2204,29.97,73.93,103.90,74,30,0.00,0.00,0,0
1508087556,s2-eth1,62271.73,2201.80,64473.53,2204,62334,44.96,29.97,74.93,30,45,0.00,0.00,0,0
1508087556,lo,4627.37,4627.37,9254.75,4632,4632,39.96,39.96,79.92,40,40,0.00,0.00,0,0
1508087556,total,310531.47,369644.38,680175.81,370014,310842,430.57,472.53,903.10,473,431,0.00,0.00,0,0
1508087557,s1,0.00,42.00,42.00,42,0,0.00,1.00,1.00,1,0,0.00,0.00,0,0
1508087557,eth0,0.00,0.00,0.00,0,0,0.00,0.00,0.00,0,0,0.00,0.00,0,0
1508087557,eth1,0.00,0.00,0.00,0,0,0.00,0.00,0.00,0,0,0.00,0.00,0,0
1508087557,s2,0.00,42.00,42.00,42,0,0.00,1.00,1.00,1,0,0.00,0.00,0,0
1508087557,s1-eth2,12374.00,260450.00,272824.00,260450,12374,163.00,173.00,336.00,173,163,0.00,0.00,0,0
1508087557,s1-eth1,251366.00,12374.00,263740.00,12374,251366,167.00,163.00,330.00,163,167,0.00,0.00,0,0
1508087557,s2-eth2,12352.00,213516.00,225868.00,213516,12352,144.00,142.00,286.00,142,144,0.00,0.00,0,0
1508087557,s2-eth1,239254.00,12352.00,251606.00,12352,239254,159.00,144.00,303.00,144,159,0.00,0.00,0,0
1508087557,lo,480.00,480.00,960.00,480,480,6.00,6.00,12.00,6,6,0.00,0.00,0,0
1508087557,total,515826.00,499256.00,1015082.00,499256,515826,639.00,630.00,1269.00,630,639,0.00,0.00,0,0
1508087558,s1,0.00,42.00,42.00,42,0,0.00,1.00,1.00,1,0,0.00,0.00,0,0
1508087558,eth0,0.00,0.00,0.00,0,0,0.00,0.00,0.00,0,0,0.00,0.00,0,0
1508087558,eth1,0.00,0.00,0.00,0,0,0.00,0.00,0.00,0,0,0.00,0.00,0,0
1508087558,s2,0.00,42.00,42.00,42,0,0.00,1.00,1.00,1,0,0.00,0.00,0,0
1508087558,s1-eth2,11914.00,258936.00,270850.00,258936,11914,157.00,172.00,329.00,172,157,0.00,0.00,0,0
1508087558,s1-eth1,248680.00,11988.00,260668.00,11988,248680,166.00,158.00,324.00,158,166,0.00,0.00,0,0
1508087558,s2-eth2,7058.00,174152.00,181210.00,174152,7058,91.00,116.00,207.00,116,91,0.00,0.00,0,0
1508087558,s2-eth1,171124.00,7058.00,178182.00,7058,171124,114.00,91.00,205.00,91,114,0.00,0.00,0,0
1508087558,lo,480.00,480.00,960.00,480,480,6.00,6.00,12.00,6,6,0.00,0.00,0,0
1508087558,total,439256.00,452698.00,891954.00,452698,439256,534.00,545.00,1079.00,545,534,0.00,0.00,0,0
1508087559,s1,0.00,42.00,42.00,42,0,0.00,1.00,1.00,1,0,0.00,0.00,0,0
1508087559,eth0,0.00,0.00,0.00,0,0,0.00,0.00,0.00,0,0,0.00,0.00,0,0
1508087559,eth1,0.00,0.00,0.00,0,0,0.00,0.00,0.00,0,0,0.00,0.00,0,0
1508087559,s2,0.00,42.00,42.00,42,0,0.00,1.00,1.00,1,0,0.00,0.00,0,0
1508087559,s1-eth2,11830.00,251366.00,263196.00,251366,11830,155.00,167.00,322.00,167,155,0.00,0.00,0,0
1508087559,s1-eth1,251366.00,11756.00,263122.00,11756,251366,167.00,154.00,321.00,154,167,0.00,0.00,0,0
1508087559,s2-eth2,6178.00,133274.00,139452.00,133274,6178,77.00,89.00,166.00,89,77,0.00,0.00,0,0
1508087559,s2-eth1,134788.00,6178.00,140966.00,6178,134788,90.00,77.00,167.00,77,90,0.00,0.00,0,0
1508087559,lo,480.00,480.00,960.00,480,480,6.00,6.00,12.00,6,6,0.00,0.00,0,0
1508087559,total,404642.00,403138.00,807780.00,403138,404642,495.00,495.00,990.00,495,495,0.00,0.00,0,0
1508087560,s1,0.00,42.00,42.00,42,0,0.00,1.00,1.00,1,0,0.00,0.00,0,0
1508087560,eth0,0.00,0.00,0.00,0,0,0.00,0.00,0.00,0,0,0.00,0.00,0,0
1508087560,eth1,0.00,0.00,0.00,0,0,0.00,0.00,0.00,0,0,0.00,0.00,0,0
1508087560,s2,0.00,42.00,42.00,42,0,0.00,1.00,1.00,1,0,0.00,0.00,0,0
1508087560,s1-eth2,12702.00,258936.00,271638.00,258936,12702,163.00,172.00,335.00,172,163,0.00,0.00,0,0
1508087560,s1-eth1,249852.00,12360.00,262212.00,12360,249852,166.00,162.00,328.00,162,166,0.00,0.00,0,0
1508087560,s2-eth2,3160.00,54546.00,57706.00,54546,3160,36.00,37.00,73.00,37,36,0.00,0.00,0,0
1508087560,s2-eth1,51518.00,2818.00,54336.00,2818,51518,35.00,35.00,70.00,35,35,0.00,0.00,0,0
1508087560,lo,480.00,480.00,960.00,480,480,6.00,6.00,12.00,6,6,0.00,0.00,0,0
1508087560,total,317712.00,329224.00,646936.00,329224,317712,406.00,414.00,820.00,414,406,0.00,0.00,0,0
1508087561,s1,0.00,42.00,42.00,42,0,0.00,1.00,1.00,1,0,0.00,0.00,0,0
1508087561,eth0,0.00,0.00,0.00,0,0,0.00,0.00,0.00,0,0,0.00,0.00,0,0
1508087561,eth1,0.00,0.00,0.00,0,0,0.00,0.00,0.00,0,0,0.00,0.00,0,0
1508087561,s2,0.00,42.00,42.00,42,0,0.00,1.00,1.00,1,0,0.00,0.00,0,0
1508087561,s1-eth2,12326.00,249852.00,262178.00,249852,12326,157.00,166.00,323.00,166,157,0.00,0.00,0,0
1508087561,s1-eth1,243796.00,12326.00,256122.00,12326,243796,162.00,157.00,319.00,157,162,0.00,0.00,0,0
1508087561,s2-eth2,2156.00,56060.00,58216.00,56060,2156,28.00,38.00,66.00,38,28,0.00,0.00,0,0
1508087561,s2-eth1,57916.00,2156.00,60072.00,2156,57916,40.00,28.00,68.00,28,40,0.00,0.00,0,0
1508087561,lo,480.00,480.00,960.00,480,480,6.00,6.00,12.00,6,6,0.00,0.00,0,0
1508087561,total,316674.00,320958.00,637632.00,320958,316674,393.00,397.00,790.00,397,393,0.00,0.00,0,0
1508087562,s1,0.00,0.00,0.00,0,0,0.00,0.00,0.00,0,0,0.00,0.00,0,0
1508087562,eth0,0.00,0.00,0.00,0,0,0.00,0.00,0.00,0,0,0.00,0.00,0,0
1508087562,eth1,0.00,0.00,0.00,0,0,0.00,0.00,0.00,0,0,0.00,0.00,0,0
1508087562,s2,0.00,0.00,0.00,0,0,0.00,0.00,0.00,0,0,0.00,0.00,0,0
1508087562,s1-eth2,11976.02,264685.31,276661.34,264950,11988,157.84,174.83,332.67,175,158,0.00,0.00,0,0
1508087562,s1-eth1,249560.45,11976.02,261536.47,11988,249810,164.84,157.84,322.68,158,165,0.00,0.00,0,0
1508087562,s2-eth2,2375.62,49912.09,52287.71,49962,2378,30.97,32.97,63.94,33,31,0.00,0.00,0,0
1508087562,s2-eth1,42349.65,2375.62,44725.28,2378,42392,27.97,30.97,58.94,31,28,0.00,0.00,0,0
1508087562,lo,0.00,0.00,0.00,0,0,0.00,0.00,0.00,0,0,0.00,0.00,0,0
1508087562,total,306261.75,328949.06,635210.81,329278,306568,381.62,396.60,778.22,397,382,0.00,0.00,0,0
1508087563,s1,0.00,0.00,0.00,0,0,0.00,0.00,0.00,0,0,0.00,0.00,0,0
1508087563,eth0,0.00,0.00,0.00,0,0,0.00,0.00,0.00,0,0,0.00,0.00,0,0
1508087563,eth1,0.00,0.00,0.00,0,0,0.00,0.00,0.00,0,0,0.00,0.00,0,0
1508087563,s2,0.00,0.00,0.00,0,0,0.00,0.00,0.00,0,0,0.00,0.00,0,0
1508087563,s1-eth2,12101.90,252585.42,264687.31,252838,12114,158.84,166.83,325.67,167,159,0.00,0.00,0,0
1508087563,s1-eth1,251072.94,12101.90,263174.84,12114,251324,165.83,158.84,324.68,159,166,0.00,0.00,0,0
1508087563,s2-eth2,2069.93,68061.94,70131.87,68130,2072,27.97,44.96,72.93,45,28,0.00,0.00,0,0
1508087563,s2-eth1,74111.89,2069.93,76181.82,2072,74186,48.95,27.97,76.92,28,49,0.00,0.00,0,0
1508087563,lo,0.00,0.00,0.00,0,0,0.00,0.00,0.00,0,0,0.00,0.00,0,0
1508087563,total,339356.66,334819.19,674175.81,335154,339696,401.60,398.60,800.20,399,402,0.00,0.00,0,0
1508087564,s1,0.00,0.00,0.00,0,0,0.00,0.00,0.00,0,0,0.00,0.00,0,0
1508087564,eth0,0.00,0.00,0.00,0,0,0.00,0.00,0.00,0,0,0.00,0.00,0,0
1508087564,eth1,0.00,0.00,0.00,0,0,0.00,0.00,0.00,0,0,0.00,0.00,0,0
1508087564,s2,0.00,0.00,0.00,0,0,0.00,0.00,0.00,0,0,0.00,0.00,0,0
1508087564,s1-eth2,12194.00,258894.00,271088.00,258894,12194,159.00,171.00,330.00,171,159,0.00,0.00,0,0
1508087564,s1-eth1,249810.00,12194.00,262004.00,12194,249810,165.00,159.00,324.00,159,165,0.00,0.00,0,0
1508087564,s2-eth2,2932.00,80242.00,83174.00,80242,2932,38.00,53.00,91.00,53,38,0.00,0.00,0,0
1508087564,s2-eth1,71158.00,2932.00,74090.00,2932,71158,47.00,38.00,85.00,38,47,0.00,0.00,0,0
1508087564,lo,0.00,0.00,0.00,0,0,0.00,0.00,0.00,0,0,0.00,0.00,0,0
1508087564,total,336094.00,354262.00,690356.00,354262,336094,409.00,421.00,830.00,421,409,0.00,0.00,0,0
1508087565,s1,0.00,0.00,0.00,0,0,0.00,0.00,0.00,0,0,0.00,0.00,0,0
1508087565,eth0,0.00,0.00,0.00,0,0,0.00,0.00,0.00,0,0,0.00,0.00,0,0
1508087565,eth1,0.00,0.00,0.00,0,0,0.00,0.00,0.00,0,0,0.00,0.00,0,0
1508087565,s2,0.00,0.00,0.00,0,0,0.00,0.00,0.00,0,0,0.00,0.00,0,0
1508087565,s1-eth2,12232.00,260408.00,272640.00,260408,12232,162.00,172.00,334.00,172,162,0.00,0.00,0,0
1508087565,s1-eth1,249810.00,12232.00,262042.00,12232,249810,165.00,162.00,327.00,162,165,0.00,0.00,0,0
1508087565,s2-eth2,3098.00,66616.00,69714.00,66616,3098,39.00,44.00,83.00,44,39,0.00,0.00,0,0
1508087565,s2-eth1,69644.00,3098.00,72742.00,3098,69644,46.00,39.00,85.00,39,46,0.00,0.00,0,0
1508087565,lo,344.00,344.00,688.00,344,344,6.00,6.00,12.00,6,6,0.00,0.00,0,0
1508087565,total,335128.00,342698.00,677826.00,342698,335128,418.00,423.00,841.00,423,418,0.00,0.00,0,0
1508087566,s1,0.00,0.00,0.00,0,0,0.00,0.00,0.00,0,0,0.00,0.00,0,0
1508087566,eth0,0.00,0.00,0.00,0,0,0.00,0.00,0.00,0,0,0.00,0.00,0,0
1508087566,eth1,0.00,0.00,0.00,0,0,0.00,0.00,0.00,0,0,0.00,0.00,0,0
1508087566,s2,0.00,0.00,0.00,0,0,0.00,0.00,0.00,0,0,0.00,0.00,0,0
1508087566,s1-eth2,11866.00,249810.00,261676.00,249810,11866,151.00,165.00,316.00,165,151,0.00,0.00,0,0
1508087566,s1-eth1,248296.00,11866.00,260162.00,11866,248296,164.00,151.00,315.00,151,164,0.00,0.00,0,0
1508087566,s2-eth2,3330.00,63630.00,66960.00,63630,3330,43.00,43.00,86.00,43,43,0.00,0.00,0,0
1508087566,s2-eth1,59088.00,3330.00,62418.00,3330,59088,40.00,43.00,83.00,43,40,0.00,0.00,0,0
1508087566,lo,592.00,592.00,1184.00,592,592,6.00,6.00,12.00,6,6,0.00,0.00,0,0
1508087566,total,323172.00,329228.00,652400.00,329228,323172,404.00,408.00,812.00,408,404,0.00,0.00,0,0
1508087567,s1,0.00,0.00,0.00,0,0,0.00,0.00,0.00,0,0,0.00,0.00,0,0
1508087567,eth0,0.00,0.00,0.00,0,0,0.00,0.00,0.00,0,0,0.00,0.00,0,0
1508087567,eth1,0.00,0.00,0.00,0,0,0.00,0.00,0.00,0,0,0.00,0.00,0,0
1508087567,s2,0.00,0.00,0.00,0,0,0.00,0.00,0.00,0,0,0.00,0.00,0,0
1508087567,s1-eth2,12330.00,260408.00,272738.00,260408,12330,159.00,172.00,331.00,172,159,0.00,0.00,0,0
1508087567,s1-eth1,248296.00,12330.00,260626.00,12330,248296,164.00,159.00,323.00,159,164,0.00,0.00,0,0
1508087567,s2-eth2,2179.00,78728.00,80907.00,78728,2179,29.00,52.00,81.00,52,29,0.00,0.00,0,0
1508087567,s2-eth1,80242.00,2072.00,82314.00,2072,80242,53.00,28.00,81.00,28,53,0.00,0.00,0,0
1508087567,lo,0.00,0.00,0.00,0,0,0.00,0.00,0.00,0,0,0.00,0.00,0,0
1508087567,total,343047.00,353538.00,696585.00,353538,343047,405.00,411.00,816.00,411,405,0.00,0.00,0,0
1508087568,s1,0.00,0.00,0.00,0,0,0.00,0.00,0.00,0,0,0.00,0.00,0,0
1508087568,eth0,0.00,0.00,0.00,0,0,0.00,0.00,0.00,0,0,0.00,0.00,0,0
1508087568,eth1,0.00,0.00,0.00,0,0,0.00,0.00,0.00,0,0,0.00,0.00,0,0
1508087568,s2,0.00,0.00,0.00,0,0,0.00,0.00,0.00,0,0,0.00,0.00,0,0
1508087568,s1-eth2,11913.00,257380.00,269293.00,257380,11913,156.00,170.00,326.00,170,156,0.00,0.00,0,0
1508087568,s1-eth1,242347.00,11806.00,254153.00,11806,242347,161.00,155.00,316.00,155,161,0.00,0.00,0,0
1508087568,s2-eth2,2516.00,99924.00,102440.00,99924,2516,34.00,66.00,100.00,66,34,0.00,0.00,0,0
1508087568,s2-eth1,93975.00,2516.00,96491.00,2516,93975,63.00,34.00,97.00,34,63,0.00,0.00,0,0
1508087568,lo,0.00,0.00,0.00,0,0,0.00,0.00,0.00,0,0,0.00,0.00,0,0
1508087568,total,350751.00,371626.00,722377.00,371626,350751,414.00,425.00,839.00,425,414,0.00,0.00,0,0
1508087569,s1,0.00,0.00,0.00,0,0,0.00,0.00,0.00,0,0,0.00,0.00,0,0
1508087569,eth0,0.00,0.00,0.00,0,0,0.00,0.00,0.00,0,0,0.00,0.00,0,0
1508087569,eth1,0.00,0.00,0.00,0,0,0.00,0.00,0.00,0,0,0.00,0.00,0,0
1508087569,s2,0.00,0.00,0.00,0,0,0.00,0.00,0.00,0,0,0.00,0.00,0,0
1508087569,s1-eth2,12118.00,258894.00,271012.00,258894,12118,159.00,171.00,330.00,171,159,0.00,0.00,0,0
1508087569,s1-eth1,249810.00,12118.00,261928.00,12118,249810,165.00,159.00,324.00,159,165,0.00,0.00,0,0
1508087569,s2-eth2,4324.00,115064.00,119388.00,115064,4324,56.00,76.00,132.00,76,56,0.00,0.00,0,0
1508087569,s2-eth1,112036.00,4324.00,116360.00,4324,112036,74.00,56.00,130.00,56,74,0.00,0.00,0,0
1508087569,lo,0.00,0.00,0.00,0,0,0.00,0.00,0.00,0,0,0.00,0.00,0,0
1508087569,total,378288.00,390400.00,768688.00,390400,378288,454.00,462.00,916.00,462,454,0.00,0.00,0,0
1508087570,s1,0.00,0.00,0.00,0,0,0.00,0.00,0.00,0,0,0.00,0.00,0,0
1508087570,eth0,0.00,0.00,0.00,0,0,0.00,0.00,0.00,0,0,0.00,0.00,0,0
1508087570,eth1,0.00,0.00,0.00,0,0,0.00,0.00,0.00,0,0,0.00,0.00,0,0
1508087570,s2,0.00,0.00,0.00,0,0,0.00,0.00,0.00,0,0,0.00,0.00,0,0
1508087570,s1-eth2,12356.00,252838.00,265194.00,252838,12356,160.00,167.00,327.00,167,160,0.00,0.00,0,0
1508087570,s1-eth1,249810.00,12356.00,262166.00,12356,249810,165.00,160.00,325.00,160,165,0.00,0.00,0,0
1508087570,s2-eth2,4848.00,112036.00,116884.00,112036,4848,62.00,74.00,136.00,74,62,0.00,0.00,0,0
1508087570,s2-eth1,112036.00,4848.00,116884.00,4848,112036,74.00,62.00,136.00,62,74,0.00,0.00,0,0
1508087570,lo,172.00,172.00,344.00,172,172,3.00,3.00,6.00,3,3,0.00,0.00,0,0
1508087570,total,379222.00,382250.00,761472.00,382250,379222,464.00,466.00,930.00,466,464,0.00,0.00,0,0
1508087571,s1,0.00,0.00,0.00,0,0,0.00,0.00,0.00,0,0,0.00,0.00,0,0
1508087571,eth0,0.00,0.00,0.00,0,0,0.00,0.00,0.00,0,0,0.00,0.00,0,0
1508087571,eth1,0.00,0.00,0.00,0,0,0.00,0.00,0.00,0,0,0.00,0.00,0,0
1508087571,s2,0.00,0.00,0.00,0,0,0.00,0.00,0.00,0,0,0.00,0.00,0,0
1508087571,s1-eth2,11946.05,254097.91,266043.97,254352,11958,152.85,167.83,320.68,168,153,0.00,0.00,0,0
1508087571,s1-eth1,245022.98,11946.05,256969.03,11958,245268,161.84,152.85,314.69,153,162,0.00,0.00,0,0
1508087571,s2-eth2,4615.38,116461.54,121076.93,116578,4620,59.94,76.92,136.86,77,60,0.00,0.00,0,0
1508087571,s2-eth1,114949.05,4615.38,119564.44,4620,115064,75.92,59.94,135.86,60,76,0.00,0.00,0,0
1508087571,lo,171.83,171.83,343.66,172,172,3.00,3.00,5.99,3,3,0.00,0.00,0,0
1508087571,total,376705.31,387292.72,763998.00,387680,377082,453.55,460.54,914.09,461,454,0.00,0.00,0,0
1508087572,s1,0.00,0.00,0.00,0,0,0.00,0.00,0.00,0,0,0.00,0.00,0,0
1508087572,eth0,0.00,0.00,0.00,0,0,0.00,0.00,0.00,0,0,0.00,0.00,0,0
1508087572,eth1,0.00,0.00,0.00,0,0,0.00,0.00,0.00,0,0,0.00,0.00,0,0
1508087572,s2,0.00,0.00,0.00,0,0,0.00,0.00,0.00,0,0,0.00,0.00,0,0
1508087572,s1-eth2,12396.00,260408.00,272804.00,260408,12396,162.00,172.00,334.00,172,162,0.00,0.00,0,0
1508087572,s1-eth1,248296.00,12470.00,260766.00,12470,248296,164.00,163.00,327.00,163,164,0.00,0.00,0,0
1508087572,s2-eth2,5026.00,119606.00,124632.00,119606,5026,65.00,79.00,144.00,79,65,0.00,0.00,0,0
1508087572,s2-eth1,110522.00,5026.00,115548.00,5026,110522,73.00,65.00,138.00,65,73,0.00,0.00,0,0
1508087572,lo,0.00,0.00,0.00,0,0,0.00,0.00,0.00,0,0,0.00,0.00,0,0
1508087572,total,376240.00,397510.00,773750.00,397510,376240,464.00,479.00,943.00,479,464,0.00,0.00,0,0
1508087573,s1,0.00,0.00,0.00,0,0,0.00,0.00,0.00,0,0,0.00,0.00,0,0
1508087573,eth0,0.00,0.00,0.00,0,0,0.00,0.00,0.00,0,0,0.00,0.00,0,0
1508087573,eth1,0.00,0.00,0.00,0,0,0.00,0.00,0.00,0,0,0.00,0.00,0,0
1508087573,s2,0.00,0.00,0.00,0,0,0.00,0.00,0.00,0,0,0.00,0.00,0,0
1508087573,s1-eth2,11972.03,257122.89,269094.91,257380,11984,157.84,169.83,327.67,170,158,0.00,0.00,0,0
1508087573,s1-eth1,251072.94,11898.10,262971.03,11910,251324,165.83,156.84,322.68,157,166,0.00,0.00,0,0
1508087573,s2-eth2,3730.27,89236.77,92967.04,89326,3734,48.95,58.94,107.89,59,49,0.00,0.00,0,0
1508087573,s2-eth1,98311.69,3730.27,102041.96,3734,98410,64.94,48.95,113.89,49,65,0.00,0.00,0,0
1508087573,lo,0.00,0.00,0.00,0,0,0.00,0.00,0.00,0,0,0.00,0.00,0,0
1508087573,total,365086.94,361988.03,727074.94,362350,365452,437.56,434.57,872.13,435,438,0.00,0.00,0,0
1508087574,s1,0.00,0.00,0.00,0,0,0.00,0.00,0.00,0,0,0.00,0.00,0,0
1508087574,eth0,0.00,0.00,0.00,0,0,0.00,0.00,0.00,0,0,0.00,0.00,0,0
1508087574,eth1,0.00,0.00,0.00,0,0,0.00,0.00,0.00,0,0,0.00,0.00,0,0
1508087574,s2,0.00,0.00,0.00,0,0,0.00,0.00,0.00,0,0,0.00,0.00,0,0
1508087574,s1-eth2,12318.00,255866.00,268184.00,255866,12318,159.00,169.00,328.00,169,159,0.00,0.00,0,0
1508087574,s1-eth1,249810.00,12318.00,262128.00,12318,249810,165.00,159.00,324.00,159,165,0.00,0.00,0,0
1508087574,s2-eth2,4346.00,86298.00,90644.00,86298,4346,55.00,57.00,112.00,57,55,0.00,0.00,0,0
1508087574,s2-eth1,78728.00,4346.00,83074.00,4346,78728,52.00,55.00,107.00,55,52,0.00,0.00,0,0
1508087574,lo,0.00,0.00,0.00,0,0,0.00,0.00,0.00,0,0,0.00,0.00,0,0
1508087574,total,345202.00,358828.00,704030.00,358828,345202,431.00,440.00,871.00,440,431,0.00,0.00,0,0
1508087575,s1,0.00,0.00,0.00,0,0,0.00,0.00,0.00,0,0,0.00,0.00,0,0
1508087575,eth0,0.00,0.00,0.00,0,0,0.00,0.00,0.00,0,0,0.00,0.00,0,0
1508087575,eth1,0.00,0.00,0.00,0,0,0.00,0.00,0.00,0,0,0.00,0.00,0,0
1508087575,s2,0.00,0.00,0.00,0,0,0.00,0.00,0.00,0,0,0.00,0.00,0,0
1508087575,s1-eth2,12214.00,257380.00,269594.00,257380,12214,161.00,170.00,331.00,170,161,0.00,0.00,0,0
1508087575,s1-eth1,249810.00,12214.00,262024.00,12214,249810,165.00,161.00,326.00,161,165,0.00,0.00,0,0
1508087575,s2-eth2,2710.00,75700.00,78410.00,75700,2710,35.00,50.00,85.00,50,35,0.00,0.00,0,0
1508087575,s2-eth1,80584.00,2710.00,83294.00,2710,80584,54.00,35.00,89.00,35,54,0.00,0.00,0,0
1508087575,lo,172.00,172.00,344.00,172,172,3.00,3.00,6.00,3,3,0.00,0.00,0,0
1508087575,total,345490.00,348176.00,693666.00,348176,345490,418.00,419.00,837.00,419,418,0.00,0.00,0,0
1508087576,s1,0.00,0.00,0.00,0,0,0.00,0.00,0.00,0,0,0.00,0.00,0,0
1508087576,eth0,0.00,0.00,0.00,0,0,0.00,0.00,0.00,0,0,0.00,0.00,0,0
1508087576,eth1,0.00,0.00,0.00,0,0,0.00,0.00,0.00,0,0,0.00,0.00,0,0
1508087576,s2,0.00,0.00,0.00,0,0,0.00,0.00,0.00,0,0,0.00,0.00,0,0
1508087576,s1-eth2,12666.00,255866.00,268532.00,255866,12666,163.00,169.00,332.00,169,163,0.00,0.00,0,0
1508087576,s1-eth1,250152.00,12324.00,262476.00,12324,250152,166.00,162.00,328.00,162,166,0.00,0.00,0,0
1508087576,s2-eth2,3500.00,83270.00,86770.00,83270,3500,46.00,55.00,101.00,55,46,0.00,0.00,0,0
1508087576,s2-eth1,78728.00,3500.00,82228.00,3500,78728,52.00,46.00,98.00,46,52,0.00,0.00,0,0
1508087576,lo,172.00,172.00,344.00,172,172,3.00,3.00,6.00,3,3,0.00,0.00,0,0
1508087576,total,345218.00,355132.00,700350.00,355132,345218,430.00,435.00,865.00,435,430,0.00,0.00,0,0
1508087577,s1,0.00,0.00,0.00,0,0,0.00,0.00,0.00,0,0,0.00,0.00,0,0
1508087577,eth0,0.00,0.00,0.00,0,0,0.00,0.00,0.00,0,0,0.00,0.00,0,0
1508087577,eth1,0.00,0.00,0.00,0,0,0.00,0.00,0.00,0,0,0.00,0.00,0,0
1508087577,s2,0.00,0.00,0.00,0,0,0.00,0.00,0.00,0,0,0.00,0.00,0,0
1508087577,s1-eth2,12226.00,258894.00,271120.00,258894,12226,157.00,171.00,328.00,171,157,0.00,0.00,0,0
1508087577,s1-eth1,248296.00,12300.00,260596.00,12300,248296,164.00,158.00,322.00,158,164,0.00,0.00,0,0
1508087577,s2-eth2,2540.00,80242.00,82782.00,80242,2540,34.00,53.00,87.00,53,34,0.00,0.00,0,0
1508087577,s2-eth1,81756.00,2540.00,84296.00,2540,81756,54.00,34.00,88.00,34,54,0.00,0.00,0,0
1508087577,lo,0.00,0.00,0.00,0,0,0.00,0.00,0.00,0,0,0.00,0.00,0,0
1508087577,total,344818.00,353976.00,698794.00,353976,344818,409.00,416.00,825.00,416,409,0.00,0.00,0,0
1508087578,s1,0.00,0.00,0.00,0,0,0.00,0.00,0.00,0,0,0.00,0.00,0,0
1508087578,eth0,0.00,0.00,0.00,0,0,0.00,0.00,0.00,0,0,0.00,0.00,0,0
1508087578,eth1,0.00,0.00,0.00,0,0,0.00,0.00,0.00,0,0,0.00,0.00,0,0
1508087578,s2,0.00,0.00,0.00,0,0,0.00,0.00,0.00,0,0,0.00,0.00,0,0
1508087578,s1-eth2,12276.00,261922.00,274198.00,261922,12276,162.00,173.00,335.00,173,162,0.00,0.00,0,0
1508087578,s1-eth1,251324.00,12202.00,263526.00,12202,251324,166.00,161.00,327.00,161,166,0.00,0.00,0,0
1508087578,s2-eth2,3336.00,65102.00,68438.00,65102,3336,42.00,43.00,85.00,43,42,0.00,0.00,0,0
1508087578,s2-eth1,62074.00,3336.00,65410.00,3336,62074,41.00,42.00,83.00,42,41,0.00,0.00,0,0
1508087578,lo,0.00,0.00,0.00,0,0,0.00,0.00,0.00,0,0,0.00,0.00,0,0
1508087578,total,329010.00,342562.00,671572.00,342562,329010,411.00,419.00,830.00,419,411,0.00,0.00,0,0
1508087579,s1,0.00,0.00,0.00,0,0,0.00,0.00,0.00,0,0,0.00,0.00,0,0
1508087579,eth0,0.00,0.00,0.00,0,0,0.00,0.00,0.00,0,0,0.00,0.00,0,0
1508087579,eth1,0.00,0.00,0.00,0,0,0.00,0.00,0.00,0,0,0.00,0.00,0,0
1508087579,s2,0.00,0.00,0.00,0,0,0.00,0.00,0.00,0,0,0.00,0.00,0,0
1508087579,s1-eth2,12291.71,258635.38,270927.09,258894,12304,157.84,170.83,328.67,171,158,0.00,0.00,0,0
1508087579,s1-eth1,249560.45,12365.63,261926.08,12378,249810,164.84,158.84,323.68,159,165,0.00,0.00,0,0
1508087579,s2-eth2,3150.85,75624.38,78775.23,75700,3154,38.96,49.95,88.91,50,39,0.00,0.00,0,0
1508087579,s2-eth1,74111.89,2809.19,76921.08,2812,74186,48.95,37.96,86.91,38,49,0.00,0.00,0,0
1508087579,lo,0.00,0.00,0.00,0,0,0.00,0.00,0.00,0,0,0.00,0.00,0,0
1508087579,total,339114.91,349434.56,688549.50,349784,339454,410.59,417.58,828.17,418,411,0.00,0.00,0,0
1508087580,s1,0.00,0.00,0.00,0,0,0.00,0.00,0.00,0,0,0.00,0.00,0,0
1508087580,eth0,0.00,0.00,0.00,0,0,0.00,0.00,0.00,0,0,0.00,0.00,0,0
1508087580,eth1,0.00,0.00,0.00,0,0,0.00,0.00,0.00,0,0,0.00,0.00,0,0
1508087580,s2,0.00,0.00,0.00,0,0,0.00,0.00,0.00,0,0,0.00,0.00,0,0
1508087580,s1-eth2,12292.00,260408.00,272700.00,260408,12292,160.00,172.00,332.00,172,160,0.00,0.00,0,0
1508087580,s1-eth1,249810.00,12218.00,262028.00,12218,249810,165.00,159.00,324.00,159,165,0.00,0.00,0,0
1508087580,s2-eth2,3314.00,87812.00,91126.00,87812,3314,43.00,58.00,101.00,58,43,0.00,0.00,0,0
1508087580,s2-eth1,81756.00,3314.00,85070.00,3314,81756,54.00,43.00,97.00,43,54,0.00,0.00,0,0
1508087580,lo,172.00,172.00,344.00,172,172,3.00,3.00,6.00,3,3,0.00,0.00,0,0
1508087580,total,347344.00,363924.00,711268.00,363924,347344,425.00,435.00,860.00,435,425,0.00,0.00,0,0
1508087581,s1,0.00,0.00,0.00,0,0,0.00,0.00,0.00,0,0,0.00,0.00,0,0
1508087581,eth0,0.00,0.00,0.00,0,0,0.00,0.00,0.00,0,0,0.00,0.00,0,0
1508087581,eth1,0.00,0.00,0.00,0,0,0.00,0.00,0.00,0,0,0.00,0.00,0,0
1508087581,s2,0.00,0.00,0.00,0,0,0.00,0.00,0.00,0,0,0.00,0.00,0,0
1508087581,s1-eth2,12014.00,260408.00,272422.00,260408,12014,157.00,172.00,329.00,172,157,0.00,0.00,0,0
1508087581,s1-eth1,249810.00,12014.00,261824.00,12014,249810,165.00,157.00,322.00,157,165,0.00,0.00,0,0
1508087581,s2-eth2,3388.00,83270.00,86658.00,83270,3388,44.00,55.00,99.00,55,44,0.00,0.00,0,0
1508087581,s2-eth1,87812.00,3388.00,91200.00,3388,87812,58.00,44.00,102.00,44,58,0.00,0.00,0,0
1508087581,lo,172.00,172.00,344.00,172,172,3.00,3.00,6.00,3,3,0.00,0.00,0,0
1508087581,total,353196.00,359252.00,712448.00,359252,353196,427.00,431.00,858.00,431,427,0.00,0.00,0,0
1508087582,s1,0.00,0.00,0.00,0,0,0.00,0.00,0.00,0,0,0.00,0.00,0,0
1508087582,eth0,0.00,0.00,0.00,0,0,0.00,0.00,0.00,0,0,0.00,0.00,0,0
1508087582,eth1,0.00,0.00,0.00,0,0,0.00,0.00,0.00,0,0,0.00,0.00,0,0
1508087582,s2,0.00,0.00,0.00,0,0,0.00,0.00,0.00,0,0,0.00,0.00,0,0
1508087582,s1-eth2,12134.00,252838.00,264972.00,252838,12134,159.00,167.00,326.00,167,159,0.00,0.00,0,0
1508087582,s1-eth1,249810.00,12134.00,261944.00,12134,249810,165.00,159.00,324.00,159,165,0.00,0.00,0,0
1508087582,s2-eth2,3584.00,92354.00,95938.00,92354,3584,46.00,61.00,107.00,61,46,0.00,0.00,0,0
1508087582,s2-eth1,83270.00,3584.00,86854.00,3584,83270,55.00,46.00,101.00,46,55,0.00,0.00,0,0
1508087582,lo,0.00,0.00,0.00,0,0,0.00,0.00,0.00,0,0,0.00,0.00,0,0
1508087582,total,348798.00,360910.00,709708.00,360910,348798,425.00,433.00,858.00,433,425,0.00,0.00,0,0
1508087583,s1,0.00,0.00,0.00,0,0,0.00,0.00,0.00,0,0,0.00,0.00,0,0
1508087583,eth0,0.00,0.00,0.00,0,0,0.00,0.00,0.00,0,0,0.00,0.00,0,0
1508087583,eth1,0.00,0.00,0.00,0,0,0.00,0.00,0.00,0,0,0.00,0.00,0,0
1508087583,s2,0.00,0.00,0.00,0,0,0.00,0.00,0.00,0,0,0.00,0.00,0,0
1508087583,s1-eth2,12333.67,254097.91,266431.56,254352,12346,160.84,167.83,328.67,168,161,0.00,0.00,0,0
1508087583,s1-eth1,249560.45,12333.67,261894.11,12346,249810,164.84,160.84,325.67,161,165,0.00,0.00,0,0
1508087583,s2-eth2,3198.80,68061.94,71260.74,68130,3202,40.96,44.96,85.91,45,41,0.00,0.00,0,0
1508087583,s2-eth1,72599.41,3198.80,75798.20,3202,72672,47.95,40.96,88.91,41,48,0.00,0.00,0,0
1508087583,lo,0.00,0.00,0.00,0,0,0.00,0.00,0.00,0,0,0.00,0.00,0,0
1508087583,total,337692.31,337692.31,675384.62,338030,338030,414.59,414.59,829.17,415,415,0.00,0.00,0,0
1508087584,s1,0.00,0.00,0.00,0,0,0.00,0.00,0.00,0,0,0.00,0.00,0,0
1508087584,eth0,456.00,735.00,1191.00,735,456,6.00,6.00,12.00,6,6,0.00,0.00,0,0
1508087584,eth1,0.00,0.00,0.00,0,0,0.00,0.00,0.00,0,0,0.00,0.00,0,0
1508087584,s2,0.00,0.00,0.00,0,0,0.00,0.00,0.00,0,0,0.00,0.00,0,0
1508087584,s1-eth2,13274.00,267978.00,281252.00,267978,13274,167.00,177.00,344.00,177,167,0.00,0.00,0,0
1508087584,s1-eth1,250340.00,12634.00,262974.00,12634,250340,168.00,163.00,331.00,163,168,0.00,0.00,0,0
1508087584,s2-eth2,2954.00,59046.00,62000.00,59046,2954,33.00,39.00,72.00,39,33,0.00,0.00,0,0
1508087584,s2-eth1,58172.00,2314.00,60486.00,2314,58172,42.00,29.00,71.00,29,42,0.00,0.00,0,0
1508087584,lo,1023.00,1023.00,2046.00,1023,1023,12.00,12.00,24.00,12,12,0.00,0.00,0,0
1508087584,total,326219.00,343730.00,669949.00,343730,326219,428.00,426.00,854.00,426,428,0.00,0.00,0,0
1508087585,s1,0.00,0.00,0.00,0,0,0.00,0.00,0.00,0,0,0.00,0.00,0,0
1508087585,eth0,760.00,1225.00,1985.00,1225,760,10.00,10.00,20.00,10,10,0.00,0.00,0,0
1508087585,eth1,0.00,0.00,0.00,0,0,0.00,0.00,0.00,0,0,0.00,0.00,0,0
1508087585,s2,0.00,0.00,0.00,0,0,0.00,0.00,0.00,0,0,0.00,0.00,0,0
1508087585,s1-eth2,13412.00,249810.00,263222.00,249810,13412,166.00,165.00,331.00,165,166,0.00,0.00,0,0
1508087585,s1-eth1,251154.00,11978.00,263132.00,11978,251154,173.00,157.00,330.00,157,173,0.00,0.00,0,0
1508087585,s2-eth2,2405.00,40878.00,43283.00,40878,2405,26.00,27.00,53.00,27,26,0.00,0.00,0,0
1508087585,s2-eth1,35087.00,1516.00,36603.00,1516,35087,32.00,20.00,52.00,20,32,0.00,0.00,0,0
1508087585,lo,1877.00,1877.00,3754.00,1877,1877,23.00,23.00,46.00,23,23,0.00,0.00,0,0
1508087585,total,304695.00,307284.00,611979.00,307284,304695,430.00,402.00,832.00,402,430,0.00,0.00,0,0
1508087586,s1,0.00,0.00,0.00,0,0,0.00,0.00,0.00,0,0,0.00,0.00,0,0
1508087586,eth0,151.85,244.76,396.60,245,152,2.00,2.00,4.00,2,2,0.00,0.00,0,0
1508087586,eth1,0.00,0.00,0.00,0,0,0.00,0.00,0.00,0,0,0.00,0.00,0,0
1508087586,s2,0.00,0.00,0.00,0,0,0.00,0.00,0.00,0,0,0.00,0.00,0,0
1508087586,s1-eth2,11948.05,261702.31,273650.34,261964,11960,152.85,173.83,326.67,174,153,0.00,0.00,0,0
1508087586,s1-eth1,249144.86,10983.02,260127.88,10994,249394,169.83,148.85,318.68,149,170,0.00,0.00,0,0
1508087586,s2-eth2,3281.72,39324.68,42606.39,39364,3285,29.97,25.97,55.94,26,30,0.00,0.00,0,0
1508087586,s2-eth1,44482.52,1772.23,46254.75,1774,44527,31.97,22.98,54.95,23,32,0.00,0.00,0,0
1508087586,lo,808.19,808.19,1616.38,809,809,9.99,9.99,19.98,10,10,0.00,0.00,0,0
1508087586,total,309817.19,314835.19,624652.38,315150,310127,396.60,383.62,780.22,384,397,0.00,0.00,0,0
1508087587,s1,0.00,0.00,0.00,0,0,0.00,0.00,0.00,0,0,0.00,0.00,0,0
1508087587,eth0,0.00,0.00,0.00,0,0,0.00,0.00,0.00,0,0,0.00,0.00,0,0
1508087587,eth1,0.00,0.00,0.00,0,0,0.00,0.00,0.00,0,0,0.00,0.00,0,0
1508087587,s2,0.00,0.00,0.00,0,0,0.00,0.00,0.00,0,0,0.00,0.00,0,0
1508087587,s1-eth2,10970.03,246535.47,257505.50,246782,10981,135.86,162.84,298.70,163,136,0.00,0.00,0,0
1508087587,s1-eth1,250228.78,10301.70,260530.48,10312,250479,166.83,133.87,300.70,134,167,0.00,0.00,0,0
1508087587,s2-eth2,2884.12,48399.60,51283.72,48448,2887,30.97,31.97,62.94,32,31,0.00,0.00,0,0
1508087587,s2-eth1,39651.35,2215.78,41867.13,2218,39691,26.97,28.97,55.94,29,27,0.00,0.00,0,0
1508087587,lo,0.00,0.00,0.00,0,0,0.00,0.00,0.00,0,0,0.00,0.00,0,0
1508087587,total,303734.28,307452.56,611186.81,307760,304038,360.64,357.64,718.28,358,361,0.00,0.00,0,0
1508087588,s1,0.00,0.00,0.00,0,0,0.00,0.00,0.00,0,0,0.00,0.00,0,0
1508087588,eth0,0.00,0.00,0.00,0,0,0.00,0.00,0.00,0,0,0.00,0.00,0,0
1508087588,eth1,0.00,0.00,0.00,0,0,0.00,0.00,0.00,0,0,0.00,0.00,0,0
1508087588,s2,0.00,0.00,0.00,0,0,0.00,0.00,0.00,0,0,0.00,0.00,0,0
1508087588,s1-eth2,12948.00,257380.00,270328.00,257380,12948,163.00,170.00,333.00,170,163,0.00,0.00,0,0
1508087588,s1-eth1,250184.00,12574.00,262758.00,12574,250184,167.00,161.00,328.00,161,167,0.00,0.00,0,0
1508087588,s2-eth2,2788.00,48448.00,51236.00,48448,2788,33.00,32.00,65.00,32,33,0.00,0.00,0,0
1508087588,s2-eth1,55220.00,2414.00,57634.00,2414,55220,39.00,31.00,70.00,31,39,0.00,0.00,0,0
1508087588,lo,0.00,0.00,0.00,0,0,0.00,0.00,0.00,0,0,0.00,0.00,0,0
1508087588,total,321140.00,320816.00,641956.00,320816,321140,402.00,394.00,796.00,394,402,0.00,0.00,0,0
1508087589,s1,0.00,0.00,0.00,0,0,0.00,0.00,0.00,0,0,0.00,0.00,0,0
1508087589,eth0,60.00,60.00,120.00,60,60,1.00,1.00,2.00,1,1,0.00,0.00,0,0
1508087589,eth1,0.00,0.00,0.00,0,0,0.00,0.00,0.00,0,0,0.00,0.00,0,0
1508087589,s2,0.00,0.00,0.00,0,0,0.00,0.00,0.00,0,0,0.00,0.00,0,0
1508087589,s1-eth2,12503.00,255866.00,268369.00,255866,12503,159.00,169.00,328.00,169,159,0.00,0.00,0,0
1508087589,s1-eth1,250207.00,12180.00,262387.00,12180,250207,167.00,158.00,325.00,158,167,0.00,0.00,0,0
1508087589,s2-eth2,3453.00,63588.00,67041.00,63588,3453,42.00,42.00,84.00,42,42,0.00,0.00,0,0
1508087589,s2-eth1,54901.00,3056.00,57957.00,3056,54901,38.00,40.00,78.00,40,38,0.00,0.00,0,0
1508087589,lo,0.00,0.00,0.00,0,0,0.00,0.00,0.00,0,0,0.00,0.00,0,0
1508087589,total,321124.00,334750.00,655874.00,334750,321124,407.00,410.00,817.00,410,407,0.00,0.00,0,0
1508087590,s1,0.00,0.00,0.00,0,0,0.00,0.00,0.00,0,0,0.00,0.00,0,0
1508087590,eth0,0.00,0.00,0.00,0,0,0.00,0.00,0.00,0,0,0.00,0.00,0,0
1508087590,eth1,0.00,0.00,0.00,0,0,0.00,0.00,0.00,0,0,0.00,0.00,0,0
1508087590,s2,0.00,0.00,0.00,0,0,0.00,0.00,0.00,0,0,0.00,0.00,0,0
1508087590,s1-eth2,12030.00,258894.00,270924.00,258894,12030,159.00,171.00,330.00,171,159,0.00,0.00,0,0
1508087590,s1-eth1,249810.00,11956.00,261766.00,11956,249810,165.00,158.00,323.00,158,165,0.00,0.00,0,0
1508087590,s2-eth2,2020.00,49962.00,51982.00,49962,2020,26.00,33.00,59.00,33,26,0.00,0.00,0,0
1508087590,s2-eth1,56018.00,2020.00,58038.00,2020,56018,37.00,26.00,63.00,26,37,0.00,0.00,0,0
1508087590,lo,0.00,0.00,0.00,0,0,0.00,0.00,0.00,0,0,0.00,0.00,0,0
1508087590,total,319878.00,322832.00,642710.00,322832,319878,387.00,388.00,775.00,388,387,0.00,0.00,0,0
1508087591,s1,0.00,0.00,0.00,0,0,0.00,0.00,0.00,0,0,0.00,0.00,0,0
1508087591,eth0,0.00,0.00,0.00,0,0,0.00,0.00,0.00,0,0,0.00,0.00,0,0
1508087591,eth1,0.00,0.00,0.00,0,0,0.00,0.00,0.00,0,0,0.00,0.00,0,0
1508087591,s2,0.00,0.00,0.00,0,0,0.00,0.00,0.00,0,0,0.00,0.00,0,0
1508087591,s1-eth2,12344.00,254352.00,266696.00,254352,12344,158.00,168.00,326.00,168,158,0.00,0.00,0,0
1508087591,s1-eth1,250152.00,12002.00,262154.00,12002,250152,166.00,157.00,323.00,157,166,0.00,0.00,0,0
1508087591,s2-eth2,2858.00,69644.00,72502.00,69644,2858,35.00,46.00,81.00,46,35,0.00,0.00,0,0
1508087591,s2-eth1,60560.00,2516.00,63076.00,2516,60560,40.00,34.00,74.00,34,40,0.00,0.00,0,0
1508087591,lo,344.00,344.00,688.00,344,344,6.00,6.00,12.00,6,6,0.00,0.00,0,0
1508087591,total,326258.00,338858.00,665116.00,338858,326258,405.00,411.00,816.00,411,405,0.00,0.00,0,0
1508087592,s1,0.00,0.00,0.00,0,0,0.00,0.00,0.00,0,0,0.00,0.00,0,0
1508087592,eth0,0.00,0.00,0.00,0,0,0.00,0.00,0.00,0,0,0.00,0.00,0,0
1508087592,eth1,0.00,0.00,0.00,0,0,0.00,0.00,0.00,0,0,0.00,0.00,0,0
1508087592,s2,0.00,0.00,0.00,0,0,0.00,0.00,0.00,0,0,0.00,0.00,0,0
1508087592,s1-eth2,12179.00,249810.00,261989.00,249810,12179,157.00,165.00,322.00,165,157,0.00,0.00,0,0
1508087592,s1-eth1,246889.00,12072.00,258961.00,12072,246889,164.00,156.00,320.00,156,164,0.00,0.00,0,0
1508087592,s2-eth2,2741.00,52990.00,55731.00,52990,2741,34.00,35.00,69.00,35,34,0.00,0.00,0,0
1508087592,s2-eth1,56125.00,2634.00,58759.00,2634,56125,38.00,33.00,71.00,33,38,0.00,0.00,0,0
1508087592,lo,0.00,0.00,0.00,0,0,0.00,0.00,0.00,0,0,0.00,0.00,0,0
1508087592,total,317934.00,317506.00,635440.00,317506,317934,393.00,389.00,782.00,389,393,0.00,0.00,0,0
1508087593,s1,0.00,0.00,0.00,0,0,0.00,0.00,0.00,0,0,0.00,0.00,0,0
1508087593,eth0,0.00,0.00,0.00,0,0,0.00,0.00,0.00,0,0,0.00,0.00,0,0
1508087593,eth1,0.00,0.00,0.00,0,0,0.00,0.00,0.00,0,0,0.00,0.00,0,0
1508087593,s2,0.00,0.00,0.00,0,0,0.00,0.00,0.00,0,0,0.00,0.00,0,0
1508087593,s1-eth2,11838.00,258894.00,270732.00,258894,11838,153.00,171.00,324.00,171,153,0.00,0.00,0,0
1508087593,s1-eth1,239282.00,11768.00,251050.00,11768,239282,159.00,152.00,311.00,152,159,0.00,0.00,0,0
1508087593,s2-eth2,2460.00,54504.00,56964.00,54504,2460,32.00,36.00,68.00,36,32,0.00,0.00,0,0
1508087593,s2-eth1,51888.00,2390.00,54278.00,2390,51888,36.00,31.00,67.00,31,36,0.00,0.00,0,0
1508087593,lo,0.00,0.00,0.00,0,0,0.00,0.00,0.00,0,0,0.00,0.00,0,0
1508087593,total,305468.00,327556.00,633024.00,327556,305468,380.00,390.00,770.00,390,380,0.00,0.00,0,0
1508087594,s1,0.00,0.00,0.00,0,0,0.00,0.00,0.00,0,0,0.00,0.00,0,0
1508087594,eth0,0.00,0.00,0.00,0,0,0.00,0.00,0.00,0,0,0.00,0.00,0,0
1508087594,eth1,0.00,0.00,0.00,0,0,0.00,0.00,0.00,0,0,0.00,0.00,0,0
1508087594,s2,0.00,0.00,0.00,0,0,0.00,0.00,0.00,0,0,0.00,0.00,0,0
1508087594,s1-eth2,12382.00,257380.00,269762.00,257380,12382,159.00,170.00,329.00,170,159,0.00,0.00,0,0
1508087594,s1-eth1,249810.00,12040.00,261850.00,12040,249810,165.00,158.00,323.00,158,165,0.00,0.00,0,0
1508087594,s2-eth2,2190.00,39364.00,41554.00,39364,2190,25.00,26.00,51.00,26,25,0.00,0.00,0,0
1508087594,s2-eth1,40878.00,1848.00,42726.00,1848,40878,27.00,24.00,51.00,24,27,0.00,0.00,0,0
1508087594,lo,0.00,0.00,0.00,0,0,0.00,0.00,0.00,0,0,0.00,0.00,0,0
1508087594,total,305260.00,310632.00,615892.00,310632,305260,376.00,378.00,754.00,378,376,0.00,0.00,0,0
1508087595,s1,0.00,0.00,0.00,0,0,0.00,0.00,0.00,0,0,0.00,0.00,0,0
1508087595,eth0,0.00,0.00,0.00,0,0,0.00,0.00,0.00,0,0,0.00,0.00,0,0
1508087595,eth1,0.00,0.00,0.00,0,0,0.00,0.00,0.00,0,0,0.00,0.00,0,0
1508087595,s2,0.00,0.00,0.00,0,0,0.00,0.00,0.00,0,0,0.00,0.00,0,0
1508087595,s1-eth2,12518.00,260408.00,272926.00,260408,12518,163.00,172.00,335.00,172,163,0.00,0.00,0,0
1508087595,s1-eth1,250152.00,12518.00,262670.00,12518,250152,166.00,163.00,329.00,163,166,0.00,0.00,0,0
1508087595,s2-eth2,2314.00,45420.00,47734.00,45420,2314,29.00,30.00,59.00,30,29,0.00,0.00,0,0
1508087595,s2-eth1,42392.00,2388.00,44780.00,2388,42392,28.00,30.00,58.00,30,28,0.00,0.00,0,0
1508087595,lo,0.00,0.00,0.00,0,0,0.00,0.00,0.00,0,0,0.00,0.00,0,0
1508087595,total,307376.00,320734.00,628110.00,320734,307376,386.00,395.00,781.00,395,386,0.00,0.00,0,0
1508087596,s1,0.00,0.00,0.00,0,0,0.00,0.00,0.00,0,0,0.00,0.00,0,0
1508087596,eth0,0.00,0.00,0.00,0,0,0.00,0.00,0.00,0,0,0.00,0.00,0,0
1508087596,eth1,0.00,0.00,0.00,0,0,0.00,0.00,0.00,0,0,0.00,0.00,0,0
1508087596,s2,0.00,0.00,0.00,0,0,0.00,0.00,0.00,0,0,0.00,0.00,0,0
1508087596,s1-eth2,12405.59,257122.89,269528.47,257380,12418,160.84,169.83,330.67,170,161,0.00,0.00,0,0
1508087596,s1-eth1,249560.45,12405.59,261966.05,12418,249810,164.84,160.84,325.67,161,165,0.00,0.00,0,0
1508087596,s2-eth2,2513.49,63524.48,66037.96,63588,2516,33.97,41.96,75.92,42,34,0.00,0.00,0,0
1508087596,s2-eth1,62011.99,2439.56,64451.55,2442,62074,40.96,32.97,73.93,33,41,0.00,0.00,0,0
1508087596,lo,343.66,343.66,687.31,344,344,5.99,5.99,11.99,6,6,0.00,0.00,0,0
1508087596,total,326835.19,335836.19,662671.38,336172,327162,406.59,411.59,818.18,412,407,0.00,0.00,0,0
1508087597,s1,0.00,0.00,0.00,0,0,0.00,0.00,0.00,0,0,0.00,0.00,0,0
1508087597,eth0,0.00,0.00,0.00,0,0,0.00,0.00,0.00,0,0,0.00,0.00,0,0
1508087597,eth1,0.00,0.00,0.00,0,0,0.00,0.00,0.00,0,0,0.00,0.00,0,0
1508087597,s2,0.00,0.00,0.00,0,0,0.00,0.00,0.00,0,0,0.00,0.00,0,0
1508087597,s1-eth2,12302.00,260408.00,272710.00,260408,12302,163.00,172.00,335.00,172,163,0.00,0.00,0,0
1508087597,s1-eth1,249810.00,12302.00,262112.00,12302,249810,165.00,163.00,328.00,163,165,0.00,0.00,0,0
1508087597,s2-eth2,2446.00,65102.00,67548.00,65102,2446,31.00,43.00,74.00,43,31,0.00,0.00,0,0
1508087597,s2-eth1,59046.00,2446.00,61492.00,2446,59046,39.00,31.00,70.00,31,39,0.00,0.00,0,0
1508087597,lo,0.00,0.00,0.00,0,0,0.00,0.00,0.00,0,0,0.00,0.00,0,0
1508087597,total,323604.00,340258.00,663862.00,340258,323604,398.00,409.00,807.00,409,398,0.00,0.00,0,0
1508087598,s1,0.00,0.00,0.00,0,0,0.00,0.00,0.00,0,0,0.00,0.00,0,0
1508087598,eth0,0.00,0.00,0.00,0,0,0.00,0.00,0.00,0,0,0.00,0.00,0,0
1508087598,eth1,0.00,0.00,0.00,0,0,0.00,0.00,0.00,0,0,0.00,0.00,0,0
1508087598,s2,0.00,0.00,0.00,0,0,0.00,0.00,0.00,0,0,0.00,0.00,0,0
1508087598,s1-eth2,12180.00,246782.00,258962.00,246782,12180,156.00,163.00,319.00,163,156,0.00,0.00,0,0
1508087598,s1-eth1,249810.00,12328.00,262138.00,12328,249810,165.00,158.00,323.00,158,165,0.00,0.00,0,0
1508087598,s2-eth2,3598.00,77214.00,80812.00,77214,3598,45.00,51.00,96.00,51,45,0.00,0.00,0,0
1508087598,s2-eth1,74186.00,3256.00,77442.00,3256,74186,49.00,44.00,93.00,44,49,0.00,0.00,0,0
1508087598,lo,0.00,0.00,0.00,0,0,0.00,0.00,0.00,0,0,0.00,0.00,0,0
1508087598,total,339774.00,339580.00,679354.00,339580,339774,415.00,416.00,831.00,416,415,0.00,0.00,0,0
1508087599,s1,0.00,0.00,0.00,0,0,0.00,0.00,0.00,0,0,0.00,0.00,0,0
1508087599,eth0,0.00,0.00,0.00,0,0,0.00,0.00,0.00,0,0,0.00,0.00,0,0
1508087599,eth1,0.00,0.00,0.00,0,0,0.00,0.00,0.00,0,0,0.00,0.00,0,0
1508087599,s2,0.00,0.00,0.00,0,0,0.00,0.00,0.00,0,0,0.00,0.00,0,0
1508087599,s1-eth2,12290.00,261922.00,274212.00,261922,12290,161.00,173.00,334.00,173,161,0.00,0.00,0,0
1508087599,s1-eth1,249810.00,12142.00,261952.00,12142,249810,165.00,159.00,324.00,159,165,0.00,0.00,0,0
1508087599,s2-eth2,2614.00,57574.00,60188.00,57574,2614,33.00,39.00,72.00,39,33,0.00,0.00,0,0
1508087599,s2-eth1,62074.00,2614.00,64688.00,2614,62074,41.00,33.00,74.00,33,41,0.00,0.00,0,0
1508087599,lo,0.00,0.00,0.00,0,0,0.00,0.00,0.00,0,0,0.00,0.00,0,0
1508087599,total,326788.00,334252.00,661040.00,334252,326788,400.00,404.00,804.00,404,400,0.00,0.00,0,0
1508087600,s1,0.00,0.00,0.00,0,0,0.00,0.00,0.00,0,0,0.00,0.00,0,0
1508087600,eth0,0.00,0.00,0.00,0,0,0.00,0.00,0.00,0,0,0.00,0.00,0,0
1508087600,eth1,0.00,0.00,0.00,0,0,0.00,0.00,0.00,0,0,0.00,0.00,0,0
1508087600,s2,0.00,0.00,0.00,0,0,0.00,0.00,0.00,0,0,0.00,0.00,0,0
1508087600,s1-eth2,12385.00,263436.00,275821.00,263436,12385,162.00,174.00,336.00,174,162,0.00,0.00,0,0
1508087600,s1-eth1,250259.00,12278.00,262537.00,12278,250259,167.00,161.00,328.00,161,167,0.00,0.00,0,0
1508087600,s2-eth2,2065.00,45420.00,47485.00,45420,2065,26.00,30.00,56.00,30,26,0.00,0.00,0,0
1508087600,s2-eth1,41027.00,1958.00,42985.00,1958,41027,29.00,25.00,54.00,25,29,0.00,0.00,0,0
1508087600,lo,0.00,0.00,0.00,0,0,0.00,0.00,0.00,0,0,0.00,0.00,0,0
1508087600,total,305736.00,323092.00,628828.00,323092,305736,384.00,390.00,774.00,390,384,0.00,0.00,0,0
1508087601,s1,0.00,0.00,0.00,0,0,0.00,0.00,0.00,0,0,0.00,0.00,0,0
1508087601,eth0,0.00,0.00,0.00,0,0,0.00,0.00,0.00,0,0,0.00,0.00,0,0
1508087601,eth1,0.00,0.00,0.00,0,0,0.00,0.00,0.00,0,0,0.00,0.00,0,0
1508087601,s2,0.00,0.00,0.00,0,0,0.00,0.00,0.00,0,0,0.00,0.00,0,0
1508087601,s1-eth2,11904.00,255866.00,267770.00,255866,11904,154.00,169.00,323.00,169,154,0.00,0.00,0,0
1508087601,s1-eth1,249810.00,11562.00,261372.00,11562,249810,165.00,153.00,318.00,153,165,0.00,0.00,0,0
1508087601,s2-eth2,1256.00,25738.00,26994.00,25738,1256,16.00,17.00,33.00,17,16,0.00,0.00,0,0
1508087601,s2-eth1,24224.00,1256.00,25480.00,1256,24224,16.00,16.00,32.00,16,16,0.00,0.00,0,0
1508087601,lo,344.00,344.00,688.00,344,344,6.00,6.00,12.00,6,6,0.00,0.00,0,0
1508087601,total,287538.00,294766.00,582304.00,294766,287538,357.00,361.00,718.00,361,357,0.00,0.00,0,0
1508087602,s1,0.00,0.00,0.00,0,0,0.00,0.00,0.00,0,0,0.00,0.00,0,0
1508087602,eth0,0.00,0.00,0.00,0,0,0.00,0.00,0.00,0,0,0.00,0.00,0,0
1508087602,eth1,0.00,0.00,0.00,0,0,0.00,0.00,0.00,0,0,0.00,0.00,0,0
1508087602,s2,0.00,0.00,0.00,0,0,0.00,0.00,0.00,0,0,0.00,0.00,0,0
1508087602,s1-eth2,12405.59,251072.94,263478.53,251324,12418,160.84,165.83,326.67,166,161,0.00,0.00,0,0
1508087602,s1-eth1,249560.45,12479.52,262039.97,12492,249810,164.84,161.84,326.67,162,165,0.00,0.00,0,0
1508087602,s2-eth2,1772.23,39324.68,41096.90,39364,1774,22.98,25.97,48.95,26,23,0.00,0.00,0,0
1508087602,s2-eth1,39324.68,1772.23,41096.90,1774,39364,25.97,22.98,48.95,23,26,0.00,0.00,0,0
1508087602,lo,0.00,0.00,0.00,0,0,0.00,0.00,0.00,0,0,0.00,0.00,0,0
1508087602,total,303062.94,304649.34,607712.31,304954,303366,374.63,376.62,751.25,377,375,0.00,0.00,0,0
1508087603,s1,0.00,0.00,0.00,0,0,0.00,0.00,0.00,0,0,0.00,0.00,0,0
1508087603,eth0,0.00,0.00,0.00,0,0,0.00,0.00,0.00,0,0,0.00,0.00,0,0
1508087603,eth1,0.00,0.00,0.00,0,0,0.00,0.00,0.00,0,0,0.00,0.00,0,0
1508087603,s2,0.00,0.00,0.00,0,0,0.00,0.00,0.00,0,0,0.00,0.00,0,0
1508087603,s1-eth2,12472.00,251324.00,263796.00,251324,12472,164.00,166.00,330.00,166,164,0.00,0.00,0,0
1508087603,s1-eth1,251324.00,12398.00,263722.00,12398,251324,166.00,163.00,329.00,163,166,0.00,0.00,0,0
1508087603,s2-eth2,2072.00,49962.00,52034.00,49962,2072,28.00,33.00,61.00,33,28,0.00,0.00,0,0
1508087603,s2-eth1,48448.00,2072.00,50520.00,2072,48448,32.00,28.00,60.00,28,32,0.00,0.00,0,0
1508087603,lo,0.00,0.00,0.00,0,0,0.00,0.00,0.00,0,0,0.00,0.00,0,0
1508087603,total,314316.00,315756.00,630072.00,315756,314316,390.00,390.00,780.00,390,390,0.00,0.00,0,0
1508087604,s1,0.00,0.00,0.00,0,0,0.00,0.00,0.00,0,0,0.00,0.00,0,0
1508087604,eth0,0.00,0.00,0.00,0,0,0.00,0.00,0.00,0,0,0.00,0.00,0,0
1508087604,eth1,0.00,0.00,0.00,0,0,0.00,0.00,0.00,0,0,0.00,0.00,0,0
1508087604,s2,0.00,0.00,0.00,0,0,0.00,0.00,0.00,0,0,0.00,0.00,0,0
1508087604,s1-eth2,12382.00,257380.00,269762.00,257380,12382,161.00,170.00,331.00,170,161,0.00,0.00,0,0
1508087604,s1-eth1,249810.00,12468.00,262278.00,12468,249810,165.00,162.00,327.00,162,165,0.00,0.00,0,0
1508087604,s2-eth2,3144.00,80242.00,83386.00,80242,3144,42.00,53.00,95.00,53,42,0.00,0.00,0,0
1508087604,s2-eth1,74186.00,3144.00,77330.00,3144,74186,49.00,42.00,91.00,42,49,0.00,0.00,0,0
1508087604,lo,0.00,0.00,0.00,0,0,0.00,0.00,0.00,0,0,0.00,0.00,0,0
1508087604,total,339522.00,353234.00,692756.00,353234,339522,417.00,427.00,844.00,427,417,0.00,0.00,0,0
1508087605,s1,0.00,0.00,0.00,0,0,0.00,0.00,0.00,0,0,0.00,0.00,0,0
1508087605,eth0,0.00,0.00,0.00,0,0,0.00,0.00,0.00,0,0,0.00,0.00,0,0
1508087605,eth1,0.00,0.00,0.00,0,0,0.00,0.00,0.00,0,0,0.00,0.00,0,0
1508087605,s2,0.00,0.00,0.00,0,0,0.00,0.00,0.00,0,0,0.00,0.00,0,0
1508087605,s1-eth2,12373.63,260147.86,272521.50,260408,12386,160.84,171.83,332.67,172,161,0.00,0.00,0,0
1508087605,s1-eth1,249560.45,12287.71,261848.16,12300,249810,164.84,159.84,324.68,160,165,0.00,0.00,0,0
1508087605,s2-eth2,2469.53,40837.16,43306.70,40878,2472,29.97,26.97,56.94,27,30,0.00,0.00,0,0
1508087605,s2-eth1,45374.62,2469.53,47844.16,2472,45420,29.97,29.97,59.94,30,30,0.00,0.00,0,0
1508087605,lo,0.00,0.00,0.00,0,0,0.00,0.00,0.00,0,0,0.00,0.00,0,0
1508087605,total,309778.22,315742.28,625520.50,316058,310088,385.61,388.61,774.23,389,386,0.00,0.00,0,0
1508087606,s1,0.00,0.00,0.00,0,0,0.00,0.00,0.00,0,0,0.00,0.00,0,0
1508087606,eth0,0.00,0.00,0.00,0,0,0.00,0.00,0.00,0,0,0.00,0.00,0,0
1508087606,eth1,0.00,0.00,0.00,0,0,0.00,0.00,0.00,0,0,0.00,0.00,0,0
1508087606,s2,0.00,0.00,0.00,0,0,0.00,0.00,0.00,0,0,0.00,0.00,0,0
1508087606,s1-eth2,12089.91,260147.86,272237.78,260408,12102,156.84,171.83,328.67,172,157,0.00,0.00,0,0
1508087606,s1-eth1,249560.45,12089.91,261650.36,12102,249810,164.84,156.84,321.68,157,165,0.00,0.00,0,0
1508087606,s2-eth2,1700.30,51424.58,53124.88,51476,1702,22.98,33.97,56.94,34,23,0.00,0.00,0,0
1508087606,s2-eth1,45716.29,1700.30,47416.59,1702,45762,30.97,22.98,53.95,23,31,0.00,0.00,0,0
1508087606,lo,343.66,343.66,687.31,344,344,5.99,5.99,11.99,6,6,0.00,0.00,0,0
1508087606,total,309410.59,325706.31,635116.88,326032,309720,381.62,391.61,773.23,392,382,0.00,0.00,0,0
1508087607,s1,0.00,0.00,0.00,0,0,0.00,0.00,0.00,0,0,0.00,0.00,0,0
1508087607,eth0,0.00,0.00,0.00,0,0,0.00,0.00,0.00,0,0,0.00,0.00,0,0
1508087607,eth1,0.00,0.00,0.00,0,0,0.00,0.00,0.00,0,0,0.00,0.00,0,0
1508087607,s2,0.00,0.00,0.00,0,0,0.00,0.00,0.00,0,0,0.00,0.00,0,0
1508087607,s1-eth2,12163.84,260147.86,272311.69,260408,12176,159.84,171.83,331.67,172,160,0.00,0.00,0,0
1508087607,s1-eth1,249560.45,12163.84,261724.28,12176,249810,164.84,159.84,324.68,160,165,0.00,0.00,0,0
1508087607,s2-eth2,3076.92,69574.43,72651.35,69644,3080,37.96,45.95,83.92,46,38,0.00,0.00,0,0
1508087607,s2-eth1,71086.91,2735.26,73822.18,2738,71158,46.95,36.96,83.92,37,47,0.00,0.00,0,0
1508087607,lo,0.00,0.00,0.00,0,0,0.00,0.00,0.00,0,0,0.00,0.00,0,0
1508087607,total,335888.12,344621.38,680509.50,344966,336224,409.59,414.59,824.18,415,410,0.00,0.00,0,0
1508087608,s1,0.00,0.00,0.00,0,0,0.00,0.00,0.00,0,0,0.00,0.00,0,0
1508087608,eth0,0.00,0.00,0.00,0,0,0.00,0.00,0.00,0,0,0.00,0.00,0,0
1508087608,eth1,0.00,0.00,0.00,0,0,0.00,0.00,0.00,0,0,0.00,0.00,0,0
1508087608,s2,0.00,0.00,0.00,0,0,0.00,0.00,0.00,0,0,0.00,0.00,0,0
1508087608,s1-eth2,12250.00,255866.00,268116.00,255866,12250,161.00,169.00,330.00,169,161,0.00,0.00,0,0
1508087608,s1-eth1,249810.00,12324.00,262134.00,12324,249810,165.00,162.00,327.00,162,165,0.00,0.00,0,0
1508087608,s2-eth2,3478.00,93868.00,97346.00,93868,3478,47.00,62.00,109.00,62,47,0.00,0.00,0,0
1508087608,s2-eth1,86298.00,3478.00,89776.00,3478,86298,57.00,47.00,104.00,47,57,0.00,0.00,0,0
1508087608,lo,0.00,0.00,0.00,0,0,0.00,0.00,0.00,0,0,0.00,0.00,0,0
1508087608,total,351836.00,365536.00,717372.00,365536,351836,430.00,440.00,870.00,440,430,0.00,0.00,0,0
1508087609,s1,0.00,0.00,0.00,0,0,0.00,0.00,0.00,0,0,0.00,0.00,0,0
1508087609,eth0,0.00,0.00,0.00,0,0,0.00,0.00,0.00,0,0,0.00,0.00,0,0
1508087609,eth1,0.00,0.00,0.00,0,0,0.00,0.00,0.00,0,0,0.00,0.00,0,0
1508087609,s2,0.00,0.00,0.00,0,0,0.00,0.00,0.00,0,0,0.00,0.00,0,0
1508087609,s1-eth2,12834.00,257380.00,270214.00,257380,12834,163.00,170.00,333.00,170,163,0.00,0.00,0,0
1508087609,s1-eth1,251324.00,12418.00,263742.00,12418,251324,166.00,161.00,327.00,161,166,0.00,0.00,0,0
1508087609,s2-eth2,3628.00,95382.00,99010.00,95382,3628,46.00,63.00,109.00,63,46,0.00,0.00,0,0
1508087609,s2-eth1,99924.00,3628.00,103552.00,3628,99924,66.00,46.00,112.00,46,66,0.00,0.00,0,0
1508087609,lo,0.00,0.00,0.00,0,0,0.00,0.00,0.00,0,0,0.00,0.00,0,0
1508087609,total,367710.00,368808.00,736518.00,368808,367710,441.00,440.00,881.00,440,441,0.00,0.00,0,0
1508087610,s1,0.00,0.00,0.00,0,0,0.00,0.00,0.00,0,0,0.00,0.00,0,0
1508087610,eth0,0.00,0.00,0.00,0,0,0.00,0.00,0.00,0,0,0.00,0.00,0,0
1508087610,eth1,0.00,0.00,0.00,0,0,0.00,0.00,0.00,0,0,0.00,0.00,0,0
1508087610,s2,0.00,0.00,0.00,0,0,0.00,0.00,0.00,0,0,0.00,0.00,0,0
1508087610,s1-eth2,12538.00,257380.00,269918.00,257380,12538,163.00,170.00,333.00,170,163,0.00,0.00,0,0
1508087610,s1-eth1,249810.00,12538.00,262348.00,12538,249810,165.00,163.00,328.00,163,165,0.00,0.00,0,0
1508087610,s2-eth2,3250.00,62074.00,65324.00,62074,3250,41.00,41.00,82.00,41,41,0.00,0.00,0,0
1508087610,s2-eth1,54504.00,3250.00,57754.00,3250,54504,36.00,41.00,77.00,41,36,0.00,0.00,0,0
1508087610,lo,0.00,0.00,0.00,0,0,0.00,0.00,0.00,0,0,0.00,0.00,0,0
1508087610,total,320102.00,335242.00,655344.00,335242,320102,405.00,415.00,820.00,415,405,0.00,0.00,0,0
1508087611,s1,0.00,0.00,0.00,0,0,0.00,0.00,0.00,0,0,0.00,0.00,0,0
1508087611,eth0,0.00,0.00,0.00,0,0,0.00,0.00,0.00,0,0,0.00,0.00,0,0
1508087611,eth1,0.00,0.00,0.00,0,0,0.00,0.00,0.00,0,0,0.00,0.00,0,0
1508087611,s2,0.00,0.00,0.00,0,0,0.00,0.00,0.00,0,0,0.00,0.00,0,0
1508087611,s1-eth2,12094.00,260408.00,272502.00,260408,12094,161.00,172.00,333.00,172,161,0.00,0.00,0,0
1508087611,s1-eth1,249810.00,12094.00,261904.00,12094,249810,165.00,161.00,326.00,161,165,0.00,0.00,0,0
1508087611,s2-eth2,2538.00,52990.00,55528.00,52990,2538,33.00,35.00,68.00,35,33,0.00,0.00,0,0
1508087611,s2-eth1,60560.00,2538.00,63098.00,2538,60560,40.00,33.00,73.00,33,40,0.00,0.00,0,0
1508087611,lo,344.00,344.00,688.00,344,344,6.00,6.00,12.00,6,6,0.00,0.00,0,0
1508087611,total,325346.00,328374.00,653720.00,328374,325346,405.00,407.00,812.00,407,405,0.00,0.00,0,0
1508087612,s1,0.00,0.00,0.00,0,0,0.00,0.00,0.00,0,0,0.00,0.00,0,0
1508087612,eth0,0.00,0.00,0.00,0,0,0.00,0.00,0.00,0,0,0.00,0.00,0,0
1508087612,eth1,0.00,0.00,0.00,0,0,0.00,0.00,0.00,0,0,0.00,0.00,0,0
1508087612,s2,0.00,0.00,0.00,0,0,0.00,0.00,0.00,0,0,0.00,0.00,0,0
1508087612,s1-eth2,12696.00,251324.00,264020.00,251324,12696,160.00,166.00,326.00,166,160,0.00,0.00,0,0
1508087612,s1-eth1,249810.00,12696.00,262506.00,12696,249810,165.00,160.00,325.00,160,165,0.00,0.00,0,0
1508087612,s2-eth2,3404.00,75700.00,79104.00,75700,3404,46.00,50.00,96.00,50,46,0.00,0.00,0,0
1508087612,s2-eth1,68130.00,3404.00,71534.00,3404,68130,45.00,46.00,91.00,46,45,0.00,0.00,0,0
1508087612,lo,0.00,0.00,0.00,0,0,0.00,0.00,0.00,0,0,0.00,0.00,0,0
1508087612,total,334040.00,343124.00,677164.00,343124,334040,416.00,422.00,838.00,422,416,0.00,0.00,0,0
1508087613,s1,0.00,0.00,0.00,0,0,0.00,0.00,0.00,0,0,0.00,0.00,0,0
1508087613,eth0,0.00,0.00,0.00,0,0,0.00,0.00,0.00,0,0,0.00,0.00,0,0
1508087613,eth1,0.00,0.00,0.00,0,0,0.00,0.00,0.00,0,0,0.00,0.00,0,0
1508087613,s2,0.00,0.00,0.00,0,0,0.00,0.00,0.00,0,0,0.00,0.00,0,0
1508087613,s1-eth2,12605.39,264685.31,277290.72,264950,12618,160.84,174.83,335.66,175,161,0.00,0.00,0,0
1508087613,s1-eth1,249902.11,12605.39,262507.50,12618,250152,165.83,160.84,326.67,161,166,0.00,0.00,0,0
1508087613,s2-eth2,2217.78,87724.28,89942.06,87812,2220,29.97,57.94,87.91,58,30,0.00,0.00,0,0
1508087613,s2-eth1,92261.74,2217.78,94479.52,2220,92354,60.94,29.97,90.91,30,61,0.00,0.00,0,0
1508087613,lo,0.00,0.00,0.00,0,0,0.00,0.00,0.00,0,0,0.00,0.00,0,0
1508087613,total,356987.03,367232.78,724219.81,367600,357344,417.58,423.58,841.16,424,418,0.00,0.00,0,0
1508087614,s1,0.00,0.00,0.00,0,0,0.00,0.00,0.00,0,0,0.00,0.00,0,0
1508087614,eth0,0.00,0.00,0.00,0,0,0.00,0.00,0.00,0,0,0.00,0.00,0,0
1508087614,eth1,0.00,0.00,0.00,0,0,0.00,0.00,0.00,0,0,0.00,0.00,0,0
1508087614,s2,0.00,0.00,0.00,0,0,0.00,0.00,0.00,0,0,0.00,0.00,0,0
1508087614,s1-eth2,12226.00,260408.00,272634.00,260408,12226,159.00,172.00,331.00,172,159,0.00,0.00,0,0
1508087614,s1-eth1,249810.00,12300.00,262110.00,12300,249810,165.00,160.00,325.00,160,165,0.00,0.00,0,0
1508087614,s2-eth2,3542.00,95382.00,98924.00,95382,3542,45.00,63.00,108.00,63,45,0.00,0.00,0,0
1508087614,s2-eth1,83612.00,3542.00,87154.00,3542,83612,56.00,45.00,101.00,45,56,0.00,0.00,0,0
1508087614,lo,0.00,0.00,0.00,0,0,0.00,0.00,0.00,0,0,0.00,0.00,0,0
1508087614,total,349190.00,371632.00,720822.00,371632,349190,425.00,440.00,865.00,440,425,0.00,0.00,0,0
1508087615,s1,0.00,0.00,0.00,0,0,0.00,0.00,0.00,0,0,0.00,0.00,0,0
1508087615,eth0,0.00,0.00,0.00,0,0,0.00,0.00,0.00,0,0,0.00,0.00,0,0
1508087615,eth1,0.00,0.00,0.00,0,0,0.00,0.00,0.00,0,0,0.00,0.00,0,0
1508087615,s2,0.00,0.00,0.00,0,0,0.00,0.00,0.00,0,0,0.00,0.00,0,0
1508087615,s1-eth2,12544.00,263436.00,275980.00,263436,12544,164.00,174.00,338.00,174,164,0.00,0.00,0,0
1508087615,s1-eth1,251324.00,12470.00,263794.00,12470,251324,166.00,163.00,329.00,163,166,0.00,0.00,0,0
1508087615,s2-eth2,3400.00,89326.00,92726.00,89326,3400,44.00,59.00,103.00,59,44,0.00,0.00,0,0
1508087615,s2-eth1,93868.00,3400.00,97268.00,3400,93868,62.00,44.00,106.00,44,62,0.00,0.00,0,0
1508087615,lo,0.00,0.00,0.00,0,0,0.00,0.00,0.00,0,0,0.00,0.00,0,0
1508087615,total,361136.00,368632.00,729768.00,368632,361136,436.00,440.00,876.00,440,436,0.00,0.00,0,0
1508087616,s1,0.00,0.00,0.00,0,0,0.00,0.00,0.00,0,0,0.00,0.00,0,0
1508087616,eth0,0.00,0.00,0.00,0,0,0.00,0.00,0.00,0,0,0.00,0.00,0,0
1508087616,eth1,0.00,0.00,0.00,0,0,0.00,0.00,0.00,0,0,0.00,0.00,0,0
1508087616,s2,0.00,0.00,0.00,0,0,0.00,0.00,0.00,0,0,0.00,0.00,0,0
1508087616,s1-eth2,12209.00,254352.00,266561.00,254352,12209,160.00,168.00,328.00,168,160,0.00,0.00,0,0
1508087616,s1-eth1,249917.00,12102.00,262019.00,12102,249917,166.00,159.00,325.00,159,166,0.00,0.00,0,0
1508087616,s2-eth2,4765.00,96896.00,101661.00,96896,4765,62.00,64.00,126.00,64,62,0.00,0.00,0,0
1508087616,s2-eth1,93975.00,4658.00,98633.00,4658,93975,63.00,61.00,124.00,61,63,0.00,0.00,0,0
1508087616,lo,344.00,344.00,688.00,344,344,6.00,6.00,12.00,6,6,0.00,0.00,0,0
1508087616,total,361210.00,368352.00,729562.00,368352,361210,457.00,458.00,915.00,458,457,0.00,0.00,0,0
1508087617,s1,0.00,0.00,0.00,0,0,0.00,0.00,0.00,0,0,0.00,0.00,0,0
1508087617,eth0,0.00,0.00,0.00,0,0,0.00,0.00,0.00,0,0,0.00,0.00,0,0
1508087617,eth1,0.00,0.00,0.00,0,0,0.00,0.00,0.00,0,0,0.00,0.00,0,0
1508087617,s2,0.00,0.00,0.00,0,0,0.00,0.00,0.00,0,0,0.00,0.00,0,0
1508087617,s1-eth2,1792.00,22900.00,24692.00,22900,1792,24.00,18.00,42.00,18,24,0.00,0.00,0,0
1508087617,s1-eth1,31984.00,1792.00,33776.00,1792,31984,24.00,24.00,48.00,24,24,0.00,0.00,0,0
1508087617,s2-eth2,752.00,7464.00,8216.00,7464,752,10.00,8.00,18.00,8,10,0.00,0.00,0,0
1508087617,s2-eth1,15034.00,752.00,15786.00,752,15034,13.00,10.00,23.00,10,13,0.00,0.00,0,0
1508087617,lo,0.00,0.00,0.00,0,0,0.00,0.00,0.00,0,0,0.00,0.00,0,0
1508087617,total,49562.00,32908.00,82470.00,32908,49562,71.00,60.00,131.00,60,71,0.00,0.00,0,0
1508087618,s1,0.00,0.00,0.00,0,0,0.00,0.00,0.00,0,0,0.00,0.00,0,0
1508087618,eth0,0.00,0.00,0.00,0,0,0.00,0.00,0.00,0,0,0.00,0.00,0,0
1508087618,eth1,0.00,0.00,0.00,0,0,0.00,0.00,0.00,0,0,0.00,0.00,0,0
1508087618,s2,0.00,0.00,0.00,0,0,0.00,0.00,0.00,0,0,0.00,0.00,0,0
1508087618,s1-eth2,342.00,0.00,342.00,0,342,1.00,0.00,1.00,0,1,0.00,0.00,0,0
1508087618,s1-eth1,0.00,0.00,0.00,0,0,0.00,0.00,0.00,0,0,0.00,0.00,0,0
1508087618,s2-eth2,0.00,0.00,0.00,0,0,0.00,0.00,0.00,0,0,0.00,0.00,0,0
1508087618,s2-eth1,0.00,0.00,0.00,0,0,0.00,0.00,0.00,0,0,0.00,0.00,0,0
1508087618,lo,0.00,0.00,0.00,0,0,0.00,0.00,0.00,0,0,0.00,0.00,0,0
1508087618,total,342.00,0.00,342.00,0,342,1.00,0.00,1.00,0,1,0.00,0.00,0,0
1508087619,s1,0.00,0.00,0.00,0,0,0.00,0.00,0.00,0,0,0.00,0.00,0,0
1508087619,eth0,0.00,0.00,0.00,0,0,0.00,0.00,0.00,0,0,0.00,0.00,0,0
1508087619,eth1,0.00,0.00,0.00,0,0,0.00,0.00,0.00,0,0,0.00,0.00,0,0
1508087619,s2,0.00,0.00,0.00,0,0,0.00,0.00,0.00,0,0,0.00,0.00,0,0
1508087619,s1-eth2,0.00,0.00,0.00,0,0,0.00,0.00,0.00,0,0,0.00,0.00,0,0
1508087619,s1-eth1,0.00,0.00,0.00,0,0,0.00,0.00,0.00,0,0,0.00,0.00,0,0
1508087619,s2-eth2,0.00,0.00,0.00,0,0,0.00,0.00,0.00,0,0,0.00,0.00,0,0
1508087619,s2-eth1,0.00,0.00,0.00,0,0,0.00,0.00,0.00,0,0,0.00,0.00,0,0
1508087619,lo,0.00,0.00,0.00,0,0,0.00,0.00,0.00,0,0,0.00,0.00,0,0
1508087619,total,0.00,0.00,0.00,0,0,0.00,0.00,0.00,0,0,0.00,0.00,0,0
1508087620,s1,0.00,0.00,0.00,0,0,0.00,0.00,0.00,0,0,0.00,0.00,0,0
1508087620,eth0,0.00,0.00,0.00,0,0,0.00,0.00,0.00,0,0,0.00,0.00,0,0
1508087620,eth1,0.00,0.00,0.00,0,0,0.00,0.00,0.00,0,0,0.00,0.00,0,0
1508087620,s2,0.00,0.00,0.00,0,0,0.00,0.00,0.00,0,0,0.00,0.00,0,0
1508087620,s1-eth2,0.00,0.00,0.00,0,0,0.00,0.00,0.00,0,0,0.00,0.00,0,0
1508087620,s1-eth1,0.00,0.00,0.00,0,0,0.00,0.00,0.00,0,0,0.00,0.00,0,0
1508087620,s2-eth2,0.00,0.00,0.00,0,0,0.00,0.00,0.00,0,0,0.00,0.00,0,0
1508087620,s2-eth1,0.00,0.00,0.00,0,0,0.00,0.00,0.00,0,0,0.00,0.00,0,0
1508087620,lo,0.00,0.00,0.00,0,0,0.00,0.00,0.00,0,0,0.00,0.00,0,0
1508087620,total,0.00,0.00,0.00,0,0,0.00,0.00,0.00,0,0,0.00,0.00,0,0
1508087621,s1,0.00,0.00,0.00,0,0,0.00,0.00,0.00,0,0,0.00,0.00,0,0
1508087621,eth0,0.00,0.00,0.00,0,0,0.00,0.00,0.00,0,0,0.00,0.00,0,0
1508087621,eth1,0.00,0.00,0.00,0,0,0.00,0.00,0.00,0,0,0.00,0.00,0,0
1508087621,s2,0.00,0.00,0.00,0,0,0.00,0.00,0.00,0,0,0.00,0.00,0,0
1508087621,s1-eth2,0.00,0.00,0.00,0,0,0.00,0.00,0.00,0,0,0.00,0.00,0,0
1508087621,s1-eth1,0.00,0.00,0.00,0,0,0.00,0.00,0.00,0,0,0.00,0.00,0,0
1508087621,s2-eth2,0.00,0.00,0.00,0,0,0.00,0.00,0.00,0,0,0.00,0.00,0,0
1508087621,s2-eth1,0.00,0.00,0.00,0,0,0.00,0.00,0.00,0,0,0.00,0.00,0,0
1508087621,lo,344.00,344.00,688.00,344,344,6.00,6.00,12.00,6,6,0.00,0.00,0,0
1508087621,total,344.00,344.00,688.00,344,344,6.00,6.00,12.00,6,6,0.00,0.00,0,0
1508087622,s1,0.00,0.00,0.00,0,0,0.00,0.00,0.00,0,0,0.00,0.00,0,0
1508087622,eth0,0.00,0.00,0.00,0,0,0.00,0.00,0.00,0,0,0.00,0.00,0,0
1508087622,eth1,0.00,0.00,0.00,0,0,0.00,0.00,0.00,0,0,0.00,0.00,0,0
1508087622,s2,0.00,0.00,0.00,0,0,0.00,0.00,0.00,0,0,0.00,0.00,0,0
1508087622,s1-eth2,0.00,0.00,0.00,0,0,0.00,0.00,0.00