1508085614,s5,0.00,0.00,0.00,0,0,0.00,0.00,0.00,0,0,0.00,0.00,0,0
1508085614,s1,0.00,0.00,0.00,0,0,0.00,0.00,0.00,0,0,0.00,0.00,0,0
1508085614,eth0,0.00,0.00,0.00,0,0,0.00,0.00,0.00,0,0,0.00,0.00,0,0
1508085614,eth1,0.00,0.00,0.00,0,0,0.00,0.00,0.00,0,0,0.00,0.00,0,0
1508085614,s2,0.00,0.00,0.00,0,0,0.00,0.00,0.00,0,0,0.00,0.00,0,0
1508085614,s1-eth2,0.00,0.00,0.00,0,0,0.00,0.00,0.00,0,0,0.00,0.00,0,0
1508085614,s1-eth1,0.00,0.00,0.00,0,0,0.00,0.00,0.00,0,0,0.00,0.00,0,0
1508085614,s2-eth2,0.00,0.00,0.00,0,0,0.00,0.00,0.00,0,0,0.00,0.00,0,0
1508085614,s2-eth1,0.00,0.00,0.00,0,0,0.00,0.00,0.00,0,0,0.00,0.00,0,0
1508085614,lo,0.00,0.00,0.00,0,0,0.00,0.00,0.00,0,0,0.00,0.00,0,0
1508085614,s4,0.00,0.00,0.00,0,0,0.00,0.00,0.00,0,0,0.00,0.00,0,0
1508085614,total,0.00,0.00,0.00,0,0,0.00,0.00,0.00,0,0,0.00,0.00,0,0
1508085615,s5,0.00,0.00,0.00,0,0,0.00,0.00,0.00,0,0,0.00,0.00,0,0
1508085615,s1,250.00,340.00,590.00,340,250,3.00,4.00,7.00,4,3,0.00,0.00,0,0
1508085615,eth0,760.00,1470.00,2230.00,1470,760,10.00,12.00,22.00,12,10,0.00,0.00,0,0
1508085615,eth1,0.00,0.00,0.00,0,0,0.00,0.00,0.00,0,0,0.00,0.00,0,0
1508085615,s2,160.00,340.00,500.00,340,160,2.00,4.00,6.00,4,2,0.00,0.00,0,0
1508085615,s1-eth2,12048.00,257470.00,269518.00,257470,12048,136.00,171.00,307.00,171,136,0.00,0.00,0,0
1508085615,s1-eth1,249228.00,9510.00,258738.00,9510,249228,178.00,123.00,301.00,123,178,0.00,0.00,0,0
1508085615,s2-eth2,1409.00,90.00,1499.00,90,1409,12.00,1.00,13.00,1,12,0.00,0.00,0,0
1508085615,s2-eth1,1739.00,250.00,1989.00,250,1739,10.00,3.00,13.00,3,10,0.00,0.00,0,0
1508085615,lo,5586.00,5586.00,11172.00,5586,5586,61.00,61.00,122.00,61,61,0.00,0.00,0,0
1508085615,s4,0.00,0.00,0.00,0,0,0.00,0.00,0.00,0,0,0.00,0.00,0,0
1508085615,total,271180.00,275056.00,546236.00,275056,271180,412.00,379.00,791.00,379,412,0.00,0.00,0,0
1508085616,s5,0.00,0.00,0.00,0,0,0.00,0.00,0.00,0,0,0.00,0.00,0,0
1508085616,s1,0.00,0.00,0.00,0,0,0.00,0.00,0.00,0,0,0.00,0.00,0,0
1508085616,eth0,152.00,245.00,397.00,245,152,2.00,2.00,4.00,2,2,0.00,0.00,0,0
1508085616,eth1,0.00,0.00,0.00,0,0,0.00,0.00,0.00,0,0,0.00,0.00,0,0
1508085616,s2,90.00,0.00,90.00,0,90,1.00,0.00,1.00,0,1,0.00,0.00,0,0
1508085616,s1-eth2,9102.00,255866.00,264968.00,255866,9102,116.00,169.00,285.00,169,116,0.00,0.00,0,0
1508085616,s1-eth1,250104.00,8808.00,258912.00,8808,250104,167.00,114.00,281.00,114,167,0.00,0.00,0,0
1508085616,s2-eth2,1646.00,0.00,1646.00,0,1646,7.00,0.00,7.00,0,7,0.00,0.00,0,0
1508085616,s2-eth1,1163.00,0.00,1163.00,0,1163,6.00,0.00,6.00,0,6,0.00,0.00,0,0
1508085616,lo,629.00,629.00,1258.00,629,629,7.00,7.00,14.00,7,7,0.00,0.00,0,0
1508085616,s4,0.00,0.00,0.00,0,0,0.00,0.00,0.00,0,0,0.00,0.00,0,0
1508085616,total,262886.00,265548.00,528434.00,265548,262886,306.00,292.00,598.00,292,306,0.00,0.00,0,0
1508085617,s5,0.00,0.00,0.00,0,0,0.00,0.00,0.00,0,0,0.00,0.00,0,0
1508085617,s1,0.00,0.00,0.00,0,0,0.00,0.00,0.00,0,0,0.00,0.00,0,0
1508085617,eth0,0.00,0.00,0.00,0,0,0.00,0.00,0.00,0,0,0.00,0.00,0,0
1508085617,eth1,0.00,0.00,0.00,0,0,0.00,0.00,0.00,0,0,0.00,0.00,0,0
1508085617,s2,0.00,0.00,0.00,0,0,0.00,0.00,0.00,0,0,0.00,0.00,0,0
1508085617,s1-eth2,9223.00,254352.00,263575.00,254352,9223,117.00,168.00,285.00,168,117,0.00,0.00,0,0
1508085617,s1-eth1,250137.00,8896.00,259033.00,8896,250137,166.00,116.00,282.00,116,166,0.00,0.00,0,0
1508085617,s2-eth2,514.00,0.00,514.00,0,514,2.00,0.00,2.00,0,2,0.00,0.00,0,0
1508085617,s2-eth1,327.00,0.00,327.00,0,327,1.00,0.00,1.00,0,1,0.00,0.00,0,0
1508085617,lo,0.00,0.00,0.00,0,0,0.00,0.00,0.00,0,0,0.00,0.00,0,0
1508085617,s4,0.00,0.00,0.00,0,0,0.00,0.00,0.00,0,0,0.00,0.00,0,0
1508085617,total,260201.00,263248.00,523449.00,263248,260201,286.00,284.00,570.00,284,286,0.00,0.00,0,0
1508085618,s5,0.00,0.00,0.00,0,0,0.00,0.00,0.00,0,0,0.00,0.00,0,0
1508085618,s1,0.00,69.93,69.93,70,0,0.00,1.00,1.00,1,0,0.00,0.00,0,0
1508085618,eth0,59.94,59.94,119.88,60,60,1.00,1.00,2.00,1,1,0.00,0.00,0,0
1508085618,eth1,0.00,0.00,0.00,0,0,0.00,0.00,0.00,0,0,0.00,0.00,0,0
1508085618,s2,0.00,69.93,69.93,70,0,0.00,1.00,1.00,1,0,0.00,0.00,0,0
1508085618,s1-eth2,9528.47,199718.28,209246.77,199918,9538,117.88,132.87,250.75,133,118,0.00,0.00,0,0
1508085618,s1-eth1,189504.50,9084.92,198589.42,9094,189694,127.87,114.89,242.76,115,128,0.00,0.00,0,0
1508085618,s2-eth2,106.89,69.93,176.82,70,107,1.00,1.00,2.00,1,1,0.00,0.00,0,0
1508085618,s2-eth1,443.56,0.00,443.56,0,444,3.00,0.00,3.00,0,3,0.00,0.00,0,0
1508085618,lo,879.12,879.12,1758.24,880,880,11.99,11.99,23.98,12,12,0.00,0.00,0,0
1508085618,s4,0.00,0.00,0.00,0,0,0.00,0.00,0.00,0,0,0.00,0.00,0,0
1508085618,total,200522.48,209952.05,410474.53,210162,200723,262.74,263.74,526.47,264,263,0.00,0.00,0,0
1508085619,s5,0.00,0.00,0.00,0,0,0.00,0.00,0.00,0,0,0.00,0.00,0,0
1508085619,s1,70.00,70.00,140.00,70,70,1.00,1.00,2.00,1,1,0.00,0.00,0,0
1508085619,eth0,0.00,0.00,0.00,0,0,0.00,0.00,0.00,0,0,0.00,0.00,0,0
1508085619,eth1,0.00,0.00,0.00,0,0,0.00,0.00,0.00,0,0,0.00,0.00,0,0
1508085619,s2,70.00,70.00,140.00,70,70,1.00,1.00,2.00,1,1,0.00,0.00,0,0
1508085619,s1-eth2,10595.00,261922.00,272517.00,261922,10595,135.00,173.00,308.00,173,135,0.00,0.00,0,0
1508085619,s1-eth1,251791.00,10198.00,261989.00,10198,251791,169.00,133.00,302.00,133,169,0.00,0.00,0,0
1508085619,s2-eth2,804.00,0.00,804.00,0,804,5.00,0.00,5.00,0,5,0.00,0.00,0,0
1508085619,s2-eth1,467.00,70.00,537.00,70,467,3.00,1.00,4.00,1,3,0.00,0.00,0,0
1508085619,lo,1072.00,1072.00,2144.00,1072,1072,12.00,12.00,24.00,12,12,0.00,0.00,0,0
1508085619,s4,0.00,0.00,0.00,0,0,0.00,0.00,0.00,0,0,0.00,0.00,0,0
1508085619,total,264869.00,273402.00,538271.00,273402,264869,326.00,321.00,647.00,321,326,0.00,0.00,0,0
1508085620,s5,0.00,0.00,0.00,0,0,0.00,0.00,0.00,0,0,0.00,0.00,0,0
1508085620,s1,0.00,0.00,0.00,0,0,0.00,0.00,0.00,0,0,0.00,0.00,0,0
1508085620,eth0,0.00,0.00,0.00,0,0,0.00,0.00,0.00,0,0,0.00,0.00,0,0
1508085620,eth1,0.00,0.00,0.00,0,0,0.00,0.00,0.00,0,0,0.00,0.00,0,0
1508085620,s2,0.00,0.00,0.00,0,0,0.00,0.00,0.00,0,0,0.00,0.00,0,0
1508085620,s1-eth2,8698.00,254352.00,263050.00,254352,8698,113.00,168.00,281.00,168,113,0.00,0.00,0,0
1508085620,s1-eth1,249810.00,8698.00,258508.00,8698,249810,165.00,113.00,278.00,113,165,0.00,0.00,0,0
1508085620,s2-eth2,342.00,0.00,342.00,0,342,1.00,0.00,1.00,0,1,0.00,0.00,0,0
1508085620,s2-eth1,0.00,0.00,0.00,0,0,0.00,0.00,0.00,0,0,0.00,0.00,0,0
1508085620,lo,0.00,0.00,0.00,0,0,0.00,0.00,0.00,0,0,0.00,0.00,0,0
1508085620,s4,0.00,0.00,0.00,0,0,0.00,0.00,0.00,0,0,0.00,0.00,0,0
1508085620,total,258850.00,263050.00,521900.00,263050,258850,279.00,281.00,560.00,281,279,0.00,0.00,0,0
1508085621,s5,0.00,0.00,0.00,0,0,0.00,0.00,0.00,0,0,0.00,0.00,0,0
1508085621,s1,0.00,0.00,0.00,0,0,0.00,0.00,0.00,0,0,0.00,0.00,0,0
1508085621,eth0,0.00,0.00,0.00,0,0,0.00,0.00,0.00,0,0,0.00,0.00,0,0
1508085621,eth1,0.00,0.00,0.00,0,0,0.00,0.00,0.00,0,0,0.00,0.00,0,0
1508085621,s2,0.00,0.00,0.00,0,0,0.00,0.00,0.00,0,0,0.00,0.00,0,0
1508085621,s1-eth2,10112.00,257380.00,267492.00,257380,10112,130.00,170.00,300.00,170,130,0.00,0.00,0,0
1508085621,s1-eth1,249810.00,10112.00,259922.00,10112,249810,165.00,130.00,295.00,130,165,0.00,0.00,0,0
1508085621,s2-eth2,0.00,0.00,0.00,0,0,0.00,0.00,0.00,0,0,0.00,0.00,0,0
1508085621,s2-eth1,342.00,0.00,342.00,0,342,1.00,0.00,1.00,0,1,0.00,0.00,0,0
1508085621,lo,0.00,0.00,0.00,0,0,0.00,0.00,0.00,0,0,0.00,0.00,0,0
1508085621,s4,0.00,0.00,0.00,0,0,0.00,0.00,0.00,0,0,0.00,0.00,0,0
1508085621,total,260264.00,267492.00,527756.00,267492,260264,296.00,300.00,596.00,300,296,0.00,0.00,0,0
1508085622,s5,0.00,0.00,0.00,0,0,0.00,0.00,0.00,0,0,0.00,0.00,0,0
1508085622,s1,0.00,70.00,70.00,70,0,0.00,1.00,1.00,1,0,0.00,0.00,0,0
1508085622,eth0,0.00,0.00,0.00,0,0,0.00,0.00,0.00,0,0,0.00,0.00,0,0
1508085622,eth1,0.00,0.00,0.00,0,0,0.00,0.00,0.00,0,0,0.00,0.00,0,0
1508085622,s2,0.00,70.00,70.00,70,0,0.00,1.00,1.00,1,0,0.00,0.00,0,0
1508085622,s1-eth2,9025.00,260478.00,269503.00,260478,9025,114.00,173.00,287.00,173,114,0.00,0.00,0,0
1508085622,s1-eth1,249987.00,8576.00,258563.00,8576,249987,167.00,112.00,279.00,112,167,0.00,0.00,0,0
1508085622,s2-eth2,107.00,70.00,177.00,70,107,1.00,1.00,2.00,1,1,0.00,0.00,0,0
1508085622,s2-eth1,177.00,0.00,177.00,0,177,2.00,0.00,2.00,0,2,0.00,0.00,0,0
1508085622,lo,536.00,536.00,1072.00,536,536,6.00,6.00,12.00,6,6,0.00,0.00,0,0
1508085622,s4,0.00,0.00,0.00,0,0,0.00,0.00,0.00,0,0,0.00,0.00,0,0
1508085622,total,259832.00,269800.00,529632.00,269800,259832,290.00,294.00,584.00,294,290,0.00,0.00,0,0
1508085623,s5,0.00,0.00,0.00,0,0,0.00,0.00,0.00,0,0,0.00,0.00,0,0
1508085623,s1,69.93,69.93,139.86,70,70,1.00,1.00,2.00,1,1,0.00,0.00,0,0
1508085623,eth0,0.00,0.00,0.00,0,0,0.00,0.00,0.00,0,0,0.00,0.00,0,0
1508085623,eth1,0.00,0.00,0.00,0,0,0.00,0.00,0.00,0,0,0.00,0.00,0,0
1508085623,s2,69.93,69.93,139.86,70,70,1.00,1.00,2.00,1,1,0.00,0.00,0,0
1508085623,s1-eth2,7592.41,257122.89,264715.28,257380,7600,99.90,169.83,269.73,170,100,0.00,0.00,0,0
1508085623,s1-eth1,249700.31,7452.55,257152.86,7460,249950,166.83,97.90,264.74,98,167,0.00,0.00,0,0
1508085623,s2-eth2,209.79,0.00,209.79,0,210,3.00,0.00,3.00,0,3,0.00,0.00,0,0
1508085623,s2-eth1,69.93,69.93,139.86,70,70,1.00,1.00,2.00,1,1,0.00,0.00,0,0
1508085623,lo,1414.59,1414.59,2829.17,1416,1416,17.98,17.98,35.96,18,18,0.00,0.00,0,0
1508085623,s4,0.00,0.00,0.00,0,0,0.00,0.00,0.00,0,0,0.00,0.00,0,0
1508085623,total,259126.88,266199.81,525326.69,266466,259386,290.71,288.71,579.42,289,291,0.00,0.00,0,0
1508085624,s5,0.00,0.00,0.00,0,0,0.00,0.00,0.00,0,0,0.00,0.00,0,0
1508085624,s1,0.00,0.00,0.00,0,0,0.00,0.00,0.00,0,0,0.00,0.00,0,0
1508085624,eth0,0.00,0.00,0.00,0,0,0.00,0.00,0.00,0,0,0.00,0.00,0,0
1508085624,eth1,0.00,0.00,0.00,0,0,0.00,0.00,0.00,0,0,0.00,0.00,0,0
1508085624,s2,0.00,0.00,0.00,0,0,0.00,0.00,0.00,0,0,0.00,0.00,0,0
1508085624,s1-eth2,9132.87,251072.94,260205.80,251324,9142,118.88,165.83,284.72,166,119,0.00,0.00,0,0
1508085624,s1-eth1,249902.11,9132.87,259034.97,9142,250152,165.83,118.88,284.72,119,166,0.00,0.00,0,0
1508085624,s2-eth2,0.00,0.00,0.00,0,0,0.00,0.00,0.00,0,0,0.00,0.00,0,0
1508085624,s2-eth1,0.00,0.00,0.00,0,0,0.00,0.00,0.00,0,0,0.00,0.00,0,0
1508085624,lo,0.00,0.00,0.00,0,0,0.00,0.00,0.00,0,0,0.00,0.00,0,0
1508085624,s4,0.00,0.00,0.00,0,0,0.00,0.00,0.00,0,0,0.00,0.00,0,0
1508085624,total,259034.97,260205.80,519240.78,260466,259294,284.72,284.72,569.43,285,285,0.00,0.00,0,0
1508085625,s5,0.00,0.00,0.00,0,0,0.00,0.00,0.00,0,0,0.00,0.00,0,0
1508085625,s1,0.00,0.00,0.00,0,0,0.00,0.00,0.00,0,0,0.00,0.00,0,0
1508085625,eth0,0.00,0.00,0.00,0,0,0.00,0.00,0.00,0,0,0.00,0.00,0,0
1508085625,eth1,0.00,0.00,0.00,0,0,0.00,0.00,0.00,0,0,0.00,0.00,0,0
1508085625,s2,0.00,0.00,0.00,0,0,0.00,0.00,0.00,0,0,0.00,0.00,0,0
1508085625,s1-eth2,9342.00,255866.00,265208.00,255866,9342,121.00,169.00,290.00,169,121,0.00,0.00,0,0
1508085625,s1-eth1,248296.00,9416.00,257712.00,9416,248296,164.00,122.00,286.00,122,164,0.00,0.00,0,0
1508085625,s2-eth2,0.00,0.00,0.00,0,0,0.00,0.00,0.00,0,0,0.00,0.00,0,0
1508085625,s2-eth1,0.00,0.00,0.00,0,0,0.00,0.00,0.00,0,0,0.00,0.00,0,0
1508085625,lo,0.00,0.00,0.00,0,0,0.00,0.00,0.00,0,0,0.00,0.00,0,0
1508085625,s4,0.00,0.00,0.00,0,0,0.00,0.00,0.00,0,0,0.00,0.00,0,0
1508085625,total,257638.00,265282.00,522920.00,265282,257638,285.00,291.00,576.00,291,285,0.00,0.00,0,0
1508085626,s5,0.00,0.00,0.00,0,0,0.00,0.00,0.00,0,0,0.00,0.00,0,0
1508085626,s1,0.00,0.00,0.00,0,0,0.00,0.00,0.00,0,0,0.00,0.00,0,0
1508085626,eth0,0.00,0.00,0.00,0,0,0.00,0.00,0.00,0,0,0.00,0.00,0,0
1508085626,eth1,0.00,0.00,0.00,0,0,0.00,0.00,0.00,0,0,0.00,0.00,0,0
1508085626,s2,0.00,0.00,0.00,0,0,0.00,0.00,0.00,0,0,0.00,0.00,0,0
1508085626,s1-eth2,10158.00,258894.00,269052.00,258894,10158,131.00,171.00,302.00,171,131,0.00,0.00,0,0
1508085626,s1-eth1,249810.00,10084.00,259894.00,10084,249810,165.00,130.00,295.00,130,165,0.00,0.00,0,0
1508085626,s2-eth2,0.00,0.00,0.00,0,0,0.00,0.00,0.00,0,0,0.00,0.00,0,0
1508085626,s2-eth1,0.00,0.00,0.00,0,0,0.00,0.00,0.00,0,0,0.00,0.00,0,0
1508085626,lo,0.00,0.00,0.00,0,0,0.00,0.00,0.00,0,0,0.00,0.00,0,0
1508085626,s4,0.00,0.00,0.00,0,0,0.00,0.00,0.00,0,0,0.00,0.00,0,0
1508085626,total,259968.00,268978.00,528946.00,268978,259968,296.00,301.00,597.00,301,296,0.00,0.00,0,0
1508085627,s5,0.00,0.00,0.00,0,0,0.00,0.00,0.00,0,0,0.00,0.00,0,0
1508085627,s1,0.00,0.00,0.00,0,0,0.00,0.00,0.00,0,0,0.00,0.00,0,0
1508085627,eth0,0.00,0.00,0.00,0,0,0.00,0.00,0.00,0,0,0.00,0.00,0,0
1508085627,eth1,0.00,0.00,0.00,0,0,0.00,0.00,0.00,0,0,0.00,0.00,0,0
1508085627,s2,0.00,0.00,0.00,0,0,0.00,0.00,0.00,0,0,0.00,0.00,0,0
1508085627,s1-eth2,8788.00,258894.00,267682.00,258894,8788,114.00,171.00,285.00,171,114,0.00,0.00,0,0
1508085627,s1-eth1,249810.00,8788.00,258598.00,8788,249810,165.00,114.00,279.00,114,165,0.00,0.00,0,0
1508085627,s2-eth2,0.00,0.00,0.00,0,0,0.00,0.00,0.00,0,0,0.00,0.00,0,0
1508085627,s2-eth1,0.00,0.00,0.00,0,0,0.00,0.00,0.00,0,0,0.00,0.00,0,0
1508085627,lo,344.00,344.00,688.00,344,344,6.00,6.00,12.00,6,6,0.00,0.00,0,0
1508085627,s4,0.00,0.00,0.00,0,0,0.00,0.00,0.00,0,0,0.00,0.00,0,0
1508085627,total,258942.00,268026.00,526968.00,268026,258942,285.00,291.00,576.00,291,285,0.00,0.00,0,0
1508085628,s5,0.00,0.00,0.00,0,0,0.00,0.00,0.00,0,0,0.00,0.00,0,0
1508085628,s1,0.00,0.00,0.00,0,0,0.00,0.00,0.00,0,0,0.00,0.00,0,0
1508085628,eth0,0.00,0.00,0.00,0,0,0.00,0.00,0.00,0,0,0.00,0.00,0,0
1508085628,eth1,0.00,0.00,0.00,0,0,0.00,0.00,0.00,0,0,0.00,0.00,0,0
1508085628,s2,0.00,0.00,0.00,0,0,0.00,0.00,0.00,0,0,0.00,0.00,0,0
1508085628,s1-eth2,10040.00,261922.00,271962.00,261922,10040,130.00,173.00,303.00,173,130,0.00,0.00,0,0
1508085628,s1-eth1,249810.00,10114.00,259924.00,10114,249810,165.00,131.00,296.00,131,165,0.00,0.00,0,0
1508085628,s2-eth2,0.00,0.00,0.00,0,0,0.00,0.00,0.00,0,0,0.00,0.00,0,0
1508085628,s2-eth1,0.00,0.00,0.00,0,0,0.00,0.00,0.00,0,0,0.00,0.00,0,0
1508085628,lo,344.00,344.00,688.00,344,344,6.00,6.00,12.00,6,6,0.00,0.00,0,0
1508085628,s4,0.00,0.00,0.00,0,0,0.00,0.00,0.00,0,0,0.00,0.00,0,0
1508085628,total,260194.00,272380.00,532574.00,272380,260194,301.00,310.00,611.00,310,301,0.00,0.00,0,0
1508085629,s5,0.00,0.00,0.00,0,0,0.00,0.00,0.00,0,0,0.00,0.00,0,0
1508085629,s1,0.00,0.00,0.00,0,0,0.00,0.00,0.00,0,0,0.00,0.00,0,0
1508085629,eth0,0.00,0.00,0.00,0,0,0.00,0.00,0.00,0,0,0.00,0.00,0,0
1508085629,eth1,0.00,0.00,0.00,0,0,0.00,0.00,0.00,0,0,0.00,0.00,0,0
1508085629,s2,0.00,0.00,0.00,0,0,0.00,0.00,0.00,0,0,0.00,0.00,0,0
1508085629,s1-eth2,8181.82,260147.86,268329.69,260408,8190,106.89,171.83,278.72,172,107,0.00,0.00,0,0
1508085629,s1-eth1,249560.45,8107.89,257668.34,8116,249810,164.84,105.89,270.73,106,165,0.00,0.00,0,0
1508085629,s2-eth2,0.00,0.00,0.00,0,0,0.00,0.00,0.00,0,0,0.00,0.00,0,0
1508085629,s2-eth1,0.00,0.00,0.00,0,0,0.00,0.00,0.00,0,0,0.00,0.00,0,0
1508085629,lo,0.00,0.00,0.00,0,0,0.00,0.00,0.00,0,0,0.00,0.00,0,0
1508085629,s4,0.00,0.00,0.00,0,0,0.00,0.00,0.00,0,0,0.00,0.00,0,0
1508085629,total,257742.27,268255.75,525998.00,268524,258000,271.73,277.72,549.45,278,272,0.00,0.00,0,0
1508085630,s5,0.00,0.00,0.00,0,0,0.00,0.00,0.00,0,0,0.00,0.00,0,0
1508085630,s1,0.00,0.00,0.00,0,0,0.00,0.00,0.00,0,0,0.00,0.00,0,0
1508085630,eth0,0.00,0.00,0.00,0,0,0.00,0.00,0.00,0,0,0.00,0.00,0,0
1508085630,eth1,0.00,0.00,0.00,0,0,0.00,0.00,0.00,0,0,0.00,0.00,0,0
1508085630,s2,0.00,0.00,0.00,0,0,0.00,0.00,0.00,0,0,0.00,0.00,0,0
1508085630,s1-eth2,7451.00,249810.00,257261.00,249810,7451,97.00,165.00,262.00,165,97,0.00,0.00,0,0
1508085630,s1-eth1,249917.00,7344.00,257261.00,7344,249917,166.00,96.00,262.00,96,166,0.00,0.00,0,0
1508085630,s2-eth2,107.00,0.00,107.00,0,107,1.00,0.00,1.00,0,1,0.00,0.00,0,0
1508085630,s2-eth1,107.00,0.00,107.00,0,107,1.00,0.00,1.00,0,1,0.00,0.00,0,0
1508085630,lo,0.00,0.00,0.00,0,0,0.00,0.00,0.00,0,0,0.00,0.00,0,0
1508085630,s4,0.00,0.00,0.00,0,0,0.00,0.00,0.00,0,0,0.00,0.00,0,0
1508085630,total,257582.00,257154.00,514736.00,257154,257582,265.00,261.00,526.00,261,265,0.00,0.00,0,0
1508085631,s5,0.00,0.00,0.00,0,0,0.00,0.00,0.00,0,0,0.00,0.00,0,0
1508085631,s1,0.00,0.00,0.00,0,0,0.00,0.00,0.00,0,0,0.00,0.00,0,0
1508085631,eth0,0.00,0.00,0.00,0,0,0.00,0.00,0.00,0,0,0.00,0.00,0,0
1508085631,eth1,0.00,0.00,0.00,0,0,0.00,0.00,0.00,0,0,0.00,0.00,0,0
1508085631,s2,0.00,0.00,0.00,0,0,0.00,0.00,0.00,0,0,0.00,0.00,0,0
1508085631,s1-eth2,9164.00,258894.00,268058.00,258894,9164,118.00,171.00,289.00,171,118,0.00,0.00,0,0
1508085631,s1-eth1,249810.00,9250.00,259060.00,9250,249810,165.00,119.00,284.00,119,165,0.00,0.00,0,0
1508085631,s2-eth2,342.00,0.00,342.00,0,342,1.00,0.00,1.00,0,1,0.00,0.00,0,0
1508085631,s2-eth1,0.00,0.00,0.00,0,0,0.00,0.00,0.00,0,0,0.00,0.00,0,0
1508085631,lo,0.00,0.00,0.00,0,0,0.00,0.00,0.00,0,0,0.00,0.00,0,0
1508085631,s4,0.00,0.00,0.00,0,0,0.00,0.00,0.00,0,0,0.00,0.00,0,0
1508085631,total,259316.00,268144.00,527460.00,268144,259316,284.00,290.00,574.00,290,284,0.00,0.00,0,0
1508085632,s5,0.00,0.00,0.00,0,0,0.00,0.00,0.00,0,0,0.00,0.00,0,0
1508085632,s1,0.00,0.00,0.00,0,0,0.00,0.00,0.00,0,0,0.00,0.00,0,0
1508085632,eth0,0.00,0.00,0.00,0,0,0.00,0.00,0.00,0,0,0.00,0.00,0,0
1508085632,eth1,0.00,0.00,0.00,0,0,0.00,0.00,0.00,0,0,0.00,0.00,0,0
1508085632,s2,0.00,0.00,0.00,0,0,0.00,0.00,0.00,0,0,0.00,0.00,0,0
1508085632,s1-eth2,10296.00,257380.00,267676.00,257380,10296,130.00,170.00,300.00,170,130,0.00,0.00,0,0
1508085632,s1-eth1,251324.00,9868.00,261192.00,9868,251324,166.00,128.00,294.00,128,166,0.00,0.00,0,0
1508085632,s2-eth2,0.00,0.00,0.00,0,0,0.00,0.00,0.00,0,0,0.00,0.00,0,0
1508085632,s2-eth1,0.00,0.00,0.00,0,0,0.00,0.00,0.00,0,0,0.00,0.00,0,0
1508085632,lo,344.00,344.00,688.00,344,344,6.00,6.00,12.00,6,6,0.00,0.00,0,0
1508085632,s4,0.00,0.00,0.00,0,0,0.00,0.00,0.00,0,0,0.00,0.00,0,0
1508085632,total,261964.00,267592.00,529556.00,267592,261964,302.00,304.00,606.00,304,302,0.00,0.00,0,0
1508085633,s5,0.00,0.00,0.00,0,0,0.00,0.00,0.00,0,0,0.00,0.00,0,0
1508085633,s1,0.00,0.00,0.00,0,0,0.00,0.00,0.00,0,0,0.00,0.00,0,0
1508085633,eth0,0.00,0.00,0.00,0,0,0.00,0.00,0.00,0,0,0.00,0.00,0,0
1508085633,eth1,0.00,0.00,0.00,0,0,0.00,0.00,0.00,0,0,0.00,0.00,0,0
1508085633,s2,0.00,0.00,0.00,0,0,0.00,0.00,0.00,0,0,0.00,0.00,0,0
1508085633,s1-eth2,8192.00,251324.00,259516.00,251324,8192,106.00,166.00,272.00,166,106,0.00,0.00,0,0
1508085633,s1-eth1,249810.00,8192.00,258002.00,8192,249810,165.00,106.00,271.00,106,165,0.00,0.00,0,0
1508085633,s2-eth2,0.00,0.00,0.00,0,0,0.00,0.00,0.00,0,0,0.00,0.00,0,0
1508085633,s2-eth1,0.00,0.00,0.00,0,0,0.00,0.00,0.00,0,0,0.00,0.00,0,0
1508085633,lo,344.00,344.00,688.00,344,344,6.00,6.00,12.00,6,6,0.00,0.00,0,0
1508085633,s4,0.00,0.00,0.00,0,0,0.00,0.00,0.00,0,0,0.00,0.00,0,0
1508085633,total,258346.00,259860.00,518206.00,259860,258346,277.00,278.00,555.00,278,277,0.00,0.00,0,0
1508085634,s5,0.00,0.00,0.00,0,0,0.00,0.00,0.00,0,0,0.00,0.00,0,0
1508085634,s1,0.00,0.00,0.00,0,0,0.00,0.00,0.00,0,0,0.00,0.00,0,0
1508085634,eth0,0.00,0.00,0.00,0,0,0.00,0.00,0.00,0,0,0.00,0.00,0,0
1508085634,eth1,0.00,0.00,0.00,0,0,0.00,0.00,0.00,0,0,0.00,0.00,0,0
1508085634,s2,0.00,0.00,0.00,0,0,0.00,0.00,0.00,0,0,0.00,0.00,0,0
1508085634,s1-eth2,8172.00,260408.00,268580.00,260408,8172,108.00,172.00,280.00,172,108,0.00,0.00,0,0
1508085634,s1-eth1,249810.00,8172.00,257982.00,8172,249810,165.00,108.00,273.00,108,165,0.00,0.00,0,0
1508085634,s2-eth2,0.00,0.00,0.00,0,0,0.00,0.00,0.00,0,0,0.00,0.00,0,0
1508085634,s2-eth1,342.00,0.00,342.00,0,342,1.00,0.00,1.00,0,1,0.00,0.00,0,0
1508085634,lo,0.00,0.00,0.00,0,0,0.00,0.00,0.00,0,0,0.00,0.00,0,0
1508085634,s4,0.00,0.00,0.00,0,0,0.00,0.00,0.00,0,0,0.00,0.00,0,0
1508085634,total,258324.00,268580.00,526904.00,268580,258324,274.00,280.00,554.00,280,274,0.00,0.00,0,0
1508085635,s5,0.00,0.00,0.00,0,0,0.00,0.00,0.00,0,0,0.00,0.00,0,0
1508085635,s1,0.00,0.00,0.00,0,0,0.00,0.00,0.00,0,0,0.00,0.00,0,0
1508085635,eth0,0.00,0.00,0.00,0,0,0.00,0.00,0.00,0,0,0.00,0.00,0,0
1508085635,eth1,0.00,0.00,0.00,0,0,0.00,0.00,0.00,0,0,0.00,0.00,0,0
1508085635,s2,0.00,0.00,0.00,0,0,0.00,0.00,0.00,0,0,0.00,0.00,0,0
1508085635,s1-eth2,8772.00,251324.00,260096.00,251324,8772,114.00,166.00,280.00,166,114,0.00,0.00,0,0
1508085635,s1-eth1,249810.00,8772.00,258582.00,8772,249810,165.00,114.00,279.00,114,165,0.00,0.00,0,0
1508085635,s2-eth2,0.00,0.00,0.00,0,0,0.00,0.00,0.00,0,0,0.00,0.00,0,0
1508085635,s2-eth1,0.00,0.00,0.00,0,0,0.00,0.00,0.00,0,0,0.00,0.00,0,0
1508085635,lo,0.00,0.00,0.00,0,0,0.00,0.00,0.00,0,0,0.00,0.00,0,0
1508085635,s4,0.00,0.00,0.00,0,0,0.00,0.00,0.00,0,0,0.00,0.00,0,0
1508085635,total,258582.00,260096.00,518678.00,260096,258582,279.00,280.00,559.00,280,279,0.00,0.00,0,0
1508085636,s5,0.00,0.00,0.00,0,0,0.00,0.00,0.00,0,0,0.00,0.00,0,0
1508085636,s1,0.00,0.00,0.00,0,0,0.00,0.00,0.00,0,0,0.00,0.00,0,0
1508085636,eth0,0.00,0.00,0.00,0,0,0.00,0.00,0.00,0,0,0.00,0.00,0,0
1508085636,eth1,0.00,0.00,0.00,0,0,0.00,0.00,0.00,0,0,0.00,0.00,0,0
1508085636,s2,0.00,0.00,0.00,0,0,0.00,0.00,0.00,0,0,0.00,0.00,0,0
1508085636,s1-eth2,8898.00,257380.00,266278.00,257380,8898,115.00,170.00,285.00,170,115,0.00,0.00,0,0
1508085636,s1-eth1,245610.00,8898.00,254508.00,8898,245610,163.00,115.00,278.00,115,163,0.00,0.00,0,0
1508085636,s2-eth2,0.00,0.00,0.00,0,0,0.00,0.00,0.00,0,0,0.00,0.00,0,0
1508085636,s2-eth1,0.00,0.00,0.00,0,0,0.00,0.00,0.00,0,0,0.00,0.00,0,0
1508085636,lo,0.00,0.00,0.00,0,0,0.00,0.00,0.00,0,0,0.00,0.00,0,0
1508085636,s4,0.00,0.00,0.00,0,0,0.00,0.00,0.00,0,0,0.00,0.00,0,0
1508085636,total,254508.00,266278.00,520786.00,266278,254508,278.00,285.00,563.00,285,278,0.00,0.00,0,0
1508085637,s5,0.00,0.00,0.00,0,0,0.00,0.00,0.00,0,0,0.00,0.00,0,0
1508085637,s1,0.00,0.00,0.00,0,0,0.00,0.00,0.00,0,0,0.00,0.00,0,0
1508085637,eth0,0.00,0.00,0.00,0,0,0.00,0.00,0.00,0,0,0.00,0.00,0,0
1508085637,eth1,0.00,0.00,0.00,0,0,0.00,0.00,0.00,0,0,0.00,0.00,0,0
1508085637,s2,0.00,0.00,0.00,0,0,0.00,0.00,0.00,0,0,0.00,0.00,0,0
1508085637,s1-eth2,8594.00,260408.00,269002.00,260408,8594,111.00,172.00,283.00,172,111,0.00,0.00,0,0
1508085637,s1-eth1,249810.00,8594.00,258404.00,8594,249810,165.00,111.00,276.00,111,165,0.00,0.00,0,0
1508085637,s2-eth2,0.00,0.00,0.00,0,0,0.00,0.00,0.00,0,0,0.00,0.00,0,0
1508085637,s2-eth1,0.00,0.00,0.00,0,0,0.00,0.00,0.00,0,0,0.00,0.00,0,0
1508085637,lo,344.00,344.00,688.00,344,344,6.00,6.00,12.00,6,6,0.00,0.00,0,0
1508085637,s4,0.00,0.00,0.00,0,0,0.00,0.00,0.00,0,0,0.00,0.00,0,0
1508085637,total,258748.00,269346.00,528094.00,269346,258748,282.00,289.00,571.00,289,282,0.00,0.00,0,0
1508085638,s5,0.00,0.00,0.00,0,0,0.00,0.00,0.00,0,0,0.00,0.00,0,0
1508085638,s1,0.00,0.00,0.00,0,0,0.00,0.00,0.00,0,0,0.00,0.00,0,0
1508085638,eth0,0.00,0.00,0.00,0,0,0.00,0.00,0.00,0,0,0.00,0.00,0,0
1508085638,eth1,0.00,0.00,0.00,0,0,0.00,0.00,0.00,0,0,0.00,0.00,0,0
1508085638,s2,0.00,0.00,0.00,0,0,0.00,0.00,0.00,0,0,0.00,0.00,0,0
1508085638,s1-eth2,8058.00,255866.00,263924.00,255866,8058,105.00,169.00,274.00,169,105,0.00,0.00,0,0
1508085638,s1-eth1,249810.00,8058.00,257868.00,8058,249810,165.00,105.00,270.00,105,165,0.00,0.00,0,0
1508085638,s2-eth2,0.00,0.00,0.00,0,0,0.00,0.00,0.00,0,0,0.00,0.00,0,0
1508085638,s2-eth1,0.00,0.00,0.00,0,0,0.00,0.00,0.00,0,0,0.00,0.00,0,0
1508085638,lo,344.00,344.00,688.00,344,344,6.00,6.00,12.00,6,6,0.00,0.00,0,0
1508085638,s4,0.00,0.00,0.00,0,0,0.00,0.00,0.00,0,0,0.00,0.00,0,0
1508085638,total,258212.00,264268.00,522480.00,264268,258212,276.00,280.00,556.00,280,276,0.00,0.00,0,0
1508085639,s5,0.00,0.00,0.00,0,0,0.00,0.00,0.00,0,0,0.00,0.00,0,0
1508085639,s1,0.00,0.00,0.00,0,0,0.00,0.00,0.00,0,0,0.00,0.00,0,0
1508085639,eth0,0.00,0.00,0.00,0,0,0.00,0.00,0.00,0,0,0.00,0.00,0,0
1508085639,eth1,0.00,0.00,0.00,0,0,0.00,0.00,0.00,0,0,0.00,0.00,0,0
1508085639,s2,0.00,0.00,0.00,0,0,0.00,0.00,0.00,0,0,0.00,0.00,0,0
1508085639,s1-eth2,7764.00,252838.00,260602.00,252838,7764,102.00,167.00,269.00,167,102,0.00,0.00,0,0
1508085639,s1-eth1,251324.00,7764.00,259088.00,7764,251324,166.00,102.00,268.00,102,166,0.00,0.00,0,0
1508085639,s2-eth2,342.00,0.00,342.00,0,342,1.00,0.00,1.00,0,1,0.00,0.00,0,0
1508085639,s2-eth1,0.00,0.00,0.00,0,0,0.00,0.00,0.00,0,0,0.00,0.00,0,0
1508085639,lo,0.00,0.00,0.00,0,0,0.00,0.00,0.00,0,0,0.00,0.00,0,0
1508085639,s4,0.00,0.00,0.00,0,0,0.00,0.00,0.00,0,0,0.00,0.00,0,0
1508085639,total,259430.00,260602.00,520032.00,260602,259430,269.00,269.00,538.00,269,269,0.00,0.00,0,0
1508085640,s5,0.00,0.00,0.00,0,0,0.00,0.00,0.00,0,0,0.00,0.00,0,0
1508085640,s1,0.00,0.00,0.00,0,0,0.00,0.00,0.00,0,0,0.00,0.00,0,0
1508085640,eth0,0.00,0.00,0.00,0,0,0.00,0.00,0.00,0,0,0.00,0.00,0,0
1508085640,eth1,0.00,0.00,0.00,0,0,0.00,0.00,0.00,0,0,0.00,0.00,0,0
1508085640,s2,0.00,0.00,0.00,0,0,0.00,0.00,0.00,0,0,0.00,0.00,0,0
1508085640,s1-eth2,8172.00,261922.00,270094.00,261922,8172,106.00,173.00,279.00,173,106,0.00,0.00,0,0
1508085640,s1-eth1,249810.00,8172.00,257982.00,8172,249810,165.00,106.00,271.00,106,165,0.00,0.00,0,0
1508085640,s2-eth2,0.00,0.00,0.00,0,0,0.00,0.00,0.00,0,0,0.00,0.00,0,0
1508085640,s2-eth1,0.00,0.00,0.00,0,0,0.00,0.00,0.00,0,0,0.00,0.00,0,0
1508085640,lo,0.00,0.00,0.00,0,0,0.00,0.00,0.00,0,0,0.00,0.00,0,0
1508085640,s4,0.00,0.00,0.00,0,0,0.00,0.00,0.00,0,0,0.00,0.00,0,0
1508085640,total,257982.00,270094.00,528076.00,270094,257982,271.00,279.00,550.00,279,271,0.00,0.00,0,0
1508085641,s5,0.00,0.00,0.00,0,0,0.00,0.00,0.00,0,0,0.00,0.00,0,0
1508085641,s1,0.00,0.00,0.00,0,0,0.00,0.00,0.00,0,0,0.00,0.00,0,0
1508085641,eth0,0.00,0.00,0.00,0,0,0.00,0.00,0.00,0,0,0.00,0.00,0,0
1508085641,eth1,0.00,0.00,0.00,0,0,0.00,0.00,0.00,0,0,0.00,0.00,0,0
1508085641,s2,0.00,0.00,0.00,0,0,0.00,0.00,0.00,0,0,0.00,0.00,0,0
1508085641,s1-eth2,8125.87,252585.42,260711.30,252838,8134,106.89,166.83,273.73,167,107,0.00,0.00,0,0
1508085641,s1-eth1,249560.45,8125.87,257686.33,8134,249810,164.84,106.89,271.73,107,165,0.00,0.00,0,0
1508085641,s2-eth2,0.00,0.00,0.00,0,0,0.00,0.00,0.00,0,0,0.00,0.00,0,0
1508085641,s2-eth1,0.00,0.00,0.00,0,0,0.00,0.00,0.00,0,0,0.00,0.00,0,0
1508085641,lo,0.00,0.00,0.00,0,0,0.00,0.00,0.00,0,0,0.00,0.00,0,0
1508085641,s4,0.00,0.00,0.00,0,0,0.00,0.00,0.00,0,0,0.00,0.00,0,0
1508085641,total,257686.33,260711.30,518397.62,260972,257944,271.73,273.73,545.45,274,272,0.00,0.00,0,0
1508085642,s5,0.00,0.00,0.00,0,0,0.00,0.00,0.00,0,0,0.00,0.00,0,0
1508085642,s1,0.00,0.00,0.00,0,0,0.00,0.00,0.00,0,0,0.00,0.00,0,0
1508085642,eth0,0.00,0.00,0.00,0,0,0.00,0.00,0.00,0,0,0.00,0.00,0,0
1508085642,eth1,0.00,0.00,0.00,0,0,0.00,0.00,0.00,0,0,0.00,0.00,0,0
1508085642,s2,0.00,0.00,0.00,0,0,0.00,0.00,0.00,0,0,0.00,0.00,0,0
1508085642,s1-eth2,8522.00,249810.00,258332.00,249810,8522,109.00,165.00,274.00,165,109,0.00,0.00,0,0
1508085642,s1-eth1,251324.00,8608.00,259932.00,8608,251324,166.00,110.00,276.00,110,166,0.00,0.00,0,0
1508085642,s2-eth2,0.00,0.00,0.00,0,0,0.00,0.00,0.00,0,0,0.00,0.00,0,0
1508085642,s2-eth1,0.00,0.00,0.00,0,0,0.00,0.00,0.00,0,0,0.00,0.00,0,0
1508085642,lo,344.00,344.00,688.00,344,344,6.00,6.00,12.00,6,6,0.00,0.00,0,0
1508085642,s4,0.00,0.00,0.00,0,0,0.00,0.00,0.00,0,0,0.00,0.00,0,0
1508085642,total,260190.00,258762.00,518952.00,258762,260190,281.00,281.00,562.00,281,281,0.00,0.00,0,0
1508085643,s5,0.00,0.00,0.00,0,0,0.00,0.00,0.00,0,0,0.00,0.00,0,0
1508085643,s1,0.00,0.00,0.00,0,0,0.00,0.00,0.00,0,0,0.00,0.00,0,0
1508085643,eth0,0.00,0.00,0.00,0,0,0.00,0.00,0.00,0,0,0.00,0.00,0,0
1508085643,eth1,0.00,0.00,0.00,0,0,0.00,0.00,0.00,0,0,0.00,0.00,0,0
1508085643,s2,0.00,0.00,0.00,0,0,0.00,0.00,0.00,0,0,0.00,0.00,0,0
1508085643,s1-eth2,7938.00,258894.00,266832.00,258894,7938,105.00,171.00,276.00,171,105,0.00,0.00,0,0
1508085643,s1-eth1,248638.00,7852.00,256490.00,7852,248638,165.00,104.00,269.00,104,165,0.00,0.00,0,0
1508085643,s2-eth2,0.00,0.00,0.00,0,0,0.00,0.00,0.00,0,0,0.00,0.00,0,0
1508085643,s2-eth1,0.00,0.00,0.00,0,0,0.00,0.00,0.00,0,0,0.00,0.00,0,0
1508085643,lo,344.00,344.00,688.00,344,344,6.00,6.00,12.00,6,6,0.00,0.00,0,0
1508085643,s4,0.00,0.00,0.00,0,0,0.00,0.00,0.00,0,0,0.00,0.00,0,0
1508085643,total,256920.00,267090.00,524010.00,267090,256920,276.00,281.00,557.00,281,276,0.00,0.00,0,0
1508085644,s5,0.00,0.00,0.00,0,0,0.00,0.00,0.00,0,0,0.00,0.00,0,0
1508085644,s1,0.00,0.00,0.00,0,0,0.00,0.00,0.00,0,0,0.00,0.00,0,0
1508085644,eth0,0.00,0.00,0.00,0,0,0.00,0.00,0.00,0,0,0.00,0.00,0,0
1508085644,eth1,0.00,0.00,0.00,0,0,0.00,0.00,0.00,0,0,0.00,0.00,0,0
1508085644,s2,0.00,0.00,0.00,0,0,0.00,0.00,0.00,0,0,0.00,0.00,0,0
1508085644,s1-eth2,8342.00,255866.00,264208.00,255866,8342,109.00,169.00,278.00,169,109,0.00,0.00,0,0
1508085644,s1-eth1,249810.00,8342.00,258152.00,8342,249810,165.00,109.00,274.00,109,165,0.00,0.00,0,0
1508085644,s2-eth2,0.00,0.00,0.00,0,0,0.00,0.00,0.00,0,0,0.00,0.00,0,0
1508085644,s2-eth1,0.00,0.00,0.00,0,0,0.00,0.00,0.00,0,0,0.00,0.00,0,0
1508085644,lo,0.00,0.00,0.00,0,0,0.00,0.00,0.00,0,0,0.00,0.00,0,0
1508085644,s4,0.00,0.00,0.00,0,0,0.00,0.00,0.00,0,0,0.00,0.00,0,0
1508085644,total,258152.00,264208.00,522360.00,264208,258152,274.00,278.00,552.00,278,274,0.00,0.00,0,0
1508085645,s5,0.00,0.00,0.00,0,0,0.00,0.00,0.00,0,0,0.00,0.00,0,0
1508085645,s1,0.00,0.00,0.00,0,0,0.00,0.00,0.00,0,0,0.00,0.00,0,0
1508085645,eth0,0.00,0.00,0.00,0,0,0.00,0.00,0.00,0,0,0.00,0.00,0,0
1508085645,eth1,0.00,0.00,0.00,0,0,0.00,0.00,0.00,0,0,0.00,0.00,0,0
1508085645,s2,0.00,0.00,0.00,0,0,0.00,0.00,0.00,0,0,0.00,0.00,0,0
1508085645,s1-eth2,9074.00,252838.00,261912.00,252838,9074,113.00,167.00,280.00,167,113,0.00,0.00,0,0
1508085645,s1-eth1,249810.00,8732.00,258542.00,8732,249810,165.00,112.00,277.00,112,165,0.00,0.00,0,0
1508085645,s2-eth2,0.00,0.00,0.00,0,0,0.00,0.00,0.00,0,0,0.00,0.00,0,0
1508085645,s2-eth1,0.00,0.00,0.00,0,0,0.00,0.00,0.00,0,0,0.00,0.00,0,0
1508085645,lo,0.00,0.00,0.00,0,0,0.00,0.00,0.00,0,0,0.00,0.00,0,0
1508085645,s4,0.00,0.00,0.00,0,0,0.00,0.00,0.00,0,0,0.00,0.00,0,0
1508085645,total,258884.00,261570.00,520454.00,261570,258884,278.00,279.00,557.00,279,278,0.00,0.00,0,0
1508085646,s5,0.00,0.00,0.00,0,0,0.00,0.00,0.00,0,0,0.00,0.00,0,0
1508085646,s1,0.00,0.00,0.00,0,0,0.00,0.00,0.00,0,0,0.00,0.00,0,0
1508085646,eth0,0.00,0.00,0.00,0,0,0.00,0.00,0.00,0,0,0.00,0.00,0,0
1508085646,eth1,0.00,0.00,0.00,0,0,0.00,0.00,0.00,0,0,0.00,0.00,0,0
1508085646,s2,0.00,0.00,0.00,0,0,0.00,0.00,0.00,0,0,0.00,0.00,0,0
1508085646,s1-eth2,9855.00,260408.00,270263.00,260408,9855,127.00,172.00,299.00,172,127,0.00,0.00,0,0
1508085646,s1-eth1,248403.00,9748.00,258151.00,9748,248403,165.00,126.00,291.00,126,165,0.00,0.00,0,0
1508085646,s2-eth2,107.00,0.00,107.00,0,107,1.00,0.00,1.00,0,1,0.00,0.00,0,0
1508085646,s2-eth1,107.00,0.00,107.00,0,107,1.00,0.00,1.00,0,1,0.00,0.00,0,0
1508085646,lo,0.00,0.00,0.00,0,0,0.00,0.00,0.00,0,0,0.00,0.00,0,0
1508085646,s4,0.00,0.00,0.00,0,0,0.00,0.00,0.00,0,0,0.00,0.00,0,0
1508085646,total,258472.00,270156.00,528628.00,270156,258472,294.00,298.00,592.00,298,294,0.00,0.00,0,0
1508085647,s5,0.00,0.00,0.00,0,0,0.00,0.00,0.00,0,0,0.00,0.00,0,0
1508085647,s1,0.00,0.00,0.00,0,0,0.00,0.00,0.00,0,0,0.00,0.00,0,0
1508085647,eth0,0.00,0.00,0.00,0,0,0.00,0.00,0.00,0,0,0.00,0.00,0,0
1508085647,eth1,0.00,0.00,0.00,0,0,0.00,0.00,0.00,0,0,0.00,0.00,0,0
1508085647,s2,0.00,0.00,0.00,0,0,0.00,0.00,0.00,0,0,0.00,0.00,0,0
1508085647,s1-eth2,9120.88,257122.89,266243.75,257380,9130,118.88,169.83,288.71,170,119,0.00,0.00,0,0
1508085647,s1-eth1,249560.45,9120.88,258681.33,9130,249810,164.84,118.88,283.72,119,165,0.00,0.00,0,0
1508085647,s2-eth2,0.00,0.00,0.00,0,0,0.00,0.00,0.00,0,0,0.00,0.00,0,0
1508085647,s2-eth1,0.00,0.00,0.00,0,0,0.00,0.00,0.00,0,0,0.00,0.00,0,0
1508085647,lo,343.66,343.66,687.31,344,344,5.99,5.99,11.99,6,6,0.00,0.00,0,0
1508085647,s4,0.00,0.00,0.00,0,0,0.00,0.00,0.00,0,0,0.00,0.00,0,0
1508085647,total,259024.98,266587.41,525612.38,266854,259284,289.71,294.71,584.42,295,290,0.00,0.00,0,0
1508085648,s5,0.00,0.00,0.00,0,0,0.00,0.00,0.00,0,0,0.00,0.00,0,0
1508085648,s1,0.00,0.00,0.00,0,0,0.00,0.00,0.00,0,0,0.00,0.00,0,0
1508085648,eth0,0.00,0.00,0.00,0,0,0.00,0.00,0.00,0,0,0.00,0.00,0,0
1508085648,eth1,0.00,0.00,0.00,0,0,0.00,0.00,0.00,0,0,0.00,0.00,0,0
1508085648,s2,0.00,0.00,0.00,0,0,0.00,0.00,0.00,0,0,0.00,0.00,0,0
1508085648,s1-eth2,8804.00,252838.00,261642.00,252838,8804,114.00,167.00,281.00,167,114,0.00,0.00,0,0
1508085648,s1-eth1,251324.00,8804.00,260128.00,8804,251324,166.00,114.00,280.00,114,166,0.00,0.00,0,0
1508085648,s2-eth2,0.00,0.00,0.00,0,0,0.00,0.00,0.00,0,0,0.00,0.00,0,0
1508085648,s2-eth1,342.00,0.00,342.00,0,342,1.00,0.00,1.00,0,1,0.00,0.00,0,0
1508085648,lo,344.00,344.00,688.00,344,344,6.00,6.00,12.00,6,6,0.00,0.00,0,0
1508085648,s4,0.00,0.00,0.00,0,0,0.00,0.00,0.00,0,0,0.00,0.00,0,0
1508085648,total,260814.00,261986.00,522800.00,261986,260814,287.00,287.00,574.00,287,287,0.00,0.00,0,0
1508085649,s5,0.00,0.00,0.00,0,0,0.00,0.00,0.00,0,0,0.00,0.00,0,0
1508085649,s1,0.00,0.00,0.00,0,0,0.00,0.00,0.00,0,0,0.00,0.00,0,0
1508085649,eth0,0.00,0.00,0.00,0,0,0.00,0.00,0.00,0,0,0.00,0.00,0,0
1508085649,eth1,0.00,0.00,0.00,0,0,0.00,0.00,0.00,0,0,0.00,0.00,0,0
1508085649,s2,0.00,0.00,0.00,0,0,0.00,0.00,0.00,0,0,0.00,0.00,0,0
1508085649,s1-eth2,8178.00,263436.00,271614.00,263436,8178,107.00,174.00,281.00,174,107,0.00,0.00,0,0
1508085649,s1-eth1,249810.00,8178.00,257988.00,8178,249810,165.00,107.00,272.00,107,165,0.00,0.00,0,0
1508085649,s2-eth2,0.00,0.00,0.00,0,0,0.00,0.00,0.00,0,0,0.00,0.00,0,0
1508085649,s2-eth1,0.00,0.00,0.00,0,0,0.00,0.00,0.00,0,0,0.00,0.00,0,0
1508085649,lo,0.00,0.00,0.00,0,0,0.00,0.00,0.00,0,0,0.00,0.00,0,0
1508085649,s4,0.00,0.00,0.00,0,0,0.00,0.00,0.00,0,0,0.00,0.00,0,0
1508085649,total,257988.00,271614.00,529602.00,271614,257988,272.00,281.00,553.00,281,272,0.00,0.00,0,0
1508085650,s5,0.00,0.00,0.00,0,0,0.00,0.00,0.00,0,0,0.00,0.00,0,0
1508085650,s1,0.00,0.00,0.00,0,0,0.00,0.00,0.00,0,0,0.00,0.00,0,0
1508085650,eth0,0.00,0.00,0.00,0,0,0.00,0.00,0.00,0,0,0.00,0.00,0,0
1508085650,eth1,0.00,0.00,0.00,0,0,0.00,0.00,0.00,0,0,0.00,0.00,0,0
1508085650,s2,0.00,0.00,0.00,0,0,0.00,0.00,0.00,0,0,0.00,0.00,0,0
1508085650,s1-eth2,9484.00,255866.00,265350.00,255866,9484,122.00,169.00,291.00,169,122,0.00,0.00,0,0
1508085650,s1-eth1,249810.00,9484.00,259294.00,9484,249810,165.00,122.00,287.00,122,165,0.00,0.00,0,0
1508085650,s2-eth2,0.00,0.00,0.00,0,0,0.00,0.00,0.00,0,0,0.00,0.00,0,0
1508085650,s2-eth1,0.00,0.00,0.00,0,0,0.00,0.00,0.00,0,0,0.00,0.00,0,0
1508085650,lo,0.00,0.00,0.00,0,0,0.00,0.00,0.00,0,0,0.00,0.00,0,0
1508085650,s4,0.00,0.00,0.00,0,0,0.00,0.00,0.00,0,0,0.00,0.00,0,0
1508085650,total,259294.00,265350.00,524644.00,265350,259294,287.00,291.00,578.00,291,287,0.00,0.00,0,0
1508085651,s5,0.00,0.00,0.00,0,0,0.00,0.00,0.00,0,0,0.00,0.00,0,0
1508085651,s1,0.00,0.00,0.00,0,0,0.00,0.00,0.00,0,0,0.00,0.00,0,0
1508085651,eth0,0.00,0.00,0.00,0,0,0.00,0.00,0.00,0,0,0.00,0.00,0,0
1508085651,eth1,0.00,0.00,0.00,0,0,0.00,0.00,0.00,0,0,0.00,0.00,0,0
1508085651,s2,0.00,0.00,0.00,0,0,0.00,0.00,0.00,0,0,0.00,0.00,0,0
1508085651,s1-eth2,8774.00,255866.00,264640.00,255866,8774,115.00,169.00,284.00,169,115,0.00,0.00,0,0
1508085651,s1-eth1,250152.00,8774.00,258926.00,8774,250152,166.00,115.00,281.00,115,166,0.00,0.00,0,0
1508085651,s2-eth2,0.00,0.00,0.00,0,0,0.00,0.00,0.00,0,0,0.00,0.00,0,0
1508085651,s2-eth1,0.00,0.00,0.00,0,0,0.00,0.00,0.00,0,0,0.00,0.00,0,0
1508085651,lo,0.00,0.00,0.00,0,0,0.00,0.00,0.00,0,0,0.00,0.00,0,0
1508085651,s4,0.00,0.00,0.00,0,0,0.00,0.00,0.00,0,0,0.00,0.00,0,0
1508085651,total,258926.00,264640.00,523566.00,264640,258926,281.00,284.00,565.00,284,281,0.00,0.00,0,0
1508085652,s5,0.00,0.00,0.00,0,0,0.00,0.00,0.00,0,0,0.00,0.00,0,0
1508085652,s1,0.00,0.00,0.00,0,0,0.00,0.00,0.00,0,0,0.00,0.00,0,0
1508085652,eth0,0.00,0.00,0.00,0,0,0.00,0.00,0.00,0,0,0.00,0.00,0,0
1508085652,eth1,0.00,0.00,0.00,0,0,0.00,0.00,0.00,0,0,0.00,0.00,0,0
1508085652,s2,0.00,0.00,0.00,0,0,0.00,0.00,0.00,0,0,0.00,0.00,0,0
1508085652,s1-eth2,8381.62,252585.42,260967.05,252838,8390,108.89,166.83,275.72,167,109,0.00,0.00,0,0
1508085652,s1-eth1,249560.45,8455.54,258015.98,8464,249810,164.84,109.89,274.73,110,165,0.00,0.00,0,0
1508085652,s2-eth2,0.00,0.00,0.00,0,0,0.00,0.00,0.00,0,0,0.00,0.00,0,0
1508085652,s2-eth1,0.00,0.00,0.00,0,0,0.00,0.00,0.00,0,0,0.00,0.00,0,0
1508085652,lo,343.66,343.66,687.31,344,344,5.99,5.99,11.99,6,6,0.00,0.00,0,0
1508085652,s4,0.00,0.00,0.00,0,0,0.00,0.00,0.00,0,0,0.00,0.00,0,0
1508085652,total,258285.72,261384.62,519670.34,261646,258544,279.72,282.72,562.44,283,280,0.00,0.00,0,0
1508085653,s5,0.00,0.00,0.00,0,0,0.00,0.00,0.00,0,0,0.00,0.00,0,0
1508085653,s1,0.00,0.00,0.00,0,0,0.00,0.00,0.00,0,0,0.00,0.00,0,0
1508085653,eth0,0.00,0.00,0.00,0,0,0.00,0.00,0.00,0,0,0.00,0.00,0,0
1508085653,eth1,0.00,0.00,0.00,0,0,0.00,0.00,0.00,0,0,0.00,0.00,0,0
1508085653,s2,0.00,0.00,0.00,0,0,0.00,0.00,0.00,0,0,0.00,0.00,0,0
1508085653,s1-eth2,8108.00,254352.00,262460.00,254352,8108,106.00,168.00,274.00,168,106,0.00,0.00,0,0
1508085653,s1-eth1,251324.00,8120.00,259444.00,8120,251324,166.00,106.00,272.00,106,166,0.00,0.00,0,0
1508085653,s2-eth2,0.00,0.00,0.00,0,0,0.00,0.00,0.00,0,0,0.00,0.00,0,0
1508085653,s2-eth1,0.00,0.00,0.00,0,0,0.00,0.00,0.00,0,0,0.00,0.00,0,0
1508085653,lo,344.00,344.00,688.00,344,344,6.00,6.00,12.00,6,6,0.00,0.00,0,0
1508085653,s4,0.00,0.00,0.00,0,0,0.00,0.00,0.00,0,0,0.00,0.00,0,0
1508085653,total,259776.00,262816.00,522592.00,262816,259776,278.00,280.00,558.00,280,278,0.00,0.00,0,0
1508085654,s5,0.00,0.00,0.00,0,0,0.00,0.00,0.00,0,0,0.00,0.00,0,0
1508085654,s1,0.00,0.00,0.00,0,0,0.00,0.00,0.00,0,0,0.00,0.00,0,0
1508085654,eth0,0.00,0.00,0.00,0,0,0.00,0.00,0.00,0,0,0.00,0.00,0,0
1508085654,eth1,0.00,0.00,0.00,0,0,0.00,0.00,0.00,0,0,0.00,0.00,0,0
1508085654,s2,0.00,0.00,0.00,0,0,0.00,0.00,0.00,0,0,0.00,0.00,0,0
1508085654,s1-eth2,9416.00,258894.00,268310.00,258894,9416,122.00,171.00,293.00,171,122,0.00,0.00,0,0
1508085654,s1-eth1,249810.00,9404.00,259214.00,9404,249810,165.00,122.00,287.00,122,165,0.00,0.00,0,0
1508085654,s2-eth2,342.00,0.00,342.00,0,342,1.00,0.00,1.00,0,1,0.00,0.00,0,0
1508085654,s2-eth1,0.00,0.00,0.00,0,0,0.00,0.00,0.00,0,0,0.00,0.00,0,0
1508085654,lo,0.00,0.00,0.00,0,0,0.00,0.00,0.00,0,0,0.00,0.00,0,0
1508085654,s4,0.00,0.00,0.00,0,0,0.00,0.00,0.00,0,0,0.00,0.00,0,0
1508085654,total,259568.00,268298.00,527866.00,268298,259568,288.00,293.00,581.00,293,288,0.00,0.00,0,0
1508085655,s5,0.00,0.00,0.00,0,0,0.00,0.00,0.00,0,0,0.00,0.00,0,0
1508085655,s1,0.00,0.00,0.00,0,0,0.00,0.00,0.00,0,0,0.00,0.00,0,0
1508085655,eth0,0.00,0.00,0.00,0,0,0.00,0.00,0.00,0,0,0.00,0.00,0,0
1508085655,eth1,0.00,0.00,0.00,0,0,0.00,0.00,0.00,0,0,0.00,0.00,0,0
1508085655,s2,0.00,0.00,0.00,0,0,0.00,0.00,0.00,0,0,0.00,0.00,0,0
1508085655,s1-eth2,9060.00,255866.00,264926.00,255866,9060,118.00,169.00,287.00,169,118,0.00,0.00,0,0
1508085655,s1-eth1,249810.00,8986.00,258796.00,8986,249810,165.00,117.00,282.00,117,165,0.00,0.00,0,0
1508085655,s2-eth2,0.00,0.00,0.00,0,0,0.00,0.00,0.00,0,0,0.00,0.00,0,0
1508085655,s2-eth1,0.00,0.00,0.00,0,0,0.00,0.00,0.00,0,0,0.00,0.00,0,0
1508085655,lo,0.00,0.00,0.00,0,0,0.00,0.00,0.00,0,0,0.00,0.00,0,0
1508085655,s4,0.00,0.00,0.00,0,0,0.00,0.00,0.00,0,0,0.00,0.00,0,0
1508085655,total,258870.00,264852.00,523722.00,264852,258870,283.00,286.00,569.00,286,283,0.00,0.00,0,0
1508085656,s5,0.00,0.00,0.00,0,0,0.00,0.00,0.00,0,0,0.00,0.00,0,0
1508085656,s1,0.00,0.00,0.00,0,0,0.00,0.00,0.00,0,0,0.00,0.00,0,0
1508085656,eth0,0.00,0.00,0.00,0,0,0.00,0.00,0.00,0,0,0.00,0.00,0,0
1508085656,eth1,0.00,0.00,0.00,0,0,0.00,0.00,0.00,0,0,0.00,0.00,0,0
1508085656,s2,0.00,0.00,0.00,0,0,0.00,0.00,0.00,0,0,0.00,0.00,0,0
1508085656,s1-eth2,8662.00,255866.00,264528.00,255866,8662,113.00,169.00,282.00,169,113,0.00,0.00,0,0
1508085656,s1-eth1,249810.00,8662.00,258472.00,8662,249810,165.00,113.00,278.00,113,165,0.00,0.00,0,0
1508085656,s2-eth2,0.00,0.00,0.00,0,0,0.00,0.00,0.00,0,0,0.00,0.00,0,0
1508085656,s2-eth1,0.00,0.00,0.00,0,0,0.00,0.00,0.00,0,0,0.00,0.00,0,0
1508085656,lo,0.00,0.00,0.00,0,0,0.00,0.00,0.00,0,0,0.00,0.00,0,0
1508085656,s4,0.00,0.00,0.00,0,0,0.00,0.00,0.00,0,0,0.00,0.00,0,0
1508085656,total,258472.00,264528.00,523000.00,264528,258472,278.00,282.00,560.00,282,278,0.00,0.00,0,0
1508085657,s5,0.00,0.00,0.00,0,0,0.00,0.00,0.00,0,0,0.00,0.00,0,0
1508085657,s1,0.00,0.00,0.00,0,0,0.00,0.00,0.00,0,0,0.00,0.00,0,0
1508085657,eth0,0.00,0.00,0.00,0,0,0.00,0.00,0.00,0,0,0.00,0.00,0,0
1508085657,eth1,0.00,0.00,0.00,0,0,0.00,0.00,0.00,0,0,0.00,0.00,0,0
1508085657,s2,0.00,0.00,0.00,0,0,0.00,0.00,0.00,0,0,0.00,0.00,0,0
1508085657,s1-eth2,9622.00,258936.00,268558.00,258936,9622,121.00,172.00,293.00,172,121,0.00,0.00,0,0
1508085657,s1-eth1,249852.00,9280.00,259132.00,9280,249852,166.00,120.00,286.00,120,166,0.00,0.00,0,0
1508085657,s2-eth2,0.00,0.00,0.00,0,0,0.00,0.00,0.00,0,0,0.00,0.00,0,0
1508085657,s2-eth1,0.00,0.00,0.00,0,0,0.00,0.00,0.00,0,0,0.00,0.00,0,0
1508085657,lo,468.00,468.00,936.00,468,468,6.00,6.00,12.00,6,6,0.00,0.00,0,0
1508085657,s4,0.00,0.00,0.00,0,0,0.00,0.00,0.00,0,0,0.00,0.00,0,0
1508085657,total,259942.00,268684.00,528626.00,268684,259942,293.00,298.00,591.00,298,293,0.00,0.00,0,0
1508085658,s5,0.00,0.00,0.00,0,0,0.00,0.00,0.00,0,0,0.00,0.00,0,0
1508085658,s1,0.00,0.00,0.00,0,0,0.00,0.00,0.00,0,0,0.00,0.00,0,0
1508085658,eth0,0.00,0.00,0.00,0,0,0.00,0.00,0.00,0,0,0.00,0.00,0,0
1508085658,eth1,0.00,0.00,0.00,0,0,0.00,0.00,0.00,0,0,0.00,0.00,0,0
1508085658,s2,0.00,0.00,0.00,0,0,0.00,0.00,0.00,0,0,0.00,0.00,0,0
1508085658,s1-eth2,9662.34,260147.86,269810.19,260408,9672,125.87,171.83,297.70,172,126,0.00,0.00,0,0
1508085658,s1-eth1,248047.95,9662.34,257710.30,9672,248296,163.84,125.87,289.71,126,164,0.00,0.00,0,0
1508085658,s2-eth2,0.00,0.00,0.00,0,0,0.00,0.00,0.00,0,0,0.00,0.00,0,0
1508085658,s2-eth1,0.00,0.00,0.00,0,0,0.00,0.00,0.00,0,0,0.00,0.00,0,0
1508085658,lo,343.66,343.66,687.31,344,344,5.99,5.99,11.99,6,6,0.00,0.00,0,0
1508085658,s4,0.00,0.00,0.00,0,0,0.00,0.00,0.00,0,0,0.00,0.00,0,0
1508085658,total,258053.95,270153.84,528207.81,270424,258312,295.70,303.70,599.40,304,296,0.00,0.00,0,0
1508085659,s5,0.00,0.00,0.00,0,0,0.00,0.00,0.00,0,0,0.00,0.00,0,0
1508085659,s1,0.00,0.00,0.00,0,0,0.00,0.00,0.00,0,0,0.00,0.00,0,0
1508085659,eth0,0.00,0.00,0.00,0,0,0.00,0.00,0.00,0,0,0.00,0.00,0,0
1508085659,eth1,0.00,0.00,0.00,0,0,0.00,0.00,0.00,0,0,0.00,0.00,0,0
1508085659,s2,0.00,0.00,0.00,0,0,0.00,0.00,0.00,0,0,0.00,0.00,0,0
1508085659,s1-eth2,9440.00,258894.00,268334.00,258894,9440,122.00,171.00,293.00,171,122,0.00,0.00,0,0
1508085659,s1-eth1,249810.00,9440.00,259250.00,9440,249810,165.00,122.00,287.00,122,165,0.00,0.00,0,0
1508085659,s2-eth2,0.00,0.00,0.00,0,0,0.00,0.00,0.00,0,0,0.00,0.00,0,0
1508085659,s2-eth1,0.00,0.00,0.00,0,0,0.00,0.00,0.00,0,0,0.00,0.00,0,0
1508085659,lo,0.00,0.00,0.00,0,0,0.00,0.00,0.00,0,0,0.00,0.00,0,0
1508085659,s4,0.00,0.00,0.00,0,0,0.00,0.00,0.00,0,0,0.00,0.00,0,0
1508085659,total,259250.00,268334.00,527584.00,268334,259250,287.00,293.00,580.00,293,287,0.00,0.00,0,0
1508085660,s5,0.00,0.00,0.00,0,0,0.00,0.00,0.00,0,0,0.00,0.00,0,0
1508085660,s1,0.00,0.00,0.00,0,0,0.00,0.00,0.00,0,0,0.00,0.00,0,0
1508085660,eth0,0.00,0.00,0.00,0,0,0.00,0.00,0.00,0,0,0.00,0.00,0,0
1508085660,eth1,0.00,0.00,0.00,0,0,0.00,0.00,0.00,0,0,0.00,0.00,0,0
1508085660,s2,0.00,0.00,0.00,0,0,0.00,0.00,0.00,0,0,0.00,0.00,0,0
1508085660,s1-eth2,8652.00,255866.00,264518.00,255866,8652,112.00,169.00,281.00,169,112,0.00,0.00,0,0
1508085660,s1-eth1,249810.00,8726.00,258536.00,8726,249810,165.00,113.00,278.00,113,165,0.00,0.00,0,0
1508085660,s2-eth2,0.00,0.00,0.00,0,0,0.00,0.00,0.00,0,0,0.00,0.00,0,0
1508085660,s2-eth1,0.00,0.00,0.00,0,0,0.00,0.00,0.00,0,0,0.00,0.00,0,0
1508085660,lo,0.00,0.00,0.00,0,0,0.00,0.00,0.00,0,0,0.00,0.00,0,0
1508085660,s4,0.00,0.00,0.00,0,0,0.00,0.00,0.00,0,0,0.00,0.00,0,0
1508085660,total,258462.00,264592.00,523054.00,264592,258462,277.00,282.00,559.00,282,277,0.00,0.00,0,0
1508085661,s5,0.00,0.00,0.00,0,0,0.00,0.00,0.00,0,0,0.00,0.00,0,0
1508085661,s1,0.00,0.00,0.00,0,0,0.00,0.00,0.00,0,0,0.00,0.00,0,0
1508085661,eth0,456.00,735.00,1191.00,735,456,6.00,6.00,12.00,6,6,0.00,0.00,0,0
1508085661,eth1,0.00,0.00,0.00,0,0,0.00,0.00,0.00,0,0,0.00,0.00,0,0
1508085661,s2,0.00,0.00,0.00,0,0,0.00,0.00,0.00,0,0,0.00,0.00,0,0
1508085661,s1-eth2,9402.00,255866.00,265268.00,255866,9402,119.00,169.00,288.00,169,119,0.00,0.00,0,0
1508085661,s1-eth1,250262.00,8798.00,259060.00,8798,250262,167.00,115.00,282.00,115,167,0.00,0.00,0,0
1508085661,s2-eth2,452.00,0.00,452.00,0,452,2.00,0.00,2.00,0,2,0.00,0.00,0,0
1508085661,s2-eth1,110.00,0.00,110.00,0,110,1.00,0.00,1.00,0,1,0.00,0.00,0,0
1508085661,lo,1195.00,1195.00,2390.00,1195,1195,15.00,15.00,30.00,15,15,0.00,0.00,0,0
1508085661,s4,0.00,0.00,0.00,0,0,0.00,0.00,0.00,0,0,0.00,0.00,0,0
1508085661,total,261877.00,266594.00,528471.00,266594,261877,310.00,305.00,615.00,305,310,0.00,0.00,0,0
1508085662,s5,0.00,0.00,0.00,0,0,0.00,0.00,0.00,0,0,0.00,0.00,0,0
1508085662,s1,0.00,0.00,0.00,0,0,0.00,0.00,0.00,0,0,0.00,0.00,0,0
1508085662,eth0,151.85,244.76,396.60,245,152,2.00,2.00,4.00,2,2,0.00,0.00,0,0
1508085662,eth1,0.00,0.00,0.00,0,0,0.00,0.00,0.00,0,0,0.00,0.00,0,0
1508085662,s2,0.00,0.00,0.00,0,0,0.00,0.00,0.00,0,0,0.00,0.00,0,0
1508085662,s1-eth2,10083.92,260147.86,270231.78,260408,10094,128.87,171.83,300.70,172,129,0.00,0.00,0,0
1508085662,s1-eth1,249748.27,9810.19,259558.45,9820,249998,166.83,125.87,292.71,126,167,0.00,0.00,0,0
1508085662,s2-eth2,187.81,0.00,187.81,0,188,2.00,0.00,2.00,0,2,0.00,0.00,0,0
1508085662,s2-eth1,529.47,0.00,529.47,0,530,3.00,0.00,3.00,0,3,0.00,0.00,0,0
1508085662,lo,512.49,512.49,1024.98,513,513,6.99,6.99,13.99,7,7,0.00,0.00,0,0
1508085662,s4,0.00,0.00,0.00,0,0,0.00,0.00,0.00,0,0,0.00,0.00,0,0
1508085662,total,261213.80,270715.28,531929.06,270986,261475,309.69,306.69,616.38,307,310,0.00,0.00,0,0
1508085663,s5,0.00,0.00,0.00,0,0,0.00,0.00,0.00,0,0,0.00,0.00,0,0
1508085663,s1,0.00,0.00,0.00,0,0,0.00,0.00,0.00,0,0,0.00,0.00,0,0
1508085663,eth0,456.00,735.00,1191.00,735,456,6.00,6.00,12.00,6,6,0.00,0.00,0,0
1508085663,eth1,0.00,0.00,0.00,0,0,0.00,0.00,0.00,0,0,0.00,0.00,0,0
1508085663,s2,0.00,0.00,0.00,0,0,0.00,0.00,0.00,0,0,0.00,0.00,0,0
1508085663,s1-eth2,12600.00,261922.00,274522.00,261922,12600,146.00,173.00,319.00,173,146,0.00,0.00,0,0
1508085663,s1-eth1,249078.00,10658.00,259736.00,10658,249078,169.00,137.00,306.00,137,169,0.00,0.00,0,0
1508085663,s2-eth2,999.00,0.00,999.00,0,999,7.00,0.00,7.00,0,7,0.00,0.00,0,0
1508085663,s2-eth1,1434.00,0.00,1434.00,0,1434,9.00,0.00,9.00,0,9,0.00,0.00,0,0
1508085663,lo,1367.00,1367.00,2734.00,1367,1367,18.00,18.00,36.00,18,18,0.00,0.00,0,0
1508085663,s4,0.00,0.00,0.00,0,0,0.00,0.00,0.00,0,0,0.00,0.00,0,0
1508085663,total,265934.00,274682.00,540616.00,274682,265934,355.00,334.00,689.00,334,355,0.00,0.00,0,0
1508085664,s5,0.00,0.00,0.00,0,0,0.00,0.00,0.00,0,0,0.00,0.00,0,0
1508085664,s1,0.00,0.00,0.00,0,0,0.00,0.00,0.00,0,0,0.00,0.00,0,0
1508085664,eth0,152.00,245.00,397.00,245,152,2.00,2.00,4.00,2,2,0.00,0.00,0,0
1508085664,eth1,0.00,0.00,0.00,0,0,0.00,0.00,0.00,0,0,0.00,0.00,0,0
1508085664,s2,0.00,0.00,0.00,0,0,0.00,0.00,0.00,0,0,0.00,0.00,0,0
1508085664,s1-eth2,9134.00,251324.00,260458.00,251324,9134,116.00,166.00,282.00,166,116,0.00,0.00,0,0
1508085664,s1-eth1,249620.00,8760.00,258380.00,8760,249620,170.00,114.00,284.00,114,170,0.00,0.00,0,0
1508085664,s2-eth2,1214.00,0.00,1214.00,0,1214,5.00,0.00,5.00,0,5,0.00,0.00,0,0
1508085664,s2-eth1,1046.00,0.00,1046.00,0,1046,4.00,0.00,4.00,0,4,0.00,0.00,0,0
1508085664,lo,341.00,341.00,682.00,341,341,4.00,4.00,8.00,4,4,0.00,0.00,0,0
1508085664,s4,0.00,0.00,0.00,0,0,0.00,0.00,0.00,0,0,0.00,0.00,0,0
1508085664,total,261507.00,260670.00,522177.00,260670,261507,301.00,286.00,587.00,286,301,0.00,0.00,0,0
1508085665,s5,0.00,0.00,0.00,0,0,0.00,0.00,0.00,0,0,0.00,0.00,0,0
1508085665,s1,0.00,0.00,0.00,0,0,0.00,0.00,0.00,0,0,0.00,0.00,0,0
1508085665,eth0,0.00,0.00,0.00,0,0,0.00,0.00,0.00,0,0,0.00,0.00,0,0
1508085665,eth1,0.00,0.00,0.00,0,0,0.00,0.00,0.00,0,0,0.00,0.00,0,0
1508085665,s2,0.00,0.00,0.00,0,0,0.00,0.00,0.00,0,0,0.00,0.00,0,0
1508085665,s1-eth2,7185.81,261660.34,268846.16,261922,7193,89.91,172.83,262.74,173,90,0.00,0.00,0,0
1508085665,s1-eth1,250495.52,6517.48,257013.00,6524,250746,167.83,87.91,255.74,88,168,0.00,0.00,0,0
1508085665,s2-eth2,935.06,0.00,935.06,0,936,3.00,0.00,3.00,0,3,0.00,0.00,0,0
1508085665,s2-eth1,668.33,0.00,668.33,0,669,2.00,0.00,2.00,0,2,0.00,0.00,0,0
1508085665,lo,0.00,0.00,0.00,0,0,0.00,0.00,0.00,0,0,0.00,0.00,0,0
1508085665,s4,0.00,0.00,0.00,0,0,0.00,0.00,0.00,0,0,0.00,0.00,0,0
1508085665,total,259284.72,268177.84,527462.56,268446,259544,262.74,260.74,523.48,261,263,0.00,0.00,0,0
1508085666,s5,0.00,0.00,0.00,0,0,0.00,0.00,0.00,0,0,0.00,0.00,0,0
1508085666,s1,0.00,0.00,0.00,0,0,0.00,0.00,0.00,0,0,0.00,0.00,0,0
1508085666,eth0,59.94,59.94,119.88,60,60,1.00,1.00,2.00,1,1,0.00,0.00,0,0
1508085666,eth1,0.00,0.00,0.00,0,0,0.00,0.00,0.00,0,0,0.00,0.00,0,0
1508085666,s2,0.00,0.00,0.00,0,0,0.00,0.00,0.00,0,0,0.00,0.00,0,0
1508085666,s1-eth2,10113.89,246535.47,256649.36,246782,10124,126.87,162.84,289.71,163,127,0.00,0.00,0,0
1508085666,s1-eth1,249667.34,9670.33,259337.67,9680,249917,165.83,123.88,289.71,124,166,0.00,0.00,0,0
1508085666,s2-eth2,106.89,0.00,106.89,0,107,1.00,0.00,1.00,0,1,0.00,0.00,0,0
1508085666,s2-eth1,373.63,0.00,373.63,0,374,2.00,0.00,2.00,0,2,0.00,0.00,0,0
1508085666,lo,171.83,171.83,343.66,172,172,3.00,3.00,5.99,3,3,0.00,0.00,0,0
1508085666,s4,0.00,0.00,0.00,0,0,0.00,0.00,0.00,0,0,0.00,0.00,0,0
1508085666,total,260493.52,256437.56,516931.09,256694,260754,299.70,290.71,590.41,291,300,0.00,0.00,0,0
1508085667,s5,0.00,0.00,0.00,0,0,0.00,0.00,0.00,0,0,0.00,0.00,0,0
1508085667,s1,0.00,0.00,0.00,0,0,0.00,0.00,0.00,0,0,0.00,0.00,0,0
1508085667,eth0,0.00,0.00,0.00,0,0,0.00,0.00,0.00,0,0,0.00,0.00,0,0
1508085667,eth1,0.00,0.00,0.00,0,0,0.00,0.00,0.00,0,0,0.00,0.00,0,0
1508085667,s2,0.00,0.00,0.00,0,0,0.00,0.00,0.00,0,0,0.00,0.00,0,0
1508085667,s1-eth2,10711.00,257380.00,268091.00,257380,10711,135.00,170.00,305.00,170,135,0.00,0.00,0,0
1508085667,s1-eth1,247446.00,10384.00,257830.00,10384,247446,166.00,134.00,300.00,134,166,0.00,0.00,0,0
1508085667,s2-eth2,664.00,0.00,664.00,0,664,3.00,0.00,3.00,0,3,0.00,0.00,0,0
1508085667,s2-eth1,397.00,0.00,397.00,0,397,2.00,0.00,2.00,0,2,0.00,0.00,0,0
1508085667,lo,172.00,172.00,344.00,172,172,3.00,3.00,6.00,3,3,0.00,0.00,0,0
1508085667,s4,0.00,0.00,0.00,0,0,0.00,0.00,0.00,0,0,0.00,0.00,0,0
1508085667,total,259390.00,267936.00,527326.00,267936,259390,309.00,307.00,616.00,307,309,0.00,0.00,0,0
1508085668,s5,0.00,0.00,0.00,0,0,0.00,0.00,0.00,0,0,0.00,0.00,0,0
1508085668,s1,0.00,0.00,0.00,0,0,0.00,0.00,0.00,0,0,0.00,0.00,0,0
1508085668,eth0,0.00,0.00,0.00,0,0,0.00,0.00,0.00,0,0,0.00,0.00,0,0
1508085668,eth1,0.00,0.00,0.00,0,0,0.00,0.00,0.00,0,0,0.00,0.00,0,0
1508085668,s2,0.00,0.00,0.00,0,0,0.00,0.00,0.00,0,0,0.00,0.00,0,0
1508085668,s1-eth2,8892.00,255866.00,264758.00,255866,8892,112.00,169.00,281.00,169,112,0.00,0.00,0,0
1508085668,s1-eth1,248296.00,8550.00,256846.00,8550,248296,164.00,111.00,275.00,111,164,0.00,0.00,0,0
1508085668,s2-eth2,0.00,0.00,0.00,0,0,0.00,0.00,0.00,0,0,0.00,0.00,0,0
1508085668,s2-eth1,0.00,0.00,0.00,0,0,0.00,0.00,0.00,0,0,0.00,0.00,0,0
1508085668,lo,344.00,344.00,688.00,344,344,6.00,6.00,12.00,6,6,0.00,0.00,0,0
1508085668,s4,0.00,0.00,0.00,0,0,0.00,0.00,0.00,0,0,0.00,0.00,0,0
1508085668,total,257532.00,264760.00,522292.00,264760,257532,282.00,286.00,568.00,286,282,0.00,0.00,0,0
1508085669,s5,0.00,0.00,0.00,0,0,0.00,0.00,0.00,0,0,0.00,0.00,0,0
1508085669,s1,0.00,0.00,0.00,0,0,0.00,0.00,0.00,0,0,0.00,0.00,0,0
1508085669,eth0,0.00,0.00,0.00,0,0,0.00,0.00,0.00,0,0,0.00,0.00,0,0
1508085669,eth1,0.00,0.00,0.00,0,0,0.00,0.00,0.00,0,0,0.00,0.00,0,0
1508085669,s2,0.00,0.00,0.00,0,0,0.00,0.00,0.00,0,0,0.00,0.00,0,0
1508085669,s1-eth2,9168.83,254097.91,263266.75,254352,9178,118.88,167.83,286.71,168,119,0.00,0.00,0,0
1508085669,s1-eth1,248047.95,9262.74,257310.70,9272,248296,163.84,119.88,283.72,120,164,0.00,0.00,0,0
1508085669,s2-eth2,341.66,0.00,341.66,0,342,1.00,0.00,1.00,0,1,0.00,0.00,0,0
1508085669,s2-eth1,0.00,0.00,0.00,0,0,0.00,0.00,0.00,0,0,0.00,0.00,0,0
1508085669,lo,0.00,0.00,0.00,0,0,0.00,0.00,0.00,0,0,0.00,0.00,0,0
1508085669,s4,0.00,0.00,0.00,0,0,0.00,0.00,0.00,0,0,0.00,0.00,0,0
1508085669,total,257558.45,263360.66,520919.09,263624,257816,283.72,287.71,571.43,288,284,0.00,0.00,0,0
1508085670,s5,0.00,0.00,0.00,0,0,0.00,0.00,0.00,0,0,0.00,0.00,0,0
1508085670,s1,0.00,0.00,0.00,0,0,0.00,0.00,0.00,0,0,0.00,0.00,0,0
1508085670,eth0,0.00,0.00,0.00,0,0,0.00,0.00,0.00,0,0,0.00,0.00,0,0
1508085670,eth1,0.00,0.00,0.00,0,0,0.00,0.00,0.00,0,0,0.00,0.00,0,0
1508085670,s2,0.00,0.00,0.00,0,0,0.00,0.00,0.00,0,0,0.00,0.00,0,0
1508085670,s1-eth2,9969.00,261922.00,271891.00,261922,9969,128.00,173.00,301.00,173,128,0.00,0.00,0,0
1508085670,s1-eth1,249917.00,9698.00,259615.00,9698,249917,166.00,125.00,291.00,125,166,0.00,0.00,0,0
1508085670,s2-eth2,107.00,0.00,107.00,0,107,1.00,0.00,1.00,0,1,0.00,0.00,0,0
1508085670,s2-eth1,107.00,0.00,107.00,0,107,1.00,0.00,1.00,0,1,0.00,0.00,0,0
1508085670,lo,0.00,0.00,0.00,0,0,0.00,0.00,0.00,0,0,0.00,0.00,0,0
1508085670,s4,0.00,0.00,0.00,0,0,0.00,0.00,0.00,0,0,0.00,0.00,0,0
1508085670,total,260100.00,271620.00,531720.00,271620,260100,296.00,298.00,594.00,298,296,0.00,0.00,0,0
1508085671,s5,0.00,0.00,0.00,0,0,0.00,0.00,0.00,0,0,0.00,0.00,0,0
1508085671,s1,0.00,0.00,0.00,0,0,0.00,0.00,0.00,0,0,0.00,0.00,0,0
1508085671,eth0,0.00,0.00,0.00,0,0,0.00,0.00,0.00,0,0,0.00,0.00,0,0
1508085671,eth1,0.00,0.00,0.00,0,0,0.00,0.00,0.00,0,0,0.00,0.00,0,0
1508085671,s2,0.00,0.00,0.00,0,0,0.00,0.00,0.00,0,0,0.00,0.00,0,0
1508085671,s1-eth2,9756.00,255866.00,265622.00,255866,9756,126.00,169.00,295.00,169,126,0.00,0.00,0,0
1508085671,s1-eth1,249880.00,9756.00,259636.00,9756,249880,166.00,126.00,292.00,126,166,0.00,0.00,0,0
1508085671,s2-eth2,70.00,0.00,70.00,0,70,1.00,0.00,1.00,0,1,0.00,0.00,0,0
1508085671,s2-eth1,70.00,0.00,70.00,0,70,1.00,0.00,1.00,0,1,0.00,0.00,0,0
1508085671,lo,172.00,172.00,344.00,172,172,3.00,3.00,6.00,3,3,0.00,0.00,0,0
1508085671,s4,0.00,0.00,0.00,0,0,0.00,0.00,0.00,0,0,0.00,0.00,0,0
1508085671,total,259948.00,265794.00,525742.00,265794,259948,297.00,298.00,595.00,298,297,0.00,0.00,0,0
1508085672,s5,0.00,0.00,0.00,0,0,0.00,0.00,0.00,0,0,0.00,0.00,0,0
1508085672,s1,0.00,0.00,0.00,0,0,0.00,0.00,0.00,0,0,0.00,0.00,0,0
1508085672,eth0,0.00,0.00,0.00,0,0,0.00,0.00,0.00,0,0,0.00,0.00,0,0
1508085672,eth1,0.00,0.00,0.00,0,0,0.00,0.00,0.00,0,0,0.00,0.00,0,0
1508085672,s2,0.00,0.00,0.00,0,0,0.00,0.00,0.00,0,0,0.00,0.00,0,0
1508085672,s1-eth2,11218.00,266464.00,277682.00,266464,11218,139.00,176.00,315.00,176,139,0.00,0.00,0,0
1508085672,s1-eth1,246782.00,11036.00,257818.00,11036,246782,163.00,140.00,303.00,140,163,0.00,0.00,0,0
1508085672,s2-eth2,0.00,0.00,0.00,0,0,0.00,0.00,0.00,0,0,0.00,0.00,0,0
1508085672,s2-eth1,0.00,0.00,0.00,0,0,0.00,0.00,0.00,0,0,0.00,0.00,0,0
1508085672,lo,172.00,172.00,344.00,172,172,3.00,3.00,6.00,3,3,0.00,0.00,0,0
1508085672,s4,0.00,0.00,0.00,0,0,0.00,0.00,0.00,0,0,0.00,0.00,0,0
1508085672,total,258172.00,277672.00,535844.00,277672,258172,305.00,319.00,624.00,319,305,0.00,0.00,0,0
1508085673,s5,0.00,0.00,0.00,0,0,0.00,0.00,0.00,0,0,0.00,0.00,0,0
1508085673,s1,0.00,0.00,0.00,0,0,0.00,0.00,0.00,0,0,0.00,0.00,0,0
1508085673,eth0,0.00,0.00,0.00,0,0,0.00,0.00,0.00,0,0,0.00,0.00,0,0
1508085673,eth1,0.00,0.00,0.00,0,0,0.00,0.00,0.00,0,0,0.00,0.00,0,0
1508085673,s2,0.00,0.00,0.00,0,0,0.00,0.00,0.00,0,0,0.00,0.00,0,0
1508085673,s1-eth2,8860.00,249810.00,258670.00,249810,8860,116.00,165.00,281.00,165,116,0.00,0.00,0,0
1508085673,s1-eth1,242582.00,8786.00,251368.00,8786,242582,161.00,115.00,276.00,115,161,0.00,0.00,0,0
1508085673,s2-eth2,0.00,0.00,0.00,0,0,0.00,0.00,0.00,0,0,0.00,0.00,0,0
1508085673,s2-eth1,342.00,0.00,342.00,0,342,1.00,0.00,1.00,0,1,0.00,0.00,0,0
1508085673,lo,344.00,344.00,688.00,344,344,6.00,6.00,12.00,6,6,0.00,0.00,0,0
1508085673,s4,0.00,0.00,0.00,0,0,0.00,0.00,0.00,0,0,0.00,0.00,0,0
1508085673,total,252128.00,258940.00,511068.00,258940,252128,284.00,286.00,570.00,286,284,0.00,0.00,0,0
1508085674,s5,0.00,0.00,0.00,0,0,0.00,0.00,0.00,0,0,0.00,0.00,0,0
1508085674,s1,0.00,0.00,0.00,0,0,0.00,0.00,0.00,0,0,0.00,0.00,0,0
1508085674,eth0,0.00,0.00,0.00,0,0,0.00,0.00,0.00,0,0,0.00,0.00,0,0
1508085674,eth1,0.00,0.00,0.00,0,0,0.00,0.00,0.00,0,0,0.00,0.00,0,0
1508085674,s2,0.00,0.00,0.00,0,0,0.00,0.00,0.00,0,0,0.00,0.00,0,0
1508085674,s1-eth2,9056.00,255866.00,264922.00,255866,9056,118.00,169.00,287.00,169,118,0.00,0.00,0,0
1508085674,s1-eth1,249810.00,8970.00,258780.00,8970,249810,165.00,117.00,282.00,117,165,0.00,0.00,0,0
1508085674,s2-eth2,0.00,0.00,0.00,0,0,0.00,0.00,0.00,0,0,0.00,0.00,0,0
1508085674,s2-eth1,0.00,0.00,0.00,0,0,0.00,0.00,0.00,0,0,0.00,0.00,0,0
1508085674,lo,0.00,0.00,0.00,0,0,0.00,0.00,0.00,0,0,0.00,0.00,0,0
1508085674,s4,0.00,0.00,0.00,0,0,0.00,0.00,0.00,0,0,0.00,0.00,0,0
1508085674,total,258866.00,264836.00,523702.00,264836,258866,283.00,286.00,569.00,286,283,0.00,0.00,0,0
1508085675,s5,0.00,0.00,0.00,0,0,0.00,0.00,0.00,0,0,0.00,0.00,0,0
1508085675,s1,0.00,0.00,0.00,0,0,0.00,0.00,0.00,0,0,0.00,0.00,0,0
1508085675,eth0,0.00,0.00,0.00,0,0,0.00,0.00,0.00,0,0,0.00,0.00,0,0
1508085675,eth1,0.00,0.00,0.00,0,0,0.00,0.00,0.00,0,0,0.00,0.00,0,0
1508085675,s2,0.00,0.00,0.00,0,0,0.00,0.00,0.00,0,0,0.00,0.00,0,0
1508085675,s1-eth2,726.00,9088.00,9814.00,9088,726,9.00,10.00,19.00,10,9,0.00,0.00,0,0
1508085675,s1-eth1,12042.00,726.00,12768.00,726,12042,11.00,9.00,20.00,9,11,0.00,0.00,0,0
1508085675,s2-eth2,0.00,0.00,0.00,0,0,0.00,0.00,0.00,0,0,0.00,0.00,0,0
1508085675,s2-eth1,0.00,0.00,0.00,0,0,0.00,0.00,0.00,0,0,0.00,0.00,0,0
1508085675,lo,0.00,0.00,0.00,0,0,0.00,0.00,0.00,0,0,0.00,0.00,0,0
1508085675,s4,0.00,0.00,0.00,0,0,0.00,0.00,0.00,0,0,0.00,0.00,0,0
1508085675,total,12768.00,9814.00,22582.00,9814,12768,20.00,19.00,39.00,19,20,0.00,0.00,0,0
1508085676,s5,0.00,0.00,0.00,0,0,0.00,0.00,0.00,0,0,0.00,0.00,0,0
1508085676,s1,0.00,0.00,0.00,0,0,0.00,0.00,0.00,0,0,0.00,0.00,0,0
1508085676,eth0,0.00,0.00,0.00,0,0,0.00,0.00,0.00,0,0,0.00,0.00,0,0
1508085676,eth1,0.00,0.00,0.00,0,0,0.00,0.00,0.00,0,0,0.00,0.00,0,0
1508085676,s2,0.00,0.00,0.00,0,0,0.00,0.00,0.00,0,0,0.00,0.00,0,0
1508085676,s1-eth2,0.00,0.00,0.00,0,0,0.00,0.00,0.00,0,0,0.00,0.00,0,0
1508085676,s1-eth1,0.00,0.00,0.00,0,0,0.00,0.00,0.00,0,0,0.00,0.00,0,0
1508085676,s2-eth2,0.00,0.00,0.00,0,0,0.00,0.00,0.00,0,0,0.00,0.00,0,0
1508085676,s2-eth1,0.00,0.00,0.00,0,0,0.00,0.00,0.00,0,0,0.00,0.00,0,0
1508085676,lo,171.83,171.83,343.66,172,172,3.00,3.00,5.99,3,3,0.00,0.00,0,0
1508085676,s4,0.00,0.00,0.00,0,0,0.00,0.00,0.00,0,0,0.00,0.00,0,0
1508085676,total,171.83,171.83,343.66,172,172,3.00,3.00,5.99,3,3,0.00,0.00,0,0
1508085677,s5,0.00,0.00,0.00,0,0,0.00,0.00,0.00,0,0,0.00,0.00,0,0
1508085677,s1,0.00,0.00,0.00,0,0,0.00,0.00,0.00,0,0,0.00,0.00,0,0
1508085677,eth0,0.00,0.00,0.00,0,0,0.00,0.00,0.00,0,0,0.00,0.00,0,0
1508085677,eth1,0.00,0.00,0.00,0,0,0.00,0.00,0.00,0,0,0.00,0.00,0,0
1508085677,s2,0.00,0.00,0.00,0,0,0.00,0.00,0.00,0,0,0.00,0.00,0,0
1508085677,s1-eth2,0.00,0.00,0.00,0,0,0.00,0.00,0.00,0,0,0.00,0.00,0,0
1508085677,s1-eth1,0.00,0.00,0.00,0,0,0.00,0.00,0.00,0,0,0.00,0.00,0,0
1508085677,s2-eth2,0.00,0.00,0.00,0,0,0.00,0.00,0.00,0,0,0.00,0.00,0,0
1508085677,s2-eth1,0.00,0.00,0.00,0,0,0.00,0.00,0.00,0,0,0.00,0.00,0,0
1508085677,lo,171.83,171.83,343.66,172,172,3.00,3.00,5.99,3,3,0.00,0.00,0,0
1508085677,s4,0.00,0.00,0.00,0,0,0.00,0.00,0.00,0,0,0.00,0.00,0,0
1508085677,total,171.83,171.83,343.66,172,172,3.00,3.00,5.99,3,3,0.00,0.00,0,0
1508085678,s5,0.00,0.00,0.00,0,0,0.00,0.00,0.00,0,0,0.00,0.00,0,0
1508085678,s1,0.00,0.00,0.00,0,0,0.00,0.00,0.00,0,0,0.00,0.00,0,0
1508085678,eth0,0.00,0.00,0.00,0,0,0.00,0.00,0.00,0,0,0.00,0.00,0,0
1508085678,eth1,0.00,0.00,0.00,0,0,0.00,0.00,0.00,0,0,0.00,0.00,0,0
1508085678,s2,0.00,0.00,0.00,0,0,0.00,0.00,0.00,0,0,0.00,0.00,0,0
1508085678,s1-eth2,107.00,0.00,107.00,0,107,1.00,0.00,1.00,0,1,0.00,0.00,0,0
1508085678,s1-eth1,107.00,0.00,107.00,0,107,1.00,0.00,1.00,0,1,0.00,0.00,0,0
1508085678,s2-eth2,107.00,0.00,107.00,0,107,1.00,0.00,1.00,0,1,0.00,0.00,0,0
1508085678,s2-eth1,107.00,0.00,107.00,0,107,1.00,0.00,1.00,0,1,0.00,0.00,0,0
1508085678,lo,344.00,344.00,688.00,344,344,6.00,6.00,12.00,6,6,0.00,0.00,0,0
1508085678,s4,0.00,0.00,0.00,0,0,0.00,0.00,0.00,0,0,0.00,0.00,0,0
1508085678,total,772.00,344.00,1116.00,344,772,10.00,6.00,16.00,6,10,0.00,0.00,0,0
1508085679,s5,0.00,0.00,0.00,0,0,0.00,0.00,0.00,0,0,0.00,0.00,0,0
1508085679,s1,0.00,0.00,0.00,0,0,0.00,0.00,0.00,0,0,0.00,0.00,0,0
1508085679,eth0,0.00,0.00,0.00,0,0,0.00,0.00,0.00,0,0,0.00,0.00,0,0
1508085679,eth1,0.00,0.00,0.00,0,0,0.00,0.00,0.00,0,0,0.00,0.00,0,0
1508085679,s2,0.00,0.00,0.00,0,0,0.00,0.00,0.00,0,0,0.00,0.00,0,0
1508085679,s1-eth2,0.00,0.00,0.00,0,0,0.00,0.00,0.00,0,0,0.00,0.00,0,0
1508085679,s1-eth1,0.00,0.00,0.00,0,0,0.00,0.00,0.00,0,0,0.00,0.00,0,0
1508085679,s2-eth2,0.00,0.00,0.00,0,0,0.00,0.00,0.00,0,0,0.00,0.00,0,0
1508085679,s2-eth1,0.00,0.00,0.00,0,0,0.00,0.00,0.00,0,0,0.00,0.00,0,0
1508085679,lo,0.00,0.00,0.00,0,0,0.00,0.00,0.00,0,0,0.00,0.00,0,0
1508085679,s4,0.00,0.00,0.00,0,0,0.00,0.00,0.00,0,0,0.00,0.00,0,0
1508085679,total,0.00,0.00,0.00,0,0,0.00,0.00,0.00,0,0,0.00,0.00,0,0
1508085680,s5,0.00,0.00,0.00,0,0,0.00,0.00,0.00,0,0,0.00,0.00,0,0
1508085680,s1,0.00,0.00,0.00,0,0,0.00,0.00,0.00,0,0,0.00,0.00,0,0
1508085680,eth0,0.00,0.00,0.00,0,0,0.00,0.00,0.00,0,0,0.00,0.00,0,0
1508085680,eth1,0.00,0.00,0.00,0,0,0.00,0.00,0.00,0,0,0.00,0.00,0,0
1508085680,s2,0.00,0.00,0.00,0,0,0.00,0.00,0.00,0,0,0.00,0.00,0,0
1508085680,s1-eth2,342.00,0.00,342.00,0,342,1.00,0.00,1.00,0,1,0.00,0.00,0,0
1508085680,s1-eth1,0.00,0.00,0.00,0,0,0.00,0.00,0.00,0,0,0.00,0.00,0,0
1508085680,s2-eth2,342.00,0.00,342.00,0,342,1.00,0.00,1.00,0,1,0.00,0.00,0,0
150808568