1508086053,s1,0.00,0.00,0.00,0,0,0.00,0.00,0.00,0,0,0.00,0.00,0,0
1508086053,eth0,0.00,0.00,0.00,0,0,0.00,0.00,0.00,0,0,0.00,0.00,0,0
1508086053,eth1,0.00,0.00,0.00,0,0,0.00,0.00,0.00,0,0,0.00,0.00,0,0
1508086053,s2,0.00,0.00,0.00,0,0,0.00,0.00,0.00,0,0,0.00,0.00,0,0
1508086053,s1-eth2,0.00,0.00,0.00,0,0,0.00,0.00,0.00,0,0,0.00,0.00,0,0
1508086053,s1-eth1,0.00,0.00,0.00,0,0,0.00,0.00,0.00,0,0,0.00,0.00,0,0
1508086053,s3,0.00,0.00,0.00,0,0,0.00,0.00,0.00,0,0,0.00,0.00,0,0
1508086053,s2-eth2,0.00,0.00,0.00,0,0,0.00,0.00,0.00,0,0,0.00,0.00,0,0
1508086053,s2-eth1,0.00,0.00,0.00,0,0,0.00,0.00,0.00,0,0,0.00,0.00,0,0
1508086053,lo,0.00,0.00,0.00,0,0,0.00,0.00,0.00,0,0,0.00,0.00,0,0
1508086053,s3-eth2,0.00,0.00,0.00,0,0,0.00,0.00,0.00,0,0,0.00,0.00,0,0
1508086053,s3-eth1,0.00,0.00,0.00,0,0,0.00,0.00,0.00,0,0,0.00,0.00,0,0
1508086053,total,0.00,0.00,0.00,0,0,0.00,0.00,0.00,0,0,0.00,0.00,0,0
1508086054,s1,250.00,90.00,340.00,90,250,3.00,1.00,4.00,1,3,0.00,0.00,0,0
1508086054,eth0,912.00,1470.00,2382.00,1470,912,12.00,12.00,24.00,12,12,0.00,0.00,0,0
1508086054,eth1,0.00,0.00,0.00,0,0,0.00,0.00,0.00,0,0,0.00,0.00,0,0
1508086054,s2,160.00,250.00,410.00,250,160,2.00,3.00,5.00,3,2,0.00,0.00,0,0
1508086054,s1-eth2,1416.00,0.00,1416.00,0,1416,9.00,0.00,9.00,0,9,0.00,0.00,0,0
1508086054,s1-eth1,1326.00,90.00,1416.00,90,1326,8.00,1.00,9.00,1,8,0.00,0.00,0,0
1508086054,s3,250.00,410.00,660.00,410,250,3.00,5.00,8.00,5,3,0.00,0.00,0,0
1508086054,s2-eth2,1581.00,250.00,1831.00,250,1581,8.00,3.00,11.00,3,8,0.00,0.00,0,0
1508086054,s2-eth1,2858.00,0.00,2858.00,0,2858,17.00,0.00,17.00,0,17,0.00,0.00,0,0
1508086054,lo,6770.00,6770.00,13540.00,6770,6770,74.00,74.00,148.00,74,74,0.00,0.00,0,0
1508086054,s3-eth2,2279.00,160.00,2439.00,160,2279,16.00,2.00,18.00,2,16,0.00,0.00,0,0
1508086054,s3-eth1,2516.00,250.00,2766.00,250,2516,16.00,3.00,19.00,3,16,0.00,0.00,0,0
1508086054,total,20318.00,9740.00,30058.00,9740,20318,168.00,104.00,272.00,104,168,0.00,0.00,0,0
1508086055,s1,0.00,0.00,0.00,0,0,0.00,0.00,0.00,0,0,0.00,0.00,0,0
1508086055,eth0,152.00,245.00,397.00,245,152,2.00,2.00,4.00,2,2,0.00,0.00,0,0
1508086055,eth1,0.00,0.00,0.00,0,0,0.00,0.00,0.00,0,0,0.00,0.00,0,0
1508086055,s2,90.00,0.00,90.00,0,90,1.00,0.00,1.00,0,1,0.00,0.00,0,0
1508086055,s1-eth2,669.00,0.00,669.00,0,669,2.00,0.00,2.00,0,2,0.00,0.00,0,0
1508086055,s1-eth1,669.00,0.00,669.00,0,669,2.00,0.00,2.00,0,2,0.00,0.00,0,0
1508086055,s3,0.00,90.00,90.00,90,0,0.00,1.00,1.00,1,0,0.00,0.00,0,0
1508086055,s2-eth2,759.00,0.00,759.00,0,759,3.00,0.00,3.00,0,3,0.00,0.00,0,0
1508086055,s2-eth1,711.00,0.00,711.00,0,711,4.00,0.00,4.00,0,4,0.00,0.00,0,0
1508086055,lo,917.00,917.00,1834.00,917,917,10.00,10.00,20.00,10,10,0.00,0.00,0,0
1508086055,s3-eth2,963.00,90.00,1053.00,90,963,4.00,1.00,5.00,1,4,0.00,0.00,0,0
1508086055,s3-eth1,726.00,0.00,726.00,0,726,4.00,0.00,4.00,0,4,0.00,0.00,0,0
1508086055,total,5656.00,1342.00,6998.00,1342,5656,32.00,14.00,46.00,14,32,0.00,0.00,0,0
1508086056,s1,0.00,0.00,0.00,0,0,0.00,0.00,0.00,0,0,0.00,0.00,0,0
1508086056,eth0,0.00,0.00,0.00,0,0,0.00,0.00,0.00,0,0,0.00,0.00,0,0
1508086056,eth1,0.00,0.00,0.00,0,0,0.00,0.00,0.00,0,0,0.00,0.00,0,0
1508086056,s2,0.00,0.00,0.00,0,0,0.00,0.00,0.00,0,0,0.00,0.00,0,0
1508086056,s1-eth2,374.00,0.00,374.00,0,374,2.00,0.00,2.00,0,2,0.00,0.00,0,0
1508086056,s1-eth1,374.00,0.00,374.00,0,374,2.00,0.00,2.00,0,2,0.00,0.00,0,0
1508086056,s3,0.00,0.00,0.00,0,0,0.00,0.00,0.00,0,0,0.00,0.00,0,0
1508086056,s2-eth2,374.00,0.00,374.00,0,374,2.00,0.00,2.00,0,2,0.00,0.00,0,0
1508086056,s2-eth1,0.00,0.00,0.00,0,0,0.00,0.00,0.00,0,0,0.00,0.00,0,0
1508086056,lo,0.00,0.00,0.00,0,0,0.00,0.00,0.00,0,0,0.00,0.00,0,0
1508086056,s3-eth2,327.00,0.00,327.00,0,327,1.00,0.00,1.00,0,1,0.00,0.00,0,0
1508086056,s3-eth1,327.00,0.00,327.00,0,327,1.00,0.00,1.00,0,1,0.00,0.00,0,0
1508086056,total,1776.00,0.00,1776.00,0,1776,8.00,0.00,8.00,0,8,0.00,0.00,0,0
1508086057,s1,0.00,140.00,140.00,140,0,0.00,2.00,2.00,2,0,0.00,0.00,0,0
1508086057,eth0,60.00,60.00,120.00,60,60,1.00,1.00,2.00,1,1,0.00,0.00,0,0
1508086057,eth1,0.00,0.00,0.00,0,0,0.00,0.00,0.00,0,0,0.00,0.00,0,0
1508086057,s2,0.00,70.00,70.00,70,0,0.00,1.00,1.00,1,0,0.00,0.00,0,0
1508086057,s1-eth2,509.00,112.00,621.00,112,509,4.00,2.00,6.00,2,4,0.00,0.00,0,0
1508086057,s1-eth1,509.00,112.00,621.00,112,509,4.00,2.00,6.00,2,4,0.00,0.00,0,0
1508086057,s3,0.00,0.00,0.00,0,0,0.00,0.00,0.00,0,0,0.00,0.00,0,0
1508086057,s2-eth2,467.00,0.00,467.00,0,467,3.00,0.00,3.00,0,3,0.00,0.00,0,0
1508086057,s2-eth1,701.00,70.00,771.00,70,701,3.00,1.00,4.00,1,3,0.00,0.00,0,0
1508086057,lo,1344.00,1344.00,2688.00,1344,1344,14.00,14.00,28.00,14,14,0.00,0.00,0,0
1508086057,s3-eth2,374.00,0.00,374.00,0,374,2.00,0.00,2.00,0,2,0.00,0.00,0,0
1508086057,s3-eth1,374.00,0.00,374.00,0,374,2.00,0.00,2.00,0,2,0.00,0.00,0,0
1508086057,total,4338.00,1908.00,6246.00,1908,4338,33.00,23.00,56.00,23,33,0.00,0.00,0,0
1508086058,s1,70.00,0.00,70.00,0,70,1.00,0.00,1.00,0,1,0.00,0.00,0,0
1508086058,eth0,0.00,0.00,0.00,0,0,0.00,0.00,0.00,0,0,0.00,0.00,0,0
1508086058,eth1,0.00,0.00,0.00,0,0,0.00,0.00,0.00,0,0,0.00,0.00,0,0
1508086058,s2,70.00,70.00,140.00,70,70,1.00,1.00,2.00,1,1,0.00,0.00,0,0
1508086058,s1-eth2,70.00,0.00,70.00,0,70,1.00,0.00,1.00,0,1,0.00,0.00,0,0
1508086058,s1-eth1,70.00,0.00,70.00,0,70,1.00,0.00,1.00,0,1,0.00,0.00,0,0
1508086058,s3,70.00,140.00,210.00,140,70,1.00,2.00,3.00,2,1,0.00,0.00,0,0
1508086058,s2-eth2,70.00,70.00,140.00,70,70,1.00,1.00,2.00,1,1,0.00,0.00,0,0
1508086058,s2-eth1,210.00,0.00,210.00,0,210,3.00,0.00,3.00,0,3,0.00,0.00,0,0
1508086058,lo,1660.00,1660.00,3320.00,1660,1660,19.00,19.00,38.00,19,19,0.00,0.00,0,0
1508086058,s3-eth2,537.00,70.00,607.00,70,537,4.00,1.00,5.00,1,4,0.00,0.00,0,0
1508086058,s3-eth1,537.00,70.00,607.00,70,537,4.00,1.00,5.00,1,4,0.00,0.00,0,0
1508086058,total,3364.00,2080.00,5444.00,2080,3364,36.00,25.00,61.00,25,36,0.00,0.00,0,0
1508086059,s1,0.00,0.00,0.00,0,0,0.00,0.00,0.00,0,0,0.00,0.00,0,0
1508086059,eth0,0.00,0.00,0.00,0,0,0.00,0.00,0.00,0,0,0.00,0.00,0,0
1508086059,eth1,0.00,0.00,0.00,0,0,0.00,0.00,0.00,0,0,0.00,0.00,0,0
1508086059,s2,0.00,0.00,0.00,0,0,0.00,0.00,0.00,0,0,0.00,0.00,0,0
1508086059,s1-eth2,341.66,0.00,341.66,0,342,1.00,0.00,1.00,0,1,0.00,0.00,0,0
1508086059,s1-eth1,0.00,0.00,0.00,0,0,0.00,0.00,0.00,0,0,0.00,0.00,0,0
1508086059,s3,0.00,0.00,0.00,0,0,0.00,0.00,0.00,0,0,0.00,0.00,0,0
1508086059,s2-eth2,0.00,0.00,0.00,0,0,0.00,0.00,0.00,0,0,0.00,0.00,0,0
1508086059,s2-eth1,0.00,0.00,0.00,0,0,0.00,0.00,0.00,0,0,0.00,0.00,0,0
1508086059,lo,0.00,0.00,0.00,0,0,0.00,0.00,0.00,0,0,0.00,0.00,0,0
1508086059,s3-eth2,0.00,0.00,0.00,0,0,0.00,0.00,0.00,0,0,0.00,0.00,0,0
1508086059,s3-eth1,0.00,0.00,0.00,0,0,0.00,0.00,0.00,0,0,0.00,0.00,0,0
1508086059,total,341.66,0.00,341.66,0,342,1.00,0.00,1.00,0,1,0.00,0.00,0,0
1508086060,s1,0.00,0.00,0.00,0,0,0.00,0.00,0.00,0,0,0.00,0.00,0,0
1508086060,eth0,0.00,0.00,0.00,0,0,0.00,0.00,0.00,0,0,0.00,0.00,0,0
1508086060,eth1,0.00,0.00,0.00,0,0,0.00,0.00,0.00,0,0,0.00,0.00,0,0
1508086060,s2,0.00,0.00,0.00,0,0,0.00,0.00,0.00,0,0,0.00,0.00,0,0
1508086060,s1-eth2,106.89,0.00,106.89,0,107,1.00,0.00,1.00,0,1,0.00,0.00,0,0
1508086060,s1-eth1,448.55,0.00,448.55,0,449,2.00,0.00,2.00,0,2,0.00,0.00,0,0
1508086060,s3,0.00,0.00,0.00,0,0,0.00,0.00,0.00,0,0,0.00,0.00,0,0
1508086060,s2-eth2,448.55,0.00,448.55,0,449,2.00,0.00,2.00,0,2,0.00,0.00,0,0
1508086060,s2-eth1,0.00,0.00,0.00,0,0,0.00,0.00,0.00,0,0,0.00,0.00,0,0
1508086060,lo,0.00,0.00,0.00,0,0,0.00,0.00,0.00,0,0,0.00,0.00,0,0
1508086060,s3-eth2,0.00,0.00,0.00,0,0,0.00,0.00,0.00,0,0,0.00,0.00,0,0
1508086060,s3-eth1,0.00,0.00,0.00,0,0,0.00,0.00,0.00,0,0,0.00,0.00,0,0
1508086060,total,1004.00,0.00,1004.00,0,1005,5.00,0.00,5.00,0,5,0.00,0.00,0,0
1508086061,s1,0.00,140.00,140.00,140,0,0.00,2.00,2.00,2,0,0.00,0.00,0,0
1508086061,eth0,0.00,0.00,0.00,0,0,0.00,0.00,0.00,0,0,0.00,0.00,0,0
1508086061,eth1,0.00,0.00,0.00,0,0,0.00,0.00,0.00,0,0,0.00,0.00,0,0
1508086061,s2,0.00,70.00,70.00,70,0,0.00,1.00,1.00,1,0,0.00,0.00,0,0
1508086061,s1-eth2,140.00,70.00,210.00,70,140,2.00,1.00,3.00,1,2,0.00,0.00,0,0
1508086061,s1-eth1,140.00,70.00,210.00,70,140,2.00,1.00,3.00,1,2,0.00,0.00,0,0
1508086061,s3,0.00,0.00,0.00,0,0,0.00,0.00,0.00,0,0,0.00,0.00,0,0
1508086061,s2-eth2,140.00,0.00,140.00,0,140,2.00,0.00,2.00,0,2,0.00,0.00,0,0
1508086061,s2-eth1,449.00,70.00,519.00,70,449,2.00,1.00,3.00,1,2,0.00,0.00,0,0
1508086061,lo,804.00,804.00,1608.00,804,804,9.00,9.00,18.00,9,9,0.00,0.00,0,0
1508086061,s3-eth2,107.00,0.00,107.00,0,107,1.00,0.00,1.00,0,1,0.00,0.00,0,0
1508086061,s3-eth1,449.00,0.00,449.00,0,449,2.00,0.00,2.00,0,2,0.00,0.00,0,0
1508086061,total,2229.00,1224.00,3453.00,1224,2229,20.00,15.00,35.00,15,20,0.00,0.00,0,0
1508086062,s1,70.00,0.00,70.00,0,70,1.00,0.00,1.00,0,1,0.00,0.00,0,0
1508086062,eth0,0.00,0.00,0.00,0,0,0.00,0.00,0.00,0,0,0.00,0.00,0,0
1508086062,eth1,0.00,0.00,0.00,0,0,0.00,0.00,0.00,0,0,0.00,0.00,0,0
1508086062,s2,70.00,70.00,140.00,70,70,1.00,1.00,2.00,1,1,0.00,0.00,0,0
1508086062,s1-eth2,70.00,0.00,70.00,0,70,1.00,0.00,1.00,0,1,0.00,0.00,0,0
1508086062,s1-eth1,70.00,0.00,70.00,0,70,1.00,0.00,1.00,0,1,0.00,0.00,0,0
1508086062,s3,70.00,140.00,210.00,140,70,1.00,2.00,3.00,2,1,0.00,0.00,0,0
1508086062,s2-eth2,70.00,70.00,140.00,70,70,1.00,1.00,2.00,1,1,0.00,0.00,0,0
1508086062,s2-eth1,140.00,0.00,140.00,0,140,2.00,0.00,2.00,0,2,0.00,0.00,0,0
1508086062,lo,1608.00,1608.00,3216.00,1608,1608,18.00,18.00,36.00,18,18,0.00,0.00,0,0
1508086062,s3-eth2,552.00,70.00,622.00,70,552,4.00,1.00,5.00,1,4,0.00,0.00,0,0
1508086062,s3-eth1,210.00,70.00,280.00,70,210,3.00,1.00,4.00,1,3,0.00,0.00,0,0
1508086062,total,2930.00,2028.00,4958.00,2028,2930,33.00,24.00,57.00,24,33,0.00,0.00,0,0
1508086063,s1,0.00,84.00,84.00,84,0,0.00,2.00,2.00,2,0,0.00,0.00,0,0
1508086063,eth0,0.00,0.00,0.00,0,0,0.00,0.00,0.00,0,0,0.00,0.00,0,0
1508086063,eth1,0.00,0.00,0.00,0,0,0.00,0.00,0.00,0,0,0.00,0.00,0,0
1508086063,s2,0.00,126.00,126.00,126,0,0.00,3.00,3.00,3,0,0.00,0.00,0,0
1508086063,s1-eth2,45262.00,1192634.00,1237896.00,1192634,45262,611.00,801.00,1412.00,801,611,0.00,0.00,0,0
1508086063,s1-eth1,1191120.00,45336.00,1236456.00,45336,1191120,800.00,612.00,1412.00,612,800,0.00,0.00,0,0
1508086063,s3,0.00,126.00,126.00,126,0,0.00,3.00,3.00,3,0,0.00,0.00,0,0
1508086063,s2-eth2,42.00,212.00,254.00,212,42,1.00,4.00,5.00,4,1,0.00,0.00,0,0
1508086063,s2-eth1,126.00,42.00,168.00,42,126,3.00,1.00,4.00,1,3,0.00,0.00,0,0
1508086063,lo,6700.00,6700.00,13400.00,6700,6700,62.00,62.00,124.00,62,62,0.00,0.00,0,0
1508086063,s3-eth2,2926.00,86600.00,89526.00,86600,2926,37.00,62.00,99.00,62,37,0.00,0.00,0,0
1508086063,s3-eth1,72974.00,3012.00,75986.00,3012,72974,53.00,38.00,91.00,38,53,0.00,0.00,0,0
1508086063,total,1319150.00,1334872.00,2654022.00,1334872,1319150,1567.00,1588.00,3155.00,1588,1567,0.00,0.00,0,0
1508086064,s1,0.00,84.00,84.00,84,0,0.00,2.00,2.00,2,0,0.00,0.00,0,0
1508086064,eth0,0.00,0.00,0.00,0,0,0.00,0.00,0.00,0,0,0.00,0.00,0,0
1508086064,eth1,0.00,0.00,0.00,0,0,0.00,0.00,0.00,0,0,0.00,0.00,0,0
1508086064,s2,0.00,84.00,84.00,84,0,0.00,2.00,2.00,2,0,0.00,0.00,0,0
1508086064,s1-eth2,51948.00,1249134.00,1301082.00,1249134,51948,702.00,827.00,1529.00,827,702,0.00,0.00,0,0
1508086064,s1-eth1,1249134.00,51874.00,1301008.00,51874,1249134,827.00,701.00,1528.00,701,827,0.00,0.00,0,0
1508086064,s3,0.00,84.00,84.00,84,0,0.00,2.00,2.00,2,0,0.00,0.00,0,0
1508086064,s2-eth2,11458.00,247042.00,258500.00,247042,11458,147.00,167.00,314.00,167,147,0.00,0.00,0,0
1508086064,s2-eth1,231902.00,11458.00,243360.00,11458,231902,157.00,147.00,304.00,147,157,0.00,0.00,0,0
1508086064,lo,1784.00,1784.00,3568.00,1784,1784,21.00,21.00,42.00,21,21,0.00,0.00,0,0
1508086064,s3-eth2,9364.00,169652.00,179016.00,169652,9364,116.00,114.00,230.00,114,116,0.00,0.00,0,0
1508086064,s3-eth1,166624.00,9278.00,175902.00,9278,166624,112.00,115.00,227.00,115,112,0.00,0.00,0,0
1508086064,total,1722214.00,1740474.00,3462688.00,1740474,1722214,2082.00,2098.00,4180.00,2098,2082,0.00,0.00,0,0
1508086065,s1,0.00,84.00,84.00,84,0,0.00,2.00,2.00,2,0,0.00,0.00,0,0
1508086065,eth0,0.00,0.00,0.00,0,0,0.00,0.00,0.00,0,0,0.00,0.00,0,0
1508086065,eth1,0.00,0.00,0.00,0,0,0.00,0.00,0.00,0,0,0.00,0.00,0,0
1508086065,s2,0.00,84.00,84.00,84,0,0.00,2.00,2.00,2,0,0.00,0.00,0,0
1508086065,s1-eth2,33670.00,1250648.00,1284318.00,1250648,33670,455.00,828.00,1283.00,828,455,0.00,0.00,0,0
1508086065,s1-eth1,1249134.00,33744.00,1282878.00,33744,1249134,827.00,456.00,1283.00,456,827,0.00,0.00,0,0
1508086065,s3,0.00,84.00,84.00,84,0,0.00,2.00,2.00,2,0,0.00,0.00,0,0
1508086065,s2-eth2,12666.00,255950.00,268616.00,255950,12666,163.00,171.00,334.00,171,163,0.00,0.00,0,0
1508086065,s2-eth1,249894.00,12666.00,262560.00,12666,249894,167.00,163.00,330.00,163,167,0.00,0.00,0,0
1508086065,lo,1440.00,1440.00,2880.00,1440,1440,18.00,18.00,36.00,18,18,0.00,0.00,0,0
1508086065,s3-eth2,5422.00,106064.00,111486.00,106064,5422,71.00,72.00,143.00,72,71,0.00,0.00,0,0
1508086065,s3-eth1,109092.00,5422.00,114514.00,5422,109092,74.00,71.00,145.00,71,74,0.00,0.00,0,0
1508086065,total,1661318.00,1666186.00,3327504.00,1666186,1661318,1775.00,1785.00,3560.00,1785,1775,0.00,0.00,0,0
1508086066,s1,0.00,84.00,84.00,84,0,0.00,2.00,2.00,2,0,0.00,0.00,0,0
1508086066,eth0,0.00,0.00,0.00,0,0,0.00,0.00,0.00,0,0,0.00,0.00,0,0
1508086066,eth1,0.00,0.00,0.00,0,0,0.00,0.00,0.00,0,0,0.00,0.00,0,0
1508086066,s2,0.00,84.00,84.00,84,0,0.00,2.00,2.00,2,0,0.00,0.00,0,0
1508086066,s1-eth2,32338.00,1250648.00,1282986.00,1250648,32338,437.00,828.00,1265.00,828,437,0.00,0.00,0,0
1508086066,s1-eth1,1250648.00,32338.00,1282986.00,32338,1250648,828.00,437.00,1265.00,437,828,0.00,0.00,0,0
1508086066,s3,0.00,84.00,84.00,84,0,0.00,2.00,2.00,2,0,0.00,0.00,0,0
1508086066,s2-eth2,9606.00,201446.00,211052.00,201446,9606,123.00,135.00,258.00,135,123,0.00,0.00,0,0
1508086066,s2-eth1,192362.00,9606.00,201968.00,9606,192362,129.00,123.00,252.00,123,129,0.00,0.00,0,0
1508086066,lo,1440.00,1440.00,2880.00,1440,1440,18.00,18.00,36.00,18,18,0.00,0.00,0,0
1508086066,s3-eth2,5274.00,115148.00,120422.00,115148,5274,69.00,78.00,147.00,78,69,0.00,0.00,0,0
1508086066,s3-eth1,109092.00,5274.00,114366.00,5274,109092,74.00,69.00,143.00,69,74,0.00,0.00,0,0
1508086066,total,1600760.00,1616152.00,3216912.00,1616152,1600760,1678.00,1694.00,3372.00,1694,1678,0.00,0.00,0,0
1508086067,s1,0.00,84.00,84.00,84,0,0.00,2.00,2.00,2,0,0.00,0.00,0,0
1508086067,eth0,0.00,0.00,0.00,0,0,0.00,0.00,0.00,0,0,0.00,0.00,0,0
1508086067,eth1,0.00,0.00,0.00,0,0,0.00,0.00,0.00,0,0,0.00,0.00,0,0
1508086067,s2,0.00,84.00,84.00,84,0,0.00,2.00,2.00,2,0,0.00,0.00,0,0
1508086067,s1-eth2,36630.00,1250648.00,1287278.00,1250648,36630,495.00,828.00,1323.00,828,495,0.00,0.00,0,0
1508086067,s1-eth1,1250648.00,36630.00,1287278.00,36630,1250648,828.00,495.00,1323.00,495,828,0.00,0.00,0,0
1508086067,s3,0.00,84.00,84.00,84,0,0.00,2.00,2.00,2,0,0.00,0.00,0,0
1508086067,s2-eth2,11986.00,262006.00,273992.00,262006,11986,157.00,175.00,332.00,175,157,0.00,0.00,0,0
1508086067,s2-eth1,249894.00,11986.00,261880.00,11986,249894,167.00,157.00,324.00,157,167,0.00,0.00,0,0
1508086067,lo,1440.00,1440.00,2880.00,1440,1440,18.00,18.00,36.00,18,18,0.00,0.00,0,0
1508086067,s3-eth2,5356.00,101522.00,106878.00,101522,5356,68.00,69.00,137.00,69,68,0.00,0.00,0,0
1508086067,s3-eth1,106406.00,5356.00,111762.00,5356,106406,73.00,68.00,141.00,68,73,0.00,0.00,0,0
1508086067,total,1662360.00,1669840.00,3332200.00,1669840,1662360,1806.00,1816.00,3622.00,1816,1806,0.00,0.00,0,0
1508086068,s1,0.00,84.00,84.00,84,0,0.00,2.00,2.00,2,0,0.00,0.00,0,0
1508086068,eth0,0.00,0.00,0.00,0,0,0.00,0.00,0.00,0,0,0.00,0.00,0,0
1508086068,eth1,0.00,0.00,0.00,0,0,0.00,0.00,0.00,0,0,0.00,0.00,0,0
1508086068,s2,0.00,84.00,84.00,84,0,0.00,2.00,2.00,2,0,0.00,0.00,0,0
1508086068,s1-eth2,34221.00,1249134.00,1283355.00,1249134,34221,462.00,827.00,1289.00,827,462,0.00,0.00,0,0
1508086068,s1-eth1,1251097.00,34040.00,1285137.00,34040,1251097,830.00,460.00,1290.00,460,830,0.00,0.00,0,0
1508086068,s3,0.00,84.00,84.00,84,0,0.00,2.00,2.00,2,0,0.00,0.00,0,0
1508086068,s2-eth2,12355.00,258978.00,271333.00,258978,12355,161.00,173.00,334.00,173,161,0.00,0.00,0,0
1508086068,s2-eth1,249894.00,12248.00,262142.00,12248,249894,167.00,160.00,327.00,160,167,0.00,0.00,0,0
1508086068,lo,1440.00,1440.00,2880.00,1440,1440,18.00,18.00,36.00,18,18,0.00,0.00,0,0
1508086068,s3-eth2,4498.00,92438.00,96936.00,92438,4498,59.00,63.00,122.00,63,59,0.00,0.00,0,0
1508086068,s3-eth1,84868.00,4498.00,89366.00,4498,84868,58.00,59.00,117.00,59,58,0.00,0.00,0,0
1508086068,total,1638373.00,1653028.00,3291401.00,1653028,1638373,1755.00,1766.00,3521.00,1766,1755,0.00,0.00,0,0
1508086069,s1,0.00,0.00,0.00,0,0,0.00,0.00,0.00,0,0,0.00,0.00,0,0
1508086069,eth0,0.00,0.00,0.00,0,0,0.00,0.00,0.00,0,0,0.00,0.00,0,0
1508086069,eth1,0.00,0.00,0.00,0,0,0.00,0.00,0.00,0,0,0.00,0.00,0,0
1508086069,s2,0.00,0.00,0.00,0,0,0.00,0.00,0.00,0,0,0.00,0.00,0,0
1508086069,s1-eth2,31894.00,1250564.00,1282458.00,1250564,31894,431.00,826.00,1257.00,826,431,0.00,0.00,0,0
1508086069,s1-eth1,1250564.00,32042.00,1282606.00,32042,1250564,826.00,433.00,1259.00,433,826,0.00,0.00,0,0
1508086069,s3,0.00,0.00,0.00,0,0,0.00,0.00,0.00,0,0,0.00,0.00,0,0
1508086069,s2-eth2,12266.00,255866.00,268132.00,255866,12266,159.00,169.00,328.00,169,159,0.00,0.00,0,0
1508086069,s2-eth1,249917.00,12266.00,262183.00,12266,249917,166.00,159.00,325.00,159,166,0.00,0.00,0,0
1508086069,lo,0.00,0.00,0.00,0,0,0.00,0.00,0.00,0,0,0.00,0.00,0,0
1508086069,s3-eth2,5087.00,101438.00,106525.00,101438,5087,67.00,67.00,134.00,67,67,0.00,0.00,0,0
1508086069,s3-eth1,106087.00,4980.00,111067.00,4980,106087,71.00,66.00,137.00,66,71,0.00,0.00,0,0
1508086069,total,1655815.00,1657156.00,3312971.00,1657156,1655815,1720.00,1720.00,3440.00,1720,1720,0.00,0.00,0,0
1508086070,s1,0.00,0.00,0.00,0,0,0.00,0.00,0.00,0,0,0.00,0.00,0,0
1508086070,eth0,0.00,0.00,0.00,0,0,0.00,0.00,0.00,0,0,0.00,0.00,0,0
1508086070,eth1,0.00,0.00,0.00,0,0,0.00,0.00,0.00,0,0,0.00,0.00,0,0
1508086070,s2,0.00,0.00,0.00,0,0,0.00,0.00,0.00,0,0,0.00,0.00,0,0
1508086070,s1-eth2,32384.00,1250564.00,1282948.00,1250564,32384,434.00,826.00,1260.00,826,434,0.00,0.00,0,0
1508086070,s1-eth1,1249050.00,31894.00,1280944.00,31894,1249050,825.00,431.00,1256.00,431,825,0.00,0.00,0,0
1508086070,s3,0.00,0.00,0.00,0,0,0.00,0.00,0.00,0,0,0.00,0.00,0,0
1508086070,s2-eth2,11860.00,261922.00,273782.00,261922,11860,158.00,173.00,331.00,173,158,0.00,0.00,0,0
1508086070,s2-eth1,249810.00,11860.00,261670.00,11860,249810,165.00,158.00,323.00,158,165,0.00,0.00,0,0
1508086070,lo,0.00,0.00,0.00,0,0,0.00,0.00,0.00,0,0,0.00,0.00,0,0
1508086070,s3-eth2,5174.00,104466.00,109640.00,104466,5174,67.00,69.00,136.00,69,67,0.00,0.00,0,0
1508086070,s3-eth1,95382.00,5174.00,100556.00,5174,95382,63.00,67.00,130.00,67,63,0.00,0.00,0,0
1508086070,total,1643660.00,1665880.00,3309540.00,1665880,1643660,1712.00,1724.00,3436.00,1724,1712,0.00,0.00,0,0
1508086071,s1,0.00,0.00,0.00,0,0,0.00,0.00,0.00,0,0,0.00,0.00,0,0
1508086071,eth0,0.00,0.00,0.00,0,0,0.00,0.00,0.00,0,0,0.00,0.00,0,0
1508086071,eth1,0.00,0.00,0.00,0,0,0.00,0.00,0.00,0,0,0.00,0.00,0,0
1508086071,s2,0.00,0.00,0.00,0,0,0.00,0.00,0.00,0,0,0.00,0.00,0,0
1508086071,s1-eth2,32930.00,1250564.00,1283494.00,1250564,32930,445.00,826.00,1271.00,826,445,0.00,0.00,0,0
1508086071,s1-eth1,1250564.00,32930.00,1283494.00,32930,1250564,826.00,445.00,1271.00,445,826,0.00,0.00,0,0
1508086071,s3,0.00,0.00,0.00,0,0,0.00,0.00,0.00,0,0,0.00,0.00,0,0
1508086071,s2-eth2,12252.00,252838.00,265090.00,252838,12252,158.00,167.00,325.00,167,158,0.00,0.00,0,0
1508086071,s2-eth1,249810.00,12252.00,262062.00,12252,249810,165.00,158.00,323.00,158,165,0.00,0.00,0,0
1508086071,lo,0.00,0.00,0.00,0,0,0.00,0.00,0.00,0,0,0.00,0.00,0,0
1508086071,s3-eth2,3450.00,71158.00,74608.00,71158,3450,45.00,47.00,92.00,47,45,0.00,0.00,0,0
1508086071,s3-eth1,74186.00,3450.00,77636.00,3450,74186,49.00,45.00,94.00,45,49,0.00,0.00,0,0
1508086071,total,1623192.00,1623192.00,3246384.00,1623192,1623192,1688.00,1688.00,3376.00,1688,1688,0.00,0.00,0,0
1508086072,s1,0.00,0.00,0.00,0,0,0.00,0.00,0.00,0,0,0.00,0.00,0,0
1508086072,eth0,0.00,0.00,0.00,0,0,0.00,0.00,0.00,0,0,0.00,0.00,0,0
1508086072,eth1,0.00,0.00,0.00,0,0,0.00,0.00,0.00,0,0,0.00,0.00,0,0
1508086072,s2,0.00,0.00,0.00,0,0,0.00,0.00,0.00,0,0,0.00,0.00,0,0
1508086072,s1-eth2,32190.00,1250564.00,1282754.00,1250564,32190,435.00,826.00,1261.00,826,435,0.00,0.00,0,0
1508086072,s1-eth1,1250564.00,32190.00,1282754.00,32190,1250564,826.00,435.00,1261.00,435,826,0.00,0.00,0,0
1508086072,s3,0.00,0.00,0.00,0,0,0.00,0.00,0.00,0,0,0.00,0.00,0,0
1508086072,s2-eth2,12426.00,258894.00,271320.00,258894,12426,161.00,171.00,332.00,171,161,0.00,0.00,0,0
1508086072,s2-eth1,249810.00,12426.00,262236.00,12426,249810,165.00,161.00,326.00,161,165,0.00,0.00,0,0
1508086072,lo,516.00,516.00,1032.00,516,516,9.00,9.00,18.00,9,9,0.00,0.00,0,0
1508086072,s3-eth2,4584.00,92354.00,96938.00,92354,4584,60.00,61.00,121.00,61,60,0.00,0.00,0,0
1508086072,s3-eth1,89326.00,4584.00,93910.00,4584,89326,59.00,60.00,119.00,60,59,0.00,0.00,0,0
1508086072,total,1639416.00,1651528.00,3290944.00,1651528,1639416,1715.00,1723.00,3438.00,1723,1715,0.00,0.00,0,0
1508086073,s1,0.00,0.00,0.00,0,0,0.00,0.00,0.00,0,0,0.00,0.00,0,0
1508086073,eth0,0.00,0.00,0.00,0,0,0.00,0.00,0.00,0,0,0.00,0.00,0,0
1508086073,eth1,0.00,0.00,0.00,0,0,0.00,0.00,0.00,0,0,0.00,0.00,0,0
1508086073,s2,0.00,0.00,0.00,0,0,0.00,0.00,0.00,0,0,0.00,0.00,0,0
1508086073,s1-eth2,33226.00,1249050.00,1282276.00,1249050,33226,449.00,825.00,1274.00,825,449,0.00,0.00,0,0
1508086073,s1-eth1,1250564.00,33226.00,1283790.00,33226,1250564,826.00,449.00,1275.00,449,826,0.00,0.00,0,0
1508086073,s3,0.00,0.00,0.00,0,0,0.00,0.00,0.00,0,0,0.00,0.00,0,0
1508086073,s2-eth2,12626.00,252880.00,265506.00,252880,12626,163.00,168.00,331.00,168,163,0.00,0.00,0,0
1508086073,s2-eth1,250194.00,12284.00,262478.00,12284,250194,167.00,162.00,329.00,162,167,0.00,0.00,0,0
1508086073,lo,1184.00,1184.00,2368.00,1184,1184,12.00,12.00,24.00,12,12,0.00,0.00,0,0
1508086073,s3-eth2,3702.00,69686.00,73388.00,69686,3702,47.00,47.00,94.00,47,47,0.00,0.00,0,0
1508086073,s3-eth1,72714.00,3702.00,76416.00,3702,72714,49.00,47.00,96.00,47,49,0.00,0.00,0,0
1508086073,total,1624210.00,1622012.00,3246222.00,1622012,1624210,1713.00,1710.00,3423.00,1710,1713,0.00,0.00,0,0
1508086074,s1,0.00,0.00,0.00,0,0,0.00,0.00,0.00,0,0,0.00,0.00,0,0
1508086074,eth0,0.00,0.00,0.00,0,0,0.00,0.00,0.00,0,0,0.00,0.00,0,0
1508086074,eth1,0.00,0.00,0.00,0,0,0.00,0.00,0.00,0,0,0.00,0.00,0,0
1508086074,s2,0.00,0.00,0.00,0,0,0.00,0.00,0.00,0,0,0.00,0.00,0,0
1508086074,s1-eth2,30562.00,1250564.00,1281126.00,1250564,30562,413.00,826.00,1239.00,826,413,0.00,0.00,0,0
1508086074,s1-eth1,1249050.00,30562.00,1279612.00,30562,1249050,825.00,413.00,1238.00,413,825,0.00,0.00,0,0
1508086074,s3,0.00,0.00,0.00,0,0,0.00,0.00,0.00,0,0,0.00,0.00,0,0
1508086074,s2-eth2,12848.00,266464.00,279312.00,266464,12848,164.00,176.00,340.00,176,164,0.00,0.00,0,0
1508086074,s2-eth1,249810.00,12848.00,262658.00,12848,249810,165.00,164.00,329.00,164,165,0.00,0.00,0,0
1508086074,lo,0.00,0.00,0.00,0,0,0.00,0.00,0.00,0,0,0.00,0.00,0,0
1508086074,s3-eth2,3108.00,68130.00,71238.00,68130,3108,42.00,45.00,87.00,45,42,0.00,0.00,0,0
1508086074,s3-eth1,56360.00,3108.00,59468.00,3108,56360,38.00,42.00,80.00,42,38,0.00,0.00,0,0
1508086074,total,1601738.00,1631676.00,3233414.00,1631676,1601738,1647.00,1666.00,3313.00,1666,1647,0.00,0.00,0,0
1508086075,s1,0.00,0.00,0.00,0,0,0.00,0.00,0.00,0,0,0.00,0.00,0,0
1508086075,eth0,0.00,0.00,0.00,0,0,0.00,0.00,0.00,0,0,0.00,0.00,0,0
1508086075,eth1,0.00,0.00,0.00,0,0,0.00,0.00,0.00,0,0,0.00,0.00,0,0
1508086075,s2,0.00,0.00,0.00,0,0,0.00,0.00,0.00,0,0,0.00,0.00,0,0
1508086075,s1-eth2,33004.00,1250564.00,1283568.00,1250564,33004,446.00,826.00,1272.00,826,446,0.00,0.00,0,0
1508086075,s1-eth1,1250564.00,33004.00,1283568.00,33004,1250564,826.00,446.00,1272.00,446,826,0.00,0.00,0,0
1508086075,s3,0.00,0.00,0.00,0,0,0.00,0.00,0.00,0,0,0.00,0.00,0,0
1508086075,s2-eth2,12184.00,261922.00,274106.00,261922,12184,160.00,173.00,333.00,173,160,0.00,0.00,0,0
1508086075,s2-eth1,249810.00,12184.00,261994.00,12184,249810,165.00,160.00,325.00,160,165,0.00,0.00,0,0
1508086075,lo,0.00,0.00,0.00,0,0,0.00,0.00,0.00,0,0,0.00,0.00,0,0
1508086075,s3-eth2,3268.00,68130.00,71398.00,68130,3268,42.00,45.00,87.00,45,42,0.00,0.00,0,0
1508086075,s3-eth1,77214.00,3268.00,80482.00,3268,77214,51.00,42.00,93.00,42,51,0.00,0.00,0,0
1508086075,total,1626044.00,1629072.00,3255116.00,1629072,1626044,1690.00,1692.00,3382.00,1692,1690,0.00,0.00,0,0
1508086076,s1,0.00,0.00,0.00,0,0,0.00,0.00,0.00,0,0,0.00,0.00,0,0
1508086076,eth0,0.00,0.00,0.00,0,0,0.00,0.00,0.00,0,0,0.00,0.00,0,0
1508086076,eth1,0.00,0.00,0.00,0,0,0.00,0.00,0.00,0,0,0.00,0.00,0,0
1508086076,s2,0.00,0.00,0.00,0,0,0.00,0.00,0.00,0,0,0.00,0.00,0,0
1508086076,s1-eth2,33226.00,1250564.00,1283790.00,1250564,33226,449.00,826.00,1275.00,826,449,0.00,0.00,0,0
1508086076,s1-eth1,1250564.00,33226.00,1283790.00,33226,1250564,826.00,449.00,1275.00,449,826,0.00,0.00,0,0
1508086076,s3,0.00,0.00,0.00,0,0,0.00,0.00,0.00,0,0,0.00,0.00,0,0
1508086076,s2-eth2,12234.00,258894.00,271128.00,258894,12234,159.00,171.00,330.00,171,159,0.00,0.00,0,0
1508086076,s2-eth1,249810.00,12234.00,262044.00,12234,249810,165.00,159.00,324.00,159,165,0.00,0.00,0,0
1508086076,lo,0.00,0.00,0.00,0,0,0.00,0.00,0.00,0,0,0.00,0.00,0,0
1508086076,s3-eth2,4324.00,87812.00,92136.00,87812,4324,56.00,58.00,114.00,58,56,0.00,0.00,0,0
1508086076,s3-eth1,74186.00,4324.00,78510.00,4324,74186,49.00,56.00,105.00,56,49,0.00,0.00,0,0
1508086076,total,1624344.00,1647054.00,3271398.00,1647054,1624344,1704.00,1719.00,3423.00,1719,1704,0.00,0.00,0,0
1508086077,s1,0.00,0.00,0.00,0,0,0.00,0.00,0.00,0,0,0.00,0.00,0,0
1508086077,eth0,0.00,0.00,0.00,0,0,0.00,0.00,0.00,0,0,0.00,0.00,0,0
1508086077,eth1,0.00,0.00,0.00,0,0,0.00,0.00,0.00,0,0,0.00,0.00,0,0
1508086077,s2,0.00,0.00,0.00,0,0,0.00,0.00,0.00,0,0,0.00,0.00,0,0
1508086077,s1-eth2,33448.00,1250564.00,1284012.00,1250564,33448,452.00,826.00,1278.00,826,452,0.00,0.00,0,0
1508086077,s1-eth1,1250564.00,33522.00,1284086.00,33522,1250564,826.00,453.00,1279.00,453,826,0.00,0.00,0,0
1508086077,s3,0.00,0.00,0.00,0,0,0.00,0.00,0.00,0,0,0.00,0.00,0,0
1508086077,s2-eth2,12070.00,257380.00,269450.00,257380,12070,161.00,170.00,331.00,170,161,0.00,0.00,0,0
1508086077,s2-eth1,251324.00,12144.00,263468.00,12144,251324,166.00,162.00,328.00,162,166,0.00,0.00,0,0
1508086077,lo,516.00,516.00,1032.00,516,516,9.00,9.00,18.00,9,9,0.00,0.00,0,0
1508086077,s3-eth2,3054.00,62074.00,65128.00,62074,3054,39.00,41.00,80.00,41,39,0.00,0.00,0,0
1508086077,s3-eth1,68130.00,3054.00,71184.00,3054,68130,45.00,39.00,84.00,39,45,0.00,0.00,0,0
1508086077,total,1619106.00,1619254.00,3238360.00,1619254,1619106,1698.00,1700.00,3398.00,1700,1698,0.00,0.00,0,0
1508086078,s1,0.00,0.00,0.00,0,0,0.00,0.00,0.00,0,0,0.00,0.00,0,0
1508086078,eth0,0.00,0.00,0.00,0,0,0.00,0.00,0.00,0,0,0.00,0.00,0,0
1508086078,eth1,0.00,0.00,0.00,0,0,0.00,0.00,0.00,0,0,0.00,0.00,0,0
1508086078,s2,0.00,0.00,0.00,0,0,0.00,0.00,0.00,0,0,0.00,0.00,0,0
1508086078,s1-eth2,44993.01,1249314.75,1294307.75,1250564,45038,604.40,825.17,1429.57,826,605,0.00,0.00,0,0
1508086078,s1-eth1,1249314.75,44577.42,1293892.12,44622,1250564,825.17,602.40,1427.57,603,826,0.00,0.00,0,0
1508086078,s3,0.00,0.00,0.00,0,0,0.00,0.00,0.00,0,0,0.00,0.00,0,0
1508086078,s2-eth2,12501.50,245022.98,257524.48,245268,12514,158.84,161.84,320.68,162,159,0.00,0.00,0,0
1508086078,s2-eth1,245022.98,12427.57,257450.56,12440,245268,161.84,157.84,319.68,158,162,0.00,0.00,0,0
1508086078,lo,0.00,0.00,0.00,0,0,0.00,0.00,0.00,0,0,0.00,0.00,0,0
1508086078,s3-eth2,2499.50,52937.06,55436.57,52990,2502,30.97,34.97,65.93,35,31,0.00,0.00,0,0
1508086078,s3-eth1,42349.65,2499.50,44849.15,2502,42392,27.97,30.97,58.94,31,28,0.00,0.00,0,0
1508086078,total,1596681.38,1606779.25,3203460.75,1608386,1598278,1809.19,1813.19,3622.38,1815,1811,0.00,0.00,0,0
1508086079,s1,0.00,0.00,0.00,0,0,0.00,0.00,0.00,0,0,0.00,0.00,0,0
1508086079,eth0,0.00,0.00,0.00,0,0,0.00,0.00,0.00,0,0,0.00,0.00,0,0
1508086079,eth1,0.00,0.00,0.00,0,0,0.00,0.00,0.00,0,0,0.00,0.00,0,0
1508086079,s2,0.00,0.00,0.00,0,0,0.00,0.00,0.00,0,0,0.00,0.00,0,0
1508086079,s1-eth2,30531.47,1250827.25,1281358.62,1252078,30562,412.59,826.17,1238.76,827,413,0.00,0.00,0,0
1508086079,s1-eth1,1250827.25,30531.47,1281358.62,30562,1252078,826.17,412.59,1238.76,413,827,0.00,0.00,0,0
1508086079,s3,0.00,0.00,0.00,0,0,0.00,0.00,0.00,0,0,0.00,0.00,0,0
1508086079,s2-eth2,11942.06,260147.86,272089.91,260408,11954,154.85,171.83,326.67,172,155,0.00,0.00,0,0
1508086079,s2-eth1,249560.45,11942.06,261502.50,11954,249810,164.84,154.85,319.68,155,165,0.00,0.00,0,0
1508086079,lo,0.00,0.00,0.00,0,0,0.00,0.00,0.00,0,0,0.00,0.00,0,0
1508086079,s3-eth2,2735.26,62011.99,64747.25,62074,2738,36.96,40.96,77.92,41,37,0.00,0.00,0,0
1508086079,s3-eth1,69574.43,2735.26,72309.70,2738,69644,45.95,36.96,82.92,37,46,0.00,0.00,0,0
1508086079,total,1615170.88,1618195.88,3233366.75,1619814,1616786,1641.36,1643.36,3284.72,1645,1643,0.00,0.00,0,0
1508086080,s1,0.00,0.00,0.00,0,0,0.00,0.00,0.00,0,0,0.00,0.00,0,0
1508086080,eth0,0.00,0.00,0.00,0,0,0.00,0.00,0.00,0,0,0.00,0.00,0,0
1508086080,eth1,0.00,0.00,0.00,0,0,0.00,0.00,0.00,0,0,0.00,0.00,0,0
1508086080,s2,0.00,0.00,0.00,0,0,0.00,0.00,0.00,0,0,0.00,0.00,0,0
1508086080,s1-eth2,33522.00,1250564.00,1284086.00,1250564,33522,453.00,826.00,1279.00,826,453,0.00,0.00,0,0
1508086080,s1-eth1,1250564.00,33596.00,1284160.00,33596,1250564,826.00,454.00,1280.00,454,826,0.00,0.00,0,0
1508086080,s3,0.00,0.00,0.00,0,0,0.00,0.00,0.00,0,0,0.00,0.00,0,0
1508086080,s2-eth2,12094.00,261922.00,274016.00,261922,12094,161.00,173.00,334.00,173,161,0.00,0.00,0,0
1508086080,s2-eth1,251324.00,12168.00,263492.00,12168,251324,166.00,162.00,328.00,162,166,0.00,0.00,0,0
1508086080,lo,0.00,0.00,0.00,0,0,0.00,0.00,0.00,0,0,0.00,0.00,0,0
1508086080,s3-eth2,4160.00,86298.00,90458.00,86298,4160,54.00,57.00,111.00,57,54,0.00,0.00,0,0
1508086080,s3-eth1,69644.00,4160.00,73804.00,4160,69644,46.00,54.00,100.00,54,46,0.00,0.00,0,0
1508086080,total,1621308.00,1648708.00,3270016.00,1648708,1621308,1706.00,1726.00,3432.00,1726,1706,0.00,0.00,0,0
1508086081,s1,0.00,0.00,0.00,0,0,0.00,0.00,0.00,0,0,0.00,0.00,0,0
1508086081,eth0,0.00,0.00,0.00,0,0,0.00,0.00,0.00,0,0,0.00,0.00,0,0
1508086081,eth1,0.00,0.00,0.00,0,0,0.00,0.00,0.00,0,0,0.00,0.00,0,0
1508086081,s2,0.00,0.00,0.00,0,0,0.00,0.00,0.00,0,0,0.00,0.00,0,0
1508086081,s1-eth2,30531.47,1249314.75,1279846.25,1250564,30562,412.59,825.17,1237.76,826,413,0.00,0.00,0,0
1508086081,s1-eth1,1249314.75,30531.47,1279846.25,30562,1250564,825.17,412.59,1237.76,413,826,0.00,0.00,0,0
1508086081,s3,0.00,0.00,0.00,0,0,0.00,0.00,0.00,0,0,0.00,0.00,0,0
1508086081,s2-eth2,12533.47,252585.42,265118.88,252838,12546,164.84,166.83,331.67,167,165,0.00,0.00,0,0
1508086081,s2-eth1,249560.45,12459.54,262019.98,12472,249810,164.84,163.84,328.67,164,165,0.00,0.00,0,0
1508086081,lo,0.00,0.00,0.00,0,0,0.00,0.00,0.00,0,0,0.00,0.00,0,0
1508086081,s3-eth2,4333.67,90749.25,95082.92,90840,4338,54.95,59.94,114.89,60,55,0.00,0.00,0,0
1508086081,s3-eth1,104361.64,3992.01,108353.65,3996,104466,68.93,53.95,122.88,54,69,0.00,0.00,0,0
1508086081,total,1650635.38,1639632.38,3290267.75,1641272,1652286,1691.31,1682.32,3373.63,1684,1693,0.00,0.00,0,0
1508086082,s1,0.00,0.00,0.00,0,0,0.00,0.00,0.00,0,0,0.00,0.00,0,0
1508086082,eth0,0.00,0.00,0.00,0,0,0.00,0.00,0.00,0,0,0.00,0.00,0,0
1508086082,eth1,0.00,0.00,0.00,0,0,0.00,0.00,0.00,0,0,0.00,0.00,0,0
1508086082,s2,0.00,0.00,0.00,0,0,0.00,0.00,0.00,0,0,0.00,0.00,0,0
1508086082,s1-eth2,31672.00,1250564.00,1282236.00,1250564,31672,428.00,826.00,1254.00,826,428,0.00,0.00,0,0
1508086082,s1-eth1,1250906.00,31598.00,1282504.00,31598,1250906,827.00,427.00,1254.00,427,827,0.00,0.00,0,0
1508086082,s3,0.00,0.00,0.00,0,0,0.00,0.00,0.00,0,0,0.00,0.00,0,0
1508086082,s2-eth2,12358.00,249810.00,262168.00,249810,12358,161.00,165.00,326.00,165,161,0.00,0.00,0,0
1508086082,s2-eth1,250152.00,12358.00,262510.00,12358,250152,166.00,161.00,327.00,161,166,0.00,0.00,0,0
1508086082,lo,516.00,516.00,1032.00,516,516,9.00,9.00,18.00,9,9,0.00,0.00,0,0
1508086082,s3-eth2,6162.00,125662.00,131824.00,125662,6162,81.00,83.00,164.00,83,81,0.00,0.00,0,0
1508086082,s3-eth1,107494.00,6162.00,113656.00,6162,107494,71.00,81.00,152.00,81,71,0.00,0.00,0,0
1508086082,total,1659260.00,1676670.00,3335930.00,1676670,1659260,1743.00,1752.00,3495.00,1752,1743,0.00,0.00,0,0
1508086083,s1,0.00,0.00,0.00,0,0,0.00,0.00,0.00,0,0,0.00,0.00,0,0
1508086083,eth0,152.00,245.00,397.00,245,152,2.00,2.00,4.00,2,2,0.00,0.00,0,0
1508086083,eth1,0.00,0.00,0.00,0,0,0.00,0.00,0.00,0,0,0.00,0.00,0,0
1508086083,s2,0.00,0.00,0.00,0,0,0.00,0.00,0.00,0,0,0.00,0.00,0,0
1508086083,s1-eth2,1406.00,355790.00,357196.00,355790,1406,19.00,235.00,254.00,235,19,0.00,0.00,0,0
1508086083,s3,0.00,0.00,0.00,0,0,0.00,0.00,0.00,0,0,0.00,0.00,0,0
1508086083,s2-eth2,12016.00,260408.00,272424.00,260408,12016,158.00,172.00,330.00,172,158,0.00,0.00,0,0
1508086083,s2-eth1,249810.00,12016.00,261826.00,12016,249810,165.00,158.00,323.00,158,165,0.00,0.00,0,0
1508086083,lo,509.00,509.00,1018.00,509,509,6.00,6.00,12.00,6,6,0.00,0.00,0,0
1508086083,s3-eth2,5216.00,98410.00,103626.00,98410,5216,66.00,65.00,131.00,65,66,0.00,0.00,0,0
1508086083,s3-eth1,109008.00,5216.00,114224.00,5216,109008,72.00,66.00,138.00,66,72,0.00,0.00,0,0
1508086083,total,18446744073709551616.00,34168.00,18446744073709551616.00,34168,18446744073684974860,18446744073709535232.00,18446744073709543424.00,18446744073709527040.00,18446744073709542882,18446744073709535555,0.00,0.00,0,0
1508086084,s1,0.00,0.00,0.00,0,0,0.00,0.00,0.00,0,0,0.00,0.00,0,0
1508086084,eth0,151.85,244.76,396.60,245,152,2.00,2.00,4.00,2,2,0.00,0.00,0,0
1508086084,eth1,0.00,0.00,0.00,0,0,0.00,0.00,0.00,0,0,0.00,0.00,0,0
1508086084,s2,0.00,0.00,0.00,0,0,0.00,0.00,0.00,0,0,0.00,0.00,0,0
1508086084,s1-eth2,106.89,1512.49,1619.38,1514,107,1.00,1.00,2.00,1,1,0.00,0.00,0,0
1508086084,s3,0.00,0.00,0.00,0,0,0.00,0.00,0.00,0,0,0.00,0.00,0,0
1508086084,s2-eth2,12186.81,254097.91,266284.72,254352,12199,160.84,167.83,328.67,168,161,0.00,0.00,0,0
1508086084,s2-eth1,249560.45,12079.92,261640.36,12092,249810,164.84,159.84,324.68,160,165,0.00,0.00,0,0
1508086084,lo,340.66,340.66,681.32,341,341,4.00,4.00,7.99,4,4,0.00,0.00,0,0
1508086084,s3-eth2,2731.27,57474.53,60205.80,57532,2734,34.97,37.96,72.93,38,35,0.00,0.00,0,0
1508086084,s3-eth1,48399.60,2731.27,51130.87,2734,48448,31.97,34.97,66.93,35,32,0.00,0.00,0,0
1508086084,total,313477.53,328481.53,641959.06,328810,313791,399.60,407.59,807.19,408,400,0.00,0.00,0,0
1508086085,s1,0.00,0.00,0.00,0,0,0.00,0.00,0.00,0,0,0.00,0.00,0,0
1508086085,eth0,0.00,0.00,0.00,0,0,0.00,0.00,0.00,0,0,0.00,0.00,0,0
1508086085,eth1,0.00,0.00,0.00,0,0,0.00,0.00,0.00,0,0,0.00,0.00,0,0
1508086085,s2,0.00,0.00,0.00,0,0,0.00,0.00,0.00,0,0,0.00,0.00,0,0
1508086085,s1-eth2,0.00,0.00,0.00,0,0,0.00,0.00,0.00,0,0,0.00,0.00,0,0
1508086085,s3,0.00,0.00,0.00,0,0,0.00,0.00,0.00,0,0,0.00,0.00,0,0
1508086085,s2-eth2,12398.00,267978.00,280376.00,267978,12398,157.00,177.00,334.00,177,157,0.00,0.00,0,0
1508086085,s2-eth1,249917.00,12398.00,262315.00,12398,249917,166.00,157.00,323.00,157,166,0.00,0.00,0,0
1508086085,lo,0.00,0.00,0.00,0,0,0.00,0.00,0.00,0,0,0.00,0.00,0,0
1508086085,s3-eth2,2423.00,56018.00,58441.00,56018,2423,31.00,37.00,68.00,37,31,0.00,0.00,0,0
1508086085,s3-eth1,59153.00,2316.00,61469.00,2316,59153,40.00,30.00,70.00,30,40,0.00,0.00,0,0
1508086085,total,323891.00,338710.00,662601.00,338710,323891,394.00,401.00,795.00,401,394,0.00,0.00,0,0
1508086086,s1,0.00,0.00,0.00,0,0,0.00,0.00,0.00,0,0,0.00,0.00,0,0
1508086086,eth0,0.00,0.00,0.00,0,0,0.00,0.00,0.00,0,0,0.00,0.00,0,0
1508086086,eth1,0.00,0.00,0.00,0,0,0.00,0.00,0.00,0,0,0.00,0.00,0,0
1508086086,s2,0.00,0.00,0.00,0,0,0.00,0.00,0.00,0,0,0.00,0.00,0,0
1508086086,s1-eth2,341.66,1512.49,1854.15,1514,342,1.00,1.00,2.00,1,1,0.00,0.00,0,0
1508086086,s3,0.00,0.00,0.00,0,0,0.00,0.00,0.00,0,0,0.00,0.00,0,0
1508086086,s2-eth2,12287.71,263172.84,275460.56,263436,12300,159.84,173.83,333.67,174,160,0.00,0.00,0,0
1508086086,s2-eth1,249560.45,12361.64,261922.08,12374,249810,164.84,160.84,325.67,161,165,0.00,0.00,0,0
1508086086,lo,0.00,0.00,0.00,0,0,0.00,0.00,0.00,0,0,0.00,0.00,0,0
1508086086,s3-eth2,1774.23,68061.94,69836.16,68130,1776,23.98,44.96,68.93,45,24,0.00,0.00,0,0
1508086086,s3-eth1,66549.45,1848.15,68397.60,1850,66616,43.96,24.98,68.93,25,44,0.00,0.00,0,0
1508086086,total,330513.50,346957.06,677470.56,347304,330844,393.61,405.59,799.20,406,394,0.00,0.00,0,0
1508086087,s1,0.00,0.00,0.00,0,0,0.00,0.00,0.00,0,0,0.00,0.00,0,0
1508086087,eth0,0.00,0.00,0.00,0,0,0.00,0.00,0.00,0,0,0.00,0.00,0,0
1508086087,eth1,0.00,0.00,0.00,0,0,0.00,0.00,0.00,0,0,0.00,0.00,0,0
1508086087,s2,0.00,0.00,0.00,0,0,0.00,0.00,0.00,0,0,0.00,0.00,0,0
1508086087,s1-eth2,0.00,0.00,0.00,0,0,0.00,0.00,0.00,0,0,0.00,0.00,0,0
1508086087,s3,0.00,0.00,0.00,0,0,0.00,0.00,0.00,0,0,0.00,0.00,0,0
1508086087,s2-eth2,12366.00,261922.00,274288.00,261922,12366,161.00,173.00,334.00,173,161,0.00,0.00,0,0
1508086087,s2-eth1,251324.00,12366.00,263690.00,12366,251324,166.00,161.00,327.00,161,166,0.00,0.00,0,0
1508086087,lo,568.00,568.00,1136.00,568,568,10.00,10.00,20.00,10,10,0.00,0.00,0,0
1508086087,s3-eth2,2072.00,83270.00,85342.00,83270,2072,28.00,55.00,83.00,55,28,0.00,0.00,0,0
1508086087,s3-eth1,84784.00,1998.00,86782.00,1998,84784,56.00,27.00,83.00,27,56,0.00,0.00,0,0
1508086087,total,351114.00,360124.00,711238.00,360124,351114,421.00,426.00,847.00,426,421,0.00,0.00,0,0
1508086088,s1,0.00,0.00,0.00,0,0,0.00,0.00,0.00,0,0,0.00,0.00,0,0
1508086088,eth0,0.00,0.00,0.00,0,0,0.00,0.00,0.00,0,0,0.00,0.00,0,0
1508086088,eth1,0.00,0.00,0.00,0,0,0.00,0.00,0.00,0,0,0.00,0.00,0,0
1508086088,s2,0.00,0.00,0.00,0,0,0.00,0.00,0.00,0,0,0.00,0.00,0,0
1508086088,s1-eth2,0.00,0.00,0.00,0,0,0.00,0.00,0.00,0,0,0.00,0.00,0,0
1508086088,s3,0.00,0.00,0.00,0,0,0.00,0.00,0.00,0,0,0.00,0.00,0,0
1508086088,s2-eth2,12442.00,255866.00,268308.00,255866,12442,163.00,169.00,332.00,169,163,0.00,0.00,0,0
1508086088,s2-eth1,249810.00,12368.00,262178.00,12368,249810,165.00,162.00,327.00,162,165,0.00,0.00,0,0
1508086088,lo,0.00,0.00,0.00,0,0,0.00,0.00,0.00,0,0,0.00,0.00,0,0
1508086088,s3-eth2,4412.00,101438.00,105850.00,101438,4412,58.00,67.00,125.00,67,58,0.00,0.00,0,0
1508086088,s3-eth1,101438.00,4412.00,105850.00,4412,101438,67.00,58.00,125.00,58,67,0.00,0.00,0,0
1508086088,total,368102.00,374084.00,742186.00,374084,368102,453.00,456.00,909.00,456,453,0.00,0.00,0,0
1508086089,s1,0.00,0.00,0.00,0,0,0.00,0.00,0.00,0,0,0.00,0.00,0,0
1508086089,eth0,0.00,0.00,0.00,0,0,0.00,0.00,0.00,0,0,0.00,0.00,0,0
1508086089,eth1,0.00,0.00,0.00,0,0,0.00,0.00,0.00,0,0,0.00,0.00,0,0
1508086089,s2,0.00,0.00,0.00,0,0,0.00,0.00,0.00,0,0,0.00,0.00,0,0
1508086089,s1-eth2,0.00,1514.00,1514.00,1514,0,0.00,1.00,1.00,1,0,0.00,0.00,0,0
1508086089,s3,0.00,0.00,0.00,0,0,0.00,0.00,0.00,0,0,0.00,0.00,0,0
1508086089,s2-eth2,11882.00,255866.00,267748.00,255866,11882,157.00,169.00,326.00,169,157,0.00,0.00,0,0
1508086089,s2-eth1,249810.00,11882.00,261692.00,11882,249810,165.00,157.00,322.00,157,165,0.00,0.00,0,0
1508086089,lo,0.00,0.00,0.00,0,0,0.00,0.00,0.00,0,0,0.00,0.00,0,0
1508086089,s3-eth2,4106.00,112036.00,116142.00,112036,4106,55.00,74.00,129.00,74,55,0.00,0.00,0,0
1508086089,s3-eth1,101780.00,4106.00,105886.00,4106,101780,68.00,55.00,123.00,55,68,0.00,0.00,0,0
1508086089,total,367578.00,385404.00,752982.00,385404,367578,445.00,456.00,901.00,456,445,0.00,0.00,0,0
1508086090,s1,0.00,0.00,0.00,0,0,0.00,0.00,0.00,0,0,0.00,0.00,0,0
1508086090,eth0,0.00,0.00,0.00,0,0,0.00,0.00,0.00,0,0,0.00,0.00,0,0
1508086090,eth1,0.00,0.00,0.00,0,0,0.00,0.00,0.00,0,0,0.00,0.00,0,0
1508086090,s2,0.00,0.00,0.00,0,0,0.00,0.00,0.00,0,0,0.00,0.00,0,0
1508086090,s1-eth2,0.00,0.00,0.00,0,0,0.00,0.00,0.00,0,0,0.00,0.00,0,0
1508086090,s3,0.00,0.00,0.00,0,0,0.00,0.00,0.00,0,0,0.00,0.00,0,0
1508086090,s2-eth2,12254.00,255866.00,268120.00,255866,12254,159.00,169.00,328.00,169,159,0.00,0.00,0,0
1508086090,s2-eth1,249810.00,12254.00,262064.00,12254,249810,165.00,159.00,324.00,159,165,0.00,0.00,0,0
1508086090,lo,0.00,0.00,0.00,0,0,0.00,0.00,0.00,0,0,0.00,0.00,0,0
1508086090,s3-eth2,4634.00,116578.00,121212.00,116578,4634,59.00,77.00,136.00,77,59,0.00,0.00,0,0
1508086090,s3-eth1,122634.00,4292.00,126926.00,4292,122634,81.00,58.00,139.00,58,81,0.00,0.00,0,0
1508086090,total,389332.00,388990.00,778322.00,388990,389332,464.00,463.00,927.00,463,464,0.00,0.00,0,0
1508086091,s1,0.00,0.00,0.00,0,0,0.00,0.00,0.00,0,0,0.00,0.00,0,0
1508086091,eth0,0.00,0.00,0.00,0,0,0.00,0.00,0.00,0,0,0.00,0.00,0,0
1508086091,eth1,0.00,0.00,0.00,0,0,0.00,0.00,0.00,0,0,0.00,0.00,0,0
1508086091,s2,0.00,0.00,0.00,0,0,0.00,0.00,0.00,0,0,0.00,0.00,0,0
1508086091,s1-eth2,0.00,0.00,0.00,0,0,0.00,0.00,0.00,0,0,0.00,0.00,0,0
1508086091,s3,0.00,0.00,0.00,0,0,0.00,0.00,0.00,0,0,0.00,0.00,0,0
1508086091,s2-eth2,12748.00,255866.00,268614.00,255866,12748,162.00,169.00,331.00,169,162,0.00,0.00,0,0
1508086091,s2-eth1,249810.00,12480.00,262290.00,12480,249810,165.00,162.00,327.00,162,165,0.00,0.00,0,0
1508086091,lo,0.00,0.00,0.00,0,0,0.00,0.00,0.00,0,0,0.00,0.00,0,0
1508086091,s3-eth2,5804.00,142316.00,148120.00,142316,5804,76.00,94.00,170.00,94,76,0.00,0.00,0,0
1508086091,s3-eth1,137774.00,5804.00,143578.00,5804,137774,91.00,76.00,167.00,76,91,0.00,0.00,0,0
1508086091,total,406136.00,416466.00,822602.00,416466,406136,494.00,501.00,995.00,501,494,0.00,0.00,0,0
1508086092,s1,0.00,0.00,0.00,0,0,0.00,0.00,0.00,0,0,0.00,0.00,0,0
1508086092,eth0,0.00,0.00,0.00,0,0,0.00,0.00,0.00,0,0,0.00,0.00,0,0
1508086092,eth1,0.00,0.00,0.00,0,0,0.00,0.00,0.00,0,0,0.00,0.00,0,0
1508086092,s2,0.00,0.00,0.00,0,0,0.00,0.00,0.00,0,0,0.00,0.00,0,0
1508086092,s1-eth2,0.00,0.00,0.00,0,0,0.00,0.00,0.00,0,0,0.00,0.00,0,0
1508086092,s3,0.00,0.00,0.00,0,0,0.00,0.00,0.00,0,0,0.00,0.00,0,0
1508086092,s2-eth2,12672.00,263436.00,276108.00,263436,12672,162.00,174.00,336.00,174,162,0.00,0.00,0,0
1508086092,s2-eth1,251324.00,12598.00,263922.00,12598,251324,166.00,161.00,327.00,161,166,0.00,0.00,0,0
1508086092,lo,516.00,516.00,1032.00,516,516,9.00,9.00,18.00,9,9,0.00,0.00,0,0
1508086092,s3-eth2,4768.00,128690.00,133458.00,128690,4768,62.00,85.00,147.00,85,62,0.00,0.00,0,0
1508086092,s3-eth1,134746.00,4768.00,139514.00,4768,134746,89.00,62.00,151.00,62,89,0.00,0.00,0,0
1508086092,total,404026.00,410008.00,814034.00,410008,404026,488.00,491.00,979.00,491,488,0.00,0.00,0,0
1508086093,s1,0.00,0.00,0.00,0,0,0.00,0.00,0.00,0,0,0.00,0.00,0,0
1508086093,eth0,152.00,245.00,397.00,245,152,2.00,2.00,4.00,2,2,0.00,0.00,0,0
1508086093,eth1,0.00,0.00,0.00,0,0,0.00,0.00,0.00,0,0,0.00,0.00,0,0
1508086093,s2,0.00,0.00,0.00,0,0,0.00,0.00,0.00,0,0,0.00,0.00,0,0
1508086093,s1-eth2,0.00,0.00,0.00,0,0,0.00,0.00,0.00,0,0,0.00,0.00,0,0
1508086093,s3,0.00,0.00,0.00,0,0,0.00,0.00,0.00,0,0,0.00,0.00,0,0
1508086093,s2-eth2,714.00,16654.00,17368.00,16654,714,9.00,11.00,20.00,11,9,0.00,0.00,0,0
1508086093,lo,509.00,509.00,1018.00,509,509,6.00,6.00,12.00,6,6,0.00,0.00,0,0
1508086093,s3-eth2,5934.00,113550.00,119484.00,113550,5934,75.00,75.00,150.00,75,75,0.00,0.00,0,0
1508086093,s3-eth1,104466.00,5934.00,110400.00,5934,104466,69.00,75.00,144.00,75,69,0.00,0.00,0,0
1508086093,total,18446744073709551616.00,18446744073709551616.00,18446744073709551616.00,18446744073709335135,18446744073702485509,18446744073709547520.00,18446744073709547520.00,18446744073709543424.00,18446744073709547184,18446744073709546982,0.00,0.00,0,0
1508086094,s1,0.00,0.00,0.00,0,0,0.00,0.00,0.00,0,0,0.00,0.00,0,0
1508086094,eth0,152.00,245.00,397.00,245,152,2.00,2.00,4.00,2,2,0.00,0.00,0,0
1508086094,eth1,0.00,0.00,0.00,0,0,0.00,0.00,0.00,0,0,0.00,0.00,0,0
1508086094,s2,0.00,0.00,0.00,0,0,0.00,0.00,0.00,0,0,0.00,0.00,0,0
1508086094,s1-eth2,0.00,0.00,0.00,0,0,0.00,0.00,0.00,0,0,0.00,0.00,0,0
1508086094,s3,0.00,0.00,0.00,0,0,0.00,0.00,0.00,0,0,0.00,0.00,0,0
1508086094,s2-eth2,0.00,1514.00,1514.00,1514,0,0.00,1.00,1.00,1,0,0.00,0.00,0,0
1508086094,lo,341.00,341.00,682.00,341,341,4.00,4.00,8.00,4,4,0.00,0.00,0,0
1508086094,s3-eth2,2910.00,104466.00,107376.00,104466,2910,39.00,69.00,108.00,69,39,0.00,0.00,0,0
1508086094,s3-eth1,105980.00,2910.00,108890.00,2910,105980,70.00,39.00,109.00,39,70,0.00,0.00,0,0
1508086094,total,109383.00,109476.00,218859.00,109476,109383,115.00,115.00,230.00,115,115,0.00,0.00,0,0
1508086095,s1,0.00,0.00,0.00,0,0,0.00,0.00,0.00,0,0,0.00,0.00,0,0
1508086095,eth0,0.00,0.00,0.00,0,0,0.00,0.00,0.00,0,0,0.00,0.00,0,0
1508086095,eth1,0.00,0.00,0.00,0,0,0.00,0.00,0.00,0,0,0.00,0.00,0,0
1508086095,s2,0.00,0.00,0.00,0,0,0.00,0.00,0.00,0,0,0.00,0.00,0,0
1508086095,s1-eth2,0.00,0.00,0.00,0,0,0.00,0.00,0.00,0,0,0.00,0.00,0,0
1508086095,s3,0.00,0.00,0.00,0,0,0.00,0.00,0.00,0,0,0.00,0.00,0,0
1508086095,s2-eth2,0.00,0.00,0.00,0,0,0.00,0.00,0.00,0,0,0.00,0.00,0,0
1508086095,lo,0.00,0.00,0.00,0,0,0.00,0.00,0.00,0,0,0.00,0.00,0,0
1508086095,s3-eth2,2812.00,118092.00,120904.00,118092,2812,38.00,78.00,116.00,78,38,0.00,0.00,0,0
1508086095,s3-eth1,115064.00,2812.00,117876.00,2812,115064,76.00,38.00,114.00,38,76,0.00,0.00,0,0
1508086095,total,117876.00,120904.00,238780.00,120904,117876,114.00,116.00,230.00,116,114,0.00,0.00,0,0
1508086096,s1,0.00,0.00,0.00,0,0,0.00,0.00,0.00,0,0,0.00,0.00,0,0
1508086096,eth0,0.00,0.00,0.00,0,0,0.00,0.00,0.00,0,0,0.00,0.00,0,0
1508086096,eth1,0.00,0.00,0.00,0,0,0.00,0.00,0.00,0,0,0.00,0.00,0,0
1508086096,s2,0.00,0.00,0.00,0,0,0.00,0.00,0.00,0,0,0.00,0.00,0,0
1508086096,s1-eth2,0.00,1514.00,1514.00,1514,0,0.00,1.00,1.00,1,0,0.00,0.00,0,0
1508086096,s3,0.00,0.00,0.00,0,0,0.00,0.00,0.00,0,0,0.00,0.00,0,0
1508086096,s2-eth2,0.00,1514.00,1514.00,1514,0,0.00,1.00,1.00,1,0,0.00,0.00,0,0
1508086096,lo,0.00,0.00,0.00,0,0,0.00,0.00,0.00,0,0,0.00,0.00,0,0
1508086096,s3-eth2,3634.00,102952.00,106586.00,102952,3634,47.00,68.00,115.00,68,47,0.00,0.00,0,0
1508086096,s3-eth1,97238.00,3634.00,100872.00,3634,97238,65.00,47.00,112.00,47,65,0.00,0.00,0,0
1508086096,total,100872.00,109614.00,210486.00,109614,100872,112.00,117.00,229.00,117,112,0.00,0.00,0,0
1508086097,s1,0.00,0.00,0.00,0,0,0.00,0.00,0.00,0,0,0.00,0.00,0,0
1508086097,eth0,0.00,0.00,0.00,0,0,0.00,0.00,0.00,0,0,0.00,0.00,0,0
1508086097,eth1,0.00,0.00,0.00,0,0,0.00,0.00,0.00,0,0,0.00,0.00,0,0
1508086097,s2,0.00,0.00,0.00,0,0,0.00,0.00,0.00,0,0,0.00,0.00,0,0
1508086097,s1-eth2,0.00,0.00,0.00,0,0,0.00,0.00,0.00,0,0,0.00,0.00,0,0
1508086097,s3,0.00,0.00,0.00,0,0,0.00,0.00,0.00,0,0,0.00,0.00,0,0
1508086097,s2-eth2,0.00,0.00,0.00,0,0,0.00,0.00,0.00,0,0,0.00,0.00,0,0
1508086097,lo,567.43,567.43,1134.87,568,568,9.99,9.99,19.98,10,10,0.00,0.00,0,0
1508086097,s3-eth2,3556.44,99824.18,103380.62,99924,3560,45.95,65.93,111.89,66,46,0.00,0.00,0,0
1508086097,s3-eth1,101336.66,3556.44,104893.11,3560,101438,66.93,45.95,112.89,46,67,0.00,0.00,0,0
1508086097,total,105460.54,103948.05,209408.59,104052,105566,122.88,121.88,244.76,122,123,0.00,0.00,0,0
1508086098,s1,0.00,0.00,0.00,0,0,0.00,0.00,0.00,0,0,0.00,0.00,0,0
1508086098,eth0,60.00,60.00,120.00,60,60,1.00,1.00,2.00,1,1,0.00,0.00,0,0
1508086098,eth1,0.00,0.00,0.00,0,0,0.00,0.00,0.00,0,0,0.00,0.00,0,0
1508086098,s2,0.00,0.00,0.00,0,0,0.00,0.00,0.00,0,0,0.00,0.00,0,0
1508086098,s1-eth2,0.00,0.00,0.00,0,0,0.00,0.00,0.00,0,0,0.00,0.00,0,0
1508086098,s3,0.00,0.00,0.00,0,0,0.00,0.00,0.00,0,0,0.00,0.00,0,0
1508086098,s2-eth2,0.00,0.00,0.00,0,0,0.00,0.00,0.00,0,0,0.00,0.00,0,0
1508086098,lo,0.00,0.00,0.00,0,0,0.00,0.00,0.00,0,0,0.00,0.00,0,0
1508086098,s3-eth2,3606.00,81756.00,85362.00,81756,3606,45.00,54.00,99.00,54,45,0.00,0.00,0,0
1508086098,s3-eth1,89326.00,3606.00,92932.00,3606,89326,59.00,45.00,104.00,45,59,0.00,0.00,0,0
1508086098,total,92992.00,85422.00,178414.00,85422,92992,105.00,100.00,205.00,100,105,0.00,0.00,0,0
1508086099,s1,0.00,0.00,0.00,0,0,0.00,0.00,0.00,0,0,0.00,0.00,0,0
1508086099,eth0,0.00,0.00,0.00,0,0,0.00,0.00,0.00,0,0,0.00,0.00,0,0
1508086099,eth1,0.00,0.00,0.00,0,0,0.00,0.00,0.00,0,0,0.00,0.00,0,0
1508086099,s2,0.00,0.00,0.00,0,0,0.00,0.00,0.00,0,0,0.00,0.00,0,0
1508086099,s1-eth2,0.00,0.00,0.00,0,0,0.00,0.00,0.00,0,0,0.00,0.00,0,0
1508086099,s3,0.00,0.00,0.00,0,0,0.00,0.00,0.00,0,0,0.00,0.00,0,0
1508086099,s2-eth2,0.00,0.00,0.00,0,0,0.00,0.00,0.00,0,0,0.00,0.00,0,0
1508086099,lo,0.00,0.00,0.00,0,0,0.00,0.00,0.00,0,0,0.00,0.00,0,0
1508086099,s3-eth2,3154.00,80242.00,83396.00,80242,3154,41.00,53.00,94.00,53,41,0.00,0.00,0,0
1508086099,s3-eth1,69644.00,3154.00,72798.00,3154,69644,46.00,41.00,87.00,41,46,0.00,0.00,0,0
1508086099,total,72798.00,83396.00,156194.00,83396,72798,87.00,94.00,181.00,94,87,0.00,0.00,0,0
1508086100,s1,0.00,0.00,0.00,0,0,0.00,0.00,0.00,0,0,0.00,0.00,0,0
1508086100,eth0,760.00,1225.00,1985.00,1225,760,10.00,10.00,20.00,10,10,0.00,0.00,0,0
1508086100,eth1,0.00,0.00,0.00,0,0,0.00,0.00,0.00,0,0,0.00,0.00,0,0
1508086100,s2,0.00,0.00,0.00,0,0,0.00,0.00,0.00,0,0,0.00,0.00,0,0
1508086100,s1-eth2,452.00,0.00,452.00,0,452,2.00,0.00,2.00,0,2,0.00,0.00,0,0
1508086100,s3,0.00,0.00,0.00,0,0,0.00,0.00,0.00,0,0,0.00,0.00,0,0
1508086100,s2-eth2,452.00,1514.00,1966.00,1514,452,2.00,1.00,3.00,1,2,0.00,0.00,0,0
1508086100,s2-eth1,522.00,0.00,522.00,0,522,3.00,0.00,3.00,0,3,0.00,0.00,0,0
1508086100,lo,1873.00,1873.00,3746.00,1873,1873,22.00,22.00,44.00,22,22,0.00,0.00,0,0
1508086100,s3-eth2,2820.00,81756.00,84576.00,81756,2820,34.00,54.00,88.00,54,34,0.00,0.00,0,0
1508086100,s3-eth1,86750.00,2368.00,89118.00,2368,86750,59.00,32.00,91.00,32,59,0.00,0.00,0,0
1508086100,total,7285136.00,442822.00,7727958.00,442822,7285136,4935.00,4728.00,9663.00,4728,4935,0.00,0.00,0,0
1508086101,s1,0.00,0.00,0.00,0,0,0.00,0.00,0.00,0,0,0.00,0.00,0,0
1508086101,eth0,152.00,245.00,397.00,245,152,2.00,2.00,4.00,2,2,0.00,0.00,0,0
1508086101,eth1,0.00,0.00,0.00,0,0,0.00,0.00,0.00,0,0,0.00,0.00,0,0
1508086101,s2,0.00,0.00,0.00,0,0,0.00,0.00,0.00,0,0,0.00,0.00,0,0
1508086101,s1-eth2,188.00,0.00,188.00,0,188,2.00,0.00,2.00,0,2,0.00,0.00,0,0
1508086101,s3,0.00,0.00,0.00,0,0,0.00,0.00,0.00,0,0,0.00,0.00,0,0
1508086101,s2-eth2,188.00,0.00,188.00,0,188,2.00,0.00,2.00,0,2,0.00,0.00,0,0
1508086101,s2-eth1,168.00,0.00,168.00,0,168,2.00,0.00,2.00,0,2,0.00,0.00,0,0
1508086101,lo,341.00,341.00,682.00,341,341,4.00,4.00,8.00,4,4,0.00,0.00,0,0
1508086101,s3-eth2,3268.00,81756.00,85024.00,81756,3268,42.00,54.00,96.00,54,42,0.00,0.00,0,0
1508086101,s3-eth1,72860.00,3080.00,75940.00,3080,72860,50.00,40.00,90.00,40,50,0.00,0.00,0,0
1508086101,total,77165.00,85422.00,162587.00,85422,77165,104.00,100.00,204.00,100,104,0.00,0.00,0,0
1508086102,s1,0.00,0.00,0.00,0,0,0.00,0.00,0.00,0,0,0.00,0.00,0,0
1508086102,eth0,760.00,1225.00,1985.00,1225,760,10.00,10.00,20.00,10,10,0.00,0.00,0,0
1508086102,eth1,0.00,0.00,0.00,0,0,0.00,0.00,0.00,0,0,0.00,0.00,0,0
1508086102,s2,0.00,0.00,0.00,0,0,0.00,0.00,0.00,0,0,0.00,0.00,0,0
1508086102,s1-eth2,979.00,0.00,979.00,0,979,7.00,0.00,7.00,0,7,0.00,0.00,0,0
1508086102,s3,0.00,0.00,0.00,0,0,0.00,0.00,0.00,0,0,0.00,0.00,0,0
1508086102,s2-eth2,1324.00,0.00,1324.00,0,1324,8.00,0.00,8.00,0,8,0.00,0.00,0,0
1508086102,s2-eth1,2106.00,0.00,2106.00,0,2106,11.00,0.00,11.00,0,11,0.00,0.00,0,0
1508086102,lo,2273.00,2273.00,4546.00,2273,2273,30.00,30.00,60.00,30,30,0.00,0.00,0,0
1508086102,s3-eth2,3968.00,69644.00,73612.00,69644,3968,42.00,46.00,88.00,46,42,0.00,0.00,0,0
1508086102,s3-eth1,78103.00,2624.00,80727.00,2624,78103,57.00,34.00,91.00,34,57,0.00,0.00,0,0
1508086102,total,89513.00,75766.00,165279.00,75766,89513,165.00,120.00,285.00,120,165,0.00,0.00,0,0
1508086103,s1,0.00,0.00,0.00,0,0,0.00,0.00,0.00,0,0,0.00,0.00,0,0
1508086103,eth0,151.85,244.76,396.60,245,152,2.00,2.00,4.00,2,2,0.00,0.00,0,0
1508086103,eth1,0.00,0.00,0.00,0,0,0.00,0.00,0.00,0,0,0.00,0.00,0,0
1508086103,s2,0.00,0.00,0.00,0,0,0.00,0.00,0.00,0,0,0.00,0.00,0,0
1508086103,s1-eth2,1761.24,0.00,1761.24,0,1763,6.99,0.00,6.99,0,7,0.00,0.00,0,0
1508086103,s3,0.00,0.00,0.00,0,0,0.00,0.00,0.00,0,0,0.00,0.00,0,0
1508086103,s2-eth2,1074.93,0.00,1074.93,0,1076,5.00,0.00,5.00,0,5,0.00,0.00,0,0
1508086103,s2-eth1,620.38,0.00,620.38,0,621,3.00,0.00,3.00,0,3,0.00,0.00,0,0
1508086103,lo,340.66,340.66,681.32,341,341,4.00,4.00,7.99,4,4,0.00,0.00,0,0
1508086103,s3-eth2,3910.09,80161.84,84071.93,80242,3914,41.96,52.95,94.91,53,42,0.00,0.00,0,0
1508086103,s3-eth1,75621.38,2855.15,78476.52,2858,75697,55.94,36.96,92.91,37,56,0.00,0.00,0,0
1508086103,total,83480.52,83602.40,167082.92,83686,83564,118.88,95.90,214.79,96,119,0.00,0.00,0,0
1508086104,s1,0.00,0.00,0.00,0,0,0.00,0.00,0.00,0,0,0.00,0.00,0,0
1508086104,eth0,0.00,0.00,0.00,0,0,0.00,0.00,0.00,0,0,0.00,0.00,0,0
1508086104,eth1,0.00,0.00,0.00,0,0,0.00,0.00,0.00,0,0,0.00,0.00,0,0
1508086104,s2,0.00,0.00,0.00,0,0,0.00,0.00,0.00,0,0,0.00,0.00,0,0
1508086104,s1-eth2,327.00,0.00,327.00,0,327,1.00,0.00,1.00,0,1,0.00,0.00,0,0
1508086104,s3,0.00,0.00,0.00,0,0,0.00,0.00,0.00,0,0,0.00,0.00,0,0
1508086104,s2-eth2,669.00,0.00,669.00,0,669,2.00,0.00,2.00,0,2,0.00,0.00,0,0
1508086104,s2-eth1,342.00,0.00,342.00,0,342,1.00,0.00,1.00,0,1,0.00,0.00,0,0
1508086104,lo,0.00,0.00,0.00,0,0,0.00,0.00,0.00,0,0,0.00,0.00,0,0
1508086104,s3-eth2,2963.00,83270.00,86233.00,83270,2963,33.00,55.00,88.00,55,33,0.00,0.00,0,0
1508086104,s3-eth1,80911.00,2294.00,83205.00,2294,80911,55.00,31.00,86.00,31,55,0.00,0.00,0,0
1508086104,total,85212.00,85564.00,170776.00,85564,85212,92.00,86.00,178.00,86,92,0.00,0.00,0,0
1508086105,s1,0.00,0.00,0.00,0,0,0.00,0.00,0.00,0,0,0.00,0.00,0,0
1508086105,eth0,0.00,0.00,0.00,0,0,0.00,0.00,0.00,0,0,0.00,0.00,0,0
1508086105,eth1,0.00,0.00,0.00,0,0,0.00,0.00,0.00,0,0,0.00,0.00,0,0
1508086105,s2,0.00,0.00,0.00,0,0,0.00,0.00,0.00,0,0,0.00,0.00,0,0
1508086105,s1-eth2,373.63,0.00,373.63,0,374,2.00,0.00,2.00,0,2,0.00,0.00,0,0
1508086105,s3,0.00,0.00,0.00,0,0,0.00,0.00,0.00,0,0,0.00,0.00,0,0
1508086105,s2-eth2,373.63,0.00,373.63,0,374,2.00,0.00,2.00,0,2,0.00,0.00,0,0
1508086105,s2-eth1,700.30,0.00,700.30,0,701,3.00,0.00,3.00,0,3,0.00,0.00,0,0
1508086105,lo,0.00,0.00,0.00,0,0,0.00,0.00,0.00,0,0,0.00,0.00,0,0
1508086105,s3-eth2,3202.80,77136.87,80339.66,77214,3206,37.96,50.95,88.91,51,38,0.00,0.00,0,0
1508086105,s3-eth1,85072.93,2829.17,87902.10,2832,85158,57.94,35.96,93.91,36,58,0.00,0.00,0,0
1508086105,total,89723.28,79966.04,169689.31,80046,89813,102.90,86.91,189.81,87,103,0.00,0.00,0,0
1508086106,s1,0.00,0.00,0.00,0,0,0.00,0.00,0.00,0,0,0.00,0.00,0,0
1508086106,eth0,0.00,0.00,0.00,0,0,0.00,0.00,0.00,0,0,0.00,0.00,0,0
1508086106,eth1,0.00,0.00,0.00,0,0,0.00,0.00,0.00,0,0,0.00,0.00,0,0
1508086106,s2,0.00,0.00,0.00,0,0,0.00,0.00,0.00,0,0,0.00,0.00,0,0
1508086106,s1-eth2,397.00,0.00,397.00,0,397,2.00,0.00,2.00,0,2,0.00,0.00,0,0
1508086106,s3,0.00,0.00,0.00,0,0,0.00,0.00,0.00,0,0,0.00,0.00,0,0
1508086106,s2-eth2,397.00,0.00,397.00,0,397,2.00,0.00,2.00,0,2,0.00,0.00,0,0
1508086106,s2-eth1,70.00,0.00,70.00,0,70,1.00,0.00,1.00,0,1,0.00,0.00,0,0
1508086106,lo,0.00,0.00,0.00,0,0,0.00,0.00,0.00,0,0,0.00,0.00,0,0
1508086106,s3-eth2,3549.00,65102.00,68651.00,65102,3549,42.00,43.00,85.00,43,42,0.00,0.00,0,0
1508086106,s3-eth1,54901.00,3152.00,58053.00,3152,54901,38.00,40.00,78.00,40,38,0.00,0.00,0,0
1508086106,total,59314.00,68254.00,127568.00,68254,59314,85.00,83.00,168.00,83,85,0.00,0.00,0,0
1508086107,s1,0.00,0.00,0.00,0,0,0.00,0.00,0.00,0,0,0.00,0.00,0,0
1508086107,eth0,0.00,0.00,0.00,0,0,0.00,0.00,0.00,0,0,0.00,0.00,0,0
1508086107,eth1,0.00,0.00,0.00,0,0,0.00,0.00,0.00,0,0,0.00,0.00,0,0
1508086107,s2,0.00,0.00,0.00,0,0,0.00,0.00,0.00,0,0,0.00,0.00,0,0
1508086107,s1-eth2,0.00,0.00,0.00,0,0,0.00,0.00,0.00,0,0,0.00,0.00,0,0
1508086107,s3,0.00,0.00,0.00,0,0,0.00,0.00,0.00,0,0,0.00,0.00,0,0
1508086107,s2-eth2,1154.00,22710.00,23864.00,22710,1154,11.00,15.00,26.00,15,11,0.00,0.00,0,0
1508086107,s2-eth1,16654.00,812.00,17466.00,812,16654,11.00,10.00,21.00,10,11,0.00,0.00,0,0
1508086107,lo,516.00,516.00,1032.00,516,516,9.00,9.00,18.00,9,9,0.00,0.00,0,0
1508086107,s3-eth2,2436.00,48448.00,50884.00,48448,2436,28.00,32.00,60.00,32,28,0.00,0.00,0,0
1508086107,s3-eth1,52990.00,2094.00,55084.00,2094,52990,35.00,27.00,62.00,27,35,0.00,0.00,0,0
1508086107,total,73750.00,74580.00,148330.00,74580,73750,94.00,93.00,187.00,93,94,0.00,0.00,0,0
1508086108,s1,0.00,0.00,0.00,0,0,0.00,0.00,0.00,0,0,0.00,0.00,0,0
1508086108,eth0,0.00,0.00,0.00,0,0,0.00,0.00,0.00,0,0,0.00,0.00,0,0
1508086108,eth1,0.00,0.00,0.00,0,0,0.00,0.00,0.00,0,0,0.00,0.00,0,0
1508086108,s2,0.00,0.00,0.00,0,0,0.00,0.00,0.00,0,0,0.00,0.00,0,0
1508086108,s1-eth2,0.00,0.00,0.00,0,0,0.00,0.00,0.00,0,0,0.00,0.00,0,0
1508086108,s3,0.00,0.00,0.00,0,0,0.00,0.00,0.00,0,0,0.00,0.00,0,0
1508086108,s2-eth2,12282.00,258894.00,271176.00,258894,12282,159.00,171.00,330.00,171,159,0.00,0.00,0,0
1508086108,s2-eth1,249810.00,12282.00,262092.00,12282,249810,165.00,159.00,324.00,159,165,0.00,0.00,0,0
1508086108,lo,0.00,0.00,0.00,0,0,0.00,0.00,0.00,0,0,0.00,0.00,0,0
1508086108,s3-eth2,2082.00,66616.00,68698.00,66616,2082,27.00,44.00,71.00,44,27,0.00,0.00,0,0
1508086108,s3-eth1,62074.00,2082.00,64156.00,2082,62074,41.00,27.00,68.00,27,41,0.00,0.00,0,0
1508086108,total,326248.00,339874.00,666122.00,339874,326248,392.00,401.00,793.00,401,392,0.00,0.00,0,0
1508086109,s1,0.00,0.00,0.00,0,0,0.00,0.00,0.00,0,0,0.00,0.00,0,0
1508086109,eth0,0.00,0.00,0.00,0,0,0.00,0.00,0.00,0,0,0.00,0.00,0,0
1508086109,eth1,0.00,0.00,0.00,0,0,0.00,0.00,0.00,0,0,0.00,0.00,0,0
1508086109,s2,0.00,0.00,0.00,0,0,0.00,0.00,0.00,0,0,0.00,0.00,0,0
1508086109,s1-eth2,107.00,0.00,107.00,0,107,1.00,0.00,1.00,0,1,0.00,0.00,0,0
1508086109,s3,0.00,0.00,0.00,0,0,0.00,0.00,0.00,0,0,0.00,0.00,0,0
1508086109,s2-eth2,12271.00,258894.00,271165.00,258894,12271,161.00,171.00,332.00,171,161,0.00,0.00,0,0
1508086109,s2-eth1,246889.00,12164.00,259053.00,12164,246889,164.00,160.00,324.00,160,164,0.00,0.00,0,0
1508086109,lo,0.00,0.00,0.00,0,0,0.00,0.00,0.00,0,0,0.00,0.00,0,0
1508086109,s3-eth2,1979.00,37850.00,39829.00,37850,1979,25.00,25.00,50.00,25,25,0.00,0.00,0,0
1508086109,s3-eth1,38299.00,1872.00,40171.00,1872,38299,27.00,24.00,51.00,24,27,0.00,0.00,0,0
1508086109,total,299545.00,310780.00,610325.00,310780,299545,378.00,380.00,758.00,380,378,0.00,0.00,0,0
1508086110,s1,0.00,0.00,0.00,0,0,0.00,0.00,0.00,0,0,0.00,0.00,0,0
1508086110,eth0,0.00,0.00,0.00,0,0,0.00,0.00,0.00,0,0,0.00,0.00,0,0
1508086110,eth1,0.00,0.00,0.00,0,0,0.00,0.00,0.00,0,0,0.00,0.00,0,0
1508086110,s2,0.00,0.00,0.00,0,0,0.00,0.00,0.00,0,0,0.00,0.00,0,0
1508086110,s1-eth2,412.00,0.00,412.00,0,412,2.00,0.00,2.00,0,2,0.00,0.00,0,0
1508086110,s3,0.00,0.00,0.00,0,0,0.00,0.00,0.00,0,0,0.00,0.00,0,0
1508086110,s2-eth2,12258.00,257380.00,269638.00,257380,12258,161.00,170.00,331.00,170,161,0.00,0.00,0,0
1508086110,s2-eth1,250222.00,12188.00,262410.00,12188,250222,167.00,160.00,327.00,160,167,0.00,0.00,0,0
1508086110,lo,0.00,0.00,0.00,0,0,0.00,0.00,0.00,0,0,0.00,0.00,0,0
1508086110,s3-eth2,1642.00,40920.00,42562.00,40920,1642,21.00,28.00,49.00,28,21,0.00,0.00,0,0
1508086110,s3-eth1,40990.00,1720.00,42710.00,1720,40990,29.00,22.00,51.00,22,29,0.00,0.00,0,0
1508086110,total,305524.00,312208.00,617732.00,312208,305524,380.00,380.00,760.00,380,380,0.00,0.00,0,0
1508086111,s1,0.00,0.00,0.00,0,0,0.00,0.00,0.00,0,0,0.00,0.00,0,0
1508086111,eth0,0.00,0.00,0.00,0,0,0.00,0.00,0.00,0,0,0.00,0.00,0,0
1508086111,eth1,0.00,0.00,0.00,0,0,0.00,0.00,0.00,0,0,0.00,0.00,0,0
1508086111,s2,0.00,0.00,0.00,0,0,0.00,0.00,0.00,0,0,0.00,0.00,0,0
1508086111,s1-eth2,0.00,1512.49,1512.49,1514,0,0.00,1.00,1.00,1,0,0.00,0.00,0,0
1508086111,s3,0.00,0.00,0.00,0,0,0.00,0.00,0.00,0,0,0.00,0.00,0,0
1508086111,s2-eth2,11636.36,254097.91,265734.28,254352,11648,153.85,167.83,321.68,168,154,0.00,0.00,0,0
1508086111,s2-eth1,249560.45,11636.36,261196.81,11648,249810,164.84,153.85,318.68,154,165,0.00,0.00,0,0
1508086111,lo,0.00,0.00,0.00,0,0,0.00,0.00,0.00,0,0,0.00,0.00,0,0
1508086111,s3-eth2,2559.44,55962.04,58521.48,56018,2562,32.97,36.96,69.93,37,33,0.00,0.00,0,0
1508086111,s3-eth1,46887.11,2411.59,49298.70,2414,46934,30.97,30.97,61.94,31,31,0.00,0.00,0,0
1508086111,total,310643.38,325620.38,636263.75,325946,310954,382.62,390.61,773.23,391,383,0.00,0.00,0,0
1508086112,s1,0.00,0.00,0.00,0,0,0.00,0.00,0.00,0,0,0.00,0.00,0,0
1508086112,eth0,0.00,0.00,0.00,0,0,0.00,0.00,0.00,0,0,0.00,0.00,0,0
1508086112,eth1,0.00,0.00,0.00,0,0,0.00,0.00,0.00,0,0,0.00,0.00,0,0
1508086112,s2,0.00,0.00,0.00,0,0,0.00,0.00,0.00,0,0,0.00,0.00,0,0
1508086112,s1-eth2,0.00,0.00,0.00,0,0,0.00,0.00,0.00,0,0,0.00,0.00,0,0
1508086112,s3,0.00,0.00,0.00,0,0,0.00,0.00,0.00,0,0,0.00,0.00,0,0
1508086112,s2-eth2,11608.39,251072.94,262681.31,251324,11620,149.85,165.83,315.68,166,150,0.00,0.00,0,0
1508086112,s2-eth1,251072.94,11702.30,262775.22,11714,251324,165.83,150.85,316.68,151,166,0.00,0.00,0,0
1508086112,lo,515.48,515.48,1030.97,516,516,8.99,8.99,17.98,9,9,0.00,0.00,0,0
1508086112,s3-eth2,2339.66,49912.09,52251.75,49962,2342,30.97,32.97,63.94,33,31,0.00,0.00,0,0
1508086112,s3-eth1,55962.04,2339.66,58301.70,2342,56018,36.96,30.97,67.93,31,37,0.00,0.00,0,0
1508086112,total,321498.50,315542.47,637041.00,315858,321820,392.61,389.61,782.22,390,393,0.00,0.00,0,0
1508086113,s1,0.00,0.00,0.00,0,0,0.00,0.00,0.00,0,0,0.00,0.00,0,0
1508086113,eth0,303.70,489.51,793.21,490,304,4.00,4.00,7.99,4,4,0.00,0.00,0,0
1508086113,eth1,0.00,0.00,0.00,0,0,0.00,0.00,0.00,0,0,0.00,0.00,0,0
1508086113,s2,0.00,0.00,0.00,0,0,0.00,0.00,0.00,0,0,0.00,0.00,0,0
1508086113,s1-eth2,0.00,0.00,0.00,0,0,0.00,0.00,0.00,0,0,0.00,0.00,0,0
1508086113,s1-eth1,599.40,0.00,599.40,0,600,4.00,0.00,4.00,0,4,0.00,0.00,0,0
1508086113,s3,0.00,0.00,0.00,0,0,0.00,0.00,0.00,0,0,0.00,0.00,0,0
1508086113,s2-eth2,12047.95,260147.86,272195.81,260408,12060,157.84,171.83,329.67,172,158,0.00,0.00,0,0
1508086113,s2-eth1,249560.45,11954.05,261514.50,11966,249810,164.84,156.84,321.68,157,165,0.00,0.00,0,0
1508086113,lo,849.15,849.15,1698.30,850,850,9.99,9.99,19.98,10,10,0.00,0.00,0,0
1508086113,s3-eth2,3286.71,74111.89,77398.60,74186,3290,38.96,48.95,87.91,49,39,0.00,0.00,0,0
1508086113,s3-eth1,62011.99,2945.05,64957.04,2948,62074,40.96,37.96,78.92,38,41,0.00,0.00,0,0
1508086113,total,25314564.00,1049630.38,26364194.00,1050680,25339878,16989.01,9876.12,26865.14,9886,17006,0.00,0.00,0,0
1508086114,s1,0.00,0.00,0.00,0,0,0.00,0.00,0.00,0,0,0.00,0.00,0,0
1508086114,eth0,304.00,490.00,794.00,490,304,4.00,4.00,8.00,4,4,0.00,0.00,0,0
1508086114,eth1,0.00,0.00,0.00,0,0,0.00,0.00,0.00,0,0,0.00,0.00,0,0
1508086114,s2,0.00,0.00,0.00,0,0,0.00,0.00,0.00,0,0,0.00,0.00,0,0
1508086114,s1-eth2,0.00,0.00,0.00,0,0,0.00,0.00,0.00,0,0,0.00,0.00,0,0
1508086114,s1-eth1,979.00,0.00,979.00,0,979,7.00,0.00,7.00,0,7,0.00,0.00,0,0
1508086114,s3,0.00,0.00,0.00,0,0,0.00,0.00,0.00,0,0,0.00,0.00,0,0
1508086114,s2-eth2,12366.00,258894.00,271260.00,258894,12366,159.00,171.00,330.00,171,159,0.00,0.00,0,0
1508086114,s2-eth1,249810.00,12366.00,262176.00,12366,249810,165.00,159.00,324.00,159,165,0.00,0.00,0,0
1508086114,lo,682.00,682.00,1364.00,682,682,8.00,8.00,16.00,8,8,0.00,0.00,0,0
1508086114,s3-eth2,2146.00,71158.00,73304.00,71158,2146,29.00,47.00,76.00,47,29,0.00,0.00,0,0
1508086114,s3-eth1,80242.00,2146.00,82388.00,2146,80242,53.00,29.00,82.00,29,53,0.00,0.00,0,0
1508086114,total,346529.00,345736.00,692265.00,345736,346529,425.00,418.00,843.00,418,425,0.00,0.00,0,0
1508086115,s1,0.00,0.00,0.00,0,0,0.00,0.00,0.00,0,0,0.00,0.00,0,0
1508086115,eth0,152.00,245.00,397.00,245,152,2.00,2.00,4.00,2,2,0.00,0.00,0,0
1508086115,eth1,0.00,0.00,0.00,0,0,0.00,0.00,0.00,0,0,0.00,0.00,0,0
1508086115,s2,0.00,0.00,0.00,0,0,0.00,0.00,0.00,0,0,0.00,0.00,0,0
1508086115,s1-eth2,0.00,0.00,0.00,0,0,0.00,0.00,0.00,0,0,0.00,0.00,0,0
1508086115,s1-eth1,1576.00,0.00,1576.00,0,1576,6.00,0.00,6.00,0,6,0.00,0.00,0,0
1508086115,s3,0.00,0.00,0.00,0,0,0.00,0.00,0.00,0,0,0.00,0.00,0,0
1508086115,s2-eth2,12694.00,257380.00,270074.00,257380,12694,161.00,170.00,331.00,170,161,0.00,0.00,0,0
1508086115,s2-eth1,249810.00,12352.00,262162.00,12352,249810,165.00,160.00,325.00,160,165,0.00,0.00,0,0
1508086115,lo,341.00,341.00,682.00,341,341,4.00,4.00,8.00,4,4,0.00,0.00,0,0
1508086115,s3-eth2,2562.00,83270.00,85832.00,83270,2562,33.00,55.00,88.00,55,33,0.00,0.00,0,0
1508086115,s3-eth1,74186.00,2562.00,76748.00,2562,74186,49.00,33.00,82.00,33,49,0.00,0.00,0,0
1508086115,total,341321.00,356150.00,697471.00,356150,341321,420.00,424.00,844.00,424,420,0.00,0.00,0,0
1508086116,s1,0.00,0.00,0.00,0,0,0.00,0.00,0.00,0,0,0.00,0.00,0,0
1508086116,eth0,0.00,0.00,0.00,0,0,0.00,0.00,0.00,0,0,0.00,0.00,0,0
1508086116,eth1,0.00,0.00,0.00,0,0,0.00,0.00,0.00,0,0,0.00,0.00,0,0
1508086116,s2,0.00,0.00,0.00,0,0,0.00,0.00,0.00,0,0,0.00,0.00,0,0
1508086116,s1-eth2,42.00,42.00,84.00,42,42,1.00,1.00,2.00,1,1,0.00,0.00,0,0
1508086116,s1-eth1,556.00,42.00,598.00,42,556,3.00,1.00,4.00,1,3,0.00,0.00,0,0
1508086116,s3,0.00,0.00,0.00,0,0,0.00,0.00,0.00,0,0,0.00,0.00,0,0
1508086116,s2-eth2,12280.00,263436.00,275716.00,263436,12280,160.00,174.00,334.00,174,160,0.00,0.00,0,0
1508086116,s2-eth1,249810.00,12280.00,262090.00,12280,249810,165.00,160.00,325.00,160,165,0.00,0.00,0,0
1508086116,lo,0.00,0.00,0.00,0,0,0.00,0.00,0.00,0,0,0.00,0.00,0,0
1508086116,s3-eth2,3404.00,81756.00,85160.00,81756,3404,46.00,54.00,100.00,54,46,0.00,0.00,0,0
1508086116,s3-eth1,86298.00,3404.00,89702.00,3404,86298,57.00,46.00,103.00,46,57,0.00,0.00,0,0
1508086116,total,352390.00,360960.00,713350.00,360960,352390,432.00,436.00,868.00,436,432,0.00,0.00,0,0
1508086117,s1,0.00,0.00,0.00,0,0,0.00,0.00,0.00,0,0,0.00,0.00,0,0
1508086117,eth0,0.00,0.00,0.00,0,0,0.00,0.00,0.00,0,0,0.00,0.00,0,0
1508086117,eth1,0.00,0.00,0.00,0,0,0.00,0.00,0.00,0,0,0.00,0.00,0,0
1508086117,s2,0.00,0.00,0.00,0,0,0.00,0.00,0.00,0,0,0.00,0.00,0,0
1508086117,s1-eth2,107.00,0.00,107.00,0,107,1.00,0.00,1.00,0,1,0.00,0.00,0,0
1508086117,s1-eth1,107.00,0.00,107.00,0,107,1.00,0.00,1.00,0,1,0.00,0.00,0,0
1508086117,s3,0.00,0.00,0.00,0,0,0.00,0.00,0.00,0,0,0.00,0.00,0,0
1508086117,s2-eth2,12405.00,252838.00,265243.00,252838,12405,162.00,167.00,329.00,167,162,0.00,0.00,0,0
1508086117,s2-eth1,249917.00,12298.00,262215.00,12298,249917,166.00,161.00,327.00,161,166,0.00,0.00,0,0
1508086117,lo,568.00,568.00,1136.00,568,568,10.00,10.00,20.00,10,10,0.00,0.00,0,0
1508086117,s3-eth2,3659.00,102952.00,106611.00,102952,3659,49.00,68.00,117.00,68,49,0.00,0.00,0,0
1508086117,s3-eth1,97003.00,3626.00,100629.00,3626,97003,65.00,49.00,114.00,49,65,0.00,0.00,0,0
1508086117,total,363766.00,372282.00,736048.00,372282,363766,454.00,455.00,909.00,455,454,0.00,0.00,0,0
1508086118,s1,0.00,0.00,0.00,0,0,0.00,0.00,0.00,0,0,0.00,0.00,0,0
1508086118,eth0,0.00,0.00,0.00,0,0,0.00,0.00,0.00,0,0,0.00,0.00,0,0
1508086118,eth1,0.00,0.00,0.00,0,0,0.00,0.00,0.00,0,0,0.00,0.00,0,0
1508086118,s2,0.00,0.00,0.00,0,0,0.00,0.00,0.00,0,0,0.00,0.00,0,0
1508086118,s1-eth2,0.00,0.00,0.00,0,0,0.00,0.00,0.00,0,0,0.00,0.00,0,0
1508086118,s1-eth1,664.00,0.00,664.00,0,664,3.00,0.00,3.00,0,3,0.00,0.00,0,0
1508086118,s3,0.00,0.00,0.00,0,0,0.00,0.00,0.00,0,0,0.00,0.00,0,0
1508086118,s2-eth2,12486.00,257380.00,269866.00,257380,12486,161.00,170.00,331.00,170,161,0.00,0.00,0,0
1508086118,s2-eth1,249810.00,12486.00,262296.00,12486,249810,165.00,161.00,326.00,161,165,0.00,0.00,0,0
1508086118,lo,0.00,0.00,0.00,0,0,0.00,0.00,0.00,0,0,0.00,0.00,0,0
1508086118,s3-eth2,5138.00,119606.00,124744.00,119606,5138,67.00,79.00,146.00,79,67,0.00,0.00,0,0
1508086118,s3-eth1,122634.00,5064.00,127698.00,5064,122634,81.00,66.00,147.00,66,81,0.00,0.00,0,0
1508086118,total,390732.00,394536.00,785268.00,394536,390732,477.00,476.00,953.00,476,477,0.00,0.00,0,0
1508086119,s1,0.00,0.00,0.00,0,0,0.00,0.00,0.00,0,0,0.00,0.00,0,0
1508086119,eth0,0.00,0.00,0.00,0,0,0.00,0.00,0.00,0,0,0.00,0.00,0,0
1508086119,eth1,0.00,0.00,0.00,0,0,0.00,0.00,0.00,0,0,0.00,0.00,0,0
1508086119,s2,0.00,0.00,0.00,0,0,0.00,0.00,0.00,0,0,0.00,0.00,0,0
1508086119,s1-eth2,0.00,0.00,0.00,0,0,0.00,0.00,0.00,0,0,0.00,0.00,0,0
1508086119,s1-eth1,0.00,0.00,0.00,0,0,0.00,0.00,0.00,0,0,0.00,0.00,0,0
1508086119,s3,0.00,0.00,0.00,0,0,0.00,0.00,0.00,0,0,0.00,0.00,0,0
1508086119,s2-eth2,12256.00,258894.00,271150.00,258894,12256,160.00,171.00,331.00,171,160,0.00,0.00,0,0
1508086119,s2-eth1,251324.00,12330.00,263654.00,12330,251324,166.00,161.00,327.00,161,166,0.00,0.00,0,0
1508086119,lo,0.00,0.00,0.00,0,0,0.00,0.00,0.00,0,0,0.00,0.00,0,0
1508086119,s3-eth2,4226.00,81756.00,85982.00,81756,4226,53.00,54.00,107.00,54,53,0.00,0.00,0,0
1508086119,s3-eth1,78728.00,4226.00,82954.00,4226,78728,52.00,53.00,105.00,53,52,0.00,0.00,0,0
1508086119,total,346534.00,357206.00,703740.00,357206,346534,431.00,439.00,870.00,439,431,0.00,0.00,0,0
1508086120,s1,0.00,0.00,0.00,0,0,0.00,0.00,0.00,0,0,0.00,0.00,0,0
1508086120,eth0,0.00,0.00,0.00,0,0,0.00,0.00,0.00,0,0,0.00,0.00,0,0
1508086120,eth1,0.00,0.00,0.00,0,0,0.00,0.00,0.00,0,0,0.00,0.00,0,0
1508086120,s2,0.00,0.00,0.00,0,0,0.00,0.00,0.00,0,0,0.00,0.00,0,0
1508086120,s1-eth2,0.00,0.00,0.00,0,0,0.00,0.00,0.00,0,0,0.00,0.00,0,0
1508086120,s1-eth1,0.00,0.00,0.00,0,0,0.00,0.00,0.00,0,0,0.00,0.00,0,0
1508086120,s3,0.00,0.00,0.00,0,0,0.00,0.00,0.00,0,0,0.00,0.00,0,0
1508086120,s2-eth2,12698.00,261964.00,274662.00,261964,12698,165.00,174.00,339.00,174,165,0.00,0.00,0,0
1508086120,s2-eth1,249852.00,12624.00,262476.00,12624,249852,166.00,164.00,330.00,164,166,0.00,0.00,0,0
1508086120,lo,0.00,0.00,0.00,0,0,0.00,0.00,0.00,0,0,0.00,0.00,0,0
1508086120,s3-eth2,3148.00,77214.00,80362.00,77214,3148,40.00,51.00,91.00,51,40,0.00,0.00,0,0
1508086120,s3-eth1,69644.00,3148.00,72792.00,3148,69644,46.00,40.00,86.00,40,46,0.00,0.00,0,0
1508086120,total,335342.00,354950.00,690292.00,354950,335342,417.00,429.00,846.00,429,417,0.00,0.00,0,0
1508086121,s1,0.00,0.00,0.00,0,0,0.00,0.00,0.00,0,0,0.00,0.00,0,0
1508086121,eth0,0.00,0.00,0.00,0,0,0.00,0.00,0.00,0,0,0.00,0.00,0,0
1508086121,eth1,0.00,0.00,0.00,0,0,0.00,0.00,0.00,0,0,0.00,0.00,0,0
1508086121,s2,0.00,0.00,0.00,0,0,0.00,0.00,0.00,0,0,0.00,0.00,0,0
1508086121,s1-eth2,0.00,0.00,0.00,0,0,0.00,0.00,0.00,0,0,0.00,0.00,0,0
1508086121,s1-eth1,107.00,0.00,107.00,0,107,1.00,0.00,1.00,0,1,0.00,0.00,0,0
1508086121,s3,0.00,0.00,0.00,0,0,0.00,0.00,0.00,0,0,0.00,0.00,0,0
1508086121,s2-eth2,12328.00,261922.00,274250.00,261922,12328,158.00,173.00,331.00,173,158,0.00,0.00,0,0
1508086121,s2-eth1,249810.00,12328.00,262138.00,12328,249810,165.00,158.00,323.00,158,165,0.00,0.00,0,0
1508086121,lo,0.00,0.00,0.00,0,0,0.00,0.00,0.00,0,0,0.00,0.00,0,0
1508086121,s3-eth2,2442.00,80242.00,82684.00,80242,2442,33.00,53.00,86.00,53,33,0.00,0.00,0,0
1508086121,s3-eth1,84784.00,2516.00,87300.00,2516,84784,56.00,34.00,90.00,34,56,0.00,0.00,0,0
1508086121,total,349471.00,357008.00,706479.00,357008,349471,413.00,418.00,831.00,418,413,0.00,0.00,0,0
1508086122,s1,0.00,0.00,0.00,0,0,0.00,0.00,0.00,0,0,0.00,0.00,0,0
1508086122,eth0,0.00,0.00,0.00,0,0,0.00,0.00,0.00,0,0,0.00,0.00,0,0
1508086122,eth1,0.00,0.00,0.00,0,0,0.00,0.00,0.00,0,0,0.00,0.00,0,0
1508086122,s2,0.00,0.00,0.00,0,0,0.00,0.00,0.00,0,0,0.00,0.00,0,0
1508086122,s1-eth2,0.00,0.00,0.00,0,0,0.00,0.00,0.00,0,0,0.00,0.00,0,0
1508086122,s1-eth1,70.00,0.00,70.00,0,70,1.00,0.00,1.00,0,1,0.00,0.00,0,0
1508086122,s3,0.00,0.00,0.00,0,0,0.00,0.00,0.00,0,0,0.00,0.00,0,0
1508086122,s2-eth2,12456.00,264950.00,277406.00,264950,12456,162.00,175.00,337.00,175,162,0.00,0.00,0,0
1508086122,s2-eth1,249810.00,12456.00,262266.00,12456,249810,165.00,162.00,327.00,162,165,0.00,0.00,0,0
1508086122,lo,516.00,516.00,1032.00,516,516,9.00,9.00,18.00,9,9,0.00,0.00,0,0
1508086122,s3-eth2,3078.00,75700.00,78778.00,75700,3078,39.00,50.00,89.00,50,39,0.00,0.00,0,0
1508086122,s3-eth1,72672.00,3004.00,75676.00,3004,72672,48.00,38.00,86.00,38,48,0.00,0.00,0,0
1508086122,total,338602.00,356626.00,695228.00,356626,338602,424.00,434.00,858.00,434,424,0.00,0.00,0,0
1508086123,s1,0.00,0.00,0.00,0,0,0.00,0.00,0.00,0,0,0.00,0.00,0,0
1508086123,eth0,0.00,0.00,0.00,0,0,0.00,0.00,0.00,0,0,0.00,0.00,0,0
1508086123,eth1,0.00,0.00,0.00,0,0,0.00,0.00,0.00,0,0,0.00,0.00,0,0
1508086123,s2,0.00,0.00,0.00,0,0,0.00,0.00,0.00,0,0,0.00,0.00,0,0
1508086123,s1-eth2,0.00,0.00,0.00,0,0,0.00,0.00,0.00,0,0,0.00,0.00,0,0
1508086123,s1-eth1,342.00,0.00,342.00,0,342,1.00,0.00,1.00,0,1,0.00,0.00,0,0
1508086123,s3,0.00,0.00,0.00,0,0,0.00,0.00,0.00,0,0,0.00,0.00,0,0
1508086123,s2-eth2,12412.00,258894.00,271306.00,258894,12412,162.00,171.00,333.00,171,162,0.00,0.00,0,0
1508086123,s2-eth1,249810.00,12412.00,262222.00,12412,249810,165.00,162.00,327.00,162,165,0.00,0.00,0,0
1508086123,lo,0.00,0.00,0.00,0,0,0.00,0.00,0.00,0,0,0.00,0.00,0,0
1508086123,s3-eth2,3144.00,83270.00,86414.00,83270,3144,42.00,55.00,97.00,55,42,0.00,0.00,0,0
1508086123,s3-eth1,80584.00,3144.00,83728.00,3144,80584,54.00,42.00,96.00,42,54,0.00,0.00,0,0
1508086123,total,346292.00,357720.00,704012.00,357720,346292,424.00,430.00,854.00,430,424,0.00,0.00,0,0
1508086124,s1,0.00,0.00,0.00,0,0,0.00,0.00,0.00,0,0,0.00,0.00,0,0
1508086124,eth0,0.00,0.00,0.00,0,0,0.00,0.00,0.00,0,0,0.00,0.00,0,0
1508086124,eth1,0.00,0.00,0.00,0,0,0.00,0.00,0.00,0,0,0.00,0.00,0,0
1508086124,s2,0.00,0.00,0.00,0,0,0.00,0.00,0.00,0,0,0.00,0.00,0,0
1508086124,s1-eth2,341.66,0.00,341.66,0,342,1.00,0.00,1.00,0,1,0.00,0.00,0,0
1508086124,s1-eth1,0.00,0.00,0.00,0,0,0.00,0.00,0.00,0,0,0.00,0.00,0,0
1508086124,s3,0.00,0.00,0.00,0,0,0.00,0.00,0.00,0,0,0.00,0.00,0,0
1508086124,s2-eth2,12277.72,249560.45,261838.17,249810,12290,158.84,164.84,323.68,165,159,0.00,0.00,0,0
1508086124,s2-eth1,249902.11,12277.72,262179.81,12290,250152,165.83,158.84,324.68,159,166,0.00,0.00,0,0
1508086124,lo,0.00,0.00,0.00,0,0,0.00,0.00,0.00,0,0,0.00,0.00,0,0
1508086124,s3-eth2,3976.02,78649.35,82625.38,78728,3980,49.95,51.95,101.90,52,50,0.00,0.00,0,0
1508086124,s3-eth1,71086.91,3976.02,75062.94,3980,71158,46.95,49.95,96.90,50,47,0.00,0.00,0,0
1508086124,total,337584.44,344463.53,682048.00,344808,337922,422.58,425.57,848.15,426,423,0.00,0.00,0,0
1508086125,s1,0.00,0.00,0.00,0,0,0.00,0.00,0.00,0,0,0.00,0.00,0,0
1508086125,eth0,0.00,0.00,0.00,0,0,0.00,0.00,0.00,0,0,0.00,0.00,0,0
1508086125,eth1,0.00,0.00,0.00,0,0,0.00,0.00,0.00,0,0,0.00,0.00,0,0
1508086125,s2,0.00,0.00,0.00,0,0,0.00,0.00,0.00,0,0,0.00,0.00,0,0
1508086125,s1-eth2,0.00,0.00,0.00,0,0,0.00,0.00,0.00,0,0,0.00,0.00,0,0
1508086125,s1-eth1,0.00,0.00,0.00,0,0,0.00,0.00,0.00,0,0,0.00,0.00,0,0
1508086125,s3,0.00,0.00,0.00,0,0,0.00,0.00,0.00,0,0,0.00,0.00,0,0
1508086125,s2-eth2,11694.00,264950.00,276644.00,264950,11694,153.00,175.00,328.00,175,153,0.00,0.00,0,0
1508086125,s2-eth1,245268.00,11694.00,256962.00,11694,245268,162.00,153.00,315.00,153,162,0.00,0.00,0,0
1508086125,lo,0.00,0.00,0.00,0,0,0.00,0.00,0.00,0,0,0.00,0.00,0,0
1508086125,s3-eth2,2624.00,66616.00,69240.00,66616,2624,34.00,44.00,78.00,44,34,0.00,0.00,0,0
1508086125,s3-eth1,69644.00,2624.00,72268.00,2624,69644,46.00,34.00,80.00,34,46,0.00,0.00,0,0
1508086125,total,329230.00,345884.00,675114.00,345884,329230,395.00,406.00,801.00,406,395,0.00,0.00,0,0
1508086126,s1,0.00,0.00,0.00,0,0,0.00,0.00,0.00,0,0,0.00,0.00,0,0
1508086126,eth0,0.00,0.00,0.00,0,0,0.00,0.00,0.00,0,0,0.00,0.00,0,0
1508086126,eth1,0.00,0.00,0.00,0,0,0.00,0.00,0.00,0,0,0.00,0.00,0,0
1508086126,s2,0.00,0.00,0.00,0,0,0.00,0.00,0.00,0,0,0.00,0.00,0,0
1508086126,s1-eth2,0.00,0.00,0.00,0,0,0.00,0.00,0.00,0,0,0.00,0.00,0,0
1508086126,s1-eth1,0.00,0.00,0.00,0,0,0.00,0.00,0.00,0,0,0.00,0.00,0,0
1508086126,s3,0.00,0.00,0.00,0,0,0.00,0.00,0.00,0,0,0.00,0.00,0,0
1508086126,s2-eth2,11756.00,252838.00,264594.00,252838,11756,154.00,167.00,321.00,167,154,0.00,0.00,0,0
1508086126,s2-eth1,251324.00,11830.00,263154.00,11830,251324,166.00,155.00,321.00,155,166,0.00,0.00,0,0
1508086126,lo,0.00,0.00,0.00,0,0,0.00,0.00,0.00,0,0,0.00,0.00,0,0
1508086126,s3-eth2,3524.00,74186.00,77710.00,74186,3524,44.00,49.00,93.00,49,44,0.00,0.00,0,0
1508086126,s3-eth1,74186.00,3182.00,77368.00,3182,74186,49.00,43.00,92.00,43,49,0.00,0.00,0,0
1508086126,total,340790.00,342036.00,682826.00,342036,340790,413.00,414.00,827.00,414,413,0.00,0.00,0,0
1508086127,s1,0.00,0.00,0.00,0,0,0.00,0.00,0.00,0,0,0.00,0.00,0,0
1508086127,eth0,0.00,0.00,0.00,0,0,0.00,0.00,0.00,0,0,0.00,0.00,0,0
1508086127,eth1,0.00,0.00,0.00,0,0,0.00,0.00,0.00,0,0,0.00,0.00,0,0
1508086127,s2,0.00,0.00,0.00,0,0,0.00,0.00,0.00,0,0,0.00,0.00,0,0
1508086127,s1-eth2,0.00,0.00,0.00,0,0,0.00,0.00,0.00,0,0,0.00,0.00,0,0
1508086127,s1-eth1,0.00,0.00,0.00,0,0,0.00,0.00,0.00,0,0,0.00,0.00,0,0
1508086127,s3,0.00,0.00,0.00,0,0,0.00,0.00,0.00,0,0,0.00,0.00,0,0
1508086127,s2-eth2,11956.04,257122.89,269078.94,257380,11968,157.84,169.83,327.67,170,158,0.00,0.00,0,0
1508086127,s2-eth1,249560.45,11882.12,261442.56,11894,249810,164.84,156.84,321.68,157,165,0.00,0.00,0,0
1508086127,lo,515.48,515.48,1030.97,516,516,8.99,8.99,17.98,9,9,0.00,0.00,0,0
1508086127,s3-eth2,3474.53,98311.69,101786.22,98410,3478,46.95,64.94,111.89,65,47,0.00,0.00,0,0
1508086127,s3-eth1,93774.23,3474.53,97248.75,3478,93868,61.94,46.95,108.89,47,62,0.00,0.00,0,0
1508086127,total,359280.72,371306.72,730587.44,371678,359640,440.56,447.55,888.11,448,441,0.00,0.00,0,0
1508086128,s1,0.00,0.00,0.00,0,0,0.00,0.00,0.00,0,0,0.00,0.00,0,0
1508086128,eth0,0.00,0.00,0.00,0,0,0.00,0.00,0.00,0,0,0.00,0.00,0,0
1508086128,eth1,0.00,0.00,0.00,0,0,0.00,0.00,0.00,0,0,0.00,0.00,0,0
1508086128,s2,0.00,0.00,0.00,0,0,0.00,0.00,0.00,0,0,0.00,0.00,0,0
1508086128,s1-eth2,0.00,0.00,0.00,0,0,0.00,0.00,0.00,0,0,0.00,0.00,0,0
1508086128,s1-eth1,0.00,0.00,0.00,0,0,0.00,0.00,0.00,0,0,0.00,0.00,0,0
1508086128,s3,0.00,0.00,0.00,0,0,0.00,0.00,0.00,0,0,0.00,0.00,0,0
1508086128,s2-eth2,12663.34,255610.39,268273.72,255866,12676,159.84,168.83,328.67,169,160,0.00,0.00,0,0
1508086128,s2-eth1,249560.45,12321.68,261882.12,12334,249810,164.84,158.84,323.68,159,165,0.00,0.00,0,0
1508086128,lo,0.00,0.00,0.00,0,0,0.00,0.00,0.00,0,0,0.00,0.00,0,0
1508086128,s3-eth2,4753.25,114949.05,119702.30,115064,4758,62.94,75.92,138.86,76,63,0.00,0.00,0,0
1508086128,s3-eth1,117974.03,4753.25,122727.27,4758,118092,77.92,62.94,140.86,63,78,0.00,0.00,0,0
1508086128,total,384951.06,387634.38,772585.44,388022,385336,465.53,466.53,932.07,467,466,0.00,0.00,0,0
1508086129,s1,0.00,0.00,0.00,0,0,0.00,0.00,0.00,0,0,0.00,0.00,0,0
1508086129,eth0,0.00,0.00,0.00,0,0,0.00,0.00,0.00,0,0,0.00,0.00,0,0
1508086129,eth1,0.00,0.00,0.00,0,0,0.00,0.00,0.00,0,0,0.00,0.00,0,0
1508086129,s2,0.00,0.00,0.00,0,0,0.00,0.00,0.00,0,0,0.00,0.00,0,0
1508086129,s1-eth2,0.00,0.00,0.00,0,0,0.00,0.00,0.00,0,0,0.00,0.00,0,0
1508086129,s1-eth1,106.89,0.00,106.89,0,107,1.00,0.00,1.00,0,1,0.00,0.00,0,0
1508086129,s3,0.00,0.00,0.00,0,0,0.00,0.00,0.00,0,0,0.00,0.00,0,0
1508086129,s2-eth2,12297.70,255610.39,267908.09,255866,12310,160.84,168.83,329.67,169,161,0.00,0.00,0,0
1508086129,s2-eth1,251072.94,12371.63,263444.56,12384,251324,165.83,161.84,327.67,162,166,0.00,0.00,0,0
1508086129,lo,0.00,0.00,0.00,0,0,0.00,0.00,0.00,0,0,0.00,0.00,0,0
1508086129,s3-eth2,4663.34,101336.66,106000.00,101438,4668,59.94,66.93,126.87,67,60,0.00,0.00,0,0
1508086129,s3-eth1,95286.72,4737.26,100023.98,4742,95382,62.94,60.94,123.88,61,63,0.00,0.00,0,0
1508086129,total,363427.59,374055.97,737483.56,374430,363791,450.55,458.54,909.09,459,451,0.00,0.00,0,0
1508086130,s1,0.00,0.00,0.00,0,0,0.00,0.00,0.00,0,0,0.00,0.00,0,0
1508086130,eth0,0.00,0.00,0.00,0,0,0.00,0.00,0.00,0,0,0.00,0.00,0,0
1508086130,eth1,0.00,0.00,0.00,0,0,0.00,0.00,0.00,0,0,0.00,0.00,0,0
1508086130,s2,0.00,0.00,0.00,0,0,0.00,0.00,0.00,0,0,0.00,0.00,0,0
1508086130,s1-eth2,0.00,0.00,0.00,0,0,0.00,0.00,0.00,0,0,0.00,0.00,0,0
1508086130,s1-eth1,0.00,0.00,0.00,0,0,0.00,0.00,0.00,0,0,0.00,0.00,0,0
1508086130,s3,0.00,0.00,0.00,0,0,0.00,0.00,0.00,0,0,0.00,0.00,0,0
1508086130,s2-eth2,12504.00,257380.00,269884.00,257380,12504,162.00,170.00,332.00,170,162,0.00,0.00,0,0
1508086130,s2-eth1,249810.00,12430.00,262240.00,12430,249810,165.00,161.00,326.00,161,165,0.00,0.00,0,0
1508086130,lo,0.00,0.00,0.00,0,0,0.00,0.00,0.00,0,0,0.00,0.00,0,0
1508086130,s3-eth2,4436.00,90840.00,95276.00,90840,4436,58.00,60.00,118.00,60,58,0.00,0.00,0,0
1508086130,s3-eth1,95382.00,4362.00,99744.00,4362,95382,63.00,57.00,120.00,57,63,0.00,0.00,0,0
1508086130,total,362132.00,365012.00,727144.00,365012,362132,448.00,448.00,896.00,448,448,0.00,0.00,0,0
1508086131,s1,0.00,0.00,0.00,0,0,0.00,0.00,0.00,0,0,0.00,0.00,0,0
1508086131,eth0,0.00,0.00,0.00,0,0,0.00,0.00,0.00,0,0,0.00,0.00,0,0
1508086131,eth1,0.00,0.00,0.00,0,0,0.00,0.00,0.00,0,0,0.00,0.00,0,0
1508086131,s2,0.00,0.00,0.00,0,0,0.00,0.00,0.00,0,0,0.00,0.00,0,0
1508086131,s1-eth2,0.00,0.00,0.00,0,0,0.00,0.00,0.00,0,0,0.00,0.00,0,0
1508086131,s1-eth1,0.00,0.00,0.00,0,0,0.00,0.00,0.00,0,0,0.00,0.00,0,0
1508086131,s3,0.00,0.00,0.00,0,0,0.00,0.00,0.00,0,0,0.00,0.00,0,0
1508086131,s2-eth2,12456.00,254352.00,266808.00,254352,12456,162.00,168.00,330.00,168,162,0.00,0.00,0,0
1508086131,s2-eth1,249810.00,12456.00,262266.00,12456,249810,165.00,162.00,327.00,162,165,0.00,0.00,0,0
1508086131,lo,0.00,0.00,0.00,0,0,0.00,0.00,0.00,0,0,0.00,0.00,0,0
1508086131,s3-eth2,4366.00,109008.00,113374.00,109008,4366,59.00,72.00,131.00,72,59,0.00,0.00,0,0
1508086131,s3-eth1,99924.00,4366.00,104290.00,4366,99924,66.00,59.00,125.00,59,66,0.00,0.00,0,0
1508086131,total,366556.00,380182.00,746738.00,380182,366556,452.00,461.00,913.00,461,452,0.00,0.00,0,0
1508086132,s1,0.00,0.00,0.00,0,0,0.00,0.00,0.00,0,0,0.00,0.00,0,0
1508086132,eth0,0.00,0.00,0.00,0,0,0.00,0.00,0.00,0,0,0.00,0.00,0,0
1508086132,eth1,0.00,0.00,0.00,0,0,0.00,0.00,0.00,0,0,0.00,0.00,0,0
1508086132,s2,0.00,0.00,0.00,0,0,0.00,0.00,0.00,0,0,0.00,0.00,0,0
1508086132,s1-eth2,342.00,0.00,342.00,0,342,1.00,0.00,1.00,0,1,0.00,0.00,0,0
1508086132,s1-eth1,342.00,0.00,342.00,0,342,1.00,0.00,1.00,0,1,0.00,0.00,0,0
1508086132,s3,0.00,0.00,0.00,0,0,0.00,0.00,0.00,0,0,0.00,0.00,0,0
1508086132,s2-eth2,11966.00,255866.00,267832.00,255866,11966,157.00,169.00,326.00,169,157,0.00,0.00,0,0
1508086132,s2-eth1,249810.00,11966.00,261776.00,11966,249810,165.00,157.00,322.00,157,165,0.00,0.00,0,0
1508086132,lo,516.00,516.00,1032.00,516,516,9.00,9.00,18.00,9,9,0.00,0.00,0,0
1508086132,s3-eth2,3922.00,116578.00,120500.00,116578,3922,53.00,77.00,130.00,77,53,0.00,0.00,0,0
1508086132,s3-eth1,121120.00,3922.00,125042.00,3922,121120,80.00,53.00,133.00,53,80,0.00,0.00,0,0
1508086132,total,388018.00,388848.00,776866.00,388848,388018,466.00,465.00,931.00,465,466,0.00,0.00,0,0
1508086133,s1,0.00,0.00,0.00,0,0,0.00,0.00,0.00,0,0,0.00,0.00,0,0
1508086133,eth0,0.00,0.00,0.00,0,0,0.00,0.00,0.00,0,0,0.00,0.00,0,0
1508086133,eth1,0.00,0.00,0.00,0,0,0.00,0.00,0.00,0,0,0.00,0.00,0,0
1508086133,s2,0.00,0.00,0.00,0,0,0.00,0.00,0.00,0,0,0.00,0.00,0,0
1508086133,s1-eth2,107.00,0.00,107.00,0,107,1.00,0.00,1.00,0,1,0.00,0.00,0,0
1508086133,s1-eth1,0.00,0.00,0.00,0,0,0.00,0.00,0.00,0,0,0.00,0.00,0,0
1508086133,s3,0.00,0.00,0.00,0,0,0.00,0.00,0.00,0,0,0.00,0.00,0,0
1508086133,s2-eth2,12495.00,266464.00,278959.00,266464,12495,161.00,176.00,337.00,176,161,0.00,0.00,0,0
1508086133,s2-eth1,248403.00,12388.00,260791.00,12388,248403,165.00,160.00,325.00,160,165,0.00,0.00,0,0
1508086133,lo,0.00,0.00,0.00,0,0,0.00,0.00,0.00,0,0,0.00,0.00,0,0
1508086133,s3-eth2,4735.00,90840.00,95575.00,90840,4735,55.00,60.00,115.00,60,55,0.00,0.00,0,0
1508086133,s3-eth1,92461.00,4286.00,96747.00,4286,92461,62.00,53.00,115.00,53,62,0.00,0.00,0,0
1508086133,total,358201.00,373978.00,732179.00,373978,358201,444.00,449.00,893.00,449,444,0.00,0.00,0,0
1508086134,s1,0.00,0.00,0.00,0,0,0.00,0.00,0.00,0,0,0.00,0.00,0,0
1508086134,eth0,0.00,0.00,0.00,0,0,0.00,0.00,0.00,0,0,0.00,0.00,0,0
1508086134,eth1,0.00,0.00,0.00,0,0,0.00,0.00,0.00,0,0,0.00,0.00,0,0
1508086134,s2,0.00,0.00,0.00,0,0,0.00,0.00,0.00,0,0,0.00,0.00,0,0
1508086134,s1-eth2,0.00,0.00,0.00,0,0,0.00,0.00,0.00,0,0,0.00,0.00,0,0
1508086134,s1-eth1,0.00,0.00,0.00,0,0,0.00,0.00,0.00,0,0,0.00,0.00,0,0
1508086134,s3,0.00,0.00,0.00,0,0,0.00,0.00,0.00,0,0,0.00,0.00,0,0
1508086134,s2-eth2,12575.42,258635.38,271210.78,258894,12588,161.84,170.83,332.67,171,162,0.00,0.00,0,0
1508086134,s2-eth1,251072.94,12575.42,263648.34,12588,251324,165.83,161.84,327.67,162,166,0.00,0.00,0,0
1508086134,lo,0.00,0.00,0.00,0,0,0.00,0.00,0.00,0,0,0.00,0.00,0,0
1508086134,s3-eth2,3372.63,81674.33,85046.95,81756,3376,43.96,53.95,97.90,54,44,0.00,0.00,0,0
1508086134,s3-eth1,71086.91,3372.63,74459.54,3376,71158,46.95,43.96,90.91,44,47,0.00,0.00,0,0
1508086134,total,338107.91,356257.75,694365.62,356614,338446,418.58,430.57,849.15,431,419,0.00,0.00,0,0
1508086135,s1,0.00,0.00,0.00,0,0,0.00,0.00,0.00,0,0,0.00,0.00,0,0
1508086135,eth0,0.00,0.00,0.00,0,0,0.00,0.00,0.00,0,0,0.00,0.00,0,0
1508086135,eth1,0.00,0.00,0.00,0,0,0.00,0.00,0.00,0,0,0.00,0.00,0,0
1508086135,s2,0.00,0.00,0.00,0,0,0.00,0.00,0.00,0,0,0.00,0.00,0,0
1508086135,s1-eth2,0.00,0.00,0.00,0,0,0.00,0.00,0.00,0,0,0.00,0.00,0,0
1508086135,s1-eth1,0.00,0.00,0.00,0,0,0.00,0.00,0.00,0,0,0.00,0.00,0,0
1508086135,s3,0.00,0.00,0.00,0,0,0.00,0.00,0.00,0,0,0.00,0.00,0,0
1508086135,s2-eth2,12384.00,257380.00,269764.00,257380,12384,162.00,170.00,332.00,170,162,0.00,0.00,0,0
1508086135,s2-eth1,249810.00,12384.00,262194.00,12384,249810,165.00,162.00,327.00,162,165,0.00,0.00,0,0
1508086135,lo,0.00,0.00,0.00,0,0,0.00,0.00,0.00,0,0,0.00,0.00,0,0
1508086135,s3-eth2,2694.00,52990.00,55684.00,52990,2694,33.00,35.00,68.00,35,33,0.00,0.00,0,0
1508086135,s3-eth1,59046.00,2694.00,61740.00,2694,59046,39.00,33.00,72.00,33,39,0.00,0.00,0,0
1508086135,total,323934.00,325448.00,649382.00,325448,323934,399.00,400.00,799.00,400,399,0.00,0.00,0,0
1508086136,s1,0.00,0.00,0.00,0,0,0.00,0.00,0.00,0,0,0.00,0.00,0,0
1508086136,eth0,0.00,0.00,0.00,0,0,0.00,0.00,0.00,0,0,0.00,0.00,0,0
1508086136,eth1,0.00,0.00,0.00,0,0,0.00,0.00,0.00,0,0,0.00,0.00,0,0
1508086136,s2,0.00,0.00,0.00,0,0,0.00,0.00,0.00,0,0,0.00,0.00,0,0
1508086136,s1-eth2,0.00,0.00,0.00,0,0,0.00,0.00,0.00,0,0,0.00,0.00,0,0
1508086136,s1-eth1,0.00,0.00,0.00,0,0,0.00,0.00,0.00,0,0,0.00,0.00,0,0
1508086136,s3,0.00,0.00,0.00,0,0,0.00,0.00,0.00,0,0,0.00,0.00,0,0
1508086136,s2-eth2,11896.10,263172.84,275068.94,263436,11908,157.84,173.83,331.67,174,158,0.00,0.00,0,0
1508086136,s2-eth1,249560.45,11896.10,261456.55,11908,249810,164.84,157.84,322.68,158,165,0.00,0.00,0,0
1508086136,lo,0.00,0.00,0.00,0,0,0.00,0.00,0.00,0,0,0.00,0.00,0,0
1508086136,s3-eth2,2547.45,