1508091630,s1,0.00,0.00,0.00,0,0,0.00,0.00,0.00,0,0,0.00,0.00,0,0
1508091630,eth0,0.00,0.00,0.00,0,0,0.00,0.00,0.00,0,0,0.00,0.00,0,0
1508091630,eth1,0.00,0.00,0.00,0,0,0.00,0.00,0.00,0,0,0.00,0.00,0,0
1508091630,s2,0.00,0.00,0.00,0,0,0.00,0.00,0.00,0,0,0.00,0.00,0,0
1508091630,s1-eth2,0.00,0.00,0.00,0,0,0.00,0.00,0.00,0,0,0.00,0.00,0,0
1508091630,s1-eth1,0.00,0.00,0.00,0,0,0.00,0.00,0.00,0,0,0.00,0.00,0,0
1508091630,s2-eth2,0.00,0.00,0.00,0,0,0.00,0.00,0.00,0,0,0.00,0.00,0,0
1508091630,s2-eth1,0.00,0.00,0.00,0,0,0.00,0.00,0.00,0,0,0.00,0.00,0,0
1508091630,lo,0.00,0.00,0.00,0,0,0.00,0.00,0.00,0,0,0.00,0.00,0,0
1508091630,total,0.00,0.00,0.00,0,0,0.00,0.00,0.00,0,0,0.00,0.00,0,0
1508091631,s1,160.00,340.00,500.00,340,160,2.00,4.00,6.00,4,2,0.00,0.00,0,0
1508091631,eth0,760.00,1225.00,1985.00,1225,760,10.00,10.00,20.00,10,10,0.00,0.00,0,0
1508091631,eth1,0.00,0.00,0.00,0,0,0.00,0.00,0.00,0,0,0.00,0.00,0,0
1508091631,s2,250.00,500.00,750.00,500,250,3.00,6.00,9.00,6,3,0.00,0.00,0,0
1508091631,s1-eth2,1829.00,250.00,2079.00,250,1829,11.00,3.00,14.00,3,11,0.00,0.00,0,0
1508091631,s1-eth1,1851.00,90.00,1941.00,90,1851,11.00,1.00,12.00,1,11,0.00,0.00,0,0
1508091631,s2-eth2,2169.00,250.00,2419.00,250,2169,15.00,3.00,18.00,3,15,0.00,0.00,0,0
1508091631,s2-eth1,1389.00,250.00,1639.00,250,1389,12.00,3.00,15.00,3,12,0.00,0.00,0,0
1508091631,lo,5821.00,5821.00,11642.00,5821,5821,63.00,63.00,126.00,63,63,0.00,0.00,0,0
1508091631,total,14229.00,8726.00,22955.00,8726,14229,127.00,93.00,220.00,93,127,0.00,0.00,0,0
1508091632,s1,89.91,0.00,89.91,0,90,1.00,0.00,1.00,0,1,0.00,0.00,0,0
1508091632,eth0,151.85,244.76,396.60,245,152,2.00,2.00,4.00,2,2,0.00,0.00,0,0
1508091632,eth1,0.00,0.00,0.00,0,0,0.00,0.00,0.00,0,0,0.00,0.00,0,0
1508091632,s2,0.00,0.00,0.00,0,0,0.00,0.00,0.00,0,0,0.00,0.00,0,0
1508091632,s1-eth2,1331.67,0.00,1331.67,0,1333,6.99,0.00,6.99,0,7,0.00,0.00,0,0
1508091632,s1-eth1,356.64,0.00,356.64,0,357,2.00,0.00,2.00,0,2,0.00,0.00,0,0
1508091632,s2-eth2,810.19,0.00,810.19,0,811,4.00,0.00,4.00,0,4,0.00,0.00,0,0
1508091632,s2-eth1,1664.34,0.00,1664.34,0,1666,6.99,0.00,6.99,0,7,0.00,0.00,0,0
1508091632,lo,628.37,628.37,1256.74,629,629,6.99,6.99,13.99,7,7,0.00,0.00,0,0
1508091632,total,5032.97,873.13,5906.09,874,5038,29.97,8.99,38.96,9,30,0.00,0.00,0,0
1508091633,s1,0.00,0.00,0.00,0,0,0.00,0.00,0.00,0,0,0.00,0.00,0,0
1508091633,eth0,0.00,0.00,0.00,0,0,0.00,0.00,0.00,0,0,0.00,0.00,0,0
1508091633,eth1,0.00,0.00,0.00,0,0,0.00,0.00,0.00,0,0,0.00,0.00,0,0
1508091633,s2,0.00,0.00,0.00,0,0,0.00,0.00,0.00,0,0,0.00,0.00,0,0
1508091633,s1-eth2,326.67,0.00,326.67,0,327,1.00,0.00,1.00,0,1,0.00,0.00,0,0
1508091633,s1-eth1,775.22,0.00,775.22,0,776,3.00,0.00,3.00,0,3,0.00,0.00,0,0
1508091633,s2-eth2,668.33,0.00,668.33,0,669,2.00,0.00,2.00,0,2,0.00,0.00,0,0
1508091633,s2-eth1,593.41,0.00,593.41,0,594,2.00,0.00,2.00,0,2,0.00,0.00,0,0
1508091633,lo,0.00,0.00,0.00,0,0,0.00,0.00,0.00,0,0,0.00,0.00,0,0
1508091633,total,2363.64,0.00,2363.64,0,2366,7.99,0.00,7.99,0,8,0.00,0.00,0,0
1508091634,s1,0.00,70.00,70.00,70,0,0.00,1.00,1.00,1,0,0.00,0.00,0,0
1508091634,eth0,0.00,0.00,0.00,0,0,0.00,0.00,0.00,0,0,0.00,0.00,0,0
1508091634,eth1,0.00,0.00,0.00,0,0,0.00,0.00,0.00,0,0,0.00,0.00,0,0
1508091634,s2,0.00,0.00,0.00,0,0,0.00,0.00,0.00,0,0,0.00,0.00,0,0
1508091634,s1-eth2,486.00,42.00,528.00,42,486,4.00,1.00,5.00,1,4,0.00,0.00,0,0
1508091634,s1-eth1,379.00,112.00,491.00,112,379,3.00,2.00,5.00,2,3,0.00,0.00,0,0
1508091634,s2-eth2,374.00,0.00,374.00,0,374,2.00,0.00,2.00,0,2,0.00,0.00,0,0
1508091634,s2-eth1,107.00,0.00,107.00,0,107,1.00,0.00,1.00,0,1,0.00,0.00,0,0
1508091634,lo,808.00,808.00,1616.00,808,808,8.00,8.00,16.00,8,8,0.00,0.00,0,0
1508091634,total,2154.00,1032.00,3186.00,1032,2154,18.00,12.00,30.00,12,18,0.00,0.00,0,0
1508091635,s1,70.00,70.00,140.00,70,70,1.00,1.00,2.00,1,1,0.00,0.00,0,0
1508091635,eth0,0.00,0.00,0.00,0,0,0.00,0.00,0.00,0,0,0.00,0.00,0,0
1508091635,eth1,0.00,0.00,0.00,0,0,0.00,0.00,0.00,0,0,0.00,0.00,0,0
1508091635,s2,70.00,140.00,210.00,140,70,1.00,2.00,3.00,2,1,0.00,0.00,0,0
1508091635,s1-eth2,467.00,70.00,537.00,70,467,3.00,1.00,4.00,1,3,0.00,0.00,0,0
1508091635,s1-eth1,467.00,0.00,467.00,0,467,3.00,0.00,3.00,0,3,0.00,0.00,0,0
1508091635,s2-eth2,537.00,70.00,607.00,70,537,4.00,1.00,5.00,1,4,0.00,0.00,0,0
1508091635,s2-eth1,1146.00,70.00,1216.00,70,1146,6.00,1.00,7.00,1,6,0.00,0.00,0,0
1508091635,lo,1392.00,1392.00,2784.00,1392,1392,16.00,16.00,32.00,16,16,0.00,0.00,0,0
1508091635,total,4149.00,1812.00,5961.00,1812,4149,34.00,22.00,56.00,22,34,0.00,0.00,0,0
1508091636,s1,0.00,0.00,0.00,0,0,0.00,0.00,0.00,0,0,0.00,0.00,0,0
1508091636,eth0,0.00,0.00,0.00,0,0,0.00,0.00,0.00,0,0,0.00,0.00,0,0
1508091636,eth1,0.00,0.00,0.00,0,0,0.00,0.00,0.00,0,0,0.00,0.00,0,0
1508091636,s2,0.00,0.00,0.00,0,0,0.00,0.00,0.00,0,0,0.00,0.00,0,0
1508091636,s1-eth2,0.00,0.00,0.00,0,0,0.00,0.00,0.00,0,0,0.00,0.00,0,0
1508091636,s1-eth1,0.00,0.00,0.00,0,0,0.00,0.00,0.00,0,0,0.00,0.00,0,0
1508091636,s2-eth2,342.00,0.00,342.00,0,342,1.00,0.00,1.00,0,1,0.00,0.00,0,0
1508091636,s2-eth1,0.00,0.00,0.00,0,0,0.00,0.00,0.00,0,0,0.00,0.00,0,0
1508091636,lo,0.00,0.00,0.00,0,0,0.00,0.00,0.00,0,0,0.00,0.00,0,0
1508091636,total,342.00,0.00,342.00,0,342,1.00,0.00,1.00,0,1,0.00,0.00,0,0
1508091637,s1,0.00,0.00,0.00,0,0,0.00,0.00,0.00,0,0,0.00,0.00,0,0
1508091637,eth0,0.00,0.00,0.00,0,0,0.00,0.00,0.00,0,0,0.00,0.00,0,0
1508091637,eth1,0.00,0.00,0.00,0,0,0.00,0.00,0.00,0,0,0.00,0.00,0,0
1508091637,s2,0.00,0.00,0.00,0,0,0.00,0.00,0.00,0,0,0.00,0.00,0,0
1508091637,s1-eth2,0.00,0.00,0.00,0,0,0.00,0.00,0.00,0,0,0.00,0.00,0,0
1508091637,s1-eth1,106.89,0.00,106.89,0,107,1.00,0.00,1.00,0,1,0.00,0.00,0,0
1508091637,s2-eth2,0.00,0.00,0.00,0,0,0.00,0.00,0.00,0,0,0.00,0.00,0,0
1508091637,s2-eth1,0.00,0.00,0.00,0,0,0.00,0.00,0.00,0,0,0.00,0.00,0,0
1508091637,lo,0.00,0.00,0.00,0,0,0.00,0.00,0.00,0,0,0.00,0.00,0,0
1508091637,total,106.89,0.00,106.89,0,107,1.00,0.00,1.00,0,1,0.00,0.00,0,0
1508091638,s1,0.00,70.00,70.00,70,0,0.00,1.00,1.00,1,0,0.00,0.00,0,0
1508091638,eth0,0.00,0.00,0.00,0,0,0.00,0.00,0.00,0,0,0.00,0.00,0,0
1508091638,eth1,0.00,0.00,0.00,0,0,0.00,0.00,0.00,0,0,0.00,0.00,0,0
1508091638,s2,0.00,0.00,0.00,0,0,0.00,0.00,0.00,0,0,0.00,0.00,0,0
1508091638,s1-eth2,177.00,0.00,177.00,0,177,2.00,0.00,2.00,0,2,0.00,0.00,0,0
1508091638,s1-eth1,412.00,70.00,482.00,70,412,2.00,1.00,3.00,1,2,0.00,0.00,0,0
1508091638,s2-eth2,107.00,0.00,107.00,0,107,1.00,0.00,1.00,0,1,0.00,0.00,0,0
1508091638,s2-eth1,107.00,0.00,107.00,0,107,1.00,0.00,1.00,0,1,0.00,0.00,0,0
1508091638,lo,268.00,268.00,536.00,268,268,3.00,3.00,6.00,3,3,0.00,0.00,0,0
1508091638,total,1071.00,408.00,1479.00,408,1071,9.00,5.00,14.00,5,9,0.00,0.00,0,0
1508091639,s1,70.00,70.00,140.00,70,70,1.00,1.00,2.00,1,1,0.00,0.00,0,0
1508091639,eth0,0.00,0.00,0.00,0,0,0.00,0.00,0.00,0,0,0.00,0.00,0,0
1508091639,eth1,0.00,0.00,0.00,0,0,0.00,0.00,0.00,0,0,0.00,0.00,0,0
1508091639,s2,70.00,140.00,210.00,140,70,1.00,2.00,3.00,2,1,0.00,0.00,0,0
1508091639,s1-eth2,140.00,70.00,210.00,70,140,2.00,1.00,3.00,1,2,0.00,0.00,0,0
1508091639,s1-eth1,140.00,0.00,140.00,0,140,2.00,0.00,2.00,0,2,0.00,0.00,0,0
1508091639,s2-eth2,210.00,70.00,280.00,70,210,3.00,1.00,4.00,1,3,0.00,0.00,0,0
1508091639,s2-eth1,210.00,70.00,280.00,70,210,3.00,1.00,4.00,1,3,0.00,0.00,0,0
1508091639,lo,1340.00,1340.00,2680.00,1340,1340,15.00,15.00,30.00,15,15,0.00,0.00,0,0
1508091639,total,2180.00,1760.00,3940.00,1760,2180,27.00,21.00,48.00,21,27,0.00,0.00,0,0
1508091640,s1,0.00,0.00,0.00,0,0,0.00,0.00,0.00,0,0,0.00,0.00,0,0
1508091640,eth0,0.00,0.00,0.00,0,0,0.00,0.00,0.00,0,0,0.00,0.00,0,0
1508091640,eth1,0.00,0.00,0.00,0,0,0.00,0.00,0.00,0,0,0.00,0.00,0,0
1508091640,s2,0.00,0.00,0.00,0,0,0.00,0.00,0.00,0,0,0.00,0.00,0,0
1508091640,s1-eth2,341.66,0.00,341.66,0,342,1.00,0.00,1.00,0,1,0.00,0.00,0,0
1508091640,s1-eth1,0.00,0.00,0.00,0,0,0.00,0.00,0.00,0,0,0.00,0.00,0,0
1508091640,s2-eth2,341.66,0.00,341.66,0,342,1.00,0.00,1.00,0,1,0.00,0.00,0,0
1508091640,s2-eth1,0.00,0.00,0.00,0,0,0.00,0.00,0.00,0,0,0.00,0.00,0,0
1508091640,lo,0.00,0.00,0.00,0,0,0.00,0.00,0.00,0,0,0.00,0.00,0,0
1508091640,total,683.32,0.00,683.32,0,684,2.00,0.00,2.00,0,2,0.00,0.00,0,0
1508091641,s1,0.00,0.00,0.00,0,0,0.00,0.00,0.00,0,0,0.00,0.00,0,0
1508091641,eth0,0.00,0.00,0.00,0,0,0.00,0.00,0.00,0,0,0.00,0.00,0,0
1508091641,eth1,0.00,0.00,0.00,0,0,0.00,0.00,0.00,0,0,0.00,0.00,0,0
1508091641,s2,0.00,0.00,0.00,0,0,0.00,0.00,0.00,0,0,0.00,0.00,0,0
1508091641,s1-eth2,0.00,0.00,0.00,0,0,0.00,0.00,0.00,0,0,0.00,0.00,0,0
1508091641,s1-eth1,0.00,0.00,0.00,0,0,0.00,0.00,0.00,0,0,0.00,0.00,0,0
1508091641,s2-eth2,0.00,0.00,0.00,0,0,0.00,0.00,0.00,0,0,0.00,0.00,0,0
1508091641,s2-eth1,0.00,0.00,0.00,0,0,0.00,0.00,0.00,0,0,0.00,0.00,0,0
1508091641,lo,0.00,0.00,0.00,0,0,0.00,0.00,0.00,0,0,0.00,0.00,0,0
1508091641,total,0.00,0.00,0.00,0,0,0.00,0.00,0.00,0,0,0.00,0.00,0,0
1508091642,s1,0.00,0.00,0.00,0,0,0.00,0.00,0.00,0,0,0.00,0.00,0,0
1508091642,eth0,0.00,0.00,0.00,0,0,0.00,0.00,0.00,0,0,0.00,0.00,0,0
1508091642,eth1,0.00,0.00,0.00,0,0,0.00,0.00,0.00,0,0,0.00,0.00,0,0
1508091642,s2,0.00,0.00,0.00,0,0,0.00,0.00,0.00,0,0,0.00,0.00,0,0
1508091642,s1-eth2,0.00,0.00,0.00,0,0,0.00,0.00,0.00,0,0,0.00,0.00,0,0
1508091642,s1-eth1,0.00,0.00,0.00,0,0,0.00,0.00,0.00,0,0,0.00,0.00,0,0
1508091642,s2-eth2,0.00,0.00,0.00,0,0,0.00,0.00,0.00,0,0,0.00,0.00,0,0
1508091642,s2-eth1,0.00,0.00,0.00,0,0,0.00,0.00,0.00,0,0,0.00,0.00,0,0
1508091642,lo,0.00,0.00,0.00,0,0,0.00,0.00,0.00,0,0,0.00,0.00,0,0
1508091642,total,0.00,0.00,0.00,0,0,0.00,0.00,0.00,0,0,0.00,0.00,0,0
1508091643,s1,0.00,0.00,0.00,0,0,0.00,0.00,0.00,0,0,0.00,0.00,0,0
1508091643,eth0,0.00,0.00,0.00,0,0,0.00,0.00,0.00,0,0,0.00,0.00,0,0
1508091643,eth1,0.00,0.00,0.00,0,0,0.00,0.00,0.00,0,0,0.00,0.00,0,0
1508091643,s2,0.00,0.00,0.00,0,0,0.00,0.00,0.00,0,0,0.00,0.00,0,0
1508091643,s1-eth2,0.00,0.00,0.00,0,0,0.00,0.00,0.00,0,0,0.00,0.00,0,0
1508091643,s1-eth1,0.00,0.00,0.00,0,0,0.00,0.00,0.00,0,0,0.00,0.00,0,0
1508091643,s2-eth2,0.00,0.00,0.00,0,0,0.00,0.00,0.00,0,0,0.00,0.00,0,0
1508091643,s2-eth1,342.00,0.00,342.00,0,342,1.00,0.00,1.00,0,1,0.00,0.00,0,0
1508091643,lo,0.00,0.00,0.00,0,0,0.00,0.00,0.00,0,0,0.00,0.00,0,0
1508091643,total,342.00,0.00,342.00,0,342,1.00,0.00,1.00,0,1,0.00,0.00,0,0
1508091644,s1,0.00,0.00,0.00,0,0,0.00,0.00,0.00,0,0,0.00,0.00,0,0
1508091644,eth0,0.00,0.00,0.00,0,0,0.00,0.00,0.00,0,0,0.00,0.00,0,0
1508091644,eth1,0.00,0.00,0.00,0,0,0.00,0.00,0.00,0,0,0.00,0.00,0,0
1508091644,s2,0.00,0.00,0.00,0,0,0.00,0.00,0.00,0,0,0.00,0.00,0,0
1508091644,s1-eth2,0.00,0.00,0.00,0,0,0.00,0.00,0.00,0,0,0.00,0.00,0,0
1508091644,s1-eth1,341.66,0.00,341.66,0,342,1.00,0.00,1.00,0,1,0.00,0.00,0,0
1508091644,s2-eth2,0.00,0.00,0.00,0,0,0.00,0.00,0.00,0,0,0.00,0.00,0,0
1508091644,s2-eth1,0.00,0.00,0.00,0,0,0.00,0.00,0.00,0,0,0.00,0.00,0,0
1508091644,lo,343.66,343.66,687.31,344,344,5.99,5.99,11.99,6,6,0.00,0.00,0,0
1508091644,total,685.31,343.66,1028.97,344,686,6.99,5.99,12.99,6,7,0.00,0.00,0,0
1508091645,s1,0.00,0.00,0.00,0,0,0.00,0.00,0.00,0,0,0.00,0.00,0,0
1508091645,eth0,0.00,0.00,0.00,0,0,0.00,0.00,0.00,0,0,0.00,0.00,0,0
1508091645,eth1,0.00,0.00,0.00,0,0,0.00,0.00,0.00,0,0,0.00,0.00,0,0
1508091645,s2,0.00,0.00,0.00,0,0,0.00,0.00,0.00,0,0,0.00,0.00,0,0
1508091645,s1-eth2,0.00,0.00,0.00,0,0,0.00,0.00,0.00,0,0,0.00,0.00,0,0
1508091645,s1-eth1,107.00,0.00,107.00,0,107,1.00,0.00,1.00,0,1,0.00,0.00,0,0
1508091645,s2-eth2,0.00,0.00,0.00,0,0,0.00,0.00,0.00,0,0,0.00,0.00,0,0
1508091645,s2-eth1,0.00,0.00,0.00,0,0,0.00,0.00,0.00,0,0,0.00,0.00,0,0
1508091645,lo,0.00,0.00,0.00,0,0,0.00,0.00,0.00,0,0,0.00,0.00,0,0
1508091645,total,107.00,0.00,107.00,0,107,1.00,0.00,1.00,0,1,0.00,0.00,0,0
1508091646,s1,0.00,0.00,0.00,0,0,0.00,0.00,0.00,0,0,0.00,0.00,0,0
1508091646,eth0,0.00,0.00,0.00,0,0,0.00,0.00,0.00,0,0,0.00,0.00,0,0
1508091646,eth1,0.00,0.00,0.00,0,0,0.00,0.00,0.00,0,0,0.00,0.00,0,0
1508091646,s2,0.00,0.00,0.00,0,0,0.00,0.00,0.00,0,0,0.00,0.00,0,0
1508091646,s1-eth2,106.89,0.00,106.89,0,107,1.00,0.00,1.00,0,1,0.00,0.00,0,0
1508091646,s1-eth1,0.00,0.00,0.00,0,0,0.00,0.00,0.00,0,0,0.00,0.00,0,0
1508091646,s2-eth2,106.89,0.00,106.89,0,107,1.00,0.00,1.00,0,1,0.00,0.00,0,0
1508091646,s2-eth1,106.89,0.00,106.89,0,107,1.00,0.00,1.00,0,1,0.00,0.00,0,0
1508091646,lo,0.00,0.00,0.00,0,0,0.00,0.00,0.00,0,0,0.00,0.00,0,0
1508091646,total,320.68,0.00,320.68,0,321,3.00,0.00,3.00,0,3,0.00,0.00,0,0
1508091647,s1,0.00,0.00,0.00,0,0,0.00,0.00,0.00,0,0,0.00,0.00,0,0
1508091647,eth0,0.00,0.00,0.00,0,0,0.00,0.00,0.00,0,0,0.00,0.00,0,0
1508091647,eth1,0.00,0.00,0.00,0,0,0.00,0.00,0.00,0,0,0.00,0.00,0,0
1508091647,s2,0.00,0.00,0.00,0,0,0.00,0.00,0.00,0,0,0.00,0.00,0,0
1508091647,s1-eth2,0.00,0.00,0.00,0,0,0.00,0.00,0.00,0,0,0.00,0.00,0,0
1508091647,s1-eth1,0.00,0.00,0.00,0,0,0.00,0.00,0.00,0,0,0.00,0.00,0,0
1508091647,s2-eth2,0.00,0.00,0.00,0,0,0.00,0.00,0.00,0,0,0.00,0.00,0,0
1508091647,s2-eth1,0.00,0.00,0.00,0,0,0.00,0.00,0.00,0,0,0.00,0.00,0,0
1508091647,lo,0.00,0.00,0.00,0,0,0.00,0.00,0.00,0,0,0.00,0.00,0,0
1508091647,total,0.00,0.00,0.00,0,0,0.00,0.00,0.00,0,0,0.00,0.00,0,0
1508091648,s1,0.00,0.00,0.00,0,0,0.00,0.00,0.00,0,0,0.00,0.00,0,0
1508091648,eth0,0.00,0.00,0.00,0,0,0.00,0.00,0.00,0,0,0.00,0.00,0,0
1508091648,eth1,0.00,0.00,0.00,0,0,0.00,0.00,0.00,0,0,0.00,0.00,0,0
1508091648,s2,0.00,0.00,0.00,0,0,0.00,0.00,0.00,0,0,0.00,0.00,0,0
1508091648,s1-eth2,0.00,0.00,0.00,0,0,0.00,0.00,0.00,0,0,0.00,0.00,0,0
1508091648,s1-eth1,0.00,0.00,0.00,0,0,0.00,0.00,0.00,0,0,0.00,0.00,0,0
1508091648,s2-eth2,0.00,0.00,0.00,0,0,0.00,0.00,0.00,0,0,0.00,0.00,0,0
1508091648,s2-eth1,0.00,0.00,0.00,0,0,0.00,0.00,0.00,0,0,0.00,0.00,0,0
1508091648,lo,0.00,0.00,0.00,0,0,0.00,0.00,0.00,0,0,0.00,0.00,0,0
1508091648,total,0.00,0.00,0.00,0,0,0.00,0.00,0.00,0,0,0.00,0.00,0,0
1508091649,s1,0.00,0.00,0.00,0,0,0.00,0.00,0.00,0,0,0.00,0.00,0,0
1508091649,eth0,0.00,0.00,0.00,0,0,0.00,0.00,0.00,0,0,0.00,0.00,0,0
1508091649,eth1,0.00,0.00,0.00,0,0,0.00,0.00,0.00,0,0,0.00,0.00,0,0
1508091649,s2,0.00,0.00,0.00,0,0,0.00,0.00,0.00,0,0,0.00,0.00,0,0
1508091649,s1-eth2,0.00,0.00,0.00,0,0,0.00,0.00,0.00,0,0,0.00,0.00,0,0
1508091649,s1-eth1,0.00,0.00,0.00,0,0,0.00,0.00,0.00,0,0,0.00,0.00,0,0
1508091649,s2-eth2,0.00,0.00,0.00,0,0,0.00,0.00,0.00,0,0,0.00,0.00,0,0
1508091649,s2-eth1,0.00,0.00,0.00,0,0,0.00,0.00,0.00,0,0,0.00,0.00,0,0
1508091649,lo,344.00,344.00,688.00,344,344,6.00,6.00,12.00,6,6,0.00,0.00,0,0
1508091649,total,344.00,344.00,688.00,344,344,6.00,6.00,12.00,6,6,0.00,0.00,0,0
1508091650,s1,0.00,42.00,42.00,42,0,0.00,1.00,1.00,1,0,0.00,0.00,0,0
1508091650,eth0,0.00,0.00,0.00,0,0,0.00,0.00,0.00,0,0,0.00,0.00,0,0
1508091650,eth1,0.00,0.00,0.00,0,0,0.00,0.00,0.00,0,0,0.00,0.00,0,0
1508091650,s2,0.00,84.00,84.00,84,0,0.00,2.00,2.00,2,0,0.00,0.00,0,0
1508091650,s1-eth2,11952.00,249206.00,261158.00,249206,11952,150.00,175.00,325.00,175,150,0.00,0.00,0,0
1508091650,s1-eth1,228010.00,11952.00,239962.00,11952,228010,161.00,150.00,311.00,150,161,0.00,0.00,0,0
1508091650,s2-eth2,2768.00,106240.00,109008.00,106240,2768,34.00,74.00,108.00,74,34,0.00,0.00,0,0
1508091650,s2-eth1,60820.00,2426.00,63246.00,2426,60820,44.00,33.00,77.00,33,44,0.00,0.00,0,0
1508091650,lo,4632.00,4632.00,9264.00,4632,4632,40.00,40.00,80.00,40,40,0.00,0.00,0,0
1508091650,total,308182.00,374582.00,682764.00,374582,308182,429.00,475.00,904.00,475,429,0.00,0.00,0,0
1508091651,s1,0.00,41.96,41.96,42,0,0.00,1.00,1.00,1,0,0.00,0.00,0,0
1508091651,eth0,0.00,0.00,0.00,0,0,0.00,0.00,0.00,0,0,0.00,0.00,0,0
1508091651,eth1,0.00,0.00,0.00,0,0,0.00,0.00,0.00,0,0,0.00,0.00,0,0
1508091651,s2,0.00,41.96,41.96,42,0,0.00,1.00,1.00,1,0,0.00,0.00,0,0
1508091651,s1-eth2,12561.44,252627.38,265188.81,252880,12574,160.84,167.83,328.67,168,161,0.00,0.00,0,0
1508091651,s1-eth1,248089.92,12561.44,260651.36,12574,248338,164.84,160.84,325.67,161,165,0.00,0.00,0,0
1508091651,s2-eth2,10915.08,293464.53,304379.62,293758,10926,128.87,194.81,323.68,195,129,0.00,0.00,0,0
1508091651,s2-eth1,249602.41,11008.99,260611.39,11020,249852,165.83,129.87,295.70,130,166,0.00,0.00,0,0
1508091651,lo,479.52,479.52,959.04,480,480,5.99,5.99,11.99,6,6,0.00,0.00,0,0
1508091651,total,521648.38,570225.81,1091874.12,570796,522170,626.37,661.34,1287.71,662,627,0.00,0.00,0,0
1508091652,s1,0.00,42.00,42.00,42,0,0.00,1.00,1.00,1,0,0.00,0.00,0,0
1508091652,eth0,0.00,0.00,0.00,0,0,0.00,0.00,0.00,0,0,0.00,0.00,0,0
1508091652,eth1,0.00,0.00,0.00,0,0,0.00,0.00,0.00,0,0,0.00,0.00,0,0
1508091652,s2,0.00,42.00,42.00,42,0,0.00,1.00,1.00,1,0,0.00,0.00,0,0
1508091652,s1-eth2,12326.00,260450.00,272776.00,260450,12326,159.00,173.00,332.00,173,159,0.00,0.00,0,0
1508091652,s1-eth1,248638.00,12326.00,260964.00,12326,248638,165.00,159.00,324.00,159,165,0.00,0.00,0,0
1508091652,s2-eth2,12108.00,234712.00,246820.00,234712,12108,148.00,156.00,304.00,156,148,0.00,0.00,0,0
1508091652,s2-eth1,249852.00,12014.00,261866.00,12014,249852,166.00,147.00,313.00,147,166,0.00,0.00,0,0
1508091652,lo,480.00,480.00,960.00,480,480,6.00,6.00,12.00,6,6,0.00,0.00,0,0
1508091652,total,523404.00,520066.00,1043470.00,520066,523404,644.00,643.00,1287.00,643,644,0.00,0.00,0,0
1508091653,s1,0.00,42.00,42.00,42,0,0.00,1.00,1.00,1,0,0.00,0.00,0,0
1508091653,eth0,0.00,0.00,0.00,0,0,0.00,0.00,0.00,0,0,0.00,0.00,0,0
1508091653,eth1,0.00,0.00,0.00,0,0,0.00,0.00,0.00,0,0,0.00,0.00,0,0
1508091653,s2,0.00,42.00,42.00,42,0,0.00,1.00,1.00,1,0,0.00,0.00,0,0
1508091653,s1-eth2,12190.00,263478.00,275668.00,263478,12190,161.00,175.00,336.00,175,161,0.00,0.00,0,0
1508091653,s1-eth1,249852.00,12264.00,262116.00,12264,249852,166.00,162.00,328.00,162,166,0.00,0.00,0,0
1508091653,s2-eth2,13366.00,225628.00,238994.00,225628,13366,163.00,150.00,313.00,150,163,0.00,0.00,0,0
1508091653,s2-eth1,249852.00,13366.00,263218.00,13366,249852,166.00,163.00,329.00,163,166,0.00,0.00,0,0
1508091653,lo,480.00,480.00,960.00,480,480,6.00,6.00,12.00,6,6,0.00,0.00,0,0
1508091653,total,525740.00,515300.00,1041040.00,515300,525740,662.00,658.00,1320.00,658,662,0.00,0.00,0,0
1508091654,s1,0.00,42.00,42.00,42,0,0.00,1.00,1.00,1,0,0.00,0.00,0,0
1508091654,eth0,0.00,0.00,0.00,0,0,0.00,0.00,0.00,0,0,0.00,0.00,0,0
1508091654,eth1,0.00,0.00,0.00,0,0,0.00,0.00,0.00,0,0,0.00,0.00,0,0
1508091654,s2,0.00,42.00,42.00,42,0,0.00,1.00,1.00,1,0,0.00,0.00,0,0
1508091654,s1-eth2,11934.00,255908.00,267842.00,255908,11934,159.00,170.00,329.00,170,159,0.00,0.00,0,0
1508091654,s1-eth1,251366.00,11860.00,263226.00,11860,251366,167.00,158.00,325.00,158,167,0.00,0.00,0,0
1508091654,s2-eth2,10172.00,242282.00,252454.00,242282,10172,126.00,161.00,287.00,161,126,0.00,0.00,0,0
1508091654,s2-eth1,251366.00,10172.00,261538.00,10172,251366,167.00,126.00,293.00,126,167,0.00,0.00,0,0
1508091654,lo,480.00,480.00,960.00,480,480,6.00,6.00,12.00,6,6,0.00,0.00,0,0
1508091654,total,525318.00,520786.00,1046104.00,520786,525318,625.00,623.00,1248.00,623,625,0.00,0.00,0,0
1508091655,s1,0.00,42.00,42.00,42,0,0.00,1.00,1.00,1,0,0.00,0.00,0,0
1508091655,eth0,0.00,0.00,0.00,0,0,0.00,0.00,0.00,0,0,0.00,0.00,0,0
1508091655,eth1,0.00,0.00,0.00,0,0,0.00,0.00,0.00,0,0,0.00,0.00,0,0
1508091655,s2,0.00,42.00,42.00,42,0,0.00,1.00,1.00,1,0,0.00,0.00,0,0
1508091655,s1-eth2,12038.00,252880.00,264918.00,252880,12038,157.00,168.00,325.00,168,157,0.00,0.00,0,0
1508091655,s1-eth1,249852.00,12112.00,261964.00,12112,249852,166.00,158.00,324.00,158,166,0.00,0.00,0,0
1508091655,s2-eth2,9748.00,208974.00,218722.00,208974,9748,122.00,139.00,261.00,139,122,0.00,0.00,0,0
1508091655,s2-eth1,221086.00,9748.00,230834.00,9748,221086,147.00,122.00,269.00,122,147,0.00,0.00,0,0
1508091655,lo,480.00,480.00,960.00,480,480,6.00,6.00,12.00,6,6,0.00,0.00,0,0
1508091655,total,493204.00,484278.00,977482.00,484278,493204,598.00,595.00,1193.00,595,598,0.00,0.00,0,0
1508091656,s1,0.00,0.00,0.00,0,0,0.00,0.00,0.00,0,0,0.00,0.00,0,0
1508091656,eth0,0.00,0.00,0.00,0,0,0.00,0.00,0.00,0,0,0.00,0.00,0,0
1508091656,eth1,0.00,0.00,0.00,0,0,0.00,0.00,0.00,0,0,0.00,0.00,0,0
1508091656,s2,0.00,0.00,0.00,0,0,0.00,0.00,0.00,0,0,0.00,0.00,0,0
1508091656,s1-eth2,11872.00,257380.00,269252.00,257380,11872,156.00,170.00,326.00,170,156,0.00,0.00,0,0
1508091656,s1-eth1,249810.00,11798.00,261608.00,11798,249810,165.00,155.00,320.00,155,165,0.00,0.00,0,0
1508091656,s2-eth2,6394.00,172596.00,178990.00,172596,6394,83.00,114.00,197.00,114,83,0.00,0.00,0,0
1508091656,s2-eth1,174110.00,6394.00,180504.00,6394,174110,115.00,83.00,198.00,83,115,0.00,0.00,0,0
1508091656,lo,0.00,0.00,0.00,0,0,0.00,0.00,0.00,0,0,0.00,0.00,0,0
1508091656,total,442186.00,448168.00,890354.00,448168,442186,519.00,522.00,1041.00,522,519,0.00,0.00,0,0
1508091657,s1,0.00,0.00,0.00,0,0,0.00,0.00,0.00,0,0,0.00,0.00,0,0
1508091657,eth0,0.00,0.00,0.00,0,0,0.00,0.00,0.00,0,0,0.00,0.00,0,0
1508091657,eth1,0.00,0.00,0.00,0,0,0.00,0.00,0.00,0,0,0.00,0.00,0,0
1508091657,s2,0.00,0.00,0.00,0,0,0.00,0.00,0.00,0,0,0.00,0.00,0,0
1508091657,s1-eth2,12593.41,254097.91,266691.31,254352,12606,160.84,167.83,328.67,168,161,0.00,0.00,0,0
1508091657,s1-eth1,249560.45,12251.75,261812.19,12264,249810,164.84,159.84,324.68,160,165,0.00,0.00,0,0
1508091657,s2-eth2,7052.95,163348.66,170401.61,163512,7060,91.91,107.89,199.80,108,92,0.00,0.00,0,0
1508091657,s2-eth1,160665.34,7052.95,167718.28,7060,160826,106.89,91.91,198.80,92,107,0.00,0.00,0,0
1508091657,lo,0.00,0.00,0.00,0,0,0.00,0.00,0.00,0,0,0.00,0.00,0,0
1508091657,total,429872.12,436751.25,866623.38,437188,430302,524.48,527.47,1051.95,528,525,0.00,0.00,0,0
1508091658,s1,0.00,0.00,0.00,0,0,0.00,0.00,0.00,0,0,0.00,0.00,0,0
1508091658,eth0,0.00,0.00,0.00,0,0,0.00,0.00,0.00,0,0,0.00,0.00,0,0
1508091658,eth1,0.00,0.00,0.00,0,0,0.00,0.00,0.00,0,0,0.00,0.00,0,0
1508091658,s2,0.00,0.00,0.00,0,0,0.00,0.00,0.00,0,0,0.00,0.00,0,0
1508091658,s1-eth2,12116.00,254352.00,266468.00,254352,12116,160.00,168.00,328.00,168,160,0.00,0.00,0,0
1508091658,s1-eth1,251324.00,12202.00,263526.00,12202,251324,166.00,161.00,327.00,161,166,0.00,0.00,0,0
1508091658,s2-eth2,6038.00,122634.00,128672.00,122634,6038,75.00,81.00,156.00,81,75,0.00,0.00,0,0
1508091658,s2-eth1,128690.00,6112.00,134802.00,6112,128690,85.00,76.00,161.00,76,85,0.00,0.00,0,0
1508091658,lo,0.00,0.00,0.00,0,0,0.00,0.00,0.00,0,0,0.00,0.00,0,0
1508091658,total,398168.00,395300.00,793468.00,395300,398168,486.00,486.00,972.00,486,486,0.00,0.00,0,0
1508091659,s1,0.00,0.00,0.00,0,0,0.00,0.00,0.00,0,0,0.00,0.00,0,0
1508091659,eth0,0.00,0.00,0.00,0,0,0.00,0.00,0.00,0,0,0.00,0.00,0,0
1508091659,eth1,0.00,0.00,0.00,0,0,0.00,0.00,0.00,0,0,0.00,0.00,0,0
1508091659,s2,0.00,0.00,0.00,0,0,0.00,0.00,0.00,0,0,0.00,0.00,0,0
1508091659,s1-eth2,12307.69,252585.42,264893.12,252838,12320,159.84,166.83,326.67,167,160,0.00,0.00,0,0
1508091659,s1-eth1,249902.11,12295.71,262197.81,12308,250152,165.83,159.84,325.67,160,166,0.00,0.00,0,0
1508091659,s2-eth2,4815.19,110411.59,115226.77,110522,4820,63.94,72.93,136.86,73,64,0.00,0.00,0,0
1508091659,s2-eth1,104361.64,4741.26,109102.90,4746,104466,68.93,62.94,131.87,63,69,0.00,0.00,0,0
1508091659,lo,343.66,343.66,687.31,344,344,5.99,5.99,11.99,6,6,0.00,0.00,0,0
1508091659,total,371730.28,380377.62,752107.94,380758,372102,464.54,468.53,933.07,469,465,0.00,0.00,0,0
1508091660,s1,0.00,0.00,0.00,0,0,0.00,0.00,0.00,0,0,0.00,0.00,0,0
1508091660,eth0,0.00,0.00,0.00,0,0,0.00,0.00,0.00,0,0,0.00,0.00,0,0
1508091660,eth1,0.00,0.00,0.00,0,0,0.00,0.00,0.00,0,0,0.00,0.00,0,0
1508091660,s2,0.00,0.00,0.00,0,0,0.00,0.00,0.00,0,0,0.00,0.00,0,0
1508091660,s1-eth2,12238.00,261922.00,274160.00,261922,12238,159.00,173.00,332.00,173,159,0.00,0.00,0,0
1508091660,s1-eth1,249810.00,12164.00,261974.00,12164,249810,165.00,158.00,323.00,158,165,0.00,0.00,0,0
1508091660,s2-eth2,3706.00,84826.00,88532.00,84826,3706,47.00,57.00,104.00,57,47,0.00,0.00,0,0
1508091660,s2-eth1,86340.00,3706.00,90046.00,3706,86340,58.00,47.00,105.00,47,58,0.00,0.00,0,0
1508091660,lo,592.00,592.00,1184.00,592,592,6.00,6.00,12.00,6,6,0.00,0.00,0,0
1508091660,total,352686.00,363210.00,715896.00,363210,352686,435.00,441.00,876.00,441,435,0.00,0.00,0,0
1508091661,s1,0.00,0.00,0.00,0,0,0.00,0.00,0.00,0,0,0.00,0.00,0,0
1508091661,eth0,0.00,0.00,0.00,0,0,0.00,0.00,0.00,0,0,0.00,0.00,0,0
1508091661,eth1,0.00,0.00,0.00,0,0,0.00,0.00,0.00,0,0,0.00,0.00,0,0
1508091661,s2,0.00,0.00,0.00,0,0,0.00,0.00,0.00,0,0,0.00,0.00,0,0
1508091661,s1-eth2,11930.00,252838.00,264768.00,252838,11930,157.00,167.00,324.00,167,157,0.00,0.00,0,0
1508091661,s1-eth1,249810.00,11930.00,261740.00,11930,249810,165.00,157.00,322.00,157,165,0.00,0.00,0,0
1508091661,s2-eth2,3404.00,96896.00,100300.00,96896,3404,46.00,64.00,110.00,64,46,0.00,0.00,0,0
1508091661,s2-eth1,86298.00,3404.00,89702.00,3404,86298,57.00,46.00,103.00,46,57,0.00,0.00,0,0
1508091661,lo,0.00,0.00,0.00,0,0,0.00,0.00,0.00,0,0,0.00,0.00,0,0
1508091661,total,351442.00,365068.00,716510.00,365068,351442,425.00,434.00,859.00,434,425,0.00,0.00,0,0
1508091662,s1,0.00,0.00,0.00,0,0,0.00,0.00,0.00,0,0,0.00,0.00,0,0
1508091662,eth0,0.00,0.00,0.00,0,0,0.00,0.00,0.00,0,0,0.00,0.00,0,0
1508091662,eth1,0.00,0.00,0.00,0,0,0.00,0.00,0.00,0,0,0.00,0.00,0,0
1508091662,s2,0.00,0.00,0.00,0,0,0.00,0.00,0.00,0,0,0.00,0.00,0,0
1508091662,s1-eth2,12462.54,255610.39,268072.94,255866,12475,160.84,168.83,329.67,169,161,0.00,0.00,0,0
1508091662,s1-eth1,249667.34,12355.64,262022.98,12368,249917,165.83,159.84,325.67,160,166,0.00,0.00,0,0
1508091662,s2-eth2,4314.69,92261.74,96576.43,92354,4319,54.95,60.94,115.88,61,55,0.00,0.00,0,0
1508091662,s2-eth1,101443.56,4355.64,105799.20,4360,101545,67.93,55.94,123.88,56,68,0.00,0.00,0,0
1508091662,lo,0.00,0.00,0.00,0,0,0.00,0.00,0.00,0,0,0.00,0.00,0,0
1508091662,total,367888.12,364583.44,732471.56,364948,368256,449.55,445.55,895.10,446,450,0.00,0.00,0,0
1508091663,s1,0.00,0.00,0.00,0,0,0.00,0.00,0.00,0,0,0.00,0.00,0,0
1508091663,eth0,0.00,0.00,0.00,0,0,0.00,0.00,0.00,0,0,0.00,0.00,0,0
1508091663,eth1,0.00,0.00,0.00,0,0,0.00,0.00,0.00,0,0,0.00,0.00,0,0
1508091663,s2,0.00,0.00,0.00,0,0,0.00,0.00,0.00,0,0,0.00,0.00,0,0
1508091663,s1-eth2,12356.00,261922.00,274278.00,261922,12356,162.00,173.00,335.00,173,162,0.00,0.00,0,0
1508091663,s1-eth1,249810.00,12356.00,262166.00,12356,249810,165.00,162.00,327.00,162,165,0.00,0.00,0,0
1508091663,s2-eth2,4670.00,110522.00,115192.00,110522,4670,61.00,73.00,134.00,73,61,0.00,0.00,0,0
1508091663,s2-eth1,95382.00,4522.00,99904.00,4522,95382,63.00,59.00,122.00,59,63,0.00,0.00,0,0
1508091663,lo,0.00,0.00,0.00,0,0,0.00,0.00,0.00,0,0,0.00,0.00,0,0
1508091663,total,362218.00,389322.00,751540.00,389322,362218,451.00,467.00,918.00,467,451,0.00,0.00,0,0
1508091664,s1,0.00,0.00,0.00,0,0,0.00,0.00,0.00,0,0,0.00,0.00,0,0
1508091664,eth0,0.00,0.00,0.00,0,0,0.00,0.00,0.00,0,0,0.00,0.00,0,0
1508091664,eth1,0.00,0.00,0.00,0,0,0.00,0.00,0.00,0,0,0.00,0.00,0,0
1508091664,s2,0.00,0.00,0.00,0,0,0.00,0.00,0.00,0,0,0.00,0.00,0,0
1508091664,s1-eth2,12629.37,257122.89,269752.25,257380,12642,162.84,169.83,332.67,170,163,0.00,0.00,0,0
1508091664,s1-eth1,251072.94,12287.71,263360.66,12300,251324,165.83,161.84,327.67,162,166,0.00,0.00,0,0
1508091664,s2-eth2,4367.63,96799.20,101166.84,96896,4372,55.94,63.94,119.88,64,56,0.00,0.00,0,0
1508091664,s2-eth1,104361.64,4367.63,108729.27,4372,104466,68.93,55.94,124.88,56,69,0.00,0.00,0,0
1508091664,lo,171.83,171.83,343.66,172,172,3.00,3.00,5.99,3,3,0.00,0.00,0,0
1508091664,total,372603.41,370749.25,743352.69,371120,372976,456.54,454.55,911.09,455,457,0.00,0.00,0,0
1508091665,s1,0.00,0.00,0.00,0,0,0.00,0.00,0.00,0,0,0.00,0.00,0,0
1508091665,eth0,0.00,0.00,0.00,0,0,0.00,0.00,0.00,0,0,0.00,0.00,0,0
1508091665,eth1,0.00,0.00,0.00,0,0,0.00,0.00,0.00,0,0,0.00,0.00,0,0
1508091665,s2,0.00,0.00,0.00,0,0,0.00,0.00,0.00,0,0,0.00,0.00,0,0
1508091665,s1-eth2,12382.00,255866.00,268248.00,255866,12382,161.00,169.00,330.00,169,161,0.00,0.00,0,0
1508091665,s1-eth1,248296.00,12382.00,260678.00,12382,248296,164.00,161.00,325.00,161,164,0.00,0.00,0,0
1508091665,s2-eth2,3540.00,56018.00,59558.00,56018,3540,40.00,37.00,77.00,37,40,0.00,0.00,0,0
1508091665,s2-eth1,52990.00,3198.00,56188.00,3198,52990,35.00,39.00,74.00,39,35,0.00,0.00,0,0
1508091665,lo,172.00,172.00,344.00,172,172,3.00,3.00,6.00,3,3,0.00,0.00,0,0
1508091665,total,317380.00,327636.00,645016.00,327636,317380,403.00,409.00,812.00,409,403,0.00,0.00,0,0
1508091666,s1,0.00,0.00,0.00,0,0,0.00,0.00,0.00,0,0,0.00,0.00,0,0
1508091666,eth0,0.00,0.00,0.00,0,0,0.00,0.00,0.00,0,0,0.00,0.00,0,0
1508091666,eth1,0.00,0.00,0.00,0,0,0.00,0.00,0.00,0,0,0.00,0.00,0,0
1508091666,s2,0.00,0.00,0.00,0,0,0.00,0.00,0.00,0,0,0.00,0.00,0,0
1508091666,s1-eth2,12056.00,258894.00,270950.00,258894,12056,158.00,171.00,329.00,171,158,0.00,0.00,0,0
1508091666,s1-eth1,251324.00,12130.00,263454.00,12130,251324,166.00,159.00,325.00,159,166,0.00,0.00,0,0
1508091666,s2-eth2,1268.00,25738.00,27006.00,25738,1268,16.00,17.00,33.00,17,16,0.00,0.00,0,0
1508091666,s2-eth1,25738.00,1268.00,27006.00,1268,25738,17.00,16.00,33.00,16,17,0.00,0.00,0,0
1508091666,lo,0.00,0.00,0.00,0,0,0.00,0.00,0.00,0,0,0.00,0.00,0,0
1508091666,total,290386.00,298030.00,588416.00,298030,290386,357.00,363.00,720.00,363,357,0.00,0.00,0,0
1508091667,s1,0.00,0.00,0.00,0,0,0.00,0.00,0.00,0,0,0.00,0.00,0,0
1508091667,eth0,0.00,0.00,0.00,0,0,0.00,0.00,0.00,0,0,0.00,0.00,0,0
1508091667,eth1,0.00,0.00,0.00,0,0,0.00,0.00,0.00,0,0,0.00,0.00,0,0
1508091667,s2,0.00,0.00,0.00,0,0,0.00,0.00,0.00,0,0,0.00,0.00,0,0
1508091667,s1-eth2,12023.98,260147.86,272171.84,260408,12036,157.84,171.83,329.67,172,158,0.00,0.00,0,0
1508091667,s1-eth1,249560.45,11950.05,261510.50,11962,249810,164.84,156.84,321.68,157,165,0.00,0.00,0,0
1508091667,s2-eth2,2217.78,49912.09,52129.87,49962,2220,29.97,32.97,62.94,33,30,0.00,0.00,0,0
1508091667,s2-eth1,40837.16,2217.78,43054.95,2220,40878,26.97,29.97,56.94,30,27,0.00,0.00,0,0
1508091667,lo,0.00,0.00,0.00,0,0,0.00,0.00,0.00,0,0,0.00,0.00,0,0
1508091667,total,304639.38,324227.78,628867.12,324552,304944,379.62,391.61,771.23,392,380,0.00,0.00,0,0
1508091668,s1,0.00,0.00,0.00,0,0,0.00,0.00,0.00,0,0,0.00,0.00,0,0
1508091668,eth0,0.00,0.00,0.00,0,0,0.00,0.00,0.00,0,0,0.00,0.00,0,0
1508091668,eth1,0.00,0.00,0.00,0,0,0.00,0.00,0.00,0,0,0.00,0.00,0,0
1508091668,s2,0.00,0.00,0.00,0,0,0.00,0.00,0.00,0,0,0.00,0.00,0,0
1508091668,s1-eth2,12067.93,255610.39,267678.34,255866,12080,157.84,168.83,326.67,169,158,0.00,0.00,0,0
1508091668,s1-eth1,249560.45,12067.93,261628.38,12080,249810,164.84,157.84,322.68,158,165,0.00,0.00,0,0
1508091668,s2-eth2,2313.69,54449.55,56763.24,54504,2316,29.97,35.96,65.93,36,30,0.00,0.00,0,0
1508091668,s2-eth1,62011.99,2313.69,64325.68,2316,62074,40.96,29.97,70.93,30,41,0.00,0.00,0,0
1508091668,lo,0.00,0.00,0.00,0,0,0.00,0.00,0.00,0,0,0.00,0.00,0,0
1508091668,total,325954.06,324441.56,650395.62,324766,326280,393.61,392.61,786.21,393,394,0.00,0.00,0,0
1508091669,s1,0.00,0.00,0.00,0,0,0.00,0.00,0.00,0,0,0.00,0.00,0,0
1508091669,eth0,0.00,0.00,0.00,0,0,0.00,0.00,0.00,0,0,0.00,0.00,0,0
1508091669,eth1,0.00,0.00,0.00,0,0,0.00,0.00,0.00,0,0,0.00,0.00,0,0
1508091669,s2,0.00,0.00,0.00,0,0,0.00,0.00,0.00,0,0,0.00,0.00,0,0
1508091669,s1-eth2,12064.00,254352.00,266416.00,254352,12064,158.00,168.00,326.00,168,158,0.00,0.00,0,0
1508091669,s1-eth1,250152.00,12064.00,262216.00,12064,250152,166.00,158.00,324.00,158,166,0.00,0.00,0,0
1508091669,s2-eth2,3182.00,77214.00,80396.00,77214,3182,43.00,51.00,94.00,51,43,0.00,0.00,0,0
1508091669,s2-eth1,66616.00,3182.00,69798.00,3182,66616,44.00,43.00,87.00,43,44,0.00,0.00,0,0
1508091669,lo,172.00,172.00,344.00,172,172,3.00,3.00,6.00,3,3,0.00,0.00,0,0
1508091669,total,332186.00,346984.00,679170.00,346984,332186,414.00,423.00,837.00,423,414,0.00,0.00,0,0
1508091670,s1,0.00,0.00,0.00,0,0,0.00,0.00,0.00,0,0,0.00,0.00,0,0
1508091670,eth0,0.00,0.00,0.00,0,0,0.00,0.00,0.00,0,0,0.00,0.00,0,0
1508091670,eth1,0.00,0.00,0.00,0,0,0.00,0.00,0.00,0,0,0.00,0.00,0,0
1508091670,s2,0.00,0.00,0.00,0,0,0.00,0.00,0.00,0,0,0.00,0.00,0,0
1508091670,s1-eth2,12682.00,254352.00,267034.00,254352,12682,165.00,168.00,333.00,168,165,0.00,0.00,0,0
1508091670,s1-eth1,249810.00,12756.00,262566.00,12756,249810,165.00,166.00,331.00,166,165,0.00,0.00,0,0
1508091670,s2-eth2,3256.00,92354.00,95610.00,92354,3256,44.00,61.00,105.00,61,44,0.00,0.00,0,0
1508091670,s2-eth1,98410.00,3256.00,101666.00,3256,98410,65.00,44.00,109.00,44,65,0.00,0.00,0,0
1508091670,lo,172.00,172.00,344.00,172,172,3.00,3.00,6.00,3,3,0.00,0.00,0,0
1508091670,total,364330.00,362890.00,727220.00,362890,364330,442.00,442.00,884.00,442,442,0.00,0.00,0,0
1508091671,s1,0.00,0.00,0.00,0,0,0.00,0.00,0.00,0,0,0.00,0.00,0,0
1508091671,eth0,0.00,0.00,0.00,0,0,0.00,0.00,0.00,0,0,0.00,0.00,0,0
1508091671,eth1,0.00,0.00,0.00,0,0,0.00,0.00,0.00,0,0,0.00,0.00,0,0
1508091671,s2,0.00,0.00,0.00,0,0,0.00,0.00,0.00,0,0,0.00,0.00,0,0
1508091671,s1-eth2,12331.67,252585.42,264917.09,252838,12344,159.84,166.83,326.67,167,160,0.00,0.00,0,0
1508091671,s1-eth1,251072.94,12257.74,263330.69,12270,251324,165.83,158.84,324.68,159,166,0.00,0.00,0,0
1508091671,s2-eth2,4125.87,86211.79,90337.66,86298,4130,50.95,56.94,107.89,57,51,0.00,0.00,0,0
1508091671,s2-eth1,78991.01,4199.80,83190.81,4204,79070,52.95,51.95,104.90,52,53,0.00,0.00,0,0
1508091671,lo,0.00,0.00,0.00,0,0,0.00,0.00,0.00,0,0,0.00,0.00,0,0
1508091671,total,346521.50,355254.75,701776.25,355610,346868,429.57,434.57,864.14,435,430,0.00,0.00,0,0
1508091672,s1,0.00,0.00,0.00,0,0,0.00,0.00,0.00,0,0,0.00,0.00,0,0
1508091672,eth0,0.00,0.00,0.00,0,0,0.00,0.00,0.00,0,0,0.00,0.00,0,0
1508091672,eth1,0.00,0.00,0.00,0,0,0.00,0.00,0.00,0,0,0.00,0.00,0,0
1508091672,s2,0.00,0.00,0.00,0,0,0.00,0.00,0.00,0,0,0.00,0.00,0,0
1508091672,s1-eth2,12210.00,263436.00,275646.00,263436,12210,161.00,174.00,335.00,174,161,0.00,0.00,0,0
1508091672,s1-eth1,249810.00,12210.00,262020.00,12210,249810,165.00,161.00,326.00,161,165,0.00,0.00,0,0
1508091672,s2-eth2,2910.00,96896.00,99806.00,96896,2910,39.00,64.00,103.00,64,39,0.00,0.00,0,0
1508091672,s2-eth1,95382.00,2836.00,98218.00,2836,95382,63.00,38.00,101.00,38,63,0.00,0.00,0,0
1508091672,lo,0.00,0.00,0.00,0,0,0.00,0.00,0.00,0,0,0.00,0.00,0,0
1508091672,total,360312.00,375378.00,735690.00,375378,360312,428.00,437.00,865.00,437,428,0.00,0.00,0,0
1508091673,s1,0.00,0.00,0.00,0,0,0.00,0.00,0.00,0,0,0.00,0.00,0,0
1508091673,eth0,0.00,0.00,0.00,0,0,0.00,0.00,0.00,0,0,0.00,0.00,0,0
1508091673,eth1,0.00,0.00,0.00,0,0,0.00,0.00,0.00,0,0,0.00,0.00,0,0
1508091673,s2,0.00,0.00,0.00,0,0,0.00,0.00,0.00,0,0,0.00,0.00,0,0
1508091673,s1-eth2,12336.00,254352.00,266688.00,254352,12336,162.00,168.00,330.00,168,162,0.00,0.00,0,0
1508091673,s1-eth1,249810.00,12336.00,262146.00,12336,249810,165.00,162.00,327.00,162,165,0.00,0.00,0,0
1508091673,s2-eth2,4666.00,86298.00,90964.00,86298,4666,55.00,57.00,112.00,57,55,0.00,0.00,0,0
1508091673,s2-eth1,81756.00,4324.00,86080.00,4324,81756,54.00,54.00,108.00,54,54,0.00,0.00,0,0
1508091673,lo,0.00,0.00,0.00,0,0,0.00,0.00,0.00,0,0,0.00,0.00,0,0
1508091673,total,348568.00,357310.00,705878.00,357310,348568,436.00,441.00,877.00,441,436,0.00,0.00,0,0
1508091674,s1,0.00,0.00,0.00,0,0,0.00,0.00,0.00,0,0,0.00,0.00,0,0
1508091674,eth0,0.00,0.00,0.00,0,0,0.00,0.00,0.00,0,0,0.00,0.00,0,0
1508091674,eth1,0.00,0.00,0.00,0,0,0.00,0.00,0.00,0,0,0.00,0.00,0,0
1508091674,s2,0.00,0.00,0.00,0,0,0.00,0.00,0.00,0,0,0.00,0.00,0,0
1508091674,s1-eth2,12480.00,251324.00,263804.00,251324,12480,162.00,166.00,328.00,166,162,0.00,0.00,0,0
1508091674,s1-eth1,249810.00,12554.00,262364.00,12554,249810,165.00,163.00,328.00,163,165,0.00,0.00,0,0
1508091674,s2-eth2,3684.00,86298.00,89982.00,86298,3684,48.00,57.00,105.00,57,48,0.00,0.00,0,0
1508091674,s2-eth1,92354.00,3684.00,96038.00,3684,92354,61.00,48.00,109.00,48,61,0.00,0.00,0,0
1508091674,lo,172.00,172.00,344.00,172,172,3.00,3.00,6.00,3,3,0.00,0.00,0,0
1508091674,total,358500.00,354032.00,712532.00,354032,358500,439.00,437.00,876.00,437,439,0.00,0.00,0,0
1508091675,s1,0.00,0.00,0.00,0,0,0.00,0.00,0.00,0,0,0.00,0.00,0,0
1508091675,eth0,0.00,0.00,0.00,0,0,0.00,0.00,0.00,0,0,0.00,0.00,0,0
1508091675,eth1,0.00,0.00,0.00,0,0,0.00,0.00,0.00,0,0,0.00,0.00,0,0
1508091675,s2,0.00,0.00,0.00,0,0,0.00,0.00,0.00,0,0,0.00,0.00,0,0
1508091675,s1-eth2,12421.58,258635.38,271056.94,258894,12434,162.84,170.83,333.67,171,163,0.00,0.00,0,0
1508091675,s1-eth1,251072.94,12347.65,263420.59,12360,251324,165.83,161.84,327.67,162,166,0.00,0.00,0,0
1508091675,s2-eth2,3276.72,104361.64,107638.37,104466,3280,43.96,68.93,112.89,69,44,0.00,0.00,0,0
1508091675,s2-eth1,92261.74,3276.72,95538.46,3280,92354,60.94,43.96,104.90,44,61,0.00,0.00,0,0
1508091675,lo,171.83,171.83,343.66,172,172,3.00,3.00,5.99,3,3,0.00,0.00,0,0
1508091675,total,359204.81,378793.22,737998.00,379172,359564,436.56,448.55,885.11,449,437,0.00,0.00,0,0
1508091676,s1,0.00,0.00,0.00,0,0,0.00,0.00,0.00,0,0,0.00,0.00,0,0
1508091676,eth0,0.00,0.00,0.00,0,0,0.00,0.00,0.00,0,0,0.00,0.00,0,0
1508091676,eth1,0.00,0.00,0.00,0,0,0.00,0.00,0.00,0,0,0.00,0.00,0,0
1508091676,s2,0.00,0.00,0.00,0,0,0.00,0.00,0.00,0,0,0.00,0.00,0,0
1508091676,s1-eth2,12118.00,260408.00,272526.00,260408,12118,161.00,172.00,333.00,172,161,0.00,0.00,0,0
1508091676,s1-eth1,249810.00,12118.00,261928.00,12118,249810,165.00,161.00,326.00,161,165,0.00,0.00,0,0
1508091676,s2-eth2,3720.00,89326.00,93046.00,89326,3720,48.00,59.00,107.00,59,48,0.00,0.00,0,0
1508091676,s2-eth1,92354.00,3720.00,96074.00,3720,92354,61.00,48.00,109.00,48,61,0.00,0.00,0,0
1508091676,lo,0.00,0.00,0.00,0,0,0.00,0.00,0.00,0,0,0.00,0.00,0,0
1508091676,total,358002.00,365572.00,723574.00,365572,358002,435.00,440.00,875.00,440,435,0.00,0.00,0,0
1508091677,s1,0.00,0.00,0.00,0,0,0.00,0.00,0.00,0,0,0.00,0.00,0,0
1508091677,eth0,0.00,0.00,0.00,0,0,0.00,0.00,0.00,0,0,0.00,0.00,0,0
1508091677,eth1,0.00,0.00,0.00,0,0,0.00,0.00,0.00,0,0,0.00,0.00,0,0
1508091677,s2,0.00,0.00,0.00,0,0,0.00,0.00,0.00,0,0,0.00,0.00,0,0
1508091677,s1-eth2,12342.00,252838.00,265180.00,252838,12342,159.00,167.00,326.00,167,159,0.00,0.00,0,0
1508091677,s1-eth1,249810.00,12342.00,262152.00,12342,249810,165.00,159.00,324.00,159,165,0.00,0.00,0,0
1508091677,s2-eth2,4208.00,95382.00,99590.00,95382,4208,54.00,63.00,117.00,63,54,0.00,0.00,0,0
1508091677,s2-eth1,92354.00,4208.00,96562.00,4208,92354,61.00,54.00,115.00,54,61,0.00,0.00,0,0
1508091677,lo,0.00,0.00,0.00,0,0,0.00,0.00,0.00,0,0,0.00,0.00,0,0
1508091677,total,358714.00,364770.00,723484.00,364770,358714,439.00,443.00,882.00,443,439,0.00,0.00,0,0
1508091678,s1,0.00,0.00,0.00,0,0,0.00,0.00,0.00,0,0,0.00,0.00,0,0
1508091678,eth0,608.00,980.00,1588.00,980,608,8.00,8.00,16.00,8,8,0.00,0.00,0,0
1508091678,eth1,0.00,0.00,0.00,0,0,0.00,0.00,0.00,0,0,0.00,0.00,0,0
1508091678,s2,0.00,0.00,0.00,0,0,0.00,0.00,0.00,0,0,0.00,0.00,0,0
1508091678,s1-eth2,13156.00,257380.00,270536.00,257380,13156,166.00,170.00,336.00,170,166,0.00,0.00,0,0
1508091678,s1-eth1,250108.00,12516.00,262624.00,12516,250108,168.00,162.00,330.00,162,168,0.00,0.00,0,0
1508091678,s2-eth2,4264.00,98410.00,102674.00,98410,4264,52.00,65.00,117.00,65,52,0.00,0.00,0,0
1508091678,s2-eth1,98940.00,3624.00,102564.00,3624,98940,68.00,48.00,116.00,48,68,0.00,0.00,0,0
1508091678,lo,1364.00,1364.00,2728.00,1364,1364,16.00,16.00,32.00,16,16,0.00,0.00,0,0
1508091678,total,368440.00,374274.00,742714.00,374274,368440,478.00,469.00,947.00,469,478,0.00,0.00,0,0
1508091679,s1,0.00,0.00,0.00,0,0,0.00,0.00,0.00,0,0,0.00,0.00,0,0
1508091679,eth0,760.00,1225.00,1985.00,1225,760,10.00,10.00,20.00,10,10,0.00,0.00,0,0
1508091679,eth1,0.00,0.00,0.00,0,0,0.00,0.00,0.00,0,0,0.00,0.00,0,0
1508091679,s2,0.00,0.00,0.00,0,0,0.00,0.00,0.00,0,0,0.00,0.00,0,0
1508091679,s1-eth2,13411.00,255866.00,269277.00,255866,13411,167.00,169.00,336.00,169,167,0.00,0.00,0,0
1508091679,s1-eth1,250809.00,12408.00,263217.00,12408,250809,172.00,160.00,332.00,160,172,0.00,0.00,0,0
1508091679,s2-eth2,4608.00,95382.00,99990.00,95382,4608,56.00,63.00,119.00,63,56,0.00,0.00,0,0
1508091679,s2-eth1,92821.00,3906.00,96727.00,3906,92821,66.00,51.00,117.00,51,66,0.00,0.00,0,0
1508091679,lo,1877.00,1877.00,3754.00,1877,1877,23.00,23.00,46.00,23,23,0.00,0.00,0,0
1508091679,total,364286.00,370664.00,734950.00,370664,364286,494.00,476.00,970.00,476,494,0.00,0.00,0,0
1508091680,s1,0.00,0.00,0.00,0,0,0.00,0.00,0.00,0,0,0.00,0.00,0,0
1508091680,eth0,152.00,245.00,397.00,245,152,2.00,2.00,4.00,2,2,0.00,0.00,0,0
1508091680,eth1,0.00,0.00,0.00,0,0,0.00,0.00,0.00,0,0,0.00,0.00,0,0
1508091680,s2,0.00,0.00,0.00,0,0,0.00,0.00,0.00,0,0,0.00,0.00,0,0
1508091680,s1-eth2,13270.00,264950.00,278220.00,264950,13270,167.00,175.00,342.00,175,167,0.00,0.00,0,0
1508091680,s1-eth1,249183.00,12060.00,261243.00,12060,249183,168.00,162.00,330.00,162,168,0.00,0.00,0,0
1508091680,s2-eth2,4773.00,66616.00,71389.00,66616,4773,48.00,44.00,92.00,44,48,0.00,0.00,0,0
1508091680,s2-eth1,73014.00,3262.00,76276.00,3262,73014,55.00,41.00,96.00,41,55,0.00,0.00,0,0
1508091680,lo,513.00,513.00,1026.00,513,513,7.00,7.00,14.00,7,7,0.00,0.00,0,0
1508091680,total,340905.00,347646.00,688551.00,347646,340905,447.00,431.00,878.00,431,447,0.00,0.00,0,0
1508091681,s1,0.00,0.00,0.00,0,0,0.00,0.00,0.00,0,0,0.00,0.00,0,0
1508091681,eth0,0.00,0.00,0.00,0,0,0.00,0.00,0.00,0,0,0.00,0.00,0,0
1508091681,eth1,0.00,0.00,0.00,0,0,0.00,0.00,0.00,0,0,0.00,0.00,0,0
1508091681,s2,0.00,0.00,0.00,0,0,0.00,0.00,0.00,0,0,0.00,0.00,0,0
1508091681,s1-eth2,13202.00,257380.00,270582.00,257380,13202,164.00,170.00,334.00,170,164,0.00,0.00,0,0
1508091681,s1-eth1,250404.00,12266.00,262670.00,12266,250404,167.00,161.00,328.00,161,167,0.00,0.00,0,0
1508091681,s2-eth2,3226.00,84826.00,88052.00,84826,3226,38.00,57.00,95.00,57,38,0.00,0.00,0,0
1508091681,s2-eth1,79379.00,2632.00,82011.00,2632,79379,55.00,36.00,91.00,36,55,0.00,0.00,0,0
1508091681,lo,0.00,0.00,0.00,0,0,0.00,0.00,0.00,0,0,0.00,0.00,0,0
1508091681,total,346211.00,357104.00,703315.00,357104,346211,424.00,424.00,848.00,424,424,0.00,0.00,0,0
1508091682,s1,0.00,0.00,0.00,0,0,0.00,0.00,0.00,0,0,0.00,0.00,0,0
1508091682,eth0,0.00,0.00,0.00,0,0,0.00,0.00,0.00,0,0,0.00,0.00,0,0
1508091682,eth1,0.00,0.00,0.00,0,0,0.00,0.00,0.00,0,0,0.00,0.00,0,0
1508091682,s2,0.00,0.00,0.00,0,0,0.00,0.00,0.00,0,0,0.00,0.00,0,0
1508091682,s1-eth2,11581.42,243510.50,255091.92,243754,11593,147.85,160.84,308.69,161,148,0.00,0.00,0,0
1508091682,s1-eth1,249667.34,11560.44,261227.78,11572,249917,165.83,147.85,313.69,148,166,0.00,0.00,0,0
1508091682,s2-eth2,4190.81,92261.74,96452.55,92354,4195,50.95,60.94,111.89,61,51,0.00,0.00,0,0
1508091682,s2-eth1,89563.44,3742.26,93305.70,3746,89653,59.94,48.95,108.89,49,60,0.00,0.00,0,0
1508091682,lo,0.00,0.00,0.00,0,0,0.00,0.00,0.00,0,0,0.00,0.00,0,0
1508091682,total,355003.00,351074.94,706077.94,351426,355358,424.58,418.58,843.16,419,425,0.00,0.00,0,0
1508091683,s1,0.00,0.00,0.00,0,0,0.00,0.00,0.00,0,0,0.00,0.00,0,0
1508091683,eth0,60.00,60.00,120.00,60,60,1.00,1.00,2.00,1,1,0.00,0.00,0,0
1508091683,eth1,0.00,0.00,0.00,0,0,0.00,0.00,0.00,0,0,0.00,0.00,0,0
1508091683,s2,0.00,0.00,0.00,0,0,0.00,0.00,0.00,0,0,0.00,0.00,0,0
1508091683,s1-eth2,12956.00,261922.00,274878.00,261922,12956,167.00,173.00,340.00,173,167,0.00,0.00,0,0
1508091683,s1-eth1,250147.00,12206.00,262353.00,12206,250147,167.00,163.00,330.00,163,167,0.00,0.00,0,0
1508091683,s2-eth2,3445.00,101438.00,104883.00,101438,3445,44.00,67.00,111.00,67,44,0.00,0.00,0,0
1508091683,s2-eth1,98854.00,3108.00,101962.00,3108,98854,68.00,42.00,110.00,42,68,0.00,0.00,0,0
1508091683,lo,0.00,0.00,0.00,0,0,0.00,0.00,0.00,0,0,0.00,0.00,0,0
1508091683,total,365462.00,378734.00,744196.00,378734,365462,447.00,446.00,893.00,446,447,0.00,0.00,0,0
1508091684,s1,0.00,0.00,0.00,0,0,0.00,0.00,0.00,0,0,0.00,0.00,0,0
1508091684,eth0,0.00,0.00,0.00,0,0,0.00,0.00,0.00,0,0,0.00,0.00,0,0
1508091684,eth1,0.00,0.00,0.00,0,0,0.00,0.00,0.00,0,0,0.00,0.00,0,0
1508091684,s2,0.00,0.00,0.00,0,0,0.00,0.00,0.00,0,0,0.00,0.00,0,0
1508091684,s1-eth2,12521.48,251072.94,263594.41,251324,12534,158.84,165.83,324.68,166,159,0.00,0.00,0,0
1508091684,s1-eth1,248047.95,12595.41,260643.36,12608,248296,163.84,159.84,323.68,160,164,0.00,0.00,0,0
1508091684,s2-eth2,4024.98,71086.91,75111.89,71158,4029,45.95,46.95,92.91,47,46,0.00,0.00,0,0
1508091684,s2-eth1,72926.08,3698.30,76624.38,3702,72999,48.95,44.96,93.91,45,49,0.00,0.00,0,0
1508091684,lo,171.83,171.83,343.66,172,172,3.00,3.00,5.99,3,3,0.00,0.00,0,0
1508091684,total,337692.31,338625.38,676317.69,338964,338030,420.58,420.58,841.16,421,421,0.00,0.00,0,0
1508091685,s1,0.00,0.00,0.00,0,0,0.00,0.00,0.00,0,0,0.00,0.00,0,0
1508091685,eth0,0.00,0.00,0.00,0,0,0.00,0.00,0.00,0,0,0.00,0.00,0,0
1508091685,eth1,0.00,0.00,0.00,0,0,0.00,0.00,0.00,0,0,0.00,0.00,0,0
1508091685,s2,0.00,0.00,0.00,0,0,0.00,0.00,0.00,0,0,0.00,0.00,0,0
1508091685,s1-eth2,11860.14,261660.34,273520.50,261922,11872,155.84,172.83,328.67,173,156,0.00,0.00,0,0
1508091685,s1-eth1,249560.45,11786.21,261346.66,11798,249810,164.84,154.85,319.68,155,165,0.00,0.00,0,0
1508091685,s2-eth2,2313.69,55962.04,58275.73,56018,2316,29.97,36.96,66.93,37,30,0.00,0.00,0,0
1508091685,s2-eth1,48399.60,2313.69,50713.29,2316,48448,31.97,29.97,61.94,30,32,0.00,0.00,0,0
1508091685,lo,171.83,171.83,343.66,172,172,3.00,3.00,5.99,3,3,0.00,0.00,0,0
1508091685,total,312305.69,331894.12,644199.81,332226,312618,385.61,397.60,783.22,398,386,0.00,0.00,0,0
1508091686,s1,0.00,0.00,0.00,0,0,0.00,0.00,0.00,0,0,0.00,0.00,0,0
1508091686,eth0,0.00,0.00,0.00,0,0,0.00,0.00,0.00,0,0,0.00,0.00,0,0
1508091686,eth1,0.00,0.00,0.00,0,0,0.00,0.00,0.00,0,0,0.00,0.00,0,0
1508091686,s2,0.00,0.00,0.00,0,0,0.00,0.00,0.00,0,0,0.00,0.00,0,0
1508091686,s1-eth2,12028.97,261660.34,273689.31,261922,12041,155.84,172.83,328.67,173,156,0.00,0.00,0,0
1508091686,s1-eth1,250009.00,11922.08,261931.08,11934,250259,166.83,154.85,321.68,155,167,0.00,0.00,0,0
1508091686,s2-eth2,2740.26,69574.43,72314.69,69644,2743,32.97,45.95,78.92,46,33,0.00,0.00,0,0
1508091686,s2-eth1,77243.76,2291.71,79535.47,2294,77321,51.95,30.97,82.92,31,52,0.00,0.00,0,0
1508091686,lo,0.00,0.00,0.00,0,0,0.00,0.00,0.00,0,0,0.00,0.00,0,0
1508091686,total,342022.00,345448.56,687470.56,345794,342364,407.59,404.60,812.19,405,408,0.00,0.00,0,0
1508091687,s1,0.00,0.00,0.00,0,0,0.00,0.00,0.00,0,0,0.00,0.00,0,0
1508091687,eth0,0.00,0.00,0.00,0,0,0.00,0.00,0.00,0,0,0.00,0.00,0,0
1508091687,eth1,0.00,0.00,0.00,0,0,0.00,0.00,0.00,0,0,0.00,0.00,0,0
1508091687,s2,0.00,0.00,0.00,0,0,0.00,0.00,0.00,0,0,0.00,0.00,0,0
1508091687,s1-eth2,12380.00,257380.00,269760.00,257380,12380,162.00,170.00,332.00,170,162,0.00,0.00,0,0
1508091687,s1-eth1,249880.00,12384.00,262264.00,12384,249880,166.00,162.00,328.00,162,166,0.00,0.00,0,0
1508091687,s2-eth2,3832.00,75700.00,79532.00,75700,3832,48.00,50.00,98.00,50,48,0.00,0.00,0,0
1508091687,s2-eth1,60630.00,3762.00,64392.00,3762,60630,41.00,47.00,88.00,47,41,0.00,0.00,0,0
1508091687,lo,0.00,0.00,0.00,0,0,0.00,0.00,0.00,0,0,0.00,0.00,0,0
1508091687,total,326722.00,349226.00,675948.00,349226,326722,417.00,429.00,846.00,429,417,0.00,0.00,0,0
1508091688,s1,0.00,0.00,0.00,0,0,0.00,0.00,0.00,0,0,0.00,0.00,0,0
1508091688,eth0,0.00,0.00,0.00,0,0,0.00,0.00,0.00,0,0,0.00,0.00,0,0
1508091688,eth1,0.00,0.00,0.00,0,0,0.00,0.00,0.00,0,0,0.00,0.00,0,0
1508091688,s2,0.00,0.00,0.00,0,0,0.00,0.00,0.00,0,0,0.00,0.00,0,0
1508091688,s1-eth2,13074.93,252585.42,265660.34,252838,13088,163.84,166.83,330.67,167,164,0.00,0.00,0,0
1508091688,s1-eth1,251072.94,12659.34,263732.28,12672,251324,165.83,161.84,327.67,162,166,0.00,0.00,0,0
1508091688,s2-eth2,2661.34,77136.87,79798.20,77214,2664,35.96,50.95,86.91,51,36,0.00,0.00,0,0
1508091688,s2-eth1,89578.42,2661.34,92239.77,2664,89668,59.94,35.96,95.90,36,60,0.00,0.00,0,0
1508091688,lo,0.00,0.00,0.00,0,0,0.00,0.00,0.00,0,0,0.00,0.00,0,0
1508091688,total,356387.62,345042.97,701430.56,345388,356744,425.57,415.58,841.16,416,426,0.00,0.00,0,0
1508091689,s1,0.00,0.00,0.00,0,0,0.00,0.00,0.00,0,0,0.00,0.00,0,0
1508091689,eth0,0.00,0.00,0.00,0,0,0.00,0.00,0.00,0,0,0.00,0.00,0,0
1508091689,eth1,0.00,0.00,0.00,0,0,0.00,0.00,0.00,0,0,0.00,0.00,0,0
1508091689,s2,0.00,0.00,0.00,0,0,0.00,0.00,0.00,0,0,0.00,0.00,0,0
1508091689,s1-eth2,12637.36,263172.84,275810.19,263436,12650,162.84,173.83,336.66,174,163,0.00,0.00,0,0
1508091689,s1-eth1,249560.45,12637.36,262197.81,12650,249810,164.84,162.84,327.67,163,165,0.00,0.00,0,0
1508091689,s2-eth2,3812.19,86211.79,90023.98,86298,3816,47.95,56.94,104.90,57,48,0.00,0.00,0,0
1508091689,s2-eth1,72599.41,3812.19,76411.59,3816,72672,47.95,47.95,95.90,48,48,0.00,0.00,0,0
1508091689,lo,171.83,171.83,343.66,172,172,3.00,3.00,5.99,3,3,0.00,0.00,0,0
1508091689,total,338781.22,366006.00,704787.25,366372,339120,426.57,444.56,871.13,445,427,0.00,0.00,0,0
1508091690,s1,0.00,0.00,0.00,0,0,0.00,0.00,0.00,0,0,0.00,0.00,0,0
1508091690,eth0,0.00,0.00,0.00,0,0,0.00,0.00,0.00,0,0,0.00,0.00,0,0
1508091690,eth1,0.00,0.00,0.00,0,0,0.00,0.00,0.00,0,0,0.00,0.00,0,0
1508091690,s2,0.00,0.00,0.00,0,0,0.00,0.00,0.00,0,0,0.00,0.00,0,0
1508091690,s1-eth2,8911.09,201160.84,210071.94,201362,8920,117.88,132.87,250.75,133,118,0.00,0.00,0,0
1508091690,s1-eth1,186035.97,8911.09,194947.06,8920,186222,122.88,117.88,240.76,118,123,0.00,0.00,0,0
1508091690,s2-eth2,2459.54,46887.11,49346.66,46934,2462,30.97,30.97,61.94,31,31,0.00,0.00,0,0
1508091690,s2-eth1,52937.06,2459.54,55396.61,2462,52990,34.97,30.97,65.93,31,35,0.00,0.00,0,0
1508091690,lo,171.83,171.83,343.66,172,172,3.00,3.00,5.99,3,3,0.00,0.00,0,0
1508091690,total,250515.48,259590.42,510105.91,259850,250766,309.69,315.68,625.37,316,310,0.00,0.00,0,0
1508091691,s1,0.00,0.00,0.00,0,0,0.00,0.00,0.00,0,0,0.00,0.00,0,0
1508091691,eth0,0.00,0.00,0.00,0,0,0.00,0.00,0.00,0,0,0.00,0.00,0,0
1508091691,eth1,0.00,0.00,0.00,0,0,0.00,0.00,0.00,0,0,0.00,0.00,0,0
1508091691,s2,0.00,0.00,0.00,0,0,0.00,0.00,0.00,0,0,0.00,0.00,0,0
1508091691,s1-eth2,11558.00,251324.00,262882.00,251324,11558,151.00,166.00,317.00,166,151,0.00,0.00,0,0
1508091691,s1-eth1,249810.00,11644.00,261454.00,11644,249810,165.00,152.00,317.00,152,165,0.00,0.00,0,0
1508091691,s2-eth2,1432.00,30280.00,31712.00,30280,1432,18.00,20.00,38.00,20,18,0.00,0.00,0,0
1508091691,s2-eth1,22710.00,1432.00,24142.00,1432,22710,15.00,18.00,33.00,18,15,0.00,0.00,0,0
1508091691,lo,0.00,0.00,0.00,0,0,0.00,0.00,0.00,0,0,0.00,0.00,0,0
1508091691,total,285510.00,294680.00,580190.00,294680,285510,349.00,356.00,705.00,356,349,0.00,0.00,0,0
1508091692,s1,0.00,0.00,0.00,0,0,0.00,0.00,0.00,0,0,0.00,0.00,0,0
1508091692,eth0,0.00,0.00,0.00,0,0,0.00,0.00,0.00,0,0,0.00,0.00,0,0
1508091692,eth1,0.00,0.00,0.00,0,0,0.00,0.00,0.00,0,0,0.00,0.00,0,0
1508091692,s2,0.00,0.00,0.00,0,0,0.00,0.00,0.00,0,0,0.00,0.00,0,0
1508091692,s1-eth2,12590.00,263436.00,276026.00,263436,12590,163.00,174.00,337.00,174,163,0.00,0.00,0,0
1508091692,s1-eth1,251324.00,12504.00,263828.00,12504,251324,166.00,162.00,328.00,162,166,0.00,0.00,0,0
1508091692,s2-eth2,1184.00,40878.00,42062.00,40878,1184,16.00,27.00,43.00,27,16,0.00,0.00,0,0
1508091692,s2-eth1,46934.00,1184.00,48118.00,1184,46934,31.00,16.00,47.00,16,31,0.00,0.00,0,0
1508091692,lo,0.00,0.00,0.00,0,0,0.00,0.00,0.00,0,0,0.00,0.00,0,0
1508091692,total,312032.00,318002.00,630034.00,318002,312032,376.00,379.00,755.00,379,376,0.00,0.00,0,0
1508091693,s1,0.00,0.00,0.00,0,0,0.00,0.00,0.00,0,0,0.00,0.00,0,0
1508091693,eth0,0.00,0.00,0.00,0,0,0.00,0.00,0.00,0,0,0.00,0.00,0,0
1508091693,eth1,0.00,0.00,0.00,0,0,0.00,0.00,0.00,0,0,0.00,0.00,0,0
1508091693,s2,0.00,0.00,0.00,0,0,0.00,0.00,0.00,0,0,0.00,0.00,0,0
1508091693,s1-eth2,12176.00,261922.00,274098.00,261922,12176,160.00,173.00,333.00,173,160,0.00,0.00,0,0
1508091693,s1-eth1,249810.00,12176.00,261986.00,12176,249810,165.00,160.00,325.00,160,165,0.00,0.00,0,0
1508091693,s2-eth2,2572.00,57532.00,60104.00,57532,2572,30.00,38.00,68.00,38,30,0.00,0.00,0,0
1508091693,s2-eth1,48448.00,2230.00,50678.00,2230,48448,32.00,29.00,61.00,29,32,0.00,0.00,0,0
1508091693,lo,0.00,0.00,0.00,0,0,0.00,0.00,0.00,0,0,0.00,0.00,0,0
1508091693,total,313006.00,333860.00,646866.00,333860,313006,387.00,400.00,787.00,400,387,0.00,0.00,0,0
1508091694,s1,0.00,0.00,0.00,0,0,0.00,0.00,0.00,0,0,0.00,0.00,0,0
1508091694,eth0,0.00,0.00,0.00,0,0,0.00,0.00,0.00,0,0,0.00,0.00,0,0
1508091694,eth1,0.00,0.00,0.00,0,0,0.00,0.00,0.00,0,0,0.00,0.00,0,0
1508091694,s2,0.00,0.00,0.00,0,0,0.00,0.00,0.00,0,0,0.00,0.00,0,0
1508091694,s1-eth2,12067.00,257380.00,269447.00,257380,12067,161.00,170.00,331.00,170,161,0.00,0.00,0,0
1508091694,s1-eth1,249917.00,11960.00,261877.00,11960,249917,166.00,160.00,326.00,160,166,0.00,0.00,0,0
1508091694,s2-eth2,1661.00,59046.00,60707.00,59046,1661,22.00,39.00,61.00,39,22,0.00,0.00,0,0
1508091694,s2-eth1,65209.00,1554.00,66763.00,1554,65209,44.00,21.00,65.00,21,44,0.00,0.00,0,0
1508091694,lo,172.00,172.00,344.00,172,172,3.00,3.00,6.00,3,3,0.00,0.00,0,0
1508091694,total,329026.00,330112.00,659138.00,330112,329026,396.00,393.00,789.00,393,396,0.00,0.00,0,0
1508091695,s1,0.00,0.00,0.00,0,0,0.00,0.00,0.00,0,0,0.00,0.00,0,0
1508091695,eth0,0.00,0.00,0.00,0,0,0.00,0.00,0.00,0,0,0.00,0.00,0,0
1508091695,eth1,0.00,0.00,0.00,0,0,0.00,0.00,0.00,0,0,0.00,0.00,0,0
1508091695,s2,0.00,0.00,0.00,0,0,0.00,0.00,0.00,0,0,0.00,0.00,0,0
1508091695,s1-eth2,12878.00,249810.00,262688.00,249810,12878,161.00,165.00,326.00,165,161,0.00,0.00,0,0
1508091695,s1-eth1,249810.00,12878.00,262688.00,12878,249810,165.00,161.00,326.00,161,165,0.00,0.00,0,0
1508091695,s2-eth2,3300.00,71158.00,74458.00,71158,3300,42.00,47.00,89.00,47,42,0.00,0.00,0,0
1508091695,s2-eth1,63588.00,3300.00,66888.00,3300,63588,42.00,42.00,84.00,42,42,0.00,0.00,0,0
1508091695,lo,172.00,172.00,344.00,172,172,3.00,3.00,6.00,3,3,0.00,0.00,0,0
1508091695,total,329748.00,337318.00,667066.00,337318,329748,413.00,418.00,831.00,418,413,0.00,0.00,0,0
1508091696,s1,0.00,0.00,0.00,0,0,0.00,0.00,0.00,0,0,0.00,0.00,0,0
1508091696,eth0,0.00,0.00,0.00,0,0,0.00,0.00,0.00,0,0,0.00,0.00,0,0
1508091696,eth1,0.00,0.00,0.00,0,0,0.00,0.00,0.00,0,0,0.00,0.00,0,0
1508091696,s2,0.00,0.00,0.00,0,0,0.00,0.00,0.00,0,0,0.00,0.00,0,0
1508091696,s1-eth2,11658.34,261660.34,273318.69,261922,11670,152.85,172.83,325.67,173,153,0.00,0.00,0,0
1508091696,s1-eth1,243852.16,11658.34,255510.50,11670,244096,161.84,152.85,314.69,153,162,0.00,0.00,0,0
1508091696,s2-eth2,1700.30,52937.06,54637.36,52990,1702,22.98,34.97,57.94,35,23,0.00,0.00,0,0
1508091696,s2-eth1,58987.02,1700.30,60687.31,1702,59046,38.96,22.98,61.94,23,39,0.00,0.00,0,0
1508091696,lo,0.00,0.00,0.00,0,0,0.00,0.00,0.00,0,0,0.00,0.00,0,0
1508091696,total,316197.81,327956.06,644153.88,328284,316514,376.62,383.62,760.24,384,377,0.00,0.00,0,0
1508091697,s1,0.00,0.00,0.00,0,0,0.00,0.00,0.00,0,0,0.00,0.00,0,0
1508091697,eth0,0.00,0.00,0.00,0,0,0.00,0.00,0.00,0,0,0.00,0.00,0,0
1508091697,eth1,0.00,0.00,0.00,0,0,0.00,0.00,0.00,0,0,0.00,0.00,0,0
1508091697,s2,0.00,0.00,0.00,0,0,0.00,0.00,0.00,0,0,0.00,0.00,0,0
1508091697,s1-eth2,12146.00,255908.00,268054.00,255908,12146,161.00,170.00,331.00,170,161,0.00,0.00,0,0
1508091697,s1-eth1,249852.00,12220.00,262072.00,12220,249852,166.00,162.00,328.00,162,166,0.00,0.00,0,0
1508091697,s2-eth2,2538.00,63588.00,66126.00,63588,2538,33.00,42.00,75.00,42,33,0.00,0.00,0,0
1508091697,s2-eth1,56018.00,2538.00,58556.00,2538,56018,37.00,33.00,70.00,33,37,0.00,0.00,0,0
1508091697,lo,592.00,592.00,1184.00,592,592,6.00,6.00,12.00,6,6,0.00,0.00,0,0
1508091697,total,321146.00,334846.00,655992.00,334846,321146,403.00,413.00,816.00,413,403,0.00,0.00,0,0
1508091698,s1,0.00,0.00,0.00,0,0,0.00,0.00,0.00,0,0,0.00,0.00,0,0
1508091698,eth0,0.00,0.00,0.00,0,0,0.00,0.00,0.00,0,0,0.00,0.00,0,0
1508091698,eth1,0.00,0.00,0.00,0,0,0.00,0.00,0.00,0,0,0.00,0.00,0,0
1508091698,s2,0.00,0.00,0.00,0,0,0.00,0.00,0.00,0,0,0.00,0.00,0,0
1508091698,s1-eth2,12612.00,251324.00,263936.00,251324,12612,164.00,166.00,330.00,166,164,0.00,0.00,0,0
1508091698,s1-eth1,251324.00,12538.00,263862.00,12538,251324,166.00,163.00,329.00,163,166,0.00,0.00,0,0
1508091698,s2-eth2,2598.00,52990.00,55588.00,52990,2598,33.00,35.00,68.00,35,33,0.00,0.00,0,0
1508091698,s2-eth1,54846.00,2598.00,57444.00,2598,54846,37.00,33.00,70.00,33,37,0.00,0.00,0,0
1508091698,lo,0.00,0.00,0.00,0,0,0.00,0.00,0.00,0,0,0.00,0.00,0,0
1508091698,total,321380.00,319450.00,640830.00,319450,321380,400.00,397.00,797.00,397,400,0.00,0.00,0,0
1508091699,s1,0.00,0.00,0.00,0,0,0.00,0.00,0.00,0,0,0.00,0.00,0,0
1508091699,eth0,0.00,0.00,0.00,0,0,0.00,0.00,0.00,0,0,0.00,0.00,0,0
1508091699,eth1,0.00,0.00,0.00,0,0,0.00,0.00,0.00,0,0,0.00,0.00,0,0
1508091699,s2,0.00,0.00,0.00,0,0,0.00,0.00,0.00,0,0,0.00,0.00,0,0
1508091699,s1-eth2,12444.00,257380.00,269824.00,257380,12444,162.00,170.00,332.00,170,162,0.00,0.00,0,0
1508091699,s1-eth1,249810.00,12444.00,262254.00,12444,249810,165.00,162.00,327.00,162,165,0.00,0.00,0,0
1508091699,s2-eth2,2910.00,65102.00,68012.00,65102,2910,39.00,43.00,82.00,43,39,0.00,0.00,0,0
1508091699,s2-eth1,60560.00,2910.00,63470.00,2910,60560,40.00,39.00,79.00,39,40,0.00,0.00,0,0
1508091699,lo,0.00,0.00,0.00,0,0,0.00,0.00,0.00,0,0,0.00,0.00,0,0
1508091699,total,325724.00,337836.00,663560.00,337836,325724,406.00,414.00,820.00,414,406,0.00,0.00,0,0
1508091700,s1,0.00,0.00,0.00,0,0,0.00,0.00,0.00,0,0,0.00,0.00,0,0
1508091700,eth0,0.00,0.00,0.00,0,0,0.00,0.00,0.00,0,0,0.00,0.00,0,0
1508091700,eth1,0.00,0.00,0.00,0,0,0.00,0.00,0.00,0,0,0.00,0.00,0,0
1508091700,s2,0.00,0.00,0.00,0,0,0.00,0.00,0.00,0,0,0.00,0.00,0,0
1508091700,s1-eth2,12324.00,254352.00,266676.00,254352,12324,162.00,168.00,330.00,168,162,0.00,0.00,0,0
1508091700,s1-eth1,249810.00,12324.00,262134.00,12324,249810,165.00,162.00,327.00,162,165,0.00,0.00,0,0
1508091700,s2-eth2,3774.00,86298.00,90072.00,86298,3774,51.00,57.00,108.00,57,51,0.00,0.00,0,0
1508091700,s2-eth1,83270.00,3774.00,87044.00,3774,83270,55.00,51.00,106.00,51,55,0.00,0.00,0,0
1508091700,lo,172.00,172.00,344.00,172,172,3.00,3.00,6.00,3,3,0.00,0.00,0,0
1508091700,total,349350.00,356920.00,706270.00,356920,349350,436.00,441.00,877.00,441,436,0.00,0.00,0,0
1508091701,s1,0.00,0.00,0.00,0,0,0.00,0.00,0.00,0,0,0.00,0.00,0,0
1508091701,eth0,0.00,0.00,0.00,0,0,0.00,0.00,0.00,0,0,0.00,0.00,0,0
1508091701,eth1,0.00,0.00,0.00,0,0,0.00,0.00,0.00,0,0,0.00,0.00,0,0
1508091701,s2,0.00,0.00,0.00,0,0,0.00,0.00,0.00,0,0,0.00,0.00,0,0
1508091701,s1-eth2,12335.67,255610.39,267946.06,255866,12348,161.84,168.83,330.67,169,162,0.00,0.00,0,0
1508091701,s1-eth1,249560.45,12335.67,261896.11,12348,249810,164.84,161.84,326.67,162,165,0.00,0.00,0,0
1508091701,s2-eth2,4049.95,87724.28,91774.23,87812,4054,52.95,57.94,110.89,58,53,0.00,0.00,0,0
1508091701,s2-eth1,87724.28,4049.95,91774.23,4054,87812,57.94,52.95,110.89,53,58,0.00,0.00,0,0
1508091701,lo,0.00,0.00,0.00,0,0,0.00,0.00,0.00,0,0,0.00,0.00,0,0
1508091701,total,353670.34,359720.28,713390.62,360080,354024,437.56,441.56,879.12,442,438,0.00,0.00,0,0
1508091702,s1,0.00,0.00,0.00,0,0,0.00,0.00,0.00,0,0,0.00,0.00,0,0
1508091702,eth0,0.00,0.00,0.00,0,0,0.00,0.00,0.00,0,0,0.00,0.00,0,0
1508091702,eth1,0.00,0.00,0.00,0,0,0.00,0.00,0.00,0,0,0.00,0.00,0,0
1508091702,s2,0.00,0.00,0.00,0,0,0.00,0.00,0.00,0,0,0.00,0.00,0,0
1508091702,s1-eth2,12372.00,258894.00,271266.00,258894,12372,160.00,171.00,331.00,171,160,0.00,0.00,0,0
1508091702,s1-eth1,251324.00,12446.00,263770.00,12446,251324,166.00,161.00,327.00,161,166,0.00,0.00,0,0
1508091702,s2-eth2,3726.00,90882.00,94608.00,90882,3726,49.00,61.00,110.00,61,49,0.00,0.00,0,0
1508091702,s2-eth1,89368.00,3726.00,93094.00,3726,89368,60.00,49.00,109.00,49,60,0.00,0.00,0,0
1508091702,lo,172.00,172.00,344.00,172,172,3.00,3.00,6.00,3,3,0.00,0.00,0,0
1508091702,total,356962.00,366120.00,723082.00,366120,356962,438.00,445.00,883.00,445,438,0.00,0.00,0,0
1508091703,s1,0.00,0.00,0.00,0,0,0.00,0.00,0.00,0,0,0.00,0.00,0,0
1508091703,eth0,0.00,0.00,0.00,0,0,0.00,0.00,0.00,0,0,0.00,0.00,0,0
1508091703,eth1,0.00,0.00,0.00,0,0,0.00,0.00,0.00,0,0,0.00,0.00,0,0
1508091703,s2,0.00,0.00,0.00,0,0,0.00,0.00,0.00,0,0,0.00,0.00,0,0
1508091703,s1-eth2,12185.81,255610.39,267796.22,255866,12198,158.84,168.83,327.67,169,159,0.00,0.00,0,0
1508091703,s1-eth1,249560.45,12111.89,261672.33,12124,249810,164.84,157.84,322.68,158,165,0.00,0.00,0,0
1508091703,s2-eth2,4059.94,86211.79,90271.73,86298,4064,51.95,56.94,108.89,57,52,0.00,0.00,0,0
1508091703,s2-eth1,83186.81,4059.94,87246.76,4064,83270,54.95,51.95,106.89,52,55,0.00,0.00,0,0
1508091703,lo,0.00,0.00,0.00,0,0,0.00,0.00,0.00,0,0,0.00,0.00,0,0
1508091703,total,348993.03,357994.03,706987.06,358352,349342,430.57,435.56,866.13,436,431,0.00,0.00,0,0
1508091704,s1,0.00,0.00,0.00,0,0,0.00,0.00,0.00,0,0,0.00,0.00,0,0
1508091704,eth0,0.00,0.00,0.00,0,0,0.00,0.00,0.00,0,0,0.00,0.00,0,0
1508091704,eth1,0.00,0.00,0.00,0,0,0.00,0.00,0.00,0,0,0.00,0.00,0,0
1508091704,s2,0.00,0.00,0.00,0,0,0.00,0.00,0.00,0,0,0.00,0.00,0,0
1508091704,s1-eth2,12332.00,260408.00,272740.00,260408,12332,162.00,172.00,334.00,172,162,0.00,0.00,0,0
1508091704,s1-eth1,249810.00,12332.00,262142.00,12332,249810,165.00,162.00,327.00,162,165,0.00,0.00,0,0
1508091704,s2-eth2,3006.00,81756.00,84762.00,81756,3006,39.00,54.00,93.00,54,39,0.00,0.00,0,0
1508091704,s2-eth1,81756.00,3006.00,84762.00,3006,81756,54.00,39.00,93.00,39,54,0.00,0.00,0,0
1508091704,lo,0.00,0.00,0.00,0,0,0.00,0.00,0.00,0,0,0.00,0.00,0,0
1508091704,total,346904.00,357502.00,704406.00,357502,346904,420.00,427.00,847.00,427,420,0.00,0.00,0,0
1508091705,s1,0.00,0.00,0.00,0,0,0.00,0.00,0.00,0,0,0.00,0.00,0,0
1508091705,eth0,0.00,0.00,0.00,0,0,0.00,0.00,0.00,0,0,0.00,0.00,0,0
1508091705,eth1,0.00,0.00,0.00,0,0,0.00,0.00,0.00,0,0,0.00,0.00,0,0
1508091705,s2,0.00,0.00,0.00,0,0,0.00,0.00,0.00,0,0,0.00,0.00,0,0
1508091705,s1-eth2,12781.22,255610.39,268391.62,255866,12794,160.84,168.83,329.67,169,161,0.00,0.00,0,0
1508091705,s1-eth1,249560.45,12525.47,262085.92,12538,249810,164.84,160.84,325.67,161,165,0.00,0.00,0,0
1508091705,s2-eth2,3680.32,86211.79,89892.11,86298,3684,47.95,56.94,104.90,57,48,0.00,0.00,0,0
1508091705,s2-eth1,83186.81,3680.32,86867.13,3684,83270,54.95,47.95,102.90,48,55,0.00,0.00,0,0
1508091705,lo,171.83,171.83,343.66,172,172,3.00,3.00,5.99,3,3,0.00,0.00,0,0
1508091705,total,349380.62,358199.81,707580.44,358558,349730,431.57,437.56,869.13,438,432,0.00,0.00,0,0
1508091706,s1,0.00,0.00,0.00,0,0,0.00,0.00,0.00,0,0,0.00,0.00,0,0
1508091706,eth0,0.00,0.00,0.00,0,0,0.00,0.00,0.00,0,0,0.00,0.00,0,0
1508091706,eth1,0.00,0.00,0.00,0,0,0.00,0.00,0.00,0,0,0.00,0.00,0,0
1508091706,s2,0.00,0.00,0.00,0,0,0.00,0.00,0.00,0,0,0.00,0.00,0,0
1508091706,s1-eth2,12376.00,261922.00,274298.00,261922,12376,160.00,173.00,333.00,173,160,0.00,0.00,0,0
1508091706,s1-eth1,249810.00,12290.00,262100.00,12290,249810,165.00,159.00,324.00,159,165,0.00,0.00,0,0
1508091706,s2-eth2,3360.00,87812.00,91172.00,87812,3360,40.00,58.00,98.00,58,40,0.00,0.00,0,0
1508091706,s2-eth1,87812.00,3018.00,90830.00,3018,87812,58.00,39.00,97.00,39,58,0.00,0.00,0,0
1508091706,lo,0.00,0.00,0.00,0,0,0.00,0.00,0.00,0,0,0.00,0.00,0,0
1508091706,total,353358.00,365042.00,718400.00,365042,353358,423.00,429.00,852.00,429,423,0.00,0.00,0,0
1508091707,s1,0.00,0.00,0.00,0,0,0.00,0.00,0.00,0,0,0.00,0.00,0,0
1508091707,eth0,0.00,0.00,0.00,0,0,0.00,0.00,0.00,0,0,0.00,0.00,0,0
1508091707,eth1,0.00,0.00,0.00,0,0,0.00,0.00,0.00,0,0,0.00,0.00,0,0
1508091707,s2,0.00,0.00,0.00,0,0,0.00,0.00,0.00,0,0,0.00,0.00,0,0
1508091707,s1-eth2,12494.00,258894.00,271388.00,258894,12494,161.00,171.00,332.00,171,161,0.00,0.00,0,0
1508091707,s1-eth1,248296.00,12494.00,260790.00,12494,248296,164.00,161.00,325.00,161,164,0.00,0.00,0,0
1508091707,s2-eth2,3548.00,86298.00,89846.00,86298,3548,46.00,57.00,103.00,57,46,0.00,0.00,0,0
1508091707,s2-eth1,78728.00,3548.00,82276.00,3548,78728,52.00,46.00,98.00,46,52,0.00,0.00,0,0
1508091707,lo,172.00,172.00,344.00,172,172,3.00,3.00,6.00,3,3,0.00,0.00,0,0
1508091707,total,343238.00,361406.00,704644.00,361406,343238,426.00,438.00,864.00,438,426,0.00,0.00,0,0
1508091708,s1,0.00,0.00,0.00,0,0,0.00,0.00,0.00,0,0,0.00,0.00,0,0
1508091708,eth0,0.00,0.00,0.00,0,0,0.00,0.00,0.00,0,0,0.00,0.00,0,0
1508091708,eth1,0.00,0.00,0.00,0,0,0.00,0.00,0.00,0,0,0.00,0.00,0,0
1508091708,s2,0.00,0.00,0.00,0,0,0.00,0.00,0.00,0,0,0.00,0.00,0,0
1508091708,s1-eth2,12246.00,257380.00,269626.00,257380,12246,161.00,170.00,331.00,170,161,0.00,0.00,0,0
1508091708,s1-eth1,249810.00,12246.00,262056.00,12246,249810,165.00,161.00,326.00,161,165,0.00,0.00,0,0
1508091708,s2-eth2,2698.00,65102.00,67800.00,65102,2698,35.00,43.00,78.00,43,35,0.00,0.00,0,0
1508091708,s2-eth1,74186.00,2698.00,76884.00,2698,74186,49.00,35.00,84.00,35,49,0.00,0.00,0,0
1508091708,lo,0.00,0.00,0.00,0,0,0.00,0.00,0.00,0,0,0.00,0.00,0,0
1508091708,total,338940.00,337426.00,676366.00,337426,338940,410.00,409.00,819.00,409,410,0.00,0.00,0,0
1508091709,s1,0.00,0.00,0.00,0,0,0.00,0.00,0.00,0,0,0.00,0.00,0,0
1508091709,eth0,0.00,0.00,0.00,0,0,0.00,0.00,0.00,0,0,0.00,0.00,0,0
1508091709,eth1,0.00,0.00,0.00,0,0,0.00,0.00,0.00,0,0,0.00,0.00,0,0
1508091709,s2,0.00,0.00,0.00,0,0,0.00,0.00,0.00,0,0,0.00,0.00,0,0
1508091709,s1-eth2,12150.00,260408.00,272558.00,260408,12150,157.00,172.00,329.00,172,157,0.00,0.00,0,0
1508091709,s1-eth1,249810.00,12150.00,261960.00,12150,249810,165.00,157.00,322.00,157,165,0.00,0.00,0,0
1508091709,s2-eth2,2812.00,71158.00,73970.00,71158,2812,36.00,47.00,83.00,47,36,0.00,0.00,0,0
1508091709,s2-eth1,60560.00,2812.00,63372.00,2812,60560,40.00,36.00,76.00,36,40,0.00,0.00,0,0
1508091709,lo,0.00,0.00,0.00,0,0,0.00,0.00,0.00,0,0,0.00,0.00,0,0
1508091709,total,325332.00,346528.00,671860.00,346528,325332,398.00,412.00,810.00,412,398,0.00,0.00,0,0
1508091710,s1,0.00,0.00,0.00,0,0,0.00,0.00,0.00,0,0,0.00,0.00,0,0
1508091710,eth0,0.00,0.00,0.00,0,0,0.00,0.00,0.00,0,0,0.00,0.00,0,0
1508091710,eth1,0.00,0.00,0.00,0,0,0.00,0.00,0.00,0,0,0.00,0.00,0,0
1508091710,s2,0.00,0.00,0.00,0,0,0.00,0.00,0.00,0,0,0.00,0.00,0,0
1508091710,s1-eth2,12283.00,258894.00,271177.00,258894,12283,161.00,171.00,332.00,171,161,0.00,0.00,0,0
1508091710,s1-eth1,249917.00,12176.00,262093.00,12176,249917,166.00,160.00,326.00,160,166,0.00,0.00,0,0
1508091710,s2-eth2,3397.00,75700.00,79097.00,75700,3397,44.00,50.00,94.00,50,44,0.00,0.00,0,0
1508091710,s2-eth1,78835.00,3290.00,82125.00,3290,78835,53.00,43.00,96.00,43,53,0.00,0.00,0,0
1508091710,lo,172.00,172.00,344.00,172,172,3.00,3.00,6.00,3,3,0.00,0.00,0,0
1508091710,total,344604.00,350232.00,694836.00,350232,344604,427.00,427.00,854.00,427,427,0.00,0.00,0,0
1508091711,s1,0.00,0.00,0.00,0,0,0.00,0.00,0.00,0,0,0.00,0.00,0,0
1508091711,eth0,0.00,0.00,0.00,0,0,0.00,0.00,0.00,0,0,0.00,0.00,0,0
1508091711,eth1,0.00,0.00,0.00,0,0,0.00,0.00,0.00,0,0,0.00,0.00,0,0
1508091711,s2,0.00,0.00,0.00,0,0,0.00,0.00,0.00,0,0,0.00,0.00,0,0
1508091711,s1-eth2,12113.89,252585.42,264699.31,252838,12126,158.84,166.83,325.67,167,159,0.00,0.00,0,0
1508091711,s1-eth1,249560.45,12199.80,261760.25,12212,249810,164.84,159.84,324.68,160,165,0.00,0.00,0,0
1508091711,s2-eth2,2803.20,55962.04,58765.24,56018,2806,34.97,36.96,71.93,37,35,0.00,0.00,0,0
1508091711,s2-eth1,54449.55,2803.20,57252.75,2806,54504,35.96,34.97,70.93,35,36,0.00,0.00,0,0
1508091711,lo,0.00,0.00,0.00,0,0,0.00,0.00,0.00,0,0,0.00,0.00,0,0
1508091711,total,318927.09,323550.47,642477.56,323874,319246,394.61,398.60,793.21,399,395,0.00,0.00,0,0
1508091712,s1,0.00,0.00,0.00,0,0,0.00,0.00,0.00,0,0,0.00,0.00,0,0
1508091712,eth0,0.00,0.00,0.00,0,0,0.00,0.00,0.00,0,0,0.00,0.00,0,0
1508091712,eth1,0.00,0.00,0.00,0,0,0.00,0.00,0.00,0,0,0.00,0.00,0,0
1508091712,s2,0.00,0.00,0.00,0,0,0.00,0.00,0.00,0,0,0.00,0.00,0,0
1508091712,s1-eth2,12044.00,242634.00,254678.00,242634,12044,160.00,161.00,321.00,161,160,0.00,0.00,0,0
1508091712,s1-eth1,248690.00,11958.00,260648.00,11958,248690,165.00,159.00,324.00,159,165,0.00,0.00,0,0
1508091712,s2-eth2,2100.00,45420.00,47520.00,45420,2100,26.00,30.00,56.00,30,26,0.00,0.00,0,0
1508091712,s2-eth1,42392.00,2100.00,44492.00,2100,42392,28.00,26.00,54.00,26,28,0.00,0.00,0,0
1508091712,lo,172.00,172.00,344.00,172,172,3.00,3.00,6.00,3,3,0.00,0.00,0,0
1508091712,total,305398.00,302284.00,607682.00,302284,305398,382.00,379.00,761.00,379,382,0.00,0.00,0,0
1508091713,s1,0.00,0.00,0.00,0,0,0.00,0.00,0.00,0,0,0.00,0.00,0,0
1508091713,eth0,0.00,0.00,0.00,0,0,0.00,0.00,0.00,0,0,0.00,0.00,0,0
1508091713,eth1,0.00,0.00,0.00,0,0,0.00,0.00,0.00,0,0,0.00,0.00,0,0
1508091713,s2,0.00,0.00,0.00,0,0,0.00,0.00,0.00,0,0,0.00,0.00,0,0
1508091713,s1-eth2,160.00,222.00,382.00,222,160,2.00,3.00,5.00,3,2,0.00,0.00,0,0
1508091713,s1-eth1,222.00,160.00,382.00,160,222,3.00,2.00,5.00,2,3,0.00,0.00,0,0
1508091713,s2-eth2,394.00,148.00,542.00,148,394,5.00,2.00,7.00,2,5,0.00,0.00,0,0
1508091713,s2-eth1,1662.00,394.00,2056.00,394,1662,3.00,5.00,8.00,5,3,0.00,0.00,0,0
1508091713,lo,0.00,0.00,0.00,0,0,0.00,0.00,0.00,0,0,0.00,0.00,0,0
1508091713,total,2438.00,924.00,3362.00,924,2438,13.00,12.00,25.00,12,13,0.00,0.00,0,0
1508091714,s1,0.00,0.00,0.00,0,0,0.00,0.00,0.00,0,0,0.00,0.00,0,0
1508091714,eth0,0.00,0.00,0.00,0,0,0.00,0.00,0.00,0,0,0.00,0.00,0,0
1508091714,eth1,0.00,0.00,0.00,0,0,0.00,0.00,0.00,0,0,0.00,0.00,0,0
1508091714,s2,0.00,0.00,0.00,0,0,0.00,0.00,0.00,0,0,0.00,0.00,0,0
1508091714,s1-eth2,0.00,0.00,0.00,0,0,0.00,0.00,0.00,0,0,0.00,0.00,0,0
1508091714,s1-eth1,341.66,0.00,341.66,0,342,1.00,0.00,1.00,0,1,0.00,0.00,0,0
1508091714,s2-eth2,0.00,0.00,0.00,0,0,0.00,0.00,0.00,0,0,0.00,0.00,0,0
1508091714,s2-eth1,341.66,0.00,341.66,0,342,1.00,0.00,1.00,0,1,0.00,0.00,0,0
1508091714,lo,0.00,0.00,0.00,0,0,0.00,0.00,0.00,0,0,0.00,0.00,0,0
1508091714,total,683.32,0.00,683.32,0,684,2.00,0.00,2.00,0,2,0.00,0.00,0,0
1508091715,s1,0.00,0.00,0.00,0,0,0.00,0.00,0.00,0,0,0.00,0.00,0,0
1508091715,eth0,0.00,0.00,0.00,0,0,0.00,0.00,0.00,0,0,0.00,0.00,0,0
1508091715,eth1,0.00,0.00,0.00,0,0,0.00,0.00,0.00,0,0,0.00,0.00,0,0
1508091715,s2,0.00,0.00,0.00,0,0,0.00,0.00,0.00,0,0,0.00,0.00,0,0
1508091715,s1-eth2,0.00,0.00,0.00,0,0,0.00,0.00,0.00,0,0,0.00,0.00,0,0
1508091715,s1-eth1,0.00,0.00,0.00,0,0,0.00,0.00,0.00,0,0,0.00,0.00,0,0
1508091715,s2-eth2,0.00,0.00,0.00,0,0,0.00,0.00,0.00,0,0,0.00,0.00,0,0
1508091715,s2-eth1,0.00,0.00,0.00,0,0,0.00,0.00,0.00,0,0,0.00,0.00,0,0
1508091715,lo,172.00,172.