1508090908,s1,0.00,0.00,0.00,0,0,0.00,0.00,0.00,0,0,0.00,0.00,0,0
1508090908,eth0,0.00,0.00,0.00,0,0,0.00,0.00,0.00,0,0,0.00,0.00,0,0
1508090908,eth1,0.00,0.00,0.00,0,0,0.00,0.00,0.00,0,0,0.00,0.00,0,0
1508090908,s2,0.00,0.00,0.00,0,0,0.00,0.00,0.00,0,0,0.00,0.00,0,0
1508090908,s1-eth2,0.00,0.00,0.00,0,0,0.00,0.00,0.00,0,0,0.00,0.00,0,0
1508090908,s1-eth1,0.00,0.00,0.00,0,0,0.00,0.00,0.00,0,0,0.00,0.00,0,0
1508090908,s2-eth2,0.00,0.00,0.00,0,0,0.00,0.00,0.00,0,0,0.00,0.00,0,0
1508090908,s2-eth1,0.00,0.00,0.00,0,0,0.00,0.00,0.00,0,0,0.00,0.00,0,0
1508090908,lo,0.00,0.00,0.00,0,0,0.00,0.00,0.00,0,0,0.00,0.00,0,0
1508090908,total,0.00,0.00,0.00,0,0,0.00,0.00,0.00,0,0,0.00,0.00,0,0
1508090909,s1,160.00,340.00,500.00,340,160,2.00,4.00,6.00,4,2,0.00,0.00,0,0
1508090909,eth0,760.00,1225.00,1985.00,1225,760,10.00,10.00,20.00,10,10,0.00,0.00,0,0
1508090909,eth1,0.00,0.00,0.00,0,0,0.00,0.00,0.00,0,0,0.00,0.00,0,0
1508090909,s2,160.00,250.00,410.00,250,160,2.00,3.00,5.00,3,2,0.00,0.00,0,0
1508090909,s1-eth2,2099.00,90.00,2189.00,90,2099,14.00,1.00,15.00,1,14,0.00,0.00,0,0
1508090909,s1-eth1,1749.00,250.00,1999.00,250,1749,11.00,3.00,14.00,3,11,0.00,0.00,0,0
1508090909,s2-eth2,1409.00,90.00,1499.00,90,1409,12.00,1.00,13.00,1,12,0.00,0.00,0,0
1508090909,s2-eth1,1811.00,160.00,1971.00,160,1811,11.00,2.00,13.00,2,11,0.00,0.00,0,0
1508090909,lo,4793.00,4793.00,9586.00,4793,4793,53.00,53.00,106.00,53,53,0.00,0.00,0,0
1508090909,total,12941.00,7198.00,20139.00,7198,12941,115.00,77.00,192.00,77,115,0.00,0.00,0,0
1508090910,s1,89.91,0.00,89.91,0,90,1.00,0.00,1.00,0,1,0.00,0.00,0,0
1508090910,eth0,151.85,244.76,396.60,245,152,2.00,2.00,4.00,2,2,0.00,0.00,0,0
1508090910,eth1,0.00,0.00,0.00,0,0,0.00,0.00,0.00,0,0,0.00,0.00,0,0
1508090910,s2,89.91,89.91,179.82,90,90,1.00,1.00,2.00,1,1,0.00,0.00,0,0
1508090910,s1-eth2,1221.78,0.00,1221.78,0,1223,5.99,0.00,5.99,0,6,0.00,0.00,0,0
1508090910,s1-eth1,1224.78,0.00,1224.78,0,1226,5.99,0.00,5.99,0,6,0.00,0.00,0,0
1508090910,s2-eth2,1644.36,0.00,1644.36,0,1646,6.99,0.00,6.99,0,7,0.00,0.00,0,0
1508090910,s2-eth1,1024.98,89.91,1114.89,90,1026,4.00,1.00,5.00,1,4,0.00,0.00,0,0
1508090910,lo,1203.80,1203.80,2407.59,1205,1205,12.99,12.99,25.97,13,13,0.00,0.00,0,0
1508090910,total,6651.35,1628.37,8279.72,1630,6658,39.96,16.98,56.94,17,40,0.00,0.00,0,0
1508090911,s1,0.00,0.00,0.00,0,0,0.00,0.00,0.00,0,0,0.00,0.00,0,0
1508090911,eth0,0.00,0.00,0.00,0,0,0.00,0.00,0.00,0,0,0.00,0.00,0,0
1508090911,eth1,0.00,0.00,0.00,0,0,0.00,0.00,0.00,0,0,0.00,0.00,0,0
1508090911,s2,0.00,0.00,0.00,0,0,0.00,0.00,0.00,0,0,0.00,0.00,0,0
1508090911,s1-eth2,327.00,0.00,327.00,0,327,1.00,0.00,1.00,0,1,0.00,0.00,0,0
1508090911,s1-eth1,327.00,0.00,327.00,0,327,1.00,0.00,1.00,0,1,0.00,0.00,0,0
1508090911,s2-eth2,594.00,0.00,594.00,0,594,2.00,0.00,2.00,0,2,0.00,0.00,0,0
1508090911,s2-eth1,107.00,0.00,107.00,0,107,1.00,0.00,1.00,0,1,0.00,0.00,0,0
1508090911,lo,0.00,0.00,0.00,0,0,0.00,0.00,0.00,0,0,0.00,0.00,0,0
1508090911,total,1355.00,0.00,1355.00,0,1355,5.00,0.00,5.00,0,5,0.00,0.00,0,0
1508090912,s1,0.00,69.93,69.93,70,0,0.00,1.00,1.00,1,0,0.00,0.00,0,0
1508090912,eth0,0.00,0.00,0.00,0,0,0.00,0.00,0.00,0,0,0.00,0.00,0,0
1508090912,eth1,0.00,0.00,0.00,0,0,0.00,0.00,0.00,0,0,0.00,0.00,0,0
1508090912,s2,0.00,69.93,69.93,70,0,0.00,1.00,1.00,1,0,0.00,0.00,0,0
1508090912,s1-eth2,415.58,111.89,527.47,112,416,3.00,2.00,5.00,2,3,0.00,0.00,0,0
1508090912,s1-eth1,218.78,41.96,260.74,42,219,3.00,1.00,4.00,1,3,0.00,0.00,0,0
1508090912,s2-eth2,106.89,69.93,176.82,70,107,1.00,1.00,2.00,1,1,0.00,0.00,0,0
1508090912,s2-eth1,336.66,0.00,336.66,0,337,2.00,0.00,2.00,0,2,0.00,0.00,0,0
1508090912,lo,1022.98,1022.98,2045.95,1024,1024,9.99,9.99,19.98,10,10,0.00,0.00,0,0
1508090912,total,2100.90,1386.61,3487.51,1388,2103,18.98,15.98,34.97,16,19,0.00,0.00,0,0
1508090913,s1,70.00,70.00,140.00,70,70,1.00,1.00,2.00,1,1,0.00,0.00,0,0
1508090913,eth0,0.00,0.00,0.00,0,0,0.00,0.00,0.00,0,0,0.00,0.00,0,0
1508090913,eth1,0.00,0.00,0.00,0,0,0.00,0.00,0.00,0,0,0.00,0.00,0,0
1508090913,s2,70.00,70.00,140.00,70,70,1.00,1.00,2.00,1,1,0.00,0.00,0,0
1508090913,s1-eth2,537.00,0.00,537.00,0,537,4.00,0.00,4.00,0,4,0.00,0.00,0,0
1508090913,s1-eth1,734.00,70.00,804.00,70,734,4.00,1.00,5.00,1,4,0.00,0.00,0,0
1508090913,s2-eth2,1146.00,0.00,1146.00,0,1146,6.00,0.00,6.00,0,6,0.00,0.00,0,0
1508090913,s2-eth1,467.00,70.00,537.00,70,467,3.00,1.00,4.00,1,3,0.00,0.00,0,0
1508090913,lo,1124.00,1124.00,2248.00,1124,1124,13.00,13.00,26.00,13,13,0.00,0.00,0,0
1508090913,total,4148.00,1404.00,5552.00,1404,4148,32.00,17.00,49.00,17,32,0.00,0.00,0,0
1508090914,s1,0.00,0.00,0.00,0,0,0.00,0.00,0.00,0,0,0.00,0.00,0,0
1508090914,eth0,0.00,0.00,0.00,0,0,0.00,0.00,0.00,0,0,0.00,0.00,0,0
1508090914,eth1,0.00,0.00,0.00,0,0,0.00,0.00,0.00,0,0,0.00,0.00,0,0
1508090914,s2,0.00,0.00,0.00,0,0,0.00,0.00,0.00,0,0,0.00,0.00,0,0
1508090914,s1-eth2,0.00,0.00,0.00,0,0,0.00,0.00,0.00,0,0,0.00,0.00,0,0
1508090914,s1-eth1,0.00,0.00,0.00,0,0,0.00,0.00,0.00,0,0,0.00,0.00,0,0
1508090914,s2-eth2,0.00,0.00,0.00,0,0,0.00,0.00,0.00,0,0,0.00,0.00,0,0
1508090914,s2-eth1,0.00,0.00,0.00,0,0,0.00,0.00,0.00,0,0,0.00,0.00,0,0
1508090914,lo,0.00,0.00,0.00,0,0,0.00,0.00,0.00,0,0,0.00,0.00,0,0
1508090914,total,0.00,0.00,0.00,0,0,0.00,0.00,0.00,0,0,0.00,0.00,0,0
1508090915,s1,0.00,0.00,0.00,0,0,0.00,0.00,0.00,0,0,0.00,0.00,0,0
1508090915,eth0,0.00,0.00,0.00,0,0,0.00,0.00,0.00,0,0,0.00,0.00,0,0
1508090915,eth1,0.00,0.00,0.00,0,0,0.00,0.00,0.00,0,0,0.00,0.00,0,0
1508090915,s2,0.00,0.00,0.00,0,0,0.00,0.00,0.00,0,0,0.00,0.00,0,0
1508090915,s1-eth2,0.00,0.00,0.00,0,0,0.00,0.00,0.00,0,0,0.00,0.00,0,0
1508090915,s1-eth1,0.00,0.00,0.00,0,0,0.00,0.00,0.00,0,0,0.00,0.00,0,0
1508090915,s2-eth2,0.00,0.00,0.00,0,0,0.00,0.00,0.00,0,0,0.00,0.00,0,0
1508090915,s2-eth1,107.00,0.00,107.00,0,107,1.00,0.00,1.00,0,1,0.00,0.00,0,0
1508090915,lo,0.00,0.00,0.00,0,0,0.00,0.00,0.00,0,0,0.00,0.00,0,0
1508090915,total,107.00,0.00,107.00,0,107,1.00,0.00,1.00,0,1,0.00,0.00,0,0
1508090916,s1,0.00,69.93,69.93,70,0,0.00,1.00,1.00,1,0,0.00,0.00,0,0
1508090916,eth0,0.00,0.00,0.00,0,0,0.00,0.00,0.00,0,0,0.00,0.00,0,0
1508090916,eth1,0.00,0.00,0.00,0,0,0.00,0.00,0.00,0,0,0.00,0.00,0,0
1508090916,s2,0.00,69.93,69.93,70,0,0.00,1.00,1.00,1,0,0.00,0.00,0,0
1508090916,s1-eth2,106.89,69.93,176.82,70,107,1.00,1.00,2.00,1,1,0.00,0.00,0,0
1508090916,s1-eth1,518.48,0.00,518.48,0,519,3.00,0.00,3.00,0,3,0.00,0.00,0,0
1508090916,s2-eth2,106.89,69.93,176.82,70,107,1.00,1.00,2.00,1,1,0.00,0.00,0,0
1508090916,s2-eth1,69.93,0.00,69.93,0,70,1.00,0.00,1.00,0,1,0.00,0.00,0,0
1508090916,lo,535.46,535.46,1070.93,536,536,5.99,5.99,11.99,6,6,0.00,0.00,0,0
1508090916,total,1337.66,815.18,2152.85,816,1339,11.99,9.99,21.98,10,12,0.00,0.00,0,0
1508090917,s1,69.93,69.93,139.86,70,70,1.00,1.00,2.00,1,1,0.00,0.00,0,0
1508090917,eth0,0.00,0.00,0.00,0,0,0.00,0.00,0.00,0,0,0.00,0.00,0,0
1508090917,eth1,0.00,0.00,0.00,0,0,0.00,0.00,0.00,0,0,0.00,0.00,0,0
1508090917,s2,69.93,69.93,139.86,70,70,1.00,1.00,2.00,1,1,0.00,0.00,0,0
1508090917,s1-eth2,209.79,0.00,209.79,0,210,3.00,0.00,3.00,0,3,0.00,0.00,0,0
1508090917,s1-eth1,139.86,69.93,209.79,70,140,2.00,1.00,3.00,1,2,0.00,0.00,0,0
1508090917,s2-eth2,209.79,0.00,209.79,0,210,3.00,0.00,3.00,0,3,0.00,0.00,0,0
1508090917,s2-eth1,481.52,69.93,551.45,70,482,3.00,1.00,4.00,1,3,0.00,0.00,0,0
1508090917,lo,1070.93,1070.93,2141.86,1072,1072,11.99,11.99,23.98,12,12,0.00,0.00,0,0
1508090917,total,2251.75,1350.65,3602.40,1352,2254,24.98,15.98,40.96,16,25,0.00,0.00,0,0
1508090918,s1,0.00,0.00,0.00,0,0,0.00,0.00,0.00,0,0,0.00,0.00,0,0
1508090918,eth0,0.00,0.00,0.00,0,0,0.00,0.00,0.00,0,0,0.00,0.00,0,0
1508090918,eth1,0.00,0.00,0.00,0,0,0.00,0.00,0.00,0,0,0.00,0.00,0,0
1508090918,s2,0.00,0.00,0.00,0,0,0.00,0.00,0.00,0,0,0.00,0.00,0,0
1508090918,s1-eth2,341.66,0.00,341.66,0,342,1.00,0.00,1.00,0,1,0.00,0.00,0,0
1508090918,s1-eth1,0.00,0.00,0.00,0,0,0.00,0.00,0.00,0,0,0.00,0.00,0,0
1508090918,s2-eth2,0.00,0.00,0.00,0,0,0.00,0.00,0.00,0,0,0.00,0.00,0,0
1508090918,s2-eth1,0.00,0.00,0.00,0,0,0.00,0.00,0.00,0,0,0.00,0.00,0,0
1508090918,lo,0.00,0.00,0.00,0,0,0.00,0.00,0.00,0,0,0.00,0.00,0,0
1508090918,total,341.66,0.00,341.66,0,342,1.00,0.00,1.00,0,1,0.00,0.00,0,0
1508090919,s1,0.00,0.00,0.00,0,0,0.00,0.00,0.00,0,0,0.00,0.00,0,0
1508090919,eth0,0.00,0.00,0.00,0,0,0.00,0.00,0.00,0,0,0.00,0.00,0,0
1508090919,eth1,0.00,0.00,0.00,0,0,0.00,0.00,0.00,0,0,0.00,0.00,0,0
1508090919,s2,0.00,0.00,0.00,0,0,0.00,0.00,0.00,0,0,0.00,0.00,0,0
1508090919,s1-eth2,0.00,0.00,0.00,0,0,0.00,0.00,0.00,0,0,0.00,0.00,0,0
1508090919,s1-eth1,0.00,0.00,0.00,0,0,0.00,0.00,0.00,0,0,0.00,0.00,0,0
1508090919,s2-eth2,0.00,0.00,0.00,0,0,0.00,0.00,0.00,0,0,0.00,0.00,0,0
1508090919,s2-eth1,0.00,0.00,0.00,0,0,0.00,0.00,0.00,0,0,0.00,0.00,0,0
1508090919,lo,0.00,0.00,0.00,0,0,0.00,0.00,0.00,0,0,0.00,0.00,0,0
1508090919,total,0.00,0.00,0.00,0,0,0.00,0.00,0.00,0,0,0.00,0.00,0,0
1508090920,s1,0.00,0.00,0.00,0,0,0.00,0.00,0.00,0,0,0.00,0.00,0,0
1508090920,eth0,0.00,0.00,0.00,0,0,0.00,0.00,0.00,0,0,0.00,0.00,0,0
1508090920,eth1,0.00,0.00,0.00,0,0,0.00,0.00,0.00,0,0,0.00,0.00,0,0
1508090920,s2,0.00,0.00,0.00,0,0,0.00,0.00,0.00,0,0,0.00,0.00,0,0
1508090920,s1-eth2,0.00,0.00,0.00,0,0,0.00,0.00,0.00,0,0,0.00,0.00,0,0
1508090920,s1-eth1,0.00,0.00,0.00,0,0,0.00,0.00,0.00,0,0,0.00,0.00,0,0
1508090920,s2-eth2,0.00,0.00,0.00,0,0,0.00,0.00,0.00,0,0,0.00,0.00,0,0
1508090920,s2-eth1,0.00,0.00,0.00,0,0,0.00,0.00,0.00,0,0,0.00,0.00,0,0
1508090920,lo,0.00,0.00,0.00,0,0,0.00,0.00,0.00,0,0,0.00,0.00,0,0
1508090920,total,0.00,0.00,0.00,0,0,0.00,0.00,0.00,0,0,0.00,0.00,0,0
1508090921,s1,0.00,0.00,0.00,0,0,0.00,0.00,0.00,0,0,0.00,0.00,0,0
1508090921,eth0,0.00,0.00,0.00,0,0,0.00,0.00,0.00,0,0,0.00,0.00,0,0
1508090921,eth1,0.00,0.00,0.00,0,0,0.00,0.00,0.00,0,0,0.00,0.00,0,0
1508090921,s2,0.00,0.00,0.00,0,0,0.00,0.00,0.00,0,0,0.00,0.00,0,0
1508090921,s1-eth2,0.00,0.00,0.00,0,0,0.00,0.00,0.00,0,0,0.00,0.00,0,0
1508090921,s1-eth1,0.00,0.00,0.00,0,0,0.00,0.00,0.00,0,0,0.00,0.00,0,0
1508090921,s2-eth2,342.00,0.00,342.00,0,342,1.00,0.00,1.00,0,1,0.00,0.00,0,0
1508090921,s2-eth1,0.00,0.00,0.00,0,0,0.00,0.00,0.00,0,0,0.00,0.00,0,0
1508090921,lo,344.00,344.00,688.00,344,344,6.00,6.00,12.00,6,6,0.00,0.00,0,0
1508090921,total,686.00,344.00,1030.00,344,686,7.00,6.00,13.00,6,7,0.00,0.00,0,0
1508090922,s1,0.00,0.00,0.00,0,0,0.00,0.00,0.00,0,0,0.00,0.00,0,0
1508090922,eth0,0.00,0.00,0.00,0,0,0.00,0.00,0.00,0,0,0.00,0.00,0,0
1508090922,eth1,0.00,0.00,0.00,0,0,0.00,0.00,0.00,0,0,0.00,0.00,0,0
1508090922,s2,0.00,0.00,0.00,0,0,0.00,0.00,0.00,0,0,0.00,0.00,0,0
1508090922,s1-eth2,0.00,0.00,0.00,0,0,0.00,0.00,0.00,0,0,0.00,0.00,0,0
1508090922,s1-eth1,0.00,0.00,0.00,0,0,0.00,0.00,0.00,0,0,0.00,0.00,0,0
1508090922,s2-eth2,0.00,0.00,0.00,0,0,0.00,0.00,0.00,0,0,0.00,0.00,0,0
1508090922,s2-eth1,0.00,0.00,0.00,0,0,0.00,0.00,0.00,0,0,0.00,0.00,0,0
1508090922,lo,0.00,0.00,0.00,0,0,0.00,0.00,0.00,0,0,0.00,0.00,0,0
1508090922,total,0.00,0.00,0.00,0,0,0.00,0.00,0.00,0,0,0.00,0.00,0,0
1508090923,s1,0.00,0.00,0.00,0,0,0.00,0.00,0.00,0,0,0.00,0.00,0,0
1508090923,eth0,0.00,0.00,0.00,0,0,0.00,0.00,0.00,0,0,0.00,0.00,0,0
1508090923,eth1,0.00,0.00,0.00,0,0,0.00,0.00,0.00,0,0,0.00,0.00,0,0
1508090923,s2,0.00,0.00,0.00,0,0,0.00,0.00,0.00,0,0,0.00,0.00,0,0
1508090923,s1-eth2,0.00,0.00,0.00,0,0,0.00,0.00,0.00,0,0,0.00,0.00,0,0
1508090923,s1-eth1,0.00,0.00,0.00,0,0,0.00,0.00,0.00,0,0,0.00,0.00,0,0
1508090923,s2-eth2,0.00,0.00,0.00,0,0,0.00,0.00,0.00,0,0,0.00,0.00,0,0
1508090923,s2-eth1,106.89,0.00,106.89,0,107,1.00,0.00,1.00,0,1,0.00,0.00,0,0
1508090923,lo,0.00,0.00,0.00,0,0,0.00,0.00,0.00,0,0,0.00,0.00,0,0
1508090923,total,106.89,0.00,106.89,0,107,1.00,0.00,1.00,0,1,0.00,0.00,0,0
1508090924,s1,0.00,0.00,0.00,0,0,0.00,0.00,0.00,0,0,0.00,0.00,0,0
1508090924,eth0,0.00,0.00,0.00,0,0,0.00,0.00,0.00,0,0,0.00,0.00,0,0
1508090924,eth1,0.00,0.00,0.00,0,0,0.00,0.00,0.00,0,0,0.00,0.00,0,0
1508090924,s2,0.00,0.00,0.00,0,0,0.00,0.00,0.00,0,0,0.00,0.00,0,0
1508090924,s1-eth2,106.89,0.00,106.89,0,107,1.00,0.00,1.00,0,1,0.00,0.00,0,0
1508090924,s1-eth1,106.89,0.00,106.89,0,107,1.00,0.00,1.00,0,1,0.00,0.00,0,0
1508090924,s2-eth2,106.89,0.00,106.89,0,107,1.00,0.00,1.00,0,1,0.00,0.00,0,0
1508090924,s2-eth1,0.00,0.00,0.00,0,0,0.00,0.00,0.00,0,0,0.00,0.00,0,0
1508090924,lo,0.00,0.00,0.00,0,0,0.00,0.00,0.00,0,0,0.00,0.00,0,0
1508090924,total,320.68,0.00,320.68,0,321,3.00,0.00,3.00,0,3,0.00,0.00,0,0
1508090925,s1,0.00,0.00,0.00,0,0,0.00,0.00,0.00,0,0,0.00,0.00,0,0
1508090925,eth0,0.00,0.00,0.00,0,0,0.00,0.00,0.00,0,0,0.00,0.00,0,0
1508090925,eth1,0.00,0.00,0.00,0,0,0.00,0.00,0.00,0,0,0.00,0.00,0,0
1508090925,s2,0.00,0.00,0.00,0,0,0.00,0.00,0.00,0,0,0.00,0.00,0,0
1508090925,s1-eth2,0.00,0.00,0.00,0,0,0.00,0.00,0.00,0,0,0.00,0.00,0,0
1508090925,s1-eth1,0.00,0.00,0.00,0,0,0.00,0.00,0.00,0,0,0.00,0.00,0,0
1508090925,s2-eth2,0.00,0.00,0.00,0,0,0.00,0.00,0.00,0,0,0.00,0.00,0,0
1508090925,s2-eth1,342.00,0.00,342.00,0,342,1.00,0.00,1.00,0,1,0.00,0.00,0,0
1508090925,lo,0.00,0.00,0.00,0,0,0.00,0.00,0.00,0,0,0.00,0.00,0,0
1508090925,total,342.00,0.00,342.00,0,342,1.00,0.00,1.00,0,1,0.00,0.00,0,0
1508090926,s1,0.00,0.00,0.00,0,0,0.00,0.00,0.00,0,0,0.00,0.00,0,0
1508090926,eth0,0.00,0.00,0.00,0,0,0.00,0.00,0.00,0,0,0.00,0.00,0,0
1508090926,eth1,0.00,0.00,0.00,0,0,0.00,0.00,0.00,0,0,0.00,0.00,0,0
1508090926,s2,0.00,0.00,0.00,0,0,0.00,0.00,0.00,0,0,0.00,0.00,0,0
1508090926,s1-eth2,0.00,0.00,0.00,0,0,0.00,0.00,0.00,0,0,0.00,0.00,0,0
1508090926,s1-eth1,0.00,0.00,0.00,0,0,0.00,0.00,0.00,0,0,0.00,0.00,0,0
1508090926,s2-eth2,0.00,0.00,0.00,0,0,0.00,0.00,0.00,0,0,0.00,0.00,0,0
1508090926,s2-eth1,0.00,0.00,0.00,0,0,0.00,0.00,0.00,0,0,0.00,0.00,0,0
1508090926,lo,344.00,344.00,688.00,344,344,6.00,6.00,12.00,6,6,0.00,0.00,0,0
1508090926,total,344.00,344.00,688.00,344,344,6.00,6.00,12.00,6,6,0.00,0.00,0,0
1508090927,s1,0.00,0.00,0.00,0,0,0.00,0.00,0.00,0,0,0.00,0.00,0,0
1508090927,eth0,0.00,0.00,0.00,0,0,0.00,0.00,0.00,0,0,0.00,0.00,0,0
1508090927,eth1,0.00,0.00,0.00,0,0,0.00,0.00,0.00,0,0,0.00,0.00,0,0
1508090927,s2,0.00,0.00,0.00,0,0,0.00,0.00,0.00,0,0,0.00,0.00,0,0
1508090927,s1-eth2,0.00,0.00,0.00,0,0,0.00,0.00,0.00,0,0,0.00,0.00,0,0
1508090927,s1-eth1,0.00,0.00,0.00,0,0,0.00,0.00,0.00,0,0,0.00,0.00,0,0
1508090927,s2-eth2,0.00,0.00,0.00,0,0,0.00,0.00,0.00,0,0,0.00,0.00,0,0
1508090927,s2-eth1,0.00,0.00,0.00,0,0,0.00,0.00,0.00,0,0,0.00,0.00,0,0
1508090927,lo,0.00,0.00,0.00,0,0,0.00,0.00,0.00,0,0,0.00,0.00,0,0
1508090927,total,0.00,0.00,0.00,0,0,0.00,0.00,0.00,0,0,0.00,0.00,0,0
1508090928,s1,0.00,42.00,42.00,42,0,0.00,1.00,1.00,1,0,0.00,0.00,0,0
1508090928,eth0,0.00,0.00,0.00,0,0,0.00,0.00,0.00,0,0,0.00,0.00,0,0
1508090928,eth1,0.00,0.00,0.00,0,0,0.00,0.00,0.00,0,0,0.00,0.00,0,0
1508090928,s2,0.00,84.00,84.00,84,0,0.00,2.00,2.00,2,0,0.00,0.00,0,0
1508090928,s1-eth2,12146.00,252234.00,264380.00,252234,12146,153.00,177.00,330.00,177,153,0.00,0.00,0,0
1508090928,s1-eth1,231380.00,12146.00,243526.00,12146,231380,164.00,153.00,317.00,153,164,0.00,0.00,0,0
1508090928,s2-eth2,1028.00,27512.00,28540.00,27512,1028,12.00,22.00,34.00,22,12,0.00,0.00,0,0
1508090928,s2-eth1,24484.00,1028.00,25512.00,1028,24484,20.00,12.00,32.00,12,20,0.00,0.00,0,0
1508090928,lo,4684.00,4684.00,9368.00,4684,4684,41.00,41.00,82.00,41,41,0.00,0.00,0,0
1508090928,total,273722.00,297730.00,571452.00,297730,273722,390.00,408.00,798.00,408,390,0.00,0.00,0,0
1508090929,s1,0.00,42.00,42.00,42,0,0.00,1.00,1.00,1,0,0.00,0.00,0,0
1508090929,eth0,0.00,0.00,0.00,0,0,0.00,0.00,0.00,0,0,0.00,0.00,0,0
1508090929,eth1,0.00,0.00,0.00,0,0,0.00,0.00,0.00,0,0,0.00,0.00,0,0
1508090929,s2,0.00,42.00,42.00,42,0,0.00,1.00,1.00,1,0,0.00,0.00,0,0
1508090929,s1-eth2,12152.00,248338.00,260490.00,248338,12152,156.00,165.00,321.00,165,156,0.00,0.00,0,0
1508090929,s1-eth1,249852.00,12152.00,262004.00,12152,249852,166.00,156.00,322.00,156,166,0.00,0.00,0,0
1508090929,s2-eth2,4350.00,95424.00,99774.00,95424,4350,57.00,64.00,121.00,64,57,0.00,0.00,0,0
1508090929,s2-eth1,81798.00,4350.00,86148.00,4350,81798,55.00,57.00,112.00,57,55,0.00,0.00,0,0
1508090929,lo,480.00,480.00,960.00,480,480,6.00,6.00,12.00,6,6,0.00,0.00,0,0
1508090929,total,348632.00,360828.00,709460.00,360828,348632,440.00,450.00,890.00,450,440,0.00,0.00,0,0
1508090930,s1,0.00,42.00,42.00,42,0,0.00,1.00,1.00,1,0,0.00,0.00,0,0
1508090930,eth0,0.00,0.00,0.00,0,0,0.00,0.00,0.00,0,0,0.00,0.00,0,0
1508090930,eth1,0.00,0.00,0.00,0,0,0.00,0.00,0.00,0,0,0.00,0.00,0,0
1508090930,s2,0.00,42.00,42.00,42,0,0.00,1.00,1.00,1,0,0.00,0.00,0,0
1508090930,s1-eth2,12530.00,261964.00,274494.00,261964,12530,161.00,174.00,335.00,174,161,0.00,0.00,0,0
1508090930,s1-eth1,249852.00,12530.00,262382.00,12530,249852,166.00,161.00,327.00,161,166,0.00,0.00,0,0
1508090930,s2-eth2,3298.00,66658.00,69956.00,66658,3298,41.00,45.00,86.00,45,41,0.00,0.00,0,0
1508090930,s2-eth1,69644.00,3298.00,72942.00,3298,69644,46.00,41.00,87.00,41,46,0.00,0.00,0,0
1508090930,lo,480.00,480.00,960.00,480,480,6.00,6.00,12.00,6,6,0.00,0.00,0,0
1508090930,total,335804.00,345014.00,680818.00,345014,335804,420.00,429.00,849.00,429,420,0.00,0.00,0,0
1508090931,s1,0.00,42.00,42.00,42,0,0.00,1.00,1.00,1,0,0.00,0.00,0,0
1508090931,eth0,0.00,0.00,0.00,0,0,0.00,0.00,0.00,0,0,0.00,0.00,0,0
1508090931,eth1,0.00,0.00,0.00,0,0,0.00,0.00,0.00,0,0,0.00,0.00,0,0
1508090931,s2,0.00,42.00,42.00,42,0,0.00,1.00,1.00,1,0,0.00,0.00,0,0
1508090931,s1-eth2,11488.00,258936.00,270424.00,258936,11488,150.00,172.00,322.00,172,150,0.00,0.00,0,0
1508090931,s1-eth1,249852.00,11146.00,260998.00,11146,249852,166.00,149.00,315.00,149,166,0.00,0.00,0,0
1508090931,s2-eth2,1784.00,30322.00,32106.00,30322,1784,22.00,21.00,43.00,21,22,0.00,0.00,0,0
1508090931,s2-eth1,30322.00,1932.00,32254.00,1932,30322,21.00,24.00,45.00,24,21,0.00,0.00,0,0
1508090931,lo,480.00,480.00,960.00,480,480,6.00,6.00,12.00,6,6,0.00,0.00,0,0
1508090931,total,293926.00,302900.00,596826.00,302900,293926,365.00,374.00,739.00,374,365,0.00,0.00,0,0
1508090932,s1,0.00,42.00,42.00,42,0,0.00,1.00,1.00,1,0,0.00,0.00,0,0
1508090932,eth0,0.00,0.00,0.00,0,0,0.00,0.00,0.00,0,0,0.00,0.00,0,0
1508090932,eth1,0.00,0.00,0.00,0,0,0.00,0.00,0.00,0,0,0.00,0.00,0,0
1508090932,s2,0.00,42.00,42.00,42,0,0.00,1.00,1.00,1,0,0.00,0.00,0,0
1508090932,s1-eth2,10640.00,254394.00,265034.00,254394,10640,142.00,169.00,311.00,169,142,0.00,0.00,0,0
1508090932,s1-eth1,249852.00,10640.00,260492.00,10640,249852,166.00,142.00,308.00,142,166,0.00,0.00,0,0
1508090932,s2-eth2,1332.00,43948.00,45280.00,43948,1332,18.00,30.00,48.00,30,18,0.00,0.00,0,0
1508090932,s2-eth1,40920.00,1184.00,42104.00,1184,40920,28.00,16.00,44.00,16,28,0.00,0.00,0,0
1508090932,lo,480.00,480.00,960.00,480,480,6.00,6.00,12.00,6,6,0.00,0.00,0,0
1508090932,total,303224.00,310730.00,613954.00,310730,303224,360.00,365.00,725.00,365,360,0.00,0.00,0,0
1508090933,s1,0.00,42.00,42.00,42,0,0.00,1.00,1.00,1,0,0.00,0.00,0,0
1508090933,eth0,0.00,0.00,0.00,0,0,0.00,0.00,0.00,0,0,0.00,0.00,0,0
1508090933,eth1,0.00,0.00,0.00,0,0,0.00,0.00,0.00,0,0,0.00,0.00,0,0
1508090933,s2,0.00,42.00,42.00,42,0,0.00,1.00,1.00,1,0,0.00,0.00,0,0
1508090933,s1-eth2,11084.00,245310.00,256394.00,245310,11084,142.00,163.00,305.00,163,142,0.00,0.00,0,0
1508090933,s1-eth1,251366.00,11170.00,262536.00,11170,251366,167.00,143.00,310.00,143,167,0.00,0.00,0,0
1508090933,s2-eth2,2748.00,60602.00,63350.00,60602,2748,36.00,41.00,77.00,41,36,0.00,0.00,0,0
1508090933,s2-eth1,59088.00,2748.00,61836.00,2748,59088,40.00,36.00,76.00,36,40,0.00,0.00,0,0
1508090933,lo,480.00,480.00,960.00,480,480,6.00,6.00,12.00,6,6,0.00,0.00,0,0
1508090933,total,324766.00,320394.00,645160.00,320394,324766,391.00,391.00,782.00,391,391,0.00,0.00,0,0
1508090934,s1,0.00,0.00,0.00,0,0,0.00,0.00,0.00,0,0,0.00,0.00,0,0
1508090934,eth0,0.00,0.00,0.00,0,0,0.00,0.00,0.00,0,0,0.00,0.00,0,0
1508090934,eth1,0.00,0.00,0.00,0,0,0.00,0.00,0.00,0,0,0.00,0.00,0,0
1508090934,s2,0.00,0.00,0.00,0,0,0.00,0.00,0.00,0,0,0.00,0.00,0,0
1508090934,s1-eth2,12273.73,260147.86,272421.59,260408,12286,158.84,171.83,330.67,172,159,0.00,0.00,0,0
1508090934,s1-eth1,249560.45,12187.81,261748.27,12200,249810,164.84,157.84,322.68,158,165,0.00,0.00,0,0
1508090934,s2-eth2,2241.76,68061.94,70303.70,68130,2244,29.97,44.96,74.93,45,30,0.00,0.00,0,0
1508090934,s2-eth1,68061.94,2241.76,70303.70,2244,68130,44.96,29.97,74.93,30,45,0.00,0.00,0,0
1508090934,lo,0.00,0.00,0.00,0,0,0.00,0.00,0.00,0,0,0.00,0.00,0,0
1508090934,total,332137.88,342639.38,674777.25,342982,332470,398.60,404.60,803.20,405,399,0.00,0.00,0,0
1508090935,s1,0.00,0.00,0.00,0,0,0.00,0.00,0.00,0,0,0.00,0.00,0,0
1508090935,eth0,0.00,0.00,0.00,0,0,0.00,0.00,0.00,0,0,0.00,0.00,0,0
1508090935,eth1,0.00,0.00,0.00,0,0,0.00,0.00,0.00,0,0,0.00,0.00,0,0
1508090935,s2,0.00,0.00,0.00,0,0,0.00,0.00,0.00,0,0,0.00,0.00,0,0
1508090935,s1-eth2,12386.00,257380.00,269766.00,257380,12386,163.00,170.00,333.00,170,163,0.00,0.00,0,0
1508090935,s1-eth1,249810.00,12386.00,262196.00,12386,249810,165.00,163.00,328.00,163,165,0.00,0.00,0,0
1508090935,s2-eth2,2590.00,75700.00,78290.00,75700,2590,35.00,50.00,85.00,50,35,0.00,0.00,0,0
1508090935,s2-eth1,74186.00,2590.00,76776.00,2590,74186,49.00,35.00,84.00,35,49,0.00,0.00,0,0
1508090935,lo,0.00,0.00,0.00,0,0,0.00,0.00,0.00,0,0,0.00,0.00,0,0
1508090935,total,338972.00,348056.00,687028.00,348056,338972,412.00,418.00,830.00,418,412,0.00,0.00,0,0
1508090936,s1,0.00,0.00,0.00,0,0,0.00,0.00,0.00,0,0,0.00,0.00,0,0
1508090936,eth0,0.00,0.00,0.00,0,0,0.00,0.00,0.00,0,0,0.00,0.00,0,0
1508090936,eth1,0.00,0.00,0.00,0,0,0.00,0.00,0.00,0,0,0.00,0.00,0,0
1508090936,s2,0.00,0.00,0.00,0,0,0.00,0.00,0.00,0,0,0.00,0.00,0,0
1508090936,s1-eth2,12458.00,257380.00,269838.00,257380,12458,163.00,170.00,333.00,170,163,0.00,0.00,0,0
1508090936,s1-eth1,249810.00,12458.00,262268.00,12458,249810,165.00,163.00,328.00,163,165,0.00,0.00,0,0
1508090936,s2-eth2,4048.00,77214.00,81262.00,77214,4048,50.00,51.00,101.00,51,50,0.00,0.00,0,0
1508090936,s2-eth1,69644.00,4048.00,73692.00,4048,69644,46.00,50.00,96.00,50,46,0.00,0.00,0,0
1508090936,lo,0.00,0.00,0.00,0,0,0.00,0.00,0.00,0,0,0.00,0.00,0,0
1508090936,total,335960.00,351100.00,687060.00,351100,335960,424.00,434.00,858.00,434,424,0.00,0.00,0,0
1508090937,s1,0.00,0.00,0.00,0,0,0.00,0.00,0.00,0,0,0.00,0.00,0,0
1508090937,eth0,0.00,0.00,0.00,0,0,0.00,0.00,0.00,0,0,0.00,0.00,0,0
1508090937,eth1,0.00,0.00,0.00,0,0,0.00,0.00,0.00,0,0,0.00,0.00,0,0
1508090937,s2,0.00,0.00,0.00,0,0,0.00,0.00,0.00,0,0,0.00,0.00,0,0
1508090937,s1-eth2,12578.00,254352.00,266930.00,254352,12578,163.00,168.00,331.00,168,163,0.00,0.00,0,0
1508090937,s1-eth1,251324.00,12664.00,263988.00,12664,251324,166.00,164.00,330.00,164,166,0.00,0.00,0,0
1508090937,s2-eth2,2290.00,46934.00,49224.00,46934,2290,29.00,31.00,60.00,31,29,0.00,0.00,0,0
1508090937,s2-eth1,50304.00,2290.00,52594.00,2290,50304,34.00,29.00,63.00,29,34,0.00,0.00,0,0
1508090937,lo,344.00,344.00,688.00,344,344,6.00,6.00,12.00,6,6,0.00,0.00,0,0
1508090937,total,316840.00,316584.00,633424.00,316584,316840,398.00,398.00,796.00,398,398,0.00,0.00,0,0
1508090938,s1,0.00,0.00,0.00,0,0,0.00,0.00,0.00,0,0,0.00,0.00,0,0
1508090938,eth0,0.00,0.00,0.00,0,0,0.00,0.00,0.00,0,0,0.00,0.00,0,0
1508090938,eth1,0.00,0.00,0.00,0,0,0.00,0.00,0.00,0,0,0.00,0.00,0,0
1508090938,s2,0.00,0.00,0.00,0,0,0.00,0.00,0.00,0,0,0.00,0.00,0,0
1508090938,s1-eth2,12190.00,257380.00,269570.00,257380,12190,161.00,170.00,331.00,170,161,0.00,0.00,0,0
1508090938,s1-eth1,245268.00,12104.00,257372.00,12104,245268,162.00,160.00,322.00,160,162,0.00,0.00,0,0
1508090938,s2-eth2,2592.00,56060.00,58652.00,56060,2592,34.00,38.00,72.00,38,34,0.00,0.00,0,0
1508090938,s2-eth1,45462.00,2592.00,48054.00,2592,45462,31.00,34.00,65.00,34,31,0.00,0.00,0,0
1508090938,lo,592.00,592.00,1184.00,592,592,6.00,6.00,12.00,6,6,0.00,0.00,0,0
1508090938,total,306104.00,328728.00,634832.00,328728,306104,394.00,408.00,802.00,408,394,0.00,0.00,0,0
1508090939,s1,0.00,0.00,0.00,0,0,0.00,0.00,0.00,0,0,0.00,0.00,0,0
1508090939,eth0,0.00,0.00,0.00,0,0,0.00,0.00,0.00,0,0,0.00,0.00,0,0
1508090939,eth1,0.00,0.00,0.00,0,0,0.00,0.00,0.00,0,0,0.00,0.00,0,0
1508090939,s2,0.00,0.00,0.00,0,0,0.00,0.00,0.00,0,0,0.00,0.00,0,0
1508090939,s1-eth2,12092.00,257380.00,269472.00,257380,12092,160.00,170.00,330.00,170,160,0.00,0.00,0,0
1508090939,s1-eth1,249810.00,12092.00,261902.00,12092,249810,165.00,160.00,325.00,160,165,0.00,0.00,0,0
1508090939,s2-eth2,2082.00,48448.00,50530.00,48448,2082,27.00,32.00,59.00,32,27,0.00,0.00,0,0
1508090939,s2-eth1,56125.00,2082.00,58207.00,2082,56125,38.00,27.00,65.00,27,38,0.00,0.00,0,0
1508090939,lo,0.00,0.00,0.00,0,0,0.00,0.00,0.00,0,0,0.00,0.00,0,0
1508090939,total,320109.00,320002.00,640111.00,320002,320109,390.00,389.00,779.00,389,390,0.00,0.00,0,0
1508090940,s1,0.00,0.00,0.00,0,0,0.00,0.00,0.00,0,0,0.00,0.00,0,0
1508090940,eth0,0.00,0.00,0.00,0,0,0.00,0.00,0.00,0,0,0.00,0.00,0,0
1508090940,eth1,0.00,0.00,0.00,0,0,0.00,0.00,0.00,0,0,0.00,0.00,0,0
1508090940,s2,0.00,0.00,0.00,0,0,0.00,0.00,0.00,0,0,0.00,0.00,0,0
1508090940,s1-eth2,12613.00,251324.00,263937.00,251324,12613,162.00,166.00,328.00,166,162,0.00,0.00,0,0
1508090940,s1-eth1,249917.00,12506.00,262423.00,12506,249917,166.00,161.00,327.00,161,166,0.00,0.00,0,0
1508090940,s2-eth2,2495.00,51476.00,53971.00,51476,2495,31.00,34.00,65.00,34,31,0.00,0.00,0,0
1508090940,s2-eth1,43906.00,2388.00,46294.00,2388,43906,29.00,30.00,59.00,30,29,0.00,0.00,0,0
1508090940,lo,0.00,0.00,0.00,0,0,0.00,0.00,0.00,0,0,0.00,0.00,0,0
1508090940,total,308931.00,317694.00,626625.00,317694,308931,388.00,391.00,779.00,391,388,0.00,0.00,0,0
1508090941,s1,0.00,0.00,0.00,0,0,0.00,0.00,0.00,0,0,0.00,0.00,0,0
1508090941,eth0,0.00,0.00,0.00,0,0,0.00,0.00,0.00,0,0,0.00,0.00,0,0
1508090941,eth1,0.00,0.00,0.00,0,0,0.00,0.00,0.00,0,0,0.00,0.00,0,0
1508090941,s2,0.00,0.00,0.00,0,0,0.00,0.00,0.00,0,0,0.00,0.00,0,0
1508090941,s1-eth2,11934.07,254097.91,266031.97,254352,11946,150.85,167.83,318.68,168,151,0.00,0.00,0,0
1508090941,s1-eth1,249560.45,11592.41,261152.86,11604,249810,164.84,149.85,314.69,150,165,0.00,0.00,0,0
1508090941,s2-eth2,1478.52,40837.16,42315.68,40878,1480,19.98,26.97,46.95,27,20,0.00,0.00,0,0
1508090941,s2-eth1,45374.62,1478.52,46853.15,1480,45420,29.97,19.98,49.95,20,30,0.00,0.00,0,0
1508090941,lo,0.00,0.00,0.00,0,0,0.00,0.00,0.00,0,0,0.00,0.00,0,0
1508090941,total,308347.66,308006.00,616353.69,308314,308656,365.63,364.64,730.27,365,366,0.00,0.00,0,0
1508090942,s1,0.00,0.00,0.00,0,0,0.00,0.00,0.00,0,0,0.00,0.00,0,0
1508090942,eth0,0.00,0.00,0.00,0,0,0.00,0.00,0.00,0,0,0.00,0.00,0,0
1508090942,eth1,0.00,0.00,0.00,0,0,0.00,0.00,0.00,0,0,0.00,0.00,0,0
1508090942,s2,0.00,0.00,0.00,0,0,0.00,0.00,0.00,0,0,0.00,0.00,0,0
1508090942,s1-eth2,12068.00,260408.00,272476.00,260408,12068,160.00,172.00,332.00,172,160,0.00,0.00,0,0
1508090942,s1-eth1,249810.00,12142.00,261952.00,12142,249810,165.00,161.00,326.00,161,165,0.00,0.00,0,0
1508090942,s2-eth2,2192.00,66616.00,68808.00,66616,2192,26.00,44.00,70.00,44,26,0.00,0.00,0,0
1508090942,s2-eth1,56018.00,1850.00,57868.00,1850,56018,37.00,25.00,62.00,25,37,0.00,0.00,0,0
1508090942,lo,344.00,344.00,688.00,344,344,6.00,6.00,12.00,6,6,0.00,0.00,0,0
1508090942,total,320432.00,341360.00,661792.00,341360,320432,394.00,408.00,802.00,408,394,0.00,0.00,0,0
1508090943,s1,0.00,0.00,0.00,0,0,0.00,0.00,0.00,0,0,0.00,0.00,0,0
1508090943,eth0,0.00,0.00,0.00,0,0,0.00,0.00,0.00,0,0,0.00,0.00,0,0
1508090943,eth1,0.00,0.00,0.00,0,0,0.00,0.00,0.00,0,0,0.00,0.00,0,0
1508090943,s2,0.00,0.00,0.00,0,0,0.00,0.00,0.00,0,0,0.00,0.00,0,0
1508090943,s1-eth2,12402.00,252838.00,265240.00,252838,12402,161.00,167.00,328.00,167,161,0.00,0.00,0,0
1508090943,s1-eth1,250152.00,12328.00,262480.00,12328,250152,166.00,160.00,326.00,160,166,0.00,0.00,0,0
1508090943,s2-eth2,3276.00,71158.00,74434.00,71158,3276,42.00,47.00,89.00,47,42,0.00,0.00,0,0
1508090943,s2-eth1,74186.00,3276.00,77462.00,3276,74186,49.00,42.00,91.00,42,49,0.00,0.00,0,0
1508090943,lo,0.00,0.00,0.00,0,0,0.00,0.00,0.00,0,0,0.00,0.00,0,0
1508090943,total,340016.00,339600.00,679616.00,339600,340016,418.00,416.00,834.00,416,418,0.00,0.00,0,0
1508090944,s1,0.00,0.00,0.00,0,0,0.00,0.00,0.00,0,0,0.00,0.00,0,0
1508090944,eth0,0.00,0.00,0.00,0,0,0.00,0.00,0.00,0,0,0.00,0.00,0,0
1508090944,eth1,0.00,0.00,0.00,0,0,0.00,0.00,0.00,0,0,0.00,0.00,0,0
1508090944,s2,0.00,0.00,0.00,0,0,0.00,0.00,0.00,0,0,0.00,0.00,0,0
1508090944,s1-eth2,12434.00,257380.00,269814.00,257380,12434,163.00,170.00,333.00,170,163,0.00,0.00,0,0
1508090944,s1-eth1,251324.00,12508.00,263832.00,12508,251324,166.00,164.00,330.00,164,166,0.00,0.00,0,0
1508090944,s2-eth2,2932.00,80242.00,83174.00,80242,2932,38.00,53.00,91.00,53,38,0.00,0.00,0,0
1508090944,s2-eth1,71158.00,2932.00,74090.00,2932,71158,47.00,38.00,85.00,38,47,0.00,0.00,0,0
1508090944,lo,0.00,0.00,0.00,0,0,0.00,0.00,0.00,0,0,0.00,0.00,0,0
1508090944,total,337848.00,353062.00,690910.00,353062,337848,414.00,425.00,839.00,425,414,0.00,0.00,0,0
1508090945,s1,0.00,0.00,0.00,0,0,0.00,0.00,0.00,0,0,0.00,0.00,0,0
1508090945,eth0,0.00,0.00,0.00,0,0,0.00,0.00,0.00,0,0,0.00,0.00,0,0
1508090945,eth1,0.00,0.00,0.00,0,0,0.00,0.00,0.00,0,0,0.00,0.00,0,0
1508090945,s2,0.00,0.00,0.00,0,0,0.00,0.00,0.00,0,0,0.00,0.00,0,0
1508090945,s1-eth2,12612.00,255866.00,268478.00,255866,12612,162.00,169.00,331.00,169,162,0.00,0.00,0,0
1508090945,s1-eth1,249810.00,12538.00,262348.00,12538,249810,165.00,161.00,326.00,161,165,0.00,0.00,0,0
1508090945,s2-eth2,2774.00,84784.00,87558.00,84784,2774,37.00,56.00,93.00,56,37,0.00,0.00,0,0
1508090945,s2-eth1,95382.00,2774.00,98156.00,2774,95382,63.00,37.00,100.00,37,63,0.00,0.00,0,0
1508090945,lo,0.00,0.00,0.00,0,0,0.00,0.00,0.00,0,0,0.00,0.00,0,0
1508090945,total,360578.00,355962.00,716540.00,355962,360578,427.00,423.00,850.00,423,427,0.00,0.00,0,0
1508090946,s1,0.00,0.00,0.00,0,0,0.00,0.00,0.00,0,0,0.00,0.00,0,0
1508090946,eth0,0.00,0.00,0.00,0,0,0.00,0.00,0.00,0,0,0.00,0.00,0,0
1508090946,eth1,0.00,0.00,0.00,0,0,0.00,0.00,0.00,0,0,0.00,0.00,0,0
1508090946,s2,0.00,0.00,0.00,0,0,0.00,0.00,0.00,0,0,0.00,0.00,0,0
1508090946,s1-eth2,12040.00,264950.00,276990.00,264950,12040,158.00,175.00,333.00,175,158,0.00,0.00,0,0
1508090946,s1-eth1,249810.00,12040.00,261850.00,12040,249810,165.00,158.00,323.00,158,165,0.00,0.00,0,0
1508090946,s2-eth2,3278.00,92354.00,95632.00,92354,3278,43.00,61.00,104.00,61,43,0.00,0.00,0,0
1508090946,s2-eth1,80242.00,3278.00,83520.00,3278,80242,53.00,43.00,96.00,43,53,0.00,0.00,0,0
1508090946,lo,0.00,0.00,0.00,0,0,0.00,0.00,0.00,0,0,0.00,0.00,0,0
1508090946,total,345370.00,372622.00,717992.00,372622,345370,419.00,437.00,856.00,437,419,0.00,0.00,0,0
1508090947,s1,0.00,0.00,0.00,0,0,0.00,0.00,0.00,0,0,0.00,0.00,0,0
1508090947,eth0,0.00,0.00,0.00,0,0,0.00,0.00,0.00,0,0,0.00,0.00,0,0
1508090947,eth1,0.00,0.00,0.00,0,0,0.00,0.00,0.00,0,0,0.00,0.00,0,0
1508090947,s2,0.00,0.00,0.00,0,0,0.00,0.00,0.00,0,0,0.00,0.00,0,0
1508090947,s1-eth2,12080.00,248296.00,260376.00,248296,12080,156.00,164.00,320.00,164,156,0.00,0.00,0,0
1508090947,s1-eth1,248296.00,12080.00,260376.00,12080,248296,164.00,156.00,320.00,156,164,0.00,0.00,0,0
1508090947,s2-eth2,2072.00,92354.00,94426.00,92354,2072,28.00,61.00,89.00,61,28,0.00,0.00,0,0
1508090947,s2-eth1,104466.00,2072.00,106538.00,2072,104466,69.00,28.00,97.00,28,69,0.00,0.00,0,0
1508090947,lo,344.00,344.00,688.00,344,344,6.00,6.00,12.00,6,6,0.00,0.00,0,0
1508090947,total,367258.00,355146.00,722404.00,355146,367258,423.00,415.00,838.00,415,423,0.00,0.00,0,0
1508090948,s1,0.00,0.00,0.00,0,0,0.00,0.00,0.00,0,0,0.00,0.00,0,0
1508090948,eth0,0.00,0.00,0.00,0,0,0.00,0.00,0.00,0,0,0.00,0.00,0,0
1508090948,eth1,0.00,0.00,0.00,0,0,0.00,0.00,0.00,0,0,0.00,0.00,0,0
1508090948,s2,0.00,0.00,0.00,0,0,0.00,0.00,0.00,0,0,0.00,0.00,0,0
1508090948,s1-eth2,12290.00,264950.00,277240.00,264950,12290,159.00,175.00,334.00,175,159,0.00,0.00,0,0
1508090948,s1-eth1,249810.00,12364.00,262174.00,12364,249810,165.00,160.00,325.00,160,165,0.00,0.00,0,0
1508090948,s2-eth2,2886.00,121120.00,124006.00,121120,2886,39.00,80.00,119.00,80,39,0.00,0.00,0,0
1508090948,s2-eth1,104466.00,2886.00,107352.00,2886,104466,69.00,39.00,108.00,39,69,0.00,0.00,0,0
1508090948,lo,0.00,0.00,0.00,0,0,0.00,0.00,0.00,0,0,0.00,0.00,0,0
1508090948,total,369452.00,401320.00,770772.00,401320,369452,432.00,454.00,886.00,454,432,0.00,0.00,0,0
1508090949,s1,0.00,0.00,0.00,0,0,0.00,0.00,0.00,0,0,0.00,0.00,0,0
1508090949,eth0,0.00,0.00,0.00,0,0,0.00,0.00,0.00,0,0,0.00,0.00,0,0
1508090949,eth1,0.00,0.00,0.00,0,0,0.00,0.00,0.00,0,0,0.00,0.00,0,0
1508090949,s2,0.00,0.00,0.00,0,0,0.00,0.00,0.00,0,0,0.00,0.00,0,0
1508090949,s1-eth2,12458.00,257380.00,269838.00,257380,12458,163.00,170.00,333.00,170,163,0.00,0.00,0,0
1508090949,s1-eth1,251324.00,12384.00,263708.00,12384,251324,166.00,162.00,328.00,162,166,0.00,0.00,0,0
1508090949,s2-eth2,4136.00,84784.00,88920.00,84784,4136,52.00,56.00,108.00,56,52,0.00,0.00,0,0
1508090949,s2-eth1,89326.00,4136.00,93462.00,4136,89326,59.00,52.00,111.00,52,59,0.00,0.00,0,0
1508090949,lo,0.00,0.00,0.00,0,0,0.00,0.00,0.00,0,0,0.00,0.00,0,0
1508090949,total,357244.00,358684.00,715928.00,358684,357244,440.00,440.00,880.00,440,440,0.00,0.00,0,0
1508090950,s1,0.00,0.00,0.00,0,0,0.00,0.00,0.00,0,0,0.00,0.00,0,0
1508090950,eth0,0.00,0.00,0.00,0,0,0.00,0.00,0.00,0,0,0.00,0.00,0,0
1508090950,eth1,0.00,0.00,0.00,0,0,0.00,0.00,0.00,0,0,0.00,0.00,0,0
1508090950,s2,0.00,0.00,0.00,0,0,0.00,0.00,0.00,0,0,0.00,0.00,0,0
1508090950,s1-eth2,12225.77,258635.38,270861.16,258894,12238,158.84,170.83,329.67,171,159,0.00,0.00,0,0
1508090950,s1-eth1,248047.95,12311.69,260359.64,12324,248296,163.84,159.84,323.68,160,164,0.00,0.00,0,0
1508090950,s2-eth2,3654.35,80161.84,83816.19,80242,3658,46.95,52.95,99.90,53,47,0.00,0.00,0,0
1508090950,s2-eth1,83186.81,3654.35,86841.16,3658,83270,54.95,46.95,101.90,47,55,0.00,0.00,0,0
1508090950,lo,0.00,0.00,0.00,0,0,0.00,0.00,0.00,0,0,0.00,0.00,0,0
1508090950,total,347114.91,354763.25,701878.12,355118,347462,424.58,430.57,855.14,431,425,0.00,0.00,0,0
1508090951,s1,0.00,0.00,0.00,0,0,0.00,0.00,0.00,0,0,0.00,0.00,0,0
1508090951,eth0,0.00,0.00,0.00,0,0,0.00,0.00,0.00,0,0,0.00,0.00,0,0
1508090951,eth1,0.00,0.00,0.00,0,0,0.00,0.00,0.00,0,0,0.00,0.00,0,0
1508090951,s2,0.00,0.00,0.00,0,0,0.00,0.00,0.00,0,0,0.00,0.00,0,0
1508090951,s1-eth2,11992.00,261922.00,273914.00,261922,11992,158.00,173.00,331.00,173,158,0.00,0.00,0,0
1508090951,s1-eth1,251324.00,11906.00,263230.00,11906,251324,166.00,157.00,323.00,157,166,0.00,0.00,0,0
1508090951,s2-eth2,2516.00,102952.00,105468.00,102952,2516,34.00,68.00,102.00,68,34,0.00,0.00,0,0
1508090951,s2-eth1,96896.00,2516.00,99412.00,2516,96896,64.00,34.00,98.00,34,64,0.00,0.00,0,0
1508090951,lo,0.00,0.00,0.00,0,0,0.00,0.00,0.00,0,0,0.00,0.00,0,0
1508090951,total,362728.00,379296.00,742024.00,379296,362728,422.00,432.00,854.00,432,422,0.00,0.00,0,0
1508090952,s1,0.00,0.00,0.00,0,0,0.00,0.00,0.00,0,0,0.00,0.00,0,0
1508090952,eth0,0.00,0.00,0.00,0,0,0.00,0.00,0.00,0,0,0.00,0.00,0,0
1508090952,eth1,0.00,0.00,0.00,0,0,0.00,0.00,0.00,0,0,0.00,0.00,0,0
1508090952,s2,0.00,0.00,0.00,0,0,0.00,0.00,0.00,0,0,0.00,0.00,0,0
1508090952,s1-eth2,12362.00,254352.00,266714.00,254352,12362,163.00,168.00,331.00,168,163,0.00,0.00,0,0
1508090952,s1-eth1,249810.00,12362.00,262172.00,12362,249810,165.00,163.00,328.00,163,165,0.00,0.00,0,0
1508090952,s2-eth2,3696.00,89326.00,93022.00,89326,3696,48.00,59.00,107.00,59,48,0.00,0.00,0,0
1508090952,s2-eth1,89668.00,3770.00,93438.00,3770,89668,60.00,49.00,109.00,49,60,0.00,0.00,0,0
1508090952,lo,344.00,344.00,688.00,344,344,6.00,6.00,12.00,6,6,0.00,0.00,0,0
1508090952,total,355880.00,360154.00,716034.00,360154,355880,442.00,445.00,887.00,445,442,0.00,0.00,0,0
1508090953,s1,0.00,0.00,0.00,0,0,0.00,0.00,0.00,0,0,0.00,0.00,0,0
1508090953,eth0,0.00,0.00,0.00,0,0,0.00,0.00,0.00,0,0,0.00,0.00,0,0
1508090953,eth1,0.00,0.00,0.00,0,0,0.00,0.00,0.00,0,0,0.00,0.00,0,0
1508090953,s2,0.00,0.00,0.00,0,0,0.00,0.00,0.00,0,0,0.00,0.00,0,0
1508090953,s1-eth2,12110.00,257380.00,269490.00,257380,12110,159.00,170.00,329.00,170,159,0.00,0.00,0,0
1508090953,s1-eth1,249810.00,12110.00,261920.00,12110,249810,165.00,159.00,324.00,159,165,0.00,0.00,0,0
1508090953,s2-eth2,3718.00,71158.00,74876.00,71158,3718,47.00,47.00,94.00,47,47,0.00,0.00,0,0
1508090953,s2-eth1,66616.00,3644.00,70260.00,3644,66616,44.00,46.00,90.00,46,44,0.00,0.00,0,0
1508090953,lo,0.00,0.00,0.00,0,0,0.00,0.00,0.00,0,0,0.00,0.00,0,0
1508090953,total,332254.00,344292.00,676546.00,344292,332254,415.00,422.00,837.00,422,415,0.00,0.00,0,0
1508090954,s1,0.00,0.00,0.00,0,0,0.00,0.00,0.00,0,0,0.00,0.00,0,0
1508090954,eth0,0.00,0.00,0.00,0,0,0.00,0.00,0.00,0,0,0.00,0.00,0,0
1508090954,eth1,0.00,0.00,0.00,0,0,0.00,0.00,0.00,0,0,0.00,0.00,0,0
1508090954,s2,0.00,0.00,0.00,0,0,0.00,0.00,0.00,0,0,0.00,0.00,0,0
1508090954,s1-eth2,12099.80,249311.39,261411.19,249810,12124,155.69,164.67,320.36,165,156,0.00,0.00,0,0
1508090954,s1-eth1,249311.39,12173.65,261485.03,12198,249810,164.67,156.69,321.36,157,165,0.00,0.00,0,0
1508090954,s2-eth2,2806.39,75548.91,78355.29,75700,2812,37.92,49.90,87.82,50,38,0.00,0.00,0,0
1508090954,s2-eth1,80081.84,2806.39,82888.23,2812,80242,52.89,37.92,90.82,38,53,0.00,0.00,0,0
1508090954,lo,0.00,0.00,0.00,0,0,0.00,0.00,0.00,0,0,0.00,0.00,0,0
1508090954,total,344299.41,339840.34,684139.75,340520,344988,411.18,409.18,820.36,410,412,0.00,0.00,0,0
1508090955,s1,0.00,0.00,0.00,0,0,0.00,0.00,0.00,0,0,0.00,0.00,0,0
1508090955,eth0,456.00,735.00,1191.00,735,456,6.00,6.00,12.00,6,6,0.00,0.00,0,0
1508090955,eth1,0.00,0.00,0.00,0,0,0.00,0.00,0.00,0,0,0.00,0.00,0,0
1508090955,s2,0.00,0.00,0.00,0,0,0.00,0.00,0.00,0,0,0.00,0.00,0,0
1508090955,s1-eth2,12918.00,258894.00,271812.00,258894,12918,161.00,171.00,332.00,171,161,0.00,0.00,0,0
1508090955,s1-eth1,250262.00,12392.00,262654.00,12392,250262,167.00,158.00,325.00,158,167,0.00,0.00,0,0
1508090955,s2-eth2,3236.00,87812.00,91048.00,87812,3236,38.00,58.00,96.00,58,38,0.00,0.00,0,0
1508090955,s2-eth1,83722.00,2674.00,86396.00,2674,83722,57.00,35.00,92.00,35,57,0.00,0.00,0,0
1508090955,lo,1023.00,1023.00,2046.00,1023,1023,12.00,12.00,24.00,12,12,0.00,0.00,0,0
1508090955,total,351617.00,363530.00,715147.00,363530,351617,441.00,440.00,881.00,440,441,0.00,0.00,0,0
1508090956,s1,0.00,0.00,0.00,0,0,0.00,0.00,0.00,0,0,0.00,0.00,0,0
1508090956,eth0,152.00,245.00,397.00,245,152,2.00,2.00,4.00,2,2,0.00,0.00,0,0
1508090956,eth1,0.00,0.00,0.00,0,0,0.00,0.00,0.00,0,0,0.00,0.00,0,0
1508090956,s2,0.00,0.00,0.00,0,0,0.00,0.00,0.00,0,0,0.00,0.00,0,0
1508090956,s1-eth2,12390.00,263436.00,275826.00,263436,12390,163.00,174.00,337.00,174,163,0.00,0.00,0,0
1508090956,s1-eth1,249998.00,12202.00,262200.00,12202,249998,167.00,161.00,328.00,161,167,0.00,0.00,0,0
1508090956,s2-eth2,3330.00,81756.00,85086.00,81756,3330,43.00,54.00,97.00,54,43,0.00,0.00,0,0
1508090956,s2-eth1,83458.00,3252.00,86710.00,3252,83458,57.00,42.00,99.00,42,57,0.00,0.00,0,0
1508090956,lo,341.00,341.00,682.00,341,341,4.00,4.00,8.00,4,4,0.00,0.00,0,0
1508090956,total,349669.00,361232.00,710901.00,361232,349669,436.00,437.00,873.00,437,436,0.00,0.00,0,0
1508090957,s1,0.00,0.00,0.00,0,0,0.00,0.00,0.00,0,0,0.00,0.00,0,0
1508090957,eth0,608.00,980.00,1588.00,980,608,8.00,8.00,16.00,8,8,0.00,0.00,0,0
1508090957,eth1,0.00,0.00,0.00,0,0,0.00,0.00,0.00,0,0,0.00,0.00,0,0
1508090957,s2,0.00,0.00,0.00,0,0,0.00,0.00,0.00,0,0,0.00,0.00,0,0
1508090957,s1-eth2,12991.00,255866.00,268857.00,255866,12991,165.00,169.00,334.00,169,165,0.00,0.00,0,0
1508090957,s1-eth1,249275.00,12102.00,261377.00,12102,249275,171.00,159.00,330.00,159,171,0.00,0.00,0,0
1508090957,s2-eth2,4842.00,77214.00,82056.00,77214,4842,53.00,51.00,104.00,51,53,0.00,0.00,0,0
1508090957,s2-eth1,75420.00,3608.00,79028.00,3608,75420,56.00,46.00,102.00,46,56,0.00,0.00,0,0
1508090957,lo,1708.00,1708.00,3416.00,1708,1708,22.00,22.00,44.00,22,22,0.00,0.00,0,0
1508090957,total,344844.00,351478.00,696322.00,351478,344844,475.00,455.00,930.00,455,475,0.00,0.00,0,0
1508090958,s1,0.00,0.00,0.00,0,0,0.00,0.00,0.00,0,0,0.00,0.00,0,0
1508090958,eth0,152.00,245.00,397.00,245,152,2.00,2.00,4.00,2,2,0.00,0.00,0,0
1508090958,eth1,0.00,0.00,0.00,0,0,0.00,0.00,0.00,0,0,0.00,0.00,0,0
1508090958,s2,0.00,0.00,0.00,0,0,0.00,0.00,0.00,0,0,0.00,0.00,0,0
1508090958,s1-eth2,14339.00,249810.00,264149.00,249810,14339,169.00,165.00,334.00,165,169,0.00,0.00,0,0
1508090958,s1-eth1,251231.00,12486.00,263717.00,12486,251231,171.00,161.00,332.00,161,171,0.00,0.00,0,0
1508090958,s2-eth2,3188.00,56018.00,59206.00,56018,3188,33.00,37.00,70.00,37,33,0.00,0.00,0,0
1508090958,s2-eth1,51128.00,2022.00,53150.00,2022,51128,39.00,27.00,66.00,27,39,0.00,0.00,0,0
1508090958,lo,341.00,341.00,682.00,341,341,4.00,4.00,8.00,4,4,0.00,0.00,0,0
1508090958,total,320379.00,320922.00,641301.00,320922,320379,418.00,396.00,814.00,396,418,0.00,0.00,0,0
1508090959,s1,0.00,0.00,0.00,0,0,0.00,0.00,0.00,0,0,0.00,0.00,0,0
1508090959,eth0,0.00,0.00,0.00,0,0,0.00,0.00,0.00,0,0,0.00,0.00,0,0
1508090959,eth1,0.00,0.00,0.00,0,0,0.00,0.00,0.00,0,0,0.00,0.00,0,0
1508090959,s2,0.00,0.00,0.00,0,0,0.00,0.00,0.00,0,0,0.00,0.00,0,0
1508090959,s1-eth2,12402.60,258635.38,271037.97,258894,12415,158.84,170.83,329.67,171,159,0.00,0.00,0,0
1508090959,s1-eth1,250228.78,12149.85,262378.62,12162,250479,166.83,158.84,325.67,159,167,0.00,0.00,0,0
1508090959,s2-eth2,3203.80,57474.53,60678.32,57532,3207,34.97,37.96,72.93,38,35,0.00,0.00,0,0
1508090959,s2-eth1,59655.35,2535.46,62190.81,2538,59715,40.96,32.97,73.93,33,41,0.00,0.00,0,0
1508090959,lo,0.00,0.00,0.00,0,0,0.00,0.00,0.00,0,0,0.00,0.00,0,0
1508090959,total,325490.53,330795.22,656285.75,331126,325816,401.60,400.60,802.20,401,402,0.00,0.00,0,0
1508090960,s1,0.00,0.00,0.00,0,0,0.00,0.00,0.00,0,0,0.00,0.00,0,0
1508090960,eth0,59.94,59.94,119.88,60,60,1.00,1.00,2.00,1,1,0.00,0.00,0,0
1508090960,eth1,0.00,0.00,0.00,0,0,0.00,0.00,0.00,0,0,0.00,0.00,0,0
1508090960,s2,0.00,0.00,0.00,0,0,0.00,0.00,0.00,0,0,0.00,0.00,0,0
1508090960,s1-eth2,12757.24,255610.39,268367.62,255866,12770,163.84,168.83,332.67,169,164,0.00,0.00,0,0
1508090960,s1-eth1,249934.08,12309.69,262243.75,12322,250184,166.83,160.84,327.67,161,167,0.00,0.00,0,0
1508090960,s2-eth2,3142.86,63524.48,66667.34,63588,3146,37.96,41.96,79.92,42,38,0.00,0.00,0,0
1508090960,s2-eth1,66923.08,2769.23,69692.31,2772,66990,45.95,35.96,81.92,36,46,0.00,0.00,0,0
1508090960,lo,0.00,0.00,0.00,0,0,0.00,0.00,0.00,0,0,0.00,0.00,0,0
1508090960,total,332817.19,334273.75,667090.94,334608,333150,415.58,408.59,824.18,409,416,0.00,0.00,0,0
1508090961,s1,0.00,0.00,0.00,0,0,0.00,0.00,0.00,0,0,0.00,0.00,0,0
1508090961,eth0,0.00,0.00,0.00,0,0,0.00,0.00,0.00,0,0,0.00,0.00,0,0
1508090961,eth1,0.00,0.00,0.00,0,0,0.00,0.00,0.00,0,0,0.00,0.00,0,0
1508090961,s2,0.00,0.00,0.00,0,0,0.00,0.00,0.00,0,0,0.00,0.00,0,0
1508090961,s1-eth2,12519.00,260408.00,272927.00,260408,12519,163.00,172.00,335.00,172,163,0.00,0.00,0,0
1508090961,s1-eth1,250207.00,12122.00,262329.00,12122,250207,167.00,161.00,328.00,161,167,0.00,0.00,0,0
1508090961,s2-eth2,3317.00,71158.00,74475.00,71158,3317,40.00,47.00,87.00,47,40,0.00,0.00,0,0
1508090961,s2-eth1,59443.00,2920.00,62363.00,2920,59443,41.00,38.00,79.00,38,41,0.00,0.00,0,0
1508090961,lo,0.00,0.00,0.00,0,0,0.00,0.00,0.00,0,0,0.00,0.00,0,0
1508090961,total,325486.00,346608.00,672094.00,346608,325486,411.00,418.00,829.00,418,411,0.00,0.00,0,0
1508090962,s1,0.00,0.00,0.00,0,0,0.00,0.00,0.00,0,0,0.00,0.00,0,0
1508090962,eth0,0.00,0.00,0.00,0,0,0.00,0.00,0.00,0,0,0.00,0.00,0,0
1508090962,eth1,0.00,0.00,0.00,0,0,0.00,0.00,0.00,0,0,0.00,0.00,0,0
1508090962,s2,0.00,0.00,0.00,0,0,0.00,0.00,0.00,0,0,0.00,0.00,0,0
1508090962,s1-eth2,12490.00,249810.00,262300.00,249810,12490,161.00,165.00,326.00,165,161,0.00,0.00,0,0
1508090962,s1-eth1,249810.00,12490.00,262300.00,12490,249810,165.00,161.00,326.00,161,165,0.00,0.00,0,0
1508090962,s2-eth2,2994.00,65102.00,68096.00,65102,2994,39.00,43.00,82.00,43,39,0.00,0.00,0,0
1508090962,s2-eth1,69644.00,2994.00,72638.00,2994,69644,46.00,39.00,85.00,39,46,0.00,0.00,0,0
1508090962,lo,344.00,344.00,688.00,344,344,6.00,6.00,12.00,6,6,0.00,0.00,0,0
1508090962,total,335282.00,330740.00,666022.00,330740,335282,417.00,414.00,831.00,414,417,0.00,0.00,0,0
1508090963,s1,0.00,0.00,0.00,0,0,0.00,0.00,0.00,0,0,0.00,0.00,0,0
1508090963,eth0,0.00,0.00,0.00,0,0,0.00,0.00,0.00,0,0,0.00,0.00,0,0
1508090963,eth1,0.00,0.00,0.00,0,0,0.00,0.00,0.00,0,0,0.00,0.00,0,0
1508090963,s2,0.00,0.00,0.00,0,0,0.00,0.00,0.00,0,0,0.00,0.00,0,0
1508090963,s1-eth2,12300.00,257380.00,269680.00,257380,12300,160.00,170.00,330.00,170,160,0.00,0.00,0,0
1508090963,s1-eth1,249810.00,12300.00,262110.00,12300,249810,165.00,160.00,325.00,160,165,0.00,0.00,0,0
1508090963,s2-eth2,3060.00,51476.00,54536.00,51476,3060,34.00,34.00,68.00,34,34,0.00,0.00,0,0
1508090963,s2-eth1,46934.00,2718.00,49652.00,2718,46934,31.00,33.00,64.00,33,31,0.00,0.00,0,0
1508090963,lo,0.00,0.00,0.00,0,0,0.00,0.00,0.00,0,0,0.00,0.00,0,0
1508090963,total,312104.00,323874.00,635978.00,323874,312104,390.00,397.00,787.00,397,390,0.00,0.00,0,0
1508090964,s1,0.00,0.00,0.00,0,0,0.00,0.00,0.00,0,0,0.00,0.00,0,0
1508090964,eth0,0.00,0.00,0.00,0,0,0.00,0.00,0.00,0,0,0.00,0.00,0,0
1508090964,eth1,0.00,0.00,0.00,0,0,0.00,0.00,0.00,0,0,0.00,0.00,0,0
1508090964,s2,0.00,0.00,0.00,0,0,0.00,0.00,0.00,0,0,0.00,0.00,0,0
1508090964,s1-eth2,12402.60,254097.91,266500.50,254352,12415,160.84,167.83,328.67,168,161,0.00,0.00,0,0
1508090964,s1-eth1,249667.34,12295.71,261963.05,12308,249917,165.83,159.84,325.67,160,166,0.00,0.00,0,0
1508090964,s2-eth2,2334.67,48399.60,50734.27,48448,2337,29.97,31.97,61.94,32,30,0.00,0.00,0,0
1508090964,s2-eth1,46994.01,2227.77,49221.78,2230,47041,31.97,28.97,60.94,29,32,0.00,0.00,0,0
1508090964,lo,0.00,0.00,0.00,0,0,0.00,0.00,0.00,0,0,0.00,0.00,0,0
1508090964,total,311398.62,317021.00,628419.62,317338,311710,388.61,388.61,777.22,389,389,0.00,0.00,0,0
1508090965,s1,0.00,0.00,0.00,0,0,0.00,0.00,0.00,0,0,0.00,0.00,0,0
1508090965,eth0,0.00,0.00,0.00,0,0,0.00,0.00,0.00,0,0,0.00,0.00,0,0
1508090965,eth1,0.00,0.00,0.00,0,0,0.00,0.00,0.00,0,0,0.00,0.00,0,0
1508090965,s2,0.00,0.00,0.00,0,0,0.00,0.00,0.00,0,0,0.00,0.00,0,0
1508090965,s1-eth2,12581.42,264727.28,277308.69,264992,12594,164.84,175.82,340.66,176,165,0.00,0.00,0,0
1508090965,s1-eth1,249672.33,12585.42,262257.75,12598,249922,166.83,164.84,331.67,165,167,0.00,0.00,0,0
1508090965,s2-eth2,2741.26,57474.53,60215.79,57532,2744,35.96,37.96,73.93,38,36,0.00,0.00,0,0
1508090965,s2-eth1,51494.51,2671.33,54165.84,2674,51546,34.97,34.97,69.93,35,35,0.00,0.00,0,0
1508090965,lo,296.00,296.00,592.00,296,296,3.00,3.00,6.00,3,3,0.00,0.00,0,0
1508090965,total,317102.00,338092.00,655194.00,338092,317102,406.00,417.00,823.00,417,406,0.00,0.00,0,0
1508090966,s1,0.00,0.00,0.00,0,0,0.00,0.00,0.00,0,0,0.00,0.00,0,0
1508090966,eth0,0.00,0.00,0.00,0,0,0.00,0.00,0.00,0,0,0.00,0.00,0,0
1508090966,eth1,0.00,0.00,0.00,0,0,0.00,0.00,0.00,0,0,0.00,0.00,0,0
1508090966,s2,0.00,0.00,0.00,0,0,0.00,0.00,0.00,0,0,0.00,0.00,0,0
1508090966,s1-eth2,12651.35,254097.91,266749.25,254352,12664,161.84,167.83,329.67,168,162,0.00,0.00,0,0
1508090966,s1-eth1,251414.59,12321.68,263736.28,12334,251666,166.83,160.84,327.67,161,167,0.00,0.00,0,0
1508090966,s2-eth2,3212.79,66549.45,69762.24,66616,3216,41.96,43.96,85.91,44,42,0.00,0.00,0,0
1508090966,s2-eth1,63524.48,3212.79,66737.27,3216,63588,41.96,41.96,83.92,42,42,0.00,0.00,0,0
1508090966,lo,0.00,0.00,0.00,0,0,0.00,0.00,0.00,0,0,0.00,0.00,0,0
1508090966,total,330803.22,336181.81,666985.06,336518,331134,412.59,414.59,827.17,415,413,0.00,0.00,0,0
1508090967,s1,0.00,0.00,0.00,0,0,0.00,0.00,0.00,0,0,0.00,0.00,0,0
1508090967,eth0,0.00,0.00,0.00,0,0,0.00,0.00,0.00,0,0,0.00,0.00,0,0
1508090967,eth1,0.00,0.00,0.00,0,0,0.00,0.00,0.00,0,0,0.00,0.00,0,0
1508090967,s2,0.00,0.00,0.00,0,0,0.00,0.00,0.00,0,0,0.00,0.00,0,0
1508090967,s1-eth2,12586.00,260408.00,272994.00,260408,12586,161.00,172.00,333.00,172,161,0.00,0.00,0,0
1508090967,s1-eth1,246782.00,12574.00,259356.00,12574,246782,163.00,161.00,324.00,161,163,0.00,0.00,0,0
1508090967,s2-eth2,2698.00,66616.00,69314.00,66616,2698,35.00,44.00,79.00,44,35,0.00,0.00,0,0
1508090967,s2-eth1,73014.00,2698.00,75712.00,2698,73014,49.00,35.00,84.00,35,49,0.00,0.00,0,0
1508090967,lo,172.00,172.00,344.00,172,172,3.00,3.00,6.00,3,3,0.00,0.00,0,0
1508090967,total,335252.00,342468.00,677720.00,342468,335252,411.00,415.00,826.00,415,411,0.00,0.00,0,0
1508090968,s1,0.00,0.00,0.00,0,0,0.00,0.00,0.00,0,0,0.00,0.00,0,0
1508090968,eth0,0.00,0.00,0.00,0,0,0.00,0.00,0.00,0,0,0.00,0.00,0,0
1508090968,eth1,0.00,0.00,0.00,0,0,0.00,0.00,0.00,0,0,0.00,0.00,0,0
1508090968,s2,0.00,0.00,0.00,0,0,0.00,0.00,0.00,0,0,0.00,0.00,0,0
1508090968,s1-eth2,12129.87,260147.86,272277.72,260408,12142,156.84,171.83,328.67,172,157,0.00,0.00,0,0
1508090968,s1-eth1,246535.47,12129.87,258665.34,12142,246782,162.84,156.84,319.68,157,163,0.00,0.00,0,0
1508090968,s2-eth2,2963.04,71086.91,74049.95,71158,2966,34.97,46.95,81.92,47,35,0.00,0.00,0,0
1508090968,s2-eth1,68061.94,2621.38,70683.32,2624,68130,44.96,33.97,78.92,34,45,0.00,0.00,0,0
1508090968,lo,0.00,0.00,0.00,0,0,0.00,0.00,0.00,0,0,0.00,0.00,0,0
1508090968,total,329690.31,345986.03,675676.31,346332,330020,399.60,409.59,809.19,410,400,0.00,0.00,0,0
1508090969,s1,0.00,0.00,0.00,0,0,0.00,0.00,0.00,0,0,0.00,0.00,0,0
1508090969,eth0,0.00,0.00,0.00,0,0,0.00,0.00,0.00,0,0,0.00,0.00,0,0
1508090969,eth1,0.00,0.00,0.00,0,0,0.00,0.00,0.00,0,0,0.00,0.00,0,0
1508090969,s2,0.00,0.00,0.00,0,0,0.00,0.00,0.00,0,0,0.00,0.00,0,0
1508090969,s1-eth2,11508.00,248296.00,259804.00,248296,11508,148.00,164.00,312.00,164,148,0.00,0.00,0,0
1508090969,s1-eth1,240726.00,11434.00,252160.00,11434,240726,159.00,147.00,306.00,147,159,0.00,0.00,0,0
1508090969,s2-eth2,2920.00,65102.00,68022.00,65102,2920,38.00,43.00,81.00,43,38,0.00,0.00,0,0
1508090969,s2-eth1,62074.00,2920.00,64994.00,2920,62074,41.00,38.00,79.00,38,41,0.00,0.00,0,0
1508090969,lo,172.00,172.00,344.00,172,172,3.00,3.00,6.00,3,3,0.00,0.00,0,0
1508090969,total,317400.00,327924.00,645324.00,327924,317400,389.00,395.00,784.00,395,389,0.00,0.00,0,0
1508090970,s1,0.00,0.00,0.00,0,0,0.00,0.00,0.00,0,0,0.00,0.00,0,0
1508090970,eth0,0.00,0.00,0.00,0,0,0.00,0.00,0.00,0,0,0.00,0.00,0,0
1508090970,eth1,0.00,0.00,0.00,0,0,0.00,0.00,0.00,0,0,0.00,0.00,0,0
1508090970,s2,0.00,0.00,0.00,0,0,0.00,0.00,0.00,0,0,0.00,0.00,0,0
1508090970,s1-eth2,12172.00,263436.00,275608.00,263436,12172,158.00,174.00,332.00,174,158,0.00,0.00,0,0
1508090970,s1-eth1,249810.00,12172.00,261982.00,12172,249810,165.00,158.00,323.00,158,165,0.00,0.00,0,0
1508090970,s2-eth2,2994.00,72672.00,75666.00,72672,2994,39.00,48.00,87.00,48,39,0.00,0.00,0,0
1508090970,s2-eth1,71158.00,2994.00,74152.00,2994,71158,47.00,39.00,86.00,39,47,0.00,0.00,0,0
1508090970,lo,0.00,0.00,0.00,0,0,0.00,0.00,0.00,0,0,0.00,0.00,0,0
1508090970,total,336134.00,351274.00,687408.00,351274,336134,409.00,419.00,828.00,419,409,0.00,0.00,0,0
1508090971,s1,0.00,0.00,0.00,0,0,0.00,0.00,0.00,0,0,0.00,0.00,0,0
1508090971,eth0,0.00,0.00,0.00,0,0,0.00,0.00,0.00,0,0,0.00,0.00,0,0
1508090971,eth1,0.00,0.00,0.00,0,0,0.00,0.00,0.00,0,0,0.00,0.00,0,0
1508090971,s2,0.00,0.00,0.00,0,0,0.00,0.00,0.00,0,0,0.00,0.00,0,0
1508090971,s1-eth2,12221.78,258635.38,270857.16,258894,12234,158.84,170.83,329.67,171,159,0.00,0.00,0,0
1508090971,s1-eth1,249560.45,12221.78,261782.22,12234,249810,164.84,158.84,323.68,159,165,0.00,0.00,0,0
1508090971,s2-eth2,2291.71,71086.91,73378.62,71158,2294,30.97,46.95,77.92,47,31,0.00,0.00,0,0
1508090971,s2-eth1,68061.94,2291.71,70353.65,2294,68130,44.96,30.97,75.92,31,45,0.00,0.00,0,0
1508090971,lo,0.00,0.00,0.00,0,0,0.00,0.00,0.00,0,0,0.00,0.00,0,0
1508090971,total,332135.88,344235.78,676371.62,344580,332468,399.60,407.59,807.19,408,400,0.00,0.00,0,0
1508090972,s1,0.00,0.00,0.00,0,0,0.00,0.00,0.00,0,0,0.00,0.00,0,0
1508090972,eth0,0.00,0.00,0.00,0,0,0.00,0.00,0.00,0,0,0.00,0.00,0,0
1508090972,eth1,0.00,0.00,0.00,0,0,0.00,0.00,0.00,0,0,0.00,0.00,0,0
1508090972,s2,0.00,0.00,0.00,0,0,0.00,0.00,0.00,0,0,0.00,0.00,0,0
1508090972,s1-eth2,12507.00,261922.00,274429.00,261922,12507,165.00,173.00,338.00,173,165,0.00,0.00,0,0
1508090972,s1-eth1,249917.00,12474.00,262391.00,12474,249917,166.00,165.00,331.00,165,166,0.00,0.00,0,0
1508090972,s2-eth2,2923.00,65102.00,68025.00,65102,2923,37.00,43.00,80.00,43,37,0.00,0.00,0,0
1508090972,s2-eth1,60667.00,2816.00,63483.00,2816,60667,41.00,36.00,77.00,36,41,0.00,0.00,0,0
1508090972,lo,172.00,172.00,344.00,172,172,3.00,3.00,6.00,3,3,0.00,0.00,0,0
1508090972,total,326186.00,342486.00,668672.00,342486,326186,412.00,420.00,832.00,420,412,0.00,0.00,0,0
1508090973,s1,0.00,0.00,0.00,0,0,0.00,0.00,0.00,0,0,0.00,0.00,0,0
1508090973,eth0,0.00,0.00,0.00,0,0,0.00,0.00,0.00,0,0,0.00,0.00,0,0
1508090973,eth1,0.00,0.00,0.00,0,0,0.00,0.00,0.00,0,0,0.00,0.00,0,0
1508090973,s2,0.00,0.00,0.00,0,0,0.00,0.00,0.00,0,0,0.00,0.00,0,0
1508090973,s1-eth2,12160.00,255866.00,268026.00,255866,12160,158.00,169.00,327.00,169,158,0.00,0.00,0,0
1508090973,s1-eth1,251324.00,12086.00,263410.00,12086,251324,166.00,157.00,323.00,157,166,0.00,0.00,0,0
1508090973,s2-eth2,2516.00,74186.00,76702.00,74186,2516,34.00,49.00,83.00,49,34,0.00,0.00,0,0
1508090973,s2-eth1,78728.00,2516.00,81244.00,2516,78728,52.00,34.00,86.00,34,52,0.00,0.00,0,0
1508090973,lo,0.00,0.00,0.00,0,0,0.00,0.00,0.00,0,0,0.00,0.00,0,0
1508090973,total,344728.00,344654.00,689382.00,344654,344728,410.00,409.00,819.00,409,410,0.00,0.00,0,0
1508090974,s1,0.00,0.00,0.00,0,0,0.00,0.00,0.00,0,0,0.00,0.00,0,0
1508090974,eth0,0.00,0.00,0.00,0,0,0.00,0.00,0.00,0,0,0.00,0.00,0,0
1508090974,eth1,0.00,0.00,0.00,0,0,0.00,0.00,0.00,0,0,0.00,0.00,0,0
1508090974,s2,0.00,0.00,0.00,0,0,0.00,0.00,0.00,0,0,0.00,0.00,0,0
1508090974,s1-eth2,12474.00,255866.00,268340.00,255866,12474,161.00,169.00,330.00,169,161,0.00,0.00,0,0
1508090974,s1-eth1,249810.00,12548.00,262358.00,12548,249810,165.00,162.00,327.00,162,165,0.00,0.00,0,0
1508090974,s2-eth2,3322.00,69644.00,72966.00,69644,3322,41.00,46.00,87.00,46,41,0.00,0.00,0,0
1508090974,s2-eth1,62074.00,3322.00,65396.00,3322,62074,41.00,41.00,82.00,41,41,0.00,0.00,0,0
1508090974,lo,172.00,172.00,344.00,172,172,3.00,3.00,6.00,3,3,0.00,0.00,0,0
1508090974,total,327852.00,341552.00,669404.00,341552,327852,411.00,421.00,832.00,421,411,0.00,0.00,0,0
1508090975,s1,0.00,0.00,0.00,0,0,0.00,0.00,0.00,0,0,0.00,0.00,0,0
1508090975,eth0,0.00,0.00,0.00,0,0,0.00,0.00,0.00,0,0,0.00,0.00,0,0
1508090975,eth1,0.00,0.00,0.00,0,0,0.00,0.00,0.00,0,0,0.00,0.00,0,0
1508090975,s2,0.00,0.00,0.00,0,0,0.00,0.00,0.00,0,0,0.00,0.00,0,0
1508090975,s1-eth2,12054.00,257380.00,269434.00,257380,12054,159.00,170.00,329.00,170,159,0.00,0.00,0,0
1508090975,s1-eth1,249810.00,11980.00,261790.00,11980,249810,165.00,158.00,323.00,158,165,0.00,0.00,0,0
1508090975,s2-eth2,2698.00,60560.00,63258.00,60560,2698,35.00,40.00,75.00,40,35,0.00,0.00,0,0
1508090975,s2-eth1,62074.00,2698.00,64772.00,2698,62074,41.00,35.00,76.00,35,41,0.00,0.00,0,0
1508090975,lo,0.00,0.00,0.00,0,0,0.00,0.00,0.00,0,0,0.00,0.00,0,0
1508090975,total,326636.00,332618.00,659254.00,332618,326636,400.00,403.00,803.00,403,400,0.00,0.00,0,0
1508090976,s1,0.00,0.00,0.00,0,0,0.00,0.00,0.00,0,0,0.00,0.00,0,0
1508090976,eth0,0.00,0.00,0.00,0,0,0.00,0.00,0.00,0,0,0.00,0.00,0,0
1508090976,eth1,0.00,0.00,0.00,0,0,0.00,0.00,0.00,0,0,0.00,0.00,0,0
1508090976,s2,0.00,0.00,0.00,0,0,0.00,0.00,0.00,0,0,0.00,0.00,0,0
1508090976,s1-eth2,12111.89,255610.39,267722.28,255866,12124,157.84,168.83,326.67,169,158,0.00,0.00,0,0
1508090976,s1-eth1,249560.45,12111.89,261672.33,12124,249810,164.84,157.84,322.68,158,165,0.00,0.00,0,0
1508090976,s2-eth2,2735.26,80161.84,82897.10,80242,2738,36.96,52.95,89.91,53,37,0.00,0.00,0,0
1508090976,s2-eth1,77136.87,2735.26,79872.13,2738,77214,50.95,36.96,87.91,37,51,0.00,0.00,0,0
1508090976,lo,0.00,0.00,0.00,0,0,0.00,0.00,0.00,0,0,0.00,0.00,0,0
1508090976,total,341544.47,350619.38,692163.88,350970,341886,410.59,416.58,827.17,417,411,0.00,0.00,0,0
1508090977,s1,0.00,0.00,0.00,0,0,0.00,0.00,0.00,0,0,0.00,0.00,0,0
1508090977,eth0,0.00,0.00,0.00,0,0,0.00,0.00,0.00,0,0,0.00,0.00,0,0
1508090977,eth1,0.00,0.00,0.00,0,0,0.00,0.00,0.00,0,0,0.00,0.00,0,0
1508090977,s2,0.00,0.00,0.00,0,0,0.00,0.00,0.00,0,0,0.00,0.00,0,0
1508090977,s1-eth2,12354.00,260408.00,272762.00,260408,12354,157.00,172.00,329.00,172,157,0.00,0.00,0,0
1508090977,s1-eth1,246782.00,12012.00,258794.00,12012,246782,163.00,156.00,319.00,156,163,0.00,0.00,0,0
1508090977,s2-eth2,3228.00,104466.00,107694.00,104466,3228,40.00,69.00,109.00,69,40,0.00,0.00,0,0
1508090977,s2-eth1,102952.00,2886.00,105838.00,2886,102952,68.00,39.00,107.00,39,68,0.00,0.00,0,0
1508090977,lo,172.00,172.00,344.00,172,172,3.00,3.00,6.00,3,3,0.00,0.00,0,0
1508090977,total,365488.00,379944.00,745432.00,379944,365488,431.00,439.00,870.00,439,431,0.00,0.00,0,0
1508090978,s1,0.00,0.00,0.00,0,0,0.00,0.00,0.00,0,0,0.00,0.00,0,0
1508090978,eth0,0.00,0.00,0.00,0,0,0.00,0.00,0.00,0,0,0.00,0.00,0,0
1508090978,eth1,0.00,0.00,0.00,0,0,0.00,0.00,0.00,0,0,0.00,0.00,0,0
1508090978,s2,0.00,0.00,0.00,0,0,0.00,0.00,0.00,0,0,0.00,0.00,0,0
1508090978,s1-eth2,12169.83,261660.34,273830.19,261922,12182,160.84,172.83,333.67,173,161,0.00,0.00,0,0
1508090978,s1-eth1,251072.94,12243.76,263316.69,12256,251324,165.83,161.84,327.67,162,166,0.00,0.00,0,0
1508090978,s2-eth2,4727.27,127048.95,131776.23,127176,4732,59.94,83.92,143.86,84,60,0.00,0.00,0,0
1508090978,s2-eth1,120999.01,4727.27,125726.27,4732,121120,79.92,59.94,139.86,60,80,0.00,0.00,0,0
1508090978,lo,0.00,0.00,0.00,0,0,0.00,0.00,0.00,0,0,0.00,0.00,0,0
1508090978,total,388969.03,405680.34,794649.38,406086,389358,466.53,478.52,945.05,479,467,0.00,0.00,0,0
1508090979,s1,0.00,0.00,0.00,0,0,0.00,0.00,0.00,0,0,0.00,0.00,0,0
1508090979,eth0,0.00,0.00,0.00,0,0,0.00,0.00,0.00,0,0,0.00,0.00,0,0
1508090979,eth1,0.00,0.00,0.00,0,0,0.00,0.00,0.00,0,0,0.00,0.00,0,0
1508090979,s2,0.00,0.00,0.00,0,0,0.00,0.00,0.00,0,0,0.00,0.00,0,0
1508090979,s1-eth2,12271.73,249560.45,261832.17,249810,12284,157.84,164.84,322.68,165,158,0.00,0.00,0,0
1508090979,s1-eth1,243510.50,12197.80,255708.30,12210,243754,160.84,156.84,317.68,157,161,0.00,0.00,0,0
1508090979,s2-eth2,5120.88,124023.98,129144.86,124148,5126,66.93,81.92,148.85,82,67,0.00,0.00,0,0
1508090979,s2-eth1,127048.95,5120.88,132169.83,5126,127176,83.92,66.93,150.85,67,84,0.00,0.00,0,0
1508090979,lo,171.83,171.83,343.66,172,172,3.00,3.00,5.99,3,3,0.00,0.00,0,0
1508090979,total,388123.88,391074.94,779198.81,391466,388512,472.53,473.53,946.05,474,473,0.00,0.00,0,0
1508090980,s1,0.00,0.00,0.00,0,0,0.00,0.00,0.00,0,0,0.00,0.00,0,0
1508090980,eth0,0.00,0.00,0.00,0,0,0.00,0.00,0.00,0,0,0.00,0.00,0,0
1508090980,eth1,0.00,0.00,0.00,0,0,0.00,0.00,0.00,0,0,0.00,0.00,0,0
1508090980,s2,0.00,0.00,0.00,0,0,0.00,0.00,0.00,0,0,0.00,0.00,0,0
1508090980,s1-eth2,12360.00,261922.00,274282.00,261922,12360,162.00,173.00,335.00,173,162,0.00,0.00,0,0
1508090980,s1-eth1,249810.00,12434.00,262244.00,12434,249810,165.00,163.00,328.00,163,165,0.00,0.00,0,0
1508090980,s2-eth2,3534.00,104466.00,108000.00,104466,3534,45.00,69.00,114.00,69,45,0.00,0.00,0,0
1508090980,s2-eth1,94210.00,3534.00,97744.00,3534,94210,63.00,45.00,108.00,45,63,0.00,0.00,0,0
1508090980,lo,0.00,0.00,0.00,0,0,0.00,0.00,0.00,0,0,0.00,0.00,0,0
1508090980,total,359914.00,382356.00,742270.00,382356,359914,435.00,450.00,885.00,450,435,0.00,0.00,0,0
1508090981,s1,0.00,0.00,0.00,0,0,0.00,0.00,0.00,0,0,0.00,0.00,0,0
1508090981,eth0,0.00,0.00,0.00,0,0,0.00,0.00,0.00,0,0,0.00,0.00,0,0
1508090981,eth1,0.00,0.00,0.00,0,0,0.00,0.00,0.00,0,0,0.00,0.00,0,0
1508090981,s2,0.00,0.00,0.00,0,0,0.00,0.00,0.00,0,0,0.00,0.00,0,0
1508090981,s1-eth2,12258.00,252838.00,265096.00,252838,12258,159.00,167.00,326.00,167,159,0.00,0.00,0,0
1508090981,s1-eth1,250152.00,12258.00,262410.00,12258,250152,166.00,159.00,325.00,159,166,0.00,0.00,0,0
1508090981,s2-eth2,4120.00,99966.00,104086.00,99966,4120,54.00,67.00,121.00,67,54,0.00,0.00,0,0
1508090981,s2-eth1,107494.00,4120.00,111614.00,4120,107494,71.00,54.00,125.00,54,71,0.00,0.00,0,0
1508090981,lo,0.00,0.00,0.00,0,0,0.00,0.00,0.00,0,0,0.00,0.00,0,0
1508090981,total,374024.00,369182.00,743206.00,369182,374024,450.00,447.00,897.00,447,450,0.00,0.00,0,0
1508090982,s1,0.00,0.00,0.00,0,0,0.00,0.00,0.00,0,0,0.00,0.00,0,0
1508090982,eth0,0.00,0.00,0.00,0,0,0.00,0.00,0.00,0,0,0.00,0.00,0,0
1508090982,eth1,0.00,0.00,0.00,0,0,0.00,0.00,0.00,0,0,0.00,0.00,0,0
1508090982,s2,0.00,0.00,0.00,0,0,0.00,0.00,0.00,0,0,0.00,0.00,0,0
1508090982,s1-eth2,11628.00,261922.00,273550.00,261922,11628,156.00,173.00,329.00,173,156,0.00,0.00,0,0
1508090982,s1-eth1,251324.00,11628.00,262952.00,11628,251324,166.00,156.00,322.00,156,166,0.00,0.00,0,0
1508090982,s2-eth2,3298.00,110564.00,113862.00,110564,3298,45.00,74.00,119.00,74,45,0.00,0.00,0,0
1508090982,s2-eth1,102994.00,3298.00,106292.00,3298,102994,69.00,45.00,114.00,45,69,0.00,0.00,0,0
1508090982,lo,172.00,172.00,344.00,172,172,3.00,3.00,6.00,3,3,0.00,0.00,0,0
1508090982,total,369416.00,387584.00,757000.00,387584,369416,439.00,451.00,890.00,451,439,0.00,0.00,0,0
1508090983,s1,0.00,0.00,0.00,0,0,0.00,0.00,0.00,0,0,0.00,0.00,0,0
1508090983,eth0,0.00,0.00,0.00,0,0,0.00,0.00,0.00,0,0,0.00,0.00,0,0
1508090983,eth1,0.00,0.00,0.00,0,0,0.00,0.00,0.00,0,0,0.00,0.00,0,0
1508090983,s2,0.00,0.00,0.00,0,0,0.00,0.00,0.00,0,0,0.00,0.00,0,0
1508090983,s1-eth2,12390.00,249810.00,262200.00,249810,12390,159.00,165.00,324.00,165,159,0.00,0.00,0,0
1508090983,s1-eth1,249810.00,12316.00,262126.00,12316,249810,165.00,158.00,323.00,158,165,0.00,0.00,0,0
1508090983,s2-eth2,3996.00,116578.00,120574.00,116578,3996,54.00,77.00,131.00,77,54,0.00,0.00,0,0
1508090983,s2-eth1,122634.00,3996.00,126630.00,3996,122634,81.00,54.00,135.00,54,81,0.00,0.00,0,0
1508090983,lo,0.00,0.00,0.00,0,0,0.00,0.00,0.00,0,0,0.00,0.00,0,0
1508090983,total,388830.00,382700.00,771530.00,382700,388830,459.00,454.00,913.00,454,459,0.00,0.00,0,0
1508090984,s1,0.00,0.00,0.00,0,0,0.00,0.00,0.00,0,0,0.00,0.00,0,0
1508090984,eth0,0.00,0.00,0.00,0,0,0.00,0.00,0.00,0,0,0.00,0.00,0,0
1508090984,eth1,0.00,0.00,0.00,0,0,0.00,0.00,0.00,0,0,0.00,0.00,0,0
1508090984,s2,0.00,0.00,0.00,0,0,0.00,0.00,0.00,0,0,0.00,0.00,0,0
1508090984,s1-eth2,12088.00,255866.00,267954.00,255866,12088,158.00,169.00,327.00,169,158,0.00,0.00,0,0
1508090984,s1-eth1,249810.00,12088.00,261898.00,12088,249810,165.00,158.00,323.00,158,165,0.00,0.00,0,0
1508090984,s2-eth2,4688.00,116578.00,121266.00,116578,4688,60.00,77.00,137.00,77,60,0.00,0.00,0,0
1508090984,s2-eth1,110522.00,4688.00,115210.00,4688,110522,73.00,60.00,133.00,60,73,0.00,0.00,0,0
1508090984,lo,172.00,172.00,344.00,172,172,3.00,3.00,6.00,3,3,0.00,0.00,0,0
1508090984,total,377280.00,389392.00,766672.00,389392,377280,459.00,467.00,926.00,467,459,0.00,0.00,0,0
1508090985,s1,0.00,0.00,0.00,0,0,0.00,0.00,0.00,0,0,0.00,0.00,0,0
1508090985,eth0,0.00,0.00,0.00,0,0,0.00,0.00,0.00,0,0,0.00,0.00,0,0
1508090985,eth1,0.00,0.00,0.00,0,0,0.00,0.00,0.00,0,0,0.00,0.00,0,0
1508090985,s2,0.00,0.00,0.00,0,0,0.00,0.00,0.00,0,0,0.00,0.00,0,0
1508090985,s1-eth2,12140.00,260408.00,272548.00,260408,12140,158.00,172.00,330.00,172,158,0.00,0.00,0,0
1508090985,s1-eth1,249810.00,12140.00,261950.00,12140,249810,165.00,158.00,323.00,158,165,0.00,0.00,0,0
1508090985,s2-eth2,4326.00,110522.00,114848.00,110522,4326,55.00,73.00,128.00,73,55,0.00,0.00,0,0
1508090985,s2-eth1,113550.00,4326.00,117876.00,4326,113550,75.00,55.00,130.00,55,75,0.00,0.00,0,0
1508090985,lo,0.00,0.00,0.00,0,0,0.00,0.00,0.00,0,0,0.00,0.00,0,0
1508090985,total,379826.00,387396.00,767222.00,387396,379826,453.00,458.00,911.00,458,453,0.00,0.00,0,0
1508090986,s1,0.00,0.00,0.00,0,0,0.00,0.00,0.00,0,0,0.00,0.00,0,0
1508090986,eth0,0.00,0.00,0.00,0,0,0.00,0.00,0.00,0,0,0.00,0.00,0,0
1508090986,eth1,0.00,0.00,0.00,0,0,0.00,0.00,0.00,0,0,0.00,0.00,0,0
1508090986,s2,0.00,0.00,0.00,0,0,0.00,0.00,0.00,0,0,0.00,0.00,0,0
1508090986,s1-eth2,12232.00,257380.00,269612.00,257380,12232,158.00,170.00,328.00,170,158,0.00,0.00,0,0
1508090986,s1-eth1,246782.00,12306.00,259088.00,12306,246782,163.00,159.00,322.00,159,163,0.00,0.00,0,0
1508090986,s2-eth2,3918.00,101438.00,105356.00,101438,3918,51.00,67.00,118.00,67,51,0.00,0.00,0,0
1508090986,s2-eth1,89326.00,3918.00,93244.00,3918,89326,59.00,51.00,110.00,51,59,0.00,0.00,0,0
1508090986,lo,0.00,0.00,0.00,0,0,0.00,0.00,0.00,0,0,0.00,0.00,0,0
1508090986,total,352258.00,375042.00,727300.00,375042,352258,431.00,447.00,878.00,447,431,0.00,0.00,0,0
1508090987,s1,0.00,0.00,0.00,0,0,0.00,0.00,0.00,0,0,0.00,0.00,0,0
1508090987,eth0,0.00,0.00,0.00,0,0,0.00,0.00,0.00,0,0,0.00,0.00,0,0
1508090987,eth1,0.00,0.00,0.00,0,0,0.00,0.00,0.00,0,0,0.00,0.00,0,0
1508090987,s2,0.00,0.00,0.00,0,0,0.00,0.00,0.00,0,0,0.00,0.00,0,0
1508090987,s1-eth2,12479.52,257122.89,269602.41,257380,12492,161.84,169.83,331.67,170,162,0.00,0.00,0,0
1508090987,s1-eth1,251072.94,12405.59,263478.53,12418,251324,165.83,160.84,326.67,161,166,0.00,0.00,0,0
1508090987,s2-eth2,2291.71,93774.23,96065.94,93868,2294,30.97,61.94,92.91,62,31,0.00,0.00,0,0
1508090987,s2-eth1,104361.64,2291.71,106653.35,2294,104466,68.93,30.97,99.90,31,69,0.00,0.00,0,0
1508090987,lo,171.83,171.83,343.66,172,172,3.00,3.00,5.99,3,3,0.00,0.00,0,0
1508090987,total,370377.62,365766.25,736143.88,366132,370748,430.57,426.57,857.14,427,431,0.00,0.00,0,0
1508090988,s1,0.00,0.00,0.00,0,0,0.00,0.00,0.00,0,0,0.00,0.00,0,0
1508090988,eth0,0.00,0.00,0.00,0,0,0.00,0.00,0.00,0,0,0.00,0.00,0,0
1508090988,eth1,0.00,0.00,0.00,0,0,0.00,0.00,0.00,0,0,0.00,0.00,0,0
1508090988,s2,0.00,0.00,0.00,0,0,0.00,0.00,0.00,0,0,0.00,0.00,0,0
1508090988,s1-eth2,12307.00,261922.00,274229.00,261922,12307,157.00,173.00,330.00,173,157,0.00,0.00,0,0
1508090988,s1-eth1,247231.00,11858.00,259089.00,11858,247231,165.00,155.00,320.00,155,165,0.00,0.00,0,0
1508090988,s2-eth2,3963.00,110522.00,114485.00,110522,3963,51.00,73.00,124.00,73,51,0.00,0.00,0,0
1508090988,s2-eth1,95489.00,3856.00,99345.00,3856,95489,64.00,50.00,114.00,50,64,0.00,0.00,0,0
1508090988,lo,0.00,0.00,0.00,0,0,0.00,0.00,0.00,0,0,0.00,0.00,0,0
1508090988,total,358990.00,388158.00,747148.00,388158,358990,437.00,451.00,888.00,451,437,0.00,0.00,0,0
1508090989,s1,0.00,0.00,0.00,0,0,0.00,0.00,0.00,0,0,0.00,0.00,0,0
1508090989,eth0,0.00,0.00,0.00,0,0,0.00,0.00,0.00,0,0,0.00,0.00,0,0
1508090989,eth1,0.00,0.00,0.00,0,0,0.00,0.00,0.00,0,0,0.00,0.00,0,0
1508090989,s2,0.00,0.00,0.00,0,0,0.00,0.00,0.00,0,0,0.00,0.00,0,0
1508090989,s1-eth2,3836.16,66697.30,70533.47,66764,3840,47.95,45.95,93.91,46,48,0.00,0.00,0,0
1508090989,s1-eth1,69722.28,3836.16,73558.45,3840,69792,47.95,47.95,95.90,48,48,0.00,0.00,0,0
1508090989,s2-eth2,1998.00,17740.26,19738.26,17758,2000,23.98,14.99,38.96,15,24,0.00,0.00,0,0
1508090989,s2-eth1,29766.23,1998.00,31764.24,2000,29796,21.98,23.98,45.95,24,22,0.00,0.00,0,0
1508090989,lo,171.83,171.83,343.66,172,172,3.00,3.00,5.99,3,3,0.00,0.00,0,0
1508090989,total,105494.51,90443.56,195938.06,90534,105600,144.86,135.86,280.72,136,145,0.00,0.00,0,0
1508090990,s1,0.00,0.00,0.00,0,0,0.00,0.00,0.00,0,0,0.00,0.00,0,0
1508090990,eth0,0.00,0.00,0.00,0,0,0.00,0.00,0.00,0,0,0.00,0.00,0,0
1508090990,eth1,0.00,0.00,0.00,0,0,0.00,0.00,0.00,0,0,0.00,0.00,0,0
1508090990,s2,0.00,0.00,0.00,0,0,0.00,0.00,0.00,0,0,0.00,0.00,0,0
1508090990,s1-eth2,0.00,0.00,0.00,0,0,0.00,0.00,0.00,0,0,0.00,0.00,0,0
1508090990,s1-eth1,0.00,0.00,0.00,0,0,0.00,0.00,0.00,0,0,0.00,0.00,0,0
1508090990,s2-eth2,74.00,74.00,148.00,74,74,1.00,1.00,2.00,1,1,0.00,0.00,0,0
1508090990,s2-eth1,74.00,74.00,148.00,74,74,1.00,1.00,2.00,1,1,0.00,0.00,0,0
1508090990,lo,0.00,0.00,0.00,0,0,0.00,0.00,0.00,0,0,0.00,0.00,0,0
1508090990,total,148.00,148.00,296.00,148,148,2.00,2.00,4.00,2,2,0.00,0.00,0,0
1508090991,s1,0.00,0.00,0.00,0,0,0.00,0.00,0.00,0,0,0.00,0.00,0,0
1508090991,eth0,0.00,0.00,0.00,0,0,0.00,0.00,0.00,0,0,0.00,0.00,0,0
1508090991,eth1,0.00,0.00,0.00,0,0,0.00,0.00,0.00,0,0,0.00,0.00,0,0
1508090991,s2,0.00,0.00,0.00,0,0,0.00,0.00,0.00,0,0,0.00,0.00,0,0
1508090991,s1-eth2,0.00,0.00,0.00,0,0,0.00,0.00,0.00,0,0,0.00,0.00,0,0
1508090991,s1-eth1,0.00,0.00,0.00,0,0,0.00,0.00,0.00,0,0,0.00,0.00,0,0
1508090991,s2-eth2,0.00,0.00,0.00,0,0,0.00,0.00,0.00,0,0,0.00,0.00,0,0
1508090991,s2-eth1,0.00,0.00,0.00,0,0,0.00,0.00,0.00,0,0,0.00,0.00,0,0
1508090991,lo,0.00,0.00,0.00,0,0,0.00,0.00,0.00,0,0,0.00,0.00,0,0
1508090991,total,0.00,0.00,0.00,0,0,0.00,0.00,0.00,0,0,0.00,0.00,0,0
1508090992,s1,0.00,0.00,0.00,0,0,0.00,0.00,0.00,0,0,0.00,0.00,0,0
1508090992,eth0,0.00,0.00,0.00,0,0,0.00,0.00,0.00,0,0,0.00,0.00,0,0
1508090992,eth1,0.00,0.00,0.00,0,0,0.00,0.00,0.00,0,0,0.00,0.00,0,0
1508090992,s2,0.00,0.00,0.00,0,0,0.00,0.00,0.00,0,0,0.00,0.00,0,0
1508090992,s1-eth2,0.00,0.00,0.00,0,0,0.00,0.00,0.00,0,0,0.00,0.00,0,0
1508090992,s1-eth1,0.00,0.00,0.00,0,0,0.00,0.00,0.00,0,0,0.00,0.00,0,0
1508090992,s2-eth2,0.00,0.00,0.00,0,0,0.00,0.00,0.00,0,0,0.00,0.00,0,0
1508090992,s2-eth1,0.00,0.00,0.00,0,0,0.00,0.00,0.00,0,0,0.00,0.00,0,0
1508090992,lo,172.00,172.00,344.00,172,172,3.00,3.00,6.00,3,3,0.00,0.00,0,0
1508090992,total,172.00,172.00,344.00,172,172,3.00,3.00,6.00,3,3,0.00,0.00,0,0
1508090993,s1,0.00,0.00,0.00,0,0,0.00,0.00,0.00,0,0,0.00,0.00,0,0
1508090993,eth0,0.00,0.00,0.00,0,0,0.00,0.00,0.00,0,0,0.00,0.00,0,0
1508090993,eth1,0.00,0.00,0.00,0,0,0.00,0.00,0.00,0,0,0.00,0.00,0,0
1508090993,s2,0.00,0.00,0.00,0,0,0.00,0.00,0.00,0,0,0.00,0.00,0,0
1508090993,s1-eth2,0.00,0.00,0.00,0,0,0.00,0.00,0.00,0,0,0.00,0.00,0,0
1508090993,s1-eth1,0.00,0.00,0.00,0,0,0.00,0.00,0.00,0,0,0.00,0.00,0,0
1508090993,s2-eth2,342.00,0.00,342.00,0,342,1.00,0.00,1.00,0,1,0.00,0.00,0,0
1508090993,s2-eth1,0.00,0.00,0.00,0,0,0.00,0.00,0.00,0,0,0.00,0.00,0,0
1508090993,lo,0.00,0.00,0.00,0,0,0.00,0.00,0.00,0,0,0.00,0.00,0,0
1508090993,total,342.00,0.00,342.00,0,342,1.00,0.00,1.00,0,1,0.00,0.00,0,0
1508090994,s1,0.00,0.00,0.00,0,0,0.00,0.00,0.00,0,0,0.00,0.00,0,0
1508090994,eth0,0.00,0.00,0.00,0,0,0.00,0.00,0.00,0,0,0.00,0.00,0,0
1508090994,eth1,0.00,0.00,0.00,0,0,0.00,0.00,0.00,0,0,0.00,0.00,0,0
