1508084320,s5,0.00,0.00,0.00,0,0,0.00,0.00,0.00,0,0,0.00,0.00,0,0
1508084320,s1,0.00,0.00,0.00,0,0,0.00,0.00,0.00,0,0,0.00,0.00,0,0
1508084320,eth0,0.00,0.00,0.00,0,0,0.00,0.00,0.00,0,0,0.00,0.00,0,0
1508084320,eth1,0.00,0.00,0.00,0,0,0.00,0.00,0.00,0,0,0.00,0.00,0,0
1508084320,s1-eth2,0.00,0.00,0.00,0,0,0.00,0.00,0.00,0,0,0.00,0.00,0,0
1508084320,s1-eth1,0.00,0.00,0.00,0,0,0.00,0.00,0.00,0,0,0.00,0.00,0,0
1508084320,lo,0.00,0.00,0.00,0,0,0.00,0.00,0.00,0,0,0.00,0.00,0,0
1508084320,s4,0.00,0.00,0.00,0,0,0.00,0.00,0.00,0,0,0.00,0.00,0,0
1508084320,total,0.00,0.00,0.00,0,0,0.00,0.00,0.00,0,0,0.00,0.00,0,0
1508084321,s5,0.00,0.00,0.00,0,0,0.00,0.00,0.00,0,0,0.00,0.00,0,0
1508084321,s1,0.00,0.00,0.00,0,0,0.00,0.00,0.00,0,0,0.00,0.00,0,0
1508084321,eth0,0.00,0.00,0.00,0,0,0.00,0.00,0.00,0,0,0.00,0.00,0,0
1508084321,eth1,0.00,0.00,0.00,0,0,0.00,0.00,0.00,0,0,0.00,0.00,0,0
1508084321,s1-eth2,7472.00,246770.00,254242.00,246770,7472,101.00,97.00,198.00,97,101,0.00,0.00,0,0
1508084321,s1-eth1,247402.00,6696.00,254098.00,6696,247402,102.00,98.00,200.00,98,102,0.00,0.00,0,0
1508084321,lo,0.00,0.00,0.00,0,0,0.00,0.00,0.00,0,0,0.00,0.00,0,0
1508084321,s4,0.00,0.00,0.00,0,0,0.00,0.00,0.00,0,0,0.00,0.00,0,0
1508084321,total,254874.00,253466.00,508340.00,253466,254874,203.00,195.00,398.00,195,203,0.00,0.00,0,0
1508084322,s5,0.00,0.00,0.00,0,0,0.00,0.00,0.00,0,0,0.00,0.00,0,0
1508084322,s1,0.00,0.00,0.00,0,0,0.00,0.00,0.00,0,0,0.00,0.00,0,0
1508084322,eth0,0.00,0.00,0.00,0,0,0.00,0.00,0.00,0,0,0.00,0.00,0,0
1508084322,eth1,0.00,0.00,0.00,0,0,0.00,0.00,0.00,0,0,0.00,0.00,0,0
1508084322,s1-eth2,6173.00,252496.00,258669.00,252496,6173,88.00,96.00,184.00,96,88,0.00,0.00,0,0
1508084322,s1-eth1,244219.00,5906.00,250125.00,5906,244219,95.00,87.00,182.00,87,95,0.00,0.00,0,0
1508084322,lo,0.00,0.00,0.00,0,0,0.00,0.00,0.00,0,0,0.00,0.00,0,0
1508084322,s4,0.00,0.00,0.00,0,0,0.00,0.00,0.00,0,0,0.00,0.00,0,0
1508084322,total,250392.00,258402.00,508794.00,258402,250392,183.00,183.00,366.00,183,183,0.00,0.00,0,0
1508084323,s5,0.00,0.00,0.00,0,0,0.00,0.00,0.00,0,0,0.00,0.00,0,0
1508084323,s1,70.00,0.00,70.00,0,70,1.00,0.00,1.00,0,1,0.00,0.00,0,0
1508084323,eth0,0.00,0.00,0.00,0,0,0.00,0.00,0.00,0,0,0.00,0.00,0,0
1508084323,eth1,0.00,0.00,0.00,0,0,0.00,0.00,0.00,0,0,0.00,0.00,0,0
1508084323,s1-eth2,6244.00,252034.00,258278.00,252034,6244,89.00,89.00,178.00,89,89,0.00,0.00,0,0
1508084323,s1-eth1,246577.00,5670.00,252247.00,5670,246577,90.00,85.00,175.00,85,90,0.00,0.00,0,0
1508084323,lo,268.00,268.00,536.00,268,268,3.00,3.00,6.00,3,3,0.00,0.00,0,0
1508084323,s4,0.00,0.00,0.00,0,0,0.00,0.00,0.00,0,0,0.00,0.00,0,0
1508084323,total,253159.00,257972.00,511131.00,257972,253159,183.00,177.00,360.00,177,183,0.00,0.00,0,0
1508084324,s5,0.00,0.00,0.00,0,0,0.00,0.00,0.00,0,0,0.00,0.00,0,0
1508084324,s1,0.00,140.00,140.00,140,0,0.00,2.00,2.00,2,0,0.00,0.00,0,0
1508084324,eth0,0.00,0.00,0.00,0,0,0.00,0.00,0.00,0,0,0.00,0.00,0,0
1508084324,eth1,0.00,0.00,0.00,0,0,0.00,0.00,0.00,0,0,0.00,0.00,0,0
1508084324,s1-eth2,5872.00,249142.00,255014.00,249142,5872,88.00,89.00,177.00,89,88,0.00,0.00,0,0
1508084324,s1-eth1,243218.00,5872.00,249090.00,5872,243218,87.00,88.00,175.00,88,87,0.00,0.00,0,0
1508084324,lo,880.00,880.00,1760.00,880,880,12.00,12.00,24.00,12,12,0.00,0.00,0,0
1508084324,s4,0.00,0.00,0.00,0,0,0.00,0.00,0.00,0,0,0.00,0.00,0,0
1508084324,total,249970.00,256034.00,506004.00,256034,249970,187.00,191.00,378.00,191,187,0.00,0.00,0,0
1508084325,s5,0.00,0.00,0.00,0,0,0.00,0.00,0.00,0,0,0.00,0.00,0,0
1508084325,s1,0.00,0.00,0.00,0,0,0.00,0.00,0.00,0,0,0.00,0.00,0,0
1508084325,eth0,0.00,0.00,0.00,0,0,0.00,0.00,0.00,0,0,0.00,0.00,0,0
1508084325,eth1,0.00,0.00,0.00,0,0,0.00,0.00,0.00,0,0,0.00,0.00,0,0
1508084325,s1-eth2,5742.26,248889.12,254631.38,249138,5748,85.91,88.91,174.83,89,86,0.00,0.00,0,0
1508084325,s1-eth1,245930.08,5742.26,251672.33,5748,246176,87.91,85.91,173.83,86,88,0.00,0.00,0,0
1508084325,lo,0.00,0.00,0.00,0,0,0.00,0.00,0.00,0,0,0.00,0.00,0,0
1508084325,s4,0.00,0.00,0.00,0,0,0.00,0.00,0.00,0,0,0.00,0.00,0,0
1508084325,total,251672.33,254631.38,506303.72,254886,251924,173.83,174.83,348.65,175,174,0.00,0.00,0,0
1508084326,s5,0.00,0.00,0.00,0,0,0.00,0.00,0.00,0,0,0.00,0.00,0,0
1508084326,s1,0.00,0.00,0.00,0,0,0.00,0.00,0.00,0,0,0.00,0.00,0,0
1508084326,eth0,0.00,0.00,0.00,0,0,0.00,0.00,0.00,0,0,0.00,0.00,0,0
1508084326,eth1,0.00,0.00,0.00,0,0,0.00,0.00,0.00,0,0,0.00,0.00,0,0
1508084326,s1-eth2,5346.00,251770.00,257116.00,251770,5346,81.00,85.00,166.00,85,81,0.00,0.00,0,0
1508084326,s1-eth1,242884.00,5346.00,248230.00,5346,242884,82.00,81.00,163.00,81,82,0.00,0.00,0,0
1508084326,lo,0.00,0.00,0.00,0,0,0.00,0.00,0.00,0,0,0.00,0.00,0,0
1508084326,s4,0.00,0.00,0.00,0,0,0.00,0.00,0.00,0,0,0.00,0.00,0,0
1508084326,total,248230.00,257116.00,505346.00,257116,248230,163.00,166.00,329.00,166,163,0.00,0.00,0,0
1508084327,s5,0.00,0.00,0.00,0,0,0.00,0.00,0.00,0,0,0.00,0.00,0,0
1508084327,s1,70.00,0.00,70.00,0,70,1.00,0.00,1.00,0,1,0.00,0.00,0,0
1508084327,eth0,0.00,0.00,0.00,0,0,0.00,0.00,0.00,0,0,0.00,0.00,0,0
1508084327,eth1,0.00,0.00,0.00,0,0,0.00,0.00,0.00,0,0,0.00,0.00,0,0
1508084327,s1-eth2,6181.00,241964.00,248145.00,241964,6181,90.00,90.00,180.00,90,90,0.00,0.00,0,0
1508084327,s1-eth1,246621.00,6000.00,252621.00,6000,246621,94.00,88.00,182.00,88,94,0.00,0.00,0,0
1508084327,lo,268.00,268.00,536.00,268,268,3.00,3.00,6.00,3,3,0.00,0.00,0,0
1508084327,s4,0.00,0.00,0.00,0,0,0.00,0.00,0.00,0,0,0.00,0.00,0,0
1508084327,total,253140.00,248232.00,501372.00,248232,253140,188.00,181.00,369.00,181,188,0.00,0.00,0,0
1508084328,s5,0.00,0.00,0.00,0,0,0.00,0.00,0.00,0,0,0.00,0.00,0,0
1508084328,s1,0.00,140.00,140.00,140,0,0.00,2.00,2.00,2,0,0.00,0.00,0,0
1508084328,eth0,0.00,0.00,0.00,0,0,0.00,0.00,0.00,0,0,0.00,0.00,0,0
1508084328,eth1,0.00,0.00,0.00,0,0,0.00,0.00,0.00,0,0,0.00,0.00,0,0
1508084328,s1-eth2,6100.00,249538.00,255638.00,249538,6100,90.00,95.00,185.00,95,90,0.00,0.00,0,0
1508084328,s1-eth1,243956.00,6034.00,249990.00,6034,243956,94.00,89.00,183.00,89,94,0.00,0.00,0,0
1508084328,lo,536.00,536.00,1072.00,536,536,6.00,6.00,12.00,6,6,0.00,0.00,0,0
1508084328,s4,0.00,0.00,0.00,0,0,0.00,0.00,0.00,0,0,0.00,0.00,0,0
1508084328,total,250592.00,256248.00,506840.00,256248,250592,190.00,192.00,382.00,192,190,0.00,0.00,0,0
1508084329,s5,0.00,0.00,0.00,0,0,0.00,0.00,0.00,0,0,0.00,0.00,0,0
1508084329,s1,0.00,0.00,0.00,0,0,0.00,0.00,0.00,0,0,0.00,0.00,0,0
1508084329,eth0,0.00,0.00,0.00,0,0,0.00,0.00,0.00,0,0,0.00,0.00,0,0
1508084329,eth1,0.00,0.00,0.00,0,0,0.00,0.00,0.00,0,0,0.00,0.00,0,0
1508084329,s1-eth2,6150.00,249270.00,255420.00,249270,6150,87.00,91.00,178.00,91,87,0.00,0.00,0,0
1508084329,s1-eth1,246242.00,5874.00,252116.00,5874,246242,89.00,87.00,176.00,87,89,0.00,0.00,0,0
1508084329,lo,344.00,344.00,688.00,344,344,6.00,6.00,12.00,6,6,0.00,0.00,0,0
1508084329,s4,0.00,0.00,0.00,0,0,0.00,0.00,0.00,0,0,0.00,0.00,0,0
1508084329,total,252736.00,255488.00,508224.00,255488,252736,182.00,184.00,366.00,184,182,0.00,0.00,0,0
1508084330,s5,0.00,0.00,0.00,0,0,0.00,0.00,0.00,0,0,0.00,0.00,0,0
1508084330,s1,0.00,0.00,0.00,0,0,0.00,0.00,0.00,0,0,0.00,0.00,0,0
1508084330,eth0,0.00,0.00,0.00,0,0,0.00,0.00,0.00,0,0,0.00,0.00,0,0
1508084330,eth1,0.00,0.00,0.00,0,0,0.00,0.00,0.00,0,0,0.00,0.00,0,0
1508084330,s1-eth2,6084.00,256708.00,262792.00,256708,6084,90.00,94.00,184.00,94,90,0.00,0.00,0,0
1508084330,s1-eth1,246374.00,6018.00,252392.00,6018,246374,91.00,89.00,180.00,89,91,0.00,0.00,0,0
1508084330,lo,0.00,0.00,0.00,0,0,0.00,0.00,0.00,0,0,0.00,0.00,0,0
1508084330,s4,0.00,0.00,0.00,0,0,0.00,0.00,0.00,0,0,0.00,0.00,0,0
1508084330,total,252458.00,262726.00,515184.00,262726,252458,181.00,183.00,364.00,183,181,0.00,0.00,0,0
1508084331,s5,0.00,0.00,0.00,0,0,0.00,0.00,0.00,0,0,0.00,0.00,0,0
1508084331,s1,0.00,0.00,0.00,0,0,0.00,0.00,0.00,0,0,0.00,0.00,0,0
1508084331,eth0,0.00,0.00,0.00,0,0,0.00,0.00,0.00,0,0,0.00,0.00,0,0
1508084331,eth1,0.00,0.00,0.00,0,0,0.00,0.00,0.00,0,0,0.00,0.00,0,0
1508084331,s1-eth2,5682.00,254996.00,260678.00,254996,5682,85.00,90.00,175.00,90,85,0.00,0.00,0,0
1508084331,s1-eth1,243148.00,5682.00,248830.00,5682,243148,86.00,85.00,171.00,85,86,0.00,0.00,0,0
1508084331,lo,0.00,0.00,0.00,0,0,0.00,0.00,0.00,0,0,0.00,0.00,0,0
1508084331,s4,0.00,0.00,0.00,0,0,0.00,0.00,0.00,0,0,0.00,0.00,0,0
1508084331,total,248830.00,260678.00,509508.00,260678,248830,171.00,175.00,346.00,175,171,0.00,0.00,0,0
1508084332,s5,0.00,0.00,0.00,0,0,0.00,0.00,0.00,0,0,0.00,0.00,0,0
1508084332,s1,0.00,0.00,0.00,0,0,0.00,0.00,0.00,0,0,0.00,0.00,0,0
1508084332,eth0,0.00,0.00,0.00,0,0,0.00,0.00,0.00,0,0,0.00,0.00,0,0
1508084332,eth1,0.00,0.00,0.00,0,0,0.00,0.00,0.00,0,0,0.00,0.00,0,0
1508084332,s1-eth2,5328.00,248940.00,254268.00,248940,5328,80.00,86.00,166.00,86,80,0.00,0.00,0,0
1508084332,s1-eth1,245978.00,5328.00,251306.00,5328,245978,85.00,80.00,165.00,80,85,0.00,0.00,0,0
1508084332,lo,0.00,0.00,0.00,0,0,0.00,0.00,0.00,0,0,0.00,0.00,0,0
1508084332,s4,0.00,0.00,0.00,0,0,0.00,0.00,0.00,0,0,0.00,0.00,0,0
1508084332,total,251306.00,254268.00,505574.00,254268,251306,165.00,166.00,331.00,166,165,0.00,0.00,0,0
1508084333,s5,0.00,0.00,0.00,0,0,0.00,0.00,0.00,0,0,0.00,0.00,0,0
1508084333,s1,0.00,0.00,0.00,0,0,0.00,0.00,0.00,0,0,0.00,0.00,0,0
1508084333,eth0,0.00,0.00,0.00,0,0,0.00,0.00,0.00,0,0,0.00,0.00,0,0
1508084333,eth1,0.00,0.00,0.00,0,0,0.00,0.00,0.00,0,0,0.00,0.00,0,0
1508084333,s1-eth2,6023.98,250599.41,256623.39,250850,6030,88.91,92.91,181.82,93,89,0.00,0.00,0,0
1508084333,s1-eth1,243168.84,6023.98,249192.81,6030,243412,89.91,88.91,178.82,89,90,0.00,0.00,0,0
1508084333,lo,171.83,171.83,343.66,172,172,3.00,3.00,5.99,3,3,0.00,0.00,0,0
1508084333,s4,0.00,0.00,0.00,0,0,0.00,0.00,0.00,0,0,0.00,0.00,0,0
1508084333,total,249364.64,256795.22,506159.84,257052,249614,181.82,184.82,366.63,185,182,0.00,0.00,0,0
1508084334,s5,0.00,0.00,0.00,0,0,0.00,0.00,0.00,0,0,0.00,0.00,0,0
1508084334,s1,0.00,0.00,0.00,0,0,0.00,0.00,0.00,0,0,0.00,0.00,0,0
1508084334,eth0,0.00,0.00,0.00,0,0,0.00,0.00,0.00,0,0,0.00,0.00,0,0
1508084334,eth1,0.00,0.00,0.00,0,0,0.00,0.00,0.00,0,0,0.00,0.00,0,0
1508084334,s1-eth2,6096.00,255392.00,261488.00,255392,6096,90.00,96.00,186.00,96,90,0.00,0.00,0,0
1508084334,s1-eth1,246547.00,6174.00,252721.00,6174,246547,93.00,91.00,184.00,91,93,0.00,0.00,0,0
1508084334,lo,344.00,344.00,688.00,344,344,6.00,6.00,12.00,6,6,0.00,0.00,0,0
1508084334,s4,0.00,0.00,0.00,0,0,0.00,0.00,0.00,0,0,0.00,0.00,0,0
1508084334,total,252987.00,261910.00,514897.00,261910,252987,189.00,193.00,382.00,193,189,0.00,0.00,0,0
1508084335,s5,0.00,0.00,0.00,0,0,0.00,0.00,0.00,0,0,0.00,0.00,0,0
1508084335,s1,0.00,0.00,0.00,0,0,0.00,0.00,0.00,0,0,0.00,0.00,0,0
1508084335,eth0,0.00,0.00,0.00,0,0,0.00,0.00,0.00,0,0,0.00,0.00,0,0
1508084335,eth1,0.00,0.00,0.00,0,0,0.00,0.00,0.00,0,0,0.00,0.00,0,0
1508084335,s1-eth2,5741.00,253350.00,259091.00,253350,5741,86.00,87.00,173.00,87,86,0.00,0.00,0,0
1508084335,s1-eth1,246044.00,5556.00,251600.00,5556,246044,86.00,84.00,170.00,84,86,0.00,0.00,0,0
1508084335,lo,0.00,0.00,0.00,0,0,0.00,0.00,0.00,0,0,0.00,0.00,0,0
1508084335,s4,0.00,0.00,0.00,0,0,0.00,0.00,0.00,0,0,0.00,0.00,0,0
1508084335,total,251785.00,258906.00,510691.00,258906,251785,172.00,171.00,343.00,171,172,0.00,0.00,0,0
1508084336,s5,0.00,0.00,0.00,0,0,0.00,0.00,0.00,0,0,0.00,0.00,0,0
1508084336,s1,0.00,0.00,0.00,0,0,0.00,0.00,0.00,0,0,0.00,0.00,0,0
1508084336,eth0,0.00,0.00,0.00,0,0,0.00,0.00,0.00,0,0,0.00,0.00,0,0
1508084336,eth1,0.00,0.00,0.00,0,0,0.00,0.00,0.00,0,0,0.00,0.00,0,0
1508084336,s1-eth2,6054.00,246440.00,252494.00,246440,6054,89.00,92.00,181.00,92,89,0.00,0.00,0,0
1508084336,s1-eth1,243412.00,6054.00,249466.00,6054,243412,90.00,89.00,179.00,89,90,0.00,0.00,0,0
1508084336,lo,0.00,0.00,0.00,0,0,0.00,0.00,0.00,0,0,0.00,0.00,0,0
1508084336,s4,0.00,0.00,0.00,0,0,0.00,0.00,0.00,0,0,0.00,0.00,0,0
1508084336,total,249466.00,252494.00,501960.00,252494,249466,179.00,181.00,360.00,181,179,0.00,0.00,0,0
1508084337,s5,0.00,0.00,0.00,0,0,0.00,0.00,0.00,0,0,0.00,0.00,0,0
1508084337,s1,0.00,0.00,0.00,0,0,0.00,0.00,0.00,0,0,0.00,0.00,0,0
1508084337,eth0,0.00,0.00,0.00,0,0,0.00,0.00,0.00,0,0,0.00,0.00,0,0
1508084337,eth1,0.00,0.00,0.00,0,0,0.00,0.00,0.00,0,0,0.00,0.00,0,0
1508084337,s1-eth2,6150.00,258486.00,264636.00,258486,6150,91.00,99.00,190.00,99,91,0.00,0.00,0,0
1508084337,s1-eth1,246638.00,6150.00,252788.00,6150,246638,95.00,91.00,186.00,91,95,0.00,0.00,0,0
1508084337,lo,0.00,0.00,0.00,0,0,0.00,0.00,0.00,0,0,0.00,0.00,0,0
1508084337,s4,0.00,0.00,0.00,0,0,0.00,0.00,0.00,0,0,0.00,0.00,0,0
1508084337,total,252788.00,264636.00,517424.00,264636,252788,186.00,190.00,376.00,190,186,0.00,0.00,0,0
1508084338,s5,0.00,0.00,0.00,0,0,0.00,0.00,0.00,0,0,0.00,0.00,0,0
1508084338,s1,0.00,0.00,0.00,0,0,0.00,0.00,0.00,0,0,0.00,0.00,0,0
1508084338,eth0,0.00,0.00,0.00,0,0,0.00,0.00,0.00,0,0,0.00,0.00,0,0
1508084338,eth1,0.00,0.00,0.00,0,0,0.00,0.00,0.00,0,0,0.00,0.00,0,0
1508084338,s1-eth2,5958.04,253558.45,259516.48,253812,5964,87.91,93.91,181.82,94,88,0.00,0.00,0,0
1508084338,s1-eth1,243168.84,5958.04,249126.88,5964,243412,89.91,87.91,177.82,88,90,0.00,0.00,0,0
1508084338,lo,171.83,171.83,343.66,172,172,3.00,3.00,5.99,3,3,0.00,0.00,0,0
1508084338,s4,0.00,0.00,0.00,0,0,0.00,0.00,0.00,0,0,0.00,0.00,0,0
1508084338,total,249298.70,259688.31,508987.03,259948,249548,180.82,184.82,365.63,185,181,0.00,0.00,0,0
1508084339,s5,0.00,0.00,0.00,0,0,0.00,0.00,0.00,0,0,0.00,0.00,0,0
1508084339,s1,0.00,0.00,0.00,0,0,0.00,0.00,0.00,0,0,0.00,0.00,0,0
1508084339,eth0,0.00,0.00,0.00,0,0,0.00,0.00,0.00,0,0,0.00,0.00,0,0
1508084339,eth1,0.00,0.00,0.00,0,0,0.00,0.00,0.00,0,0,0.00,0.00,0,0
1508084339,s1-eth2,5340.66,254477.53,259818.19,254732,5346,80.92,85.91,166.83,86,81,0.00,0.00,0,0
1508084339,s1-eth1,245600.41,5340.66,250941.06,5346,245846,82.92,80.92,163.84,81,83,0.00,0.00,0,0
1508084339,lo,343.66,343.66,687.31,344,344,5.99,5.99,11.99,6,6,0.00,0.00,0,0
1508084339,s4,0.00,0.00,0.00,0,0,0.00,0.00,0.00,0,0,0.00,0.00,0,0
1508084339,total,251284.72,260161.84,511446.56,260422,251536,169.83,172.83,342.66,173,170,0.00,0.00,0,0
1508084340,s5,0.00,0.00,0.00,0,0,0.00,0.00,0.00,0,0,0.00,0.00,0,0
1508084340,s1,0.00,0.00,0.00,0,0,0.00,0.00,0.00,0,0,0.00,0.00,0,0
1508084340,eth0,0.00,0.00,0.00,0,0,0.00,0.00,0.00,0,0,0.00,0.00,0,0
1508084340,eth1,0.00,0.00,0.00,0,0,0.00,0.00,0.00,0,0,0.00,0.00,0,0
1508084340,s1-eth2,6044.00,246572.00,252616.00,246572,6044,88.00,94.00,182.00,94,88,0.00,0.00,0,0
1508084340,s1-eth1,246848.00,6044.00,252892.00,6044,246848,94.00,88.00,182.00,88,94,0.00,0.00,0,0
1508084340,lo,0.00,0.00,0.00,0,0,0.00,0.00,0.00,0,0,0.00,0.00,0,0
1508084340,s4,0.00,0.00,0.00,0,0,0.00,0.00,0.00,0,0,0.00,0.00,0,0
1508084340,total,252892.00,252616.00,505508.00,252616,252892,182.00,182.00,364.00,182,182,0.00,0.00,0,0
1508084341,s5,0.00,0.00,0.00,0,0,0.00,0.00,0.00,0,0,0.00,0.00,0,0
1508084341,s1,0.00,0.00,0.00,0,0,0.00,0.00,0.00,0,0,0.00,0.00,0,0
1508084341,eth0,0.00,0.00,0.00,0,0,0.00,0.00,0.00,0,0,0.00,0.00,0,0
1508084341,eth1,0.00,0.00,0.00,0,0,0.00,0.00,0.00,0,0,0.00,0.00,0,0
1508084341,s1-eth2,5610.39,254741.27,260351.66,254996,5616,83.92,89.91,173.83,90,84,0.00,0.00,0,0
1508084341,s1-eth1,242905.09,5610.39,248515.48,5616,243148,85.91,83.92,169.83,84,86,0.00,0.00,0,0
1508084341,lo,0.00,0.00,0.00,0,0,0.00,0.00,0.00,0,0,0.00,0.00,0,0
1508084341,s4,0.00,0.00,0.00,0,0,0.00,0.00,0.00,0,0,0.00,0.00,0,0
1508084341,total,248515.48,260351.66,508867.16,260612,248764,169.83,173.83,343.66,174,170,0.00,0.00,0,0
1508084342,s5,0.00,0.00,0.00,0,0,0.00,0.00,0.00,0,0,0.00,0.00,0,0
1508084342,s1,0.00,0.00,0.00,0,0,0.00,0.00,0.00,0,0,0.00,0.00,0,0
1508084342,eth0,0.00,0.00,0.00,0,0,0.00,0.00,0.00,0,0,0.00,0.00,0,0
1508084342,eth1,0.00,0.00,0.00,0,0,0.00,0.00,0.00,0,0,0.00,0.00,0,0
1508084342,s1-eth2,5304.70,247508.50,252813.19,247756,5310,78.92,89.91,168.83,90,79,0.00,0.00,0,0
1508084342,s1-eth1,245864.14,5382.62,251246.77,5388,246110,86.91,79.92,166.83,80,87,0.00,0.00,0,0
1508084342,lo,0.00,0.00,0.00,0,0,0.00,0.00,0.00,0,0,0.00,0.00,0,0
1508084342,s4,0.00,0.00,0.00,0,0,0.00,0.00,0.00,0,0,0.00,0.00,0,0
1508084342,total,251168.84,252891.11,504059.97,253144,251420,165.83,169.83,335.66,170,166,0.00,0.00,0,0
1508084343,s5,0.00,0.00,0.00,0,0,0.00,0.00,0.00,0,0,0.00,0.00,0,0
1508084343,s1,0.00,0.00,0.00,0,0,0.00,0.00,0.00,0,0,0.00,0.00,0,0
1508084343,eth0,0.00,0.00,0.00,0,0,0.00,0.00,0.00,0,0,0.00,0.00,0,0
1508084343,eth1,0.00,0.00,0.00,0,0,0.00,0.00,0.00,0,0,0.00,0.00,0,0
1508084343,s1-eth2,6585.41,256979.03,263564.44,257236,6592,95.90,101.90,197.80,102,96,0.00,0.00,0,0
1508084343,s1-eth1,243762.25,6507.49,250269.73,6514,244006,98.90,94.91,193.81,95,99,0.00,0.00,0,0
1508084343,lo,171.83,171.83,343.66,172,172,3.00,3.00,5.99,3,3,0.00,0.00,0,0
1508084343,s4,0.00,0.00,0.00,0,0,0.00,0.00,0.00,0,0,0.00,0.00,0,0
1508084343,total,250519.48,263658.34,514177.84,263922,250770,197.80,199.80,397.60,200,198,0.00,0.00,0,0
1508084344,s5,0.00,0.00,0.00,0,0,0.00,0.00,0.00,0,0,0.00,0.00,0,0
1508084344,s1,0.00,0.00,0.00,0,0,0.00,0.00,0.00,0,0,0.00,0.00,0,0
1508084344,eth0,0.00,0.00,0.00,0,0,0.00,0.00,0.00,0,0,0.00,0.00,0,0
1508084344,eth1,0.00,0.00,0.00,0,0,0.00,0.00,0.00,0,0,0.00,0.00,0,0
1508084344,s1-eth2,6804.00,255788.00,262592.00,255788,6804,96.00,102.00,198.00,102,96,0.00,0.00,0,0
1508084344,s1-eth1,246902.00,6462.00,253364.00,6462,246902,99.00,95.00,194.00,95,99,0.00,0.00,0,0
1508084344,lo,344.00,344.00,688.00,344,344,6.00,6.00,12.00,6,6,0.00,0.00,0,0
1508084344,s4,0.00,0.00,0.00,0,0,0.00,0.00,0.00,0,0,0.00,0.00,0,0
1508084344,total,254050.00,262594.00,516644.00,262594,254050,201.00,203.00,404.00,203,201,0.00,0.00,0,0
1508084345,s5,0.00,0.00,0.00,0,0,0.00,0.00,0.00,0,0,0.00,0.00,0,0
1508084345,s1,0.00,0.00,0.00,0,0,0.00,0.00,0.00,0,0,0.00,0.00,0,0
1508084345,eth0,0.00,0.00,0.00,0,0,0.00,0.00,0.00,0,0,0.00,0.00,0,0
1508084345,eth1,0.00,0.00,0.00,0,0,0.00,0.00,0.00,0,0,0.00,0.00,0,0
1508084345,s1-eth2,5730.27,251782.22,257512.50,252034,5736,85.91,88.91,174.83,89,86,0.00,0.00,0,0
1508084345,s1-eth1,245864.14,5730.27,251594.41,5736,246110,86.91,85.91,172.83,86,87,0.00,0.00,0,0
1508084345,lo,0.00,0.00,0.00,0,0,0.00,0.00,0.00,0,0,0.00,0.00,0,0
1508084345,s4,0.00,0.00,0.00,0,0,0.00,0.00,0.00,0,0,0.00,0.00,0,0
1508084345,total,251594.41,257512.50,509106.91,257770,251846,172.83,174.83,347.65,175,173,0.00,0.00,0,0
1508084346,s5,0.00,0.00,0.00,0,0,0.00,0.00,0.00,0,0,0.00,0.00,0,0
1508084346,s1,0.00,0.00,0.00,0,0,0.00,0.00,0.00,0,0,0.00,0.00,0,0
1508084346,eth0,0.00,0.00,0.00,0,0,0.00,0.00,0.00,0,0,0.00,0.00,0,0
1508084346,eth1,0.00,0.00,0.00,0,0,0.00,0.00,0.00,0,0,0.00,0.00,0,0
1508084346,s1-eth2,6100.00,255194.00,261294.00,255194,6100,90.00,93.00,183.00,93,90,0.00,0.00,0,0
1508084346,s1-eth1,243346.00,6100.00,249446.00,6100,243346,89.00,90.00,179.00,90,89,0.00,0.00,0,0
1508084346,lo,0.00,0.00,0.00,0,0,0.00,0.00,0.00,0,0,0.00,0.00,0,0
1508084346,s4,0.00,0.00,0.00,0,0,0.00,0.00,0.00,0,0,0.00,0.00,0,0
1508084346,total,249446.00,261294.00,510740.00,261294,249446,179.00,183.00,362.00,183,179,0.00,0.00,0,0
1508084347,s5,0.00,0.00,0.00,0,0,0.00,0.00,0.00,0,0,0.00,0.00,0,0
1508084347,s1,0.00,0.00,0.00,0,0,0.00,0.00,0.00,0,0,0.00,0.00,0,0
1508084347,eth0,0.00,0.00,0.00,0,0,0.00,0.00,0.00,0,0,0.00,0.00,0,0
1508084347,eth1,0.00,0.00,0.00,0,0,0.00,0.00,0.00,0,0,0.00,0.00,0,0
1508084347,s1-eth2,5538.00,249072.00,254610.00,249072,5538,83.00,88.00,171.00,88,83,0.00,0.00,0,0
1508084347,s1-eth1,246110.00,5538.00,251648.00,5538,246110,87.00,83.00,170.00,83,87,0.00,0.00,0,0
1508084347,lo,0.00,0.00,0.00,0,0,0.00,0.00,0.00,0,0,0.00,0.00,0,0
1508084347,s4,0.00,0.00,0.00,0,0,0.00,0.00,0.00,0,0,0.00,0.00,0,0
1508084347,total,251648.00,254610.00,506258.00,254610,251648,170.00,171.00,341.00,171,170,0.00,0.00,0,0
1508084348,s5,0.00,0.00,0.00,0,0,0.00,0.00,0.00,0,0,0.00,0.00,0,0
1508084348,s1,0.00,0.00,0.00,0,0,0.00,0.00,0.00,0,0,0.00,0.00,0,0
1508084348,eth0,0.00,0.00,0.00,0,0,0.00,0.00,0.00,0,0,0.00,0.00,0,0
1508084348,eth1,0.00,0.00,0.00,0,0,0.00,0.00,0.00,0,0,0.00,0.00,0,0
1508084348,s1-eth2,5694.00,251968.00,257662.00,251968,5694,85.00,88.00,173.00,88,85,0.00,0.00,0,0
1508084348,s1-eth1,243082.00,5694.00,248776.00,5694,243082,85.00,85.00,170.00,85,85,0.00,0.00,0,0
1508084348,lo,172.00,172.00,344.00,172,172,3.00,3.00,6.00,3,3,0.00,0.00,0,0
1508084348,s4,0.00,0.00,0.00,0,0,0.00,0.00,0.00,0,0,0.00,0.00,0,0
1508084348,total,248948.00,257834.00,506782.00,257834,248948,173.00,176.00,349.00,176,173,0.00,0.00,0,0
1508084349,s5,0.00,0.00,0.00,0,0,0.00,0.00,0.00,0,0,0.00,0.00,0,0
1508084349,s1,0.00,0.00,0.00,0,0,0.00,0.00,0.00,0,0,0.00,0.00,0,0
1508084349,eth0,0.00,0.00,0.00,0,0,0.00,0.00,0.00,0,0,0.00,0.00,0,0
1508084349,eth1,0.00,0.00,0.00,0,0,0.00,0.00,0.00,0,0,0.00,0.00,0,0
1508084349,s1-eth2,5610.00,246308.00,251918.00,246308,5610,83.00,90.00,173.00,90,83,0.00,0.00,0,0
1508084349,s1-eth1,246308.00,5610.00,251918.00,5610,246308,90.00,83.00,173.00,83,90,0.00,0.00,0,0
1508084349,lo,344.00,344.00,688.00,344,344,6.00,6.00,12.00,6,6,0.00,0.00,0,0
1508084349,s4,0.00,0.00,0.00,0,0,0.00,0.00,0.00,0,0,0.00,0.00,0,0
1508084349,total,252262.00,252262.00,504524.00,252262,252262,179.00,179.00,358.00,179,179,0.00,0.00,0,0
1508084350,s5,0.00,0.00,0.00,0,0,0.00,0.00,0.00,0,0,0.00,0.00,0,0
1508084350,s1,0.00,0.00,0.00,0,0,0.00,0.00,0.00,0,0,0.00,0.00,0,0
1508084350,eth0,0.00,0.00,0.00,0,0,0.00,0.00,0.00,0,0,0.00,0.00,0,0
1508084350,eth1,0.00,0.00,0.00,0,0,0.00,0.00,0.00,0,0,0.00,0.00,0,0
1508084350,s1-eth2,6174.00,252430.00,258604.00,252430,6174,91.00,95.00,186.00,95,91,0.00,0.00,0,0
1508084350,s1-eth1,243651.00,6174.00,249825.00,6174,243651,93.00,91.00,184.00,91,93,0.00,0.00,0,0
1508084350,lo,0.00,0.00,0.00,0,0,0.00,0.00,0.00,0,0,0.00,0.00,0,0
1508084350,s4,0.00,0.00,0.00,0,0,0.00,0.00,0.00,0,0,0.00,0.00,0,0
1508084350,total,249825.00,258604.00,508429.00,258604,249825,184.00,186.00,370.00,186,184,0.00,0.00,0,0
1508084351,s5,0.00,0.00,0.00,0,0,0.00,0.00,0.00,0,0,0.00,0.00,0,0
1508084351,s1,0.00,0.00,0.00,0,0,0.00,0.00,0.00,0,0,0.00,0.00,0,0
1508084351,eth0,0.00,0.00,0.00,0,0,0.00,0.00,0.00,0,0,0.00,0.00,0,0
1508084351,eth1,0.00,0.00,0.00,0,0,0.00,0.00,0.00,0,0,0.00,0.00,0,0
1508084351,s1-eth2,5993.00,247888.00,253881.00,247888,5993,88.00,92.00,180.00,92,88,0.00,0.00,0,0
1508084351,s1-eth1,246374.00,5952.00,252326.00,5952,246374,91.00,88.00,179.00,88,91,0.00,0.00,0,0
1508084351,lo,0.00,0.00,0.00,0,0,0.00,0.00,0.00,0,0,0.00,0.00,0,0
1508084351,s4,0.00,0.00,0.00,0,0,0.00,0.00,0.00,0,0,0.00,0.00,0,0
1508084351,total,252367.00,253840.00,506207.00,253840,252367,179.00,180.00,359.00,180,179,0.00,0.00,0,0
1508084352,s5,0.00,0.00,0.00,0,0,0.00,0.00,0.00,0,0,0.00,0.00,0,0
1508084352,s1,0.00,0.00,0.00,0,0,0.00,0.00,0.00,0,0,0.00,0.00,0,0
1508084352,eth0,0.00,0.00,0.00,0,0,0.00,0.00,0.00,0,0,0.00,0.00,0,0
1508084352,eth1,0.00,0.00,0.00,0,0,0.00,0.00,0.00,0,0,0.00,0.00,0,0
1508084352,s1-eth2,5784.00,255194.00,260978.00,255194,5784,86.00,93.00,179.00,93,86,0.00,0.00,0,0
1508084352,s1-eth1,243688.00,5718.00,249406.00,5718,243688,90.00,85.00,175.00,85,90,0.00,0.00,0,0
1508084352,lo,0.00,0.00,0.00,0,0,0.00,0.00,0.00,0,0,0.00,0.00,0,0
1508084352,s4,0.00,0.00,0.00,0,0,0.00,0.00,0.00,0,0,0.00,0.00,0,0
1508084352,total,249472.00,260912.00,510384.00,260912,249472,176.00,178.00,354.00,178,176,0.00,0.00,0,0
1508084353,s5,0.00,0.00,0.00,0,0,0.00,0.00,0.00,0,0,0.00,0.00,0,0
1508084353,s1,0.00,0.00,0.00,0,0,0.00,0.00,0.00,0,0,0.00,0.00,0,0
1508084353,eth0,0.00,0.00,0.00,0,0,0.00,0.00,0.00,0,0,0.00,0.00,0,0
1508084353,eth1,0.00,0.00,0.00,0,0,0.00,0.00,0.00,0,0,0.00,0.00,0,0
1508084353,s1-eth2,5652.00,249270.00,254922.00,249270,5652,84.00,91.00,175.00,91,84,0.00,0.00,0,0
1508084353,s1-eth1,246308.00,5652.00,251960.00,5652,246308,90.00,84.00,174.00,84,90,0.00,0.00,0,0
1508084353,lo,172.00,172.00,344.00,172,172,3.00,3.00,6.00,3,3,0.00,0.00,0,0
1508084353,s4,0.00,0.00,0.00,0,0,0.00,0.00,0.00,0,0,0.00,0.00,0,0
1508084353,total,252132.00,255094.00,507226.00,255094,252132,177.00,178.00,355.00,178,177,0.00,0.00,0,0
1508084354,s5,0.00,0.00,0.00,0,0,0.00,0.00,0.00,0,0,0.00,0.00,0,0
1508084354,s1,0.00,0.00,0.00,0,0,0.00,0.00,0.00,0,0,0.00,0.00,0,0
1508084354,eth0,0.00,0.00,0.00,0,0,0.00,0.00,0.00,0,0,0.00,0.00,0,0
1508084354,eth1,0.00,0.00,0.00,0,0,0.00,0.00,0.00,0,0,0.00,0.00,0,0
1508084354,s1-eth2,5622.38,251848.16,257470.53,252100,5628,83.92,89.91,173.83,90,84,0.00,0.00,0,0
1508084354,s1-eth1,245930.08,5622.38,251552.45,5628,246176,87.91,83.92,171.83,84,88,0.00,0.00,0,0
1508084354,lo,343.66,343.66,687.31,344,344,5.99,5.99,11.99,6,6,0.00,0.00,0,0
1508084354,s4,0.00,0.00,0.00,0,0,0.00,0.00,0.00,0,0,0.00,0.00,0,0
1508084354,total,251896.11,257814.19,509710.31,258072,252148,177.82,179.82,357.64,180,178,0.00,0.00,0,0
1508084355,s5,0.00,0.00,0.00,0,0,0.00,0.00,0.00,0,0,0.00,0.00,0,0
1508084355,s1,0.00,0.00,0.00,0,0,0.00,0.00,0.00,0,0,0.00,0.00,0,0
1508084355,eth0,0.00,0.00,0.00,0,0,0.00,0.00,0.00,0,0,0.00,0.00,0,0
1508084355,eth1,0.00,0.00,0.00,0,0,0.00,0.00,0.00,0,0,0.00,0.00,0,0
1508084355,s1-eth2,5826.00,247732.00,253558.00,247732,5826,87.00,90.00,177.00,90,87,0.00,0.00,0,0
1508084355,s1-eth1,243256.00,5826.00,249082.00,5826,243256,88.00,87.00,175.00,87,88,0.00,0.00,0,0
1508084355,lo,296.00,296.00,592.00,296,296,3.00,3.00,6.00,3,3,0.00,0.00,0,0
1508084355,s4,0.00,0.00,0.00,0,0,0.00,0.00,0.00,0,0,0.00,0.00,0,0
1508084355,total,249378.00,253854.00,503232.00,253854,249378,178.00,180.00,358.00,180,178,0.00,0.00,0,0
1508084356,s5,0.00,0.00,0.00,0,0,0.00,0.00,0.00,0,0,0.00,0.00,0,0
1508084356,s1,0.00,0.00,0.00,0,0,0.00,0.00,0.00,0,0,0.00,0.00,0,0
1508084356,eth0,0.00,0.00,0.00,0,0,0.00,0.00,0.00,0,0,0.00,0.00,0,0
1508084356,eth1,0.00,0.00,0.00,0,0,0.00,0.00,0.00,0,0,0.00,0.00,0,0
1508084356,s1-eth2,6174.00,258552.00,264726.00,258552,6174,91.00,100.00,191.00,100,91,0.00,0.00,0,0
1508084356,s1-eth1,246704.00,6174.00,252878.00,6174,246704,96.00,91.00,187.00,91,96,0.00,0.00,0,0
1508084356,lo,0.00,0.00,0.00,0,0,0.00,0.00,0.00,0,0,0.00,0.00,0,0
1508084356,s4,0.00,0.00,0.00,0,0,0.00,0.00,0.00,0,0,0.00,0.00,0,0
1508084356,total,252878.00,264726.00,517604.00,264726,252878,187.00,191.00,378.00,191,187,0.00,0.00,0,0
1508084357,s5,0.00,0.00,0.00,0,0,0.00,0.00,0.00,0,0,0.00,0.00,0,0
1508084357,s1,0.00,0.00,0.00,0,0,0.00,0.00,0.00,0,0,0.00,0.00,0,0
1508084357,eth0,0.00,0.00,0.00,0,0,0.00,0.00,0.00,0,0,0.00,0.00,0,0
1508084357,eth1,0.00,0.00,0.00,0,0,0.00,0.00,0.00,0,0,0.00,0.00,0,0
1508084357,s1-eth2,5832.17,254807.20,260639.38,255062,5838,86.91,90.91,177.82,91,87,0.00,0.00,0,0
1508084357,s1-eth1,242971.03,5832.17,248803.20,5838,243214,86.91,86.91,173.83,87,87,0.00,0.00,0,0
1508084357,lo,0.00,0.00,0.00,0,0,0.00,0.00,0.00,0,0,0.00,0.00,0,0
1508084357,s4,0.00,0.00,0.00,0,0,0.00,0.00,0.00,0,0,0.00,0.00,0,0
1508084357,total,248803.20,260639.38,509442.56,260900,249052,173.83,177.82,351.65,178,174,0.00,0.00,0,0
1508084358,s5,0.00,0.00,0.00,0,0,0.00,0.00,0.00,0,0,0.00,0.00,0,0
1508084358,s1,0.00,0.00,0.00,0,0,0.00,0.00,0.00,0,0,0.00,0.00,0,0
1508084358,eth0,0.00,0.00,0.00,0,0,0.00,0.00,0.00,0,0,0.00,0.00,0,0
1508084358,eth1,0.00,0.00,0.00,0,0,0.00,0.00,0.00,0,0,0.00,0.00,0,0
1508084358,s1-eth2,5898.00,255326.00,261224.00,255326,5898,87.00,95.00,182.00,95,87,0.00,0.00,0,0
1508084358,s1-eth1,246440.00,5964.00,252404.00,5964,246440,92.00,88.00,180.00,88,92,0.00,0.00,0,0
1508084358,lo,0.00,0.00,0.00,0,0,0.00,0.00,0.00,0,0,0.00,0.00,0,0
1508084358,s4,0.00,0.00,0.00,0,0,0.00,0.00,0.00,0,0,0.00,0.00,0,0
1508084358,total,252338.00,261290.00,513628.00,261290,252338,179.00,183.00,362.00,183,179,0.00,0.00,0,0
1508084359,s5,0.00,0.00,0.00,0,0,0.00,0.00,0.00,0,0,0.00,0.00,0,0
1508084359,s1,0.00,0.00,0.00,0,0,0.00,0.00,0.00,0,0,0.00,0.00,0,0
1508084359,eth0,0.00,0.00,0.00,0,0,0.00,0.00,0.00,0,0,0.00,0.00,0,0
1508084359,eth1,0.00,0.00,0.00,0,0,0.00,0.00,0.00,0,0,0.00,0.00,0,0
1508084359,s1-eth2,5346.00,251770.00,257116.00,251770,5346,81.00,85.00,166.00,85,81,0.00,0.00,0,0
1508084359,s1-eth1,245846.00,5280.00,251126.00,5280,245846,83.00,80.00,163.00,80,83,0.00,0.00,0,0
1508084359,lo,516.00,516.00,1032.00,516,516,9.00,9.00,18.00,9,9,0.00,0.00,0,0
1508084359,s4,0.00,0.00,0.00,0,0,0.00,0.00,0.00,0,0,0.00,0.00,0,0
1508084359,total,251708.00,257566.00,509274.00,257566,251708,173.00,174.00,347.00,174,173,0.00,0.00,0,0
1508084360,s5,0.00,0.00,0.00,0,0,0.00,0.00,0.00,0,0,0.00,0.00,0,0
1508084360,s1,0.00,0.00,0.00,0,0,0.00,0.00,0.00,0,0,0.00,0.00,0,0
1508084360,eth0,0.00,0.00,0.00,0,0,0.00,0.00,0.00,0,0,0.00,0.00,0,0
1508084360,eth1,0.00,0.00,0.00,0,0,0.00,0.00,0.00,0,0,0.00,0.00,0,0
1508084360,s1-eth2,6222.00,249732.00,255954.00,249732,6222,91.00,98.00,189.00,98,91,0.00,0.00,0,0
1508084360,s1-eth1,243676.00,6222.00,249898.00,6222,243676,94.00,91.00,185.00,91,94,0.00,0.00,0,0
1508084360,lo,0.00,0.00,0.00,0,0,0.00,0.00,0.00,0,0,0.00,0.00,0,0
1508084360,s4,0.00,0.00,0.00,0,0,0.00,0.00,0.00,0,0,0.00,0.00,0,0
1508084360,total,249898.00,255954.00,505852.00,255954,249898,185.00,189.00,374.00,189,185,0.00,0.00,0,0
1508084361,s5,0.00,0.00,0.00,0,0,0.00,0.00,0.00,0,0,0.00,0.00,0,0
1508084361,s1,0.00,0.00,0.00,0,0,0.00,0.00,0.00,0,0,0.00,0.00,0,0
1508084361,eth0,0.00,0.00,0.00,0,0,0.00,0.00,0.00,0,0,0.00,0.00,0,0
1508084361,eth1,0.00,0.00,0.00,0,0,0.00,0.00,0.00,0,0,0.00,0.00,0,0
1508084361,s1-eth2,6174.00,255656.00,261830.00,255656,6174,91.00,100.00,191.00,100,91,0.00,0.00,0,0
1508084361,s1-eth1,237950.00,6174.00,244124.00,6174,237950,95.00,91.00,186.00,91,95,0.00,0.00,0,0
1508084361,lo,0.00,0.00,0.00,0,0,0.00,0.00,0.00,0,0,0.00,0.00,0,0
1508084361,s4,0.00,0.00,0.00,0,0,0.00,0.00,0.00,0,0,0.00,0.00,0,0
1508084361,total,244124.00,261830.00,505954.00,261830,244124,186.00,191.00,377.00,191,186,0.00,0.00,0,0
1508084362,s5,0.00,0.00,0.00,0,0,0.00,0.00,0.00,0,0,0.00,0.00,0,0
1508084362,s1,0.00,0.00,0.00,0,0,0.00,0.00,0.00,0,0,0.00,0.00,0,0
1508084362,eth0,0.00,0.00,0.00,0,0,0.00,0.00,0.00,0,0,0.00,0.00,0,0
1508084362,eth1,0.00,0.00,0.00,0,0,0.00,0.00,0.00,0,0,0.00,0.00,0,0
1508084362,s1-eth2,5544.46,251782.22,257326.69,252034,5550,82.92,88.91,171.83,89,83,0.00,0.00,0,0
1508084362,s1-eth1,245864.14,5544.46,251408.59,5550,246110,86.91,82.92,169.83,83,87,0.00,0.00,0,0
1508084362,lo,0.00,0.00,0.00,0,0,0.00,0.00,0.00,0,0,0.00,0.00,0,0
1508084362,s4,0.00,0.00,0.00,0,0,0.00,0.00,0.00,0,0,0.00,0.00,0,0
1508084362,total,251408.59,257326.69,508735.28,257584,251660,169.83,171.83,341.66,172,170,0.00,0.00,0,0
1508084363,s5,0.00,0.00,0.00,0,0,0.00,0.00,0.00,0,0,0.00,0.00,0,0
1508084363,s1,0.00,0.00,0.00,0,0,0.00,0.00,0.00,0,0,0.00,0.00,0,0
1508084363,eth0,0.00,0.00,0.00,0,0,0.00,0.00,0.00,0,0,0.00,0.00,0,0
1508084363,eth1,0.00,0.00,0.00,0,0,0.00,0.00,0.00,0,0,0.00,0.00,0,0
1508084363,s1-eth2,6102.00,242360.00,248462.00,242360,6102,85.00,96.00,181.00,96,85,0.00,0.00,0,0
1508084363,s1-eth1,231960.00,5760.00,237720.00,5760,231960,92.00,84.00,176.00,84,92,0.00,0.00,0,0
1508084363,lo,0.00,0.00,0.00,0,0,0.00,0.00,0.00,0,0,0.00,0.00,0,0
1508084363,s4,0.00,0.00,0.00,0,0,0.00,0.00,0.00,0,0,0.00,0.00,0,0
1508084363,total,238062.00,248120.00,486182.00,248120,238062,177.00,180.00,357.00,180,177,0.00,0.00,0,0
1508084364,s5,0.00,0.00,0.00,0,0,0.00,0.00,0.00,0,0,0.00,0.00,0,0
1508084364,s1,0.00,0.00,0.00,0,0,0.00,0.00,0.00,0,0,0.00,0.00,0,0
1508084364,eth0,0.00,0.00,0.00,0,0,0.00,0.00,0.00,0,0,0.00,0.00,0,0
1508084364,eth1,0.00,0.00,0.00,0,0,0.00,0.00,0.00,0,0,0.00,0.00,0,0
1508084364,s1-eth2,5460.00,249006.00,254466.00,249006,5460,82.00,87.00,169.00,87,82,0.00,0.00,0,0
1508084364,s1-eth1,246044.00,5526.00,251570.00,5526,246044,86.00,83.00,169.00,83,86,0.00,0.00,0,0
1508084364,lo,516.00,516.00,1032.00,516,516,9.00,9.00,18.00,9,9,0.00,0.00,0,0
1508084364,s4,0.00,0.00,0.00,0,0,0.00,0.00,0.00,0,0,0.00,0.00,0,0
1508084364,total,252020.00,255048.00,507068.00,255048,252020,177.00,179.00,356.00,179,177,0.00,0.00,0,0
1508084365,s5,0.00,0.00,0.00,0,0,0.00,0.00,0.00,0,0,0.00,0.00,0,0
1508084365,s1,0.00,0.00,0.00,0,0,0.00,0.00,0.00,0,0,0.00,0.00,0,0
1508084365,eth0,0.00,0.00,0.00,0,0,0.00,0.00,0.00,0,0,0.00,0.00,0,0
1508084365,eth1,0.00,0.00,0.00,0,0,0.00,0.00,0.00,0,0,0.00,0.00,0,0
1508084365,s1-eth2,6083.92,256649.36,262733.28,256906,6090,88.91,96.90,185.81,97,89,0.00,0.00,0,0
1508084365,s1-eth1,246259.75,6017.98,252277.73,6024,246506,92.91,87.91,180.82,88,93,0.00,0.00,0,0
1508084365,lo,0.00,0.00,0.00,0,0,0.00,0.00,0.00,0,0,0.00,0.00,0,0
1508084365,s4,0.00,0.00,0.00,0,0,0.00,0.00,0.00,0,0,0.00,0.00,0,0
1508084365,total,252343.66,262667.34,515011.00,262930,252596,181.82,184.82,366.63,185,182,0.00,0.00,0,0
1508084366,s5,0.00,0.00,0.00,0,0,0.00,0.00,0.00,0,0,0.00,0.00,0,0
1508084366,s1,0.00,0.00,0.00,0,0,0.00,0.00,0.00,0,0,0.00,0.00,0,0
1508084366,eth0,304.00,490.00,794.00,490,304,4.00,4.00,8.00,4,4,0.00,0.00,0,0
1508084366,eth1,0.00,0.00,0.00,0,0,0.00,0.00,0.00,0,0,0.00,0.00,0,0
1508084366,s1-eth2,5448.00,253350.00,258798.00,253350,5448,82.00,87.00,169.00,87,82,0.00,0.00,0,0
1508084366,s1-eth1,243656.00,5448.00,249104.00,5448,243656,88.00,82.00,170.00,82,88,0.00,0.00,0,0
1508084366,lo,682.00,682.00,1364.00,682,682,8.00,8.00,16.00,8,8,0.00,0.00,0,0
1508084366,s4,0.00,0.00,0.00,0,0,0.00,0.00,0.00,0,0,0.00,0.00,0,0
1508084366,total,250090.00,259970.00,510060.00,259970,250090,182.00,181.00,363.00,181,182,0.00,0.00,0,0
1508084367,s5,0.00,0.00,0.00,0,0,0.00,0.00,0.00,0,0,0.00,0.00,0,0
1508084367,s1,0.00,0.00,0.00,0,0,0.00,0.00,0.00,0,0,0.00,0.00,0,0
1508084367,eth0,456.00,735.00,1191.00,735,456,6.00,6.00,12.00,6,6,0.00,0.00,0,0
1508084367,eth1,0.00,0.00,0.00,0,0,0.00,0.00,0.00,0,0,0.00,0.00,0,0
1508084367,s1-eth2,6158.00,252100.00,258258.00,252100,6158,87.00,90.00,177.00,90,87,0.00,0.00,0,0
1508084367,s1-eth1,244213.00,5628.00,249841.00,5628,244213,94.00,84.00,178.00,84,94,0.00,0.00,0,0
1508084367,lo,1023.00,1023.00,2046.00,1023,1023,12.00,12.00,24.00,12,12,0.00,0.00,0,0
1508084367,s4,0.00,0.00,0.00,0,0,0.00,0.00,0.00,0,0,0.00,0.00,0,0
1508084367,total,251850.00,259486.00,511336.00,259486,251850,199.00,192.00,391.00,192,199,0.00,0.00,0,0
1508084368,s5,0.00,0.00,0.00,0,0,0.00,0.00,0.00,0,0,0.00,0.00,0,0
1508084368,s1,0.00,0.00,0.00,0,0,0.00,0.00,0.00,0,0,0.00,0.00,0,0
1508084368,eth0,304.00,490.00,794.00,490,304,4.00,4.00,8.00,4,4,0.00,0.00,0,0
1508084368,eth1,0.00,0.00,0.00,0,0,0.00,0.00,0.00,0,0,0.00,0.00,0,0
1508084368,s1-eth2,5508.00,248808.00,254316.00,248808,5508,82.00,84.00,166.00,84,82,0.00,0.00,0,0
1508084368,s1-eth1,247060.00,5148.00,252208.00,5148,247060,88.00,78.00,166.00,78,88,0.00,0.00,0,0
1508084368,lo,682.00,682.00,1364.00,682,682,8.00,8.00,16.00,8,8,0.00,0.00,0,0
1508084368,s4,0.00,0.00,0.00,0,0,0.00,0.00,0.00,0,0,0.00,0.00,0,0
1508084368,total,253554.00,255128.00,508682.00,255128,253554,182.00,174.00,356.00,174,182,0.00,0.00,0,0
1508084369,s5,0.00,0.00,0.00,0,0,0.00,0.00,0.00,0,0,0.00,0.00,0,0
1508084369,s1,0.00,0.00,0.00,0,0,0.00,0.00,0.00,0,0,0.00,0.00,0,0
1508084369,eth0,152.00,245.00,397.00,245,152,2.00,2.00,4.00,2,2,0.00,0.00,0,0
1508084369,eth1,0.00,0.00,0.00,0,0,0.00,0.00,0.00,0,0,0.00,0.00,0,0
1508084369,s1-eth2,7430.00,246242.00,253672.00,246242,7430,91.00,89.00,180.00,89,91,0.00,0.00,0,0
1508084369,s1-eth1,244216.00,5574.00,249790.00,5574,244216,91.00,83.00,174.00,83,91,0.00,0.00,0,0
1508084369,lo,857.00,857.00,1714.00,857,857,13.00,13.00,26.00,13,13,0.00,0.00,0,0
1508084369,s4,0.00,0.00,0.00,0,0,0.00,0.00,0.00,0,0,0.00,0.00,0,0
1508084369,total,252655.00,252918.00,505573.00,252918,252655,197.00,187.00,384.00,187,197,0.00,0.00,0,0
1508084370,s5,0.00,0.00,0.00,0,0,0.00,0.00,0.00,0,0,0.00,0.00,0,0
1508084370,s1,0.00,0.00,0.00,0,0,0.00,0.00,0.00,0,0,0.00,0.00,0,0
1508084370,eth0,0.00,0.00,0.00,0,0,0.00,0.00,0.00,0,0,0.00,0.00,0,0
1508084370,eth1,0.00,0.00,0.00,0,0,0.00,0.00,0.00,0,0,0.00,0.00,0,0
1508084370,s1-eth2,6482.00,246506.00,252988.00,246506,6482,92.00,93.00,185.00,93,92,0.00,0.00,0,0
1508084370,s1-eth1,243651.00,6108.00,249759.00,6108,243651,93.00,90.00,183.00,90,93,0.00,0.00,0,0
1508084370,lo,0.00,0.00,0.00,0,0,0.00,0.00,0.00,0,0,0.00,0.00,0,0
1508084370,s4,0.00,0.00,0.00,0,0,0.00,0.00,0.00,0,0,0.00,0.00,0,0
1508084370,total,250133.00,252614.00,502747.00,252614,250133,185.00,183.00,368.00,183,185,0.00,0.00,0,0
1508084371,s5,0.00,0.00,0.00,0,0,0.00,0.00,0.00,0,0,0.00,0.00,0,0
1508084371,s1,0.00,0.00,0.00,0,0,0.00,0.00,0.00,0,0,0.00,0.00,0,0
1508084371,eth0,59.94,59.94,119.88,60,60,1.00,1.00,2.00,1,1,0.00,0.00,0,0
1508084371,eth1,0.00,0.00,0.00,0,0,0.00,0.00,0.00,0,0,0.00,0.00,0,0
1508084371,s1-eth2,6122.88,251650.36,257773.23,251902,6129,83.92,86.91,170.83,87,84,0.00,0.00,0,0
1508084371,s1-eth1,246395.61,5454.55,251850.16,5460,246642,87.91,81.92,169.83,82,88,0.00,0.00,0,0
1508084371,lo,0.00,0.00,0.00,0,0,0.00,0.00,0.00,0,0,0.00,0.00,0,0
1508084371,s4,0.00,0.00,0.00,0,0,0.00,0.00,0.00,0,0,0.00,0.00,0,0
1508084371,total,252578.42,257164.84,509743.28,257422,252831,172.83,169.83,342.66,170,173,0.00,0.00,0,0
1508084372,s5,0.00,0.00,0.00,0,0,0.00,0.00,0.00,0,0,0.00,0.00,0,0
1508084372,s1,0.00,0.00,0.00,0,0,0.00,0.00,0.00,0,0,0.00,0.00,0,0
1508084372,eth0,0.00,0.00,0.00,0,0,0.00,0.00,0.00,0,0,0.00,0.00,0,0
1508084372,eth1,0.00,0.00,0.00,0,0,0.00,0.00,0.00,0,0,0.00,0.00,0,0
1508084372,s1-eth2,6570.00,249336.00,255906.00,249336,6570,94.00,92.00,186.00,92,94,0.00,0.00,0,0
1508084372,s1-eth1,243412.00,6126.00,249538.00,6126,243412,90.00,91.00,181.00,91,90,0.00,0.00,0,0
1508084372,lo,0.00,0.00,0.00,0,0,0.00,0.00,0.00,0,0,0.00,0.00,0,0
1508084372,s4,0.00,0.00,0.00,0,0,0.00,0.00,0.00,0,0,0.00,0.00,0,0
1508084372,total,249982.00,255462.00,505444.00,255462,249982,184.00,183.00,367.00,183,184,0.00,0.00,0,0
1508084373,s5,0.00,0.00,0.00,0,0,0.00,0.00,0.00,0,0,0.00,0.00,0,0
1508084373,s1,0.00,0.00,0.00,0,0,0.00,0.00,0.00,0,0,0.00,0.00,0,0
1508084373,eth0,0.00,0.00,0.00,0,0,0.00,0.00,0.00,0,0,0.00,0.00,0,0
1508084373,eth1,0.00,0.00,0.00,0,0,0.00,0.00,0.00,0,0,0.00,0.00,0,0
1508084373,s1-eth2,6333.00,249336.00,255669.00,249336,6333,90.00,92.00,182.00,92,90,0.00,0.00,0,0
1508084373,s1-eth1,246374.00,6006.00,252380.00,6006,246374,91.00,89.00,180.00,89,91,0.00,0.00,0,0
1508084373,lo,0.00,0.00,0.00,0,0,0.00,0.00,0.00,0,0,0.00,0.00,0,0
1508084373,s4,0.00,0.00,0.00,0,0,0.00,0.00,0.00,0,0,0.00,0.00,0,0
1508084373,total,252707.00,255342.00,508049.00,255342,252707,181.00,181.00,362.00,181,181,0.00,0.00,0,0
1508084374,s5,0.00,0.00,0.00,0,0,0.00,0.00,0.00,0,0,0.00,0.00,0,0
1508084374,s1,0.00,0.00,0.00,0,0,0.00,0.00,0.00,0,0,0.00,0.00,0,0
1508084374,eth0,0.00,0.00,0.00,0,0,0.00,0.00,0.00,0,0,0.00,0.00,0,0
1508084374,eth1,0.00,0.00,0.00,0,0,0.00,0.00,0.00,0,0,0.00,0.00,0,0
1508084374,s1-eth2,5862.00,255128.00,260990.00,255128,5862,87.00,92.00,179.00,92,87,0.00,0.00,0,0
1508084374,s1-eth1,246349.00,5862.00,252211.00,5862,246349,90.00,87.00,177.00,87,90,0.00,0.00,0,0
1508084374,lo,516.00,516.00,1032.00,516,516,9.00,9.00,18.00,9,9,0.00,0.00,0,0
1508084374,s4,0.00,0.00,0.00,0,0,0.00,0.00,0.00,0,0,0.00,0.00,0,0
1508084374,total,252727.00,261506.00,514233.00,261506,252727,186.00,188.00,374.00,188,186,0.00,0.00,0,0
1508084375,s5,0.00,0.00,0.00,0,0,0.00,0.00,0.00,0,0,0.00,0.00,0,0
1508084375,s1,0.00,0.00,0.00,0,0,0.00,0.00,0.00,0,0,0.00,0.00,0,0
1508084375,eth0,0.00,0.00,0.00,0,0,0.00,0.00,0.00,0,0,0.00,0.00,0,0
1508084375,eth1,0.00,0.00,0.00,0,0,0.00,0.00,0.00,0,0,0.00,0.00,0,0
1508084375,s1-eth2,6114.00,246176.00,252290.00,246176,6114,87.00,88.00,175.00,88,87,0.00,0.00,0,0
1508084375,s1-eth1,243284.00,5772.00,249056.00,5772,243284,88.00,86.00,174.00,86,88,0.00,0.00,0,0
1508084375,lo,0.00,0.00,0.00,0,0,0.00,0.00,0.00,0,0,0.00,0.00,0,0
1508084375,s4,0.00,0.00,0.00,0,0,0.00,0.00,0.00,0,0,0.00,0.00,0,0
1508084375,total,249398.00,251948.00,501346.00,251948,249398,175.00,174.00,349.00,174,175,0.00,0.00,0,0
1508084376,s5,0.00,0.00,0.00,0,0,0.00,0.00,0.00,0,0,0.00,0.00,0,0
1508084376,s1,0.00,0.00,0.00,0,0,0.00,0.00,0.00,0,0,0.00,0.00,0,0
1508084376,eth0,0.00,0.00,0.00,0,0,0.00,0.00,0.00,0,0,0.00,0.00,0,0
1508084376,eth1,0.00,0.00,0.00,0,0,0.00,0.00,0.00,0,0,0.00,0.00,0,0
1508084376,s1-eth2,6099.00,253878.00,259977.00,253878,6099,89.00,95.00,184.00,95,89,0.00,0.00,0,0
1508084376,s1-eth1,245268.00,5922.00,251190.00,5922,245268,92.00,87.00,179.00,87,92,0.00,0.00,0,0
1508084376,lo,0.00,0.00,0.00,0,0,0.00,0.00,0.00,0,0,0.00,0.00,0,0
1508084376,s4,0.00,0.00,0.00,0,0,0.00,0.00,0.00,0,0,0.00,0.00,0,0
1508084376,total,251367.00,259800.00,511167.00,259800,251367,181.00,182.00,363.00,182,181,0.00,0.00,0,0
1508084377,s5,0.00,0.00,0.00,0,0,0.00,0.00,0.00,0,0,0.00,0.00,0,0
1508084377,s1,0.00,0.00,0.00,0,0,0.00,0.00,0.00,0,0,0.00,0.00,0,0
1508084377,eth0,0.00,0.00,0.00,0,0,0.00,0.00,0.00,0,0,0.00,0.00,0,0
1508084377,eth1,0.00,0.00,0.00,0,0,0.00,0.00,0.00,0,0,0.00,0.00,0,0
1508084377,s1-eth2,6203.80,253690.31,259894.11,253944,6210,90.91,95.90,186.81,96,91,0.00,0.00,0,0
1508084377,s1-eth1,244747.27,6203.80,250951.06,6210,244992,91.91,90.91,182.82,91,92,0.00,0.00,0,0
1508084377,lo,0.00,0.00,0.00,0,0,0.00,0.00,0.00,0,0,0.00,0.00,0,0
1508084377,s4,0.00,0.00,0.00,0,0,0.00,0.00,0.00,0,0,0.00,0.00,0,0
1508084377,total,250951.06,259894.11,510845.16,260154,251202,182.82,186.81,369.63,187,183,0.00,0.00,0,0
1508084378,s5,0.00,0.00,0.00,0,0,0.00,0.00,0.00,0,0,0.00,0.00,0,0
1508084378,s1,0.00,0.00,0.00,0,0,0.00,0.00,0.00,0,0,0.00,0.00,0,0
1508084378,eth0,0.00,0.00,0.00,0,0,0.00,0.00,0.00,0,0,0.00,0.00,0,0
1508084378,eth1,0.00,0.00,0.00,0,0,0.00,0.00,0.00,0,0,0.00,0.00,0,0
1508084378,s1-eth2,4812.00,210566.00,215378.00,210566,4812,72.00,75.00,147.00,75,72,0.00,0.00,0,0
1508084378,s1-eth1,209118.00,4812.00,213930.00,4812,209118,75.00,72.00,147.00,72,75,0.00,0.00,0,0
1508084378,lo,0.00,0.00,0.00,0,0,0.00,0.00,0.00,0,0,0.00,0.00,0,0
1508084378,s4,0.00,0.00,0.00,0,0,0.00,0.00,0.00,0,0,0.00,0.00,0,0
1508084378,total,213930.00,215378.00,429308.00,215378,213930,147.00,147.00,294.00,147,147,0.00,0.00,0,0
1508084379,s5,0.00,0.00,0.00,0,0,0.00,0.00,0.00,0,0,0.00,0.00,0,0
1508084379,s1,0.00,0.00,0.00,0,0,0.00,0.00,0.00,0,0,0.00,0.00,0,0
1508084379,eth0,0.00,0.00,0.00,0,0,0.00,0.00,0.00,0,0,0.00,0.00,0,0
1508084379,eth1,0.00,0.00,0.00,0,0,0.00,0.00,0.00,0,0,0.00,0.00,0,0
1508084379,s1-eth2,5438.00,240318.00,245756.00,240318,5438,81.00,87.00,168.00,87,81,0.00,0.00,0,0
1508084379,s1-eth1,228470.00,5438.00,233908.00,5438,228470,83.00,81.00,164.00,81,83,0.00,0.00,0,0
1508084379,lo,516.00,516.00,1032.00,516,516,9.00,9.00,18.00,9,9,0.00,0.00,0,0
1508084379,s4,0.00,0.00,0.00,0,0,0.00,0.00,0.00,0,0,0.00,0.00,0,0
1508084379,total,234424.00,246272.00,480696.00,246272,234424,173.00,177.00,350.00,177,173,0.00,0.00,0,0
1508084380,s5,0.00,0.00,0.00,0,0,0.00,0.00,0.00,0,0,0.00,0.00,0,0
1508084380,s1,0.00,0.00,0.00,0,0,0.00,0.00,0.00,0,0,0.00,0.00,0,0
1508084380,eth0,0.00,0.00,0.00,0,0,0.00,0.00,0.00,0,0,0.00,0.00,0,0
1508084380,eth1,0.00,0.00,0.00,0,0,0.00,0.00,0.00,0,0,0.00,0.00,0,0
1508084380,s1-eth2,5598.40,251782.22,257380.62,252034,5604,83.92,88.91,172.83,89,84,0.00,0.00,0,0
1508084380,s1-eth1,242905.09,5598.40,248503.50,5604,243148,85.91,83.92,169.83,84,86,0.00,0.00,0,0
1508084380,lo,0.00,0.00,0.00,0,0,0.00,0.00,0.00,0,0,0.00,0.00,0,0
1508084380,s4,0.00,0.00,0.00,0,0,0.00,0.00,0.00,0,0,0.00,0.00,0,0
1508084380,total,248503.50,257380.62,505884.12,257638,248752,169.83,172.83,342.66,173,170,0.00,0.00,0,0
1508084381,s5,0.00,0.00,0.00,0,0,0.00,0.00,0.00,0,0,0.00,0.00,0,0
1508084381,s1,0.00,0.00,0.00,0,0,0.00,0.00,0.00,0,0,0.00,0.00,0,0
1508084381,eth0,0.00,0.00,0.00,0,0,0.00,0.00,0.00,0,0,0.00,0.00,0,0
1508084381,eth1,0.00,0.00,0.00,0,0,0.00,0.00,0.00,0,0,0.00,0.00,0,0
1508084381,s1-eth2,1386.00,48460.00,49846.00,48460,1386,21.00,18.00,39.00,18,21,0.00,0.00,0,0
1508084381,s1-eth1,60308.00,1386.00,61694.00,1386,60308,22.00,21.00,43.00,21,22,0.00,0.00,0,0
1508084381,lo,0.00,0.00,0.00,0,0,0.00,0.00,0.00,0,0,0.00,0.00,0,0
1508084381,s4,0.00,0.00,0.00,0,0,0.00,0.00,0.00,0,0,0.00,0.00,0,0
1508084381,total,61694.00,49846.00,111540.00,49846,61694,43.00,39.00,82.00,39,43,0.00,0.00,0,0
1508084382,s5,0.00,0.00,0.00,0,0,0.00,0.00,0.00,0,0,0.00,0.00,0,0
1508084382,s1,0.00,0.00,0.00,0,0,0.00,0.00,0.00,0,0,0.00,0.00,0,0
1508084382,eth0,1704.00,4518.00,6222.00,4518,1704,12.00,12.00,24.00,12,12,0.00,0.00,0,0
1508084382,eth1,0.00,0.00,0.00,0,0,0.00,0.00,0.00,0,0,0.00,0.00,0,0
1508084382,s1-eth2,0.00,0.00,0.00,0,0,0.00,0.00,0.00,0,0,0.00,0.00,0,0
1508084382,s1-eth1,107.00,0.00,107.00,0,107,1.00,0.00,1.00,0,1,0.00,0.00,0,0
1508084382,lo,820.00,820.00,1640.00,820,820,6.00,6.00,12.00,6,6,0.00,0.00,0,0
1508084382,s4,0.00,0.00,0.00,0,0,0.00,0.00,0.00,0,0,0.00,0.00,0,0
1508084382,total,2631.00,5338.00,7969.00,5338,2631,19.00,18.00,37.00,18,19,0.00,0.00,0,0
1508084383,s5,0.00,0.00,0.00,0,0,0.00,0.00,0.00,0,0,0.00,0.00,0,0
1508084383,s1,0.00,0.00,0.00,0,0,0.00,0.00,0.00,0,0,0.00,0.00,0,0
1508084383,eth0,0.00,0.00,0.00,0,0,0.00,0.00,0.00,0,0,0.00,0.00,0,0
1508084383,eth1,0.00,0.00,0.00,0,0,0.00,0.00,0.00,0,0,0.00,0.00,0,0
1508084383,s1-eth2,0.00,0.00,0.00,0,0,0.00,0.00,0.00,0,0,0.00,0.00,0,0
1508084383,s1-eth1,0.00,0.00,0.00,0,0,0.00,0.00,0.00,0,0,0.00,0.00,0,0
1508084383,lo,0.00,0.00,0.00,0,0,0.00,0.00,0.00,0,0,0.00,0.00,0,0
1508084383,s4,0.00,0.00,0.00,0,0,0.00,0.00,0.00,0,0,0.00,0.00,0,0
1508084383,total,0.00,0.00,0.00,0,0,0.00,0.00,0.00,0,0,0.00,0.00,0,0
1508084384,s5,0.00,0.00,0.00,0,0,0.00,0.00,0.00,0,0,0.00,0.00,0,0
1508084384,s1,0.00,0.00,0.00,0,0,0.00,0.00,0.00,0,0,0.00