1508035968,s5,0.00,0.00,0.00,0,0,0.00,0.00,0.00,0,0,0.00,0.00,0,0
1508035968,eth0,0.00,0.00,0.00,0,0,0.00,0.00,0.00,0,0,0.00,0.00,0,0
1508035968,eth1,0.00,0.00,0.00,0,0,0.00,0.00,0.00,0,0,0.00,0.00,0,0
1508035968,s2,0.00,0.00,0.00,0,0,0.00,0.00,0.00,0,0,0.00,0.00,0,0
1508035968,s2-eth2,0.00,0.00,0.00,0,0,0.00,0.00,0.00,0,0,0.00,0.00,0,0
1508035968,s2-eth1,0.00,0.00,0.00,0,0,0.00,0.00,0.00,0,0,0.00,0.00,0,0
1508035968,lo,0.00,0.00,0.00,0,0,0.00,0.00,0.00,0,0,0.00,0.00,0,0
1508035968,s4,0.00,0.00,0.00,0,0,0.00,0.00,0.00,0,0,0.00,0.00,0,0
1508035968,total,0.00,0.00,0.00,0,0,0.00,0.00,0.00,0,0,0.00,0.00,0,0
1508035969,s5,0.00,0.00,0.00,0,0,0.00,0.00,0.00,0,0,0.00,0.00,0,0
1508035969,eth0,151.85,244.76,396.60,245,152,2.00,2.00,4.00,2,2,0.00,0.00,0,0
1508035969,eth1,0.00,0.00,0.00,0,0,0.00,0.00,0.00,0,0,0.00,0.00,0,0
1508035969,s2,89.91,249.75,339.66,250,90,1.00,3.00,4.00,3,1,0.00,0.00,0,0
1508035969,s2-eth2,4855.15,126635.37,131490.52,126762,4860,58.94,54.95,113.89,55,59,0.00,0.00,0,0
1508035969,s2-eth1,120694.31,3734.27,124428.58,3738,120815,58.94,52.95,111.89,53,59,0.00,0.00,0,0
1508035969,lo,1471.53,1471.53,2943.06,1473,1473,15.98,15.98,31.97,16,16,0.00,0.00,0,0
1508035969,s4,0.00,0.00,0.00,0,0,0.00,0.00,0.00,0,0,0.00,0.00,0,0
1508035969,total,127262.74,132335.67,259598.41,132468,127390,136.86,128.87,265.73,129,137,0.00,0.00,0,0
1508035970,s5,0.00,0.00,0.00,0,0,0.00,0.00,0.00,0,0,0.00,0.00,0,0
1508035970,eth0,0.00,0.00,0.00,0,0,0.00,0.00,0.00,0,0,0.00,0.00,0,0
1508035970,eth1,0.00,0.00,0.00,0,0,0.00,0.00,0.00,0,0,0.00,0.00,0,0
1508035970,s2,0.00,0.00,0.00,0,0,0.00,0.00,0.00,0,0,0.00,0.00,0,0
1508035970,s2-eth2,2928.07,88969.03,91897.10,89058,2931,34.97,32.97,67.93,33,35,0.00,0.00,0,0
1508035970,s2-eth1,95555.45,2259.74,97815.19,2262,95651,36.96,32.97,69.93,33,37,0.00,0.00,0,0
1508035970,lo,0.00,0.00,0.00,0,0,0.00,0.00,0.00,0,0,0.00,0.00,0,0
1508035970,s4,0.00,0.00,0.00,0,0,0.00,0.00,0.00,0,0,0.00,0.00,0,0
1508035970,total,98483.52,91228.77,189712.30,91320,98582,71.93,65.93,137.86,66,72,0.00,0.00,0,0
1508035971,s5,0.00,0.00,0.00,0,0,0.00,0.00,0.00,0,0,0.00,0.00,0,0
1508035971,eth0,0.00,0.00,0.00,0,0,0.00,0.00,0.00,0,0,0.00,0.00,0,0
1508035971,eth1,0.00,0.00,0.00,0,0,0.00,0.00,0.00,0,0,0.00,0.00,0,0
1508035971,s2,0.00,0.00,0.00,0,0,0.00,0.00,0.00,0,0,0.00,0.00,0,0
1508035971,s2-eth2,2262.00,67140.00,69402.00,67140,2262,28.00,30.00,58.00,30,28,0.00,0.00,0,0
1508035971,s2-eth1,60010.00,1888.00,61898.00,1888,60010,28.00,26.00,54.00,26,28,0.00,0.00,0,0
1508035971,lo,0.00,0.00,0.00,0,0,0.00,0.00,0.00,0,0,0.00,0.00,0,0
1508035971,s4,0.00,0.00,0.00,0,0,0.00,0.00,0.00,0,0,0.00,0.00,0,0
1508035971,total,62272.00,69028.00,131300.00,69028,62272,56.00,56.00,112.00,56,56,0.00,0.00,0,0
1508035972,s5,0.00,0.00,0.00,0,0,0.00,0.00,0.00,0,0,0.00,0.00,0,0
1508035972,eth0,0.00,0.00,0.00,0,0,0.00,0.00,0.00,0,0,0.00,0.00,0,0
1508035972,eth1,0.00,0.00,0.00,0,0,0.00,0.00,0.00,0,0,0.00,0.00,0,0
1508035972,s2,70.00,70.00,140.00,70,70,1.00,1.00,2.00,1,1,0.00,0.00,0,0
1508035972,s2-eth2,1659.00,53316.00,54975.00,53316,1659,21.00,18.00,39.00,18,21,0.00,0.00,0,0
1508035972,s2-eth1,59707.00,1192.00,60899.00,1192,59707,23.00,18.00,41.00,18,23,0.00,0.00,0,0
1508035972,lo,880.00,880.00,1760.00,880,880,12.00,12.00,24.00,12,12,0.00,0.00,0,0
1508035972,s4,0.00,0.00,0.00,0,0,0.00,0.00,0.00,0,0,0.00,0.00,0,0
1508035972,total,62316.00,55458.00,117774.00,55458,62316,57.00,49.00,106.00,49,57,0.00,0.00,0,0
1508035973,s5,0.00,0.00,0.00,0,0,0.00,0.00,0.00,0,0,0.00,0.00,0,0
1508035973,eth0,0.00,0.00,0.00,0,0,0.00,0.00,0.00,0,0,0.00,0.00,0,0
1508035973,eth1,0.00,0.00,0.00,0,0,0.00,0.00,0.00,0,0,0.00,0.00,0,0
1508035973,s2,0.00,69.93,69.93,70,0,0.00,1.00,1.00,1,0,0.00,0.00,0,0
1508035973,s2-eth2,1582.42,79964.04,81546.45,80044,1584,23.98,27.97,51.95,28,24,0.00,0.00,0,0
1508035973,s2-eth1,65510.49,1582.42,67092.91,1584,65576,23.98,23.98,47.95,24,24,0.00,0.00,0,0
1508035973,lo,267.73,267.73,535.46,268,268,3.00,3.00,5.99,3,3,0.00,0.00,0,0
1508035973,s4,0.00,0.00,0.00,0,0,0.00,0.00,0.00,0,0,0.00,0.00,0,0
1508035973,total,67360.64,81884.12,149244.77,81966,67428,50.95,55.94,106.89,56,51,0.00,0.00,0,0
1508035974,s5,0.00,0.00,0.00,0,0,0.00,0.00,0.00,0,0,0.00,0.00,0,0
1508035974,eth0,0.00,0.00,0.00,0,0,0.00,0.00,0.00,0,0,0.00,0.00,0,0
1508035974,eth1,0.00,0.00,0.00,0,0,0.00,0.00,0.00,0,0,0.00,0.00,0,0
1508035974,s2,0.00,0.00,0.00,0,0,0.00,0.00,0.00,0,0,0.00,0.00,0,0
1508035974,s2-eth2,2310.00,115518.00,117828.00,115518,2310,35.00,39.00,74.00,39,35,0.00,0.00,0,0
1508035974,s2-eth1,124404.00,2310.00,126714.00,2310,124404,42.00,35.00,77.00,35,42,0.00,0.00,0,0
1508035974,lo,0.00,0.00,0.00,0,0,0.00,0.00,0.00,0,0,0.00,0.00,0,0
1508035974,s4,0.00,0.00,0.00,0,0,0.00,0.00,0.00,0,0,0.00,0.00,0,0
1508035974,total,126714.00,117828.00,244542.00,117828,126714,77.00,74.00,151.00,74,77,0.00,0.00,0,0
1508035975,s5,0.00,0.00,0.00,0,0,0.00,0.00,0.00,0,0,0.00,0.00,0,0
1508035975,eth0,87.00,0.00,87.00,0,87,1.00,0.00,1.00,0,1,0.00,0.00,0,0
1508035975,eth1,0.00,0.00,0.00,0,0,0.00,0.00,0.00,0,0,0.00,0.00,0,0
1508035975,s2,0.00,0.00,0.00,0,0,0.00,0.00,0.00,0,0,0.00,0.00,0,0
1508035975,s2-eth2,4529.00,228074.00,232603.00,228074,4529,68.00,77.00,145.00,77,68,0.00,0.00,0,0
1508035975,s2-eth1,204485.00,4422.00,208907.00,4422,204485,70.00,67.00,137.00,67,70,0.00,0.00,0,0
1508035975,lo,0.00,0.00,0.00,0,0,0.00,0.00,0.00,0,0,0.00,0.00,0,0
1508035975,s4,0.00,0.00,0.00,0,0,0.00,0.00,0.00,0,0,0.00,0.00,0,0
1508035975,total,209101.00,232496.00,441597.00,232496,209101,139.00,144.00,283.00,144,139,0.00,0.00,0,0
1508035976,s5,0.00,0.00,0.00,0,0,0.00,0.00,0.00,0,0,0.00,0.00,0,0
1508035976,eth0,107.00,0.00,107.00,0,107,1.00,0.00,1.00,0,1,0.00,0.00,0,0
1508035976,eth1,0.00,0.00,0.00,0,0,0.00,0.00,0.00,0,0,0.00,0.00,0,0
1508035976,s2,70.00,70.00,140.00,70,70,1.00,1.00,2.00,1,1,0.00,0.00,0,0
1508035976,s2-eth2,7116.00,219126.00,226242.00,219126,7116,100.00,95.00,195.00,95,100,0.00,0.00,0,0
1508035976,s2-eth1,226638.00,6976.00,233614.00,6976,226638,99.00,98.00,197.00,98,99,0.00,0.00,0,0
1508035976,lo,536.00,536.00,1072.00,536,536,6.00,6.00,12.00,6,6,0.00,0.00,0,0
1508035976,s4,0.00,0.00,0.00,0,0,0.00,0.00,0.00,0,0,0.00,0.00,0,0
1508035976,total,234467.00,226708.00,461175.00,226708,234467,207.00,200.00,407.00,200,207,0.00,0.00,0,0
1508035977,s5,0.00,0.00,0.00,0,0,0.00,0.00,0.00,0,0,0.00,0.00,0,0
1508035977,eth0,0.00,0.00,0.00,0,0,0.00,0.00,0.00,0,0,0.00,0.00,0,0
1508035977,eth1,0.00,0.00,0.00,0,0,0.00,0.00,0.00,0,0,0.00,0.00,0,0
1508035977,s2,0.00,69.93,69.93,70,0,0.00,1.00,1.00,1,0,0.00,0.00,0,0
1508035977,s2-eth2,4615.38,210161.84,214777.23,210372,4620,69.93,71.93,141.86,72,70,0.00,0.00,0,0
1508035977,s2-eth1,213120.89,4681.32,217802.20,4686,213334,72.93,70.93,143.86,71,73,0.00,0.00,0,0
1508035977,lo,611.39,611.39,1222.78,612,612,8.99,8.99,17.98,9,9,0.00,0.00,0,0
1508035977,s4,0.00,0.00,0.00,0,0,0.00,0.00,0.00,0,0,0.00,0.00,0,0
1508035977,total,218347.66,215524.48,433872.12,215740,218566,151.85,152.85,304.70,153,152,0.00,0.00,0,0
1508035978,s5,0.00,0.00,0.00,0,0,0.00,0.00,0.00,0,0,0.00,0.00,0,0
1508035978,eth0,0.00,0.00,0.00,0,0,0.00,0.00,0.00,0,0,0.00,0.00,0,0
1508035978,eth1,0.00,0.00,0.00,0,0,0.00,0.00,0.00,0,0,0.00,0.00,0,0
1508035978,s2,0.00,0.00,0.00,0,0,0.00,0.00,0.00,0,0,0.00,0.00,0,0
1508035978,s2-eth2,4736.00,140072.00,144808.00,140072,4736,62.00,60.00,122.00,60,62,0.00,0.00,0,0
1508035978,s2-eth1,140072.00,4328.00,144400.00,4328,140072,60.00,60.00,120.00,60,60,0.00,0.00,0,0
1508035978,lo,0.00,0.00,0.00,0,0,0.00,0.00,0.00,0,0,0.00,0.00,0,0
1508035978,s4,0.00,0.00,0.00,0,0,0.00,0.00,0.00,0,0,0.00,0.00,0,0
1508035978,total,144808.00,144400.00,289208.00,144400,144808,122.00,120.00,242.00,120,122,0.00,0.00,0,0
1508035979,s5,0.00,0.00,0.00,0,0,0.00,0.00,0.00,0,0,0.00,0.00,0,0
1508035979,eth0,0.00,0.00,0.00,0,0,0.00,0.00,0.00,0,0,0.00,0.00,0,0
1508035979,eth1,0.00,0.00,0.00,0,0,0.00,0.00,0.00,0,0,0.00,0.00,0,0
1508035979,s2,0.00,0.00,0.00,0,0,0.00,0.00,0.00,0,0,0.00,0.00,0,0
1508035979,s2-eth2,3108.00,133422.00,136530.00,133422,3108,46.00,47.00,93.00,47,46,0.00,0.00,0,0
1508035979,s2-eth1,127774.00,3108.00,130882.00,3108,127774,45.00,46.00,91.00,46,45,0.00,0.00,0,0
1508035979,lo,0.00,0.00,0.00,0,0,0.00,0.00,0.00,0,0,0.00,0.00,0,0
1508035979,s4,0.00,0.00,0.00,0,0,0.00,0.00,0.00,0,0,0.00,0.00,0,0
1508035979,total,130882.00,136530.00,267412.00,136530,130882,91.00,93.00,184.00,93,91,0.00,0.00,0,0
1508035980,s5,0.00,0.00,0.00,0,0,0.00,0.00,0.00,0,0,0.00,0.00,0,0
1508035980,eth0,0.00,0.00,0.00,0,0,0.00,0.00,0.00,0,0,0.00,0.00,0,0
1508035980,eth1,0.00,0.00,0.00,0,0,0.00,0.00,0.00,0,0,0.00,0.00,0,0
1508035980,s2,0.00,0.00,0.00,0,0,0.00,0.00,0.00,0,0,0.00,0.00,0,0
1508035980,s2-eth2,2064.00,74380.00,76444.00,74380,2064,30.00,30.00,60.00,30,30,0.00,0.00,0,0
1508035980,s2-eth1,77408.00,2064.00,79472.00,2064,77408,32.00,30.00,62.00,30,32,0.00,0.00,0,0
1508035980,lo,0.00,0.00,0.00,0,0,0.00,0.00,0.00,0,0,0.00,0.00,0,0
1508035980,s4,0.00,0.00,0.00,0,0,0.00,0.00,0.00,0,0,0.00,0.00,0,0
1508035980,total,79472.00,76444.00,155916.00,76444,79472,62.00,60.00,122.00,60,62,0.00,0.00,0,0
1508035981,s5,0.00,0.00,0.00,0,0,0.00,0.00,0.00,0,0,0.00,0.00,0,0
1508035981,eth0,0.00,0.00,0.00,0,0,0.00,0.00,0.00,0,0,0.00,0.00,0,0
1508035981,eth1,0.00,0.00,0.00,0,0,0.00,0.00,0.00,0,0,0.00,0.00,0,0
1508035981,s2,0.00,0.00,0.00,0,0,0.00,0.00,0.00,0,0,0.00,0.00,0,0
1508035981,s2-eth2,1896.00,84648.00,86544.00,84648,1896,28.00,32.00,60.00,32,28,0.00,0.00,0,0
1508035981,s2-eth1,75564.00,1896.00,77460.00,1896,75564,26.00,28.00,54.00,28,26,0.00,0.00,0,0
1508035981,lo,172.00,172.00,344.00,172,172,3.00,3.00,6.00,3,3,0.00,0.00,0,0
1508035981,s4,0.00,0.00,0.00,0,0,0.00,0.00,0.00,0,0,0.00,0.00,0,0
1508035981,total,77632.00,86716.00,164348.00,86716,77632,57.00,63.00,120.00,63,57,0.00,0.00,0,0
1508035982,s5,0.00,0.00,0.00,0,0,0.00,0.00,0.00,0,0,0.00,0.00,0,0
1508035982,eth0,0.00,0.00,0.00,0,0,0.00,0.00,0.00,0,0,0.00,0.00,0,0
1508035982,eth1,0.00,0.00,0.00,0,0,0.00,0.00,0.00,0,0,0.00,0.00,0,0
1508035982,s2,0.00,0.00,0.00,0,0,0.00,0.00,0.00,0,0,0.00,0.00,0,0
1508035982,s2-eth2,1990.01,84365.63,86355.65,84450,1992,29.97,28.97,58.94,29,30,0.00,0.00,0,0
1508035982,s2-eth1,90481.52,1990.01,92471.53,1992,90572,33.97,29.97,63.94,30,34,0.00,0.00,0,0
1508035982,lo,343.66,343.66,687.31,344,344,5.99,5.99,11.99,6,6,0.00,0.00,0,0
1508035982,s4,0.00,0.00,0.00,0,0,0.00,0.00,0.00,0,0,0.00,0.00,0,0
1508035982,total,92815.19,86699.30,179514.48,86786,92908,69.93,64.94,134.87,65,70,0.00,0.00,0,0
1508035983,s5,0.00,0.00,0.00,0,0,0.00,0.00,0.00,0,0,0.00,0.00,0,0
1508035983,eth0,0.00,0.00,0.00,0,0,0.00,0.00,0.00,0,0,0.00,0.00,0,0
1508035983,eth1,0.00,0.00,0.00,0,0,0.00,0.00,0.00,0,0,0.00,0.00,0,0
1508035983,s2,0.00,0.00,0.00,0,0,0.00,0.00,0.00,0,0,0.00,0.00,0,0
1508035983,s2-eth2,2348.65,100607.40,102956.05,100708,2351,34.97,33.97,68.93,34,35,0.00,0.00,0,0
1508035983,s2-eth1,91837.16,2241.76,94078.92,2244,91929,31.97,33.97,65.93,34,32,0.00,0.00,0,0
1508035983,lo,0.00,0.00,0.00,0,0,0.00,0.00,0.00,0,0,0.00,0.00,0,0
1508035983,s4,0.00,0.00,0.00,0,0,0.00,0.00,0.00,0,0,0.00,0.00,0,0
1508035983,total,94185.82,102849.16,197034.97,102952,94280,66.93,67.93,134.87,68,67,0.00,0.00,0,0
1508035984,s5,0.00,0.00,0.00,0,0,0.00,0.00,0.00,0,0,0.00,0.00,0,0
1508035984,eth0,0.00,0.00,0.00,0,0,0.00,0.00,0.00,0,0,0.00,0.00,0,0
1508035984,eth1,0.00,0.00,0.00,0,0,0.00,0.00,0.00,0,0,0.00,0.00,0,0
1508035984,s2,0.00,0.00,0.00,0,0,0.00,0.00,0.00,0,0,0.00,0.00,0,0
1508035984,s2-eth2,2040.00,80238.00,82278.00,80238,2040,30.00,31.00,61.00,31,30,0.00,0.00,0,0
1508035984,s2-eth1,86162.00,2040.00,88202.00,2040,86162,33.00,30.00,63.00,30,33,0.00,0.00,0,0
1508035984,lo,0.00,0.00,0.00,0,0,0.00,0.00,0.00,0,0,0.00,0.00,0,0
1508035984,s4,0.00,0.00,0.00,0,0,0.00,0.00,0.00,0,0,0.00,0.00,0,0
1508035984,total,88202.00,82278.00,170480.00,82278,88202,63.00,61.00,124.00,61,63,0.00,0.00,0,0
1508035985,s5,0.00,0.00,0.00,0,0,0.00,0.00,0.00,0,0,0.00,0.00,0,0
1508035985,eth0,0.00,0.00,0.00,0,0,0.00,0.00,0.00,0,0,0.00,0.00,0,0
1508035985,eth1,0.00,0.00,0.00,0,0,0.00,0.00,0.00,0,0,0.00,0.00,0,0
1508035985,s2,0.00,0.00,0.00,0,0,0.00,0.00,0.00,0,0,0.00,0.00,0,0
1508035985,s2-eth2,2238.00,89124.00,91362.00,89124,2238,33.00,34.00,67.00,34,33,0.00,0.00,0,0
1508035985,s2-eth1,77276.00,2238.00,79514.00,2238,77276,30.00,33.00,63.00,33,30,0.00,0.00,0,0
1508035985,lo,0.00,0.00,0.00,0,0,0.00,0.00,0.00,0,0,0.00,0.00,0,0
1508035985,s4,0.00,0.00,0.00,0,0,0.00,0.00,0.00,0,0,0.00,0.00,0,0
1508035985,total,79514.00,91362.00,170876.00,91362,79514,63.00,67.00,130.00,67,63,0.00,0.00,0,0
1508035986,s5,0.00,0.00,0.00,0,0,0.00,0.00,0.00,0,0,0.00,0.00,0,0
1508035986,eth0,0.00,0.00,0.00,0,0,0.00,0.00,0.00,0,0,0.00,0.00,0,0
1508035986,eth1,0.00,0.00,0.00,0,0,0.00,0.00,0.00,0,0,0.00,0.00,0,0
1508035986,s2,0.00,0.00,0.00,0,0,0.00,0.00,0.00,0,0,0.00,0.00,0,0
1508035986,s2-eth2,1914.00,88860.00,90774.00,88860,1914,29.00,30.00,59.00,30,29,0.00,0.00,0,0
1508035986,s2-eth1,100708.00,1914.00,102622.00,1914,100708,34.00,29.00,63.00,29,34,0.00,0.00,0,0
1508035986,lo,172.00,172.00,344.00,172,172,3.00,3.00,6.00,3,3,0.00,0.00,0,0
1508035986,s4,0.00,0.00,0.00,0,0,0.00,0.00,0.00,0,0,0.00,0.00,0,0
1508035986,total,102794.00,90946.00,193740.00,90946,102794,66.00,62.00,128.00,62,66,0.00,0.00,0,0
1508035987,s5,0.00,0.00,0.00,0,0,0.00,0.00,0.00,0,0,0.00,0.00,0,0
1508035987,eth0,0.00,0.00,0.00,0,0,0.00,0.00,0.00,0,0,0.00,0.00,0,0
1508035987,eth1,0.00,0.00,0.00,0,0,0.00,0.00,0.00,0,0,0.00,0.00,0,0
1508035987,s2,0.00,0.00,0.00,0,0,0.00,0.00,0.00,0,0,0.00,0.00,0,0
1508035987,s2-eth2,2310.00,106632.00,108942.00,106632,2310,35.00,36.00,71.00,36,35,0.00,0.00,0,0
1508035987,s2-eth1,88860.00,2310.00,91170.00,2310,88860,30.00,35.00,65.00,35,30,0.00,0.00,0,0
1508035987,lo,344.00,344.00,688.00,344,344,6.00,6.00,12.00,6,6,0.00,0.00,0,0
1508035987,s4,0.00,0.00,0.00,0,0,0.00,0.00,0.00,0,0,0.00,0.00,0,0
1508035987,total,91514.00,109286.00,200800.00,109286,91514,71.00,77.00,148.00,77,71,0.00,0.00,0,0
1508035988,s5,0.00,0.00,0.00,0,0,0.00,0.00,0.00,0,0,0.00,0.00,0,0
1508035988,eth0,0.00,0.00,0.00,0,0,0.00,0.00,0.00,0,0,0.00,0.00,0,0
1508035988,eth1,0.00,0.00,0.00,0,0,0.00,0.00,0.00,0,0,0.00,0.00,0,0
1508035988,s2,0.00,0.00,0.00,0,0,0.00,0.00,0.00,0,0,0.00,0.00,0,0
1508035988,s2-eth2,2314.00,89190.00,91504.00,89190,2314,33.00,35.00,68.00,35,33,0.00,0.00,0,0
1508035988,s2-eth1,92152.00,2314.00,94466.00,2314,92152,36.00,33.00,69.00,33,36,0.00,0.00,0,0
1508035988,lo,0.00,0.00,0.00,0,0,0.00,0.00,0.00,0,0,0.00,0.00,0,0
1508035988,s4,0.00,0.00,0.00,0,0,0.00,0.00,0.00,0,0,0.00,0.00,0,0
1508035988,total,94466.00,91504.00,185970.00,91504,94466,69.00,68.00,137.00,68,69,0.00,0.00,0,0
1508035989,s5,0.00,0.00,0.00,0,0,0.00,0.00,0.00,0,0,0.00,0.00,0,0
1508035989,eth0,0.00,0.00,0.00,0,0,0.00,0.00,0.00,0,0,0.00,0.00,0,0
1508035989,eth1,0.00,0.00,0.00,0,0,0.00,0.00,0.00,0,0,0.00,0.00,0,0
1508035989,s2,0.00,0.00,0.00,0,0,0.00,0.00,0.00,0,0,0.00,0.00,0,0
1508035989,s2-eth2,2574.00,115518.00,118092.00,115518,2574,39.00,39.00,78.00,39,39,0.00,0.00,0,0
1508035989,s2-eth1,115518.00,2574.00,118092.00,2574,115518,39.00,39.00,78.00,39,39,0.00,0.00,0,0
1508035989,lo,0.00,0.00,0.00,0,0,0.00,0.00,0.00,0,0,0.00,0.00,0,0
1508035989,s4,0.00,0.00,0.00,0,0,0.00,0.00,0.00,0,0,0.00,0.00,0,0
1508035989,total,118092.00,118092.00,236184.00,118092,118092,78.00,78.00,156.00,78,78,0.00,0.00,0,0
1508035990,s5,0.00,0.00,0.00,0,0,0.00,0.00,0.00,0,0,0.00,0.00,0,0
1508035990,eth0,0.00,0.00,0.00,0,0,0.00,0.00,0.00,0,0,0.00,0.00,0,0
1508035990,eth1,0.00,0.00,0.00,0,0,0.00,0.00,0.00,0,0,0.00,0.00,0,0
1508035990,s2,0.00,0.00,0.00,0,0,0.00,0.00,0.00,0,0,0.00,0.00,0,0
1508035990,s2-eth2,2256.00,72998.00,75254.00,72998,2256,32.00,31.00,63.00,31,32,0.00,0.00,0,0
1508035990,s2-eth1,68522.00,2256.00,70778.00,2256,68522,29.00,32.00,61.00,32,29,0.00,0.00,0,0
1508035990,lo,0.00,0.00,0.00,0,0,0.00,0.00,0.00,0,0,0.00,0.00,0,0
1508035990,s4,0.00,0.00,0.00,0,0,0.00,0.00,0.00,0,0,0.00,0.00,0,0
1508035990,total,70778.00,75254.00,146032.00,75254,70778,61.00,63.00,124.00,63,61,0.00,0.00,0,0
1508035991,s5,0.00,0.00,0.00,0,0,0.00,0.00,0.00,0,0,0.00,0.00,0,0
1508035991,eth0,0.00,0.00,0.00,0,0,0.00,0.00,0.00,0,0,0.00,0.00,0,0
1508035991,eth1,0.00,0.00,0.00,0,0,0.00,0.00,0.00,0,0,0.00,0.00,0,0
1508035991,s2,0.00,0.00,0.00,0,0,0.00,0.00,0.00,0,0,0.00,0.00,0,0
1508035991,s2-eth2,894.00,38638.00,39532.00,38638,894,13.00,15.00,28.00,15,13,0.00,0.00,0,0
1508035991,s2-eth1,44904.00,894.00,45798.00,894,44904,18.00,13.00,31.00,13,18,0.00,0.00,0,0
1508035991,lo,172.00,172.00,344.00,172,172,3.00,3.00,6.00,3,3,0.00,0.00,0,0
1508035991,s4,0.00,0.00,0.00,0,0,0.00,0.00,0.00,0,0,0.00,0.00,0,0
1508035991,total,45970.00,39704.00,85674.00,39704,45970,34.00,31.00,65.00,31,34,0.00,0.00,0,0
1508035992,s5,0.00,0.00,0.00,0,0,0.00,0.00,0.00,0,0,0.00,0.00,0,0
1508035992,eth0,0.00,0.00,0.00,0,0,0.00,0.00,0.00,0,0,0.00,0.00,0,0
1508035992,eth1,0.00,0.00,0.00,0,0,0.00,0.00,0.00,0,0,0.00,0.00,0,0
1508035992,s2,0.00,0.00,0.00,0,0,0.00,0.00,0.00,0,0,0.00,0.00,0,0
1508035992,s2-eth2,1662.00,62202.00,63864.00,62202,1662,21.00,21.00,42.00,21,21,0.00,0.00,0,0
1508035992,s2-eth1,53316.00,1320.00,54636.00,1320,53316,18.00,20.00,38.00,20,18,0.00,0.00,0,0
1508035992,lo,344.00,344.00,688.00,344,344,6.00,6.00,12.00,6,6,0.00,0.00,0,0
1508035992,s4,0.00,0.00,0.00,0,0,0.00,0.00,0.00,0,0,0.00,0.00,0,0
1508035992,total,55322.00,63866.00,119188.00,63866,55322,45.00,47.00,92.00,47,45,0.00,0.00,0,0
1508035993,s5,0.00,0.00,0.00,0,0,0.00,0.00,0.00,0,0,0.00,0.00,0,0
1508035993,eth0,0.00,0.00,0.00,0,0,0.00,0.00,0.00,0,0,0.00,0.00,0,0
1508035993,eth1,0.00,0.00,0.00,0,0,0.00,0.00,0.00,0,0,0.00,0.00,0,0
1508035993,s2,0.00,0.00,0.00,0,0,0.00,0.00,0.00,0,0,0.00,0.00,0,0
1508035993,s2-eth2,1320.00,62202.00,63522.00,62202,1320,20.00,21.00,41.00,21,20,0.00,0.00,0,0
1508035993,s2-eth1,68126.00,1320.00,69446.00,1320,68126,23.00,20.00,43.00,20,23,0.00,0.00,0,0
1508035993,lo,0.00,0.00,0.00,0,0,0.00,0.00,0.00,0,0,0.00,0.00,0,0
1508035993,s4,0.00,0.00,0.00,0,0,0.00,0.00,0.00,0,0,0.00,0.00,0,0
1508035993,total,69446.00,63522.00,132968.00,63522,69446,43.00,41.00,84.00,41,43,0.00,0.00,0,0
1508035994,s5,0.00,0.00,0.00,0,0,0.00,0.00,0.00,0,0,0.00,0.00,0,0
1508035994,eth0,0.00,0.00,0.00,0,0,0.00,0.00,0.00,0,0,0.00,0.00,0,0
1508035994,eth1,0.00,0.00,0.00,0,0,0.00,0.00,0.00,0,0,0.00,0.00,0,0
1508035994,s2,0.00,0.00,0.00,0,0,0.00,0.00,0.00,0,0,0.00,0.00,0,0
1508035994,s2-eth2,1698.00,68324.00,70022.00,68324,1698,25.00,26.00,51.00,26,25,0.00,0.00,0,0
1508035994,s2-eth1,56476.00,1698.00,58174.00,1698,56476,22.00,25.00,47.00,25,22,0.00,0.00,0,0
1508035994,lo,0.00,0.00,0.00,0,0,0.00,0.00,0.00,0,0,0.00,0.00,0,0
1508035994,s4,0.00,0.00,0.00,0,0,0.00,0.00,0.00,0,0,0.00,0.00,0,0
1508035994,total,58174.00,70022.00,128196.00,70022,58174,47.00,51.00,98.00,51,47,0.00,0.00,0,0
1508035995,s5,0.00,0.00,0.00,0,0,0.00,0.00,0.00,0,0,0.00,0.00,0,0
1508035995,eth0,0.00,0.00,0.00,0,0,0.00,0.00,0.00,0,0,0.00,0.00,0,0
1508035995,eth1,0.00,0.00,0.00,0,0,0.00,0.00,0.00,0,0,0.00,0.00,0,0
1508035995,s2,0.00,0.00,0.00,0,0,0.00,0.00,0.00,0,0,0.00,0.00,0,0
1508035995,s2-eth2,1506.00,50816.00,52322.00,50816,1506,21.00,24.00,45.00,24,21,0.00,0.00,0,0
1508035995,s2-eth1,55226.00,1506.00,56732.00,1506,55226,25.00,21.00,46.00,21,25,0.00,0.00,0,0
1508035995,lo,0.00,0.00,0.00,0,0,0.00,0.00,0.00,0,0,0.00,0.00,0,0
1508035995,s4,0.00,0.00,0.00,0,0,0.00,0.00,0.00,0,0,0.00,0.00,0,0
1508035995,total,56732.00,52322.00,109054.00,52322,56732,46.00,45.00,91.00,45,46,0.00,0.00,0,0
1508035996,s5,0.00,0.00,0.00,0,0,0.00,0.00,0.00,0,0,0.00,0.00,0,0
1508035996,eth0,0.00,0.00,0.00,0,0,0.00,0.00,0.00,0,0,0.00,0.00,0,0
1508035996,eth1,0.00,0.00,0.00,0,0,0.00,0.00,0.00,0,0,0.00,0.00,0,0
1508035996,s2,0.00,0.00,0.00,0,0,0.00,0.00,0.00,0,0,0.00,0.00,0,0
1508035996,s2-eth2,1740.00,72668.00,74408.00,72668,1740,26.00,26.00,52.00,26,26,0.00,0.00,0,0
1508035996,s2-eth1,60820.00,1740.00,62560.00,1740,60820,22.00,26.00,48.00,26,22,0.00,0.00,0,0
1508035996,lo,172.00,172.00,344.00,172,172,3.00,3.00,6.00,3,3,0.00,0.00,0,0
1508035996,s4,0.00,0.00,0.00,0,0,0.00,0.00,0.00,0,0,0.00,0.00,0,0
1508035996,total,62732.00,74580.00,137312.00,74580,62732,51.00,55.00,106.00,55,51,0.00,0.00,0,0
1508035997,s5,0.00,0.00,0.00,0,0,0.00,0.00,0.00,0,0,0.00,0.00,0,0
1508035997,eth0,0.00,0.00,0.00,0,0,0.00,0.00,0.00,0,0,0.00,0.00,0,0
1508035997,eth1,0.00,0.00,0.00,0,0,0.00,0.00,0.00,0,0,0.00,0.00,0,0
1508035997,s2,0.00,0.00,0.00,0,0,0.00,0.00,0.00,0,0,0.00,0.00,0,0
1508035997,s2-eth2,1452.00,68126.00,69578.00,68126,1452,22.00,23.00,45.00,23,22,0.00,0.00,0,0
1508035997,s2-eth1,79974.00,1452.00,81426.00,1452,79974,27.00,22.00,49.00,22,27,0.00,0.00,0,0
1508035997,lo,344.00,344.00,688.00,344,344,6.00,6.00,12.00,6,6,0.00,0.00,0,0
1508035997,s4,0.00,0.00,0.00,0,0,0.00,0.00,0.00,0,0,0.00,0.00,0,0
1508035997,total,81770.00,69922.00,151692.00,69922,81770,55.00,51.00,106.00,51,55,0.00,0.00,0,0
1508035998,s5,0.00,0.00,0.00,0,0,0.00,0.00,0.00,0,0,0.00,0.00,0,0
1508035998,eth0,0.00,0.00,0.00,0,0,0.00,0.00,0.00,0,0,0.00,0.00,0,0
1508035998,eth1,0.00,0.00,0.00,0,0,0.00,0.00,0.00,0,0,0.00,0.00,0,0
1508035998,s2,0.00,0.00,0.00,0,0,0.00,0.00,0.00,0,0,0.00,0.00,0,0
1508035998,s2-eth2,1846.15,88771.23,90617.38,88860,1848,27.97,29.97,57.94,30,28,0.00,0.00,0,0
1508035998,s2-eth1,73976.02,1846.15,75822.18,1848,74050,24.98,27.97,52.95,28,25,0.00,0.00,0,0
1508035998,lo,0.00,0.00,0.00,0,0,0.00,0.00,0.00,0,0,0.00,0.00,0,0
1508035998,s4,0.00,0.00,0.00,0,0,0.00,0.00,0.00,0,0,0.00,0.00,0,0
1508035998,total,75822.18,90617.38,166439.56,90708,75898,52.95,57.94,110.89,58,53,0.00,0.00,0,0
1508035999,s5,0.00,0.00,0.00,0,0,0.00,0.00,0.00,0,0,0.00,0.00,0,0
1508035999,eth0,0.00,0.00,0.00,0,0,0.00,0.00,0.00,0,0,0.00,0.00,0,0
1508035999,eth1,0.00,0.00,0.00,0,0,0.00,0.00,0.00,0,0,0.00,0.00,0,0
1508035999,s2,0.00,0.00,0.00,0,0,0.00,0.00,0.00,0,0,0.00,0.00,0,0
1508035999,s2-eth2,2339.00,62598.00,64937.00,62598,2339,29.00,27.00,56.00,27,29,0.00,0.00,0,0
1508035999,s2-eth1,71591.00,1890.00,73481.00,1890,71591,31.00,27.00,58.00,27,31,0.00,0.00,0,0
1508035999,lo,0.00,0.00,0.00,0,0,0.00,0.00,0.00,0,0,0.00,0.00,0,0
1508035999,s4,0.00,0.00,0.00,0,0,0.00,0.00,0.00,0,0,0.00,0.00,0,0
1508035999,total,73930.00,64488.00,138418.00,64488,73930,60.00,54.00,114.00,54,60,0.00,0.00,0,0
1508036000,s5,0.00,0.00,0.00,0,0,0.00,0.00,0.00,0,0,0.00,0.00,0,0
1508036000,eth0,0.00,0.00,0.00,0,0,0.00,0.00,0.00,0,0,0.00,0.00,0,0
1508036000,eth1,0.00,0.00,0.00,0,0,0.00,0.00,0.00,0,0,0.00,0.00,0,0
1508036000,s2,0.00,0.00,0.00,0,0,0.00,0.00,0.00,0,0,0.00,0.00,0,0
1508036000,s2-eth2,1260.00,47656.00,48916.00,47656,1260,18.00,20.00,38.00,20,18,0.00,0.00,0,0
1508036000,s2-eth1,35742.00,1260.00,37002.00,1260,35742,15.00,18.00,33.00,18,15,0.00,0.00,0,0
1508036000,lo,0.00,0.00,0.00,0,0,0.00,0.00,0.00,0,0,0.00,0.00,0,0
1508036000,s4,0.00,0.00,0.00,0,0,0.00,0.00,0.00,0,0,0.00,0.00,0,0
1508036000,total,37002.00,48916.00,85918.00,48916,37002,33.00,38.00,71.00,38,33,0.00,0.00,0,0
1508036001,s5,0.00,0.00,0.00,0,0,0.00,0.00,0.00,0,0,0.00,0.00,0,0
1508036001,eth0,0.00,0.00,0.00,0,0,0.00,0.00,0.00,0,0,0.00,0.00,0,0
1508036001,eth1,0.00,0.00,0.00,0,0,0.00,0.00,0.00,0,0,0.00,0.00,0,0
1508036001,s2,0.00,0.00,0.00,0,0,0.00,0.00,0.00,0,0,0.00,0.00,0,0
1508036001,s2-eth2,924.00,41468.00,42392.00,41468,924,14.00,14.00,28.00,14,14,0.00,0.00,0,0
1508036001,s2-eth1,47458.00,924.00,48382.00,924,47458,17.00,14.00,31.00,14,17,0.00,0.00,0,0
1508036001,lo,172.00,172.00,344.00,172,172,3.00,3.00,6.00,3,3,0.00,0.00,0,0
1508036001,s4,0.00,0.00,0.00,0,0,0.00,0.00,0.00,0,0,0.00,0.00,0,0
1508036001,total,48554.00,42564.00,91118.00,42564,48554,34.00,31.00,65.00,31,34,0.00,0.00,0,0
1508036002,s5,0.00,0.00,0.00,0,0,0.00,0.00,0.00,0,0,0.00,0.00,0,0
1508036002,eth0,0.00,0.00,0.00,0,0,0.00,0.00,0.00,0,0,0.00,0.00,0,0
1508036002,eth1,0.00,0.00,0.00,0,0,0.00,0.00,0.00,0,0,0.00,0.00,0,0
1508036002,s2,0.00,0.00,0.00,0,0,0.00,0.00,0.00,0,0,0.00,0.00,0,0
1508036002,s2-eth2,1128.00,43180.00,44308.00,43180,1128,16.00,18.00,34.00,18,16,0.00,0.00,0,0
1508036002,s2-eth1,34228.00,1128.00,35356.00,1128,34228,14.00,16.00,30.00,16,14,0.00,0.00,0,0
1508036002,lo,344.00,344.00,688.00,344,344,6.00,6.00,12.00,6,6,0.00,0.00,0,0
1508036002,s4,0.00,0.00,0.00,0,0,0.00,0.00,0.00,0,0,0.00,0.00,0,0
1508036002,total,35700.00,44652.00,80352.00,44652,35700,36.00,40.00,76.00,40,36,0.00,0.00,0,0
1508036003,s5,0.00,0.00,0.00,0,0,0.00,0.00,0.00,0,0,0.00,0.00,0,0
1508036003,eth0,0.00,0.00,0.00,0,0,0.00,0.00,0.00,0,0,0.00,0.00,0,0
1508036003,eth1,0.00,0.00,0.00,0,0,0.00,0.00,0.00,0,0,0.00,0.00,0,0
1508036003,s2,0.00,0.00,0.00,0,0,0.00,0.00,0.00,0,0,0.00,0.00,0,0
1508036003,s2-eth2,474.00,17838.00,18312.00,17838,474,7.00,7.00,14.00,7,7,0.00,0.00,0,0
1508036003,s2-eth1,17838.00,474.00,18312.00,474,17838,7.00,7.00,14.00,7,7,0.00,0.00,0,0
1508036003,lo,0.00,0.00,0.00,0,0,0.00,0.00,0.00,0,0,0.00,0.00,0,0
1508036003,s4,0.00,0.00,0.00,0,0,0.00,0.00,0.00,0,0,0.00,0.00,0,0
1508036003,total,18312.00,18312.00,36624.00,18312,18312,14.00,14.00,28.00,14,14,0.00,0.00,0,0
1508036004,s5,0.00,0.00,0.00,0,0,0.00,0.00,0.00,0,0,0.00,0.00,0,0
1508036004,eth0,0.00,0.00,0.00,0,0,0.00,0.00,0.00,0,0,0.00,0.00,0,0
1508036004,eth1,0.00,0.00,0.00,0,0,0.00,0.00,0.00,0,0,0.00,0.00,0,0
1508036004,s2,0.00,0.00,0.00,0,0,0.00,0.00,0.00,0,0,0.00,0.00,0,0
1508036004,s2-eth2,943.06,28473.53,29416.58,28502,944,13.99,14.99,28.97,15,14,0.00,0.00,0,0
1508036004,s2-eth1,29986.02,943.06,30929.07,944,30016,15.98,13.99,29.97,14,16,0.00,0.00,0,0
1508036004,lo,0.00,0.00,0.00,0,0,0.00,0.00,0.00,0,0,0.00,0.00,0,0
1508036004,s4,0.00,0.00,0.00,0,0,0.00,0.00,0.00,0,0,0.00,0.00,0,0
1508036004,total,30929.07,29416.58,60345.66,29446,30960,29.97,28.97,58.94,29,30,0.00,0.00,0,0
1508036005,s5,0.00,0.00,0.00,0,0,0.00,0.00,0.00,0,0,0.00,0.00,0,0
1508036005,eth0,0.00,0.00,0.00,0,0,0.00,0.00,0.00,0,0,0.00,0.00,0,0
1508036005,eth1,0.00,0.00,0.00,0,0,0.00,0.00,0.00,0,0,0.00,0.00,0,0
1508036005,s2,0.00,0.00,0.00,0,0,0.00,0.00,0.00,0,0,0.00,0.00,0,0
1508036005,s2-eth2,989.01,47344.66,48333.67,47392,990,14.99,15.98,30.97,16,15,0.00,0.00,0,0
1508036005,s2-eth1,38467.54,989.01,39456.54,990,38506,12.99,14.99,27.97,15,13,0.00,0.00,0,0
1508036005,lo,0.00,0.00,0.00,0,0,0.00,0.00,0.00,0,0,0.00,0.00,0,0
1508036005,s4,0.00,0.00,0.00,0,0,0.00,0.00,0.00,0,0,0.00,0.00,0,0
1508036005,total,39456.54,48333.67,87790.21,48382,39496,27.97,30.97,58.94,31,28,0.00,0.00,0,0
1508036006,s5,0.00,0.00,0.00,0,0,0.00,0.00,0.00,0,0,0.00,0.00,0,0
1508036006,eth0,0.00,0.00,0.00,0,0,0.00,0.00,0.00,0,0,0.00,0.00,0,0
1508036006,eth1,0.00,0.00,0.00,0,0,0.00,0.00,0.00,0,0,0.00,0.00,0,0
1508036006,s2,0.00,0.00,0.00,0,0,0.00,0.00,0.00,0,0,0.00,0.00,0,0
1508036006,s2-eth2,1320.00,65164.00,66484.00,65164,1320,20.00,22.00,42.00,22,20,0.00,0.00,0,0
1508036006,s2-eth1,71430.00,1320.00,72750.00,1320,71430,25.00,20.00,45.00,20,25,0.00,0.00,0,0
1508036006,lo,172.00,172.00,344.00,172,172,3.00,3.00,6.00,3,3,0.00,0.00,0,0
1508036006,s4,0.00,0.00,0.00,0,0,0.00,0.00,0.00,0,0,0.00,0.00,0,0
1508036006,total,72922.00,66656.00,139578.00,66656,72922,48.00,45.00,93.00,45,48,0.00,0.00,0,0
1508036007,s5,0.00,0.00,0.00,0,0,0.00,0.00,0.00,0,0,0.00,0.00,0,0
1508036007,eth0,0.00,0.00,0.00,0,0,0.00,0.00,0.00,0,0,0.00,0.00,0,0
1508036007,eth1,0.00,0.00,0.00,0,0,0.00,0.00,0.00,0,0,0.00,0.00,0,0
1508036007,s2,0.00,0.00,0.00,0,0,0.00,0.00,0.00,0,0,0.00,0.00,0,0
1508036007,s2-eth2,2658.00,115716.00,118374.00,115716,2658,39.00,42.00,81.00,42,39,0.00,0.00,0,0
1508036007,s2-eth1,103868.00,2658.00,106526.00,2658,103868,38.00,39.00,77.00,39,38,0.00,0.00,0,0
1508036007,lo,344.00,344.00,688.00,344,344,6.00,6.00,12.00,6,6,0.00,0.00,0,0
1508036007,s4,0.00,0.00,0.00,0,0,0.00,0.00,0.00,0,0,0.00,0.00,0,0
1508036007,total,106870.00,118718.00,225588.00,118718,106870,83.00,87.00,170.00,87,83,0.00,0.00,0,0
1508036008,s5,0.00,0.00,0.00,0,0,0.00,0.00,0.00,0,0,0.00,0.00,0,0
1508036008,eth0,0.00,0.00,0.00,0,0,0.00,0.00,0.00,0,0,0.00,0.00,0,0
1508036008,eth1,0.00,0.00,0.00,0,0,0.00,0.00,0.00,0,0,0.00,0.00,0,0
1508036008,s2,0.00,0.00,0.00,0,0,0.00,0.00,0.00,0,0,0.00,0.00,0,0
1508036008,s2-eth2,2868.00,118678.00,121546.00,118678,2868,42.00,43.00,85.00,43,42,0.00,0.00,0,0
1508036008,s2-eth1,121574.00,2868.00,124442.00,2868,121574,43.00,42.00,85.00,42,43,0.00,0.00,0,0
1508036008,lo,0.00,0.00,0.00,0,0,0.00,0.00,0.00,0,0,0.00,0.00,0,0
1508036008,s4,0.00,0.00,0.00,0,0,0.00,0.00,0.00,0,0,0.00,0.00,0,0
1508036008,total,124442.00,121546.00,245988.00,121546,124442,85.00,85.00,170.00,85,85,0.00,0.00,0,0
1508036009,s5,0.00,0.00,0.00,0,0,0.00,0.00,0.00,0,0,0.00,0.00,0,0
1508036009,eth0,0.00,0.00,0.00,0,0,0.00,0.00,0.00,0,0,0.00,0.00,0,0
1508036009,eth1,0.00,0.00,0.00,0,0,0.00,0.00,0.00,0,0,0.00,0.00,0,0
1508036009,s2,0.00,0.00,0.00,0,0,0.00,0.00,0.00,0,0,0.00,0.00,0,0
1508036009,s2-eth2,2922.00,98076.00,100998.00,98076,2922,39.00,38.00,77.00,38,39,0.00,0.00,0,0
1508036009,s2-eth1,98142.00,2646.00,100788.00,2646,98142,39.00,39.00,78.00,39,39,0.00,0.00,0,0
1508036009,lo,0.00,0.00,0.00,0,0,0.00,0.00,0.00,0,0,0.00,0.00,0,0
1508036009,s4,0.00,0.00,0.00,0,0,0.00,0.00,0.00,0,0,0.00,0.00,0,0
1508036009,total,101064.00,100722.00,201786.00,100722,101064,78.00,77.00,155.00,77,78,0.00,0.00,0,0
1508036010,s5,0.00,0.00,0.00,0,0,0.00,0.00,0.00,0,0,0.00,0.00,0,0
1508036010,eth0,0.00,0.00,0.00,0,0,0.00,0.00,0.00,0,0,0.00,0.00,0,0
1508036010,eth1,0.00,0.00,0.00,0,0,0.00,0.00,0.00,0,0,0.00,0.00,0,0
1508036010,s2,0.00,0.00,0.00,0,0,0.00,0.00,0.00,0,0,0.00,0.00,0,0
1508036010,s2-eth2,2310.00,109594.00,111904.00,109594,2310,35.00,37.00,72.00,37,35,0.00,0.00,0,0
1508036010,s2-eth1,100708.00,2244.00,102952.00,2244,100708,34.00,34.00,68.00,34,34,0.00,0.00,0,0
1508036010,lo,0.00,0.00,0.00,0,0,0.00,0.00,0.00,0,0,0.00,0.00,0,0
1508036010,s4,0.00,0.00,0.00,0,0,0.00,0.00,0.00,0,0,0.00,0.00,0,0
1508036010,total,103018.00,111838.00,214856.00,111838,103018,69.00,71.00,140.00,71,69,0.00,0.00,0,0
1508036011,s5,0.00,0.00,0.00,0,0,0.00,0.00,0.00,0,0,0.00,0.00,0,0
1508036011,eth0,0.00,0.00,0.00,0,0,0.00,0.00,0.00,0,0,0.00,0.00,0,0
1508036011,eth1,0.00,0.00,0.00,0,0,0.00,0.00,0.00,0,0,0.00,0.00,0,0
1508036011,s2,0.00,0.00,0.00,0,0,0.00,0.00,0.00,0,0,0.00,0.00,0,0
1508036011,s2-eth2,2448.00,101038.00,103486.00,101038,2448,36.00,39.00,75.00,39,36,0.00,0.00,0,0
1508036011,s2-eth1,106962.00,2448.00,109410.00,2448,106962,41.00,36.00,77.00,36,41,0.00,0.00,0,0
1508036011,lo,172.00,172.00,344.00,172,172,3.00,3.00,6.00,3,3,0.00,0.00,0,0
1508036011,s4,0.00,0.00,0.00,0,0,0.00,0.00,0.00,0,0,0.00,0.00,0,0
1508036011,total,109582.00,103658.00,213240.00,103658,109582,80.00,78.00,158.00,78,80,0.00,0.00,0,0
1508036012,s5,0.00,0.00,0.00,0,0,0.00,0.00,0.00,0,0,0.00,0.00,0,0
1508036012,eth0,0.00,0.00,0.00,0,0,0.00,0.00,0.00,0,0,0.00,0.00,0,0
1508036012,eth1,0.00,0.00,0.00,0,0,0.00,0.00,0.00,0,0,0.00,0.00,0,0
1508036012,s2,0.00,0.00,0.00,0,0,0.00,0.00,0.00,0,0,0.00,0.00,0,0
1508036012,s2-eth2,2706.00,121442.00,124148.00,121442,2706,41.00,41.00,82.00,41,41,0.00,0.00,0,0
1508036012,s2-eth1,106632.00,2706.00,109338.00,2706,106632,36.00,41.00,77.00,41,36,0.00,0.00,0,0
1508036012,lo,344.00,344.00,688.00,344,344,6.00,6.00,12.00,6,6,0.00,0.00,0,0
1508036012,s4,0.00,0.00,0.00,0,0,0.00,0.00,0.00,0,0,0.00,0.00,0,0
1508036012,total,109682.00,124492.00,234174.00,124492,109682,83.00,88.00,171.00,88,83,0.00,0.00,0,0
1508036013,s5,0.00,0.00,0.00,0,0,0.00,0.00,0.00,0,0,0.00,0.00,0,0
1508036013,eth0,0.00,0.00,0.00,0,0,0.00,0.00,0.00,0,0,0.00,0.00,0,0
1508036013,eth1,0.00,0.00,0.00,0,0,0.00,0.00,0.00,0,0,0.00,0.00,0,0
1508036013,s2,0.00,0.00,0.00,0,0,0.00,0.00,0.00,0,0,0.00,0.00,0,0
1508036013,s2-eth2,2292.00,73130.00,75422.00,73130,2292,32.00,33.00,65.00,33,32,0.00,0.00,0,0
1508036013,s2-eth1,83464.00,2292.00,85756.00,2292,83464,36.00,32.00,68.00,32,36,0.00,0.00,0,0
1508036013,lo,0.00,0.00,0.00,0,0,0.00,0.00,0.00,0,0,0.00,0.00,0,0
1508036013,s4,0.00,0.00,0.00,0,0,0.00,0.00,0.00,0,0,0.00,0.00,0,0
1508036013,total,85756.00,75422.00,161178.00,75422,85756,68.00,65.00,133.00,65,68,0.00,0.00,0,0
1508036014,s5,0.00,0.00,0.00,0,0,0.00,0.00,0.00,0,0,0.00,0.00,0,0
1508036014,eth0,0.00,0.00,0.00,0,0,0.00,0.00,0.00,0,0,0.00,0.00,0,0
1508036014,eth1,0.00,0.00,0.00,0,0,0.00,0.00,0.00,0,0,0.00,0.00,0,0
1508036014,s2,0.00,0.00,0.00,0,0,0.00,0.00,0.00,0,0,0.00,0.00,0,0
1508036014,s2-eth2,1848.00,85898.00,87746.00,85898,1848,28.00,29.00,57.00,29,28,0.00,0.00,0,0
1508036014,s2-eth1,79974.00,1848.00,81822.00,1848,79974,27.00,28.00,55.00,28,27,0.00,0.00,0,0
1508036014,lo,0.00,0.00,0.00,0,0,0.00,0.00,0.00,0,0,0.00,0.00,0,0
1508036014,s4,0.00,0.00,0.00,0,0,0.00,0.00,0.00,0,0,0.00,0.00,0,0
1508036014,total,81822.00,87746.00,169568.00,87746,81822,55.00,57.00,112.00,57,55,0.00,0.00,0,0
1508036015,s5,0.00,0.00,0.00,0,0,0.00,0.00,0.00,0,0,0.00,0.00,0,0
1508036015,eth0,303.70,489.51,793.21,490,304,4.00,4.00,7.99,4,4,0.00,0.00,0,0
1508036015,eth1,0.00,0.00,0.00,0,0,0.00,0.00,0.00,0,0,0.00,0.00,0,0
1508036015,s2,0.00,0.00,0.00,0,0,0.00,0.00,0.00,0,0,0.00,0.00,0,0
1508036015,s2-eth2,2693.31,109484.52,112177.83,109594,2696,35.96,36.96,72.93,37,36,0.00,0.00,0,0
1508036015,s2-eth1,104017.98,2241.76,106259.74,2244,104122,36.96,33.97,70.93,34,37,0.00,0.00,0,0
1508036015,lo,681.32,681.32,1362.64,682,682,7.99,7.99,15.98,8,8,0.00,0.00,0,0
1508036015,s4,0.00,0.00,0.00,0,0,0.00,0.00,0.00,0,0,0.00,0.00,0,0
1508036015,total,107696.30,112897.11,220593.41,113010,107804,84.92,82.92,167.83,83,85,0.00,0.00,0,0
1508036016,s5,0.00,0.00,0.00,0,0,0.00,0.00,0.00,0,0,0.00,0.00,0,0
1508036016,eth0,151.85,244.76,396.60,245,152,2.00,2.00,4.00,2,2,0.00,0.00,0,0
1508036016,eth1,0.00,0.00,0.00,0,0,0.00,0.00,0.00,0,0,0.00,0.00,0,0
1508036016,s2,0.00,0.00,0.00,0,0,0.00,0.00,0.00,0,0,0.00,0.00,0,0
1508036016,s2-eth2,3262.74,130395.61,133658.34,130526,3266,46.95,46.95,93.91,47,47,0.00,0.00,0,0
1508036016,s2-eth1,136501.50,3074.93,139576.42,3078,136638,50.95,44.96,95.90,45,51,0.00,0.00,0,0
1508036016,lo,512.49,512.49,1024.98,513,513,6.99,6.99,13.99,7,7,0.00,0.00,0,0
1508036016,s4,0.00,0.00,0.00,0,0,0.00,0.00,0.00,0,0,0.00,0.00,0,0
1508036016,total,140428.58,134227.78,274656.34,134362,140569,106.89,100.90,207.79,101,107,0.00,0.00,0,0
1508036017,s5,0.00,0.00,0.00,0,0,0.00,0.00,0.00,0,0,0.00,0.00,0,0
1508036017,eth0,304.00,490.00,794.00,490,304,4.00,4.00,8.00,4,4,0.00,0.00,0,0
1508036017,eth1,0.00,0.00,0.00,0,0,0.00,0.00,0.00,0,0,0.00,0.00,0,0
1508036017,s2,0.00,0.00,0.00,0,0,0.00,0.00,0.00,0,0,0.00,0.00,0,0
1508036017,s2-eth2,4950.00,168876.00,173826.00,168876,4950,63.00,58.00,121.00,58,63,0.00,0.00,0,0
1508036017,s2-eth1,154955.00,3606.00,158561.00,3606,154955,59.00,55.00,114.00,55,59,0.00,0.00,0,0
1508036017,lo,1322.00,1322.00,2644.00,1322,1322,17.00,17.00,34.00,17,17,0.00,0.00,0,0
1508036017,s4,0.00,0.00,0.00,0,0,0.00,0.00,0.00,0,0,0.00,0.00,0,0
1508036017,total,161531.00,174294.00,335825.00,174294,161531,143.00,134.00,277.00,134,143,0.00,0.00,0,0
1508036018,s5,0.00,0.00,0.00,0,0,0.00,0.00,0.00,0,0,0.00,0.00,0,0
1508036018,eth0,152.00,245.00,397.00,245,152,2.00,2.00,4.00,2,2,0.00,0.00,0,0
1508036018,eth1,0.00,0.00,0.00,0,0,0.00,0.00,0.00,0,0,0.00,0.00,0,0
1508036018,s2,0.00,0.00,0.00,0,0,0.00,0.00,0.00,0,0,0.00,0.00,0,0
1508036018,s2-eth2,4608.00,142374.00,146982.00,142374,4608,57.00,51.00,108.00,51,57,0.00,0.00,0,0
1508036018,s2-eth1,155733.00,3552.00,159285.00,3552,155733,62.00,52.00,114.00,52,62,0.00,0.00,0,0
1508036018,lo,341.00,341.00,682.00,341,341,4.00,4.00,8.00,4,4,0.00,0.00,0,0
1508036018,s4,0.00,0.00,0.00,0,0,0.00,0.00,0.00,0,0,0.00,0.00,0,0
1508036018,total,160834.00,146512.00,307346.00,146512,160834,125.00,109.00,234.00,109,125,0.00,0.00,0,0
1508036019,s5,0.00,0.00,0.00,0,0,0.00,0.00,0.00,0,0,0.00,0.00,0,0
1508036019,eth0,0.00,0.00,0.00,0,0,0.00,0.00,0.00,0,0,0.00,0.00,0,0
1508036019,eth1,0.00,0.00,0.00,0,0,0.00,0.00,0.00,0,0,0.00,0.00,0,0
1508036019,s2,0.00,0.00,0.00,0,0,0.00,0.00,0.00,0,0,0.00,0.00,0,0
1508036019,s2-eth2,4263.00,157118.00,161381.00,157118,4263,55.00,55.00,110.00,55,55,0.00,0.00,0,0
1508036019,s2-eth1,145873.00,3594.00,149467.00,3594,145873,52.00,53.00,105.00,53,52,0.00,0.00,0,0
1508036019,lo,0.00,0.00,0.00,0,0,0.00,0.00,0.00,0,0,0.00,0.00,0,0
1508036019,s4,0.00,0.00,0.00,0,0,0.00,0.00,0.00,0,0,0.00,0.00,0,0
1508036019,total,150136.00,160712.00,310848.00,160712,150136,107.00,108.00,215.00,108,107,0.00,0.00,0,0
1508036020,s5,0.00,0.00,0.00,0,0,0.00,0.00,0.00,0,0,0.00,0.00,0,0
1508036020,eth0,59.88,59.88,119.76,60,60,1.00,1.00,2.00,1,1,0.00,0.00,0,0
1508036020,eth1,0.00,0.00,0.00,0,0,0.00,0.00,0.00,0,0,0.00,0.00,0,0
1508036020,s2,0.00,0.00,0.00,0,0,0.00,0.00,0.00,0,0,0.00,0.00,0,0
1508036020,s2-eth2,3421.16,93874.26,97295.41,94062,3428,44.91,42.91,87.82,43,45,0.00,0.00,0,0
1508036020,s2-eth1,98714.57,3047.90,101762.48,3054,98912,46.91,42.91,89.82,43,47,0.00,0.00,0,0
1508036020,lo,0.00,0.00,0.00,0,0,0.00,0.00,0.00,0,0,0.00,0.00,0,0
1508036020,s4,0.00,0.00,0.00,0,0,0.00,0.00,0.00,0,0,0.00,0.00,0,0
1508036020,total,102195.61,96982.04,199177.66,97176,102400,92.81,86.83,179.64,87,93,0.00,0.00,0,0
1508036021,s5,0.00,0.00,0.00,0,0,0.00,0.00,0.00,0,0,0.00,0.00,0,0
1508036021,eth0,0.00,0.00,0.00,0,0,0.00,0.00,0.00,0,0,0.00,0.00,0,0
1508036021,eth1,0.00,0.00,0.00,0,0,0.00,0.00,0.00,0,0,0.00,0.00,0,0
1508036021,s2,0.00,0.00,0.00,0,0,0.00,0.00,0.00,0,0,0.00,0.00,0,0
1508036021,s2-eth2,2983.00,103670.00,106653.00,103670,2983,37.00,35.00,72.00,35,37,0.00,0.00,0,0
1508036021,s2-eth1,98143.00,2310.00,100453.00,2310,98143,35.00,35.00,70.00,35,35,0.00,0.00,0,0
1508036021,lo,172.00,172.00,344.00,172,172,3.00,3.00,6.00,3,3,0.00,0.00,0,0
1508036021,s4,0.00,0.00,0.00,0,0,0.00,0.00,0.00,0,0,0.00,0.00,0,0
1508036021,total,101298.00,106152.00,207450.00,106152,101298,75.00,73.00,148.00,73,75,0.00,0.00,0,0
1508036022,s5,0.00,0.00,0.00,0,0,0.00,0.00,0.00,0,0,0.00,0.00,0,0
1508036022,eth0,0.00,0.00,0.00,0,0,0.00,0.00,0.00,0,0,0.00,0.00,0,0
1508036022,eth1,0.00,0.00,0.00,0,0,0.00,0.00,0.00,0,0,0.00,0.00,0,0
1508036022,s2,0.00,0.00,0.00,0,0,0.00,0.00,0.00,0,0,0.00,0.00,0,0
1508036022,s2-eth2,2127.87,88969.03,91096.91,89058,2130,30.97,32.97,63.94,33,31,0.00,0.00,0,0
1508036022,s2-eth1,88969.03,2061.94,91030.97,2064,89058,32.97,29.97,62.94,30,33,0.00,0.00,0,0
1508036022,lo,343.66,343.66,687.31,344,344,5.99,5.99,11.99,6,6,0.00,0.00,0,0
1508036022,s4,0.00,0.00,0.00,0,0,0.00,0.00,0.00,0,0,0.00,0.00,0,0
1508036022,total,91440.56,91374.62,182815.19,91466,91532,69.93,68.93,138.86,69,70,0.00,0.00,0,0
1508036023,s5,0.00,0.00,0.00,0,0,0.00,0.00,0.00,0,0,0.00,0.00,0,0
1508036023,eth0,0.00,0.00,0.00,0,0,0.00,0.00,0.00,0,0,0.00,0.00,0,0
1508036023,eth1,0.00,0.00,0.00,0,0,0.00,0.00,0.00,0,0,0.00,0.00,0,0
1508036023,s2,0.00,0.00,0.00,0,0,0.00,0.00,0.00,0,0,0.00,0.00,0,0
1508036023,s2-eth2,2250.00,94982.00,97232.00,94982,2250,33.00,35.00,68.00,35,33,0.00,0.00,0,0
1508036023,s2-eth1,92020.00,2250.00,94270.00,2250,92020,34.00,33.00,67.00,33,34,0.00,0.00,0,0
1508036023,lo,0.00,0.00,0.00,0,0,0.00,0.00,0.00,0,0,0.00,0.00,0,0
1508036023,s4,0.00,0.00,0.00,0,0,0.00,0.00,0.00,0,0,0.00,0.00,0,0
1508036023,total,94270.00,97232.00,191502.00,97232,94270,67.00,68.00,135.00,68,67,0.00,0.00,0,0
1508036024,s5,0.00,0.00,0.00,0,0,0.00,0.00,0.00,0,0,0.00,0.00,0,0
1508036024,eth0,0.00,0.00,0.00,0,0,0.00,0.00,0.00,0,0,0.00,0.00,0,0
1508036024,eth1,0.00,0.00,0.00,0,0,0.00,0.00,0.00,0,0,0.00,0.00,0,0
1508036024,s2,0.00,0.00,0.00,0,0,0.00,0.00,0.00,0,0,0.00,0.00,0,0
1508036024,s2-eth2,2501.00,77870.00,80371.00,77870,2501,34.00,39.00,73.00,39,34,0.00,0.00,0,0
1508036024,s2-eth1,65865.00,2394.00,68259.00,2394,65865,32.00,33.00,65.00,33,32,0.00,0.00,0,0
1508036024,lo,0.00,0.00,0.00,0,0,0.00,0.00,0.00,0,0,0.00,0.00,0,0
1508036024,s4,0.00,0.00,0.00,0,0,0.00,0.00,0.00,0,0,0.00,0.00,0,0
1508036024,total,68366.00,80264.00,148630.00,80264,68366,66.00,72.00,138.00,72,66,0.00,0.00,0,0
1508036025,s5,0.00,0.00,0.00,0,0,0.00,0.00,0.00,0,0,0.00,0.00,0,0
1508036025,eth0,0.00,0.00,0.00,0,0,0.00,0.00,0.00,0,0,0.00,0.00,0,0
1508036025,eth1,0.00,0.00,0.00,0,0,0.00,0.00,0.00,0,0,0.00,0.00,0,0
1508036025,s2,0.00,0.00,0.00,0,0,0.00,0.00,0.00,0,0,0.00,0.00,0,0
1508036025,s2-eth2,2233.77,53592.41,55826.18,53646,2236,27.97,22.98,50.95,23,28,0.00,0.00,0,0
1508036025,s2-eth1,62737.27,1888.11,64625.38,1890,62800,29.97,26.97,56.94,27,30,0.00,0.00,0,0
1508036025,lo,0.00,0.00,0.00,0,0,0.00,0.00,0.00,0,0,0.00,0.00,0,0
1508036025,s4,0.00,0.00,0.00,0,0,0.00,0.00,0.00,0,0,0.00,0.00,0,0
1508036025,total,64971.03,55480.52,120451.55,55536,65036,57.94,49.95,107.89,50,58,0.00,0.00,0,0
1508036026,s5,0.00,0.00,0.00,0,0,0.00,0.00,0.00,0,0,0.00,0.00,0,0
1508036026,eth0,0.00,0.00,0.00,0,0,0.00,0.00,0.00,0,0,0.00,0.00,0,0
1508036026,eth1,0.00,0.00,0.00,0,0,0.00,0.00,0.00,0,0,0.00,0.00,0,0
1508036026,s2,0.00,0.00,0.00,0,0,0.00,0.00,0.00,0,0,0.00,0.00,0,0
1508036026,s2-eth2,1200.00,57792.00,58992.00,57792,1200,18.00,20.00,38.00,20,18,0.00,0.00,0,0
1508036026,s2-eth1,47392.00,1134.00,48526.00,1134,47392,16.00,17.00,33.00,17,16,0.00,0.00,0,0
1508036026,lo,172.00,172.00,344.00,172,172,3.00,3.00,6.00,3,3,0.00,0.00,0,0
1508036026,s4,0.00,0.00,0.00,0,0,0.00,0.00,0.00,0,0,0.00,0.00,0,0
1508036026,total,48764.00,59098.00,107862.00,59098,48764,37.00,40.00,77.00,40,37,0.00,0.00,0,0
1508036027,s5,0.00,0.00,0.00,0,0,0.00,0.00,0.00,0,0,0.00,0.00,0,0
1508036027,eth0,0.00,0.00,0.00,0,0,0.00,0.00,0.00,0,0,0.00,0.00,0,0
1508036027,eth1,0.00,0.00,0.00,0,0,0.00,0.00,0.00,0,0,0.00,0.00,0,0
1508036027,s2,0.00,0.00,0.00,0,0,0.00,0.00,0.00,0,0,0.00,0.00,0,0
1508036027,s2-eth2,1488.00,60886.00,62374.00,60886,1488,22.00,23.00,45.00,23,22,0.00,0.00,0,0
1508036027,s2-eth1,68666.00,1488.00,70154.00,1488,68666,27.00,22.00,49.00,22,27,0.00,0.00,0,0
1508036027,lo,344.00,344.00,688.00,344,344,6.00,6.00,12.00,6,6,0.00,0.00,0,0
1508036027,s4,0.00,0.00,0.00,0,0,0.00,0.00,0.00,0,0,0.00,0.00,0,0
1508036027,total,70498.00,62718.00,133216.00,62718,70498,55.00,51.00,106.00,51,55,0.00,0.00,0,0
1508036028,s5,0.00,0.00,0.00,0,0,0.00,0.00,0.00,0,0,0.00,0.00,0,0
1508036028,eth0,0.00,0.00,0.00,0,0,0.00,0.00,0.00,0,0,0.00,0.00,0,0
1508036028,eth1,0.00,0.00,0.00,0,0,0.00,0.00,0.00,0,0,0.00,0.00,0,0
1508036028,s2,0.00,0.00,0.00,0,0,0.00,0.00,0.00,0,0,0.00,0.00,0,0
1508036028,s2-eth2,1848.00,82936.00,84784.00,82936,1848,28.00,28.00,56.00,28,28,0.00,0.00,0,0
1508036028,s2-eth1,71088.00,1848.00,72936.00,1848,71088,24.00,28.00,52.00,28,24,0.00,0.00,0,0
1508036028,lo,0.00,0.00,0.00,0,0,0.00,0.00,0.00,0,0,0.00,0.00,0,0
1508036028,s4,0.00,0.00,0.00,0,0,0.00,0.00,0.00,0,0,0.00,0.00,0,0
1508036028,total,72936.00,84784.00,157720.00,84784,72936,52.00,56.00,108.00,56,52,0.00,0.00,0,0
1508036029,s5,0.00,0.00,0.00,0,0,0.00,0.00,0.00,0,0,0.00,0.00,0,0
1508036029,eth0,0.00,0.00,0.00,0,0,0.00,0.00,0.00,0,0,0.00,0.00,0,0
1508036029,eth1,0.00,0.00,0.00,0,0,0.00,0.00,0.00,0,0,0.00,0.00,0,0
1508036029,s2,0.00,0.00,0.00,0,0,0.00,0.00,0.00,0,0,0.00,0.00,0,0
1508036029,s2-eth2,1290.00,56410.00,57700.00,56410,1290,19.00,21.00,40.00,21,19,0.00,0.00,0,0
1508036029,s2-eth1,62334.00,1446.00,63780.00,1446,62334,23.00,21.00,44.00,21,23,0.00,0.00,0,0
1508036029,lo,0.00,0.00,0.00,0,0,0.00,0.00,0.00,0,0,0.00,0.00,0,0
1508036029,s4,0.00,0.00,0.00,0,0,0.00,0.00,0.00,0,0,0.00,0.00,0,0
1508036029,total,63624.00,57856.00,121480.00,57856,63624,42.00,42.00,84.00,42,42,0.00,0.00,0,0
1508036030,s5,0.00,0.00,0.00,0,0,0.00,0.00,0.00,0,0,0.00,0.00,0,0
1508036030,eth0,0.00,0.00,0.00,0,0,0.00,0.00,0.00,0,0,0.00,0.00,0,0
1508036030,eth1,0.00,0.00,0.00,0,0,0.00,0.00,0.00,0,0,0.00,0.00,0,0
1508036030,s2,0.00,0.00,0.00,0,0,0.00,0.00,0.00,0,0,0.00,0.00,0,0
1508036030,s2-eth2,1182.00,41600.00,42782.00,41600,1182,17.00,16.00,33.00,16,17,0.00,0.00,0,0
1508036030,s2-eth1,38638.00,1026.00,39664.00,1026,38638,15.00,15.00,30.00,15,15,0.00,0.00,0,0
1508036030,lo,0.00,0.00,0.00,0,0,0.00,0.00,0.00,0,0,0.00,0.00,0,0
1508036030,s4,0.00,0.00,0.00,0,0,0.00,0.00,0.00,0,0,0.00,0.00,0,0
1508036030,total,39820.00,42626.00,82446.00,42626,39820,32.00,31.00,63.00,31,32,0.00,0.00,0,0
1508036031,s5,0.00,0.00,0.00,0,0,0.00,0.00,0.00,0,0,0.00,0.00,0,0
1508036031,eth0,0.00,0.00,0.00,0,0,0.00,0.00,0.00,0,0,0.00,0.00,0,0
1508036031,eth1,0.00,0.00,0.00,0,0,0.00,0.00,0.00,0,0,0.00,0.00,0,0
1508036031,s2,0.00,0.00,0.00,0,0,0.00,0.00,0.00,0,0,0.00,0.00,0,0
1508036031,s2-eth2,1188.00,56278.00,57466.00,56278,1188,18.00,19.00,37.00,19,18,0.00,0.00,0,0
1508036031,s2-eth1,56278.00,1188.00,57466.00,1188,56278,19.00,18.00,37.00,18,19,0.00,0.00,0,0
1508036031,lo,172.00,172.00,344.00,172,172,3.00,3.00,6.00,3,3,0.00,0.00,0,0
1508036031,s4,0.00,0.00,0.00,0,0,0.00,0.00,0.00,0,0,0.00,0.00,0,0
1508036031,total,57638.00,57638.00,115276.00,57638,57638,40.00,40.00,80.00,40,40,0.00,0.00,0,0
1508036032,s5,0.00,0.00,0.00,0,0,0.00,0.00,0.00,0,0,0.00,0.00,0,0
1508036032,eth0,0.00,0.00,0.00,0,0,0.00,0.00,0.00,0,0,0.00,0.00,0,0
1508036032,eth1,0.00,0.00,0.00,0,0,0.00,0.00,0.00,0,0,0.00,0.00,0,0
1508036032,s2,0.00,0.00,0.00,0,0,0.00,0.00,0.00,0,0,0.00,0.00,0,0
1508036032,s2-eth2,1823.00,88926.00,90749.00,88926,1823,27.00,31.00,58.00,31,27,0.00,0.00,0,0
1508036032,s2-eth1,74223.00,1716.00,75939.00,1716,74223,27.00,26.00,53.00,26,27,0.00,0.00,0,0
1508036032,lo,344.00,344.00,688.00,344,344,6.00,6.00,12.00,6,6,0.00,0.00,0,0
1508036032,s4,0.00,0.00,0.00,0,0,0.00,0.00,0.00,0,0,0.00,0.00,0,0
1508036032,total,76390.00,90986.00,167376.00,90986,76390,60.00,63.00,123.00,63,60,0.00,0.00,0,0
1508036033,s5,0.00,0.00,0.00,0