1508092793,eth0,0.00,0.00,0.00,0,0,0.00,0.00,0.00,0,0,0.00,0.00,0,0
1508092793,eth1,0.00,0.00,0.00,0,0,0.00,0.00,0.00,0,0,0.00,0.00,0,0
1508092793,s2,0.00,0.00,0.00,0,0,0.00,0.00,0.00,0,0,0.00,0.00,0,0
1508092793,s2-eth2,0.00,0.00,0.00,0,0,0.00,0.00,0.00,0,0,0.00,0.00,0,0
1508092793,s2-eth1,0.00,0.00,0.00,0,0,0.00,0.00,0.00,0,0,0.00,0.00,0,0
1508092793,lo,0.00,0.00,0.00,0,0,0.00,0.00,0.00,0,0,0.00,0.00,0,0
1508092793,total,0.00,0.00,0.00,0,0,0.00,0.00,0.00,0,0,0.00,0.00,0,0
1508092794,eth0,304.00,490.00,794.00,490,304,4.00,4.00,8.00,4,4,0.00,0.00,0,0
1508092794,eth1,0.00,0.00,0.00,0,0,0.00,0.00,0.00,0,0,0.00,0.00,0,0
1508092794,s2,160.00,250.00,410.00,250,160,2.00,3.00,5.00,3,2,0.00,0.00,0,0
1508092794,s2-eth2,8514.00,244652.00,253166.00,244652,8514,101.00,108.00,209.00,108,101,0.00,0.00,0,0
1508092794,s2-eth1,244400.00,7140.00,251540.00,7140,244400,114.00,94.00,208.00,94,114,0.00,0.00,0,0
1508092794,lo,2082.00,2082.00,4164.00,2082,2082,23.00,23.00,46.00,23,23,0.00,0.00,0,0
1508092794,total,255460.00,254614.00,510074.00,254614,255460,244.00,232.00,476.00,232,244,0.00,0.00,0,0
1508092795,eth0,152.00,245.00,397.00,245,152,2.00,2.00,4.00,2,2,0.00,0.00,0,0
1508092795,eth1,0.00,0.00,0.00,0,0,0.00,0.00,0.00,0,0,0.00,0.00,0,0
1508092795,s2,90.00,0.00,90.00,0,90,1.00,0.00,1.00,0,1,0.00,0.00,0,0
1508092795,s2-eth2,6900.00,260656.00,267556.00,260656,6900,93.00,88.00,181.00,88,93,0.00,0.00,0,0
1508092795,s2-eth1,246208.00,5808.00,252016.00,5808,246208,93.00,88.00,181.00,88,93,0.00,0.00,0,0
1508092795,lo,629.00,629.00,1258.00,629,629,7.00,7.00,14.00,7,7,0.00,0.00,0,0
1508092795,total,253979.00,267338.00,521317.00,267338,253979,196.00,185.00,381.00,185,196,0.00,0.00,0,0
1508092796,eth0,0.00,0.00,0.00,0,0,0.00,0.00,0.00,0,0,0.00,0.00,0,0
1508092796,eth1,0.00,0.00,0.00,0,0,0.00,0.00,0.00,0,0,0.00,0.00,0,0
1508092796,s2,0.00,0.00,0.00,0,0,0.00,0.00,0.00,0,0,0.00,0.00,0,0
1508092796,s2-eth2,5621.38,236002.00,241623.39,236238,5627,80.92,90.91,171.83,91,81,0.00,0.00,0,0
1508092796,s2-eth1,242968.03,5514.49,248482.53,5520,243211,82.92,79.92,162.84,80,83,0.00,0.00,0,0
1508092796,lo,0.00,0.00,0.00,0,0,0.00,0.00,0.00,0,0,0.00,0.00,0,0
1508092796,total,248589.42,241516.48,490105.91,241758,248838,163.84,170.83,334.67,171,164,0.00,0.00,0,0
1508092797,eth0,0.00,0.00,0.00,0,0,0.00,0.00,0.00,0,0,0.00,0.00,0,0
1508092797,eth1,0.00,0.00,0.00,0,0,0.00,0.00,0.00,0,0,0.00,0.00,0,0
1508092797,s2,0.00,69.93,69.93,70,0,0.00,1.00,1.00,1,0,0.00,0.00,0,0
1508092797,s2-eth2,8018.98,242843.16,250862.14,243086,8027,106.89,106.89,213.79,107,107,0.00,0.00,0,0
1508092797,s2-eth1,248146.86,7682.32,255829.17,7690,248395,120.88,104.90,225.77,105,121,0.00,0.00,0,0
1508092797,lo,267.73,267.73,535.46,268,268,3.00,3.00,5.99,3,3,0.00,0.00,0,0
1508092797,total,256433.58,250863.14,507296.72,251114,256690,230.77,215.78,446.55,216,231,0.00,0.00,0,0
1508092798,eth0,0.00,0.00,0.00,0,0,0.00,0.00,0.00,0,0,0.00,0.00,0,0
1508092798,eth1,0.00,0.00,0.00,0,0,0.00,0.00,0.00,0,0,0.00,0.00,0,0
1508092798,s2,69.93,69.93,139.86,70,70,1.00,1.00,2.00,1,1,0.00,0.00,0,0
1508092798,s2-eth2,6846.15,226143.86,232990.02,226370,6853,89.91,94.91,184.82,95,90,0.00,0.00,0,0
1508092798,s2-eth1,247590.42,6449.55,254039.97,6456,247838,105.89,87.91,193.81,88,106,0.00,0.00,0,0
1508092798,lo,535.46,535.46,1070.93,536,536,5.99,5.99,11.99,6,6,0.00,0.00,0,0
1508092798,total,255041.97,233198.81,488240.78,233432,255297,202.80,189.81,392.61,190,203,0.00,0.00,0,0
1508092799,eth0,0.00,0.00,0.00,0,0,0.00,0.00,0.00,0,0,0.00,0.00,0,0
1508092799,eth1,0.00,0.00,0.00,0,0,0.00,0.00,0.00,0,0,0.00,0.00,0,0
1508092799,s2,0.00,0.00,0.00,0,0,0.00,0.00,0.00,0,0,0.00,0.00,0,0
1508092799,s2-eth2,5694.31,234423.58,240117.89,234658,5700,81.92,88.91,170.83,89,82,0.00,0.00,0,0
1508092799,s2-eth1,242905.09,5694.31,248599.41,5700,243148,85.91,81.92,167.83,82,86,0.00,0.00,0,0
1508092799,lo,0.00,0.00,0.00,0,0,0.00,0.00,0.00,0,0,0.00,0.00,0,0
1508092799,total,248599.41,240117.89,488717.28,240358,248848,167.83,170.83,338.66,171,168,0.00,0.00,0,0
1508092800,eth0,0.00,0.00,0.00,0,0,0.00,0.00,0.00,0,0,0.00,0.00,0,0
1508092800,eth1,0.00,0.00,0.00,0,0,0.00,0.00,0.00,0,0,0.00,0.00,0,0
1508092800,s2,0.00,0.00,0.00,0,0,0.00,0.00,0.00,0,0,0.00,0.00,0,0
1508092800,s2-eth2,8325.00,169894.00,178219.00,169894,8325,106.00,95.00,201.00,95,106,0.00,0.00,0,0
1508092800,s2-eth1,183454.00,8218.00,191672.00,8218,183454,103.00,105.00,208.00,105,103,0.00,0.00,0,0
1508092800,lo,0.00,0.00,0.00,0,0,0.00,0.00,0.00,0,0,0.00,0.00,0,0
1508092800,total,191779.00,178112.00,369891.00,178112,191779,209.00,200.00,409.00,200,209,0.00,0.00,0,0
1508092801,eth0,0.00,0.00,0.00,0,0,0.00,0.00,0.00,0,0,0.00,0.00,0,0
1508092801,eth1,0.00,0.00,0.00,0,0,0.00,0.00,0.00,0,0,0.00,0.00,0,0
1508092801,s2,0.00,70.00,70.00,70,0,0.00,1.00,1.00,1,0,0.00,0.00,0,0
1508092801,s2-eth2,3386.00,130328.00,133714.00,130328,3386,47.00,44.00,91.00,44,47,0.00,0.00,0,0
1508092801,s2-eth1,133397.00,2974.00,136371.00,2974,133397,46.00,45.00,91.00,45,46,0.00,0.00,0,0
1508092801,lo,268.00,268.00,536.00,268,268,3.00,3.00,6.00,3,3,0.00,0.00,0,0
1508092801,total,137051.00,133640.00,270691.00,133640,137051,96.00,93.00,189.00,93,96,0.00,0.00,0,0
1508092802,eth0,0.00,0.00,0.00,0,0,0.00,0.00,0.00,0,0,0.00,0.00,0,0
1508092802,eth1,0.00,0.00,0.00,0,0,0.00,0.00,0.00,0,0,0.00,0.00,0,0
1508092802,s2,70.00,70.00,140.00,70,70,1.00,1.00,2.00,1,1,0.00,0.00,0,0
1508092802,s2-eth2,3172.00,142246.00,145418.00,142246,3172,48.00,49.00,97.00,49,48,0.00,0.00,0,0
1508092802,s2-eth1,136462.00,3102.00,139564.00,3102,136462,49.00,47.00,96.00,47,49,0.00,0.00,0,0
1508092802,lo,536.00,536.00,1072.00,536,536,6.00,6.00,12.00,6,6,0.00,0.00,0,0
1508092802,total,140240.00,145954.00,286194.00,145954,140240,104.00,103.00,207.00,103,104,0.00,0.00,0,0
1508092803,eth0,0.00,0.00,0.00,0,0,0.00,0.00,0.00,0,0,0.00,0.00,0,0
1508092803,eth1,0.00,0.00,0.00,0,0,0.00,0.00,0.00,0,0,0.00,0.00,0,0
1508092803,s2,0.00,0.00,0.00,0,0,0.00,0.00,0.00,0,0,0.00,0.00,0,0
1508092803,s2-eth2,3296.70,150911.09,154207.80,151062,3300,49.95,50.95,100.90,51,50,0.00,0.00,0,0
1508092803,s2-eth1,156829.17,3296.70,160125.88,3300,156986,52.95,49.95,102.90,50,53,0.00,0.00,0,0
1508092803,lo,0.00,0.00,0.00,0,0,0.00,0.00,0.00,0,0,0.00,0.00,0,0
1508092803,total,160125.88,154207.80,314333.69,154362,160286,102.90,100.90,203.80,101,103,0.00,0.00,0,0
1508092804,eth0,0.00,0.00,0.00,0,0,0.00,0.00,0.00,0,0,0.00,0.00,0,0
1508092804,eth1,0.00,0.00,0.00,0,0,0.00,0.00,0.00,0,0,0.00,0.00,0,0
1508092804,s2,0.00,0.00,0.00,0,0,0.00,0.00,0.00,0,0,0.00,0.00,0,0
1508092804,s2-eth2,3050.95,105540.46,108591.41,105646,3054,42.96,42.96,85.91,43,43,0.00,0.00,0,0
1508092804,s2-eth1,104369.63,3050.95,107420.59,3054,104474,42.96,42.96,85.91,43,43,0.00,0.00,0,0
1508092804,lo,0.00,0.00,0.00,0,0,0.00,0.00,0.00,0,0,0.00,0.00,0,0
1508092804,total,107420.59,108591.41,216012.00,108700,107528,85.91,85.91,171.83,86,86,0.00,0.00,0,0
1508092805,eth0,0.00,0.00,0.00,0,0,0.00,0.00,0.00,0,0,0.00,0.00,0,0
1508092805,eth1,0.00,0.00,0.00,0,0,0.00,0.00,0.00,0,0,0.00,0.00,0,0
1508092805,s2,0.00,0.00,0.00,0,0,0.00,0.00,0.00,0,0,0.00,0.00,0,0
1508092805,s2-eth2,2235.76,86075.93,88311.69,86162,2238,32.97,32.97,65.93,33,33,0.00,0.00,0,0
1508092805,s2-eth1,80157.84,2235.76,82393.61,2238,80238,30.97,32.97,63.94,33,31,0.00,0.00,0,0
1508092805,lo,0.00,0.00,0.00,0,0,0.00,0.00,0.00,0,0,0.00,0.00,0,0
1508092805,total,82393.61,88311.69,170705.30,88400,82476,63.94,65.93,129.87,66,64,0.00,0.00,0,0
1508092806,eth0,0.00,0.00,0.00,0,0,0.00,0.00,0.00,0,0,0.00,0.00,0,0
1508092806,eth1,0.00,0.00,0.00,0,0,0.00,0.00,0.00,0,0,0.00,0.00,0,0
1508092806,s2,0.00,0.00,0.00,0,0,0.00,0.00,0.00,0,0,0.00,0.00,0,0
1508092806,s2-eth2,2019.98,75818.19,77838.16,75894,2022,28.97,30.97,59.94,31,29,0.00,0.00,0,0
1508092806,s2-eth1,77264.73,2019.98,79284.72,2022,77342,30.97,28.97,59.94,29,31,0.00,0.00,0,0
1508092806,lo,0.00,0.00,0.00,0,0,0.00,0.00,0.00,0,0,0.00,0.00,0,0
1508092806,total,79284.72,77838.16,157122.88,77916,79364,59.94,59.94,119.88,60,60,0.00,0.00,0,0
1508092807,eth0,0.00,0.00,0.00,0,0,0.00,0.00,0.00,0,0,0.00,0.00,0,0
1508092807,eth1,0.00,0.00,0.00,0,0,0.00,0.00,0.00,0,0,0.00,0.00,0,0
1508092807,s2,0.00,0.00,0.00,0,0,0.00,0.00,0.00,0,0,0.00,0.00,0,0
1508092807,s2-eth2,1368.00,50552.00,51920.00,50552,1368,20.00,20.00,40.00,20,20,0.00,0.00,0,0
1508092807,s2-eth1,47590.00,1368.00,48958.00,1368,47590,19.00,20.00,39.00,20,19,0.00,0.00,0,0
1508092807,lo,172.00,172.00,344.00,172,172,3.00,3.00,6.00,3,3,0.00,0.00,0,0
1508092807,total,49130.00,52092.00,101222.00,52092,49130,42.00,43.00,85.00,43,42,0.00,0.00,0,0
1508092808,eth0,0.00,0.00,0.00,0,0,0.00,0.00,0.00,0,0,0.00,0.00,0,0
1508092808,eth1,0.00,0.00,0.00,0,0,0.00,0.00,0.00,0,0,0.00,0.00,0,0
1508092808,s2,0.00,0.00,0.00,0,0,0.00,0.00,0.00,0,0,0.00,0.00,0,0
1508092808,s2-eth2,1295.00,56278.00,57573.00,56278,1295,19.00,19.00,38.00,19,19,0.00,0.00,0,0
1508092808,s2-eth1,56278.00,1188.00,57466.00,1188,56278,19.00,18.00,37.00,18,19,0.00,0.00,0,0
1508092808,lo,0.00,0.00,0.00,0,0,0.00,0.00,0.00,0,0,0.00,0.00,0,0
1508092808,total,57573.00,57466.00,115039.00,57466,57573,38.00,37.00,75.00,37,38,0.00,0.00,0,0
1508092809,eth0,0.00,0.00,0.00,0,0,0.00,0.00,0.00,0,0,0.00,0.00,0,0
1508092809,eth1,0.00,0.00,0.00,0,0,0.00,0.00,0.00,0,0,0.00,0.00,0,0
1508092809,s2,0.00,0.00,0.00,0,0,0.00,0.00,0.00,0,0,0.00,0.00,0,0
1508092809,s2-eth2,1318.68,62139.86,63458.54,62202,1320,19.98,20.98,40.96,21,20,0.00,0.00,0,0
1508092809,s2-eth1,59287.71,1318.68,60606.39,1320,59347,20.98,19.98,40.96,20,21,0.00,0.00,0,0
1508092809,lo,0.00,0.00,0.00,0,0,0.00,0.00,0.00,0,0,0.00,0.00,0,0
1508092809,total,60606.39,63458.54,124064.94,63522,60667,40.96,40.96,81.92,41,41,0.00,0.00,0,0
1508092810,eth0,0.00,0.00,0.00,0,0,0.00,0.00,0.00,0,0,0.00,0.00,0,0
1508092810,eth1,0.00,0.00,0.00,0,0,0.00,0.00,0.00,0,0,0.00,0.00,0,0
1508092810,s2,0.00,0.00,0.00,0,0,0.00,0.00,0.00,0,0,0.00,0.00,0,0
1508092810,s2-eth2,1716.00,77012.00,78728.00,77012,1716,26.00,26.00,52.00,26,26,0.00,0.00,0,0
1508092810,s2-eth1,77012.00,1716.00,78728.00,1716,77012,26.00,26.00,52.00,26,26,0.00,0.00,0,0
1508092810,lo,0.00,0.00,0.00,0,0,0.00,0.00,0.00,0,0,0.00,0.00,0,0
1508092810,total,78728.00,78728.00,157456.00,78728,78728,52.00,52.00,104.00,52,52,0.00,0.00,0,0
1508092811,eth0,0.00,0.00,0.00,0,0,0.00,0.00,0.00,0,0,0.00,0.00,0,0
1508092811,eth1,0.00,0.00,0.00,0,0,0.00,0.00,0.00,0,0,0.00,0.00,0,0
1508092811,s2,0.00,0.00,0.00,0,0,0.00,0.00,0.00,0,0,0.00,0.00,0,0
1508092811,s2-eth2,2173.65,103463.08,105636.73,103670,2178,32.93,34.93,67.86,35,33,0.00,0.00,0,0
1508092811,s2-eth1,94594.81,2173.65,96768.47,2178,94784,31.94,32.93,64.87,33,32,0.00,0.00,0,0
1508092811,lo,0.00,0.00,0.00,0,0,0.00,0.00,0.00,0,0,0.00,0.00,0,0
1508092811,total,96768.47,105636.73,202405.19,105848,96962,64.87,67.86,132.73,68,65,0.00,0.00,0,0
1508092812,eth0,0.00,0.00,0.00,0,0,0.00,0.00,0.00,0,0,0.00,0.00,0,0
1508092812,eth1,0.00,0.00,0.00,0,0,0.00,0.00,0.00,0,0,0.00,0.00,0,0
1508092812,s2,0.00,0.00,0.00,0,0,0.00,0.00,0.00,0,0,0.00,0.00,0,0
1508092812,s2-eth2,2595.40,89298.70,91894.11,89388,2598,36.96,37.96,74.93,38,37,0.00,0.00,0,0
1508092812,s2-eth1,98175.83,2595.40,100771.23,2598,98274,40.96,36.96,77.92,37,41,0.00,0.00,0,0
1508092812,lo,171.83,171.83,343.66,172,172,3.00,3.00,5.99,3,3,0.00,0.00,0,0
1508092812,total,100943.06,92065.94,193009.00,92158,101044,80.92,77.92,158.84,78,81,0.00,0.00,0,0
1508092813,eth0,0.00,0.00,0.00,0,0,0.00,0.00,0.00,0,0,0.00,0.00,0,0
1508092813,eth1,0.00,0.00,0.00,0,0,0.00,0.00,0.00,0,0,0.00,0.00,0,0
1508092813,s2,0.00,0.00,0.00,0,0,0.00,0.00,0.00,0,0,0.00,0.00,0,0
1508092813,s2-eth2,2646.00,89124.00,91770.00,89124,2646,35.00,34.00,69.00,34,35,0.00,0.00,0,0
1508092813,s2-eth1,74656.00,2304.00,76960.00,2304,74656,30.00,34.00,64.00,34,30,0.00,0.00,0,0
1508092813,lo,0.00,0.00,0.00,0,0,0.00,0.00,0.00,0,0,0.00,0.00,0,0
1508092813,total,77302.00,91428.00,168730.00,91428,77302,65.00,68.00,133.00,68,65,0.00,0.00,0,0
1508092814,eth0,0.00,0.00,0.00,0,0,0.00,0.00,0.00,0,0,0.00,0.00,0,0
1508092814,eth1,0.00,0.00,0.00,0,0,0.00,0.00,0.00,0,0,0.00,0.00,0,0
1508092814,s2,0.00,0.00,0.00,0,0,0.00,0.00,0.00,0,0,0.00,0.00,0,0
1508092814,s2-eth2,2037.96,80157.84,82195.80,80238,2040,29.97,30.97,60.94,31,30,0.00,0.00,0,0
1508092814,s2-eth1,86075.93,2037.96,88113.89,2040,86162,32.97,29.97,62.94,30,33,0.00,0.00,0,0
1508092814,lo,0.00,0.00,0.00,0,0,0.00,0.00,0.00,0,0,0.00,0.00,0,0
1508092814,total,88113.89,82195.80,170309.69,82278,88202,62.94,60.94,123.88,61,63,0.00,0.00,0,0
1508092815,eth0,0.00,0.00,0.00,0,0,0.00,0.00,0.00,0,0,0.00,0.00,0,0
1508092815,eth1,0.00,0.00,0.00,0,0,0.00,0.00,0.00,0,0,0.00,0.00,0,0
1508092815,s2,0.00,0.00,0.00,0,0,0.00,0.00,0.00,0,0,0.00,0.00,0,0
1508092815,s2-eth2,1564.44,62271.73,63836.16,62334,1566,22.98,22.98,45.95,23,23,0.00,0.00,0,0
1508092815,s2-eth1,53394.61,1564.44,54959.04,1566,53448,19.98,22.98,42.96,23,20,0.00,0.00,0,0
1508092815,lo,0.00,0.00,0.00,0,0,0.00,0.00,0.00,0,0,0.00,0.00,0,0
1508092815,total,54959.04,63836.16,118795.21,63900,55014,42.96,45.95,88.91,46,43,0.00,0.00,0,0
1508092816,eth0,0.00,0.00,0.00,0,0,0.00,0.00,0.00,0,0,0.00,0.00,0,0
1508092816,eth1,0.00,0.00,0.00,0,0,0.00,0.00,0.00,0,0,0.00,0.00,0,0
1508092816,s2,0.00,0.00,0.00,0,0,0.00,0.00,0.00,0,0,0.00,0.00,0,0
1508092816,s2-eth2,1500.00,65296.00,66796.00,65296,1500,22.00,24.00,46.00,24,22,0.00,0.00,0,0
1508092816,s2-eth1,68258.00,1500.00,69758.00,1500,68258,25.00,22.00,47.00,22,25,0.00,0.00,0,0
1508092816,lo,0.00,0.00,0.00,0,0,0.00,0.00,0.00,0,0,0.00,0.00,0,0
1508092816,total,69758.00,66796.00,136554.00,66796,69758,47.00,46.00,93.00,46,47,0.00,0.00,0,0
1508092817,eth0,0.00,0.00,0.00,0,0,0.00,0.00,0.00,0,0,0.00,0.00,0,0
1508092817,eth1,0.00,0.00,0.00,0,0,0.00,0.00,0.00,0,0,0.00,0.00,0,0
1508092817,s2,0.00,0.00,0.00,0,0,0.00,0.00,0.00,0,0,0.00,0.00,0,0
1508092817,s2-eth2,1158.00,41600.00,42758.00,41600,1158,17.00,16.00,33.00,16,17,0.00,0.00,0,0
1508092817,s2-eth1,35676.00,1158.00,36834.00,1158,35676,14.00,17.00,31.00,17,14,0.00,0.00,0,0
1508092817,lo,172.00,172.00,344.00,172,172,3.00,3.00,6.00,3,3,0.00,0.00,0,0
1508092817,total,37006.00,42930.00,79936.00,42930,37006,34.00,36.00,70.00,36,34,0.00,0.00,0,0
1508092818,eth0,0.00,0.00,0.00,0,0,0.00,0.00,0.00,0,0,0.00,0.00,0,0
1508092818,eth1,0.00,0.00,0.00,0,0,0.00,0.00,0.00,0,0,0.00,0.00,0,0
1508092818,s2,0.00,0.00,0.00,0,0,0.00,0.00,0.00,0,0,0.00,0.00,0,0
1508092818,s2-eth2,1024.98,44517.48,45542.46,44562,1026,14.99,16.98,31.97,17,15,0.00,0.00,0,0
1508092818,s2-eth1,47476.52,1024.98,48501.50,1026,47524,17.98,14.99,32.97,15,18,0.00,0.00,0,0
1508092818,lo,0.00,0.00,0.00,0,0,0.00,0.00,0.00,0,0,0.00,0.00,0,0
1508092818,total,48501.50,45542.46,94043.96,45588,48550,32.97,31.97,64.94,32,33,0.00,0.00,0,0
1508092819,eth0,0.00,0.00,0.00,0,0,0.00,0.00,0.00,0,0,0.00,0.00,0,0
1508092819,eth1,0.00,0.00,0.00,0,0,0.00,0.00,0.00,0,0,0.00,0.00,0,0
1508092819,s2,0.00,0.00,0.00,0,0,0.00,0.00,0.00,0,0,0.00,0.00,0,0
1508092819,s2-eth2,1384.62,62139.86,63524.48,62202,1386,20.98,20.98,41.96,21,21,0.00,0.00,0,0
1508092819,s2-eth1,53262.74,1384.62,54647.36,1386,53316,17.98,20.98,38.96,21,18,0.00,0.00,0,0
1508092819,lo,0.00,0.00,0.00,0,0,0.00,0.00,0.00,0,0,0.00,0.00,0,0
1508092819,total,54647.36,63524.48,118171.83,63588,54702,38.96,41.96,80.92,42,39,0.00,0.00,0,0
1508092820,eth0,0.00,0.00,0.00,0,0,0.00,0.00,0.00,0,0,0.00,0.00,0,0
1508092820,eth1,0.00,0.00,0.00,0,0,0.00,0.00,0.00,0,0,0.00,0.00,0,0
1508092820,s2,0.00,0.00,0.00,0,0,0.00,0.00,0.00,0,0,0.00,0.00,0,0
1508092820,s2-eth2,1156.84,47476.52,48633.37,47524,1158,16.98,17.98,34.97,18,17,0.00,0.00,0,0
1508092820,s2-eth1,53394.61,1156.84,54551.45,1158,53448,19.98,16.98,36.96,17,20,0.00,0.00,0,0
1508092820,lo,0.00,0.00,0.00,0,0,0.00,0.00,0.00,0,0,0.00,0.00,0,0
1508092820,total,54551.45,48633.37,103184.82,48682,54606,36.96,34.97,71.93,35,37,0.00,0.00,0,0
1508092821,eth0,0.00,0.00,0.00,0,0,0.00,0.00,0.00,0,0,0.00,0.00,0,0
1508092821,eth1,0.00,0.00,0.00,0,0,0.00,0.00,0.00,0,0,0.00,0.00,0,0
1508092821,s2,0.00,0.00,0.00,0,0,0.00,0.00,0.00,0,0,0.00,0.00,0,0
1508092821,s2-eth2,1384.62,62139.86,63524.48,62202,1386,20.98,20.98,41.96,21,21,0.00,0.00,0,0
1508092821,s2-eth1,53262.74,1384.62,54647.36,1386,53316,17.98,20.98,38.96,21,18,0.00,0.00,0,0
1508092821,lo,0.00,0.00,0.00,0,0,0.00,0.00,0.00,0,0,0.00,0.00,0,0
1508092821,total,54647.36,63524.48,118171.83,63588,54702,38.96,41.96,80.92,42,39,0.00,0.00,0,0
1508092822,eth0,0.00,0.00,0.00,0,0,0.00,0.00,0.00,0,0,0.00,0.00,0,0
1508092822,eth1,0.00,0.00,0.00,0,0,0.00,0.00,0.00,0,0,0.00,0.00,0,0
1508092822,s2,0.00,0.00,0.00,0,0,0.00,0.00,0.00,0,0,0.00,0.00,0,0
1508092822,s2-eth2,1026.00,46010.00,47036.00,46010,1026,15.00,17.00,32.00,17,15,0.00,0.00,0,0
1508092822,s2-eth1,51934.00,1026.00,52960.00,1026,51934,19.00,15.00,34.00,15,19,0.00,0.00,0,0
1508092822,lo,172.00,172.00,344.00,172,172,3.00,3.00,6.00,3,3,0.00,0.00,0,0
1508092822,total,53132.00,47208.00,100340.00,47208,53132,37.00,35.00,72.00,35,37,0.00,0.00,0,0
1508092823,eth0,0.00,0.00,0.00,0,0,0.00,0.00,0.00,0,0,0.00,0.00,0,0
1508092823,eth1,0.00,0.00,0.00,0,0,0.00,0.00,0.00,0,0,0.00,0.00,0,0
1508092823,s2,0.00,0.00,0.00,0,0,0.00,0.00,0.00,0,0,0.00,0.00,0,0
1508092823,s2-eth2,1386.00,60754.00,62140.00,60754,1386,21.00,21.00,42.00,21,21,0.00,0.00,0,0
1508092823,s2-eth1,51868.00,1386.00,53254.00,1386,51868,18.00,21.00,39.00,21,18,0.00,0.00,0,0
1508092823,lo,0.00,0.00,0.00,0,0,0.00,0.00,0.00,0,0,0.00,0.00,0,0
1508092823,total,53254.00,62140.00,115394.00,62140,53254,39.00,42.00,81.00,42,39,0.00,0.00,0,0
1508092824,eth0,0.00,0.00,0.00,0,0,0.00,0.00,0.00,0,0,0.00,0.00,0,0
1508092824,eth1,0.00,0.00,0.00,0,0,0.00,0.00,0.00,0,0,0.00,0.00,0,0
1508092824,s2,0.00,0.00,0.00,0,0,0.00,0.00,0.00,0,0,0.00,0.00,0,0
1508092824,s2-eth2,1163.00,50354.00,51517.00,50354,1163,17.00,17.00,34.00,17,17,0.00,0.00,0,0
1508092824,s2-eth1,59240.00,1056.00,60296.00,1056,59240,20.00,16.00,36.00,16,20,0.00,0.00,0,0
1508092824,lo,0.00,0.00,0.00,0,0,0.00,0.00,0.00,0,0,0.00,0.00,0,0
1508092824,total,60403.00,51410.00,111813.00,51410,60403,37.00,33.00,70.00,33,37,0.00,0.00,0,0
1508092825,eth0,0.00,0.00,0.00,0,0,0.00,0.00,0.00,0,0,0.00,0.00,0,0
1508092825,eth1,0.00,0.00,0.00,0,0,0.00,0.00,0.00,0,0,0.00,0.00,0,0
1508092825,s2,0.00,0.00,0.00,0,0,0.00,0.00,0.00,0,0,0.00,0.00,0,0
1508092825,s2-eth2,1582.42,76935.07,78517.48,77012,1584,23.98,25.97,49.95,26,24,0.00,0.00,0,0
1508092825,s2-eth1,65205.80,1582.42,66788.21,1584,65271,22.98,23.98,46.95,24,23,0.00,0.00,0,0
1508092825,lo,0.00,0.00,0.00,0,0,0.00,0.00,0.00,0,0,0.00,0.00,0,0
1508092825,total,66788.21,78517.48,145305.70,78596,66855,46.95,49.95,96.90,50,47,0.00,0.00,0,0
1508092826,eth0,0.00,0.00,0.00,0,0,0.00,0.00,0.00,0,0,0.00,0.00,0,0
1508092826,eth1,0.00,0.00,0.00,0,0,0.00,0.00,0.00,0,0,0.00,0.00,0,0
1508092826,s2,0.00,0.00,0.00,0,0,0.00,0.00,0.00,0,0,0.00,0.00,0,0
1508092826,s2-eth2,1780.22,82853.15,84633.37,82936,1782,26.97,27.97,54.95,28,27,0.00,0.00,0,0
1508092826,s2-eth1,94689.31,1780.22,96469.53,1782,94784,31.97,26.97,58.94,27,32,0.00,0.00,0,0
1508092826,lo,0.00,0.00,0.00,0,0,0.00,0.00,0.00,0,0,0.00,0.00,0,0
1508092826,total,96469.53,84633.37,181102.91,84718,96566,58.94,54.95,113.89,55,59,0.00,0.00,0,0
1508092827,eth0,0.00,0.00,0.00,0,0,0.00,0.00,0.00,0,0,0.00,0.00,0,0
1508092827,eth1,0.00,0.00,0.00,0,0,0.00,0.00,0.00,0,0,0.00,0.00,0,0
1508092827,s2,0.00,0.00,0.00,0,0,0.00,0.00,0.00,0,0,0.00,0.00,0,0
1508092827,s2-eth2,3210.00,109990.00,113200.00,109990,3210,43.00,43.00,86.00,43,43,0.00,0.00,0,0
1508092827,s2-eth1,101104.00,2868.00,103972.00,2868,101104,40.00,42.00,82.00,42,40,0.00,0.00,0,0
1508092827,lo,172.00,172.00,344.00,172,172,3.00,3.00,6.00,3,3,0.00,0.00,0,0
1508092827,total,104486.00,113030.00,217516.00,113030,104486,86.00,88.00,174.00,88,86,0.00,0.00,0,0
1508092828,eth0,0.00,0.00,0.00,0,0,0.00,0.00,0.00,0,0,0.00,0.00,0,0
1508092828,eth1,0.00,0.00,0.00,0,0,0.00,0.00,0.00,0,0,0.00,0.00,0,0
1508092828,s2,0.00,0.00,0.00,0,0,0.00,0.00,0.00,0,0,0.00,0.00,0,0
1508092828,s2-eth2,2799.20,123162.84,125962.04,123286,2802,40.96,46.95,87.91,47,41,0.00,0.00,0,0
1508092828,s2-eth1,114021.98,2799.20,116821.18,2802,114136,39.96,40.96,80.92,41,40,0.00,0.00,0,0
1508092828,lo,0.00,0.00,0.00,0,0,0.00,0.00,0.00,0,0,0.00,0.00,0,0
1508092828,total,116821.18,125962.04,242783.22,126088,116938,80.92,87.91,168.83,88,81,0.00,0.00,0,0
1508092829,eth0,0.00,0.00,0.00,0,0,0.00,0.00,0.00,0,0,0.00,0.00,0,0
1508092829,eth1,0.00,0.00,0.00,0,0,0.00,0.00,0.00,0,0,0.00,0.00,0,0
1508092829,s2,0.00,0.00,0.00,0,0,0.00,0.00,0.00,0,0,0.00,0.00,0,0
1508092829,s2-eth2,2520.00,108212.00,110732.00,108212,2520,38.00,38.00,76.00,38,38,0.00,0.00,0,0
1508092829,s2-eth1,115848.00,2520.00,118368.00,2520,115848,44.00,38.00,82.00,38,44,0.00,0.00,0,0
1508092829,lo,0.00,0.00,0.00,0,0,0.00,0.00,0.00,0,0,0.00,0.00,0,0
1508092829,total,118368.00,110732.00,229100.00,110732,118368,82.00,76.00,158.00,76,82,0.00,0.00,0,0
1508092830,eth0,0.00,0.00,0.00,0,0,0.00,0.00,0.00,0,0,0.00,0.00,0,0
1508092830,eth1,0.00,0.00,0.00,0,0,0.00,0.00,0.00,0,0,0.00,0.00,0,0
1508092830,s2,0.00,0.00,0.00,0,0,0.00,0.00,0.00,0,0,0.00,0.00,0,0
1508092830,s2-eth2,2646.00,79054.00,81700.00,79054,2646,37.00,35.00,72.00,35,37,0.00,0.00,0,0
1508092830,s2-eth1,73130.00,2646.00,75776.00,2646,73130,33.00,37.00,70.00,37,33,0.00,0.00,0,0
1508092830,lo,0.00,0.00,0.00,0,0,0.00,0.00,0.00,0,0,0.00,0.00,0,0
1508092830,total,75776.00,81700.00,157476.00,81700,75776,70.00,72.00,142.00,72,70,0.00,0.00,0,0
1508092831,eth0,0.00,0.00,0.00,0,0,0.00,0.00,0.00,0,0,0.00,0.00,0,0
1508092831,eth1,0.00,0.00,0.00,0,0,0.00,0.00,0.00,0,0,0.00,0.00,0,0
1508092831,s2,0.00,0.00,0.00,0,0,0.00,0.00,0.00,0,0,0.00,0.00,0,0
1508092831,s2-eth2,1580.84,79814.38,81395.21,79974,1584,23.95,26.95,50.90,27,24,0.00,0.00,0,0
1508092831,s2-eth1,82770.46,1580.84,84351.30,1584,82936,27.94,23.95,51.90,24,28,0.00,0.00,0,0
1508092831,lo,0.00,0.00,0.00,0,0,0.00,0.00,0.00,0,0,0.00,0.00,0,0
1508092831,total,84351.30,81395.21,165746.52,81558,84520,51.90,50.90,102.79,51,52,0.00,0.00,0,0
1508092832,eth0,0.00,0.00,0.00,0,0,0.00,0.00,0.00,0,0,0.00,0.00,0,0
1508092832,eth1,0.00,0.00,0.00,0,0,0.00,0.00,0.00,0,0,0.00,0.00,0,0
1508092832,s2,0.00,0.00,0.00,0,0,0.00,0.00,0.00,0,0,0.00,0.00,0,0
1508092832,s2-eth2,2358.00,105316.00,107674.00,105316,2358,35.00,38.00,73.00,38,35,0.00,0.00,0,0
1508092832,s2-eth1,98088.00,2358.00,100446.00,2358,98088,34.00,35.00,69.00,35,34,0.00,0.00,0,0
1508092832,lo,172.00,172.00,344.00,172,172,3.00,3.00,6.00,3,3,0.00,0.00,0,0
1508092832,total,100618.00,107846.00,208464.00,107846,100618,72.00,76.00,148.00,76,72,0.00,0.00,0,0
1508092833,eth0,0.00,0.00,0.00,0,0,0.00,0.00,0.00,0,0,0.00,0.00,0,0
1508092833,eth1,0.00,0.00,0.00,0,0,0.00,0.00,0.00,0,0,0.00,0.00,0,0
1508092833,s2,0.00,0.00,0.00,0,0,0.00,0.00,0.00,0,0,0.00,0.00,0,0
1508092833,s2-eth2,2304.00,61348.00,63652.00,61348,2304,32.00,30.00,62.00,30,32,0.00,0.00,0,0
1508092833,s2-eth1,59966.00,2304.00,62270.00,2304,59966,31.00,32.00,63.00,32,31,0.00,0.00,0,0
1508092833,lo,0.00,0.00,0.00,0,0,0.00,0.00,0.00,0,0,0.00,0.00,0,0
1508092833,total,62270.00,63652.00,125922.00,63652,62270,63.00,62.00,125.00,62,63,0.00,0.00,0,0
1508092834,eth0,0.00,0.00,0.00,0,0,0.00,0.00,0.00,0,0,0.00,0.00,0,0
1508092834,eth1,0.00,0.00,0.00,0,0,0.00,0.00,0.00,0,0,0.00,0.00,0,0
1508092834,s2,0.00,0.00,0.00,0,0,0.00,0.00,0.00,0,0,0.00,0.00,0,0
1508092834,s2-eth2,1198.80,47518.48,48717.29,47566,1200,17.98,18.98,36.96,19,18,0.00,0.00,0,0
1508092834,s2-eth1,47518.48,1198.80,48717.29,1200,47566,18.98,17.98,36.96,18,19,0.00,0.00,0,0
1508092834,lo,295.70,295.70,591.41,296,296,3.00,3.00,5.99,3,3,0.00,0.00,0,0
1508092834,total,49012.99,49012.99,98025.98,49062,49062,39.96,39.96,79.92,40,40,0.00,0.00,0,0
1508092835,eth0,0.00,0.00,0.00,0,0,0.00,0.00,0.00,0,0,0.00,0.00,0,0
1508092835,eth1,0.00,0.00,0.00,0,0,0.00,0.00,0.00,0,0,0.00,0.00,0,0
1508092835,s2,0.00,0.00,0.00,0,0,0.00,0.00,0.00,0,0,0.00,0.00,0,0
1508092835,s2-eth2,1312.69,52013.99,53326.68,52066,1314,18.98,20.98,39.96,21,19,0.00,0.00,0,0
1508092835,s2-eth1,43070.93,1312.69,44383.62,1314,43114,16.98,18.98,35.96,19,17,0.00,0.00,0,0
1508092835,lo,0.00,0.00,0.00,0,0,0.00,0.00,0.00,0,0,0.00,0.00,0,0
1508092835,total,44383.62,53326.68,97710.29,53380,44428,35.96,39.96,75.92,40,36,0.00,0.00,0,0
1508092836,eth0,0.00,0.00,0.00,0,0,0.00,0.00,0.00,0,0,0.00,0.00,0,0
1508092836,eth1,0.00,0.00,0.00,0,0,0.00,0.00,0.00,0,0,0.00,0.00,0,0
1508092836,s2,0.00,0.00,0.00,0,0,0.00,0.00,0.00,0,0,0.00,0.00,0,0
1508092836,s2-eth2,1054.95,53262.74,54317.68,53316,1056,15.98,17.98,33.97,18,16,0.00,0.00,0,0
1508092836,s2-eth1,60693.31,1054.95,61748.25,1056,60754,20.98,15.98,36.96,16,21,0.00,0.00,0,0
1508092836,lo,0.00,0.00,0.00,0,0,0.00,0.00,0.00,0,0,0.00,0.00,0,0
1508092836,total,61748.25,54317.68,116065.94,54372,61810,36.96,33.97,70.93,34,37,0.00,0.00,0,0
1508092837,eth0,0.00,0.00,0.00,0,0,0.00,0.00,0.00,0,0,0.00,0.00,0,0
1508092837,eth1,0.00,0.00,0.00,0,0,0.00,0.00,0.00,0,0,0.00,0.00,0,0
1508092837,s2,0.00,0.00,0.00,0,0,0.00,0.00,0.00,0,0,0.00,0.00,0,0
1508092837,s2-eth2,1156.84,50435.57,51592.41,50486,1158,16.98,18.98,35.96,19,17,0.00,0.00,0,0
1508092837,s2-eth1,41492.51,1156.84,42649.35,1158,41534,14.99,16.98,31.97,17,15,0.00,0.00,0,0
1508092837,lo,0.00,0.00,0.00,0,0,0.00,0.00,0.00,0,0,0.00,0.00,0,0
1508092837,total,42649.35,51592.41,94241.76,51644,42692,31.97,35.96,67.93,36,32,0.00,0.00,0,0
1508092838,eth0,0.00,0.00,0.00,0,0,0.00,0.00,0.00,0,0,0.00,0.00,0,0
1508092838,eth1,0.00,0.00,0.00,0,0,0.00,0.00,0.00,0,0,0.00,0.00,0,0
1508092838,s2,0.00,0.00,0.00,0,0,0.00,0.00,0.00,0,0,0.00,0.00,0,0
1508092838,s2-eth2,1186.81,53262.74,54449.55,53316,1188,17.98,17.98,35.96,18,18,0.00,0.00,0,0
1508092838,s2-eth1,59246.75,1186.81,60433.57,1188,59306,20.98,17.98,38.96,18,21,0.00,0.00,0,0
1508092838,lo,0.00,0.00,0.00,0,0,0.00,0.00,0.00,0,0,0.00,0.00,0,0
1508092838,total,60433.57,54449.55,114883.12,54504,60494,38.96,35.96,74.93,36,39,0.00,0.00,0,0
1508092839,eth0,0.00,0.00,0.00,0,0,0.00,0.00,0.00,0,0,0.00,0.00,0,0
1508092839,eth1,0.00,0.00,0.00,0,0,0.00,0.00,0.00,0,0,0.00,0.00,0,0
1508092839,s2,0.00,0.00,0.00,0,0,0.00,0.00,0.00,0,0,0.00,0.00,0,0
1508092839,s2-eth2,1386.00,62202.00,63588.00,62202,1386,21.00,21.00,42.00,21,21,0.00,0.00,0,0
1508092839,s2-eth1,53316.00,1386.00,54702.00,1386,53316,18.00,21.00,39.00,21,18,0.00,0.00,0,0
1508092839,lo,172.00,172.00,344.00,172,172,3.00,3.00,6.00,3,3,0.00,0.00,0,0
1508092839,total,54874.00,63760.00,118634.00,63760,54874,42.00,45.00,87.00,45,42,0.00,0.00,0,0
1508092840,eth0,304.00,490.00,794.00,490,304,4.00,4.00,8.00,4,4,0.00,0.00,0,0
1508092840,eth1,0.00,0.00,0.00,0,0,0.00,0.00,0.00,0,0,0.00,0.00,0,0
1508092840,s2,0.00,0.00,0.00,0,0,0.00,0.00,0.00,0,0,0.00,0.00,0,0
1508092840,s2-eth2,2128.00,68192.00,70320.00,68192,2128,26.00,24.00,50.00,24,26,0.00,0.00,0,0
1508092840,s2-eth1,74756.00,1488.00,76244.00,1488,74756,30.00,22.00,52.00,22,30,0.00,0.00,0,0
1508092840,lo,682.00,682.00,1364.00,682,682,8.00,8.00,16.00,8,8,0.00,0.00,0,0
1508092840,total,77870.00,70852.00,148722.00,70852,77870,68.00,58.00,126.00,58,68,0.00,0.00,0,0
1508092841,eth0,456.00,735.00,1191.00,735,456,6.00,6.00,12.00,6,6,0.00,0.00,0,0
1508092841,eth1,0.00,0.00,0.00,0,0,0.00,0.00,0.00,0,0,0.00,0.00,0,0
1508092841,s2,0.00,0.00,0.00,0,0,0.00,0.00,0.00,0,0,0.00,0.00,0,0
1508092841,s2-eth2,3052.00,80040.00,83092.00,80040,3052,34.00,28.00,62.00,28,34,0.00,0.00,0,0
1508092841,s2-eth1,69281.00,1728.00,71009.00,1728,69281,32.00,26.00,58.00,26,32,0.00,0.00,0,0
1508092841,lo,1023.00,1023.00,2046.00,1023,1023,12.00,12.00,24.00,12,12,0.00,0.00,0,0
1508092841,total,73812.00,83526.00,157338.00,83526,73812,84.00,72.00,156.00,72,84,0.00,0.00,0,0
1508092842,eth0,151.85,244.76,396.60,245,152,2.00,2.00,4.00,2,2,0.00,0.00,0,0
1508092842,eth1,0.00,0.00,0.00,0,0,0.00,0.00,0.00,0,0,0.00,0.00,0,0
1508092842,s2,0.00,0.00,0.00,0,0,0.00,0.00,0.00,0,0,0.00,0.00,0,0
1508092842,s2-eth2,2657.34,71016.98,73674.33,71088,2660,28.97,23.98,52.95,24,29,0.00,0.00,0,0
1508092842,s2-eth1,83818.19,1582.42,85400.60,1584,83902,31.97,23.98,55.94,24,32,0.00,0.00,0,0
1508092842,lo,340.66,340.66,681.32,341,341,4.00,4.00,7.99,4,4,0.00,0.00,0,0
1508092842,total,86968.03,73184.82,160152.84,73258,87055,66.93,53.95,120.88,54,67,0.00,0.00,0,0
1508092843,eth0,0.00,0.00,0.00,0,0,0.00,0.00,0.00,0,0,0.00,0.00,0,0
1508092843,eth1,0.00,0.00,0.00,0,0,0.00,0.00,0.00,0,0,0.00,0.00,0,0
1508092843,s2,0.00,0.00,0.00,0,0,0.00,0.00,0.00,0,0,0.00,0.00,0,0
1508092843,s2-eth2,2235.00,81686.00,83921.00,81686,2235,29.00,31.00,60.00,31,29,0.00,0.00,0,0
1508092843,s2-eth1,66031.00,1908.00,67939.00,1908,66031,27.00,28.00,55.00,28,27,0.00,0.00,0,0
1508092843,lo,0.00,0.00,0.00,0,0,0.00,0.00,0.00,0,0,0.00,0.00,0,0
1508092843,total,68266.00,83594.00,151860.00,83594,68266,56.00,59.00,115.00,59,56,0.00,0.00,0,0
1508092844,eth0,0.00,0.00,0.00,0,0,0.00,0.00,0.00,0,0,0.00,0.00,0,0
1508092844,eth1,0.00,0.00,0.00,0,0,0.00,0.00,0.00,0,0,0.00,0.00,0,0
1508092844,s2,0.00,0.00,0.00,0,0,0.00,0.00,0.00,0,0,0.00,0.00,0,0
1508092844,s2-eth2,2231.77,52211.79,54443.56,52264,2234,23.98,23.98,47.95,24,24,0.00,0.00,0,0
1508092844,s2-eth1,57056.95,1516.48,58573.43,1518,57114,27.97,20.98,48.95,21,28,0.00,0.00,0,0
1508092844,lo,171.83,171.83,343.66,172,172,3.00,3.00,5.99,3,3,0.00,0.00,0,0
1508092844,total,59460.54,53900.10,113360.64,53954,59520,54.95,47.95,102.90,48,55,0.00,0.00,0,0
1508092845,eth0,59.94,59.94,119.88,60,60,1.00,1.00,2.00,1,1,0.00,0.00,0,0
1508092845,eth1,0.00,0.00,0.00,0,0,0.00,0.00,0.00,0,0,0.00,0.00,0,0
1508092845,s2,0.00,0.00,0.00,0,0,0.00,0.00,0.00,0,0,0.00,0.00,0,0
1508092845,s2-eth2,1607.39,53328.67,54936.07,53382,1609,19.98,18.98,38.96,19,20,0.00,0.00,0,0
1508092845,s2-eth1,44848.15,1210.79,46058.94,1212,44893,17.98,17.98,35.96,18,18,0.00,0.00,0,0
1508092845,lo,0.00,0.00,0.00,0,0,0.00,0.00,0.00,0,0,0.00,0.00,0,0
1508092845,total,46515.48,54599.40,101114.89,54654,46562,38.96,37.96,76.92,38,39,0.00,0.00,0,0
1508092846,eth0,0.00,0.00,0.00,0,0,0.00,0.00,0.00,0,0,0.00,0.00,0,0
1508092846,eth1,0.00,0.00,0.00,0,0,0.00,0.00,0.00,0,0,0.00,0.00,0,0
1508092846,s2,0.00,0.00,0.00,0,0,0.00,0.00,0.00,0,0,0.00,0.00,0,0
1508092846,s2-eth2,1120.88,53262.74,54383.62,53316,1122,16.98,17.98,34.97,18,17,0.00,0.00,0,0
1508092846,s2-eth1,62139.86,1120.88,63260.74,1122,62202,20.98,16.98,37.96,17,21,0.00,0.00,0,0
1508092846,lo,0.00,0.00,0.00,0,0,0.00,0.00,0.00,0,0,0.00,0.00,0,0
1508092846,total,63260.74,54383.62,117644.36,54438,63324,37.96,34.97,72.93,35,38,0.00,0.00,0,0
1508092847,eth0,0.00,0.00,0.00,0,0,0.00,0.00,0.00,0,0,0.00,0.00,0,0
1508092847,eth1,0.00,0.00,0.00,0,0,0.00,0.00,0.00,0,0,0.00,0.00,0,0
1508092847,s2,0.00,0.00,0.00,0,0,0.00,0.00,0.00,0,0,0.00,0.00,0,0
1508092847,s2-eth2,1476.00,69706.00,71182.00,69706,1476,22.00,25.00,47.00,25,22,0.00,0.00,0,0
1508092847,s2-eth1,59240.00,1476.00,60716.00,1476,59240,20.00,22.00,42.00,22,20,0.00,0.00,0,0
1508092847,lo,0.00,0.00,0.00,0,0,0.00,0.00,0.00,0,0,0.00,0.00,0,0
1508092847,total,60716.00,71182.00,131898.00,71182,60716,42.00,47.00,89.00,47,42,0.00,0.00,0,0
1508092848,eth0,0.00,0.00,0.00,0,0,0.00,0.00,0.00,0,0,0.00,0.00,0,0
1508092848,eth1,0.00,0.00,0.00,0,0,0.00,0.00,0.00,0,0,0.00,0.00,0,0
1508092848,s2,0.00,0.00,0.00,0,0,0.00,0.00,0.00,0,0,0.00,0.00,0,0
1508092848,s2-eth2,1859.00,60820.00,62679.00,60820,1859,23.00,22.00,45.00,22,23,0.00,0.00,0,0
1508092848,s2-eth1,68431.00,1410.00,69841.00,1410,68431,27.00,21.00,48.00,21,27,0.00,0.00,0,0
1508092848,lo,0.00,0.00,0.00,0,0,0.00,0.00,0.00,0,0,0.00,0.00,0,0
1508092848,total,70290.00,62230.00,132520.00,62230,70290,50.00,43.00,93.00,43,50,0.00,0.00,0,0
1508092849,eth0,0.00,0.00,0.00,0,0,0.00,0.00,0.00,0,0,0.00,0.00,0,0
1508092849,eth1,0.00,0.00,0.00,0,0,0.00,0.00,0.00,0,0,0.00,0.00,0,0
1508092849,s2,0.00,0.00,0.00,0,0,0.00,0.00,0.00,0,0,0.00,0.00,0,0
1508092849,s2-eth2,1768.00,68324.00,70092.00,68324,1768,26.00,26.00,52.00,26,26,0.00,0.00,0,0
1508092849,s2-eth1,53584.00,1698.00,55282.00,1698,53584,22.00,25.00,47.00,25,22,0.00,0.00,0,0
1508092849,lo,172.00,172.00,344.00,172,172,3.00,3.00,6.00,3,3,0.00,0.00,0,0
1508092849,total,55524.00,70194.00,125718.00,70194,55524,51.00,54.00,105.00,54,51,0.00,0.00,0,0
1508092850,eth0,0.00,0.00,0.00,0,0,0.00,0.00,0.00,0,0,0.00,0.00,0,0
1508092850,eth1,0.00,0.00,0.00,0,0,0.00,0.00,0.00,0,0,0.00,0.00,0,0
1508092850,s2,0.00,0.00,0.00,0,0,0.00,0.00,0.00,0,0,0.00,0.00,0,0
1508092850,s2-eth2,1332.00,63716.00,65048.00,63716,1332,20.00,22.00,42.00,22,20,0.00,0.00,0,0
1508092850,s2-eth1,72944.00,1332.00,74276.00,1332,72944,26.00,20.00,46.00,20,26,0.00,0.00,0,0
1508092850,lo,0.00,0.00,0.00,0,0,0.00,0.00,0.00,0,0,0.00,0.00,0,0
1508092850,total,74276.00,65048.00,139324.00,65048,74276,46.00,42.00,88.00,42,46,0.00,0.00,0,0
1508092851,eth0,0.00,0.00,0.00,0,0,0.00,0.00,0.00,0,0,0.00,0.00,0,0
1508092851,eth1,0.00,0.00,0.00,0,0,0.00,0.00,0.00,0,0,0.00,0.00,0,0
1508092851,s2,0.00,0.00,0.00,0,0,0.00,0.00,0.00,0,0,0.00,0.00,0,0
1508092851,s2-eth2,1752.00,72734.00,74486.00,72734,1752,26.00,27.00,53.00,27,26,0.00,0.00,0,0
1508092851,s2-eth1,60886.00,1752.00,62638.00,1752,60886,23.00,26.00,49.00,26,23,0.00,0.00,0,0
1508092851,lo,0.00,0.00,0.00,0,0,0.00,0.00,0.00,0,0,0.00,0.00,0,0
1508092851,total,62638.00,74486.00,137124.00,74486,62638,49.00,53.00,102.00,53,49,0.00,0.00,0,0
1508092852,eth0,0.00,0.00,0.00,0,0,0.00,0.00,0.00,0,0,0.00,0.00,0,0
1508092852,eth1,0.00,0.00,0.00,0,0,0.00,0.00,0.00,0,0,0.00,0.00,0,0
1508092852,s2,0.00,0.00,0.00,0,0,0.00,0.00,0.00,0,0,0.00,0.00,0,0
1508092852,s2-eth2,1584.00,71088.00,72672.00,71088,1584,24.00,24.00,48.00,24,24,0.00,0.00,0,0
1508092852,s2-eth1,82936.00,1584.00,84520.00,1584,82936,28.00,24.00,52.00,24,28,0.00,0.00,0,0
1508092852,lo,0.00,0.00,0.00,0,0,0.00,0.00,0.00,0,0,0.00,0.00,0,0
1508092852,total,84520.00,72672.00,157192.00,72672,84520,52.00,48.00,100.00,48,52,0.00,0.00,0,0
1508092853,eth0,0.00,0.00,0.00,0,0,0.00,0.00,0.00,0,0,0.00,0.00,0,0
1508092853,eth1,0.00,0.00,0.00,0,0,0.00,0.00,0.00,0,0,0.00,0.00,0,0
1508092853,s2,0.00,0.00,0.00,0,0,0.00,0.00,0.00,0,0,0.00,0.00,0,0
1508092853,s2-eth2,1602.00,62532.00,64134.00,62532,1602,23.00,26.00,49.00,26,23,0.00,0.00,0,0
1508092853,s2-eth1,50684.00,1602.00,52286.00,1602,50684,22.00,23.00,45.00,23,22,0.00,0.00,0,0
1508092853,lo,0.00,0.00,0.00,0,0,0.00,0.00,0.00,0,0,0.00,0.00,0,0
1508092853,total,52286.00,64134.00,116420.00,64134,52286,45.00,49.00,94.00,49,45,0.00,0.00,0,0
1508092854,eth0,0.00,0.00,0.00,0,0,0.00,0.00,0.00,0,0,0.00,0.00,0,0
1508092854,eth1,0.00,0.00,0.00,0,0,0.00,0.00,0.00,0,0,0.00,0.00,0,0
1508092854,s2,0.00,0.00,0.00,0,0,0.00,0.00,0.00,0,0,0.00,0.00,0,0
1508092854,s2-eth2,1462.54,53262.74,54725.28,53316,1464,17.98,17.98,35.96,18,18,0.00,0.00,0,0
1508092854,s2-eth1,56221.78,1120.88,57342.66,1122,56278,18.98,16.98,35.96,17,19,0.00,0.00,0,0
1508092854,lo,171.83,171.83,343.66,172,172,3.00,3.00,5.99,3,3,0.00,0.00,0,0
1508092854,total,57856.14,54555.45,112411.59,54610,57914,39.96,37.96,77.92,38,40,0.00,0.00,0,0
1508092855,eth0,0.00,0.00,0.00,0,0,0.00,0.00,0.00,0,0,0.00,0.00,0,0
1508092855,eth1,0.00,0.00,0.00,0,0,0.00,0.00,0.00,0,0,0.00,0.00,0,0
1508092855,s2,0.00,0.00,0.00,0,0,0.00,0.00,0.00,0,0,0.00,0.00,0,0
1508092855,s2-eth2,1288.71,53394.61,54683.32,53448,1290,18.98,19.98,38.96,20,19,0.00,0.00,0,0
1508092855,s2-eth1,47476.52,1354.65,48831.17,1356,47524,17.98,19.98,37.96,20,18,0.00,0.00,0,0
1508092855,lo,0.00,0.00,0.00,0,0,0.00,0.00,0.00,0,0,0.00,0.00,0,0
1508092855,total,48765.23,54749.25,103514.49,54804,48814,36.96,39.96,76.92,40,37,0.00,0.00,0,0
1508092856,eth0,0.00,0.00,0.00,0,0,0.00,0.00,0.00,0,0,0.00,0.00,0,0
1508092856,eth1,0.00,0.00,0.00,0,0,0.00,0.00,0.00,0,0,0.00,0.00,0,0
1508092856,s2,0.00,0.00,0.00,0,0,0.00,0.00,0.00,0,0,0.00,0.00,0,0
1508092856,s2-eth2,1331.00,50486.00,51817.00,50486,1331,19.00,19.00,38.00,19,19,0.00,0.00,0,0
1508092856,s2-eth1,47631.00,1158.00,48789.00,1158,47631,19.00,17.00,36.00,17,19,0.00,0.00,0,0
1508092856,lo,0.00,0.00,0.00,0,0,0.00,0.00,0.00,0,0,0.00,0.00,0,0
1508092856,total,48962.00,51644.00,100606.00,51644,48962,38.00,36.00,74.00,36,38,0.00,0.00,0,0
1508092857,eth0,0.00,0.00,0.00,0,0,0.00,0.00,0.00,0,0,0.00,0.00,0,0
1508092857,eth1,0.00,0.00,0.00,0,0,0.00,0.00,0.00,0,0,0.00,0.00,0,0
1508092857,s2,0.00,0.00,0.00,0,0,0.00,0.00,0.00,0,0,0.00,0.00,0,0
1508092857,s2-eth2,1254.00,56278.00,57532.00,56278,1254,19.00,19.00,38.00,19,19,0.00,0.00,0,0
1508092857,s2-eth1,59240.00,1320.00,60560.00,1320,59240,20.00,20.00,40.00,20,20,0.00,0.00,0,0
1508092857,lo,0.00,0.00,0.00,0,0,0.00,0.00,0.00,0,0,0.00,0.00,0,0
1508092857,total,60494.00,57598.00,118092.00,57598,60494,39.00,39.00,78.00,39,39,0.00,0.00,0,0
1508092858,eth0,0.00,0.00,0.00,0,0,0.00,0.00,0.00,0,0,0.00,0.00,0,0
1508092858,eth1,0.00,0.00,0.00,0,0,0.00,0.00,0.00,0,0,0.00,0.00,0,0
1508092858,s2,0.00,0.00,0.00,0,0,0.00,0.00,0.00,0,0,0.00,0.00,0,0
1508092858,s2-eth2,1318.68,62139.86,63458.54,62202,1320,19.98,20.98,40.96,21,20,0.00,0.00,0,0
1508092858,s2-eth1,59180.82,1252.75,60433.57,1254,59240,19.98,18.98,38.96,19,20,0.00,0.00,0,0
1508092858,lo,0.00,0.00,0.00,0,0,0.00,0.00,0.00,0,0,0.00,0.00,0,0
1508092858,total,60499.50,63392.61,123892.11,63456,60560,39.96,39.96,79.92,40,40,0.00,0.0