1508083960,s5,0.00,0.00,0.00,0,0,0.00,0.00,0.00,0,0,0.00,0.00,0,0
1508083960,s1,0.00,0.00,0.00,0,0,0.00,0.00,0.00,0,0,0.00,0.00,0,0
1508083960,eth0,0.00,0.00,0.00,0,0,0.00,0.00,0.00,0,0,0.00,0.00,0,0
1508083960,eth1,0.00,0.00,0.00,0,0,0.00,0.00,0.00,0,0,0.00,0.00,0,0
1508083960,s2,0.00,0.00,0.00,0,0,0.00,0.00,0.00,0,0,0.00,0.00,0,0
1508083960,s1-eth2,0.00,0.00,0.00,0,0,0.00,0.00,0.00,0,0,0.00,0.00,0,0
1508083960,s1-eth1,0.00,0.00,0.00,0,0,0.00,0.00,0.00,0,0,0.00,0.00,0,0
1508083960,s2-eth2,0.00,0.00,0.00,0,0,0.00,0.00,0.00,0,0,0.00,0.00,0,0
1508083960,s2-eth1,0.00,0.00,0.00,0,0,0.00,0.00,0.00,0,0,0.00,0.00,0,0
1508083960,lo,0.00,0.00,0.00,0,0,0.00,0.00,0.00,0,0,0.00,0.00,0,0
1508083960,s4,0.00,0.00,0.00,0,0,0.00,0.00,0.00,0,0,0.00,0.00,0,0
1508083960,total,0.00,0.00,0.00,0,0,0.00,0.00,0.00,0,0,0.00,0.00,0,0
1508083961,s5,0.00,0.00,0.00,0,0,0.00,0.00,0.00,0,0,0.00,0.00,0,0
1508083961,s1,160.00,90.00,250.00,90,160,2.00,1.00,3.00,1,2,0.00,0.00,0,0
1508083961,eth0,608.00,980.00,1588.00,980,608,8.00,8.00,16.00,8,8,0.00,0.00,0,0
1508083961,eth1,0.00,0.00,0.00,0,0,0.00,0.00,0.00,0,0,0.00,0.00,0,0
1508083961,s2,90.00,410.00,500.00,410,90,1.00,5.00,6.00,5,1,0.00,0.00,0,0
1508083961,s1-eth2,10485.00,249900.00,260385.00,249900,10485,128.00,166.00,294.00,166,128,0.00,0.00,0,0
1508083961,s1-eth1,250215.00,9326.00,259541.00,9326,250215,176.00,119.00,295.00,119,176,0.00,0.00,0,0
1508083961,s2-eth2,2119.00,160.00,2279.00,160,2119,14.00,2.00,16.00,2,14,0.00,0.00,0,0
1508083961,s2-eth1,1279.00,250.00,1529.00,250,1279,9.00,3.00,12.00,3,9,0.00,0.00,0,0
1508083961,lo,3844.00,3844.00,7688.00,3844,3844,42.00,42.00,84.00,42,42,0.00,0.00,0,0
1508083961,s4,0.00,0.00,0.00,0,0,0.00,0.00,0.00,0,0,0.00,0.00,0,0
1508083961,total,268800.00,264960.00,533760.00,264960,268800,380.00,346.00,726.00,346,380,0.00,0.00,0,0
1508083962,s5,0.00,0.00,0.00,0,0,0.00,0.00,0.00,0,0,0.00,0.00,0,0
1508083962,s1,89.91,0.00,89.91,0,90,1.00,0.00,1.00,0,1,0.00,0.00,0,0
1508083962,eth0,151.85,244.76,396.60,245,152,2.00,2.00,4.00,2,2,0.00,0.00,0,0
1508083962,eth1,0.00,0.00,0.00,0,0,0.00,0.00,0.00,0,0,0.00,0.00,0,0
1508083962,s2,0.00,89.91,89.91,90,0,0.00,1.00,1.00,1,0,0.00,0.00,0,0
1508083962,s1-eth2,11252.75,257122.89,268375.62,257380,11264,131.87,169.83,301.70,170,132,0.00,0.00,0,0
1508083962,s1-eth1,250692.31,9608.39,260300.70,9618,250943,169.83,124.88,294.71,125,170,0.00,0.00,0,0
1508083962,s2-eth2,1041.96,89.91,1131.87,90,1043,4.00,1.00,5.00,1,4,0.00,0.00,0,0
1508083962,s2-eth1,1024.98,0.00,1024.98,0,1026,4.00,0.00,4.00,0,4,0.00,0.00,0,0
1508083962,lo,916.08,916.08,1832.17,917,917,9.99,9.99,19.98,10,10,0.00,0.00,0,0
1508083962,s4,0.00,0.00,0.00,0,0,0.00,0.00,0.00,0,0,0.00,0.00,0,0
1508083962,total,265169.84,268071.94,533241.75,268340,265435,322.68,308.69,631.37,309,323,0.00,0.00,0,0
1508083963,s5,0.00,0.00,0.00,0,0,0.00,0.00,0.00,0,0,0.00,0.00,0,0
1508083963,s1,0.00,0.00,0.00,0,0,0.00,0.00,0.00,0,0,0.00,0.00,0,0
1508083963,eth0,0.00,0.00,0.00,0,0,0.00,0.00,0.00,0,0,0.00,0.00,0,0
1508083963,eth1,0.00,0.00,0.00,0,0,0.00,0.00,0.00,0,0,0.00,0.00,0,0
1508083963,s2,0.00,0.00,0.00,0,0,0.00,0.00,0.00,0,0,0.00,0.00,0,0
1508083963,s1-eth2,10374.00,258894.00,269268.00,258894,10374,128.00,171.00,299.00,171,128,0.00,0.00,0,0
1508083963,s1-eth1,248623.00,9780.00,258403.00,9780,248623,165.00,126.00,291.00,126,165,0.00,0.00,0,0
1508083963,s2-eth2,327.00,0.00,327.00,0,327,1.00,0.00,1.00,0,1,0.00,0.00,0,0
1508083963,s2-eth1,107.00,0.00,107.00,0,107,1.00,0.00,1.00,0,1,0.00,0.00,0,0
1508083963,lo,0.00,0.00,0.00,0,0,0.00,0.00,0.00,0,0,0.00,0.00,0,0
1508083963,s4,0.00,0.00,0.00,0,0,0.00,0.00,0.00,0,0,0.00,0.00,0,0
1508083963,total,259431.00,268674.00,528105.00,268674,259431,295.00,297.00,592.00,297,295,0.00,0.00,0,0
1508083964,s5,0.00,0.00,0.00,0,0,0.00,0.00,0.00,0,0,0.00,0.00,0,0
1508083964,s1,0.00,140.00,140.00,140,0,0.00,2.00,2.00,2,0,0.00,0.00,0,0
1508083964,eth0,0.00,0.00,0.00,0,0,0.00,0.00,0.00,0,0,0.00,0.00,0,0
1508083964,eth1,0.00,0.00,0.00,0,0,0.00,0.00,0.00,0,0,0.00,0.00,0,0
1508083964,s2,70.00,0.00,70.00,0,70,1.00,0.00,1.00,0,1,0.00,0.00,0,0
1508083964,s1-eth2,8457.00,255936.00,264393.00,255936,8457,110.00,170.00,280.00,170,110,0.00,0.00,0,0
1508083964,s1-eth1,250254.00,8350.00,258604.00,8350,250254,168.00,109.00,277.00,109,168,0.00,0.00,0,0
1508083964,s2-eth2,444.00,0.00,444.00,0,444,3.00,0.00,3.00,0,3,0.00,0.00,0,0
1508083964,s2-eth1,664.00,0.00,664.00,0,664,3.00,0.00,3.00,0,3,0.00,0.00,0,0
1508083964,lo,804.00,804.00,1608.00,804,804,9.00,9.00,18.00,9,9,0.00,0.00,0,0
1508083964,s4,0.00,0.00,0.00,0,0,0.00,0.00,0.00,0,0,0.00,0.00,0,0
1508083964,total,260693.00,265230.00,525923.00,265230,260693,294.00,290.00,584.00,290,294,0.00,0.00,0,0
1508083965,s5,0.00,0.00,0.00,0,0,0.00,0.00,0.00,0,0,0.00,0.00,0,0
1508083965,s1,70.00,0.00,70.00,0,70,1.00,0.00,1.00,0,1,0.00,0.00,0,0
1508083965,eth0,0.00,0.00,0.00,0,0,0.00,0.00,0.00,0,0,0.00,0.00,0,0
1508083965,eth1,0.00,0.00,0.00,0,0,0.00,0.00,0.00,0,0,0.00,0.00,0,0
1508083965,s2,0.00,140.00,140.00,140,0,0.00,2.00,2.00,2,0,0.00,0.00,0,0
1508083965,s1-eth2,10180.00,254352.00,264532.00,254352,10180,123.00,168.00,291.00,168,123,0.00,0.00,0,0
1508083965,s1-eth1,250277.00,9104.00,259381.00,9104,250277,168.00,118.00,286.00,118,168,0.00,0.00,0,0
1508083965,s2-eth2,809.00,70.00,879.00,70,809,4.00,1.00,5.00,1,4,0.00,0.00,0,0
1508083965,s2-eth1,140.00,70.00,210.00,70,140,2.00,1.00,3.00,1,2,0.00,0.00,0,0
1508083965,lo,1148.00,1148.00,2296.00,1148,1148,15.00,15.00,30.00,15,15,0.00,0.00,0,0
1508083965,s4,0.00,0.00,0.00,0,0,0.00,0.00,0.00,0,0,0.00,0.00,0,0
1508083965,total,262624.00,264884.00,527508.00,264884,262624,313.00,305.00,618.00,305,313,0.00,0.00,0,0
1508083966,s5,0.00,0.00,0.00,0,0,0.00,0.00,0.00,0,0,0.00,0.00,0,0
1508083966,s1,0.00,0.00,0.00,0,0,0.00,0.00,0.00,0,0,0.00,0.00,0,0
1508083966,eth0,0.00,0.00,0.00,0,0,0.00,0.00,0.00,0,0,0.00,0.00,0,0
1508083966,eth1,0.00,0.00,0.00,0,0,0.00,0.00,0.00,0,0,0.00,0.00,0,0
1508083966,s2,0.00,0.00,0.00,0,0,0.00,0.00,0.00,0,0,0.00,0.00,0,0
1508083966,s1-eth2,8795.21,254097.91,262893.12,254352,8804,113.89,167.83,281.72,168,114,0.00,0.00,0,0
1508083966,s1-eth1,249560.45,8795.21,258355.66,8804,249810,164.84,113.89,278.72,114,165,0.00,0.00,0,0
1508083966,s2-eth2,0.00,0.00,0.00,0,0,0.00,0.00,0.00,0,0,0.00,0.00,0,0
1508083966,s2-eth1,0.00,0.00,0.00,0,0,0.00,0.00,0.00,0,0,0.00,0.00,0,0
1508083966,lo,0.00,0.00,0.00,0,0,0.00,0.00,0.00,0,0,0.00,0.00,0,0
1508083966,s4,0.00,0.00,0.00,0,0,0.00,0.00,0.00,0,0,0.00,0.00,0,0
1508083966,total,258355.66,262893.12,521248.75,263156,258614,278.72,281.72,560.44,282,279,0.00,0.00,0,0
1508083967,s5,0.00,0.00,0.00,0,0,0.00,0.00,0.00,0,0,0.00,0.00,0,0
1508083967,s1,0.00,0.00,0.00,0,0,0.00,0.00,0.00,0,0,0.00,0.00,0,0
1508083967,eth0,0.00,0.00,0.00,0,0,0.00,0.00,0.00,0,0,0.00,0.00,0,0
1508083967,eth1,0.00,0.00,0.00,0,0,0.00,0.00,0.00,0,0,0.00,0.00,0,0
1508083967,s2,0.00,0.00,0.00,0,0,0.00,0.00,0.00,0,0,0.00,0.00,0,0
1508083967,s1-eth2,10132.00,263436.00,273568.00,263436,10132,130.00,174.00,304.00,174,130,0.00,0.00,0,0
1508083967,s1-eth1,249810.00,10132.00,259942.00,10132,249810,165.00,130.00,295.00,130,165,0.00,0.00,0,0
1508083967,s2-eth2,0.00,0.00,0.00,0,0,0.00,0.00,0.00,0,0,0.00,0.00,0,0
1508083967,s2-eth1,107.00,0.00,107.00,0,107,1.00,0.00,1.00,0,1,0.00,0.00,0,0
1508083967,lo,0.00,0.00,0.00,0,0,0.00,0.00,0.00,0,0,0.00,0.00,0,0
1508083967,s4,0.00,0.00,0.00,0,0,0.00,0.00,0.00,0,0,0.00,0.00,0,0
1508083967,total,260049.00,273568.00,533617.00,273568,260049,296.00,304.00,600.00,304,296,0.00,0.00,0,0
1508083968,s5,0.00,0.00,0.00,0,0,0.00,0.00,0.00,0,0,0.00,0.00,0,0
1508083968,s1,0.00,140.00,140.00,140,0,0.00,2.00,2.00,2,0,0.00,0.00,0,0
1508083968,eth0,0.00,0.00,0.00,0,0,0.00,0.00,0.00,0,0,0.00,0.00,0,0
1508083968,eth1,0.00,0.00,0.00,0,0,0.00,0.00,0.00,0,0,0.00,0.00,0,0
1508083968,s2,70.00,0.00,70.00,0,70,1.00,0.00,1.00,0,1,0.00,0.00,0,0
1508083968,s1-eth2,9425.00,258964.00,268389.00,258964,9425,122.00,172.00,294.00,172,122,0.00,0.00,0,0
1508083968,s1-eth1,249987.00,9318.00,259305.00,9318,249987,167.00,121.00,288.00,121,167,0.00,0.00,0,0
1508083968,s2-eth2,177.00,0.00,177.00,0,177,2.00,0.00,2.00,0,2,0.00,0.00,0,0
1508083968,s2-eth1,70.00,0.00,70.00,0,70,1.00,0.00,1.00,0,1,0.00,0.00,0,0
1508083968,lo,804.00,804.00,1608.00,804,804,9.00,9.00,18.00,9,9,0.00,0.00,0,0
1508083968,s4,0.00,0.00,0.00,0,0,0.00,0.00,0.00,0,0,0.00,0.00,0,0
1508083968,total,260533.00,269226.00,529759.00,269226,260533,302.00,304.00,606.00,304,302,0.00,0.00,0,0
1508083969,s5,0.00,0.00,0.00,0,0,0.00,0.00,0.00,0,0,0.00,0.00,0,0
1508083969,s1,70.00,0.00,70.00,0,70,1.00,0.00,1.00,0,1,0.00,0.00,0,0
1508083969,eth0,0.00,0.00,0.00,0,0,0.00,0.00,0.00,0,0,0.00,0.00,0,0
1508083969,eth1,0.00,0.00,0.00,0,0,0.00,0.00,0.00,0,0,0.00,0.00,0,0
1508083969,s2,0.00,140.00,140.00,140,0,0.00,2.00,2.00,2,0,0.00,0.00,0,0
1508083969,s1-eth2,9890.00,257380.00,267270.00,257380,9890,127.00,170.00,297.00,170,127,0.00,0.00,0,0
1508083969,s1-eth1,251464.00,9750.00,261214.00,9750,251464,168.00,125.00,293.00,125,168,0.00,0.00,0,0
1508083969,s2-eth2,140.00,70.00,210.00,70,140,2.00,1.00,3.00,1,2,0.00,0.00,0,0
1508083969,s2-eth1,140.00,70.00,210.00,70,140,2.00,1.00,3.00,1,2,0.00,0.00,0,0
1508083969,lo,804.00,804.00,1608.00,804,804,9.00,9.00,18.00,9,9,0.00,0.00,0,0
1508083969,s4,0.00,0.00,0.00,0,0,0.00,0.00,0.00,0,0,0.00,0.00,0,0
1508083969,total,262508.00,268214.00,530722.00,268214,262508,309.00,308.00,617.00,308,309,0.00,0.00,0,0
1508083970,s5,0.00,0.00,0.00,0,0,0.00,0.00,0.00,0,0,0.00,0.00,0,0
1508083970,s1,0.00,0.00,0.00,0,0,0.00,0.00,0.00,0,0,0.00,0.00,0,0
1508083970,eth0,0.00,0.00,0.00,0,0,0.00,0.00,0.00,0,0,0.00,0.00,0,0
1508083970,eth1,0.00,0.00,0.00,0,0,0.00,0.00,0.00,0,0,0.00,0.00,0,0
1508083970,s2,0.00,0.00,0.00,0,0,0.00,0.00,0.00,0,0,0.00,0.00,0,0
1508083970,s1-eth2,7814.00,255866.00,263680.00,255866,7814,103.00,169.00,272.00,169,103,0.00,0.00,0,0
1508083970,s1-eth1,250152.00,7814.00,257966.00,7814,250152,166.00,103.00,269.00,103,166,0.00,0.00,0,0
1508083970,s2-eth2,0.00,0.00,0.00,0,0,0.00,0.00,0.00,0,0,0.00,0.00,0,0
1508083970,s2-eth1,342.00,0.00,342.00,0,342,1.00,0.00,1.00,0,1,0.00,0.00,0,0
1508083970,lo,344.00,344.00,688.00,344,344,6.00,6.00,12.00,6,6,0.00,0.00,0,0
1508083970,s4,0.00,0.00,0.00,0,0,0.00,0.00,0.00,0,0,0.00,0.00,0,0
1508083970,total,258652.00,264024.00,522676.00,264024,258652,276.00,278.00,554.00,278,276,0.00,0.00,0,0
1508083971,s5,0.00,0.00,0.00,0,0,0.00,0.00,0.00,0,0,0.00,0.00,0,0
1508083971,s1,0.00,0.00,0.00,0,0,0.00,0.00,0.00,0,0,0.00,0.00,0,0
1508083971,eth0,0.00,0.00,0.00,0,0,0.00,0.00,0.00,0,0,0.00,0.00,0,0
1508083971,eth1,0.00,0.00,0.00,0,0,0.00,0.00,0.00,0,0,0.00,0.00,0,0
1508083971,s2,0.00,0.00,0.00,0,0,0.00,0.00,0.00,0,0,0.00,0.00,0,0
1508083971,s1-eth2,8892.00,255866.00,264758.00,255866,8892,112.00,169.00,281.00,169,112,0.00,0.00,0,0
1508083971,s1-eth1,249810.00,8550.00,258360.00,8550,249810,165.00,111.00,276.00,111,165,0.00,0.00,0,0
1508083971,s2-eth2,0.00,0.00,0.00,0,0,0.00,0.00,0.00,0,0,0.00,0.00,0,0
1508083971,s2-eth1,0.00,0.00,0.00,0,0,0.00,0.00,0.00,0,0,0.00,0.00,0,0
1508083971,lo,0.00,0.00,0.00,0,0,0.00,0.00,0.00,0,0,0.00,0.00,0,0
1508083971,s4,0.00,0.00,0.00,0,0,0.00,0.00,0.00,0,0,0.00,0.00,0,0
1508083971,total,258702.00,264416.00,523118.00,264416,258702,277.00,280.00,557.00,280,277,0.00,0.00,0,0
1508083972,s5,0.00,0.00,0.00,0,0,0.00,0.00,0.00,0,0,0.00,0.00,0,0
1508083972,s1,0.00,0.00,0.00,0,0,0.00,0.00,0.00,0,0,0.00,0.00,0,0
1508083972,eth0,0.00,0.00,0.00,0,0,0.00,0.00,0.00,0,0,0.00,0.00,0,0
1508083972,eth1,0.00,0.00,0.00,0,0,0.00,0.00,0.00,0,0,0.00,0.00,0,0
1508083972,s2,0.00,0.00,0.00,0,0,0.00,0.00,0.00,0,0,0.00,0.00,0,0
1508083972,s1-eth2,8089.91,254097.91,262187.81,254352,8098,106.89,167.83,274.73,168,107,0.00,0.00,0,0
1508083972,s1-eth1,249560.45,8089.91,257650.36,8098,249810,164.84,106.89,271.73,107,165,0.00,0.00,0,0
1508083972,s2-eth2,0.00,0.00,0.00,0,0,0.00,0.00,0.00,0,0,0.00,0.00,0,0
1508083972,s2-eth1,0.00,0.00,0.00,0,0,0.00,0.00,0.00,0,0,0.00,0.00,0,0
1508083972,lo,0.00,0.00,0.00,0,0,0.00,0.00,0.00,0,0,0.00,0.00,0,0
1508083972,s4,0.00,0.00,0.00,0,0,0.00,0.00,0.00,0,0,0.00,0.00,0,0
1508083972,total,257650.36,262187.81,519838.19,262450,257908,271.73,274.73,546.45,275,272,0.00,0.00,0,0
1508083973,s5,0.00,0.00,0.00,0,0,0.00,0.00,0.00,0,0,0.00,0.00,0,0
1508083973,s1,0.00,0.00,0.00,0,0,0.00,0.00,0.00,0,0,0.00,0.00,0,0
1508083973,eth0,0.00,0.00,0.00,0,0,0.00,0.00,0.00,0,0,0.00,0.00,0,0
1508083973,eth1,0.00,0.00,0.00,0,0,0.00,0.00,0.00,0,0,0.00,0.00,0,0
1508083973,s2,0.00,0.00,0.00,0,0,0.00,0.00,0.00,0,0,0.00,0.00,0,0
1508083973,s1-eth2,9296.00,258894.00,268190.00,258894,9296,120.00,171.00,291.00,171,120,0.00,0.00,0,0
1508083973,s1-eth1,249810.00,9296.00,259106.00,9296,249810,165.00,120.00,285.00,120,165,0.00,0.00,0,0
1508083973,s2-eth2,342.00,0.00,342.00,0,342,1.00,0.00,1.00,0,1,0.00,0.00,0,0
1508083973,s2-eth1,0.00,0.00,0.00,0,0,0.00,0.00,0.00,0,0,0.00,0.00,0,0
1508083973,lo,0.00,0.00,0.00,0,0,0.00,0.00,0.00,0,0,0.00,0.00,0,0
1508083973,s4,0.00,0.00,0.00,0,0,0.00,0.00,0.00,0,0,0.00,0.00,0,0
1508083973,total,259448.00,268190.00,527638.00,268190,259448,286.00,291.00,577.00,291,286,0.00,0.00,0,0
1508083974,s5,0.00,0.00,0.00,0,0,0.00,0.00,0.00,0,0,0.00,0.00,0,0
1508083974,s1,0.00,0.00,0.00,0,0,0.00,0.00,0.00,0,0,0.00,0.00,0,0
1508083974,eth0,0.00,0.00,0.00,0,0,0.00,0.00,0.00,0,0,0.00,0.00,0,0
1508083974,eth1,0.00,0.00,0.00,0,0,0.00,0.00,0.00,0,0,0.00,0.00,0,0
1508083974,s2,0.00,0.00,0.00,0,0,0.00,0.00,0.00,0,0,0.00,0.00,0,0
1508083974,s1-eth2,9726.00,257380.00,267106.00,257380,9726,125.00,170.00,295.00,170,125,0.00,0.00,0,0
1508083974,s1-eth1,248296.00,9726.00,258022.00,9726,248296,164.00,125.00,289.00,125,164,0.00,0.00,0,0
1508083974,s2-eth2,0.00,0.00,0.00,0,0,0.00,0.00,0.00,0,0,0.00,0.00,0,0
1508083974,s2-eth1,0.00,0.00,0.00,0,0,0.00,0.00,0.00,0,0,0.00,0.00,0,0
1508083974,lo,344.00,344.00,688.00,344,344,6.00,6.00,12.00,6,6,0.00,0.00,0,0
1508083974,s4,0.00,0.00,0.00,0,0,0.00,0.00,0.00,0,0,0.00,0.00,0,0
1508083974,total,258366.00,267450.00,525816.00,267450,258366,295.00,301.00,596.00,301,295,0.00,0.00,0,0
1508083975,s5,0.00,0.00,0.00,0,0,0.00,0.00,0.00,0,0,0.00,0.00,0,0
1508083975,s1,0.00,0.00,0.00,0,0,0.00,0.00,0.00,0,0,0.00,0.00,0,0
1508083975,eth0,0.00,0.00,0.00,0,0,0.00,0.00,0.00,0,0,0.00,0.00,0,0
1508083975,eth1,0.00,0.00,0.00,0,0,0.00,0.00,0.00,0,0,0.00,0.00,0,0
1508083975,s2,0.00,0.00,0.00,0,0,0.00,0.00,0.00,0,0,0.00,0.00,0,0
1508083975,s1-eth2,8873.13,257122.89,265996.00,257380,8882,114.89,169.83,284.72,170,115,0.00,0.00,0,0
1508083975,s1-eth1,249810.00,8882.00,258692.00,8882,249810,165.00,115.00,280.00,115,165,0.00,0.00,0,0
1508083975,s2-eth2,0.00,0.00,0.00,0,0,0.00,0.00,0.00,0,0,0.00,0.00,0,0
1508083975,s2-eth1,107.00,0.00,107.00,0,107,1.00,0.00,1.00,0,1,0.00,0.00,0,0
1508083975,lo,344.00,344.00,688.00,344,344,6.00,6.00,12.00,6,6,0.00,0.00,0,0
1508083975,s4,0.00,0.00,0.00,0,0,0.00,0.00,0.00,0,0,0.00,0.00,0,0
1508083975,total,259143.00,266606.00,525749.00,266606,259143,287.00,291.00,578.00,291,287,0.00,0.00,0,0
1508083976,s5,0.00,0.00,0.00,0,0,0.00,0.00,0.00,0,0,0.00,0.00,0,0
1508083976,s1,0.00,0.00,0.00,0,0,0.00,0.00,0.00,0,0,0.00,0.00,0,0
1508083976,eth0,0.00,0.00,0.00,0,0,0.00,0.00,0.00,0,0,0.00,0.00,0,0
1508083976,eth1,0.00,0.00,0.00,0,0,0.00,0.00,0.00,0,0,0.00,0.00,0,0
1508083976,s2,0.00,0.00,0.00,0,0,0.00,0.00,0.00,0,0,0.00,0.00,0,0
1508083976,s1-eth2,6933.00,198334.00,205267.00,198334,6933,90.00,131.00,221.00,131,90,0.00,0.00,0,0
1508083976,s1-eth1,190871.00,6826.00,197697.00,6826,190871,127.00,89.00,216.00,89,127,0.00,0.00,0,0
1508083976,s2-eth2,107.00,0.00,107.00,0,107,1.00,0.00,1.00,0,1,0.00,0.00,0,0
1508083976,s2-eth1,0.00,0.00,0.00,0,0,0.00,0.00,0.00,0,0,0.00,0.00,0,0
1508083976,lo,0.00,0.00,0.00,0,0,0.00,0.00,0.00,0,0,0.00,0.00,0,0
1508083976,s4,0.00,0.00,0.00,0,0,0.00,0.00,0.00,0,0,0.00,0.00,0,0
1508083976,total,197911.00,205160.00,403071.00,205160,197911,218.00,220.00,438.00,220,218,0.00,0.00,0,0
1508083977,s5,0.00,0.00,0.00,0,0,0.00,0.00,0.00,0,0,0.00,0.00,0,0
1508083977,s1,0.00,0.00,0.00,0,0,0.00,0.00,0.00,0,0,0.00,0.00,0,0
1508083977,eth0,0.00,0.00,0.00,0,0,0.00,0.00,0.00,0,0,0.00,0.00,0,0
1508083977,eth1,0.00,0.00,0.00,0,0,0.00,0.00,0.00,0,0,0.00,0.00,0,0
1508083977,s2,0.00,0.00,0.00,0,0,0.00,0.00,0.00,0,0,0.00,0.00,0,0
1508083977,s1-eth2,8408.00,251324.00,259732.00,251324,8408,108.00,166.00,274.00,166,108,0.00,0.00,0,0
1508083977,s1-eth1,249810.00,8408.00,258218.00,8408,249810,165.00,108.00,273.00,108,165,0.00,0.00,0,0
1508083977,s2-eth2,0.00,0.00,0.00,0,0,0.00,0.00,0.00,0,0,0.00,0.00,0,0
1508083977,s2-eth1,0.00,0.00,0.00,0,0,0.00,0.00,0.00,0,0,0.00,0.00,0,0
1508083977,lo,0.00,0.00,0.00,0,0,0.00,0.00,0.00,0,0,0.00,0.00,0,0
1508083977,s4,0.00,0.00,0.00,0,0,0.00,0.00,0.00,0,0,0.00,0.00,0,0
1508083977,total,258218.00,259732.00,517950.00,259732,258218,273.00,274.00,547.00,274,273,0.00,0.00,0,0
1508083978,s5,0.00,0.00,0.00,0,0,0.00,0.00,0.00,0,0,0.00,0.00,0,0
1508083978,s1,0.00,0.00,0.00,0,0,0.00,0.00,0.00,0,0,0.00,0.00,0,0
1508083978,eth0,0.00,0.00,0.00,0,0,0.00,0.00,0.00,0,0,0.00,0.00,0,0
1508083978,eth1,0.00,0.00,0.00,0,0,0.00,0.00,0.00,0,0,0.00,0.00,0,0
1508083978,s2,0.00,0.00,0.00,0,0,0.00,0.00,0.00,0,0,0.00,0.00,0,0
1508083978,s1-eth2,10731.27,263172.84,273904.09,263436,10742,134.87,173.83,308.69,174,135,0.00,0.00,0,0
1508083978,s1-eth1,249560.45,10389.61,259950.06,10400,249810,164.84,133.87,298.70,134,165,0.00,0.00,0,0
1508083978,s2-eth2,0.00,0.00,0.00,0,0,0.00,0.00,0.00,0,0,0.00,0.00,0,0
1508083978,s2-eth1,0.00,0.00,0.00,0,0,0.00,0.00,0.00,0,0,0.00,0.00,0,0
1508083978,lo,0.00,0.00,0.00,0,0,0.00,0.00,0.00,0,0,0.00,0.00,0,0
1508083978,s4,0.00,0.00,0.00,0,0,0.00,0.00,0.00,0,0,0.00,0.00,0,0
1508083978,total,260291.72,273562.44,533854.19,273836,260552,299.70,307.69,607.39,308,300,0.00,0.00,0,0
1508083979,s5,0.00,0.00,0.00,0,0,0.00,0.00,0.00,0,0,0.00,0.00,0,0
1508083979,s1,0.00,0.00,0.00,0,0,0.00,0.00,0.00,0,0,0.00,0.00,0,0
1508083979,eth0,0.00,0.00,0.00,0,0,0.00,0.00,0.00,0,0,0.00,0.00,0,0
1508083979,eth1,0.00,0.00,0.00,0,0,0.00,0.00,0.00,0,0,0.00,0.00,0,0
1508083979,s2,0.00,0.00,0.00,0,0,0.00,0.00,0.00,0,0,0.00,0.00,0,0
1508083979,s1-eth2,7518.00,254352.00,261870.00,254352,7518,99.00,168.00,267.00,168,99,0.00,0.00,0,0
1508083979,s1-eth1,249810.00,7518.00,257328.00,7518,249810,165.00,99.00,264.00,99,165,0.00,0.00,0,0
1508083979,s2-eth2,0.00,0.00,0.00,0,0,0.00,0.00,0.00,0,0,0.00,0.00,0,0
1508083979,s2-eth1,0.00,0.00,0.00,0,0,0.00,0.00,0.00,0,0,0.00,0.00,0,0
1508083979,lo,344.00,344.00,688.00,344,344,6.00,6.00,12.00,6,6,0.00,0.00,0,0
1508083979,s4,0.00,0.00,0.00,0,0,0.00,0.00,0.00,0,0,0.00,0.00,0,0
1508083979,total,257672.00,262214.00,519886.00,262214,257672,270.00,273.00,543.00,273,270,0.00,0.00,0,0
1508083980,s5,0.00,0.00,0.00,0,0,0.00,0.00,0.00,0,0,0.00,0.00,0,0
1508083980,s1,0.00,0.00,0.00,0,0,0.00,0.00,0.00,0,0,0.00,0.00,0,0
1508083980,eth0,0.00,0.00,0.00,0,0,0.00,0.00,0.00,0,0,0.00,0.00,0,0
1508083980,eth1,0.00,0.00,0.00,0,0,0.00,0.00,0.00,0,0,0.00,0.00,0,0
1508083980,s2,0.00,0.00,0.00,0,0,0.00,0.00,0.00,0,0,0.00,0.00,0,0
1508083980,s1-eth2,9906.00,252838.00,262744.00,252838,9906,129.00,167.00,296.00,167,129,0.00,0.00,0,0
1508083980,s1-eth1,249810.00,9992.00,259802.00,9992,249810,165.00,130.00,295.00,130,165,0.00,0.00,0,0
1508083980,s2-eth2,0.00,0.00,0.00,0,0,0.00,0.00,0.00,0,0,0.00,0.00,0,0
1508083980,s2-eth1,0.00,0.00,0.00,0,0,0.00,0.00,0.00,0,0,0.00,0.00,0,0
1508083980,lo,344.00,344.00,688.00,344,344,6.00,6.00,12.00,6,6,0.00,0.00,0,0
1508083980,s4,0.00,0.00,0.00,0,0,0.00,0.00,0.00,0,0,0.00,0.00,0,0
1508083980,total,260060.00,263174.00,523234.00,263174,260060,300.00,303.00,603.00,303,300,0.00,0.00,0,0
1508083981,s5,0.00,0.00,0.00,0,0,0.00,0.00,0.00,0,0,0.00,0.00,0,0
1508083981,s1,0.00,0.00,0.00,0,0,0.00,0.00,0.00,0,0,0.00,0.00,0,0
1508083981,eth0,0.00,0.00,0.00,0,0,0.00,0.00,0.00,0,0,0.00,0.00,0,0
1508083981,eth1,0.00,0.00,0.00,0,0,0.00,0.00,0.00,0,0,0.00,0.00,0,0
1508083981,s2,0.00,0.00,0.00,0,0,0.00,0.00,0.00,0,0,0.00,0.00,0,0
1508083981,s1-eth2,9156.00,260408.00,269564.00,260408,9156,118.00,172.00,290.00,172,118,0.00,0.00,0,0
1508083981,s1-eth1,246782.00,9070.00,255852.00,9070,246782,163.00,117.00,280.00,117,163,0.00,0.00,0,0
1508083981,s2-eth2,0.00,0.00,0.00,0,0,0.00,0.00,0.00,0,0,0.00,0.00,0,0
1508083981,s2-eth1,0.00,0.00,0.00,0,0,0.00,0.00,0.00,0,0,0.00,0.00,0,0
1508083981,lo,0.00,0.00,0.00,0,0,0.00,0.00,0.00,0,0,0.00,0.00,0,0
1508083981,s4,0.00,0.00,0.00,0,0,0.00,0.00,0.00,0,0,0.00,0.00,0,0
1508083981,total,255938.00,269478.00,525416.00,269478,255938,281.00,289.00,570.00,289,281,0.00,0.00,0,0
1508083982,s5,0.00,0.00,0.00,0,0,0.00,0.00,0.00,0,0,0.00,0.00,0,0
1508083982,s1,0.00,0.00,0.00,0,0,0.00,0.00,0.00,0,0,0.00,0.00,0,0
1508083982,eth0,0.00,0.00,0.00,0,0,0.00,0.00,0.00,0,0,0.00,0.00,0,0
1508083982,eth1,0.00,0.00,0.00,0,0,0.00,0.00,0.00,0,0,0.00,0.00,0,0
1508083982,s2,0.00,0.00,0.00,0,0,0.00,0.00,0.00,0,0,0.00,0.00,0,0
1508083982,s1-eth2,9236.00,260408.00,269644.00,260408,9236,120.00,172.00,292.00,172,120,0.00,0.00,0,0
1508083982,s1-eth1,251324.00,9310.00,260634.00,9310,251324,166.00,121.00,287.00,121,166,0.00,0.00,0,0
1508083982,s2-eth2,0.00,0.00,0.00,0,0,0.00,0.00,0.00,0,0,0.00,0.00,0,0
1508083982,s2-eth1,0.00,0.00,0.00,0,0,0.00,0.00,0.00,0,0,0.00,0.00,0,0
1508083982,lo,0.00,0.00,0.00,0,0,0.00,0.00,0.00,0,0,0.00,0.00,0,0
1508083982,s4,0.00,0.00,0.00,0,0,0.00,0.00,0.00,0,0,0.00,0.00,0,0
1508083982,total,260560.00,269718.00,530278.00,269718,260560,286.00,293.00,579.00,293,286,0.00,0.00,0,0
1508083983,s5,0.00,0.00,0.00,0,0,0.00,0.00,0.00,0,0,0.00,0.00,0,0
1508083983,s1,0.00,0.00,0.00,0,0,0.00,0.00,0.00,0,0,0.00,0.00,0,0
1508083983,eth0,0.00,0.00,0.00,0,0,0.00,0.00,0.00,0,0,0.00,0.00,0,0
1508083983,eth1,0.00,0.00,0.00,0,0,0.00,0.00,0.00,0,0,0.00,0.00,0,0
1508083983,s2,0.00,0.00,0.00,0,0,0.00,0.00,0.00,0,0,0.00,0.00,0,0
1508083983,s1-eth2,9932.00,255866.00,265798.00,255866,9932,128.00,169.00,297.00,169,128,0.00,0.00,0,0
1508083983,s1-eth1,246782.00,9858.00,256640.00,9858,246782,163.00,127.00,290.00,127,163,0.00,0.00,0,0
1508083983,s2-eth2,0.00,0.00,0.00,0,0,0.00,0.00,0.00,0,0,0.00,0.00,0,0
1508083983,s2-eth1,0.00,0.00,0.00,0,0,0.00,0.00,0.00,0,0,0.00,0.00,0,0
1508083983,lo,0.00,0.00,0.00,0,0,0.00,0.00,0.00,0,0,0.00,0.00,0,0
1508083983,s4,0.00,0.00,0.00,0,0,0.00,0.00,0.00,0,0,0.00,0.00,0,0
1508083983,total,256714.00,265724.00,522438.00,265724,256714,291.00,296.00,587.00,296,291,0.00,0.00,0,0
1508083984,s5,0.00,0.00,0.00,0,0,0.00,0.00,0.00,0,0,0.00,0.00,0,0
1508083984,s1,0.00,0.00,0.00,0,0,0.00,0.00,0.00,0,0,0.00,0.00,0,0
1508083984,eth0,0.00,0.00,0.00,0,0,0.00,0.00,0.00,0,0,0.00,0.00,0,0
1508083984,eth1,0.00,0.00,0.00,0,0,0.00,0.00,0.00,0,0,0.00,0.00,0,0
1508083984,s2,0.00,0.00,0.00,0,0,0.00,0.00,0.00,0,0,0.00,0.00,0,0
1508083984,s1-eth2,9240.00,264950.00,274190.00,264950,9240,120.00,175.00,295.00,175,120,0.00,0.00,0,0
1508083984,s1-eth1,249810.00,9240.00,259050.00,9240,249810,165.00,120.00,285.00,120,165,0.00,0.00,0,0
1508083984,s2-eth2,0.00,0.00,0.00,0,0,0.00,0.00,0.00,0,0,0.00,0.00,0,0
1508083984,s2-eth1,0.00,0.00,0.00,0,0,0.00,0.00,0.00,0,0,0.00,0.00,0,0
1508083984,lo,344.00,344.00,688.00,344,344,6.00,6.00,12.00,6,6,0.00,0.00,0,0
1508083984,s4,0.00,0.00,0.00,0,0,0.00,0.00,0.00,0,0,0.00,0.00,0,0
1508083984,total,259394.00,274534.00,533928.00,274534,259394,291.00,301.00,592.00,301,291,0.00,0.00,0,0
1508083985,s5,0.00,0.00,0.00,0,0,0.00,0.00,0.00,0,0,0.00,0.00,0,0
1508083985,s1,0.00,0.00,0.00,0,0,0.00,0.00,0.00,0,0,0.00,0.00,0,0
1508083985,eth0,0.00,0.00,0.00,0,0,0.00,0.00,0.00,0,0,0.00,0.00,0,0
1508083985,eth1,0.00,0.00,0.00,0,0,0.00,0.00,0.00,0,0,0.00,0.00,0,0
1508083985,s2,0.00,0.00,0.00,0,0,0.00,0.00,0.00,0,0,0.00,0.00,0,0
1508083985,s1-eth2,8136.00,201362.00,209498.00,201362,8136,102.00,133.00,235.00,133,102,0.00,0.00,0,0
1508083985,s1-eth1,193792.00,7794.00,201586.00,7794,193792,128.00,101.00,229.00,101,128,0.00,0.00,0,0
1508083985,s2-eth2,0.00,0.00,0.00,0,0,0.00,0.00,0.00,0,0,0.00,0.00,0,0
1508083985,s2-eth1,0.00,0.00,0.00,0,0,0.00,0.00,0.00,0,0,0.00,0.00,0,0
1508083985,lo,344.00,344.00,688.00,344,344,6.00,6.00,12.00,6,6,0.00,0.00,0,0
1508083985,s4,0.00,0.00,0.00,0,0,0.00,0.00,0.00,0,0,0.00,0.00,0,0
1508083985,total,202272.00,209500.00,411772.00,209500,202272,236.00,240.00,476.00,240,236,0.00,0.00,0,0
1508083986,s5,0.00,0.00,0.00,0,0,0.00,0.00,0.00,0,0,0.00,0.00,0,0
1508083986,s1,0.00,0.00,0.00,0,0,0.00,0.00,0.00,0,0,0.00,0.00,0,0
1508083986,eth0,0.00,0.00,0.00,0,0,0.00,0.00,0.00,0,0,0.00,0.00,0,0
1508083986,eth1,0.00,0.00,0.00,0,0,0.00,0.00,0.00,0,0,0.00,0.00,0,0
1508083986,s2,0.00,0.00,0.00,0,0,0.00,0.00,0.00,0,0,0.00,0.00,0,0
1508083986,s1-eth2,9858.00,261922.00,271780.00,261922,9858,127.00,173.00,300.00,173,127,0.00,0.00,0,0
1508083986,s1-eth1,250152.00,9858.00,260010.00,9858,250152,166.00,127.00,293.00,127,166,0.00,0.00,0,0
1508083986,s2-eth2,0.00,0.00,0.00,0,0,0.00,0.00,0.00,0,0,0.00,0.00,0,0
1508083986,s2-eth1,342.00,0.00,342.00,0,342,1.00,0.00,1.00,0,1,0.00,0.00,0,0
1508083986,lo,0.00,0.00,0.00,0,0,0.00,0.00,0.00,0,0,0.00,0.00,0,0
1508083986,s4,0.00,0.00,0.00,0,0,0.00,0.00,0.00,0,0,0.00,0.00,0,0
1508083986,total,260352.00,271780.00,532132.00,271780,260352,294.00,300.00,594.00,300,294,0.00,0.00,0,0
1508083987,s5,0.00,0.00,0.00,0,0,0.00,0.00,0.00,0,0,0.00,0.00,0,0
1508083987,s1,0.00,0.00,0.00,0,0,0.00,0.00,0.00,0,0,0.00,0.00,0,0
1508083987,eth0,0.00,0.00,0.00,0,0,0.00,0.00,0.00,0,0,0.00,0.00,0,0
1508083987,eth1,0.00,0.00,0.00,0,0,0.00,0.00,0.00,0,0,0.00,0.00,0,0
1508083987,s2,0.00,0.00,0.00,0,0,0.00,0.00,0.00,0,0,0.00,0.00,0,0
1508083987,s1-eth2,8932.00,255866.00,264798.00,255866,8932,116.00,169.00,285.00,169,116,0.00,0.00,0,0
1508083987,s1-eth1,249810.00,8932.00,258742.00,8932,249810,165.00,116.00,281.00,116,165,0.00,0.00,0,0
1508083987,s2-eth2,0.00,0.00,0.00,0,0,0.00,0.00,0.00,0,0,0.00,0.00,0,0
1508083987,s2-eth1,0.00,0.00,0.00,0,0,0.00,0.00,0.00,0,0,0.00,0.00,0,0
1508083987,lo,0.00,0.00,0.00,0,0,0.00,0.00,0.00,0,0,0.00,0.00,0,0
1508083987,s4,0.00,0.00,0.00,0,0,0.00,0.00,0.00,0,0,0.00,0.00,0,0
1508083987,total,258742.00,264798.00,523540.00,264798,258742,281.00,285.00,566.00,285,281,0.00,0.00,0,0
1508083988,s5,0.00,0.00,0.00,0,0,0.00,0.00,0.00,0,0,0.00,0.00,0,0
1508083988,s1,0.00,0.00,0.00,0,0,0.00,0.00,0.00,0,0,0.00,0.00,0,0
1508083988,eth0,0.00,0.00,0.00,0,0,0.00,0.00,0.00,0,0,0.00,0.00,0,0
1508083988,eth1,0.00,0.00,0.00,0,0,0.00,0.00,0.00,0,0,0.00,0.00,0,0
1508083988,s2,0.00,0.00,0.00,0,0,0.00,0.00,0.00,0,0,0.00,0.00,0,0
1508083988,s1-eth2,8530.00,254352.00,262882.00,254352,8530,111.00,168.00,279.00,168,111,0.00,0.00,0,0
1508083988,s1-eth1,249810.00,8530.00,258340.00,8530,249810,165.00,111.00,276.00,111,165,0.00,0.00,0,0
1508083988,s2-eth2,0.00,0.00,0.00,0,0,0.00,0.00,0.00,0,0,0.00,0.00,0,0
1508083988,s2-eth1,0.00,0.00,0.00,0,0,0.00,0.00,0.00,0,0,0.00,0.00,0,0
1508083988,lo,0.00,0.00,0.00,0,0,0.00,0.00,0.00,0,0,0.00,0.00,0,0
1508083988,s4,0.00,0.00,0.00,0,0,0.00,0.00,0.00,0,0,0.00,0.00,0,0
1508083988,total,258340.00,262882.00,521222.00,262882,258340,276.00,279.00,555.00,279,276,0.00,0.00,0,0
1508083989,s5,0.00,0.00,0.00,0,0,0.00,0.00,0.00,0,0,0.00,0.00,0,0
1508083989,s1,0.00,0.00,0.00,0,0,0.00,0.00,0.00,0,0,0.00,0.00,0,0
1508083989,eth0,0.00,0.00,0.00,0,0,0.00,0.00,0.00,0,0,0.00,0.00,0,0
1508083989,eth1,0.00,0.00,0.00,0,0,0.00,0.00,0.00,0,0,0.00,0.00,0,0
1508083989,s2,0.00,0.00,0.00,0,0,0.00,0.00,0.00,0,0,0.00,0.00,0,0
1508083989,s1-eth2,8568.00,258894.00,267462.00,258894,8568,112.00,171.00,283.00,171,112,0.00,0.00,0,0
1508083989,s1-eth1,249810.00,8642.00,258452.00,8642,249810,165.00,113.00,278.00,113,165,0.00,0.00,0,0
1508083989,s2-eth2,0.00,0.00,0.00,0,0,0.00,0.00,0.00,0,0,0.00,0.00,0,0
1508083989,s2-eth1,0.00,0.00,0.00,0,0,0.00,0.00,0.00,0,0,0.00,0.00,0,0
1508083989,lo,344.00,344.00,688.00,344,344,6.00,6.00,12.00,6,6,0.00,0.00,0,0
1508083989,s4,0.00,0.00,0.00,0,0,0.00,0.00,0.00,0,0,0.00,0.00,0,0
1508083989,total,258722.00,267880.00,526602.00,267880,258722,283.00,290.00,573.00,290,283,0.00,0.00,0,0
1508083990,s5,0.00,0.00,0.00,0,0,0.00,0.00,0.00,0,0,0.00,0.00,0,0
1508083990,s1,0.00,0.00,0.00,0,0,0.00,0.00,0.00,0,0,0.00,0.00,0,0
1508083990,eth0,0.00,0.00,0.00,0,0,0.00,0.00,0.00,0,0,0.00,0.00,0,0
1508083990,eth1,0.00,0.00,0.00,0,0,0.00,0.00,0.00,0,0,0.00,0.00,0,0
1508083990,s2,0.00,0.00,0.00,0,0,0.00,0.00,0.00,0,0,0.00,0.00,0,0
1508083990,s1-eth2,8128.00,257380.00,265508.00,257380,8128,106.00,170.00,276.00,170,106,0.00,0.00,0,0
1508083990,s1-eth1,251324.00,8054.00,259378.00,8054,251324,166.00,105.00,271.00,105,166,0.00,0.00,0,0
1508083990,s2-eth2,0.00,0.00,0.00,0,0,0.00,0.00,0.00,0,0,0.00,0.00,0,0
1508083990,s2-eth1,0.00,0.00,0.00,0,0,0.00,0.00,0.00,0,0,0.00,0.00,0,0
1508083990,lo,344.00,344.00,688.00,344,344,6.00,6.00,12.00,6,6,0.00,0.00,0,0
1508083990,s4,0.00,0.00,0.00,0,0,0.00,0.00,0.00,0,0,0.00,0.00,0,0
1508083990,total,259796.00,265778.00,525574.00,265778,259796,278.00,281.00,559.00,281,278,0.00,0.00,0,0
1508083991,s5,0.00,0.00,0.00,0,0,0.00,0.00,0.00,0,0,0.00,0.00,0,0
1508083991,s1,0.00,0.00,0.00,0,0,0.00,0.00,0.00,0,0,0.00,0.00,0,0
1508083991,eth0,0.00,0.00,0.00,0,0,0.00,0.00,0.00,0,0,0.00,0.00,0,0
1508083991,eth1,0.00,0.00,0.00,0,0,0.00,0.00,0.00,0,0,0.00,0.00,0,0
1508083991,s2,0.00,0.00,0.00,0,0,0.00,0.00,0.00,0,0,0.00,0.00,0,0
1508083991,s1-eth2,8784.00,258894.00,267678.00,258894,8784,114.00,171.00,285.00,171,114,0.00,0.00,0,0
1508083991,s1-eth1,249810.00,8784.00,258594.00,8784,249810,165.00,114.00,279.00,114,165,0.00,0.00,0,0
1508083991,s2-eth2,0.00,0.00,0.00,0,0,0.00,0.00,0.00,0,0,0.00,0.00,0,0
1508083991,s2-eth1,107.00,0.00,107.00,0,107,1.00,0.00,1.00,0,1,0.00,0.00,0,0
1508083991,lo,0.00,0.00,0.00,0,0,0.00,0.00,0.00,0,0,0.00,0.00,0,0
1508083991,s4,0.00,0.00,0.00,0,0,0.00,0.00,0.00,0,0,0.00,0.00,0,0
1508083991,total,258701.00,267678.00,526379.00,267678,258701,280.00,285.00,565.00,285,280,0.00,0.00,0,0
1508083992,s5,0.00,0.00,0.00,0,0,0.00,0.00,0.00,0,0,0.00,0.00,0,0
1508083992,s1,0.00,0.00,0.00,0,0,0.00,0.00,0.00,0,0,0.00,0.00,0,0
1508083992,eth0,0.00,0.00,0.00,0,0,0.00,0.00,0.00,0,0,0.00,0.00,0,0
1508083992,eth1,0.00,0.00,0.00,0,0,0.00,0.00,0.00,0,0,0.00,0.00,0,0
1508083992,s2,0.00,0.00,0.00,0,0,0.00,0.00,0.00,0,0,0.00,0.00,0,0
1508083992,s1-eth2,10371.00,254352.00,264723.00,254352,10371,133.00,168.00,301.00,168,133,0.00,0.00,0,0
1508083992,s1-eth1,249917.00,10264.00,260181.00,10264,249917,166.00,132.00,298.00,132,166,0.00,0.00,0,0
1508083992,s2-eth2,449.00,0.00,449.00,0,449,2.00,0.00,2.00,0,2,0.00,0.00,0,0
1508083992,s2-eth1,0.00,0.00,0.00,0,0,0.00,0.00,0.00,0,0,0.00,0.00,0,0
1508083992,lo,0.00,0.00,0.00,0,0,0.00,0.00,0.00,0,0,0.00,0.00,0,0
1508083992,s4,0.00,0.00,0.00,0,0,0.00,0.00,0.00,0,0,0.00,0.00,0,0
1508083992,total,260737.00,264616.00,525353.00,264616,260737,301.00,300.00,601.00,300,301,0.00,0.00,0,0
1508083993,s5,0.00,0.00,0.00,0,0,0.00,0.00,0.00,0,0,0.00,0.00,0,0
1508083993,s1,0.00,0.00,0.00,0,0,0.00,0.00,0.00,0,0,0.00,0.00,0,0
1508083993,eth0,0.00,0.00,0.00,0,0,0.00,0.00,0.00,0,0,0.00,0.00,0,0
1508083993,eth1,0.00,0.00,0.00,0,0,0.00,0.00,0.00,0,0,0.00,0.00,0,0
1508083993,s2,0.00,0.00,0.00,0,0,0.00,0.00,0.00,0,0,0.00,0.00,0,0
1508083993,s1-eth2,10618.00,263436.00,274054.00,263436,10618,137.00,174.00,311.00,174,137,0.00,0.00,0,0
1508083993,s1-eth1,249810.00,10618.00,260428.00,10618,249810,165.00,137.00,302.00,137,165,0.00,0.00,0,0
1508083993,s2-eth2,0.00,0.00,0.00,0,0,0.00,0.00,0.00,0,0,0.00,0.00,0,0
1508083993,s2-eth1,0.00,0.00,0.00,0,0,0.00,0.00,0.00,0,0,0.00,0.00,0,0
1508083993,lo,0.00,0.00,0.00,0,0,0.00,0.00,0.00,0,0,0.00,0.00,0,0
1508083993,s4,0.00,0.00,0.00,0,0,0.00,0.00,0.00,0,0,0.00,0.00,0,0
1508083993,total,260428.00,274054.00,534482.00,274054,260428,302.00,311.00,613.00,311,302,0.00,0.00,0,0
1508083994,s5,0.00,0.00,0.00,0,0,0.00,0.00,0.00,0,0,0.00,0.00,0,0
1508083994,s1,0.00,0.00,0.00,0,0,0.00,0.00,0.00,0,0,0.00,0.00,0,0
1508083994,eth0,0.00,0.00,0.00,0,0,0.00,0.00,0.00,0,0,0.00,0.00,0,0
1508083994,eth1,0.00,0.00,0.00,0,0,0.00,0.00,0.00,0,0,0.00,0.00,0,0
1508083994,s2,0.00,0.00,0.00,0,0,0.00,0.00,0.00,0,0,0.00,0.00,0,0
1508083994,s1-eth2,10568.00,257380.00,267948.00,257380,10568,136.00,170.00,306.00,170,136,0.00,0.00,0,0
1508083994,s1-eth1,249810.00,10568.00,260378.00,10568,249810,165.00,136.00,301.00,136,165,0.00,0.00,0,0
1508083994,s2-eth2,0.00,0.00,0.00,0,0,0.00,0.00,0.00,0,0,0.00,0.00,0,0
1508083994,s2-eth1,0.00,0.00,0.00,0,0,0.00,0.00,0.00,0,0,0.00,0.00,0,0
1508083994,lo,344.00,344.00,688.00,344,344,6.00,6.00,12.00,6,6,0.00,0.00,0,0
1508083994,s4,0.00,0.00,0.00,0,0,0.00,0.00,0.00,0,0,0.00,0.00,0,0
1508083994,total,260722.00,268292.00,529014.00,268292,260722,307.00,312.00,619.00,312,307,0.00,0.00,0,0
1508083995,s5,0.00,0.00,0.00,0,0,0.00,0.00,0.00,0,0,0.00,0.00,0,0
1508083995,s1,0.00,0.00,0.00,0,0,0.00,0.00,0.00,0,0,0.00,0.00,0,0
1508083995,eth0,0.00,0.00,0.00,0,0,0.00,0.00,0.00,0,0,0.00,0.00,0,0
1508083995,eth1,0.00,0.00,0.00,0,0,0.00,0.00,0.00,0,0,0.00,0.00,0,0
1508083995,s2,0.00,0.00,0.00,0,0,0.00,0.00,0.00,0,0,0.00,0.00,0,0
1508083995,s1-eth2,8270.00,255866.00,264136.00,255866,8270,109.00,169.00,278.00,169,109,0.00,0.00,0,0
1508083995,s1-eth1,249810.00,8270.00,258080.00,8270,249810,165.00,109.00,274.00,109,165,0.00,0.00,0,0
1508083995,s2-eth2,0.00,0.00,0.00,0,0,0.00,0.00,0.00,0,0,0.00,0.00,0,0
1508083995,s2-eth1,0.00,0.00,0.00,0,0,0.00,0.00,0.00,0,0,0.00,0.00,0,0
1508083995,lo,344.00,344.00,688.00,344,344,6.00,6.00,12.00,6,6,0.00,0.00,0,0
1508083995,s4,0.00,0.00,0.00,0,0,0.00,0.00,0.00,0,0,0.00,0.00,0,0
1508083995,total,258424.00,264480.00,522904.00,264480,258424,280.00,284.00,564.00,284,280,0.00,0.00,0,0
1508083996,s5,0.00,0.00,0.00,0,0,0.00,0.00,0.00,0,0,0.00,0.00,0,0
1508083996,s1,0.00,0.00,0.00,0,0,0.00,0.00,0.00,0,0,0.00,0.00,0,0
1508083996,eth0,0.00,0.00,0.00,0,0,0.00,0.00,0.00,0,0,0.00,0.00,0,0
1508083996,eth1,0.00,0.00,0.00,0,0,0.00,0.00,0.00,0,0,0.00,0.00,0,0
1508083996,s2,0.00,0.00,0.00,0,0,0.00,0.00,0.00,0,0,0.00,0.00,0,0
1508083996,s1-eth2,9748.00,251324.00,261072.00,251324,9748,122.00,166.00,288.00,166,122,0.00,0.00,0,0
1508083996,s1-eth1,240726.00,9406.00,250132.00,9406,240726,159.00,121.00,280.00,121,159,0.00,0.00,0,0
1508083996,s2-eth2,0.00,0.00,0.00,0,0,0.00,0.00,0.00,0,0,0.00,0.00,0,0
1508083996,s2-eth1,0.00,0.00,0.00,0,0,0.00,0.00,0.00,0,0,0.00,0.00,0,0
1508083996,lo,0.00,0.00,0.00,0,0,0.00,0.00,0.00,0,0,0.00,0.00,0,0
1508083996,s4,0.00,0.00,0.00,0,0,0.00,0.00,0.00,0,0,0.00,0.00,0,0
1508083996,total,250474.00,260730.00,511204.00,260730,250474,281.00,287.00,568.00,287,281,0.00,0.00,0,0
1508083997,s5,0.00,0.00,0.00,0,0,0.00,0.00,0.00,0,0,0.00,0.00,0,0
1508083997,s1,0.00,0.00,0.00,0,0,0.00,0.00,0.00,0,0,0.00,0.00,0,0
1508083997,eth0,0.00,0.00,0.00,0,0,0.00,0.00,0.00,0,0,0.00,0.00,0,0
1508083997,eth1,0.00,0.00,0.00,0,0,0.00,0.00,0.00,0,0,0.00,0.00,0,0
1508083997,s2,0.00,0.00,0.00,0,0,0.00,0.00,0.00,0,0,0.00,0.00,0,0
1508083997,s1-eth2,8420.00,254394.00,262814.00,254394,8420,110.00,169.00,279.00,169,110,0.00,0.00,0,0
1508083997,s1-eth1,251366.00,8506.00,259872.00,8506,251366,167.00,111.00,278.00,111,167,0.00,0.00,0,0
1508083997,s2-eth2,0.00,0.00,0.00,0,0,0.00,0.00,0.00,0,0,0.00,0.00,0,0
1508083997,s2-eth1,0.00,0.00,0.00,0,0,0.00,0.00,0.00,0,0,0.00,0.00,0,0
1508083997,lo,296.00,296.00,592.00,296,296,3.00,3.00,6.00,3,3,0.00,0.00,0,0
1508083997,s4,0.00,0.00,0.00,0,0,0.00,0.00,0.00,0,0,0.00,0.00,0,0
1508083997,total,260082.00,263196.00,523278.00,263196,260082,280.00,283.00,563.00,283,280,0.00,0.00,0,0
1508083998,s5,0.00,0.00,0.00,0,0,0.00,0.00,0.00,0,0,0.00,0.00,0,0
1508083998,s1,0.00,0.00,0.00,0,0,0.00,0.00,0.00,0,0,0.00,0.00,0,0
1508083998,eth0,0.00,0.00,0.00,0,0,0.00,0.00,0.00,0,0,0.00,0.00,0,0
1508083998,eth1,0.00,0.00,0.00,0,0,0.00,0.00,0.00,0,0,0.00,0.00,0,0
1508083998,s2,0.00,0.00,0.00,0,0,0.00,0.00,0.00,0,0,0.00,0.00,0,0
1508083998,s1-eth2,8662.00,257380.00,266042.00,257380,8662,113.00,170.00,283.00,170,113,0.00,0.00,0,0
1508083998,s1-eth1,248638.00,8576.00,257214.00,8576,248638,165.00,112.00,277.00,112,165,0.00,0.00,0,0
1508083998,s2-eth2,0.00,0.00,0.00,0,0,0.00,0.00,0.00,0,0,0.00,0.00,0,0
1508083998,s2-eth1,0.00,0.00,0.00,0,0,0.00,0.00,0.00,0,0,0.00,0.00,0,0
1508083998,lo,0.00,0.00,0.00,0,0,0.00,0.00,0.00,0,0,0.00,0.00,0,0
1508083998,s4,0.00,0.00,0.00,0,0,0.00,0.00,0.00,0,0,0.00,0.00,0,0
1508083998,total,257300.00,265956.00,523256.00,265956,257300,278.00,282.00,560.00,282,278,0.00,0.00,0,0
1508083999,s5,0.00,0.00,0.00,0,0,0.00,0.00,0.00,0,0,0.00,0.00,0,0
1508083999,s1,0.00,0.00,0.00,0,0,0.00,0.00,0.00,0,0,0.00,0.00,0,0
1508083999,eth0,0.00,0.00,0.00,0,0,0.00,0.00,0.00,0,0,0.00,0.00,0,0
1508083999,eth1,0.00,0.00,0.00,0,0,0.00,0.00,0.00,0,0,0.00,0.00,0,0
1508083999,s2,0.00,0.00,0.00,0,0,0.00,0.00,0.00,0,0,0.00,0.00,0,0
1508083999,s1-eth2,6780.00,252838.00,259618.00,252838,6780,90.00,167.00,257.00,167,90,0.00,0.00,0,0
1508083999,s1-eth1,251324.00,6854.00,258178.00,6854,251324,166.00,91.00,257.00,91,166,0.00,0.00,0,0
1508083999,s2-eth2,342.00,0.00,342.00,0,342,1.00,0.00,1.00,0,1,0.00,0.00,0,0
1508083999,s2-eth1,0.00,0.00,0.00,0,0,0.00,0.00,0.00,0,0,0.00,0.00,0,0
1508083999,lo,172.00,172.00,344.00,172,172,3.00,3.00,6.00,3,3,0.00,0.00,0,0
1508083999,s4,0.00,0.00,0.00,0,0,0.00,0.00,0.00,0,0,0.00,0.00,0,0
1508083999,total,258618.00,259864.00,518482.00,259864,258618,260.00,261.00,521.00,261,260,0.00,0.00,0,0
1508084000,s5,0.00,0.00,0.00,0,0,0.00,0.00,0.00,0,0,0.00,0.00,0,0
1508084000,s1,0.00,0.00,0.00,0,0,0.00,0.00,0.00,0,0,0.00,0.00,0,0
1508084000,eth0,0.00,0.00,0.00,0,0,0.00,0.00,0.00,0,0,0.00,0.00,0,0
1508084000,eth1,0.00,0.00,0.00,0,0,0.00,0.00,0.00,0,0,0.00,0.00,0,0
1508084000,s2,0.00,0.00,0.00,0,0,0.00,0.00,0.00,0,0,0.00,0.00,0,0
1508084000,s1-eth2,8168.00,254352.00,262520.00,254352,8168,106.00,168.00,274.00,168,106,0.00,0.00,0,0
1508084000,s1-eth1,249810.00,8094.00,257904.00,8094,249810,165.00,105.00,270.00,105,165,0.00,0.00,0,0
1508084000,s2-eth2,0.00,0.00,0.00,0,0,0.00,0.00,0.00,0,0,0.00,0.00,0,0
1508084000,s2-eth1,0.00,0.00,0.00,0,0,0.00,0.00,0.00,0,0,0.00,0.00,0,0
1508084000,lo,344.00,344.00,688.00,344,344,6.00,6.00,12.00,6,6,0.00,0.00,0,0
1508084000,s4,0.00,0.00,0.00,0,0,0.00,0.00,0.00,0,0,0.00,0.00,0,0
1508084000,total,258322.00,262790.00,521112.00,262790,258322,277.00,279.00,556.00,279,277,0.00,0.00,0,0
1508084001,s5,0.00,0.00,0.00,0,0,0.00,0.00,0.00,0,0,0.00,0.00,0,0
1508084001,s1,0.00,0.00,0.00,0,0,0.00,0.00,0.00,0,0,0.00,0.00,0,0
1508084001,eth0,0.00,0.00,0.00,0,0,0.00,0.00,0.00,0,0,0.00,0.00,0,0
1508084001,eth1,0.00,0.00,0.00,0,0,0.00,0.00,0.00,0,0,0.00,0.00,0,0
1508084001,s2,0.00,0.00,0.00,0,0,0.00,0.00,0.00,0,0,0.00,0.00,0,0
1508084001,s1-eth2,7726.00,252838.00,260564.00,252838,7726,101.00,167.00,268.00,167,101,0.00,0.00,0,0
1508084001,s1-eth1,249810.00,7726.00,257536.00,7726,249810,165.00,101.00,266.00,101,165,0.00,0.00,0,0
1508084001,s2-eth2,0.00,0.00,0.00,0,0,0.00,0.00,0.00,0,0,0.00,0.00,0,0
1508084001,s2-eth1,0.00,0.00,0.00,0,0,0.00,0.00,0.00,0,0,0.00,0.00,0,0
1508084001,lo,0.00,0.00,0.00,0,0,0.00,0.00,0.00,0,0,0.00,0.00,0,0
1508084001,s4,0.00,0.00,0.00,0,0,0.00,0.00,0.00,0,0,0.00,0.00,0,0
1508084001,total,257536.00,260564.00,518100.00,260564,257536,266.00,268.00,534.00,268,266,0.00,0.00,0,0
1508084002,s5,0.00,0.00,0.00,0,0,0.00,0.00,0.00,0,0,0.00,0.00,0,0
1508084002,s1,0.00,0.00,0.00,0,0,0.00,0.00,0.00,0,0,0.00,0.00,0,0
1508084002,eth0,0.00,0.00,0.00,0,0,0.00,0.00,0.00,0,0,0.00,0.00,0,0
1508084002,eth1,0.00,0.00,0.00,0,0,0.00,0.00,0.00,0,0,0.00,0.00,0,0
1508084002,s2,0.00,0.00,0.00,0,0,0.00,0.00,0.00,0,0,0.00,0.00,0,0
1508084002,s1-eth2,10650.00,255866.00,266516.00,255866,10650,135.00,169.00,304.00,169,135,0.00,0.00,0,0
1508084002,s1-eth1,246782.00,10650.00,257432.00,10650,246782,163.00,135.00,298.00,135,163,0.00,0.00,0,0
1508084002,s2-eth2,0.00,0.00,0.00,0,0,0.00,0.00,0.00,0,0,0.00,0.00,0,0
1508084002,s2-eth1,0.00,0.00,0.00,0,0,0.00,0.00,0.00,0,0,0.00,0.00,0,0
1508084002,lo,172.00,172.00,344.00,172,172,3.00,3.00,6.00,3,3,0.00,0.00,0,0
1508084002,s4,0.00,0.00,0.00,0,0,0.00,0.00,0.00,0,0,0.00,0.00,0,0
1508084002,total,257604.00,266688.00,524292.00,266688,257604,301.00,307.00,608.00,307,301,0.00,0.00,0,0
1508084003,s5,0.00,0.00,0.00,0,0,0.00,0.00,0.00,0,0,0.00,0.00,0,0
1508084003,s1,0.00,0.00,0.00,0,0,0.00,0.00,0.00,0,0,0.00,0.00,0,0
1508084003,eth0,0.00,0.00,0.00,0,0,0.00,0.00,0.00,0,0,0.00,0.00,0,0
1508084003,eth1,0.00,0.00,0.00,0,0,0.00,0.00,0.00,0,0,0.00,0.00,0,0
1508084003,s2,0.00,0.00,0.00,0,0,0.00,0.00,0.00,0,0,0.00,0.00,0,0
1508084003,s1-eth2,9008.99,255610.39,264619.38,255866,9018,116.88,168.83,285.71,169,117,0.00,0.00,0,0
1508084003,s1-eth1,251072.94,9082.92,260155.84,9092,251324,165.83,117.88,283.72,118,166,0.00,0.00,0,0
1508084003,s2-eth2,0.00,0.00,0.00,0,0,0.00,0.00,0.00,0,0,0.00,0.00,0,0
1508084003,s2-eth1,0.00,0.00,0.00,0,0,0.00,0.00,0.00,0,0,0.00,0.00,0,0
1508084003,lo,0.00,0.00,0.00,0,0,0.00,0.00,0.00,0,0,0.00,0.00,0,0
1508084003,s4,0.00,0.00,0.00,0,0,0.00,0.00,0.00,0,0,0.00,0.00,0,0
1508084003,total,260081.92,264693.31,524775.25,264958,260342,282.72,286.71,569.43,287,283,0.00,0.00,0,0
1508084004,s5,0.00,0.00,0.00,0,0,0.00,0.00,0.00,0,0,0.00,0.00,0,0
1508084004,s1,0.00,0.00,0.00,0,0,0.00,0.00,0.00,0,0,0.00,0.00,0,0
1508084004,eth0,0.00,0.00,0.00,0,0,0.00,0.00,0.00,0,0,0.00,0.00,0,0
1508084004,eth1,0.00,0.00,0.00,0,0,0.00,0.00,0.00,0,0,0.00,0.00,0,0
1508084004,s2,0.00,0.00,0.00,0,0,0.00,0.00,0.00,0,0,0.00,0.00,0,0
1508084004,s1-eth2,11236.00,264950.00,276186.00,264950,11236,144.00,175.00,319.00,175,144,0.00,0.00,0,0
1508084004,s1-eth1,246782.00,11248.00,258030.00,11248,246782,163.00,144.00,307.00,144,163,0.00,0.00,0,0
1508084004,s2-eth2,0.00,0.00,0.00,0,0,0.00,0.00,0.00,0,0,0.00,0.00,0,0
1508084004,s2-eth1,342.00,0.00,342.00,0,342,1.00,0.00,1.00,0,1,0.00,0.00,0,0
1508084004,lo,172.00,172.00,344.00,172,172,3.00,3.00,6.00,3,3,0.00,0.00,0,0
1508084004,s4,0.00,0.00,0.00,0,0,0.00,0.00,0.00,0,0,0.00,0.00,0,0
1508084004,total,258532.00,276370.00,534902.00,276370,258532,311.00,322.00,633.00,322,311,0.00,0.00,0,0
1508084005,s5,0.00,0.00,0.00,0,0,0.00,0.00,0.00,0,0,0.00,0.00,0,0
1508084005,s1,0.00,0.00,0.00,0,0,0.00,0.00,0.00,0,0,0.00,0.00,0,0
1508084005,eth0,0.00,0.00,0.00,0,0,0.00,0.00,0.00,0,0,0.00,0.00,0,0
1508084005,eth1,0.00,0.00,0.00,0,0,0.00,0.00,0.00,0,0,0.00,0.00,0,0
1508084005,s2,0.00,0.00,0.00,0,0,0.00,0.00,0.00,0,0,0.00,0.00,0,0
1508084005,s1-eth2,7842.16,260147.86,267990.03,260408,7850,102.90,171.83,274.73,172,103,0.00,0.00,0,0
1508084005,s1-eth1,249560.45,7830.17,257390.61,7838,249810,164.84,102.90,267.73,103,165,0.00,0.00,0,0
1508084005,s2-eth2,0.00,0.00,0.00,0,0,0.00,0.00,0.00,0,0,0.00,0.00,0,0
1508084005,s2-eth1,0.00,0.00,0.00,0,0,0.00,0.00,0.00,0,0,0.00,0.00,0,0
1508084005,lo,343.66,343.66,687.31,344,344,5.99,5.99,11.99,6,6,0.00,0.00,0,0
1508084005,s4,0.00,0.00,0.00,0,0,0.00,0.00,0.00,0,0,0.00,0.00,0,0
1508084005,total,257746.27,268321.69,526067.94,268590,258004,273.73,280.72,554.45,281,274,0.00,0.00,0,0
1508084006,s5,0.00,0.00,0.00,0,0,0.00,0.00,0.00,0,0,0.00,0.00,0,0
1508084006,s1,0.00,0.00,0.00,0,0,0.00,0.00,0.00,0,0,0.00,0.00,0,0
1508084006,eth0,0.00,0.00,0.00,0,0,0.00,0.00,0.00,0,0,0.00,0.00,0,0
1508084006,eth1,0.00,0.00,0.00,0,0,0.00,0.00,0.00,0,0,0.00,0.00,0,0
1508084006,s2,0.00,0.00,0.00,0,0,0.00,0.00,0.00,0,0,0.00,0.00,0,0
1508084006,s1-eth2,7950.00,252838.00,260788.00,252838,7950,105.00,167.00,272.00,167,105,0.00,0.00,0,0
1508084006,s1-eth1,251324.00,7876.00,259200.00,7876,251324,166.00,104.00,270.00,104,166,0.00,0.00,0,0
1508084006,s2-eth2,0.00,0.00,0.00,0,0,0.00,0.00,0.00,0,0,0.00,0.00,0,0
1508084006,s2-eth1,0.00,0.00,0.00,0,0,0.00,0.00,0.00,0,0,0.00,0.00,0,0
1508084006,lo,0.00,0.00,0.00,0,0,0.00,0.00,0.00,0,0,0.00,0.00,0,0
1508084006,s4,0.00,0.00,0.00,0,0,0.00,0.00,0.00,0,0,0.00,0.00,0,0
1508084006,total,259274.00,260714.00,519988.00,260714,259274,271.00,271.00,542.00,271,271,0.00,0.00,0,0
1508084007,s5,0.00,0.00,0.00,0,0,0.00,0.00,0.00,0,0,0.00,0.00,0,0
1508084007,s1,0.00,0.00,0.00,0,0,0.00,0.00,0.00,0,0,0.00,0.00,0,0
1508084007,eth0,0.00,0.00,0.00,0,0,0.00,0.00,0.00,0,0,0.00,0.00,0,0
1508084007,eth1,0.00,0.00,0.00,0,0,0.00,0.00,0.00,0,0,0.00,0.00,0,0
1508084007,s2,0.00,0.00,0.00,0,0,0.00,0.00,0.00,0,0,0.00,0.00,0,0
1508084007,s1-eth2,8293.71,254097.91,262391.62,254352,8302,106.89,167.83,274.73,168,107,0.00,0.00,0,0
1508084007,s1-eth1,249560.45,8293.71,257854.16,8302,249810,164.84,106.89,271.73,107,165,0.00,0.00,0,0
1508084007,s2-eth2,0.00,0.00,0.00,0,0,0.00,0.00,0.00,0,0,0.00,0.00,0,0
1508084007,s2-eth1,0.00,0.00,0.00,0,0,0.00,0.00,0.00,0,0,0.00,0.00,0,0
1508084007,lo,171.83,171.83,343.66,172,172,3.00,3.00,5.99,3,3,0.00,0.00,0,0
1508084007,s4,0.00,0.00,0.00,0,0,0.00,0.00,0.00,0,0,0.00,0.00,0,0
1508084007,total,258025.98,262563.44,520589.44,262826,258284,274.73,277.72,552.45,278,275,0.00,0.00,0,0
1508084008,s5,0.00,0.00,0.00,0,0,0.00,0.00,0.00,0,0,0.00,0.00,0,0
1508084008,s1,0.00,0.00,0.00,0,0,0.00,0.00,0.00,0,0,0.00,0.00,0,0
1508084008,eth0,456.00,735.00,1191.00,735,456,6.00,6.00,12.00,6,6,0.00,0.00,0,0
1508084008,eth1,0.00,0.00,0.00,0,0,0.00,0.00,0.00,0,0,0.00,0.00,0,0
1508084008,s2,0.00,0.00,0.00,0,0,0.00,0.00,0.00,0,0,0.00,0.00,0,0
1508084008,s1-eth2,10150.00,254352.00,264502.00,254352,10150,127.00,168.00,295.00,168,127,0.00,0.00,0,0
1508084008,s1-eth1,250450.00,9510.00,259960.00,9510,250450,169.00,123.00,292.00,123,169,0.00,0.00,0,0
1508084008,s2-eth2,640.00,0.00,640.00,0,640,4.00,0.00,4.00,0,4,0.00,0.00,0,0
1508084008,s2-eth1,640.00,0.00,640.00,0,640,4.00,0.00,4.00,0,4,0.00,0.00,0,0
1508084008,lo,1023.00,1023.00,2046.00,1023,1023,12.00,12.00,24.00,12,12,0.00,0.00,0,0
1508084008,s4,0.00,0.00,0.00,0,0,0.00,0.00,0.00,0,0,0.00,0.00,0,0
1508084008,total,263359.00,265620.00,528979.00,265620,263359,322.00,309.00,631.00,309,322,0.00,0.00,0,0
1508084009,s5,0.00,0.00,0.00,0,0,0.00,0.00,0.00,0,0,0.00,0.00,0,0
1508084009,s1,0.00,0.00,0.00,0,0,0.00,0.00,0.00,0,0,0.00,0.00,0,0
1508084009,eth0,759.24,1223.78,1983.02,1225,760,9.99,9.99,19.98,10,10,0.00,0.00,0,0
1508084009,eth1,0.00,0.00,0.00,0,0,0.00,0.00,0.00,0,0,0.00,0.00,0,0
1508084009,s2,0.00,0.00,0.00,0,0,0.00,0.00,0.00,0,0,0.00,0.00,0,0
1508084009,s1-eth2,10526.47,255610.39,266136.88,255866,10537,133.87,168.83,302.70,169,134,0.00,0.00,0,0
1508084009,s1-eth1,245469.53,10043.96,255513.50,10054,245715,166.83,128.87,295.70,129,167,0.00,0.00,0,0
1508084009,s2-eth2,466.53,0.00,466.53,0,467,5.00,0.00,5.00,0,5,0.00,0.00,0,0
1508084009,s2-eth1,888.11,0.00,888.11,0,889,5.99,0.00,5.99,0,6,0.00,0.00,0,0
1508084009,lo,1875.12,1875.12,3750.25,1877,1877,22.98,22.98,45.95,23,23,0.00,0.00,0,0
1508084009,s4,0.00,0.00,0.00,0,0,0.00,0.00,0.00,0,0,0.00,0.00,0,0
1508084009,total,259985.02,268753.25,528738.25,269022,260245,344.66,330.67,675.32,331,345,0.00,0.00,0,0
1508084010,s5,0.00,0.00,0.00,0,0,0.00,0.00,0.00,0,0,0.00,0.00,0,0
1508084010,s1,0.00,0.00,0.00,0,0,0.00,0.00,0.00,0,0,0.00,0.00,0,0
1508084010,eth0,151.85,244.76,396.60,245,152,2.00,2.00,4.00,2,2,0.00,0.00,0,0
1508084010,eth1,0.00,0.00,0.00,0,0,0.00,0.00,0.00,0,0,0.00,0.00,0,0
1508084010,s2,0.00,0.00,0.00,0,0,0.00,0.00,0.00,0,0,0.00,0.00,0,0
1508084010,s1-eth2,9264.74,261660.34,270925.09,261922,9274,106.89,172.83,279.72,173,107,0.00,0.00,0,0
1508084010,s1-eth1,250998.02,7536.46,258534.47,7544,251249,170.83,99.90,270.73,100,171,0.00,0.00,0,0
1508084010,s2-eth2,1744.26,0.00,1744.26,0,1746,6.99,0.00,6.99,0,7,0.00,0.00,0,0
1508084010,s2-eth1,906.09,0.00,906.09,0,907,4.00,0.00,4.00,0,4,0.00,0.00,0,0
1508084010,lo,684.32,684.32,1368.63,685,685,9.99,9.99,19.98,10,10,0.00,0.00,0,0
1508084010,s4,0.00,0.00,0.00,0,0,0.00,0.00,0.00,0,0,0.00,0.00,0,0
1508084010,total,263749.25,270125.88,533875.12,270396,264013,300.70,284.72,585.41,285,301,0.00,0.00,0,0
1508084011,s5,0.00,0.00,0.00,0,0,0.00,0.00,0.00,0,0,0.00,0.00,0,0
1508084011,s1,0.00,0.00,0.00,0,0,0.00,0.00,0.00,0,0,0.00,0.00,0,0
1508084011,eth0,0.00,0.00,0.00,0,0,0.00,0.00,0.00,0,0,0.00,0.00,0,0
1508084011,eth1,0.00,0.00,0.00,0,0,0.00,0.00,0.00,0,0,0.00,0.00,0,0
1508084011,s2,0.00,0.00,0.00,0,0,0.00,0.00,0.00,0,0,0.00,0.00,0,0
1508084011,s1-eth2,9426.00,249810.00,259236.00,249810,9426,114.00,165.00,279.00,165,114,0.00,0.00,0,0
1508084011,s1-eth1,249810.00,8490.00,258300.00,8490,249810,165.00,111.00,276.00,111,165,0.00,0.00,0,0
1508084011,s2-eth2,609.00,0.00,609.00,0,609,2.00,0.00,2.00,0,2,0.00,0.00,0,0
1508084011,s2-eth1,936.00,0.00,936.00,0,936,3.00,0.00,3.00,0,3,0.00,0.00,0,0
1508084011,lo,0.00,0.00,0.00,0,0,0.00,0.00,0.00,0,0,0.00,0.00,0,0
1508084011,s4,0.00,0.00,0.00,0,0,0.00,0.00,0.00,0,0,0.00,0.00,0,0
1508084011,total,260781.00,258300.00,519081.00,258300,260781,284.00,276.00,560.00,276,284,0.00,0.00,0,0
1508084012,s5,0.00,0.00,0.00,0,0,0.00,0.00,0.00,0,0,0.00,0.00,0,0
1508084012,s1,0.00,0.00,0.00,0,0,0.00,0.00,0.00,0,0,0.00,0.00,0,0
1508084012,eth0,0.00,0.00,0.00,0,0,0.00,0.00,0.00,0,0,0.00,0.00,0,0
1508084012,eth1,0.00,0.00,0.00,0,0,0.00,0.00,0.00,0,0,0.00,0.00,0,0
1508084012,s2,0.00,0.00,0.00,0,0,0.00,0.00,0.00,0,0,0.00,0.00,0,0
1508084012,s1-eth2,7889.00,255866.00,263755.00,255866,7889,102.00,169.00,271.00,169,102,0.00,0.00,0,0
1508084012,s1-eth1,250586.00,7856.00,258442.00,7856,250586,168.00,102.00,270.00,102,168,0.00,0.00,0,0
1508084012,s2-eth2,434.00,0.00,434.00,0,434,2.00,0.00,2.00,0,2,0.00,0.00,0,0
1508084012,s2-eth1,107.00,0.00,107.00,0,107,1.00,0.00,1.00,0,1,0.00,0.00,0,0
1508084012,lo,172.00,172.00,344.00,172,172,3.00,3.00,6.00,3,3,0.00,0.00,0,0
1508084012,s4,0.00,0.00,0.00,0,0,0.00,0.00,0.00,0,0,0.00,0.00,0,0
1508084012,total,259188.00,263894.00,523082.00,263894,259188,276.00,274.00,550.00,274,276,0.00,0.00,0,0
1508084013,s5,0.00,0.00,0.00,0,0,0.00,0.00,0.00,0,0,0.00,0.00,0,0
1508084013,s1,0.00,0.00,0.00,0,0,0.00,0.00,0.00,0,0,0.00,0.00,0,0
1508084013,eth0,60.00,60.00,120.00,60,60,1.00,1.00,2.00,1,1,0.00,0.00,0,0
1508084013,eth1,0.00,0.00,0.00,0,0,0.00,0.00,0.00,0,0,0.00,0.00,0,0
1508084013,s2,0.00,0.00,0.00,0,0,0.00,0.00,0.00,0,0,0.00,0.00,0,0
1508084013,s1-eth2,8417.00,255866.00,264283.00,255866,8417,108.00,169.00,277.00,169,108,0.00,0.00,0,0
1508084013,s1-eth1,250147.00,8006.00,258153.00,8006,250147,167.00,105.00,272.00,105,167,0.00,0.00,0,0
1508084013,s2-eth2,337.00,0.00,337.00,0,337,2.00,0.00,2.00,0,2,0.00,0.00,0,0
1508084013,s2-eth1,337.00,0.00,337.00,0,337,2.00,0.00,2.00,0,2,0.00,0.00,0,0
1508084013,lo,0.00,0.00,0.00,0,0,0.00,0.00,0.00,0,0,0.00,0.00,0,0
1508084013,s4,0.00,0.00,0.00,0,0,0.00,0.00,0.00,0,0,0.00,0.00,0,0
1508084013,total,259298.00,263932.00,523230.00,263932,259298,280.00,275.00,555.00,275,280,0.00,0.00,0,0
1508084014,s5,0.00,0.00,0.00,0,0,0.00,0.00,0.00,0,0,0.00,0.00,0,0
1508084014,s1,0.00,0.00,0.00,0,0,0.00,0.00,0.00,0,0,0.00,0.00,0,0
1508084014,eth0,0.00,0.00,0.00,0,0,0.00,0.00,0.00,0,0,0.00,0.00,0,0
1508084014,eth1,0.00,0.00,0.00,0,0,0.00,0.00,0.00,0,0,0.00,0.00,0,0
1508084014,s2,0.00,0.00,0.00,0,0,0.00,0.00,0.00,0,0,0.00,0.00,0,0
1508084014,s1-eth2,9235.00,252838.00,262073.00,252838,9235,117.00,167.00,284.00,167,117,0.00,0.00,0,0
1508084014,s1-eth1,250137.00,8908.00,259045.00,8908,250137,166.00,116.00,282.00,116,166,0.00,0.00,0,0
1508084014,s2-eth2,327.00,0.00,327.00,0,327,1.00,0.00,1.00,0,1,0.00,0.00,0,0
1508084014,s2-eth1,327.00,0.00,327.00,0,327,1.00,0.00,1.00,0,1,0.00,0.00,0,0
1508084014,lo,172.00,172.00,344.00,172,172,3.00,3.00,6.00,3,3,0.00,0.00,0,0
1508084014,s4,0.00,0.00,0.00,0,0,0.00,0.00,0.00,0,0,0.00,0.00,0,0
1508084014,total,260198.00,261918.00,522116.00,261918,260198,288.00,286.00,574.00,286,288,0.00,0.00,0,0
1508084015,s5,0.00,0.00,0.00,0,0,0.00,0.00,0.00,0,0,0.00,0.00,0,0
1508084015,s1,0.00,0.00,0.00,0,0,0.00,0.00,0.00,0,0,0.00,0.00,0,0
1508084015,eth0,0.00,0.00,0.00,0,0,0.00,0.00,0.00,0,0,0.00,0.00,0,0
1508084015,eth1,0.00,0.00,0.00,0,0,0.00,0.00,0.00,0,0,0.00,0.00,0,0
1508084015,s2,0.00,0.00,0.00,0,0,0.00,0.00,0.00,0,0,0.00,0.00,0,0
1508084015,s1-eth2,9710.00,260408.00,270118.00,260408,9710,123.00,172.00,295.00,172,123,0.00,0.00,0,0
1508084015,s1-eth1,249810.00,9710.00,259520.00,9710,249810,165.00,123.00,288.00,123,165,0.00,0.00,0,0
1508084015,s2-eth2,0.00,0.00,0.00,0,0,0.00,0.00,0.00,0,0,0.00,0.00,0,0
1508084015,s2-eth1,0.00,0.00,0.00,0,0,0.00,0.00,0.00,0,0,0.00,0.00,0,0
1508084015,lo,344.00,344.00,688.00,344,344,6.00,6.00,12.00,6,6,0.00,0.00,0,0
1508084015,s4,0.00,0.00,0.00,0,0,0.00,0.00,0.00,0,0,0.00,0.00,0,0
1508084015,total,259864.00,270462.00,530326.00,270462,259864,294.00,301.00,595.00,301,294,0.00,0.00,0,0
1508084016,s5,0.00,0.00,0.00,0,0,0.00,0.00,0.00,0,0,0.00,0.00,0,0
1508084016,s1,0.00,0.00,0.00,0,0,0.00,0.00,0.00,0,0,0.00,0.00,0,0
1508084016,eth0,0.00,0.00,0.00,0,0,0.00,0.00,0.00,0,0,0.00,0.00,0,0
1508084016,eth1,0.00,0.00,0.00,0,0,0.00,0.00,0.00,0,0,0.00,0.00,0,0
1508084016,s2,0.00,0.00,0.00,0,0,0.00,0.00,0.00,0,0,0.00,0.00,0,0
1508084016,s1-eth2,9531.00,264950.00,274481.00,264950,9531,123.00,175.00,298.00,175,123,0.00,0.00,0,0
1508084016,s1-eth1,249917.00,9424.00,259341.00,9424,249917,166.00,122.00,288.00,122,166,0.00,0.00,0,0
1508084016,s2-eth2,449.00,0.00,449.00,0,449,2.00,0.00,2.00,0,2,0.00,0.00,0,0
1508084016,s2-eth1,449.00,0.00,449.00,0,449,2.00,0.00,2.00,0,2,0.00,0.00,0,0
1508084016,lo,0.00,0.00,0.00,0,0,0.00,0.00,0.00,0,0,0.00,0.00,0,0
1508084016,s4,0.00,0.00,0.00,0,0,0.00,0.00,0.00,0,0,0.00,0.00,0,0
1508084016,total,260346.00,274374.00,534720.00,274374,260346,293.00,297.00,590.00,297,293,0.00,0.00,0,0
1508084017,s5,0.00,0.00,0.00,0,0,0.00,0.00,0.00,0,0,0.00,0.00,0,0
1508084017,s1,0.00,0.00,0.00,0,0,0.00,0.00,0.00,0,0,0.00,0.00,0,0
1508084017,eth0,0.00,0.00,0.00,0,0,0.00,0.00,0.00,0,0,0.00,0.00,0,0
1508084017,eth1,0.00,0.00,0.00,0,0,0.00,0.00,0.00,0,0,0.00,0.00,0,0
1508084017,s2,0.00,0.00,0.00,0,0,0.00,0.00,0.00,0,0,0.00,0.00,0,0
1508084017,s1-eth2,9404.00,258894.00,268298.00,258894,9404,122.00,171.00,293.00,171,122,0.00,0.00,0,0
1508084017,s1-eth1,249880.00,9334.00,259214.00,9334,249880,166.00,121.00,287.00,121,166,0.00,0.00,0,0
1508084017,s2-eth2,70.00,0.00,70.00,0,70,1.00,0.00,1.00,0,1,0.00,0.00,0,0
1508084017,s2-eth1,70.00,0.00,70.00,0,70,1.00,0.00,1.00,0,1,0.00,0.00,0,0
1508084017,lo,172.00,172.00,344.00,172,172,3.00,3.00,6.00,3,3,0.00,0.00,0,0
1508084017,s4,0.00,0.00,0.00,0,0,0.00,0.00,0.00,0,0,0.00,0.00,0,0
1508084017,total,259596.00,268400.00,527996.00,268400,259596,293.00,295.00,588.00,295,293,0.00,0.00,0,0
1508084018,s5,0.00,0.00,0.00,0,0,0.00,0.00,0.00,0,0,0.00,0.00,0,0
1508084018,s1,0.00,0.00,0.00,0,0,0.00,0.00,0.00,0,0,0.00,0.00,0,0
1508084018,eth0,0.00,0.00,0.00,0,0,0.00,0.00,0.00,0,0,0.00,0.00,0,0
1508084018,eth1,0.00,0.00,0.00,0,0,0.00,0.00,0.00,0,0,0.00,0.00,0,0
1508084018,s2,0.00,0.00,0.00,0,0,0.00,0.00,0.00,0,0,0.00,0.00,0,0
1508084018,s1-eth2,8856.00,202876.00,211732.00,202876,8856,110.00,134.00,244.00,134,110,0.00,0.00,0,0
1508084018,s1-eth1,195306.00,8514.00,203820.00,8514,195306,129.00,109.00,238.00,109,129,0.00,0.00,0,0
1508084018,s2-eth2,0.00,0.00,0.00,0,0,0.00,0.00,0.00,0,0,0.00,0.00,0,0
1508084018,s2-eth1,0.00,0.00,0.00,0,0,0.00,0.00,0.00,0,0,0.00,0.00,0,0
1508084018,lo,0.00,0.00,0.00,0,0,0.00,0.00,0.00,0,0,0.00,0.00,0,0
1508084018,s4,0.00,0.00,0.00,0,0,0.00,0.00,0.00,0,0,0.00,0.00,0,0
1508084018,total,204162.00,211390.00,415552.00,211390,204162,239.00,243.00,482.00,243,239,0.00,0.00,0,0
1508084019,s5,0.00,0.00,0.00,0,0,0.00,0.00,0.00,0,0,0.00,0.00,0,0
1508084019,s1,0.00,0.00,0.00,0,0,0.00,0.00,0.00,0,0,0.00,0.00,0,0
1508084019,eth0,0.00,0.00,0.00,0,0,0.00,0.00,0.00,0,0,0.00,0.00,0,0
1508084019,eth1,0.00,0.00,0.00,0,0,0.00,0.00,0.00,0,0,0.00,0.00,0,0
1508084019,s2,0.00,0.00,0.00,0,0,0.00,0.00,0.00,0,0,0.00,0.00,0,0
1508084019,s1-eth2,9068.00,257380.00,266448.00,257380,9068,118.00,170.00,288.00,170,118,0.00,0.00,0,0
1508084019,s1-eth1,247124.00,9068.00,256192.00,9068,247124,164.00,118.00,282.00,118,164,0.00,0.00,0,0
1508084019,s2-eth2,0.00,0.00,0.00,0,0,0.00,0.00,0.00,0,0,0.00,0.00,0,0
1508084019,s2-eth1,0.00,0.00,0.00,0,0,0.00,0.00,0.00,0,0,0.00,0.00,0,0
1508084019,lo,172.00,172.00,344.00,172,172,3.00,3.00,6.00,3,3,0.00,0.00,0,0
1508084019,s4,0.00,0.00,0.00,0,0,0.00,0.00,0.00,0,0,0.00,0.00,0,0
1508084019,total,256364.00,266620.00,522984.00,266620,256364,285.00,291.00,576.00,291,285,0.00,0.00,0,0
1508084020,s5,0.00,0.00,0.00,0,0,0.00,0.00,0.00,0,0,0.00,0.00,0,0
1508084020,s1,0.00,0.00,0.00,0,0,0.00,0.00,0.00,0,0,0.00,0.00,0,0
1508084020,eth0,0.00,0.00,0.00,0,0,0.00,0.00,0.00,0,0,0.00,0.00,0,0
1508084020,eth1,0.00,0.00,0.00,0,0,0.00,0.00,0.00,0,0,0.00,0.00,0,0
1508084020,s2,0.00,0.00,0.00,0,0,0.00,0.00,0.00,0,0,0.00,0.00,0,0
1508084020,s1-eth2,9652.00,242486.00,252138.00,242486,9652,124.00,163.00,287.00,163,124,0.00,0.00,0,0
1508084020,s1-eth1,236430.00,9652.00,246082.00,9652,236430,159.00,124.00,283.00,124,159,0.00,0.00,0,0
1508084020,s2-eth2,0.00,0.00,0.00,0,0,0.00,0.00,0.00,0,0,0.00,0.00,0,0
1508084020,s2-eth1,0.00,0.00,0.00,0,0,0.00,0.00,0.00,0,0,0.00,0.00,0,0
1508084020,lo,344.00,344.00,688.00,344,344,6.00,6.00,12.00,6,6,0.00,0.00,0,0
1508084020,s4,0.00,0.00,0.00,0,0,0.00,0.00,0.00,0,0,0.00,0.00,0,0
1508084020,total,246426.00,252482.00,498908.00,252482,246426,289.00,293.00,582.00,293,289,0.00,0.00,0,0
1508084021,s5,0.00,0.00,0.00,0,0,0.00,0.00,0.00,0,0,0.00,0.00,0,0
1508084021,s1,0.00,0.00,0.00,0,0,0.00,0.00,0.00,0,0,0.00,0.00,0,0
1508084021,eth0,0.00,0.00,0.00,0,0,0.00,0.00,0.00,0,0,0.00,0.00,0,0
1508084021,eth1,0.00,0.00,0.00,0,0,0.00,0.00,0.00,0,0,0.00,0.00,0,0
1508084021,s2,0.00,0.00,0.00,0,0,0.00,0.00,0.00,0,0,0.00,0.00,0,0
1508084021,s1-eth2,74.00,74.00,148.00,74,74,1.00,1.00,2.00,1,1,0.00,0.00,0,0
1508084021,s1-eth1,74.00,74.00,148.00,74,74,1.00,1.00,2.00,1,1,0.00,0.00,0,0
1508084021,s2-eth2,0.00,0.00,0.00,0,0,0.00,0.00,0.00,0,0,0.00,0.00,0,0
1508084021,s2-eth1,342.00,0.00,342.00,0,342,1.00,0.00,1.00,0,1,0.00,0.00,0,0
1508084021,lo,0.00,0.00,0.00,0,0,0.00,0.00,0.00,0,0,0.00,0.00,0,0
1508084021,s4,0.00,0.00,0.00,0,0,0.00,0.00,0.00,0,0,0.00,0.00,0,0
1508084021,total,490.00,148.00,638.00,148,490,3.00,2.00,5.00,2,3,0.00,0.00,0,0
1508084022,s5,0.00,0.00,0.00,0,0,0.00,0.00,0.00,0,0,0.00,0.00,0,0
1508084022,s1,0.00,0.00,0.00,0,0,0.00,0.00,0.00,0,0,0.00,0.00,0,0
1508084022,eth0,0.00,0.00,0.00,0,0,0.00,0.00,0.00,0,0,0.00,0.00,0,0
1508084022,eth1,0.00,0.00,0.00,0,0,0.00,0.00,0.00,0,0,0.00,0.00,0,0
1508084022,s2,0.00,0.00,0.00,0,0,0.00,0.00,0.00,0,0,0.00,0.00,0,0
1508084022,s1-eth2,0.00,0.00,0.00,0,0,0.00,0.00,0.00,0,0,0.00,0.00,0,0
1508084022,s1-eth1,0.00,0.00,0.00,0,0,0.00,0.00,0.00,0,0,0.00,0.00,0,0
1508084022,s2-eth2,0.00,0.00,0.00,0,0,0.00,0.00,0.00,0,0,0.00,0.00,0,0
1508084022,s2-eth1,0.00,0.00,0.00,0,0,0.00,0.00,0.00,0,0,0.00,0.00,0,0
1508084022,lo,172.00,172.00,344.00,172,172,3.00,3.00,6.00,3,3,0.00,0.00,0,0
1508084022,s4,0.00,0.00,0.00,0,0,0.00,0.00,0.00,0,0,0.00,0.00,0,0
1508084022,total,172.00,172.00,344.00,172,172,3.00,3.00,6.00,3,3,0.00,0.00,0,0
1508084023,s5,0.00,0.00,0.00,0,0,0.00,0.00,0.00,0,0,0.00,0.00,0,0
1508084023,s1,0.00,0.00,0.00,0,0,0.00,0.00,0.00,0,0,0.00,0.00,0,0
1508084023,eth0,0.00,0.00,0.00,0,0,0.00,0.00,0.00,0,0,0.00,0.00,0,0
1508084023,eth1,0.00,0.00,0.00,0,0,0.00,0.00,0.00,0,0,0.00,0.00,0,0
1508084023,s2,0.00,0.00,0.00,0,0,0.00,0.00,0.00,0,0,0.00,0.00,0,0
1508084023,s1-eth2,0.00,0.00,0.00,0,0,0.00,0.00,0.00,0,0,0.00,0.00,0,0
1508084023,s1-eth1,0.00,0.00,0.00,0,0,0.00,0.00,0.00,0,0,0.00,0.00,0,0
1508084023,s2-eth2,0.00,0.00,0.00,0,0,0.00,0.00,0.00,0,0,0.00,0.00,0,0
1508084023,s2-eth1,0.00,0.00,0.00,0,0,0.00,0.00,0.00,0,0,0.00,0.00,0,0
1508084023,lo,0.00,0.00,0.00,0,0,0.00,0.00,0.00,0,0,0.00,0.00,0,0
1508084023,s4,0.00,0.00,0.00,0,0,0.00,0.00,0.00,0,0,0.00,0.00,0,0
1508084023,total,0.00,0.00,0.00,0,0,0.00,0.00,0.00,0,0,0.00,0.00,0,0
1508084024,s5,0.00,0.00,0.00,0,0,0.00,0.00,0.00,0,0,0.00,0.00,0,0
1508084024,s1,0.00,0.00,0.00,0,0,0.00,0.00,0.00,0,0,0.00,0.00,0,0
1508084024,eth0,0.00,0.00,0.00,0,0,0.00,0.00,0.00,0,0,0.00,0.00,0,0
1508084024,eth1,0.00,0.00,0.00,0,0,0.00,0.00,0.00,0,0,0.00,0.00,0,0
1508084024,s2,0.00,0.00,0.00,0,0,0.00,0.00,0.00,0,0,0.00,0.00,0,0
1508084024,s1-eth2,107.00,0.00,107.00,0,107,1.00,0.00,1.00,0,1,0.00,0.00,0,0
1508084024,s1-eth1,107.00,0.00,107.00,0,107,1.00,0.00,1.00,0,1,0.00,0.00,0,0
1508084024,s2-eth2,107.00,0.00,107.00,0,107,1.00,0.00,1.00,0,1,0.00,0.00,0,0
1508084024,s2-eth1,107.00,0.00,107.00,0,107,1.00,0.00,1.00,0,1,0.00,0.00,0,0
1508084024,lo,172.00,172.00,344.00,172,172,3.00,3.00,6.00,3,3,0.00,0.00,0,0
1508084024,s4,0.00,0.00,0.00,0,0,0.00,0.00,0.00,0,0,0.00,0.00,0,0
1508084024,total,600.00,172.00,772.00,172,600,7.00,3.00,10.00,3,7,0.00,0.00,0,0
1508084025,s5,0.00,0.00,0.00,0,0,0.00,0.00,0.00,0,0,0.00,0.00,0,0
1508084025,s1,0.00,0.00,0.00,0,0,0.00,0.00,0.00,0,0,0.00,0.00,0,0
1508084025,eth0,0.00,0.00,0.00,0,0,0.00,0.00,0.00,0,0,0.00,0.00,0,0
1508084025,eth1,0.00,0.00,0.00,0,0,0.00,0.00,0.00,0,0,0.00,0.00,0,0
1508084025,s2,0.00,0.00,0.00,0,0,0.00,0.00,0.00,0,0,0.00,0.00,0,0
1508084025,s1-eth2,342.00,0.00,342.00,0,342,1.00,0.00,1.00,0,1,0.00,0.00,0,0
1508084025,s1-eth1,0.00,0.00,0.00,0,0,0.00,0.00,0.00,0,0,0.00,0.00,0,0
1508084025,s2-eth2,0.00,0.00,0.00,0,0,0.00,0.00,0.00,0,0,0.00,0.00,0,0
1508084025,s2-eth1,0.00,0.00,0.00,0,0,0.00,0.00,0.00,0,0,0.00,0.00,0,0
1508084025,lo,344.00,344.00,688.00,344,344,6.00,6.00,12.00,6,6,0.00,0.00,0,0
1508084025,s4,0.00,0.00,0.00,0,0,0.00,0.00,0.00,0,0,0.00,0.00,0,0
1508084025,total,686.00,344.00,1030.00,344,686,7.00,6.00,13.00,6,7,0.00,0.00,0,0
1508084026,s5,0.00,0.00,0.00,0,0,0.00,0.00,0.00,0,0,0.00,0.00,0,0
1508084026,s1,0.00,0.00,0.00,0,0,0.00,0.00,0.00,0,0,0.00,0.00,0,0
1508084026,eth0,0.00,0.00,0.00,0,0,0.00,0.00,0.00,0,0,0.00,0.00,0,0
1508084026,eth1,0.00,0.00,0.00,0,0,0.00,0.00,0.00,0,0,0.00,0.00,0,0
1508084026,s2,0.00,0.00,0.00,0,0,0.00,0.00,0.00,0,0,0.00,0.00,0,0
1508084026,s1-eth2,0.00,0.00,0.00,0,0,0.00,0.00,0.00,0,0,0.00,0.00,0,0
1508084026,s1-eth1,0.00,0.00,0.00,0,0,0.00,0.00,0.00,0,0,0.00,0.00,0,0
1508084026,s2-eth2,0.00,0.00,0.00,0,0,0.00,0.00,0.00,0,0,0.00,0.00,0,0
1508084026,s2-eth1,0.00,0.00,0.00,0,0,0.00,0.00,0.00,0,0,0.00,0.0