1508091531,s1,0.00,0.00,0.00,0,0,0.00,0.00,0.00,0,0,0.00,0.00,0,0
1508091531,eth0,0.00,0.00,0.00,0,0,0.00,0.00,0.00,0,0,0.00,0.00,0,0
1508091531,eth1,0.00,0.00,0.00,0,0,0.00,0.00,0.00,0,0,0.00,0.00,0,0
1508091531,s2,0.00,0.00,0.00,0,0,0.00,0.00,0.00,0,0,0.00,0.00,0,0
1508091531,s1-eth2,0.00,0.00,0.00,0,0,0.00,0.00,0.00,0,0,0.00,0.00,0,0
1508091531,s1-eth1,0.00,0.00,0.00,0,0,0.00,0.00,0.00,0,0,0.00,0.00,0,0
1508091531,s2-eth2,0.00,0.00,0.00,0,0,0.00,0.00,0.00,0,0,0.00,0.00,0,0
1508091531,s2-eth1,0.00,0.00,0.00,0,0,0.00,0.00,0.00,0,0,0.00,0.00,0,0
1508091531,lo,0.00,0.00,0.00,0,0,0.00,0.00,0.00,0,0,0.00,0.00,0,0
1508091531,total,0.00,0.00,0.00,0,0,0.00,0.00,0.00,0,0,0.00,0.00,0,0
1508091532,s1,0.00,0.00,0.00,0,0,0.00,0.00,0.00,0,0,0.00,0.00,0,0
1508091532,eth0,0.00,0.00,0.00,0,0,0.00,0.00,0.00,0,0,0.00,0.00,0,0
1508091532,eth1,0.00,0.00,0.00,0,0,0.00,0.00,0.00,0,0,0.00,0.00,0,0
1508091532,s2,0.00,0.00,0.00,0,0,0.00,0.00,0.00,0,0,0.00,0.00,0,0
1508091532,s1-eth2,0.00,0.00,0.00,0,0,0.00,0.00,0.00,0,0,0.00,0.00,0,0
1508091532,s1-eth1,0.00,0.00,0.00,0,0,0.00,0.00,0.00,0,0,0.00,0.00,0,0
1508091532,s2-eth2,342.00,0.00,342.00,0,342,1.00,0.00,1.00,0,1,0.00,0.00,0,0
1508091532,s2-eth1,0.00,0.00,0.00,0,0,0.00,0.00,0.00,0,0,0.00,0.00,0,0
1508091532,lo,0.00,0.00,0.00,0,0,0.00,0.00,0.00,0,0,0.00,0.00,0,0
1508091532,total,342.00,0.00,342.00,0,342,1.00,0.00,1.00,0,1,0.00,0.00,0,0
1508091533,s1,0.00,0.00,0.00,0,0,0.00,0.00,0.00,0,0,0.00,0.00,0,0
1508091533,eth0,0.00,0.00,0.00,0,0,0.00,0.00,0.00,0,0,0.00,0.00,0,0
1508091533,eth1,0.00,0.00,0.00,0,0,0.00,0.00,0.00,0,0,0.00,0.00,0,0
1508091533,s2,0.00,0.00,0.00,0,0,0.00,0.00,0.00,0,0,0.00,0.00,0,0
1508091533,s1-eth2,0.00,0.00,0.00,0,0,0.00,0.00,0.00,0,0,0.00,0.00,0,0
1508091533,s1-eth1,0.00,0.00,0.00,0,0,0.00,0.00,0.00,0,0,0.00,0.00,0,0
1508091533,s2-eth2,0.00,0.00,0.00,0,0,0.00,0.00,0.00,0,0,0.00,0.00,0,0
1508091533,s2-eth1,0.00,0.00,0.00,0,0,0.00,0.00,0.00,0,0,0.00,0.00,0,0
1508091533,lo,0.00,0.00,0.00,0,0,0.00,0.00,0.00,0,0,0.00,0.00,0,0
1508091533,total,0.00,0.00,0.00,0,0,0.00,0.00,0.00,0,0,0.00,0.00,0,0
1508091534,s1,0.00,0.00,0.00,0,0,0.00,0.00,0.00,0,0,0.00,0.00,0,0
1508091534,eth0,0.00,0.00,0.00,0,0,0.00,0.00,0.00,0,0,0.00,0.00,0,0
1508091534,eth1,0.00,0.00,0.00,0,0,0.00,0.00,0.00,0,0,0.00,0.00,0,0
1508091534,s2,0.00,0.00,0.00,0,0,0.00,0.00,0.00,0,0,0.00,0.00,0,0
1508091534,s1-eth2,0.00,0.00,0.00,0,0,0.00,0.00,0.00,0,0,0.00,0.00,0,0
1508091534,s1-eth1,0.00,0.00,0.00,0,0,0.00,0.00,0.00,0,0,0.00,0.00,0,0
1508091534,s2-eth2,0.00,0.00,0.00,0,0,0.00,0.00,0.00,0,0,0.00,0.00,0,0
1508091534,s2-eth1,0.00,0.00,0.00,0,0,0.00,0.00,0.00,0,0,0.00,0.00,0,0
1508091534,lo,0.00,0.00,0.00,0,0,0.00,0.00,0.00,0,0,0.00,0.00,0,0
1508091534,total,0.00,0.00,0.00,0,0,0.00,0.00,0.00,0,0,0.00,0.00,0,0
1508091535,s1,0.00,0.00,0.00,0,0,0.00,0.00,0.00,0,0,0.00,0.00,0,0
1508091535,eth0,0.00,0.00,0.00,0,0,0.00,0.00,0.00,0,0,0.00,0.00,0,0
1508091535,eth1,0.00,0.00,0.00,0,0,0.00,0.00,0.00,0,0,0.00,0.00,0,0
1508091535,s2,0.00,0.00,0.00,0,0,0.00,0.00,0.00,0,0,0.00,0.00,0,0
1508091535,s1-eth2,0.00,0.00,0.00,0,0,0.00,0.00,0.00,0,0,0.00,0.00,0,0
1508091535,s1-eth1,341.66,0.00,341.66,0,342,1.00,0.00,1.00,0,1,0.00,0.00,0,0
1508091535,s2-eth2,341.66,0.00,341.66,0,342,1.00,0.00,1.00,0,1,0.00,0.00,0,0
1508091535,s2-eth1,0.00,0.00,0.00,0,0,0.00,0.00,0.00,0,0,0.00,0.00,0,0
1508091535,lo,343.66,343.66,687.31,344,344,5.99,5.99,11.99,6,6,0.00,0.00,0,0
1508091535,total,1026.97,343.66,1370.63,344,1028,7.99,5.99,13.99,6,8,0.00,0.00,0,0
1508091536,s1,0.00,0.00,0.00,0,0,0.00,0.00,0.00,0,0,0.00,0.00,0,0
1508091536,eth0,0.00,0.00,0.00,0,0,0.00,0.00,0.00,0,0,0.00,0.00,0,0
1508091536,eth1,0.00,0.00,0.00,0,0,0.00,0.00,0.00,0,0,0.00,0.00,0,0
1508091536,s2,0.00,0.00,0.00,0,0,0.00,0.00,0.00,0,0,0.00,0.00,0,0
1508091536,s1-eth2,0.00,0.00,0.00,0,0,0.00,0.00,0.00,0,0,0.00,0.00,0,0
1508091536,s1-eth1,107.00,0.00,107.00,0,107,1.00,0.00,1.00,0,1,0.00,0.00,0,0
1508091536,s2-eth2,0.00,0.00,0.00,0,0,0.00,0.00,0.00,0,0,0.00,0.00,0,0
1508091536,s2-eth1,342.00,0.00,342.00,0,342,1.00,0.00,1.00,0,1,0.00,0.00,0,0
1508091536,lo,0.00,0.00,0.00,0,0,0.00,0.00,0.00,0,0,0.00,0.00,0,0
1508091536,total,449.00,0.00,449.00,0,449,2.00,0.00,2.00,0,2,0.00,0.00,0,0
1508091537,s1,0.00,0.00,0.00,0,0,0.00,0.00,0.00,0,0,0.00,0.00,0,0
1508091537,eth0,0.00,0.00,0.00,0,0,0.00,0.00,0.00,0,0,0.00,0.00,0,0
1508091537,eth1,0.00,0.00,0.00,0,0,0.00,0.00,0.00,0,0,0.00,0.00,0,0
1508091537,s2,0.00,0.00,0.00,0,0,0.00,0.00,0.00,0,0,0.00,0.00,0,0
1508091537,s1-eth2,107.00,0.00,107.00,0,107,1.00,0.00,1.00,0,1,0.00,0.00,0,0
1508091537,s1-eth1,0.00,0.00,0.00,0,0,0.00,0.00,0.00,0,0,0.00,0.00,0,0
1508091537,s2-eth2,107.00,0.00,107.00,0,107,1.00,0.00,1.00,0,1,0.00,0.00,0,0
1508091537,s2-eth1,107.00,0.00,107.00,0,107,1.00,0.00,1.00,0,1,0.00,0.00,0,0
1508091537,lo,0.00,0.00,0.00,0,0,0.00,0.00,0.00,0,0,0.00,0.00,0,0
1508091537,total,321.00,0.00,321.00,0,321,3.00,0.00,3.00,0,3,0.00,0.00,0,0
1508091538,s1,0.00,0.00,0.00,0,0,0.00,0.00,0.00,0,0,0.00,0.00,0,0
1508091538,eth0,0.00,0.00,0.00,0,0,0.00,0.00,0.00,0,0,0.00,0.00,0,0
1508091538,eth1,0.00,0.00,0.00,0,0,0.00,0.00,0.00,0,0,0.00,0.00,0,0
1508091538,s2,0.00,0.00,0.00,0,0,0.00,0.00,0.00,0,0,0.00,0.00,0,0
1508091538,s1-eth2,0.00,0.00,0.00,0,0,0.00,0.00,0.00,0,0,0.00,0.00,0,0
1508091538,s1-eth1,0.00,0.00,0.00,0,0,0.00,0.00,0.00,0,0,0.00,0.00,0,0
1508091538,s2-eth2,0.00,0.00,0.00,0,0,0.00,0.00,0.00,0,0,0.00,0.00,0,0
1508091538,s2-eth1,0.00,0.00,0.00,0,0,0.00,0.00,0.00,0,0,0.00,0.00,0,0
1508091538,lo,0.00,0.00,0.00,0,0,0.00,0.00,0.00,0,0,0.00,0.00,0,0
1508091538,total,0.00,0.00,0.00,0,0,0.00,0.00,0.00,0,0,0.00,0.00,0,0
1508091539,s1,0.00,0.00,0.00,0,0,0.00,0.00,0.00,0,0,0.00,0.00,0,0
1508091539,eth0,0.00,0.00,0.00,0,0,0.00,0.00,0.00,0,0,0.00,0.00,0,0
1508091539,eth1,0.00,0.00,0.00,0,0,0.00,0.00,0.00,0,0,0.00,0.00,0,0
1508091539,s2,0.00,0.00,0.00,0,0,0.00,0.00,0.00,0,0,0.00,0.00,0,0
1508091539,s1-eth2,0.00,0.00,0.00,0,0,0.00,0.00,0.00,0,0,0.00,0.00,0,0
1508091539,s1-eth1,0.00,0.00,0.00,0,0,0.00,0.00,0.00,0,0,0.00,0.00,0,0
1508091539,s2-eth2,0.00,0.00,0.00,0,0,0.00,0.00,0.00,0,0,0.00,0.00,0,0
1508091539,s2-eth1,0.00,0.00,0.00,0,0,0.00,0.00,0.00,0,0,0.00,0.00,0,0
1508091539,lo,0.00,0.00,0.00,0,0,0.00,0.00,0.00,0,0,0.00,0.00,0,0
1508091539,total,0.00,0.00,0.00,0,0,0.00,0.00,0.00,0,0,0.00,0.00,0,0
1508091540,s1,0.00,0.00,0.00,0,0,0.00,0.00,0.00,0,0,0.00,0.00,0,0
1508091540,eth0,0.00,0.00,0.00,0,0,0.00,0.00,0.00,0,0,0.00,0.00,0,0
1508091540,eth1,0.00,0.00,0.00,0,0,0.00,0.00,0.00,0,0,0.00,0.00,0,0
1508091540,s2,0.00,0.00,0.00,0,0,0.00,0.00,0.00,0,0,0.00,0.00,0,0
1508091540,s1-eth2,0.00,0.00,0.00,0,0,0.00,0.00,0.00,0,0,0.00,0.00,0,0
1508091540,s1-eth1,342.00,0.00,342.00,0,342,1.00,0.00,1.00,0,1,0.00,0.00,0,0
1508091540,s2-eth2,0.00,0.00,0.00,0,0,0.00,0.00,0.00,0,0,0.00,0.00,0,0
1508091540,s2-eth1,0.00,0.00,0.00,0,0,0.00,0.00,0.00,0,0,0.00,0.00,0,0
1508091540,lo,344.00,344.00,688.00,344,344,6.00,6.00,12.00,6,6,0.00,0.00,0,0
1508091540,total,686.00,344.00,1030.00,344,686,7.00,6.00,13.00,6,7,0.00,0.00,0,0
1508091541,s1,0.00,0.00,0.00,0,0,0.00,0.00,0.00,0,0,0.00,0.00,0,0
1508091541,eth0,0.00,0.00,0.00,0,0,0.00,0.00,0.00,0,0,0.00,0.00,0,0
1508091541,eth1,0.00,0.00,0.00,0,0,0.00,0.00,0.00,0,0,0.00,0.00,0,0
1508091541,s2,0.00,0.00,0.00,0,0,0.00,0.00,0.00,0,0,0.00,0.00,0,0
1508091541,s1-eth2,0.00,0.00,0.00,0,0,0.00,0.00,0.00,0,0,0.00,0.00,0,0
1508091541,s1-eth1,0.00,0.00,0.00,0,0,0.00,0.00,0.00,0,0,0.00,0.00,0,0
1508091541,s2-eth2,0.00,0.00,0.00,0,0,0.00,0.00,0.00,0,0,0.00,0.00,0,0
1508091541,s2-eth1,0.00,0.00,0.00,0,0,0.00,0.00,0.00,0,0,0.00,0.00,0,0
1508091541,lo,0.00,0.00,0.00,0,0,0.00,0.00,0.00,0,0,0.00,0.00,0,0
1508091541,total,0.00,0.00,0.00,0,0,0.00,0.00,0.00,0,0,0.00,0.00,0,0
1508091542,s1,0.00,0.00,0.00,0,0,0.00,0.00,0.00,0,0,0.00,0.00,0,0
1508091542,eth0,0.00,0.00,0.00,0,0,0.00,0.00,0.00,0,0,0.00,0.00,0,0
1508091542,eth1,0.00,0.00,0.00,0,0,0.00,0.00,0.00,0,0,0.00,0.00,0,0
1508091542,s2,0.00,0.00,0.00,0,0,0.00,0.00,0.00,0,0,0.00,0.00,0,0
1508091542,s1-eth2,0.00,0.00,0.00,0,0,0.00,0.00,0.00,0,0,0.00,0.00,0,0
1508091542,s1-eth1,0.00,0.00,0.00,0,0,0.00,0.00,0.00,0,0,0.00,0.00,0,0
1508091542,s2-eth2,0.00,0.00,0.00,0,0,0.00,0.00,0.00,0,0,0.00,0.00,0,0
1508091542,s2-eth1,0.00,0.00,0.00,0,0,0.00,0.00,0.00,0,0,0.00,0.00,0,0
1508091542,lo,0.00,0.00,0.00,0,0,0.00,0.00,0.00,0,0,0.00,0.00,0,0
1508091542,total,0.00,0.00,0.00,0,0,0.00,0.00,0.00,0,0,0.00,0.00,0,0
1508091543,s1,0.00,0.00,0.00,0,0,0.00,0.00,0.00,0,0,0.00,0.00,0,0
1508091543,eth0,0.00,0.00,0.00,0,0,0.00,0.00,0.00,0,0,0.00,0.00,0,0
1508091543,eth1,0.00,0.00,0.00,0,0,0.00,0.00,0.00,0,0,0.00,0.00,0,0
1508091543,s2,0.00,0.00,0.00,0,0,0.00,0.00,0.00,0,0,0.00,0.00,0,0
1508091543,s1-eth2,0.00,0.00,0.00,0,0,0.00,0.00,0.00,0,0,0.00,0.00,0,0
1508091543,s1-eth1,0.00,0.00,0.00,0,0,0.00,0.00,0.00,0,0,0.00,0.00,0,0
1508091543,s2-eth2,0.00,0.00,0.00,0,0,0.00,0.00,0.00,0,0,0.00,0.00,0,0
1508091543,s2-eth1,0.00,0.00,0.00,0,0,0.00,0.00,0.00,0,0,0.00,0.00,0,0
1508091543,lo,0.00,0.00,0.00,0,0,0.00,0.00,0.00,0,0,0.00,0.00,0,0
1508091543,total,0.00,0.00,0.00,0,0,0.00,0.00,0.00,0,0,0.00,0.00,0,0
1508091544,s1,0.00,0.00,0.00,0,0,0.00,0.00,0.00,0,0,0.00,0.00,0,0
1508091544,eth0,0.00,0.00,0.00,0,0,0.00,0.00,0.00,0,0,0.00,0.00,0,0
1508091544,eth1,0.00,0.00,0.00,0,0,0.00,0.00,0.00,0,0,0.00,0.00,0,0
1508091544,s2,0.00,0.00,0.00,0,0,0.00,0.00,0.00,0,0,0.00,0.00,0,0
1508091544,s1-eth2,342.00,0.00,342.00,0,342,1.00,0.00,1.00,0,1,0.00,0.00,0,0
1508091544,s1-eth1,0.00,0.00,0.00,0,0,0.00,0.00,0.00,0,0,0.00,0.00,0,0
1508091544,s2-eth2,0.00,0.00,0.00,0,0,0.00,0.00,0.00,0,0,0.00,0.00,0,0
1508091544,s2-eth1,0.00,0.00,0.00,0,0,0.00,0.00,0.00,0,0,0.00,0.00,0,0
1508091544,lo,0.00,0.00,0.00,0,0,0.00,0.00,0.00,0,0,0.00,0.00,0,0
1508091544,total,342.00,0.00,342.00,0,342,1.00,0.00,1.00,0,1,0.00,0.00,0,0
1508091545,s1,0.00,0.00,0.00,0,0,0.00,0.00,0.00,0,0,0.00,0.00,0,0
1508091545,eth0,0.00,0.00,0.00,0,0,0.00,0.00,0.00,0,0,0.00,0.00,0,0
1508091545,eth1,0.00,0.00,0.00,0,0,0.00,0.00,0.00,0,0,0.00,0.00,0,0
1508091545,s2,0.00,0.00,0.00,0,0,0.00,0.00,0.00,0,0,0.00,0.00,0,0
1508091545,s1-eth2,0.00,0.00,0.00,0,0,0.00,0.00,0.00,0,0,0.00,0.00,0,0
1508091545,s1-eth1,0.00,0.00,0.00,0,0,0.00,0.00,0.00,0,0,0.00,0.00,0,0
1508091545,s2-eth2,0.00,0.00,0.00,0,0,0.00,0.00,0.00,0,0,0.00,0.00,0,0
1508091545,s2-eth1,0.00,0.00,0.00,0,0,0.00,0.00,0.00,0,0,0.00,0.00,0,0
1508091545,lo,344.00,344.00,688.00,344,344,6.00,6.00,12.00,6,6,0.00,0.00,0,0
1508091545,total,344.00,344.00,688.00,344,344,6.00,6.00,12.00,6,6,0.00,0.00,0,0
1508091546,s1,0.00,0.00,0.00,0,0,0.00,0.00,0.00,0,0,0.00,0.00,0,0
1508091546,eth0,0.00,0.00,0.00,0,0,0.00,0.00,0.00,0,0,0.00,0.00,0,0
1508091546,eth1,0.00,0.00,0.00,0,0,0.00,0.00,0.00,0,0,0.00,0.00,0,0
1508091546,s2,0.00,0.00,0.00,0,0,0.00,0.00,0.00,0,0,0.00,0.00,0,0
1508091546,s1-eth2,0.00,0.00,0.00,0,0,0.00,0.00,0.00,0,0,0.00,0.00,0,0
1508091546,s1-eth1,0.00,0.00,0.00,0,0,0.00,0.00,0.00,0,0,0.00,0.00,0,0
1508091546,s2-eth2,341.66,0.00,341.66,0,342,1.00,0.00,1.00,0,1,0.00,0.00,0,0
1508091546,s2-eth1,0.00,0.00,0.00,0,0,0.00,0.00,0.00,0,0,0.00,0.00,0,0
1508091546,lo,0.00,0.00,0.00,0,0,0.00,0.00,0.00,0,0,0.00,0.00,0,0
1508091546,total,341.66,0.00,341.66,0,342,1.00,0.00,1.00,0,1,0.00,0.00,0,0
1508091547,s1,0.00,0.00,0.00,0,0,0.00,0.00,0.00,0,0,0.00,0.00,0,0
1508091547,eth0,0.00,0.00,0.00,0,0,0.00,0.00,0.00,0,0,0.00,0.00,0,0
1508091547,eth1,0.00,0.00,0.00,0,0,0.00,0.00,0.00,0,0,0.00,0.00,0,0
1508091547,s2,0.00,0.00,0.00,0,0,0.00,0.00,0.00,0,0,0.00,0.00,0,0
1508091547,s1-eth2,0.00,0.00,0.00,0,0,0.00,0.00,0.00,0,0,0.00,0.00,0,0
1508091547,s1-eth1,0.00,0.00,0.00,0,0,0.00,0.00,0.00,0,0,0.00,0.00,0,0
1508091547,s2-eth2,0.00,0.00,0.00,0,0,0.00,0.00,0.00,0,0,0.00,0.00,0,0
1508091547,s2-eth1,0.00,0.00,0.00,0,0,0.00,0.00,0.00,0,0,0.00,0.00,0,0
1508091547,lo,0.00,0.00,0.00,0,0,0.00,0.00,0.00,0,0,0.00,0.00,0,0
1508091547,total,0.00,0.00,0.00,0,0,0.00,0.00,0.00,0,0,0.00,0.00,0,0
1508091548,s1,0.00,0.00,0.00,0,0,0.00,0.00,0.00,0,0,0.00,0.00,0,0
1508091548,eth0,0.00,0.00,0.00,0,0,0.00,0.00,0.00,0,0,0.00,0.00,0,0
1508091548,eth1,0.00,0.00,0.00,0,0,0.00,0.00,0.00,0,0,0.00,0.00,0,0
1508091548,s2,0.00,0.00,0.00,0,0,0.00,0.00,0.00,0,0,0.00,0.00,0,0
1508091548,s1-eth2,0.00,0.00,0.00,0,0,0.00,0.00,0.00,0,0,0.00,0.00,0,0
1508091548,s1-eth1,0.00,0.00,0.00,0,0,0.00,0.00,0.00,0,0,0.00,0.00,0,0
1508091548,s2-eth2,0.00,0.00,0.00,0,0,0.00,0.00,0.00,0,0,0.00,0.00,0,0
1508091548,s2-eth1,0.00,0.00,0.00,0,0,0.00,0.00,0.00,0,0,0.00,0.00,0,0
1508091548,lo,0.00,0.00,0.00,0,0,0.00,0.00,0.00,0,0,0.00,0.00,0,0
1508091548,total,0.00,0.00,0.00,0,0,0.00,0.00,0.00,0,0,0.00,0.00,0,0
1508091549,s1,0.00,0.00,0.00,0,0,0.00,0.00,0.00,0,0,0.00,0.00,0,0
1508091549,eth0,0.00,0.00,0.00,0,0,0.00,0.00,0.00,0,0,0.00,0.00,0,0
1508091549,eth1,0.00,0.00,0.00,0,0,0.00,0.00,0.00,0,0,0.00,0.00,0,0
1508091549,s2,0.00,0.00,0.00,0,0,0.00,0.00,0.00,0,0,0.00,0.00,0,0
1508091549,s1-eth2,0.00,0.00,0.00,0,0,0.00,0.00,0.00,0,0,0.00,0.00,0,0
1508091549,s1-eth1,0.00,0.00,0.00,0,0,0.00,0.00,0.00,0,0,0.00,0.00,0,0
1508091549,s2-eth2,0.00,0.00,0.00,0,0,0.00,0.00,0.00,0,0,0.00,0.00,0,0
1508091549,s2-eth1,342.00,0.00,342.00,0,342,1.00,0.00,1.00,0,1,0.00,0.00,0,0
1508091549,lo,0.00,0.00,0.00,0,0,0.00,0.00,0.00,0,0,0.00,0.00,0,0
1508091549,total,342.00,0.00,342.00,0,342,1.00,0.00,1.00,0,1,0.00,0.00,0,0
1508091550,s1,0.00,0.00,0.00,0,0,0.00,0.00,0.00,0,0,0.00,0.00,0,0
1508091550,eth0,0.00,0.00,0.00,0,0,0.00,0.00,0.00,0,0,0.00,0.00,0,0
1508091550,eth1,0.00,0.00,0.00,0,0,0.00,0.00,0.00,0,0,0.00,0.00,0,0
1508091550,s2,0.00,0.00,0.00,0,0,0.00,0.00,0.00,0,0,0.00,0.00,0,0
1508091550,s1-eth2,0.00,0.00,0.00,0,0,0.00,0.00,0.00,0,0,0.00,0.00,0,0
1508091550,s1-eth1,0.00,0.00,0.00,0,0,0.00,0.00,0.00,0,0,0.00,0.00,0,0
1508091550,s2-eth2,0.00,0.00,0.00,0,0,0.00,0.00,0.00,0,0,0.00,0.00,0,0
1508091550,s2-eth1,0.00,0.00,0.00,0,0,0.00,0.00,0.00,0,0,0.00,0.00,0,0
1508091550,lo,343.66,343.66,687.31,344,344,5.99,5.99,11.99,6,6,0.00,0.00,0,0
1508091550,total,343.66,343.66,687.31,344,344,5.99,5.99,11.99,6,6,0.00,0.00,0,0
1508091551,s1,0.00,42.00,42.00,42,0,0.00,1.00,1.00,1,0,0.00,0.00,0,0
1508091551,eth0,0.00,0.00,0.00,0,0,0.00,0.00,0.00,0,0,0.00,0.00,0,0
1508091551,eth1,0.00,0.00,0.00,0,0,0.00,0.00,0.00,0,0,0.00,0.00,0,0
1508091551,s2,0.00,84.00,84.00,84,0,0.00,2.00,2.00,2,0,0.00,0.00,0,0
1508091551,s1-eth2,12148.00,259804.00,271952.00,259804,12148,152.00,182.00,334.00,182,152,0.00,0.00,0,0
1508091551,s1-eth1,230944.00,12148.00,243092.00,12148,230944,162.00,152.00,314.00,152,162,0.00,0.00,0,0
1508091551,s2-eth2,2484.00,83530.00,86014.00,83530,2484,32.00,59.00,91.00,59,32,0.00,0.00,0,0
1508091551,s2-eth1,62334.00,2484.00,64818.00,2484,62334,45.00,32.00,77.00,32,45,0.00,0.00,0,0
1508091551,lo,4736.00,4736.00,9472.00,4736,4736,42.00,42.00,84.00,42,42,0.00,0.00,0,0
1508091551,total,312646.00,362828.00,675474.00,362828,312646,433.00,470.00,903.00,470,433,0.00,0.00,0,0
1508091552,s1,0.00,41.96,41.96,42,0,0.00,1.00,1.00,1,0,0.00,0.00,0,0
1508091552,eth0,0.00,0.00,0.00,0,0,0.00,0.00,0.00,0,0,0.00,0.00,0,0
1508091552,eth1,0.00,0.00,0.00,0,0,0.00,0.00,0.00,0,0,0.00,0.00,0,0
1508091552,s2,0.00,41.96,41.96,42,0,0.00,1.00,1.00,1,0,0.00,0.00,0,0
1508091552,s1-eth2,12633.37,252627.38,265260.75,252880,12646,158.84,167.83,326.67,168,159,0.00,0.00,0,0
1508091552,s1-eth1,249709.30,12633.37,262342.66,12646,249959,166.83,158.84,325.67,159,167,0.00,0.00,0,0
1508091552,s2-eth2,9910.09,187590.42,197500.50,187778,9920,121.88,124.88,246.75,125,122,0.00,0.00,0,0
1508091552,s2-eth1,193640.36,9984.02,203624.38,9994,193834,128.87,122.88,251.75,123,129,0.00,0.00,0,0
1508091552,lo,479.52,479.52,959.04,480,480,5.99,5.99,11.99,6,6,0.00,0.00,0,0
1508091552,total,466372.62,463398.62,929771.25,463862,466839,582.42,582.42,1164.84,583,583,0.00,0.00,0,0
1508091553,s1,0.00,41.96,41.96,42,0,0.00,1.00,1.00,1,0,0.00,0.00,0,0
1508091553,eth0,0.00,0.00,0.00,0,0,0.00,0.00,0.00,0,0,0.00,0.00,0,0
1508091553,eth1,0.00,0.00,0.00,0,0,0.00,0.00,0.00,0,0,0.00,0.00,0,0
1508091553,s2,0.00,41.96,41.96,42,0,0.00,1.00,1.00,1,0,0.00,0.00,0,0
1508091553,s1-eth2,12420.58,255652.36,268072.94,255908,12433,159.84,169.83,329.67,170,160,0.00,0.00,0,0
1508091553,s1-eth1,249602.41,12387.61,261990.02,12400,249852,165.83,159.84,325.67,160,166,0.00,0.00,0,0
1508091553,s2-eth2,7529.47,148265.73,155795.20,148414,7537,93.91,98.90,192.81,99,94,0.00,0.00,0,0
1508091553,s2-eth1,146860.14,7348.65,154208.80,7356,147007,98.90,91.91,190.81,92,99,0.00,0.00,0,0
1508091553,lo,479.52,479.52,959.04,480,480,5.99,5.99,11.99,6,6,0.00,0.00,0,0
1508091553,total,416892.12,424217.78,841109.94,424642,417309,524.48,528.47,1052.95,529,525,0.00,0.00,0,0
1508091554,s1,0.00,42.00,42.00,42,0,0.00,1.00,1.00,1,0,0.00,0.00,0,0
1508091554,eth0,0.00,0.00,0.00,0,0,0.00,0.00,0.00,0,0,0.00,0.00,0,0
1508091554,eth1,0.00,0.00,0.00,0,0,0.00,0.00,0.00,0,0,0.00,0.00,0,0
1508091554,s2,0.00,42.00,42.00,42,0,0.00,1.00,1.00,1,0,0.00,0.00,0,0
1508091554,s1-eth2,12118.00,258936.00,271054.00,258936,12118,161.00,172.00,333.00,172,161,0.00,0.00,0,0
1508091554,s1-eth1,251366.00,12044.00,263410.00,12044,251366,167.00,160.00,327.00,160,167,0.00,0.00,0,0
1508091554,s2-eth2,4646.00,142358.00,147004.00,142358,4646,61.00,95.00,156.00,95,61,0.00,0.00,0,0
1508091554,s2-eth1,136302.00,4646.00,140948.00,4646,136302,91.00,61.00,152.00,61,91,0.00,0.00,0,0
1508091554,lo,480.00,480.00,960.00,480,480,6.00,6.00,12.00,6,6,0.00,0.00,0,0
1508091554,total,404912.00,418548.00,823460.00,418548,404912,486.00,496.00,982.00,496,486,0.00,0.00,0,0
1508091555,s1,0.00,42.00,42.00,42,0,0.00,1.00,1.00,1,0,0.00,0.00,0,0
1508091555,eth0,0.00,0.00,0.00,0,0,0.00,0.00,0.00,0,0,0.00,0.00,0,0
1508091555,eth1,0.00,0.00,0.00,0,0,0.00,0.00,0.00,0,0,0.00,0.00,0,0
1508091555,s2,0.00,42.00,42.00,42,0,0.00,1.00,1.00,1,0,0.00,0.00,0,0
1508091555,s1-eth2,12490.00,255908.00,268398.00,255908,12490,161.00,170.00,331.00,170,161,0.00,0.00,0,0
1508091555,s1-eth1,249852.00,12564.00,262416.00,12564,249852,166.00,162.00,328.00,162,166,0.00,0.00,0,0
1508091555,s2-eth2,4626.00,93910.00,98536.00,93910,4626,57.00,63.00,120.00,63,57,0.00,0.00,0,0
1508091555,s2-eth1,96938.00,4626.00,101564.00,4626,96938,65.00,57.00,122.00,57,65,0.00,0.00,0,0
1508091555,lo,480.00,480.00,960.00,480,480,6.00,6.00,12.00,6,6,0.00,0.00,0,0
1508091555,total,364386.00,367572.00,731958.00,367572,364386,455.00,460.00,915.00,460,455,0.00,0.00,0,0
1508091556,s1,0.00,42.00,42.00,42,0,0.00,1.00,1.00,1,0,0.00,0.00,0,0
1508091556,eth0,0.00,0.00,0.00,0,0,0.00,0.00,0.00,0,0,0.00,0.00,0,0
1508091556,eth1,0.00,0.00,0.00,0,0,0.00,0.00,0.00,0,0,0.00,0.00,0,0
1508091556,s2,0.00,42.00,42.00,42,0,0.00,1.00,1.00,1,0,0.00,0.00,0,0
1508091556,s1-eth2,12554.00,263478.00,276032.00,263478,12554,163.00,175.00,338.00,175,163,0.00,0.00,0,0
1508091556,s1-eth1,248338.00,12554.00,260892.00,12554,248338,165.00,163.00,328.00,163,165,0.00,0.00,0,0
1508091556,s2-eth2,3076.00,56060.00,59136.00,56060,3076,38.00,38.00,76.00,38,38,0.00,0.00,0,0
1508091556,s2-eth1,50004.00,3076.00,53080.00,3076,50004,34.00,38.00,72.00,38,34,0.00,0.00,0,0
1508091556,lo,480.00,480.00,960.00,480,480,6.00,6.00,12.00,6,6,0.00,0.00,0,0
1508091556,total,314452.00,335732.00,650184.00,335732,314452,406.00,422.00,828.00,422,406,0.00,0.00,0,0
1508091557,s1,0.00,0.00,0.00,0,0,0.00,0.00,0.00,0,0,0.00,0.00,0,0
1508091557,eth0,0.00,0.00,0.00,0,0,0.00,0.00,0.00,0,0,0.00,0.00,0,0
1508091557,eth1,0.00,0.00,0.00,0,0,0.00,0.00,0.00,0,0,0.00,0.00,0,0
1508091557,s2,0.00,0.00,0.00,0,0,0.00,0.00,0.00,0,0,0.00,0.00,0,0
1508091557,s1-eth2,11926.00,257380.00,269306.00,257380,11926,155.00,170.00,325.00,170,155,0.00,0.00,0,0
1508091557,s1-eth1,251324.00,11852.00,263176.00,11852,251324,166.00,154.00,320.00,154,166,0.00,0.00,0,0
1508091557,s2-eth2,2304.00,51476.00,53780.00,51476,2304,30.00,34.00,64.00,34,30,0.00,0.00,0,0
1508091557,s2-eth1,50304.00,2304.00,52608.00,2304,50304,34.00,30.00,64.00,30,34,0.00,0.00,0,0
1508091557,lo,0.00,0.00,0.00,0,0,0.00,0.00,0.00,0,0,0.00,0.00,0,0
1508091557,total,315858.00,323012.00,638870.00,323012,315858,385.00,388.00,773.00,388,385,0.00,0.00,0,0
1508091558,s1,0.00,0.00,0.00,0,0,0.00,0.00,0.00,0,0,0.00,0.00,0,0
1508091558,eth0,0.00,0.00,0.00,0,0,0.00,0.00,0.00,0,0,0.00,0.00,0,0
1508091558,eth1,0.00,0.00,0.00,0,0,0.00,0.00,0.00,0,0,0.00,0.00,0,0
1508091558,s2,0.00,0.00,0.00,0,0,0.00,0.00,0.00,0,0,0.00,0.00,0,0
1508091558,s1-eth2,12400.00,261922.00,274322.00,261922,12400,162.00,173.00,335.00,173,162,0.00,0.00,0,0
1508091558,s1-eth1,249810.00,12400.00,262210.00,12400,249810,165.00,162.00,327.00,162,165,0.00,0.00,0,0
1508091558,s2-eth2,1808.00,52990.00,54798.00,52990,1808,20.00,35.00,55.00,35,20,0.00,0.00,0,0
1508091558,s2-eth1,57532.00,1466.00,58998.00,1466,57532,38.00,19.00,57.00,19,38,0.00,0.00,0,0
1508091558,lo,0.00,0.00,0.00,0,0,0.00,0.00,0.00,0,0,0.00,0.00,0,0
1508091558,total,321550.00,328778.00,650328.00,328778,321550,385.00,389.00,774.00,389,385,0.00,0.00,0,0
1508091559,s1,0.00,0.00,0.00,0,0,0.00,0.00,0.00,0,0,0.00,0.00,0,0
1508091559,eth0,0.00,0.00,0.00,0,0,0.00,0.00,0.00,0,0,0.00,0.00,0,0
1508091559,eth1,0.00,0.00,0.00,0,0,0.00,0.00,0.00,0,0,0.00,0.00,0,0
1508091559,s2,0.00,0.00,0.00,0,0,0.00,0.00,0.00,0,0,0.00,0.00,0,0
1508091559,s1-eth2,12550.00,257380.00,269930.00,257380,12550,159.00,170.00,329.00,170,159,0.00,0.00,0,0
1508091559,s1-eth1,249810.00,12550.00,262360.00,12550,249810,165.00,159.00,324.00,159,165,0.00,0.00,0,0
1508091559,s2-eth2,2244.00,66616.00,68860.00,66616,2244,30.00,44.00,74.00,44,30,0.00,0.00,0,0
1508091559,s2-eth1,57532.00,2244.00,59776.00,2244,57532,38.00,30.00,68.00,30,38,0.00,0.00,0,0
1508091559,lo,0.00,0.00,0.00,0,0,0.00,0.00,0.00,0,0,0.00,0.00,0,0
1508091559,total,322136.00,338790.00,660926.00,338790,322136,392.00,403.00,795.00,403,392,0.00,0.00,0,0
1508091560,s1,0.00,0.00,0.00,0,0,0.00,0.00,0.00,0,0,0.00,0.00,0,0
1508091560,eth0,0.00,0.00,0.00,0,0,0.00,0.00,0.00,0,0,0.00,0.00,0,0
1508091560,eth1,0.00,0.00,0.00,0,0,0.00,0.00,0.00,0,0,0.00,0.00,0,0
1508091560,s2,0.00,0.00,0.00,0,0,0.00,0.00,0.00,0,0,0.00,0.00,0,0
1508091560,s1-eth2,10714.00,242240.00,252954.00,242240,10714,141.00,160.00,301.00,160,141,0.00,0.00,0,0
1508091560,s1-eth1,225586.00,10714.00,236300.00,10714,225586,149.00,141.00,290.00,141,149,0.00,0.00,0,0
1508091560,s2-eth2,2698.00,62074.00,64772.00,62074,2698,35.00,41.00,76.00,41,35,0.00,0.00,0,0
1508091560,s2-eth1,68130.00,2698.00,70828.00,2698,68130,45.00,35.00,80.00,35,45,0.00,0.00,0,0
1508091560,lo,0.00,0.00,0.00,0,0,0.00,0.00,0.00,0,0,0.00,0.00,0,0
1508091560,total,307128.00,317726.00,624854.00,317726,307128,370.00,377.00,747.00,377,370,0.00,0.00,0,0
1508091561,s1,0.00,0.00,0.00,0,0,0.00,0.00,0.00,0,0,0.00,0.00,0,0
1508091561,eth0,0.00,0.00,0.00,0,0,0.00,0.00,0.00,0,0,0.00,0.00,0,0
1508091561,eth1,0.00,0.00,0.00,0,0,0.00,0.00,0.00,0,0,0.00,0.00,0,0
1508091561,s2,0.00,0.00,0.00,0,0,0.00,0.00,0.00,0,0,0.00,0.00,0,0
1508091561,s1-eth2,12763.24,254097.91,266861.16,254352,12776,161.84,167.83,329.67,168,162,0.00,0.00,0,0
1508091561,s1-eth1,251072.94,12507.49,263580.44,12520,251324,165.83,161.84,327.67,162,166,0.00,0.00,0,0
1508091561,s2-eth2,2735.26,52979.02,55714.29,53032,2738,34.97,35.96,70.93,36,35,0.00,0.00,0,0
1508091561,s2-eth1,45416.59,2735.26,48151.85,2738,45462,30.97,34.97,65.93,35,31,0.00,0.00,0,0
1508091561,lo,935.06,935.06,1870.13,936,936,11.99,11.99,23.98,12,12,0.00,0.00,0,0
1508091561,total,312923.09,323254.75,636177.81,323578,313236,405.59,412.59,818.18,413,406,0.00,0.00,0,0
1508091562,s1,0.00,0.00,0.00,0,0,0.00,0.00,0.00,0,0,0.00,0.00,0,0
1508091562,eth0,0.00,0.00,0.00,0,0,0.00,0.00,0.00,0,0,0.00,0.00,0,0
1508091562,eth1,0.00,0.00,0.00,0,0,0.00,0.00,0.00,0,0,0.00,0.00,0,0
1508091562,s2,0.00,0.00,0.00,0,0,0.00,0.00,0.00,0,0,0.00,0.00,0,0
1508091562,s1-eth2,11954.05,263172.84,275126.88,263436,11966,156.84,173.83,330.67,174,157,0.00,0.00,0,0
1508091562,s1-eth1,249560.45,11868.13,261428.58,11880,249810,164.84,155.84,320.68,156,165,0.00,0.00,0,0
1508091562,s2-eth2,2055.94,49912.09,51968.04,49962,2058,26.97,32.97,59.94,33,27,0.00,0.00,0,0
1508091562,s2-eth1,51424.58,2055.94,53480.52,2058,51476,33.97,26.97,60.94,27,34,0.00,0.00,0,0
1508091562,lo,0.00,0.00,0.00,0,0,0.00,0.00,0.00,0,0,0.00,0.00,0,0
1508091562,total,314995.00,327009.00,642004.00,327336,315310,382.62,389.61,772.23,390,383,0.00,0.00,0,0
1508091563,s1,0.00,0.00,0.00,0,0,0.00,0.00,0.00,0,0,0.00,0.00,0,0
1508091563,eth0,0.00,0.00,0.00,0,0,0.00,0.00,0.00,0,0,0.00,0.00,0,0
1508091563,eth1,0.00,0.00,0.00,0,0,0.00,0.00,0.00,0,0,0.00,0.00,0,0
1508091563,s2,0.00,0.00,0.00,0,0,0.00,0.00,0.00,0,0,0.00,0.00,0,0
1508091563,s1-eth2,12132.00,258894.00,271026.00,258894,12132,158.00,171.00,329.00,171,158,0.00,0.00,0,0
1508091563,s1-eth1,249810.00,12132.00,261942.00,12132,249810,165.00,158.00,323.00,158,165,0.00,0.00,0,0
1508091563,s2-eth2,1612.00,39364.00,40976.00,39364,1612,20.00,26.00,46.00,26,20,0.00,0.00,0,0
1508091563,s2-eth1,36336.00,1612.00,37948.00,1612,36336,24.00,20.00,44.00,20,24,0.00,0.00,0,0
1508091563,lo,0.00,0.00,0.00,0,0,0.00,0.00,0.00,0,0,0.00,0.00,0,0
1508091563,total,299890.00,312002.00,611892.00,312002,299890,367.00,375.00,742.00,375,367,0.00,0.00,0,0
1508091564,s1,0.00,0.00,0.00,0,0,0.00,0.00,0.00,0,0,0.00,0.00,0,0
1508091564,eth0,0.00,0.00,0.00,0,0,0.00,0.00,0.00,0,0,0.00,0.00,0,0
1508091564,eth1,0.00,0.00,0.00,0,0,0.00,0.00,0.00,0,0,0.00,0.00,0,0
1508091564,s2,0.00,0.00,0.00,0,0,0.00,0.00,0.00,0,0,0.00,0.00,0,0
1508091564,s1-eth2,10776.00,257380.00,268156.00,257380,10776,144.00,170.00,314.00,170,144,0.00,0.00,0,0
1508091564,s1-eth1,249810.00,10776.00,260586.00,10776,249810,165.00,144.00,309.00,144,165,0.00,0.00,0,0
1508091564,s2-eth2,1196.00,28766.00,29962.00,28766,1196,16.00,19.00,35.00,19,16,0.00,0.00,0,0
1508091564,s2-eth1,30280.00,1196.00,31476.00,1196,30280,20.00,16.00,36.00,16,20,0.00,0.00,0,0
1508091564,lo,0.00,0.00,0.00,0,0,0.00,0.00,0.00,0,0,0.00,0.00,0,0
1508091564,total,292062.00,298118.00,590180.00,298118,292062,345.00,349.00,694.00,349,345,0.00,0.00,0,0
1508091565,s1,0.00,0.00,0.00,0,0,0.00,0.00,0.00,0,0,0.00,0.00,0,0
1508091565,eth0,0.00,0.00,0.00,0,0,0.00,0.00,0.00,0,0,0.00,0.00,0,0
1508091565,eth1,0.00,0.00,0.00,0,0,0.00,0.00,0.00,0,0,0.00,0.00,0,0
1508091565,s2,0.00,0.00,0.00,0,0,0.00,0.00,0.00,0,0,0.00,0.00,0,0
1508091565,s1-eth2,11180.82,246535.47,257716.30,246782,11192,141.86,162.84,304.70,163,142,0.00,0.00,0,0
1508091565,s1-eth1,251072.94,11180.82,262253.75,11192,251324,165.83,141.86,307.69,142,166,0.00,0.00,0,0
1508091565,s2-eth2,2485.51,60499.50,62985.02,60560,2488,29.97,39.96,69.93,40,30,0.00,0.00,0,0
1508091565,s2-eth1,49912.09,2143.86,52055.95,2146,49962,32.97,28.97,61.94,29,33,0.00,0.00,0,0
1508091565,lo,0.00,0.00,0.00,0,0,0.00,0.00,0.00,0,0,0.00,0.00,0,0
1508091565,total,314651.34,320359.66,635011.00,320680,314966,370.63,373.63,744.26,374,371,0.00,0.00,0,0
1508091566,s1,0.00,0.00,0.00,0,0,0.00,0.00,0.00,0,0,0.00,0.00,0,0
1508091566,eth0,0.00,0.00,0.00,0,0,0.00,0.00,0.00,0,0,0.00,0.00,0,0
1508091566,eth1,0.00,0.00,0.00,0,0,0.00,0.00,0.00,0,0,0.00,0.00,0,0
1508091566,s2,0.00,0.00,0.00,0,0,0.00,0.00,0.00,0,0,0.00,0.00,0,0
1508091566,s1-eth2,11872.13,263172.84,275044.97,263436,11884,157.84,173.83,331.67,174,158,0.00,0.00,0,0
1508091566,s1-eth1,249560.45,11946.05,261506.50,11958,249810,164.84,158.84,323.68,159,165,0.00,0.00,0,0
1508091566,s2-eth2,2079.92,69574.43,71654.34,69644,2082,26.97,45.95,72.93,46,27,0.00,0.00,0,0
1508091566,s2-eth1,75624.38,2079.92,77704.30,2082,75700,49.95,26.97,76.92,27,50,0.00,0.00,0,0
1508091566,lo,343.66,343.66,687.31,344,344,5.99,5.99,11.99,6,6,0.00,0.00,0,0
1508091566,total,339480.53,347116.91,686597.44,347464,339820,405.59,411.59,817.18,412,406,0.00,0.00,0,0
1508091567,s1,0.00,0.00,0.00,0,0,0.00,0.00,0.00,0,0,0.00,0.00,0,0
1508091567,eth0,0.00,0.00,0.00,0,0,0.00,0.00,0.00,0,0,0.00,0.00,0,0
1508091567,eth1,0.00,0.00,0.00,0,0,0.00,0.00,0.00,0,0,0.00,0.00,0,0
1508091567,s2,0.00,0.00,0.00,0,0,0.00,0.00,0.00,0,0,0.00,0.00,0,0
1508091567,s1-eth2,12819.18,248047.95,260867.14,248296,12832,163.84,163.84,327.67,164,164,0.00,0.00,0,0
1508091567,s1-eth1,249560.45,12745.25,262305.69,12758,249810,164.84,162.84,327.67,163,165,0.00,0.00,0,0
1508091567,s2-eth2,3446.55,78649.35,82095.91,78728,3450,44.96,51.95,96.90,52,45,0.00,0.00,0,0
1508091567,s2-eth1,68061.94,3446.55,71508.49,3450,68130,44.96,44.96,89.91,45,45,0.00,0.00,0,0
1508091567,lo,0.00,0.00,0.00,0,0,0.00,0.00,0.00,0,0,0.00,0.00,0,0
1508091567,total,333888.12,342889.12,676777.25,343232,334222,418.58,423.58,842.16,424,419,0.00,0.00,0,0
1508091568,s1,0.00,0.00,0.00,0,0,0.00,0.00,0.00,0,0,0.00,0.00,0,0
1508091568,eth0,0.00,0.00,0.00,0,0,0.00,0.00,0.00,0,0,0.00,0.00,0,0
1508091568,eth1,0.00,0.00,0.00,0,0,0.00,0.00,0.00,0,0,0.00,0.00,0,0
1508091568,s2,0.00,0.00,0.00,0,0,0.00,0.00,0.00,0,0,0.00,0.00,0,0
1508091568,s1-eth2,11848.00,243754.00,255602.00,243754,11848,152.00,161.00,313.00,161,152,0.00,0.00,0,0
1508091568,s1-eth1,236184.00,11848.00,248032.00,11848,236184,156.00,152.00,308.00,152,156,0.00,0.00,0,0
1508091568,s2-eth2,2622.00,66616.00,69238.00,66616,2622,33.00,44.00,77.00,44,33,0.00,0.00,0,0
1508091568,s2-eth1,75700.00,2622.00,78322.00,2622,75700,50.00,33.00,83.00,33,50,0.00,0.00,0,0
1508091568,lo,0.00,0.00,0.00,0,0,0.00,0.00,0.00,0,0,0.00,0.00,0,0
1508091568,total,326354.00,324840.00,651194.00,324840,326354,391.00,390.00,781.00,390,391,0.00,0.00,0,0
1508091569,s1,0.00,0.00,0.00,0,0,0.00,0.00,0.00,0,0,0.00,0.00,0,0
1508091569,eth0,455.54,734.27,1189.81,735,456,5.99,5.99,11.99,6,6,0.00,0.00,0,0
1508091569,eth1,0.00,0.00,0.00,0,0,0.00,0.00,0.00,0,0,0.00,0.00,0,0
1508091569,s2,0.00,0.00,0.00,0,0,0.00,0.00,0.00,0,0,0.00,0.00,0,0
1508091569,s1-eth2,12277.72,255610.39,267888.12,255866,12290,158.84,168.83,327.67,169,159,0.00,0.00,0,0
1508091569,s1-eth1,239612.39,11638.36,251250.75,11650,239852,161.84,154.85,316.68,155,162,0.00,0.00,0,0
1508091569,s2-eth2,4455.54,83186.81,87642.36,83270,4460,53.95,54.95,108.89,55,54,0.00,0.00,0,0
1508091569,s2-eth1,71726.27,3816.18,75542.46,3820,71798,50.95,49.95,100.90,50,51,0.00,0.00,0,0
1508091569,lo,1021.98,1021.98,2043.96,1023,1023,11.99,11.99,23.98,12,12,0.00,0.00,0,0
1508091569,total,329549.47,356008.00,685557.44,356364,329879,443.56,446.55,890.11,447,444,0.00,0.00,0,0
1508091570,s1,0.00,0.00,0.00,0,0,0.00,0.00,0.00,0,0,0.00,0.00,0,0
1508091570,eth0,608.00,980.00,1588.00,980,608,8.00,8.00,16.00,8,8,0.00,0.00,0,0
1508091570,eth1,0.00,0.00,0.00,0,0,0.00,0.00,0.00,0,0,0.00,0.00,0,0
1508091570,s2,0.00,0.00,0.00,0,0,0.00,0.00,0.00,0,0,0.00,0.00,0,0
1508091570,s1-eth2,12877.00,249810.00,262687.00,249810,12877,162.00,165.00,327.00,165,162,0.00,0.00,0,0
1508091570,s1-eth1,250277.00,11988.00,262265.00,11988,250277,170.00,156.00,326.00,156,170,0.00,0.00,0,0
1508091570,s2-eth2,4501.00,86298.00,90799.00,86298,4501,47.00,57.00,104.00,57,47,0.00,0.00,0,0
1508091570,s2-eth1,90995.00,2812.00,93807.00,2812,90995,68.00,38.00,106.00,38,68,0.00,0.00,0,0
1508091570,lo,1364.00,1364.00,2728.00,1364,1364,16.00,16.00,32.00,16,16,0.00,0.00,0,0
1508091570,total,360622.00,353252.00,713874.00,353252,360622,471.00,440.00,911.00,440,471,0.00,0.00,0,0
1508091571,s1,0.00,0.00,0.00,0,0,0.00,0.00,0.00,0,0,0.00,0.00,0,0
1508091571,eth0,152.00,245.00,397.00,245,152,2.00,2.00,4.00,2,2,0.00,0.00,0,0
1508091571,eth1,0.00,0.00,0.00,0,0,0.00,0.00,0.00,0,0,0.00,0.00,0,0
1508091571,s2,0.00,0.00,0.00,0,0,0.00,0.00,0.00,0,0,0.00,0.00,0,0
1508091571,s1-eth2,13522.00,254352.00,267874.00,254352,13522,165.00,168.00,333.00,168,165,0.00,0.00,0,0
1508091571,s1-eth1,250042.00,12198.00,262240.00,12198,250042,171.00,159.00,330.00,159,171,0.00,0.00,0,0
1508091571,s2-eth2,4635.00,90840.00,95475.00,90840,4635,54.00,60.00,114.00,60,54,0.00,0.00,0,0
1508091571,s2-eth1,91651.00,3918.00,95569.00,3918,91651,64.00,51.00,115.00,51,64,0.00,0.00,0,0
1508091571,lo,685.00,685.00,1370.00,685,685,10.00,10.00,20.00,10,10,0.00,0.00,0,0
1508091571,total,360687.00,362238.00,722925.00,362238,360687,466.00,450.00,916.00,450,466,0.00,0.00,0,0
1508091572,s1,0.00,0.00,0.00,0,0,0.00,0.00,0.00,0,0,0.00,0.00,0,0
1508091572,eth0,0.00,0.00,0.00,0,0,0.00,0.00,0.00,0,0,0.00,0.00,0,0
1508091572,eth1,0.00,0.00,0.00,0,0,0.00,0.00,0.00,0,0,0.00,0.00,0,0
1508091572,s2,0.00,0.00,0.00,0,0,0.00,0.00,0.00,0,0,0.00,0.00,0,0
1508091572,s1-eth2,13068.00,260408.00,273476.00,260408,13068,161.00,172.00,333.00,172,161,0.00,0.00,0,0
1508091572,s1-eth1,249232.00,12132.00,261364.00,12132,249232,167.00,158.00,325.00,158,167,0.00,0.00,0,0
1508091572,s2-eth2,4873.00,90840.00,95713.00,90840,4873,56.00,60.00,116.00,60,56,0.00,0.00,0,0
1508091572,s2-eth1,86967.00,4130.00,91097.00,4130,86967,59.00,53.00,112.00,53,59,0.00,0.00,0,0
1508091572,lo,0.00,0.00,0.00,0,0,0.00,0.00,0.00,0,0,0.00,0.00,0,0
1508091572,total,354140.00,367510.00,721650.00,367510,354140,443.00,443.00,886.00,443,443,0.00,0.00,0,0
1508091573,s1,0.00,0.00,0.00,0,0,0.00,0.00,0.00,0,0,0.00,0.00,0,0
1508091573,eth0,0.00,0.00,0.00,0,0,0.00,0.00,0.00,0,0,0.00,0.00,0,0
1508091573,eth1,0.00,0.00,0.00,0,0,0.00,0.00,0.00,0,0,0.00,0.00,0,0
1508091573,s2,0.00,0.00,0.00,0,0,0.00,0.00,0.00,0,0,0.00,0.00,0,0
1508091573,s1-eth2,12307.00,258894.00,271201.00,258894,12307,161.00,171.00,332.00,171,161,0.00,0.00,0,0
1508091573,s1-eth1,249917.00,12200.00,262117.00,12200,249917,166.00,160.00,326.00,160,166,0.00,0.00,0,0
1508091573,s2-eth2,4296.00,109008.00,113304.00,109008,4296,55.00,72.00,127.00,72,55,0.00,0.00,0,0
1508091573,s2-eth1,107868.00,3922.00,111790.00,3922,107868,73.00,53.00,126.00,53,73,0.00,0.00,0,0
1508091573,lo,0.00,0.00,0.00,0,0,0.00,0.00,0.00,0,0,0.00,0.00,0,0
1508091573,total,374388.00,384024.00,758412.00,384024,374388,455.00,456.00,911.00,456,455,0.00,0.00,0,0
1508091574,s1,0.00,0.00,0.00,0,0,0.00,0.00,0.00,0,0,0.00,0.00,0,0
1508091574,eth0,60.00,60.00,120.00,60,60,1.00,1.00,2.00,1,1,0.00,0.00,0,0
1508091574,eth1,0.00,0.00,0.00,0,0,0.00,0.00,0.00,0,0,0.00,0.00,0,0
1508091574,s2,0.00,0.00,0.00,0,0,0.00,0.00,0.00,0,0,0.00,0.00,0,0
1508091574,s1-eth2,12908.00,255866.00,268774.00,255866,12908,161.00,169.00,330.00,169,161,0.00,0.00,0,0
1508091574,s1-eth1,248633.00,12244.00,260877.00,12244,248633,166.00,158.00,324.00,158,166,0.00,0.00,0,0
1508091574,s2-eth2,4213.00,84784.00,88997.00,84784,4213,50.00,56.00,106.00,56,50,0.00,0.00,0,0
1508091574,s2-eth1,86695.00,3816.00,90511.00,3816,86695,59.00,48.00,107.00,48,59,0.00,0.00,0,0
1508091574,lo,0.00,0.00,0.00,0,0,0.00,0.00,0.00,0,0,0.00,0.00,0,0
1508091574,total,352509.00,356770.00,709279.00,356770,352509,437.00,432.00,869.00,432,437,0.00,0.00,0,0
1508091575,s1,0.00,0.00,0.00,0,0,0.00,0.00,0.00,0,0,0.00,0.00,0,0
1508091575,eth0,0.00,0.00,0.00,0,0,0.00,0.00,0.00,0,0,0.00,0.00,0,0
1508091575,eth1,0.00,0.00,0.00,0,0,0.00,0.00,0.00,0,0,0.00,0.00,0,0
1508091575,s2,0.00,0.00,0.00,0,0,0.00,0.00,0.00,0,0,0.00,0.00,0,0
1508091575,s1-eth2,12604.00,254352.00,266956.00,254352,12604,164.00,168.00,332.00,168,164,0.00,0.00,0,0
1508091575,s1-eth1,250479.00,12604.00,263083.00,12604,250479,167.00,164.00,331.00,164,167,0.00,0.00,0,0
1508091575,s2-eth2,3164.00,66616.00,69780.00,66616,3164,38.00,44.00,82.00,44,38,0.00,0.00,0,0
1508091575,s2-eth1,66616.00,2822.00,69438.00,2822,66616,44.00,37.00,81.00,37,44,0.00,0.00,0,0
1508091575,lo,0.00,0.00,0.00,0,0,0.00,0.00,0.00,0,0,0.00,0.00,0,0
1508091575,total,332863.00,336394.00,669257.00,336394,332863,413.00,413.00,826.00,413,413,0.00,0.00,0,0
1508091576,s1,0.00,0.00,0.00,0,0,0.00,0.00,0.00,0,0,0.00,0.00,0,0
1508091576,eth0,0.00,0.00,0.00,0,0,0.00,0.00,0.00,0,0,0.00,0.00,0,0
1508091576,eth1,0.00,0.00,0.00,0,0,0.00,0.00,0.00,0,0,0.00,0.00,0,0
1508091576,s2,0.00,0.00,0.00,0,0,0.00,0.00,0.00,0,0,0.00,0.00,0,0
1508091576,s1-eth2,12290.00,257380.00,269670.00,257380,12290,159.00,170.00,329.00,170,159,0.00,0.00,0,0
1508091576,s1-eth1,249810.00,12290.00,262100.00,12290,249810,165.00,159.00,324.00,159,165,0.00,0.00,0,0
1508091576,s2-eth2,2942.00,57532.00,60474.00,57532,2942,37.00,38.00,75.00,38,37,0.00,0.00,0,0
1508091576,s2-eth1,51476.00,2942.00,54418.00,2942,51476,34.00,37.00,71.00,37,34,0.00,0.00,0,0
1508091576,lo,344.00,344.00,688.00,344,344,6.00,6.00,12.00,6,6,0.00,0.00,0,0
1508091576,total,316862.00,330488.00,647350.00,330488,316862,401.00,410.00,811.00,410,401,0.00,0.00,0,0
1508091577,s1,0.00,0.00,0.00,0,0,0.00,0.00,0.00,0,0,0.00,0.00,0,0
1508091577,eth0,0.00,0.00,0.00,0,0,0.00,0.00,0.00,0,0,0.00,0.00,0,0
1508091577,eth1,0.00,0.00,0.00,0,0,0.00,0.00,0.00,0,0,0.00,0.00,0,0
1508091577,s2,0.00,0.00,0.00,0,0,0.00,0.00,0.00,0,0,0.00,0.00,0,0
1508091577,s1-eth2,12671.00,257380.00,270051.00,257380,12671,161.00,170.00,331.00,170,161,0.00,0.00,0,0
1508091577,s1-eth1,249917.00,12222.00,262139.00,12222,249917,166.00,159.00,325.00,159,166,0.00,0.00,0,0
1508091577,s2-eth2,2263.00,45420.00,47683.00,45420,2263,29.00,30.00,59.00,30,29,0.00,0.00,0,0
1508091577,s2-eth1,48555.00,2156.00,50711.00,2156,48555,33.00,28.00,61.00,28,33,0.00,0.00,0,0
1508091577,lo,0.00,0.00,0.00,0,0,0.00,0.00,0.00,0,0,0.00,0.00,0,0
1508091577,total,313406.00,317178.00,630584.00,317178,313406,389.00,387.00,776.00,387,389,0.00,0.00,0,0
1508091578,s1,0.00,0.00,0.00,0,0,0.00,0.00,0.00,0,0,0.00,0.00,0,0
1508091578,eth0,0.00,0.00,0.00,0,0,0.00,0.00,0.00,0,0,0.00,0.00,0,0
1508091578,eth1,0.00,0.00,0.00,0,0,0.00,0.00,0.00,0,0,0.00,0.00,0,0
1508091578,s2,0.00,0.00,0.00,0,0,0.00,0.00,0.00,0,0,0.00,0.00,0,0
1508091578,s1-eth2,12246.00,258894.00,271140.00,258894,12246,161.00,171.00,332.00,171,161,0.00,0.00,0,0
1508091578,s1-eth1,249880.00,12176.00,262056.00,12176,249880,166.00,160.00,326.00,160,166,0.00,0.00,0,0
1508091578,s2-eth2,2864.00,56018.00,58882.00,56018,2864,34.00,37.00,71.00,37,34,0.00,0.00,0,0
1508091578,s2-eth1,47346.00,2452.00,49798.00,2452,47346,33.00,32.00,65.00,32,33,0.00,0.00,0,0
1508091578,lo,0.00,0.00,0.00,0,0,0.00,0.00,0.00,0,0,0.00,0.00,0,0
1508091578,total,312336.00,329540.00,641876.00,329540,312336,394.00,400.00,794.00,400,394,0.00,0.00,0,0
1508091579,s1,0.00,0.00,0.00,0,0,0.00,0.00,0.00,0,0,0.00,0.00,0,0
1508091579,eth0,0.00,0.00,0.00,0,0,0.00,0.00,0.00,0,0,0.00,0.00,0,0
1508091579,eth1,0.00,0.00,0.00,0,0,0.00,0.00,0.00,0,0,0.00,0.00,0,0
1508091579,s2,0.00,0.00,0.00,0,0,0.00,0.00,0.00,0,0,0.00,0.00,0,0
1508091579,s1-eth2,12072.00,260408.00,272480.00,260408,12072,156.00,172.00,328.00,172,156,0.00,0.00,0,0
1508091579,s1-eth1,251324.00,12146.00,263470.00,12146,251324,166.00,157.00,323.00,157,166,0.00,0.00,0,0
1508091579,s2-eth2,2674.00,63588.00,66262.00,63588,2674,35.00,42.00,77.00,42,35,0.00,0.00,0,0
1508091579,s2-eth1,71158.00,2674.00,73832.00,2674,71158,47.00,35.00,82.00,35,47,0.00,0.00,0,0
1508091579,lo,0.00,0.00,0.00,0,0,0.00,0.00,0.00,0,0,0.00,0.00,0,0
1508091579,total,337228.00,338816.00,676044.00,338816,337228,404.00,406.00,810.00,406,404,0.00,0.00,0,0
1508091580,s1,0.00,0.00,0.00,0,0,0.00,0.00,0.00,0,0,0.00,0.00,0,0
1508091580,eth0,87.00,0.00,87.00,0,87,1.00,0.00,1.00,0,1,0.00,0.00,0,0
1508091580,eth1,0.00,0.00,0.00,0,0,0.00,0.00,0.00,0,0,0.00,0.00,0,0
1508091580,s2,0.00,0.00,0.00,0,0,0.00,0.00,0.00,0,0,0.00,0.00,0,0
1508091580,s1-eth2,12350.00,252838.00,265188.00,252838,12350,163.00,167.00,330.00,167,163,0.00,0.00,0,0
1508091580,s1-eth1,250152.00,12362.00,262514.00,12362,250152,166.00,163.00,329.00,163,166,0.00,0.00,0,0
1508091580,s2-eth2,3132.00,77214.00,80346.00,77214,3132,42.00,51.00,93.00,51,42,0.00,0.00,0,0
1508091580,s2-eth1,66616.00,3132.00,69748.00,3132,66616,44.00,42.00,86.00,42,44,0.00,0.00,0,0
1508091580,lo,0.00,0.00,0.00,0,0,0.00,0.00,0.00,0,0,0.00,0.00,0,0
1508091580,total,332337.00,345546.00,677883.00,345546,332337,416.00,423.00,839.00,423,416,0.00,0.00,0,0
1508091581,s1,0.00,0.00,0.00,0,0,0.00,0.00,0.00,0,0,0.00,0.00,0,0
1508091581,eth0,0.00,0.00,0.00,0,0,0.00,0.00,0.00,0,0,0.00,0.00,0,0
1508091581,eth1,0.00,0.00,0.00,0,0,0.00,0.00,0.00,0,0,0.00,0.00,0,0
1508091581,s2,0.00,0.00,0.00,0,0,0.00,0.00,0.00,0,0,0.00,0.00,0,0
1508091581,s1-eth2,12424.00,255866.00,268290.00,255866,12424,164.00,169.00,333.00,169,164,0.00,0.00,0,0
1508091581,s1-eth1,249810.00,12338.00,262148.00,12338,249810,165.00,163.00,328.00,163,165,0.00,0.00,0,0
1508091581,s2-eth2,3304.00,77214.00,80518.00,77214,3304,42.00,51.00,93.00,51,42,0.00,0.00,0,0
1508091581,s2-eth1,81756.00,3304.00,85060.00,3304,81756,54.00,42.00,96.00,42,54,0.00,0.00,0,0
1508091581,lo,344.00,344.00,688.00,344,344,6.00,6.00,12.00,6,6,0.00,0.00,0,0
1508091581,total,347638.00,349066.00,696704.00,349066,347638,431.00,431.00,862.00,431,431,0.00,0.00,0,0
1508091582,s1,0.00,0.00,0.00,0,0,0.00,0.00,0.00,0,0,0.00,0.00,0,0
1508091582,eth0,0.00,0.00,0.00,0,0,0.00,0.00,0.00,0,0,0.00,0.00,0,0
1508091582,eth1,0.00,0.00,0.00,0,0,0.00,0.00,0.00,0,0,0.00,0.00,0,0
1508091582,s2,0.00,0.00,0.00,0,0,0.00,0.00,0.00,0,0,0.00,0.00,0,0
1508091582,s1-eth2,11976.02,261660.34,273636.38,261922,11988,157.84,172.83,330.67,173,158,0.00,0.00,0,0
1508091582,s1-eth1,249560.45,11976.02,261536.47,11988,249810,164.84,157.84,322.68,158,165,0.00,0.00,0,0
1508091582,s2-eth2,4049.95,89236.77,93286.72,89326,4054,52.95,58.94,111.89,59,53,0.00,0.00,0,0
1508091582,s2-eth1,81674.33,4123.88,85798.20,4128,81756,53.95,53.95,107.89,54,54,0.00,0.00,0,0
1508091582,lo,0.00,0.00,0.00,0,0,0.00,0.00,0.00,0,0,0.00,0.00,0,0
1508091582,total,347260.75,366997.00,714257.75,367364,347608,429.57,443.56,873.13,444,430,0.00,0.00,0,0
1508091583,s1,0.00,0.00,0.00,0,0,0.00,0.00,0.00,0,0,0.00,0.00,0,0
1508091583,eth0,107.00,0.00,107.00,0,107,1.00,0.00,1.00,0,1,0.00,0.00,0,0
1508091583,eth1,0.00,0.00,0.00,0,0,0.00,0.00,0.00,0,0,0.00,0.00,0,0
1508091583,s2,0.00,0.00,0.00,0,0,0.00,0.00,0.00,0,0,0.00,0.00,0,0
1508091583,s1-eth2,12352.00,246782.00,259134.00,246782,12352,160.00,163.00,323.00,163,160,0.00,0.00,0,0
1508091583,s1-eth1,249810.00,12352.00,262162.00,12352,249810,165.00,160.00,325.00,160,165,0.00,0.00,0,0
1508091583,s2-eth2,4904.00,92354.00,97258.00,92354,4904,60.00,61.00,121.00,61,60,0.00,0.00,0,0
1508091583,s2-eth1,92354.00,4488.00,96842.00,4488,92354,61.00,58.00,119.00,58,61,0.00,0.00,0,0
1508091583,lo,0.00,0.00,0.00,0,0,0.00,0.00,0.00,0,0,0.00,0.00,0,0
1508091583,total,359527.00,355976.00,715503.00,355976,359527,447.00,442.00,889.00,442,447,0.00,0.00,0,0
1508091584,s1,0.00,0.00,0.00,0,0,0.00,0.00,0.00,0,0,0.00,0.00,0,0
1508091584,eth0,0.00,0.00,0.00,0,0,0.00,0.00,0.00,0,0,0.00,0.00,0,0
1508091584,eth1,0.00,0.00,0.00,0,0,0.00,0.00,0.00,0,0,0.00,0.00,0,0
1508091584,s2,0.00,0.00,0.00,0,0,0.00,0.00,0.00,0,0,0.00,0.00,0,0
1508091584,s1-eth2,12525.47,263172.84,275698.31,263436,12538,162.84,173.83,336.66,174,163,0.00,0.00,0,0
1508091584,s1-eth1,251072.94,12599.40,263672.34,12612,251324,165.83,163.84,329.67,164,166,0.00,0.00,0,0
1508091584,s2-eth2,4000.00,87724.28,91724.28,87812,4004,51.95,57.94,109.89,58,52,0.00,0.00,0,0
1508091584,s2-eth1,86211.79,4000.00,90211.79,4004,86298,56.94,51.95,108.89,52,57,0.00,0.00,0,0
1508091584,lo,0.00,0.00,0.00,0,0,0.00,0.00,0.00,0,0,0.00,0.00,0,0
1508091584,total,353810.19,367496.50,721306.69,367864,354164,437.56,447.55,885.11,448,438,0.00,0.00,0,0
1508091585,s1,0.00,0.00,0.00,0,0,0.00,0.00,0.00,0,0,0.00,0.00,0,0
1508091585,eth0,0.00,0.00,0.00,0,0,0.00,0.00,0.00,0,0,0.00,0.00,0,0
1508091585,eth1,0.00,0.00,0.00,0,0,0.00,0.00,0.00,0,0,0.00,0.00,0,0
1508091585,s2,0.00,0.00,0.00,0,0,0.00,0.00,0.00,0,0,0.00,0.00,0,0
1508091585,s1-eth2,12467.00,254352.00,266819.00,254352,12467,163.00,168.00,331.00,168,163,0.00,0.00,0,0
1508091585,s1-eth1,249917.00,12286.00,262203.00,12286,249917,166.00,161.00,327.00,161,166,0.00,0.00,0,0
1508091585,s2-eth2,3929.00,83270.00,87199.00,83270,3929,50.00,55.00,105.00,55,50,0.00,0.00,0,0
1508091585,s2-eth1,81863.00,3822.00,85685.00,3822,81863,55.00,49.00,104.00,49,55,0.00,0.00,0,0
1508091585,lo,0.00,0.00,0.00,0,0,0.00,0.00,0.00,0,0,0.00,0.00,0,0
1508091585,total,348176.00,353730.00,701906.00,353730,348176,434.00,433.00,867.00,433,434,0.00,0.00,0,0
1508091586,s1,0.00,0.00,0.00,0,0,0.00,0.00,0.00,0,0,0.00,0.00,0,0
1508091586,eth0,0.00,0.00,0.00,0,0,0.00,0.00,0.00,0,0,0.00,0.00,0,0
1508091586,eth1,0.00,0.00,0.00,0,0,0.00,0.00,0.00,0,0,0.00,0.00,0,0
1508091586,s2,0.00,0.00,0.00,0,0,0.00,0.00,0.00,0,0,0.00,0.00,0,0
1508091586,s1-eth2,12111.89,254097.91,266209.81,254352,12124,157.84,167.83,325.67,168,158,0.00,0.00,0,0
1508091586,s1-eth1,249560.45,12111.89,261672.33,12124,249810,164.84,157.84,322.68,158,165,0.00,0.00,0,0
1508091586,s2-eth2,3840.16,92261.74,96101.90,92354,3844,49.95,60.94,110.89,61,50,0.00,0.00,0,0
1508091586,s2-eth1,89236.77,3840.16,93076.92,3844,89326,58.94,49.95,108.89,50,59,0.00,0.00,0,0
1508091586,lo,343.66,343.66,687.31,344,344,5.99,5.99,11.99,6,6,0.00,0.00,0,0
1508091586,total,355092.91,362655.34,717748.25,363018,355448,437.56,442.56,880.12,443,438,0.00,0.00,0,0
1508091587,s1,0.00,0.00,0.00,0,0,0.00,0.00,0.00,0,0,0.00,0.00,0,0
1508091587,eth0,0.00,0.00,0.00,0,0,0.00,0.00,0.00,0,0,0.00,0.00,0,0
1508091587,eth1,0.00,0.00,0.00,0,0,0.00,0.00,0.00,0,0,0.00,0.00,0,0
1508091587,s2,0.00,0.00,0.00,0,0,0.00,0.00,0.00,0,0,0.00,0.00,0,0
1508091587,s1-eth2,12091.91,257122.89,269214.78,257380,12104,157.84,169.83,327.67,170,158,0.00,0.00,0,0
1508091587,s1-eth1,249902.11,12091.91,261994.02,12104,250152,165.83,157.84,323.68,158,166,0.00,0.00,0,0
1508091587,s2-eth2,3462.54,69574.43,73036.97,69644,3466,42.96,45.95,88.91,46,43,0.00,0.00,0,0
1508091587,s2-eth1,62011.99,3462.54,65474.53,3466,62074,40.96,42.96,83.92,43,41,0.00,0.00,0,0
1508091587,lo,0.00,0.00,0.00,0,0,0.00,0.00,0.00,0,0,0.00,0.00,0,0
1508091587,total,327468.53,342251.75,669720.31,342594,327796,407.59,416.58,824.18,417,408,0.00,0.00,0,0
1508091588,s1,0.00,0.00,0.00,0,0,0.00,0.00,0.00,0,0,0.00,0.00,0,0
1508091588,eth0,0.00,0.00,0.00,0,0,0.00,0.00,0.00,0,0,0.00,0.00,0,0
1508091588,eth1,0.00,0.00,0.00,0,0,0.00,0.00,0.00,0,0,0.00,0.00,0,0
1508091588,s2,0.00,0.00,0.00,0,0,0.00,0.00,0.00,0,0,0.00,0.00,0,0
1508091588,s1-eth2,12113.89,249560.45,261674.33,249810,12126,158.84,164.84,323.68,165,159,0.00,0.00,0,0
1508091588,s1-eth1,251072.94,12199.80,263272.75,12212,251324,165.83,159.84,325.67,160,166,0.00,0.00,0,0
1508091588,s2-eth2,2587.41,71086.91,73674.33,71158,2590,34.97,46.95,81.92,47,35,0.00,0.00,0,0
1508091588,s2-eth1,78649.35,2587.41,81236.77,2590,78728,51.95,34.97,86.91,35,52,0.00,0.00,0,0
1508091588,lo,0.00,0.00,0.00,0,0,0.00,0.00,0.00,0,0,0.00,0.00,0,0
1508091588,total,344423.59,335434.56,679858.19,335770,344768,411.59,406.59,818.18,407,412,0.00,0.00,0,0
1508091589,s1,0.00,0.00,0.00,0,0,0.00,0.00,0.00,0,0,0.00,0.00,0,0
1508091589,eth0,0.00,0.00,0.00,0,0,0.00,0.00,0.00,0,0,0.00,0.00,0,0
1508091589,eth1,0.00,0.00,0.00,0,0,0.00,0.00,0.00,0,0,0.00,0.00,0,0
1508091589,s2,0.00,0.00,0.00,0,0,0.00,0.00,0.00,0,0,0.00,0.00,0,0
1508091589,s1-eth2,12446.00,263478.00,275924.00,263478,12446,161.00,175.00,336.00,175,161,0.00,0.00,0,0
1508091589,s1-eth1,249852.00,12360.00,262212.00,12360,249852,166.00,160.00,326.00,160,166,0.00,0.00,0,0
1508091589,s2-eth2,3142.00,75700.00,78842.00,75700,3142,41.00,50.00,91.00,50,41,0.00,0.00,0,0
1508091589,s2-eth1,63588.00,3142.00,66730.00,3142,63588,42.00,41.00,83.00,41,42,0.00,0.00,0,0
1508091589,lo,592.00,592.00,1184.00,592,592,6.00,6.00,12.00,6,6,0.00,0.00,0,0
1508091589,total,329620.00,355272.00,684892.00,355272,329620,416.00,432.00,848.00,432,416,0.00,0.00,0,0
1508091590,s1,0.00,0.00,0.00,0,0,0.00,0.00,0.00,0,0,0.00,0.00,0,0
1508091590,eth0,0.00,0.00,0.00,0,0,0.00,0.00,0.00,0,0,0.00,0.00,0,0
1508091590,eth1,0.00,0.00,0.00,0,0,0.00,0.00,0.00,0,0,0.00,0.00,0,0
1508091590,s2,0.00,0.00,0.00,0,0,0.00,0.00,0.00,0,0,0.00,0.00,0,0
1508091590,s1-eth2,12145.85,260147.86,272293.72,260408,12158,158.84,171.83,330.67,172,159,0.00,0.00,0,0
1508091590,s1-eth1,249560.45,12145.85,261706.30,12158,249810,164.84,158.84,323.68,159,165,0.00,0.00,0,0
1508091590,s2-eth2,2103.90,69574.43,71678.32,69644,2106,26.97,45.95,72.93,46,27,0.00,0.00,0,0
1508091590,s2-eth1,80161.84,2103.90,82265.73,2106,80242,52.95,26.97,79.92,27,53,0.00,0.00,0,0
1508091590,lo,0.00,0.00,0.00,0,0,0.00,0.00,0.00,0,0,0.00,0.00,0,0
1508091590,total,343972.03,343972.03,687944.06,344316,344316,403.60,403.60,807.19,404,404,0.00,0.00,0,0
1508091591,s1,0.00,0.00,0.00,0,0,0.00,0.00,0.00,0,0,0.00,0.00,0,0
1508091591,eth0,0.00,0.00,0.00,0,0,0.00,0.00,0.00,0,0,0.00,0.00,0,0
1508091591,eth1,0.00,0.00,0.00,0,0,0.00,0.00,0.00,0,0,0.00,0.00,0,0
1508091591,s2,0.00,0.00,0.00,0,0,0.00,0.00,0.00,0,0,0.00,0.00,0,0
1508091591,s1-eth2,12194.00,255866.00,268060.00,255866,12194,157.00,169.00,326.00,169,157,0.00,0.00,0,0
1508091591,s1-eth1,249810.00,11852.00,261662.00,11852,249810,165.00,156.00,321.00,156,165,0.00,0.00,0,0
1508091591,s2-eth2,3940.00,83270.00,87210.00,83270,3940,48.00,55.00,103.00,55,48,0.00,0.00,0,0
1508091591,s2-eth1,74528.00,3598.00,78126.00,3598,74528,50.00,47.00,97.00,47,50,0.00,0.00,0,0
1508091591,lo,172.00,172.00,344.00,172,172,3.00,3.00,6.00,3,3,0.00,0.00,0,0
1508091591,total,340644.00,354758.00,695402.00,354758,340644,423.00,430.00,853.00,430,423,0.00,0.00,0,0
1508091592,s1,0.00,0.00,0.00,0,0,0.00,0.00,0.00,0,0,0.00,0.00,0,0
1508091592,eth0,0.00,0.00,0.00,0,0,0.00,0.00,0.00,0,0,0.00,0.00,0,0
1508091592,eth1,0.00,0.00,0.00,0,0,0.00,0.00,0.00,0,0,0.00,0.00,0,0
1508091592,s2,0.00,0.00,0.00,0,0,0.00,0.00,0.00,0,0,0.00,0.00,0,0
1508091592,s1-eth2,12662.00,257380.00,270042.00,257380,12662,163.00,170.00,333.00,170,163,0.00,0.00,0,0
1508091592,s1-eth1,251324.00,12736.00,264060.00,12736,251324,166.00,164.00,330.00,164,166,0.00,0.00,0,0
1508091592,s2-eth2,2782.00,54504.00,57286.00,54504,2782,35.00,36.00,71.00,36,35,0.00,0.00,0,0
1508091592,s2-eth1,54504.00,2782.00,57286.00,2782,54504,36.00,35.00,71.00,35,36,0.00,0.00,0,0
1508091592,lo,0.00,0.00,0.00,0,0,0.00,0.00,0.00,0,0,0.00,0.00,0,0
1508091592,total,321272.00,327402.00,648674.00,327402,321272,400.00,405.00,805.00,405,400,0.00,0.00,0,0
1508091593,s1,0.00,0.00,0.00,0,0,0.00,0.00,0.00,0,0,0.00,0.00,0,0
1508091593,eth0,0.00,0.00,0.00,0,0,0.00,0.00,0.00,0,0,0.00,0.00,0,0
1508091593,eth1,0.00,0.00,0.00,0,0,0.00,0.00,0.00,0,0,0.00,0.00,0,0
1508091593,s2,0.00,0.00,0.00,0,0,0.00,0.00,0.00,0,0,0.00,0.00,0,0
1508091593,s1-eth2,12466.00,255866.00,268332.00,255866,12466,163.00,169.00,332.00,169,163,0.00,0.00,0,0
1508091593,s1-eth1,249810.00,12392.00,262202.00,12392,249810,165.00,162.00,327.00,162,165,0.00,0.00,0,0
1508091593,s2-eth2,2392.00,57532.00,59924.00,57532,2392,32.00,38.00,70.00,38,32,0.00,0.00,0,0
1508091593,s2-eth1,59046.00,2392.00,61438.00,2392,59046,39.00,32.00,71.00,32,39,0.00,0.00,0,0
1508091593,lo,0.00,0.00,0.00,0,0,0.00,0.00,0.00,0,0,0.00,0.00,0,0
1508091593,total,323714.00,328182.00,651896.00,328182,323714,399.00,401.00,800.00,401,399,0.00,0.00,0,0
1508091594,s1,0.00,0.00,0.00,0,0,0.00,0.00,0.00,0,0,0.00,0.00,0,0
1508091594,eth0,0.00,0.00,0.00,0,0,0.00,0.00,0.00,0,0,0.00,0.00,0,0
1508091594,eth1,0.00,0.00,0.00,0,0,0.00,0.00,0.00,0,0,0.00,0.00,0,0
1508091594,s2,0.00,0.00,0.00,0,0,0.00,0.00,0.00,0,0,0.00,0.00,0,0
1508091594,s1-eth2,12104.00,257380.00,269484.00,257380,12104,158.00,170.00,328.00,170,158,0.00,0.00,0,0
1508091594,s1-eth1,249810.00,12104.00,261914.00,12104,249810,165.00,158.00,323.00,158,165,0.00,0.00,0,0
1508091594,s2-eth2,2524.00,49962.00,52486.00,49962,2524,32.00,33.00,65.00,33,32,0.00,0.00,0,0
1508091594,s2-eth1,43906.00,2524.00,46430.00,2524,43906,29.00,32.00,61.00,32,29,0.00,0.00,0,0
1508091594,lo,172.00,172.00,344.00,172,172,3.00,3.00,6.00,3,3,0.00,0.00,0,0
1508091594,total,308516.00,322142.00,630658.00,322142,308516,387.00,396.00,783.00,396,387,0.00,0.00,0,0
1508091595,s1,0.00,0.00,0.00,0,0,0.00,0.00,0.00,0,0,0.00,0.00,0,0
1508091595,eth0,0.00,0.00,0.00,0,0,0.00,0.00,0.00,0,0,0.00,0.00,0,0
1508091595,eth1,0.00,0.00,0.00,0,0,0.00,0.00,0.00,0,0,0.00,0.00,0,0
1508091595,s2,0.00,0.00,0.00,0,0,0.00,0.00,0.00,0,0,0.00,0.00,0,0
1508091595,s1-eth2,11932.07,260147.86,272079.94,260408,11944,157.84,171.83,329.67,172,158,0.00,0.00,0,0
1508091595,s1-eth1,249560.45,11932.07,261492.52,11944,249810,164.84,157.84,322.68,158,165,0.00,0.00,0,0
1508091595,s2-eth2,1490.51,54449.55,55940.06,54504,1492,19.98,35.96,55.94,36,20,0.00,0.00,0,0
1508091595,s2-eth1,55962.04,1490.51,57452.55,1492,56018,36.96,19.98,56.94,20,37,0.00,0.00,0,0
1508091595,lo,0.00,0.00,0.00,0,0,0.00,0.00,0.00,0,0,0.00,0.00,0,0
1508091595,total,318945.06,328020.00,646965.06,328348,319264,379.62,385.61,765.23,386,380,0.00,0.00,0,0
1508091596,s1,0.00,0.00,0.00,0,0,0.00,0.00,0.00,0,0,0.00,0.00,0,0
1508091596,eth0,0.00,0.00,0.00,0,0,0.00,0.00,0.00,0,0,0.00,0.00,0,0
1508091596,eth1,0.00,0.00,0.00,0,0,0.00,0.00,0.00,0,0,0.00,0.00,0,0
1508091596,s2,0.00,0.00,0.00,0,0,0.00,0.00,0.00,0,0,0.00,0.00,0,0
1508091596,s1-eth2,12414.00,255866.00,268280.00,255866,12414,159.00,169.00,328.00,169,159,0.00,0.00,0,0
1508091596,s1-eth1,251324.00,12500.00,263824.00,12500,251324,166.00,160.00,326.00,160,166,0.00,0.00,0,0
1508091596,s2-eth2,2304.00,60560.00,62864.00,60560,2304,30.00,40.00,70.00,40,30,0.00,0.00,0,0
1508091596,s2-eth1,56018.00,2304.00,58322.00,2304,56018,37.00,30.00,67.00,30,37,0.00,0.00,0,0
1508091596,lo,172.00,172.00,344.00,172,172,3.00,3.00,6.00,3,3,0.00,0.00,0,0
1508091596,total,322232.00,331402.00,653634.00,331402,322232,395.00,402.00,797.00,402,395,0.00,0.00,0,0
1508091597,s1,0.00,0.00,0.00,0,0,0.00,0.00,0.00,0,0,0.00,0.00,0,0
1508091597,eth0,0.00,0.00,0.00,0,0,0.00,0.00,0.00,0,0,0.00,0.00,0,0
1508091597,eth1,0.00,0.00,0.00,0,0,0.00,0.00,0.00,0,0,0.00,0.00,0,0
1508091597,s2,0.00,0.00,0.00,0,0,0.00,0.00,0.00,0,0,0.00,0.00,0,0
1508091597,s1-eth2,12290.00,261922.00,274212.00,261922,12290,161.00,173.00,334.00,173,161,0.00,0.00,0,0
1508091597,s1-eth1,249810.00,12204.00,262014.00,12204,249810,165.00,160.00,325.00,160,165,0.00,0.00,0,0
1508091597,s2-eth2,2316.00,56018.00,58334.00,56018,2316,30.00,37.00,67.00,37,30,0.00,0.00,0,0
1508091597,s2-eth1,60560.00,2316.00,62876.00,2316,60560,40.00,30.00,70.00,30,40,0.00,0.00,0,0
1508091597,lo,0.00,0.00,0.00,0,0,0.00,0.00,0.00,0,0,0.00,0.00,0,0
1508091597,total,324976.00,332460.00,657436.00,332460,324976,396.00,400.00,796.00,400,396,0.00,0.00,0,0
1508091598,s1,0.00,0.00,0.00,0,0,0.00,0.00,0.00,0,0,0.00,0.00,0,0
1508091598,eth0,0.00,0.00,0.00,0,0,0.00,0.00,0.00,0,0,0.00,0.00,0,0
1508091598,eth1,0.00,0.00,0.00,0,0,0.00,0.00,0.00,0,0,0.00,0.00,0,0
1508091598,s2,0.00,0.00,0.00,0,0,0.00,0.00,0.00,0,0,0.00,0.00,0,0
1508091598,s1-eth2,12484.00,261922.00,274406.00,261922,12484,162.00,173.00,335.00,173,162,0.00,0.00,0,0
1508091598,s1-eth1,250152.00,12484.00,262636.00,12484,250152,166.00,162.00,328.00,162,166,0.00,0.00,0,0
1508091598,s2-eth2,3068.00,69644.00,72712.00,69644,3068,40.00,46.00,86.00,46,40,0.00,0.00,0,0
1508091598,s2-eth1,65102.00,3068.00,68170.00,3068,65102,43.00,40.00,83.00,40,43,0.00,0.00,0,0
1508091598,lo,0.00,0.00,0.00,0,0,0.00,0.00,0.00,0,0,0.00,0.00,0,0
1508091598,total,330806.00,347118.00,677924.00,347118,330806,411.00,421.00,832.00,421,411,0.00,0.00,0,0
1508091599,s1,0.00,0.00,0.00,0,0,0.00,0.00,0.00,0,0,0.00,0.00,0,0
1508091599,eth0,0.00,0.00,0.00,0,0,0.00,0.00,0.00,0,0,0.00,0.00,0,0
1508091599,eth1,0.00,0.00,0.00,0,0,0.00,0.00,0.00,0,0,0.00,0.00,0,0
1508091599,s2,0.00,0.00,0.00,0,0,0.00,0.00,0.00,0,0,0.00,0.00,0,0
1508091599,s1-eth2,12128.00,255866.00,267994.00,255866,12128,160.00,169.00,329.00,169,160,0.00,0.00,0,0
1508091599,s1-eth1,249810.00,12128.00,261938.00,12128,249810,165.00,160.00,325.00,160,165,0.00,0.00,0,0
1508091599,s2-eth2,2920.00,63588.00,66508.00,63588,2920,38.00,42.00,80.00,42,38,0.00,0.00,0,0
1508091599,s2-eth1,62074.00,2994.00,65068.00,2994,62074,41.00,39.00,80.00,39,41,0.00,0.00,0,0
1508091599,lo,172.00,172.00,344.00,172,172,3.00,3.00,6.00,3,3,0.00,0.00,0,0
1508091599,total,327104.00,334748.00,661852.00,334748,327104,407.00,413.00,820.00,413,407,0.00,0.00,0,0
1508091600,s1,0.00,0.00,0.00,0,0,0.00,0.00,0.00,0,0,0.00,0.00,0,0
1508091600,eth0,0.00,0.00,0.00,0,0,0.00,0.00,0.00,0,0,0.00,0.00,0,0
1508091600,eth1,0.00,0.00,0.00,0,0,0.00,0.00,0.00,0,0,0.00,0.00,0,0
1508091600,s2,0.00,0.00,0.00,0,0,0.00,0.00,0.00,0,0,0.00,0.00,0,0
1508091600,s1-eth2,12398.00,254352.00,266750.00,254352,12398,159.00,168.00,327.00,168,159,0.00,0.00,0,0
1508091600,s1-eth1,249810.00,12398.00,262208.00,12398,249810,165.00,159.00,324.00,159,165,0.00,0.00,0,0
1508091600,s2-eth2,2352.00,48448.00,50800.00,48448,2352,30.00,32.00,62.00,32,30,0.00,0.00,0,0
1508091600,s2-eth1,47276.00,2278.00,49554.00,2278,47276,32.00,29.00,61.00,29,32,0.00,0.00,0,0
1508091600,lo,0.00,0.00,0.00,0,0,0.00,0.00,0.00,0,0,0.00,0.00,0,0
1508091600,total,311836.00,317476.00,629312.00,317476,311836,386.00,388.00,774.00,388,386,0.00,0.00,0,0
1508091601,s1,0.00,0.00,0.00,0,0,0.00,0.00,0.00,0,0,0.00,0.00,0,0
1508091601,eth0,0.00,0.00,0.00,0,0,0.00,0.00,0.00,0,0,0.00,0.00,0,0
1508091601,eth1,0.00,0.00,0.00,0,0,0.00,0.00,0.00,0,0,0.00,0.00,0,0
1508091601,s2,0.00,0.00,0.00,0,0,0.00,0.00,0.00,0,0,0.00,0.00,0,0
1508091601,s1-eth2,12232.77,255610.39,267843.16,255866,12245,159.84,168.83,328.67,169,160,0.00,0.00,0,0
1508091601,s1-eth1,251179.83,12211.79,263391.62,12224,251431,166.83,159.84,326.67,160,167,0.00,0.00,0,0
1508091601,s2-eth2,2272.73,55962.04,58234.77,56018,2275,28.97,36.96,65.93,37,29,0.00,0.00,0,0
1508091601,s2-eth1,54556.45,2165.83,56722.28,2168,54611,36.96,27.97,64.94,28,37,0.00,0.00,0,0
1508091601,lo,171.83,171.83,343.66,172,172,3.00,3.00,5.99,3,3,0.00,0.00,0,0
1508091601,total,320413.59,326121.88,646535.50,326448,320734,395.60,396.60,792.21,397,396,0.00,0.00,0,0
1508091602,s1,0.00,0.00,0.00,0,0,0.00,0.00,0.00,0,0,0.00,0.00,0,0
1508091602,eth0,0.00,0.00,0.00,0,0,0.00,0.00,0.00,0,0,0.00,0.00,0,0
1508091602,eth1,0.00,0.00,0.00,0,0,0.00,0.00,0.00,0,0,0.00,0.00,0,0
1508091602,s2,0.00,0.00,0.00,0,0,0.00,0.00,0.00,0,0,0.00,0.00,0,0
1508091602,s1-eth2,12414.00,258894.00,271308.00,258894,12414,161.00,171.00,332.00,171,161,0.00,0.00,0,0
1508091602,s1-eth1,249810.00,12402.00,262212.00,12402,249810,165.00,161.00,326.00,161,165,0.00,0.00,0,0
1508091602,s2-eth2,2738.00,69644.00,72382.00,69644,2738,37.00,46.00,83.00,46,37,0.00,0.00,0,0
1508091602,s2-eth1,65102.00,2738.00,67840.00,2738,65102,43.00,37.00,80.00,37,43,0.00,0.00,0,0
1508091602,lo,0.00,0.00,0.00,0,0,0.00,0.00,0.00,0,0,0.00,0.00,0,0
1508091602,total,330064.00,343678.00,673742.00,343678,330064,406.00,415.00,821.00,415,406,0.00,0.00,0,0
1508091603,s1,0.00,0.00,0.00,0,0,0.00,0.00,0.00,0,0,0.00,0.00,0,0
1508091603,eth0,0.00,0.00,0.00,0,0,0.00,0.00,0.00,0,0,0.00,0.00,0,0
1508091603,eth1,0.00,0.00,0.00,0,0,0.00,0.00,0.00,0,0,0.00,0.00,0,0
1508091603,s2,0.00,0.00,0.00,0,0,0.00,0.00,0.00,0,0,0.00,0.00,0,0
1508091603,s1-eth2,12278.00,258894.00,271172.00,258894,12278,163.00,171.00,334.00,171,163,0.00,0.00,0,0
1508091603,s1-eth1,249810.00,12204.00,262014.00,12204,249810,165.00,162.00,327.00,162,165,0.00,0.00,0,0
1508091603,s2-eth2,2858.00,83270.00,86128.00,83270,2858,35.00,55.00,90.00,55,35,0.00,0.00,0,0
1508091603,s2-eth1,86298.00,2516.00,88814.00,2516,86298,57.00,34.00,91.00,34,57,0.00,0.00,0,0
1508091603,lo,0.00,0.00,0.00,0,0,0.00,0.00,0.00,0,0,0.00,0.00,0,0
1508091603,total,351244.00,356884.00,708128.00,356884,351244,420.00,422.00,842.00,422,420,0.00,0.00,0,0
1508091604,s1,0.00,0.00,0.00,0,0,0.00,0.00,0.00,0,0,0.00,0.00,0,0
1508091604,eth0,0.00,0.00,0.00,0,0,0.00,0.00,0.00,0,0,0.00,0.00,0,0
1508091604,eth1,0.00,0.00,0.00,0,0,0.00,0.00,0.00,0,0,0.00,0.00,0,0
1508091604,s2,0.00,0.00,0.00,0,0,0.00,0.00,0.00,0,0,0.00,0.00,0,0
1508091604,s1-eth2,12814.00,251324.00,264138.00,251324,12814,159.00,166.00,325.00,166,159,0.00,0.00,0,0
1508091604,s1-eth1,249810.00,12472.00,262282.00,12472,249810,165.00,158.00,323.00,158,165,0.00,0.00,0,0
1508091604,s2-eth2,4200.00,96896.00,101096.00,96896,4200,54.00,64.00,118.00,64,54,0.00,0.00,0,0
1508091604,s2-eth1,92354.00,4200.00,96554.00,4200,92354,61.00,54.00,115.00,54,61,0.00,0.00,0,0
1508091604,lo,172.00,172.00,344.00,172,172,3.00,3.00,6.00,3,3,0.00,0.00,0,0
1508091604,total,359350.00,365064.00,724414.00,365064,359350,442.00,445.00,887.00,445,442,0.00,0.00,0,0
1508091605,s1,0.00,0.00,0.00,0,0,0.00,0.00,0.00,0,0,0.00,0.00,0,0
1508091605,eth0,0.00,0.00,0.00,0,0,0.00,0.00,0.00,0,0,0.00,0.00,0,0
1508091605,eth1,0.00,0.00,0.00,0,0,0.00,0.00,0.00,0,0,0.00,0.00,0,0
1508091605,s2,0.00,0.00,0.00,0,0,0.00,0.00,0.00,0,0,0.00,0.00,0,0
1508091605,s1-eth2,12322.00,260408.00,272730.00,260408,12322,161.00,172.00,333.00,172,161,0.00,0.00,0,0
1508091605,s1-eth1,249810.00,12322.00,262132.00,12322,249810,165.00,161.00,326.00,161,165,0.00,0.00,0,0
1508091605,s2-eth2,3898.00,87854.00,91752.00,87854,3898,51.00,59.00,110.00,59,51,0.00,0.00,0,0
1508091605,s2-eth1,87854.00,3898.00,91752.00,3898,87854,59.00,51.00,110.00,51,59,0.00,0.00,0,0
1508091605,lo,0.00,0.00,0.00,0,0,0.00,0.00,0.00,0,0,0.00,0.00,0,0
1508091605,total,353884.00,364482.00,718366.00,364482,353884,436.00,443.00,879.00,443,436,0.00,0.00,0,0
1508091606,s1,0.00,0.00,0.00,0,0,0.00,0.00,0.00,0,0,0.00,0.00,0,0
1508091606,eth0,0.00,0.00,0.00,0,0,0.00,0.00,0.00,0,0,0.00,0.00,0,0
1508091606,eth1,0.00,0.00,0.00,0,0,0.00,0.00,0.00,0,0,0.00,0.00,0,0
1508091606,s2,0.00,0.00,0.00,0,0,0.00,0.00,0.00,0,0,0.00,0.00,0,0
1508091606,s1-eth2,11756.24,254097.91,265854.16,254352,11768,153.85,167.83,321.68,168,154,0.00,0.00,0,0
1508091606,s1-eth1,243510.50,11830.17,255340.67,11842,243754,160.84,154.85,315.68,155,161,0.00,0.00,0,0
1508091606,s2-eth2,3144.86,84699.30,87844.16,84784,3148,39.96,55.94,95.90,56,40,0.00,0.00,0,0
1508091606,s2-eth1,77136.87,3144.86,80281.72,3148,77214,50.95,39.96,90.91,40,51,0.00,0.00,0,0
1508091606,lo,171.83,171.83,343.66,172,172,3.00,3.00,5.99,3,3,0.00,0.00,0,0
1508091606,total,335720.28,353944.06,689664.38,354298,336056,408.59,421.58,830.17,422,409,0.00,0.00,0,0
1508091607,s1,0.00,0.00,0.00,0,0,0.00,0.00,0.00,0,0,0.00,0.00,0,0
1508091607,eth0,0.00,0.00,0.00,0,0,0.00,0.00,0.00,0,0,0.00,0.00,0,0
1508091607,eth1,0.00,0.00,0.00,0,0,0.00,0.00,0.00,0,0,0.00,0.00,0,0
1508091607,s2,0.00,0.00,0.00,0,0,0.00,0.00,0.00,0,0,0.00,0.00,0,0
1508091607,s1-eth2,12112.00,257380.00,269492.00,257380,12112,158.00,170.00,328.00,170,158,0.00,0.00,0,0
1508091607,s1-eth1,249810.00,12038.00,261848.00,12038,249810,165.00,157.00,322.00,157,165,0.00,0.00,0,0
1508091607,s2-eth2,3256.00,95382.00,98638.00,95382,3256,44.00,63.00,107.00,63,44,0.00,0.00,0,0
1508091607,s2-eth1,95382.00,3256.00,98638.00,3256,95382,63.00,44.00,107.00,44,63,0.00,0.00,0,0
1508091607,lo,0.00,0.00,0.00,0,0,0.00,0.00,0.00,0,0,0.00,0.00,0,0
1508091607,total,360560.00,368056.00,728616.00,368056,360560,430.00,434.00,864.00,434,430,0.00,0.00,0,0
1508091608,s1,0.00,0.00,0.00,0,0,0.00,0.00,0.00,0,0,0.00,0.00,0,0
1508091608,eth0,0.00,0.00,0.00,0,0,0.00,0.00,0.00,0,0,0.00,0.00,0,0
1508091608,eth1,0.00,0.00,0.00,0,0,0.00,0.00,0.00,0,0,0.00,0.00,0,0
1508091608,s2,0.00,0.00,0.00,0,0,0.00,0.00,0.00,0,0,0.00,0.00,0,0
1508091608,s1-eth2,12002.00,254352.00,266354.00,254352,12002,155.00,168.00,323.00,168,155,0.00,0.00,0,0
1508091608,s1-eth1,249810.00,12002.00,261812.00,12002,249810,165.00,155.00,320.00,155,165,0.00,0.00,0,0
1508091608,s2-eth2,4104.00,102952.00,107056.00,102952,4104,54.00,68.00,122.00,68,54,0.00,0.00,0,0
1508091608,s2-eth1,107494.00,4104.00,111598.00,4104,107494,71.00,54.00,125.00,54,71,0.00,0.00,0,0
1508091608,lo,0.00,0.00,0.00,0,0,0.00,0.00,0.00,0,0,0.00,0.00,0,0
1508091608,total,373410.00,373410.00,746820.00,373410,373410,445.00,445.00,890.00,445,445,0.00,0.00,0,0
1508091609,s1,0.00,0.00,0.00,0,0,0.00,0.00,0.00,0,0,0.00,0.00,0,0
1508091609,eth0,0.00,0.00,0.00,0,0,0.00,0.00,0.00,0,0,0.00,0.00,0,0
1508091609,eth1,0.00,0.00,0.00,0,0,0.00,0.00,0.00,0,0,0.00,0.00,0,0
1508091609,s2,0.00,0.00,0.00,0,0,0.00,0.00,0.00,0,0,0.00,0.00,0,0
1508091609,s1-eth2,11934.00,260408.00,272342.00,260408,11934,159.00,172.00,331.00,172,159,0.00,0.00,0,0
1508091609,s1-eth1,249810.00,11934.00,261744.00,11934,249810,165.00,159.00,324.00,159,165,0.00,0.00,0,0
1508091609,s2-eth2,3658.00,84784.00,88442.00,84784,3658,47.00,56.00,103.00,56,47,0.00,0.00,0,0
1508091609,s2-eth1,77214.00,3658.00,80872.00,3658,77214,51.00,47.00,98.00,47,51,0.00,0.00,0,0
1508091609,lo,172.00,172.00,344.00,172,172,3.00,3.00,6.00,3,3,0.00,0.00,0,0
1508091609,total,342788.00,360956.00,703744.00,360956,342788,425.00,437.00,862.00,437,425,0.00,0.00,0,0
1508091610,s1,0.00,0.00,0.00,0,0,0.00,0.00,0.00,0,0,0.00,0.00,0,0
1508091610,eth0,0.00,0.00,0.00,0,0,0.00,0.00,0.00,0,0,0.00,0.00,0,0
1508091610,eth1,0.00,0.00,0.00,0,0,0.00,0.00,0.00,0,0,0.00,0.00,0,0
1508091610,s2,0.00,0.00,0.00,0,0,0.00,0.00,0.00,0,0,0.00,0.00,0,0
1508091610,s1-eth2,12618.00,248296.00,260914.00,248296,12618,165.00,164.00,329.00,164,165,0.00,0.00,0,0
1508091610,s1-eth1,250152.00,12618.00,262770.00,12618,250152,166.00,165.00,331.00,165,166,0.00,0.00,0,0
1508091610,s2-eth2,3404.00,93868.00,97272.00,93868,3404,46.00,62.00,108.00,62,46,0.00,0.00,0,0
1508091610,s2-eth1,97238.00,3404.00,100642.00,3404,97238,65.00,46.00,111.00,46,65,0.00,0.00,0,0
1508091610,lo,0.00,0.00,0.00,0,0,0.00,0.00,0.00,0,0,0.00,0.00,0,0
1508091610,total,363412.00,358186.00,721598.00,358186,363412,442.00,437.00,879.00,437,442,0.00,0.00,0,0
1508091611,s1,0.00,0.00,0.00,0,0,0.00,0.00,0.00,0,0,0.00,0.00,0,0
1508091611,eth0,0.00,0.00,0.00,0,0,0.00,0.00,0.00,0,0,0.00,0.00,0,0
1508091611,eth1,0.00,0.00,0.00,0,0,0.00,0.00,0.00,0,0,0.00,0.00,0,0
1508091611,s2,0.00,0.00,0.00,0,0,0.00,0.00,0.00,0,0,0.00,0.00,0,0
1508091611,s1-eth2,12066.00,255866.00,267932.00,255866,12066,159.00,169.00,328.00,169,159,0.00,0.00,0,0
1508091611,s1-eth1,249810.00,12066.00,261876.00,12066,249810,165.00,159.00,324.00,159,165,0.00,0.00,0,0
1508091611,s2-eth2,3536.00,63588.00,67124.00,63588,3536,44.00,42.00,86.00,42,44,0.00,0.00,0,0
1508091611,s2-eth1,63588.00,3536.00,67124.00,3536,63588,42.00,44.00,86.00,44,42,0.00,0.00,0,0
1508091611,lo,172.00,172.00,344.00,172,172,3.00,3.00,6.00,3,3,0.00,0.00,0,0
1508091611,total,329172.00,335228.00,664400.00,335228,329172,413.00,417.00,830.00,417,413,0.00,0.00,0,0
1508091612,s1,0.00,0.00,0.00,0,0,0.00,0.00,0.00,0,0,0.00,0.00,0,0
1508091612,eth0,0.00,0.00,0.00,0,0,0.00,0.00,0.00,0,0,0.00,0.00,0,0
1508091612,eth1,0.00,0.00,0.00,0,0,0.00,0.00,0.00,0,0,0.00,0.00,0,0
1508091612,s2,0.00,0.00,0.00,0,0,0.00,0.00,0.00,0,0,0.00,0.00,0,0
1508091612,s1-eth2,7266.00,134746.00,142012.00,134746,7266,93.00,89.00,182.00,89,93,0.00,0.00,0,0
1508091612,s1-eth1,139288.00,7266.00,146554.00,7266,139288,92.00,93.00,185.00,93,92,0.00,0.00,0,0
1508091612,s2-eth2,3108.00,58414.00,61522.00,58414,3108,42.00,39.00,81.00,39,42,0.00,0.00,0,0
1508091612,s2-eth1,56900.00,3108.00,60008.00,3108,56900,38.00,42.00,80.00,42,38,0.00,0.00,0,0
1508091612,lo,0.00,0.00,0.00,0,0,0.00,0.00,0.00,0,0,0.00,0.00,0,0
1508091612,total,206562.00,203534.00,410096.00,203534,206562,265.00,263.00,528.00,263,265,0.00,0.00,0,0
1508091613,s1,0.00,0.00,0.00,0,0,0.00,0.00,0.00,0,0,0.00,0.00,0,0
1508091613,eth0,0.00,0.00,0.00,0,0,0.00,0.00,0.00,0,0,0.00,0.00,0,0
1508091613,eth1,0.00,0.00,0.00,0,0,0.00,0.00,0.00,0,0,0.00,0.00,0,0
1508091613,s2,0.00,0.00,0.00,0,0,0.00,0.00,0.00,0,0,0.00,0.00,0,0
1508091613,s1-eth2,172.00,1662.00,1834.00,1662,172,2.00,3.00,5.00,3,2,0.00,0.00,0,0
1508091613,s1-eth1,1662.00,172.00,1834.00,172,1662,3.00,2.00,5.00,2,3,0.00,0.00,0,0
1508091613,s2-eth2,234.00,222.00,456.00,222,234,3.00,3.00,6.00,3,3,0.00,0.00,0,0
1508091613,s2-eth1,3250.00,234.00,3484.00,234,3250,5.00,3.00,8.00,3,5,0.00,0.00,0,0
1508091613,lo,0.00,0.00,0.00,0,0,0.00,0.00,0.00,0,0,0.00,0.00,0,0
1508091613,total,5318.00,2290.00,7608.00,2290,5318,13.00,11.00,24.00,11,13,0.00,0.00,0,0
1508091614,s1,0.00,0.00,0.00,0,0,0.00,0.00,0.00,0,0,0.00,0.00,0,0
1508091614,eth0,0.00,0.00,0.00,0,0,0.00,0.00,0.00,0,0,0.00,0.00,0,0
1508091614,eth1,0.00,0.00,0.00,0,0,0.00,0.00,0.00,0,0,0.00,0.00,0,0
1508091614,s2,0.00,0.00,0.00,0,0,0.00,0.00,0.00,0,0,0.00,0.00,0,0
1508091614,s1-eth2,0.00,0.00,0.00,0,0,0.00,0.00,0.00,0,0,0.00,0.00,0,0
1508091614,s1-eth1,0.00,0.00,0.00,0,0,0.00,0.00,0.00,0,0,0.00,0.00,0,0
1508091614,s2-eth2,0.00,0.00,0.00,0,0,0.00,0.00,0.00,0,0,0.00,0.00,0,0
1508091614,s2-eth1,0.00,0.00,0.00,0,0,0.00,0.00,0.00,0,0,0.00,0.00,0,0
1508091614,lo,172.00,172.00,344.00,172,172,3.00,3.00,6.00,3,3,0.00,0.00,0,0
1508091614,total,172.00,172.00,344.00,172,172,3.00,3.00,6.00,3,3,0.00,0.00,0,0
1508091615,s1,0.00,0.00,0.00,0,0,0.00,0.00,0.00,0,0,0.00,0.00,0,0
1508091615,eth0,0.00,0.00,0.00,0,0,0.00,0.00,0.00,0,0,0.00,0.00,0,0
1508091615,eth1,0.00,0.00,0.00,0,0,0.00,0.00,0.00,0,0,0.00,0.00,0,0
1508091615,s2,0.00,0.00,0.00,0,0,0.00,0.00,0.00,0,0,0.00,0.00,0,0
1508091615,s1-eth2,0.00,0.00,0.00,0,0,0.00,0.00,0.00,0,0,0.00,0.00,0,0
1508091615,s1-eth1,0.00,0.00,0.00,0,0,0.00,0.00,0.00,0,0,0.00,0.00,0,0
1508091615,s2-eth2,0.00,0.00,0.00,0,0,0.00,0.00,0.00,0,0,0.00,0.00,0,0
1508091615,s2-eth1,0.00,0.00,0.00,0,0,0.00,0.00,0.00,0,0,0.00,0.00,0,0
1508091615,lo,0.00,0.00,0.00,0,0,0.00,0.00,0.00,0,0,0.00,0.00,0,0
1508091615,total,0.00,0.00,0.00,0,0,0.00,0.00,0.00,0,0,0.00,0.00,0,0
1508091616,s1,0.00,0.00,0.00,0,0,0.00,0.00,0.00,0,0,0.00,0.00,0,0
1508091616,eth0,0.00,0.00,0.00,0,0,0.00,0.00,0.00,0,0,0.00,0.00,0,0
1508091616,eth1,0.00,0.00,0.00,0,0,0.00,0.00,0.00,0,0,0.00,0.00,0,0
1508091616,s2,0.00,0.00,0.00,0,0,0.00,0.00,0.00,0,0,0.00,0.00,0,0
1508091616,s1-eth2,0.00,0.00,0.00,0,0,0.00,0.00,0.00,0,0,0.00,0.00,0,0
1508091616,s1-eth1,0.00,0.00,0.00,0,0,0.00,0.00,0.00,0,0,0.00,0.00,0,0
1508091616,s2-eth2,0.00,0.00,0.00,0,0,0.00,0.00,0.00,0,0,0.00,0.00,0,0
1508091616,s2-eth1,0.00,0.00,0.00,0,0,0.00,0.00,0.00,0,0,0.00,0.00,0,0
1508091616,lo,172.00,172.00,344.00,172,172,3.00,3.00,6.00,3,3,0.00,0.00,0,0
1508091616,total,172.00,172.00,344.00,172,172,3.00,3.00,6.00,3,3,0.00,0.00,0,0
1508091617,s1,0.00,0.00,0.00,0,0,0.00,0.00,0.00,0,0,0.00,0.00,0,0
1508091617,eth0,456.00,735.00,1191.00,735,456,6.00,6.00,12.00,6,6,0.00,0.00,0,0
1508091617,eth1,0.00,0.00,0.00,0,0,0.00,0.00,0.00,0,0,0.00,0.00,0,0
1508091617,s2,0.00,0.00,0.00,0,0,0.00,0.00,0.00,0,0,0.00,0.00,0,0
1508091617,s1-eth2,640.00,0.00,640.00,0,640,4.00,0.00,4.00,0,4,0.00,0.00,0,0
1508091617,s1-eth1,640.00,0.00,640.00,0,640,4.00,0.00,4.00,0,4,0.00,0.00,0,0
1508091617,s2-eth2,640.00,0.00,640.00,0,640,4.00,0.00,4.00,0,4,0.00,0.00,0,0
1508091617,s2-eth1,640.00,0.00,640.00,0,640,4.00,0.00,4.00,0,4,0.00,0.00,0,0
1508091617,lo,1023.00,1023.00,2046.00,1023,1023,12.00,12.00,24.00,12,12,0.00,0.00,0,0
15