1508085685,s5,0.00,0.00,0.00,0,0,0.00,0.00,0.00,0,0,0.00,0.00,0,0
1508085685,s1,0.00,0.00,0.00,0,0,0.00,0.00,0.00,0,0,0.00,0.00,0,0
1508085685,eth0,0.00,0.00,0.00,0,0,0.00,0.00,0.00,0,0,0.00,0.00,0,0
1508085685,eth1,0.00,0.00,0.00,0,0,0.00,0.00,0.00,0,0,0.00,0.00,0,0
1508085685,s2,0.00,0.00,0.00,0,0,0.00,0.00,0.00,0,0,0.00,0.00,0,0
1508085685,s1-eth2,0.00,0.00,0.00,0,0,0.00,0.00,0.00,0,0,0.00,0.00,0,0
1508085685,s1-eth1,0.00,0.00,0.00,0,0,0.00,0.00,0.00,0,0,0.00,0.00,0,0
1508085685,s2-eth2,0.00,0.00,0.00,0,0,0.00,0.00,0.00,0,0,0.00,0.00,0,0
1508085685,s2-eth1,0.00,0.00,0.00,0,0,0.00,0.00,0.00,0,0,0.00,0.00,0,0
1508085685,lo,0.00,0.00,0.00,0,0,0.00,0.00,0.00,0,0,0.00,0.00,0,0
1508085685,s4,0.00,0.00,0.00,0,0,0.00,0.00,0.00,0,0,0.00,0.00,0,0
1508085685,total,0.00,0.00,0.00,0,0,0.00,0.00,0.00,0,0,0.00,0.00,0,0
1508085686,s5,0.00,0.00,0.00,0,0,0.00,0.00,0.00,0,0,0.00,0.00,0,0
1508085686,s1,159.84,499.50,659.34,500,160,2.00,5.99,7.99,6,2,0.00,0.00,0,0
1508085686,eth0,759.24,1223.78,1983.02,1225,760,9.99,9.99,19.98,10,10,0.00,0.00,0,0
1508085686,eth1,0.00,0.00,0.00,0,0,0.00,0.00,0.00,0,0,0.00,0.00,0,0
1508085686,s2,249.75,339.66,589.41,340,250,3.00,4.00,6.99,4,3,0.00,0.00,0,0
1508085686,s1-eth2,9447.55,248297.70,257745.27,248546,9457,110.89,166.83,277.72,167,111,0.00,0.00,0,0
1508085686,s1-eth1,251547.45,7710.29,259257.75,7718,251799,177.82,100.90,278.72,101,178,0.00,0.00,0,0
1508085686,s2-eth2,1572.43,249.75,1822.18,250,1574,8.99,3.00,11.99,3,9,0.00,0.00,0,0
1508085686,s2-eth1,1732.27,89.91,1822.18,90,1734,12.99,1.00,13.99,1,13,0.00,0.00,0,0
1508085686,lo,5867.13,5867.13,11734.27,5873,5873,63.94,63.94,127.87,64,64,0.00,0.00,0,0
1508085686,s4,0.00,0.00,0.00,0,0,0.00,0.00,0.00,0,0,0.00,0.00,0,0
1508085686,total,271335.66,264277.72,535613.38,264542,271607,389.61,355.64,745.25,356,390,0.00,0.00,0,0
1508085687,s5,0.00,0.00,0.00,0,0,0.00,0.00,0.00,0,0,0.00,0.00,0,0
1508085687,s1,90.00,0.00,90.00,0,90,1.00,0.00,1.00,0,1,0.00,0.00,0,0
1508085687,eth0,152.00,245.00,397.00,245,152,2.00,2.00,4.00,2,2,0.00,0.00,0,0
1508085687,eth1,0.00,0.00,0.00,0,0,0.00,0.00,0.00,0,0,0.00,0.00,0,0
1508085687,s2,0.00,0.00,0.00,0,0,0.00,0.00,0.00,0,0,0.00,0.00,0,0
1508085687,s1-eth2,9223.00,242240.00,251463.00,242240,9223,108.00,160.00,268.00,160,108,0.00,0.00,0,0
1508085687,s1-eth1,249549.00,7970.00,257519.00,7970,249549,171.00,101.00,272.00,101,171,0.00,0.00,0,0
1508085687,s2-eth2,514.00,0.00,514.00,0,514,2.00,0.00,2.00,0,2,0.00,0.00,0,0
1508085687,s2-eth1,1418.00,0.00,1418.00,0,1418,6.00,0.00,6.00,0,6,0.00,0.00,0,0
1508085687,lo,629.00,629.00,1258.00,629,629,7.00,7.00,14.00,7,7,0.00,0.00,0,0
1508085687,s4,0.00,0.00,0.00,0,0,0.00,0.00,0.00,0,0,0.00,0.00,0,0
1508085687,total,261575.00,251084.00,512659.00,251084,261575,297.00,270.00,567.00,270,297,0.00,0.00,0,0
1508085688,s5,0.00,0.00,0.00,0,0,0.00,0.00,0.00,0,0,0.00,0.00,0,0
1508085688,s1,0.00,0.00,0.00,0,0,0.00,0.00,0.00,0,0,0.00,0.00,0,0
1508085688,eth0,0.00,0.00,0.00,0,0,0.00,0.00,0.00,0,0,0.00,0.00,0,0
1508085688,eth1,0.00,0.00,0.00,0,0,0.00,0.00,0.00,0,0,0.00,0.00,0,0
1508085688,s2,0.00,0.00,0.00,0,0,0.00,0.00,0.00,0,0,0.00,0.00,0,0
1508085688,s1-eth2,11689.31,263172.84,274862.16,263436,11701,145.85,173.83,319.68,174,146,0.00,0.00,0,0
1508085688,s1-eth1,249887.12,11362.64,261249.75,11374,250137,165.83,144.86,310.69,145,166,0.00,0.00,0,0
1508085688,s2-eth2,448.55,0.00,448.55,0,449,2.00,0.00,2.00,0,2,0.00,0.00,0,0
1508085688,s2-eth1,326.67,0.00,326.67,0,327,1.00,0.00,1.00,0,1,0.00,0.00,0,0
1508085688,lo,0.00,0.00,0.00,0,0,0.00,0.00,0.00,0,0,0.00,0.00,0,0
1508085688,s4,0.00,0.00,0.00,0,0,0.00,0.00,0.00,0,0,0.00,0.00,0,0
1508085688,total,262351.66,274535.47,536887.12,274810,262614,314.69,318.68,633.37,319,315,0.00,0.00,0,0
1508085689,s5,0.00,0.00,0.00,0,0,0.00,0.00,0.00,0,0,0.00,0.00,0,0
1508085689,s1,0.00,0.00,0.00,0,0,0.00,0.00,0.00,0,0,0.00,0.00,0,0
1508085689,eth0,0.00,0.00,0.00,0,0,0.00,0.00,0.00,0,0,0.00,0.00,0,0
1508085689,eth1,0.00,0.00,0.00,0,0,0.00,0.00,0.00,0,0,0.00,0.00,0,0
1508085689,s2,0.00,70.00,70.00,70,0,0.00,1.00,1.00,1,0,0.00,0.00,0,0
1508085689,s1-eth2,8716.00,251324.00,260040.00,251324,8716,111.00,166.00,277.00,166,111,0.00,0.00,0,0
1508085689,s1-eth1,250184.00,8342.00,258526.00,8342,250184,167.00,109.00,276.00,109,167,0.00,0.00,0,0
1508085689,s2-eth2,734.00,0.00,734.00,0,734,4.00,0.00,4.00,0,4,0.00,0.00,0,0
1508085689,s2-eth1,374.00,70.00,444.00,70,374,2.00,1.00,3.00,1,2,0.00,0.00,0,0
1508085689,lo,268.00,268.00,536.00,268,268,3.00,3.00,6.00,3,3,0.00,0.00,0,0
1508085689,s4,0.00,0.00,0.00,0,0,0.00,0.00,0.00,0,0,0.00,0.00,0,0
1508085689,total,260276.00,260074.00,520350.00,260074,260276,287.00,280.00,567.00,280,287,0.00,0.00,0,0
1508085690,s5,0.00,0.00,0.00,0,0,0.00,0.00,0.00,0,0,0.00,0.00,0,0
1508085690,s1,69.93,139.86,209.79,140,70,1.00,2.00,3.00,2,1,0.00,0.00,0,0
1508085690,eth0,0.00,0.00,0.00,0,0,0.00,0.00,0.00,0,0,0.00,0.00,0,0
1508085690,eth1,0.00,0.00,0.00,0,0,0.00,0.00,0.00,0,0,0.00,0.00,0,0
1508085690,s2,69.93,69.93,139.86,70,70,1.00,1.00,2.00,1,1,0.00,0.00,0,0
1508085690,s1-eth2,10024.98,260217.80,270242.75,260478,10035,126.87,172.83,299.70,173,127,0.00,0.00,0,0
1508085690,s1-eth1,250096.91,9558.44,259655.36,9568,250347,168.83,123.88,292.71,124,169,0.00,0.00,0,0
1508085690,s2-eth2,411.59,69.93,481.52,70,412,2.00,1.00,3.00,1,2,0.00,0.00,0,0
1508085690,s2-eth1,536.46,0.00,536.46,0,537,4.00,0.00,4.00,0,4,0.00,0.00,0,0
1508085690,lo,1786.21,1786.21,3572.43,1788,1788,22.98,22.98,45.95,23,23,0.00,0.00,0,0
1508085690,s4,0.00,0.00,0.00,0,0,0.00,0.00,0.00,0,0,0.00,0.00,0,0
1508085690,total,262996.00,271842.16,534838.19,272114,263259,326.67,323.68,650.35,324,327,0.00,0.00,0,0
1508085691,s5,0.00,0.00,0.00,0,0,0.00,0.00,0.00,0,0,0.00,0.00,0,0
1508085691,s1,0.00,0.00,0.00,0,0,0.00,0.00,0.00,0,0,0.00,0.00,0,0
1508085691,eth0,0.00,0.00,0.00,0,0,0.00,0.00,0.00,0,0,0.00,0.00,0,0
1508085691,eth1,0.00,0.00,0.00,0,0,0.00,0.00,0.00,0,0,0.00,0.00,0,0
1508085691,s2,0.00,0.00,0.00,0,0,0.00,0.00,0.00,0,0,0.00,0.00,0,0
1508085691,s1-eth2,10476.00,258894.00,269370.00,258894,10476,132.00,171.00,303.00,171,132,0.00,0.00,0,0
1508085691,s1-eth1,249810.00,10134.00,259944.00,10134,249810,165.00,131.00,296.00,131,165,0.00,0.00,0,0
1508085691,s2-eth2,0.00,0.00,0.00,0,0,0.00,0.00,0.00,0,0,0.00,0.00,0,0
1508085691,s2-eth1,0.00,0.00,0.00,0,0,0.00,0.00,0.00,0,0,0.00,0.00,0,0
1508085691,lo,0.00,0.00,0.00,0,0,0.00,0.00,0.00,0,0,0.00,0.00,0,0
1508085691,s4,0.00,0.00,0.00,0,0,0.00,0.00,0.00,0,0,0.00,0.00,0,0
1508085691,total,260286.00,269028.00,529314.00,269028,260286,297.00,302.00,599.00,302,297,0.00,0.00,0,0
1508085692,s5,0.00,0.00,0.00,0,0,0.00,0.00,0.00,0,0,0.00,0.00,0,0
1508085692,s1,0.00,0.00,0.00,0,0,0.00,0.00,0.00,0,0,0.00,0.00,0,0
1508085692,eth0,0.00,0.00,0.00,0,0,0.00,0.00,0.00,0,0,0.00,0.00,0,0
1508085692,eth1,0.00,0.00,0.00,0,0,0.00,0.00,0.00,0,0,0.00,0.00,0,0
1508085692,s2,0.00,0.00,0.00,0,0,0.00,0.00,0.00,0,0,0.00,0.00,0,0
1508085692,s1-eth2,7002.00,257380.00,264382.00,257380,7002,93.00,170.00,263.00,170,93,0.00,0.00,0,0
1508085692,s1-eth1,249810.00,7002.00,256812.00,7002,249810,165.00,93.00,258.00,93,165,0.00,0.00,0,0
1508085692,s2-eth2,107.00,0.00,107.00,0,107,1.00,0.00,1.00,0,1,0.00,0.00,0,0
1508085692,s2-eth1,0.00,0.00,0.00,0,0,0.00,0.00,0.00,0,0,0.00,0.00,0,0
1508085692,lo,0.00,0.00,0.00,0,0,0.00,0.00,0.00,0,0,0.00,0.00,0,0
1508085692,s4,0.00,0.00,0.00,0,0,0.00,0.00,0.00,0,0,0.00,0.00,0,0
1508085692,total,256919.00,264382.00,521301.00,264382,256919,259.00,263.00,522.00,263,259,0.00,0.00,0,0
1508085693,s5,0.00,0.00,0.00,0,0,0.00,0.00,0.00,0,0,0.00,0.00,0,0
1508085693,s1,0.00,0.00,0.00,0,0,0.00,0.00,0.00,0,0,0.00,0.00,0,0
1508085693,eth0,0.00,0.00,0.00,0,0,0.00,0.00,0.00,0,0,0.00,0.00,0,0
1508085693,eth1,0.00,0.00,0.00,0,0,0.00,0.00,0.00,0,0,0.00,0.00,0,0
1508085693,s2,0.00,70.00,70.00,70,0,0.00,1.00,1.00,1,0,0.00,0.00,0,0
1508085693,s1-eth2,9667.00,249810.00,259477.00,249810,9667,125.00,165.00,290.00,165,125,0.00,0.00,0,0
1508085693,s1-eth1,251431.00,9560.00,260991.00,9560,251431,167.00,124.00,291.00,124,167,0.00,0.00,0,0
1508085693,s2-eth2,482.00,0.00,482.00,0,482,3.00,0.00,3.00,0,3,0.00,0.00,0,0
1508085693,s2-eth1,107.00,70.00,177.00,70,107,1.00,1.00,2.00,1,1,0.00,0.00,0,0
1508085693,lo,268.00,268.00,536.00,268,268,3.00,3.00,6.00,3,3,0.00,0.00,0,0
1508085693,s4,0.00,0.00,0.00,0,0,0.00,0.00,0.00,0,0,0.00,0.00,0,0
1508085693,total,261955.00,259778.00,521733.00,259778,261955,299.00,294.00,593.00,294,299,0.00,0.00,0,0
1508085694,s5,0.00,0.00,0.00,0,0,0.00,0.00,0.00,0,0,0.00,0.00,0,0
1508085694,s1,70.00,140.00,210.00,140,70,1.00,2.00,3.00,2,1,0.00,0.00,0,0
1508085694,eth0,0.00,0.00,0.00,0,0,0.00,0.00,0.00,0,0,0.00,0.00,0,0
1508085694,eth1,0.00,0.00,0.00,0,0,0.00,0.00,0.00,0,0,0.00,0.00,0,0
1508085694,s2,70.00,70.00,140.00,70,70,1.00,1.00,2.00,1,1,0.00,0.00,0,0
1508085694,s1-eth2,8626.00,254422.00,263048.00,254422,8626,113.00,169.00,282.00,169,113,0.00,0.00,0,0
1508085694,s1-eth1,248848.00,8486.00,257334.00,8486,248848,168.00,111.00,279.00,111,168,0.00,0.00,0,0
1508085694,s2-eth2,70.00,70.00,140.00,70,70,1.00,1.00,2.00,1,1,0.00,0.00,0,0
1508085694,s2-eth1,210.00,0.00,210.00,0,210,3.00,0.00,3.00,0,3,0.00,0.00,0,0
1508085694,lo,1340.00,1340.00,2680.00,1340,1340,15.00,15.00,30.00,15,15,0.00,0.00,0,0
1508085694,s4,0.00,0.00,0.00,0,0,0.00,0.00,0.00,0,0,0.00,0.00,0,0
1508085694,total,259234.00,264528.00,523762.00,264528,259234,302.00,299.00,601.00,299,302,0.00,0.00,0,0
1508085695,s5,0.00,0.00,0.00,0,0,0.00,0.00,0.00,0,0,0.00,0.00,0,0
1508085695,s1,0.00,0.00,0.00,0,0,0.00,0.00,0.00,0,0,0.00,0.00,0,0
1508085695,eth0,0.00,0.00,0.00,0,0,0.00,0.00,0.00,0,0,0.00,0.00,0,0
1508085695,eth1,0.00,0.00,0.00,0,0,0.00,0.00,0.00,0,0,0.00,0.00,0,0
1508085695,s2,0.00,0.00,0.00,0,0,0.00,0.00,0.00,0,0,0.00,0.00,0,0
1508085695,s1-eth2,8932.00,255866.00,264798.00,255866,8932,116.00,169.00,285.00,169,116,0.00,0.00,0,0
1508085695,s1-eth1,249810.00,8932.00,258742.00,8932,249810,165.00,116.00,281.00,116,165,0.00,0.00,0,0
1508085695,s2-eth2,0.00,0.00,0.00,0,0,0.00,0.00,0.00,0,0,0.00,0.00,0,0
1508085695,s2-eth1,342.00,0.00,342.00,0,342,1.00,0.00,1.00,0,1,0.00,0.00,0,0
1508085695,lo,344.00,344.00,688.00,344,344,6.00,6.00,12.00,6,6,0.00,0.00,0,0
1508085695,s4,0.00,0.00,0.00,0,0,0.00,0.00,0.00,0,0,0.00,0.00,0,0
1508085695,total,259428.00,265142.00,524570.00,265142,259428,288.00,291.00,579.00,291,288,0.00,0.00,0,0
1508085696,s5,0.00,0.00,0.00,0,0,0.00,0.00,0.00,0,0,0.00,0.00,0,0
1508085696,s1,0.00,0.00,0.00,0,0,0.00,0.00,0.00,0,0,0.00,0.00,0,0
1508085696,eth0,0.00,0.00,0.00,0,0,0.00,0.00,0.00,0,0,0.00,0.00,0,0
1508085696,eth1,0.00,0.00,0.00,0,0,0.00,0.00,0.00,0,0,0.00,0.00,0,0
1508085696,s2,0.00,0.00,0.00,0,0,0.00,0.00,0.00,0,0,0.00,0.00,0,0
1508085696,s1-eth2,6978.00,258894.00,265872.00,258894,6978,93.00,171.00,264.00,171,93,0.00,0.00,0,0
1508085696,s1-eth1,249810.00,6978.00,256788.00,6978,249810,165.00,93.00,258.00,93,165,0.00,0.00,0,0
1508085696,s2-eth2,0.00,0.00,0.00,0,0,0.00,0.00,0.00,0,0,0.00,0.00,0,0
1508085696,s2-eth1,0.00,0.00,0.00,0,0,0.00,0.00,0.00,0,0,0.00,0.00,0,0
1508085696,lo,0.00,0.00,0.00,0,0,0.00,0.00,0.00,0,0,0.00,0.00,0,0
1508085696,s4,0.00,0.00,0.00,0,0,0.00,0.00,0.00,0,0,0.00,0.00,0,0
1508085696,total,256788.00,265872.00,522660.00,265872,256788,258.00,264.00,522.00,264,258,0.00,0.00,0,0
1508085697,s5,0.00,0.00,0.00,0,0,0.00,0.00,0.00,0,0,0.00,0.00,0,0
1508085697,s1,0.00,0.00,0.00,0,0,0.00,0.00,0.00,0,0,0.00,0.00,0,0
1508085697,eth0,0.00,0.00,0.00,0,0,0.00,0.00,0.00,0,0,0.00,0.00,0,0
1508085697,eth1,0.00,0.00,0.00,0,0,0.00,0.00,0.00,0,0,0.00,0.00,0,0
1508085697,s2,0.00,0.00,0.00,0,0,0.00,0.00,0.00,0,0,0.00,0.00,0,0
1508085697,s1-eth2,8503.50,248047.95,256551.45,248296,8512,109.89,163.84,273.73,164,110,0.00,0.00,0,0
1508085697,s1-eth1,251072.94,8577.42,259650.36,8586,251324,165.83,110.89,276.72,111,166,0.00,0.00,0,0
1508085697,s2-eth2,0.00,0.00,0.00,0,0,0.00,0.00,0.00,0,0,0.00,0.00,0,0
1508085697,s2-eth1,0.00,0.00,0.00,0,0,0.00,0.00,0.00,0,0,0.00,0.00,0,0
1508085697,lo,0.00,0.00,0.00,0,0,0.00,0.00,0.00,0,0,0.00,0.00,0,0
1508085697,s4,0.00,0.00,0.00,0,0,0.00,0.00,0.00,0,0,0.00,0.00,0,0
1508085697,total,259576.44,256625.38,516201.81,256882,259836,275.72,274.73,550.45,275,276,0.00,0.00,0,0
1508085698,s5,0.00,0.00,0.00,0,0,0.00,0.00,0.00,0,0,0.00,0.00,0,0
1508085698,s1,0.00,0.00,0.00,0,0,0.00,0.00,0.00,0,0,0.00,0.00,0,0
1508085698,eth0,0.00,0.00,0.00,0,0,0.00,0.00,0.00,0,0,0.00,0.00,0,0
1508085698,eth1,0.00,0.00,0.00,0,0,0.00,0.00,0.00,0,0,0.00,0.00,0,0
1508085698,s2,0.00,0.00,0.00,0,0,0.00,0.00,0.00,0,0,0.00,0.00,0,0
1508085698,s1-eth2,8060.00,254352.00,262412.00,254352,8060,104.00,168.00,272.00,168,104,0.00,0.00,0,0
1508085698,s1-eth1,249810.00,7986.00,257796.00,7986,249810,165.00,103.00,268.00,103,165,0.00,0.00,0,0
1508085698,s2-eth2,0.00,0.00,0.00,0,0,0.00,0.00,0.00,0,0,0.00,0.00,0,0
1508085698,s2-eth1,0.00,0.00,0.00,0,0,0.00,0.00,0.00,0,0,0.00,0.00,0,0
1508085698,lo,0.00,0.00,0.00,0,0,0.00,0.00,0.00,0,0,0.00,0.00,0,0
1508085698,s4,0.00,0.00,0.00,0,0,0.00,0.00,0.00,0,0,0.00,0.00,0,0
1508085698,total,257870.00,262338.00,520208.00,262338,257870,269.00,271.00,540.00,271,269,0.00,0.00,0,0
1508085699,s5,0.00,0.00,0.00,0,0,0.00,0.00,0.00,0,0,0.00,0.00,0,0
1508085699,s1,0.00,0.00,0.00,0,0,0.00,0.00,0.00,0,0,0.00,0.00,0,0
1508085699,eth0,0.00,0.00,0.00,0,0,0.00,0.00,0.00,0,0,0.00,0.00,0,0
1508085699,eth1,0.00,0.00,0.00,0,0,0.00,0.00,0.00,0,0,0.00,0.00,0,0
1508085699,s2,0.00,0.00,0.00,0,0,0.00,0.00,0.00,0,0,0.00,0.00,0,0
1508085699,s1-eth2,10033.97,261660.34,271694.31,261922,10044,129.87,172.83,302.70,173,130,0.00,0.00,0,0
1508085699,s1-eth1,249560.45,10033.97,259594.41,10044,249810,164.84,129.87,294.71,130,165,0.00,0.00,0,0
1508085699,s2-eth2,341.66,0.00,341.66,0,342,1.00,0.00,1.00,0,1,0.00,0.00,0,0
1508085699,s2-eth1,0.00,0.00,0.00,0,0,0.00,0.00,0.00,0,0,0.00,0.00,0,0
1508085699,lo,343.66,343.66,687.31,344,344,5.99,5.99,11.99,6,6,0.00,0.00,0,0
1508085699,s4,0.00,0.00,0.00,0,0,0.00,0.00,0.00,0,0,0.00,0.00,0,0
1508085699,total,260279.73,272037.97,532317.69,272310,260540,301.70,308.69,610.39,309,302,0.00,0.00,0,0
1508085700,s5,0.00,0.00,0.00,0,0,0.00,0.00,0.00,0,0,0.00,0.00,0,0
1508085700,s1,0.00,0.00,0.00,0,0,0.00,0.00,0.00,0,0,0.00,0.00,0,0
1508085700,eth0,0.00,0.00,0.00,0,0,0.00,0.00,0.00,0,0,0.00,0.00,0,0
1508085700,eth1,0.00,0.00,0.00,0,0,0.00,0.00,0.00,0,0,0.00,0.00,0,0
1508085700,s2,0.00,0.00,0.00,0,0,0.00,0.00,0.00,0,0,0.00,0.00,0,0
1508085700,s1-eth2,9816.00,255866.00,265682.00,255866,9816,126.00,169.00,295.00,169,126,0.00,0.00,0,0
1508085700,s1-eth1,243754.00,9816.00,253570.00,9816,243754,161.00,126.00,287.00,126,161,0.00,0.00,0,0
1508085700,s2-eth2,107.00,0.00,107.00,0,107,1.00,0.00,1.00,0,1,0.00,0.00,0,0
1508085700,s2-eth1,0.00,0.00,0.00,0,0,0.00,0.00,0.00,0,0,0.00,0.00,0,0
1508085700,lo,344.00,344.00,688.00,344,344,6.00,6.00,12.00,6,6,0.00,0.00,0,0
1508085700,s4,0.00,0.00,0.00,0,0,0.00,0.00,0.00,0,0,0.00,0.00,0,0
1508085700,total,254021.00,266026.00,520047.00,266026,254021,294.00,301.00,595.00,301,294,0.00,0.00,0,0
1508085701,s5,0.00,0.00,0.00,0,0,0.00,0.00,0.00,0,0,0.00,0.00,0,0
1508085701,s1,0.00,0.00,0.00,0,0,0.00,0.00,0.00,0,0,0.00,0.00,0,0
1508085701,eth0,0.00,0.00,0.00,0,0,0.00,0.00,0.00,0,0,0.00,0.00,0,0
1508085701,eth1,0.00,0.00,0.00,0,0,0.00,0.00,0.00,0,0,0.00,0.00,0,0
1508085701,s2,0.00,0.00,0.00,0,0,0.00,0.00,0.00,0,0,0.00,0.00,0,0
1508085701,s1-eth2,6351.00,192278.00,198629.00,192278,6351,83.00,127.00,210.00,127,83,0.00,0.00,0,0
1508085701,s1-eth1,182129.00,6244.00,188373.00,6244,182129,122.00,82.00,204.00,82,122,0.00,0.00,0,0
1508085701,s2-eth2,0.00,0.00,0.00,0,0,0.00,0.00,0.00,0,0,0.00,0.00,0,0
1508085701,s2-eth1,107.00,0.00,107.00,0,107,1.00,0.00,1.00,0,1,0.00,0.00,0,0
1508085701,lo,0.00,0.00,0.00,0,0,0.00,0.00,0.00,0,0,0.00,0.00,0,0
1508085701,s4,0.00,0.00,0.00,0,0,0.00,0.00,0.00,0,0,0.00,0.00,0,0
1508085701,total,188587.00,198522.00,387109.00,198522,188587,206.00,209.00,415.00,209,206,0.00,0.00,0,0
1508085702,s5,0.00,0.00,0.00,0,0,0.00,0.00,0.00,0,0,0.00,0.00,0,0
1508085702,s1,0.00,0.00,0.00,0,0,0.00,0.00,0.00,0,0,0.00,0.00,0,0
1508085702,eth0,0.00,0.00,0.00,0,0,0.00,0.00,0.00,0,0,0.00,0.00,0,0
1508085702,eth1,0.00,0.00,0.00,0,0,0.00,0.00,0.00,0,0,0.00,0.00,0,0
1508085702,s2,0.00,0.00,0.00,0,0,0.00,0.00,0.00,0,0,0.00,0.00,0,0
1508085702,s1-eth2,9336.00,255866.00,265202.00,255866,9336,118.00,169.00,287.00,169,118,0.00,0.00,0,0
1508085702,s1-eth1,249810.00,8994.00,258804.00,8994,249810,165.00,117.00,282.00,117,165,0.00,0.00,0,0
1508085702,s2-eth2,0.00,0.00,0.00,0,0,0.00,0.00,0.00,0,0,0.00,0.00,0,0
1508085702,s2-eth1,0.00,0.00,0.00,0,0,0.00,0.00,0.00,0,0,0.00,0.00,0,0
1508085702,lo,0.00,0.00,0.00,0,0,0.00,0.00,0.00,0,0,0.00,0.00,0,0
1508085702,s4,0.00,0.00,0.00,0,0,0.00,0.00,0.00,0,0,0.00,0.00,0,0
1508085702,total,259146.00,264860.00,524006.00,264860,259146,283.00,286.00,569.00,286,283,0.00,0.00,0,0
1508085703,s5,0.00,0.00,0.00,0,0,0.00,0.00,0.00,0,0,0.00,0.00,0,0
1508085703,s1,0.00,0.00,0.00,0,0,0.00,0.00,0.00,0,0,0.00,0.00,0,0
1508085703,eth0,0.00,0.00,0.00,0,0,0.00,0.00,0.00,0,0,0.00,0.00,0,0
1508085703,eth1,0.00,0.00,0.00,0,0,0.00,0.00,0.00,0,0,0.00,0.00,0,0
1508085703,s2,0.00,0.00,0.00,0,0,0.00,0.00,0.00,0,0,0.00,0.00,0,0
1508085703,s1-eth2,10098.00,260408.00,270506.00,260408,10098,131.00,172.00,303.00,172,131,0.00,0.00,0,0
1508085703,s1-eth1,249810.00,10098.00,259908.00,10098,249810,165.00,131.00,296.00,131,165,0.00,0.00,0,0
1508085703,s2-eth2,0.00,0.00,0.00,0,0,0.00,0.00,0.00,0,0,0.00,0.00,0,0
1508085703,s2-eth1,0.00,0.00,0.00,0,0,0.00,0.00,0.00,0,0,0.00,0.00,0,0
1508085703,lo,0.00,0.00,0.00,0,0,0.00,0.00,0.00,0,0,0.00,0.00,0,0
1508085703,s4,0.00,0.00,0.00,0,0,0.00,0.00,0.00,0,0,0.00,0.00,0,0
1508085703,total,259908.00,270506.00,530414.00,270506,259908,296.00,303.00,599.00,303,296,0.00,0.00,0,0
1508085704,s5,0.00,0.00,0.00,0,0,0.00,0.00,0.00,0,0,0.00,0.00,0,0
1508085704,s1,0.00,0.00,0.00,0,0,0.00,0.00,0.00,0,0,0.00,0.00,0,0
1508085704,eth0,0.00,0.00,0.00,0,0,0.00,0.00,0.00,0,0,0.00,0.00,0,0
1508085704,eth1,0.00,0.00,0.00,0,0,0.00,0.00,0.00,0,0,0.00,0.00,0,0
1508085704,s2,0.00,0.00,0.00,0,0,0.00,0.00,0.00,0,0,0.00,0.00,0,0
1508085704,s1-eth2,9488.00,255866.00,265354.00,255866,9488,122.00,169.00,291.00,169,122,0.00,0.00,0,0
1508085704,s1-eth1,246782.00,9488.00,256270.00,9488,246782,163.00,122.00,285.00,122,163,0.00,0.00,0,0
1508085704,s2-eth2,0.00,0.00,0.00,0,0,0.00,0.00,0.00,0,0,0.00,0.00,0,0
1508085704,s2-eth1,0.00,0.00,0.00,0,0,0.00,0.00,0.00,0,0,0.00,0.00,0,0
1508085704,lo,344.00,344.00,688.00,344,344,6.00,6.00,12.00,6,6,0.00,0.00,0,0
1508085704,s4,0.00,0.00,0.00,0,0,0.00,0.00,0.00,0,0,0.00,0.00,0,0
1508085704,total,256614.00,265698.00,522312.00,265698,256614,291.00,297.00,588.00,297,291,0.00,0.00,0,0
1508085705,s5,0.00,0.00,0.00,0,0,0.00,0.00,0.00,0,0,0.00,0.00,0,0
1508085705,s1,0.00,0.00,0.00,0,0,0.00,0.00,0.00,0,0,0.00,0.00,0,0
1508085705,eth0,0.00,0.00,0.00,0,0,0.00,0.00,0.00,0,0,0.00,0.00,0,0
1508085705,eth1,0.00,0.00,0.00,0,0,0.00,0.00,0.00,0,0,0.00,0.00,0,0
1508085705,s2,0.00,0.00,0.00,0,0,0.00,0.00,0.00,0,0,0.00,0.00,0,0
1508085705,s1-eth2,9960.04,258635.38,268595.41,258894,9970,128.87,170.83,299.70,171,129,0.00,0.00,0,0
1508085705,s1-eth1,249560.45,9960.04,259520.48,9970,249810,164.84,128.87,293.71,129,165,0.00,0.00,0,0
1508085705,s2-eth2,0.00,0.00,0.00,0,0,0.00,0.00,0.00,0,0,0.00,0.00,0,0
1508085705,s2-eth1,0.00,0.00,0.00,0,0,0.00,0.00,0.00,0,0,0.00,0.00,0,0
1508085705,lo,343.66,343.66,687.31,344,344,5.99,5.99,11.99,6,6,0.00,0.00,0,0
1508085705,s4,0.00,0.00,0.00,0,0,0.00,0.00,0.00,0,0,0.00,0.00,0,0
1508085705,total,259864.14,268939.06,528803.19,269208,260124,299.70,305.69,605.39,306,300,0.00,0.00,0,0
1508085706,s5,0.00,0.00,0.00,0,0,0.00,0.00,0.00,0,0,0.00,0.00,0,0
1508085706,s1,0.00,0.00,0.00,0,0,0.00,0.00,0.00,0,0,0.00,0.00,0,0
1508085706,eth0,0.00,0.00,0.00,0,0,0.00,0.00,0.00,0,0,0.00,0.00,0,0
1508085706,eth1,0.00,0.00,0.00,0,0,0.00,0.00,0.00,0,0,0.00,0.00,0,0
1508085706,s2,0.00,0.00,0.00,0,0,0.00,0.00,0.00,0,0,0.00,0.00,0,0
1508085706,s1-eth2,9892.00,258894.00,268786.00,258894,9892,128.00,171.00,299.00,171,128,0.00,0.00,0,0
1508085706,s1-eth1,249810.00,9892.00,259702.00,9892,249810,165.00,128.00,293.00,128,165,0.00,0.00,0,0
1508085706,s2-eth2,0.00,0.00,0.00,0,0,0.00,0.00,0.00,0,0,0.00,0.00,0,0
1508085706,s2-eth1,0.00,0.00,0.00,0,0,0.00,0.00,0.00,0,0,0.00,0.00,0,0
1508085706,lo,0.00,0.00,0.00,0,0,0.00,0.00,0.00,0,0,0.00,0.00,0,0
1508085706,s4,0.00,0.00,0.00,0,0,0.00,0.00,0.00,0,0,0.00,0.00,0,0
1508085706,total,259702.00,268786.00,528488.00,268786,259702,293.00,299.00,592.00,299,293,0.00,0.00,0,0
1508085707,s5,0.00,0.00,0.00,0,0,0.00,0.00,0.00,0,0,0.00,0.00,0,0
1508085707,s1,0.00,0.00,0.00,0,0,0.00,0.00,0.00,0,0,0.00,0.00,0,0
1508085707,eth0,0.00,0.00,0.00,0,0,0.00,0.00,0.00,0,0,0.00,0.00,0,0
1508085707,eth1,0.00,0.00,0.00,0,0,0.00,0.00,0.00,0,0,0.00,0.00,0,0
1508085707,s2,0.00,0.00,0.00,0,0,0.00,0.00,0.00,0,0,0.00,0.00,0,0
1508085707,s1-eth2,8540.00,260408.00,268948.00,260408,8540,112.00,172.00,284.00,172,112,0.00,0.00,0,0
1508085707,s1-eth1,251324.00,8540.00,259864.00,8540,251324,166.00,112.00,278.00,112,166,0.00,0.00,0,0
1508085707,s2-eth2,0.00,0.00,0.00,0,0,0.00,0.00,0.00,0,0,0.00,0.00,0,0
1508085707,s2-eth1,342.00,0.00,342.00,0,342,1.00,0.00,1.00,0,1,0.00,0.00,0,0
1508085707,lo,0.00,0.00,0.00,0,0,0.00,0.00,0.00,0,0,0.00,0.00,0,0
1508085707,s4,0.00,0.00,0.00,0,0,0.00,0.00,0.00,0,0,0.00,0.00,0,0
1508085707,total,260206.00,268948.00,529154.00,268948,260206,279.00,284.00,563.00,284,279,0.00,0.00,0,0
1508085708,s5,0.00,0.00,0.00,0,0,0.00,0.00,0.00,0,0,0.00,0.00,0,0
1508085708,s1,0.00,0.00,0.00,0,0,0.00,0.00,0.00,0,0,0.00,0.00,0,0
1508085708,eth0,0.00,0.00,0.00,0,0,0.00,0.00,0.00,0,0,0.00,0.00,0,0
1508085708,eth1,0.00,0.00,0.00,0,0,0.00,0.00,0.00,0,0,0.00,0.00,0,0
1508085708,s2,0.00,0.00,0.00,0,0,0.00,0.00,0.00,0,0,0.00,0.00,0,0
1508085708,s1-eth2,9102.90,254097.91,263200.81,254352,9112,117.88,167.83,285.71,168,118,0.00,0.00,0,0
1508085708,s1-eth1,249560.45,9102.90,258663.34,9112,249810,164.84,117.88,282.72,118,165,0.00,0.00,0,0
1508085708,s2-eth2,0.00,0.00,0.00,0,0,0.00,0.00,0.00,0,0,0.00,0.00,0,0
1508085708,s2-eth1,0.00,0.00,0.00,0,0,0.00,0.00,0.00,0,0,0.00,0.00,0,0
1508085708,lo,0.00,0.00,0.00,0,0,0.00,0.00,0.00,0,0,0.00,0.00,0,0
1508085708,s4,0.00,0.00,0.00,0,0,0.00,0.00,0.00,0,0,0.00,0.00,0,0
1508085708,total,258663.34,263200.81,521864.16,263464,258922,282.72,285.71,568.43,286,283,0.00,0.00,0,0
1508085709,s5,0.00,0.00,0.00,0,0,0.00,0.00,0.00,0,0,0.00,0.00,0,0
1508085709,s1,0.00,0.00,0.00,0,0,0.00,0.00,0.00,0,0,0.00,0.00,0,0
1508085709,eth0,0.00,0.00,0.00,0,0,0.00,0.00,0.00,0,0,0.00,0.00,0,0
1508085709,eth1,0.00,0.00,0.00,0,0,0.00,0.00,0.00,0,0,0.00,0.00,0,0
1508085709,s2,0.00,0.00,0.00,0,0,0.00,0.00,0.00,0,0,0.00,0.00,0,0
1508085709,s1-eth2,8218.00,255866.00,264084.00,255866,8218,107.00,169.00,276.00,169,107,0.00,0.00,0,0
1508085709,s1-eth1,249810.00,8218.00,258028.00,8218,249810,165.00,107.00,272.00,107,165,0.00,0.00,0,0
1508085709,s2-eth2,0.00,0.00,0.00,0,0,0.00,0.00,0.00,0,0,0.00,0.00,0,0
1508085709,s2-eth1,0.00,0.00,0.00,0,0,0.00,0.00,0.00,0,0,0.00,0.00,0,0
1508085709,lo,344.00,344.00,688.00,344,344,6.00,6.00,12.00,6,6,0.00,0.00,0,0
1508085709,s4,0.00,0.00,0.00,0,0,0.00,0.00,0.00,0,0,0.00,0.00,0,0
1508085709,total,258372.00,264428.00,522800.00,264428,258372,278.00,282.00,560.00,282,278,0.00,0.00,0,0
1508085710,s5,0.00,0.00,0.00,0,0,0.00,0.00,0.00,0,0,0.00,0.00,0,0
1508085710,s1,0.00,0.00,0.00,0,0,0.00,0.00,0.00,0,0,0.00,0.00,0,0
1508085710,eth0,0.00,0.00,0.00,0,0,0.00,0.00,0.00,0,0,0.00,0.00,0,0
1508085710,eth1,0.00,0.00,0.00,0,0,0.00,0.00,0.00,0,0,0.00,0.00,0,0
1508085710,s2,0.00,0.00,0.00,0,0,0.00,0.00,0.00,0,0,0.00,0.00,0,0
1508085710,s1-eth2,9382.00,254352.00,263734.00,254352,9382,121.00,168.00,289.00,168,121,0.00,0.00,0,0
1508085710,s1-eth1,251324.00,9456.00,260780.00,9456,251324,166.00,122.00,288.00,122,166,0.00,0.00,0,0
1508085710,s2-eth2,0.00,0.00,0.00,0,0,0.00,0.00,0.00,0,0,0.00,0.00,0,0
1508085710,s2-eth1,0.00,0.00,0.00,0,0,0.00,0.00,0.00,0,0,0.00,0.00,0,0
1508085710,lo,344.00,344.00,688.00,344,344,6.00,6.00,12.00,6,6,0.00,0.00,0,0
1508085710,s4,0.00,0.00,0.00,0,0,0.00,0.00,0.00,0,0,0.00,0.00,0,0
1508085710,total,261050.00,264152.00,525202.00,264152,261050,293.00,296.00,589.00,296,293,0.00,0.00,0,0
1508085711,s5,0.00,0.00,0.00,0,0,0.00,0.00,0.00,0,0,0.00,0.00,0,0
1508085711,s1,0.00,0.00,0.00,0,0,0.00,0.00,0.00,0,0,0.00,0.00,0,0
1508085711,eth0,0.00,0.00,0.00,0,0,0.00,0.00,0.00,0,0,0.00,0.00,0,0
1508085711,eth1,0.00,0.00,0.00,0,0,0.00,0.00,0.00,0,0,0.00,0.00,0,0
1508085711,s2,0.00,0.00,0.00,0,0,0.00,0.00,0.00,0,0,0.00,0.00,0,0
1508085711,s1-eth2,8258.00,255866.00,264124.00,255866,8258,109.00,169.00,278.00,169,109,0.00,0.00,0,0
1508085711,s1-eth1,249810.00,8184.00,257994.00,8184,249810,165.00,108.00,273.00,108,165,0.00,0.00,0,0
1508085711,s2-eth2,342.00,0.00,342.00,0,342,1.00,0.00,1.00,0,1,0.00,0.00,0,0
1508085711,s2-eth1,0.00,0.00,0.00,0,0,0.00,0.00,0.00,0,0,0.00,0.00,0,0
1508085711,lo,0.00,0.00,0.00,0,0,0.00,0.00,0.00,0,0,0.00,0.00,0,0
1508085711,s4,0.00,0.00,0.00,0,0,0.00,0.00,0.00,0,0,0.00,0.00,0,0
1508085711,total,258410.00,264050.00,522460.00,264050,258410,275.00,277.00,552.00,277,275,0.00,0.00,0,0
1508085712,s5,0.00,0.00,0.00,0,0,0.00,0.00,0.00,0,0,0.00,0.00,0,0
1508085712,s1,0.00,0.00,0.00,0,0,0.00,0.00,0.00,0,0,0.00,0.00,0,0
1508085712,eth0,0.00,0.00,0.00,0,0,0.00,0.00,0.00,0,0,0.00,0.00,0,0
1508085712,eth1,0.00,0.00,0.00,0,0,0.00,0.00,0.00,0,0,0.00,0.00,0,0
1508085712,s2,0.00,0.00,0.00,0,0,0.00,0.00,0.00,0,0,0.00,0.00,0,0
1508085712,s1-eth2,10200.00,257380.00,267580.00,257380,10200,132.00,170.00,302.00,170,132,0.00,0.00,0,0
1508085712,s1-eth1,249810.00,10200.00,260010.00,10200,249810,165.00,132.00,297.00,132,165,0.00,0.00,0,0
1508085712,s2-eth2,0.00,0.00,0.00,0,0,0.00,0.00,0.00,0,0,0.00,0.00,0,0
1508085712,s2-eth1,0.00,0.00,0.00,0,0,0.00,0.00,0.00,0,0,0.00,0.00,0,0
1508085712,lo,0.00,0.00,0.00,0,0,0.00,0.00,0.00,0,0,0.00,0.00,0,0
1508085712,s4,0.00,0.00,0.00,0,0,0.00,0.00,0.00,0,0,0.00,0.00,0,0
1508085712,total,260010.00,267580.00,527590.00,267580,260010,297.00,302.00,599.00,302,297,0.00,0.00,0,0
1508085713,s5,0.00,0.00,0.00,0,0,0.00,0.00,0.00,0,0,0.00,0.00,0,0
1508085713,s1,0.00,0.00,0.00,0,0,0.00,0.00,0.00,0,0,0.00,0.00,0,0
1508085713,eth0,0.00,0.00,0.00,0,0,0.00,0.00,0.00,0,0,0.00,0.00,0,0
1508085713,eth1,0.00,0.00,0.00,0,0,0.00,0.00,0.00,0,0,0.00,0.00,0,0
1508085713,s2,0.00,0.00,0.00,0,0,0.00,0.00,0.00,0,0,0.00,0.00,0,0
1508085713,s1-eth2,8440.00,257380.00,265820.00,257380,8440,110.00,170.00,280.00,170,110,0.00,0.00,0,0
1508085713,s1-eth1,249810.00,8440.00,258250.00,8440,249810,165.00,110.00,275.00,110,165,0.00,0.00,0,0
1508085713,s2-eth2,0.00,0.00,0.00,0,0,0.00,0.00,0.00,0,0,0.00,0.00,0,0
1508085713,s2-eth1,0.00,0.00,0.00,0,0,0.00,0.00,0.00,0,0,0.00,0.00,0,0
1508085713,lo,0.00,0.00,0.00,0,0,0.00,0.00,0.00,0,0,0.00,0.00,0,0
1508085713,s4,0.00,0.00,0.00,0,0,0.00,0.00,0.00,0,0,0.00,0.00,0,0
1508085713,total,258250.00,265820.00,524070.00,265820,258250,275.00,280.00,555.00,280,275,0.00,0.00,0,0
1508085714,s5,0.00,0.00,0.00,0,0,0.00,0.00,0.00,0,0,0.00,0.00,0,0
1508085714,s1,0.00,0.00,0.00,0,0,0.00,0.00,0.00,0,0,0.00,0.00,0,0
1508085714,eth0,0.00,0.00,0.00,0,0,0.00,0.00,0.00,0,0,0.00,0.00,0,0
1508085714,eth1,0.00,0.00,0.00,0,0,0.00,0.00,0.00,0,0,0.00,0.00,0,0
1508085714,s2,0.00,0.00,0.00,0,0,0.00,0.00,0.00,0,0,0.00,0.00,0,0
1508085714,s1-eth2,9884.12,257122.89,267007.00,257380,9894,126.87,169.83,296.70,170,127,0.00,0.00,0,0
1508085714,s1-eth1,249560.45,9884.12,259444.56,9894,249810,164.84,126.87,291.71,127,165,0.00,0.00,0,0
1508085714,s2-eth2,0.00,0.00,0.00,0,0,0.00,0.00,0.00,0,0,0.00,0.00,0,0
1508085714,s2-eth1,0.00,0.00,0.00,0,0,0.00,0.00,0.00,0,0,0.00,0.00,0,0
1508085714,lo,343.66,343.66,687.31,344,344,5.99,5.99,11.99,6,6,0.00,0.00,0,0
1508085714,s4,0.00,0.00,0.00,0,0,0.00,0.00,0.00,0,0,0.00,0.00,0,0
1508085714,total,259788.22,267350.66,527138.88,267618,260048,297.70,302.70,600.40,303,298,0.00,0.00,0,0
1508085715,s5,0.00,0.00,0.00,0,0,0.00,0.00,0.00,0,0,0.00,0.00,0,0
1508085715,s1,0.00,0.00,0.00,0,0,0.00,0.00,0.00,0,0,0.00,0.00,0,0
1508085715,eth0,0.00,0.00,0.00,0,0,0.00,0.00,0.00,0,0,0.00,0.00,0,0
1508085715,eth1,0.00,0.00,0.00,0,0,0.00,0.00,0.00,0,0,0.00,0.00,0,0
1508085715,s2,0.00,0.00,0.00,0,0,0.00,0.00,0.00,0,0,0.00,0.00,0,0
1508085715,s1-eth2,7508.00,255866.00,263374.00,255866,7508,100.00,169.00,269.00,169,100,0.00,0.00,0,0
1508085715,s1-eth1,251324.00,7508.00,258832.00,7508,251324,166.00,100.00,266.00,100,166,0.00,0.00,0,0
1508085715,s2-eth2,0.00,0.00,0.00,0,0,0.00,0.00,0.00,0,0,0.00,0.00,0,0
1508085715,s2-eth1,0.00,0.00,0.00,0,0,0.00,0.00,0.00,0,0,0.00,0.00,0,0
1508085715,lo,344.00,344.00,688.00,344,344,6.00,6.00,12.00,6,6,0.00,0.00,0,0
1508085715,s4,0.00,0.00,0.00,0,0,0.00,0.00,0.00,0,0,0.00,0.00,0,0
1508085715,total,259176.00,263718.00,522894.00,263718,259176,272.00,275.00,547.00,275,272,0.00,0.00,0,0
1508085716,s5,0.00,0.00,0.00,0,0,0.00,0.00,0.00,0,0,0.00,0.00,0,0
1508085716,s1,0.00,0.00,0.00,0,0,0.00,0.00,0.00,0,0,0.00,0.00,0,0
1508085716,eth0,0.00,0.00,0.00,0,0,0.00,0.00,0.00,0,0,0.00,0.00,0,0
1508085716,eth1,0.00,0.00,0.00,0,0,0.00,0.00,0.00,0,0,0.00,0.00,0,0
1508085716,s2,0.00,0.00,0.00,0,0,0.00,0.00,0.00,0,0,0.00,0.00,0,0
1508085716,s1-eth2,10048.00,257380.00,267428.00,257380,10048,126.00,170.00,296.00,170,126,0.00,0.00,0,0
1508085716,s1-eth1,249810.00,9706.00,259516.00,9706,249810,165.00,125.00,290.00,125,165,0.00,0.00,0,0
1508085716,s2-eth2,107.00,0.00,107.00,0,107,1.00,0.00,1.00,0,1,0.00,0.00,0,0
1508085716,s2-eth1,0.00,0.00,0.00,0,0,0.00,0.00,0.00,0,0,0.00,0.00,0,0
1508085716,lo,0.00,0.00,0.00,0,0,0.00,0.00,0.00,0,0,0.00,0.00,0,0
1508085716,s4,0.00,0.00,0.00,0,0,0.00,0.00,0.00,0,0,0.00,0.00,0,0
1508085716,total,259965.00,267086.00,527051.00,267086,259965,292.00,295.00,587.00,295,292,0.00,0.00,0,0
1508085717,s5,0.00,0.00,0.00,0,0,0.00,0.00,0.00,0,0,0.00,0.00,0,0
1508085717,s1,0.00,0.00,0.00,0,0,0.00,0.00,0.00,0,0,0.00,0.00,0,0
1508085717,eth0,0.00,0.00,0.00,0,0,0.00,0.00,0.00,0,0,0.00,0.00,0,0
1508085717,eth1,0.00,0.00,0.00,0,0,0.00,0.00,0.00,0,0,0.00,0.00,0,0
1508085717,s2,0.00,0.00,0.00,0,0,0.00,0.00,0.00,0,0,0.00,0.00,0,0
1508085717,s1-eth2,10330.67,260147.86,270478.53,260408,10341,131.87,171.83,303.70,172,132,0.00,0.00,0,0
1508085717,s1-eth1,248154.86,10223.78,258378.62,10234,248403,164.84,130.87,295.70,131,165,0.00,0.00,0,0
1508085717,s2-eth2,0.00,0.00,0.00,0,0,0.00,0.00,0.00,0,0,0.00,0.00,0,0
1508085717,s2-eth1,106.89,0.00,106.89,0,107,1.00,0.00,1.00,0,1,0.00,0.00,0,0
1508085717,lo,0.00,0.00,0.00,0,0,0.00,0.00,0.00,0,0,0.00,0.00,0,0
1508085717,s4,0.00,0.00,0.00,0,0,0.00,0.00,0.00,0,0,0.00,0.00,0,0
1508085717,total,258592.42,270371.62,528964.06,270642,258851,297.70,302.70,600.40,303,298,0.00,0.00,0,0
1508085718,s5,0.00,0.00,0.00,0,0,0.00,0.00,0.00,0,0,0.00,0.00,0,0
1508085718,s1,0.00,0.00,0.00,0,0,0.00,0.00,0.00,0,0,0.00,0.00,0,0
1508085718,eth0,0.00,0.00,0.00,0,0,0.00,0.00,0.00,0,0,0.00,0.00,0,0
1508085718,eth1,0.00,0.00,0.00,0,0,0.00,0.00,0.00,0,0,0.00,0.00,0,0
1508085718,s2,0.00,0.00,0.00,0,0,0.00,0.00,0.00,0,0,0.00,0.00,0,0
1508085718,s1-eth2,7962.00,255866.00,263828.00,255866,7962,105.00,169.00,274.00,169,105,0.00,0.00,0,0
1508085718,s1-eth1,249810.00,7962.00,257772.00,7962,249810,165.00,105.00,270.00,105,165,0.00,0.00,0,0
1508085718,s2-eth2,0.00,0.00,0.00,0,0,0.00,0.00,0.00,0,0,0.00,0.00,0,0
1508085718,s2-eth1,342.00,0.00,342.00,0,342,1.00,0.00,1.00,0,1,0.00,0.00,0,0
1508085718,lo,0.00,0.00,0.00,0,0,0.00,0.00,0.00,0,0,0.00,0.00,0,0
1508085718,s4,0.00,0.00,0.00,0,0,0.00,0.00,0.00,0,0,0.00,0.00,0,0
1508085718,total,258114.00,263828.00,521942.00,263828,258114,271.00,274.00,545.00,274,271,0.00,0.00,0,0
1508085719,s5,0.00,0.00,0.00,0,0,0.00,0.00,0.00,0,0,0.00,0.00,0,0
1508085719,s1,0.00,0.00,0.00,0,0,0.00,0.00,0.00,0,0,0.00,0.00,0,0
1508085719,eth0,0.00,0.00,0.00,0,0,0.00,0.00,0.00,0,0,0.00,0.00,0,0
1508085719,eth1,0.00,0.00,0.00,0,0,0.00,0.00,0.00,0,0,0.00,0.00,0,0
1508085719,s2,0.00,0.00,0.00,0,0,0.00,0.00,0.00,0,0,0.00,0.00,0,0
1508085719,s1-eth2,9034.00,258894.00,267928.00,258894,9034,117.00,171.00,288.00,171,117,0.00,0.00,0,0
1508085719,s1-eth1,249810.00,9034.00,258844.00,9034,249810,165.00,117.00,282.00,117,165,0.00,0.00,0,0
1508085719,s2-eth2,0.00,0.00,0.00,0,0,0.00,0.00,0.00,0,0,0.00,0.00,0,0
1508085719,s2-eth1,0.00,0.00,0.00,0,0,0.00,0.00,0.00,0,0,0.00,0.00,0,0
1508085719,lo,344.00,344.00,688.00,344,344,6.00,6.00,12.00,6,6,0.00,0.00,0,0
1508085719,s4,0.00,0.00,0.00,0,0,0.00,0.00,0.00,0,0,0.00,0.00,0,0
1508085719,total,259188.00,268272.00,527460.00,268272,259188,288.00,294.00,582.00,294,288,0.00,0.00,0,0
1508085720,s5,0.00,0.00,0.00,0,0,0.00,0.00,0.00,0,0,0.00,0.00,0,0
1508085720,s1,0.00,0.00,0.00,0,0,0.00,0.00,0.00,0,0,0.00,0.00,0,0
1508085720,eth0,0.00,0.00,0.00,0,0,0.00,0.00,0.00,0,0,0.00,0.00,0,0
1508085720,eth1,0.00,0.00,0.00,0,0,0.00,0.00,0.00,0,0,0.00,0.00,0,0
1508085720,s2,0.00,0.00,0.00,0,0,0.00,0.00,0.00,0,0,0.00,0.00,0,0
1508085720,s1-eth2,9854.00,257380.00,267234.00,257380,9854,127.00,170.00,297.00,170,127,0.00,0.00,0,0
1508085720,s1-eth1,249810.00,9854.00,259664.00,9854,249810,165.00,127.00,292.00,127,165,0.00,0.00,0,0
1508085720,s2-eth2,0.00,0.00,0.00,0,0,0.00,0.00,0.00,0,0,0.00,0.00,0,0
1508085720,s2-eth1,0.00,0.00,0.00,0,0,0.00,0.00,0.00,0,0,0.00,0.00,0,0
1508085720,lo,344.00,344.00,688.00,344,344,6.00,6.00,12.00,6,6,0.00,0.00,0,0
1508085720,s4,0.00,0.00,0.00,0,0,0.00,0.00,0.00,0,0,0.00,0.00,0,0
1508085720,total,260008.00,267578.00,527586.00,267578,260008,298.00,303.00,601.00,303,298,0.00,0.00,0,0
1508085721,s5,0.00,0.00,0.00,0,0,0.00,0.00,0.00,0,0,0.00,0.00,0,0
1508085721,s1,0.00,0.00,0.00,0,0,0.00,0.00,0.00,0,0,0.00,0.00,0,0
1508085721,eth0,0.00,0.00,0.00,0,0,0.00,0.00,0.00,0,0,0.00,0.00,0,0
1508085721,eth1,0.00,0.00,0.00,0,0,0.00,0.00,0.00,0,0,0.00,0.00,0,0
1508085721,s2,0.00,0.00,0.00,0,0,0.00,0.00,0.00,0,0,0.00,0.00,0,0
1508085721,s1-eth2,10543.46,255610.39,266153.84,255866,10554,134.87,168.83,303.70,169,135,0.00,0.00,0,0
1508085721,s1-eth1,248047.95,10543.46,258591.42,10554,248296,163.84,134.87,298.70,135,164,0.00,0.00,0,0
1508085721,s2-eth2,0.00,0.00,0.00,0,0,0.00,0.00,0.00,0,0,0.00,0.00,0,0
1508085721,s2-eth1,0.00,0.00,0.00,0,0,0.00,0.00,0.00,0,0,0.00,0.00,0,0
1508085721,lo,0.00,0.00,0.00,0,0,0.00,0.00,0.00,0,0,0.00,0.00,0,0
1508085721,s4,0.00,0.00,0.00,0,0,0.00,0.00,0.00,0,0,0.00,0.00,0,0
1508085721,total,258591.42,266153.84,524745.25,266420,258850,298.70,303.70,602.40,304,299,0.00,0.00,0,0
1508085722,s5,0.00,0.00,0.00,0,0,0.00,0.00,0.00,0,0,0.00,0.00,0,0
1508085722,s1,0.00,0.00,0.00,0,0,0.00,0.00,0.00,0,0,0.00,0.00,0,0
1508085722,eth0,0.00,0.00,0.00,0,0,0.00,0.00,0.00,0,0,0.00,0.00,0,0
1508085722,eth1,0.00,0.00,0.00,0,0,0.00,0.00,0.00,0,0,0.00,0.00,0,0
1508085722,s2,0.00,0.00,0.00,0,0,0.00,0.00,0.00,0,0,0.00,0.00,0,0
1508085722,s1-eth2,10662.00,258894.00,269556.00,258894,10662,137.00,171.00,308.00,171,137,0.00,0.00,0,0
1508085722,s1-eth1,248638.00,10662.00,259300.00,10662,248638,165.00,137.00,302.00,137,165,0.00,0.00,0,0
1508085722,s2-eth2,0.00,0.00,0.00,0,0,0.00,0.00,0.00,0,0,0.00,0.00,0,0
1508085722,s2-eth1,0.00,0.00,0.00,0,0,0.00,0.00,0.00,0,0,0.00,0.00,0,0
1508085722,lo,0.00,0.00,0.00,0,0,0.00,0.00,0.00,0,0,0.00,0.00,0,0
1508085722,s4,0.00,0.00,0.00,0,0,0.00,0.00,0.00,0,0,0.00,0.00,0,0
1508085722,total,259300.00,269556.00,528856.00,269556,259300,302.00,308.00,610.00,308,302,0.00,0.00,0,0
1508085723,s5,0.00,0.00,0.00,0,0,0.00,0.00,0.00,0,0,0.00,0.00,0,0
1508085723,s1,0.00,0.00,0.00,0,0,0.00,0.00,0.00,0,0,0.00,0.00,0,0
1508085723,eth0,0.00,0.00,0.00,0,0,0.00,0.00,0.00,0,0,0.00,0.00,0,0
1508085723,eth1,0.00,0.00,0.00,0,0,0.00,0.00,0.00,0,0,0.00,0.00,0,0
1508085723,s2,0.00,0.00,0.00,0,0,0.00,0.00,0.00,0,0,0.00,0.00,0,0
1508085723,s1-eth2,9144.00,258894.00,268038.00,258894,9144,120.00,171.00,291.00,171,120,0.00,0.00,0,0
1508085723,s1-eth1,249810.00,9218.00,259028.00,9218,249810,165.00,121.00,286.00,121,165,0.00,0.00,0,0
1508085723,s2-eth2,0.00,0.00,0.00,0,0,0.00,0.00,0.00,0,0,0.00,0.00,0,0
1508085723,s2-eth1,0.00,0.00,0.00,0,0,0.00,0.00,0.00,0,0,0.00,0.00,0,0
1508085723,lo,0.00,0.00,0.00,0,0,0.00,0.00,0.00,0,0,0.00,0.00,0,0
1508085723,s4,0.00,0.00,0.00,0,0,0.00,0.00,0.00,0,0,0.00,0.00,0,0
1508085723,total,258954.00,268112.00,527066.00,268112,258954,285.00,292.00,577.00,292,285,0.00,0.00,0,0
1508085724,s5,0.00,0.00,0.00,0,0,0.00,0.00,0.00,0,0,0.00,0.00,0,0
1508085724,s1,0.00,0.00,0.00,0,0,0.00,0.00,0.00,0,0,0.00,0.00,0,0
1508085724,eth0,0.00,0.00,0.00,0,0,0.00,0.00,0.00,0,0,0.00,0.00,0,0
1508085724,eth1,0.00,0.00,0.00,0,0,0.00,0.00,0.00,0,0,0.00,0.00,0,0
1508085724,s2,0.00,0.00,0.00,0,0,0.00,0.00,0.00,0,0,0.00,0.00,0,0
1508085724,s1-eth2,9634.00,257380.00,267014.00,257380,9634,125.00,170.00,295.00,170,125,0.00,0.00,0,0
1508085724,s1-eth1,249810.00,9560.00,259370.00,9560,249810,165.00,124.00,289.00,124,165,0.00,0.00,0,0
1508085724,s2-eth2,0.00,0.00,0.00,0,0,0.00,0.00,0.00,0,0,0.00,0.00,0,0
1508085724,s2-eth1,0.00,0.00,0.00,0,0,0.00,0.00,0.00,0,0,0.00,0.00,0,0
1508085724,lo,344.00,344.00,688.00,344,344,6.00,6.00,12.00,6,6,0.00,0.00,0,0
1508085724,s4,0.00,0.00,0.00,0,0,0.00,0.00,0.00,0,0,0.00,0.00,0,0
1508085724,total,259788.00,267284.00,527072.00,267284,259788,296.00,300.00,596.00,300,296,0.00,0.00,0,0
1508085725,s5,0.00,0.00,0.00,0,0,0.00,0.00,0.00,0,0,0.00,0.00,0,0
1508085725,s1,0.00,0.00,0.00,0,0,0.00,0.00,0.00,0,0,0.00,0.00,0,0
1508085725,eth0,0.00,0.00,0.00,0,0,0.00,0.00,0.00,0,0,0.00,0.00,0,0
1508085725,eth1,0.00,0.00,0.00,0,0,0.00,0.00,0.00,0,0,0.00,0.00,0,0
1508085725,s2,0.00,0.00,0.00,0,0,0.00,0.00,0.00,0,0,0.00,0.00,0,0
1508085725,s1-eth2,9154.00,254352.00,263506.00,254352,9154,119.00,168.00,287.00,168,119,0.00,0.00,0,0
1508085725,s1-eth1,249810.00,9154.00,258964.00,9154,249810,165.00,119.00,284.00,119,165,0.00,0.00,0,0
1508085725,s2-eth2,0.00,0.00,0.00,0,0,0.00,0.00,0.00,0,0,0.00,0.00,0,0
1508085725,s2-eth1,0.00,0.00,0.00,0,0,0.00,0.00,0.00,0,0,0.00,0.00,0,0
1508085725,lo,344.00,344.00,688.00,344,344,6.00,6.00,12.00,6,6,0.00,0.00,0,0
1508085725,s4,0.00,0.00,0.00,0,0,0.00,0.00,0.00,0,0,0.00,0.00,0,0
1508085725,total,259308.00,263850.00,523158.00,263850,259308,290.00,293.00,583.00,293,290,0.00,0.00,0,0
1508085726,s5,0.00,0.00,0.00,0,0,0.00,0.00,0.00,0,0,0.00,0.00,0,0
1508085726,s1,0.00,0.00,0.00,0,0,0.00,0.00,0.00,0,0,0.00,0.00,0,0
1508085726,eth0,0.00,0.00,0.00,0,0,0.00,0.00,0.00,0,0,0.00,0.00,0,0
1508085726,eth1,0.00,0.00,0.00,0,0,0.00,0.00,0.00,0,0,0.00,0.00,0,0
1508085726,s2,0.00,0.00,0.00,0,0,0.00,0.00,0.00,0,0,0.00,0.00,0,0
1508085726,s1-eth2,8648.00,260408.00,269056.00,260408,8648,112.00,172.00,284.00,172,112,0.00,0.00,0,0
1508085726,s1-eth1,249810.00,8648.00,258458.00,8648,249810,165.00,112.00,277.00,112,165,0.00,0.00,0,0
1508085726,s2-eth2,0.00,0.00,0.00,0,0,0.00,0.00,0.00,0,0,0.00,0.00,0,0
1508085726,s2-eth1,0.00,0.00,0.00,0,0,0.00,0.00,0.00,0,0,0.00,0.00,0,0
1508085726,lo,0.00,0.00,0.00,0,0,0.00,0.00,0.00,0,0,0.00,0.00,0,0
1508085726,s4,0.00,0.00,0.00,0,0,0.00,0.00,0.00,0,0,0.00,0.00,0,0
1508085726,total,258458.00,269056.00,527514.00,269056,258458,277.00,284.00,561.00,284,277,0.00,0.00,0,0
1508085727,s5,0.00,0.00,0.00,0,0,0.00,0.00,0.00,0,0,0.00,0.00,0,0
1508085727,s1,0.00,0.00,0.00,0,0,0.00,0.00,0.00,0,0,0.00,0.00,0,0
1508085727,eth0,0.00,0.00,0.00,0,0,0.00,0.00,0.00,0,0,0.00,0.00,0,0
1508085727,eth1,0.00,0.00,0.00,0,0,0.00,0.00,0.00,0,0,0.00,0.00,0,0
1508085727,s2,0.00,0.00,0.00,0,0,0.00,0.00,0.00,0,0,0.00,0.00,0,0
1508085727,s1-eth2,9042.00,255866.00,264908.00,255866,9042,117.00,169.00,286.00,169,117,0.00,0.00,0,0
1508085727,s1-eth1,249810.00,9042.00,258852.00,9042,249810,165.00,117.00,282.00,117,165,0.00,0.00,0,0
1508085727,s2-eth2,0.00,0.00,0.00,0,0,0.00,0.00,0.00,0,0,0.00,0.00,0,0
1508085727,s2-eth1,342.00,0.00,342.00,0,342,1.00,0.00,1.00,0,1,0.00,0.00,0,0
1508085727,lo,0.00,0.00,0.00,0,0,0.00,0.00,0.00,0,0,0.00,0.00,0,0
1508085727,s4,0.00,0.00,0.00,0,0,0.00,0.00,0.00,0,0,0.00,0.00,0,0
1508085727,total,259194.00,264908.00,524102.00,264908,259194,283.00,286.00,569.00,286,283,0.00,0.00,0,0
1508085728,s5,0.00,0.00,0.00,0,0,0.00,0.00,0.00,0,0,0.00,0.00,0,0
1508085728,s1,0.00,0.00,0.00,0,0,0.00,0.00,0.00,0,0,0.00,0.00,0,0
1508085728,eth0,0.00,0.00,0.00,0,0,0.00,0.00,0.00,0,0,0.00,0.00,0,0
1508085728,eth1,0.00,0.00,0.00,0,0,0.00,0.00,0.00,0,0,0.00,0.00,0,0
1508085728,s2,0.00,0.00,0.00,0,0,0.00,0.00,0.00,0,0,0.00,0.00,0,0
1508085728,s1-eth2,9204.00,260408.00,269612.00,260408,9204,120.00,172.00,292.00,172,120,0.00,0.00,0,0
1508085728,s1-eth1,251324.00,9204.00,260528.00,9204,251324,166.00,120.00,286.00,120,166,0.00,0.00,0,0
1508085728,s2-eth2,342.00,0.00,342.00,0,342,1.00,0.00,1.00,0,1,0.00,0.00,0,0
1508085728,s2-eth1,0.00,0.00,0.00,0,0,0.00,0.00,0.00,0,0,0.00,0.00,0,0
1508085728,lo,0.00,0.00,0.00,0,0,0.00,0.00,0.00,0,0,0.00,0.00,0,0
1508085728,s4,0.00,0.00,0.00,0,0,0.00,0.00,0.00,0,0,0.00,0.00,0,0
1508085728,total,260870.00,269612.00,530482.00,269612,260870,287.00,292.00,579.00,292,287,0.00,0.00,0,0
1508085729,s5,0.00,0.00,0.00,0,0,0.00,0.00,0.00,0,0,0.00,0.00,0,0
1508085729,s1,0.00,0.00,0.00,0,0,0.00,0.00,0.00,0,0,0.00,0.00,0,0
1508085729,eth0,0.00,0.00,0.00,0,0,0.00,0.00,0.00,0,0,0.00,0.00,0,0
1508085729,eth1,0.00,0.00,0.00,0,0,0.00,0.00,0.00,0,0,0.00,0.00,0,0
1508085729,s2,0.00,0.00,0.00,0,0,0.00,0.00,0.00,0,0,0.00,0.00,0,0
1508085729,s1-eth2,8470.00,252880.00,261350.00,252880,8470,111.00,168.00,279.00,168,111,0.00,0.00,0,0
1508085729,s1-eth1,249852.00,8470.00,258322.00,8470,249852,166.00,111.00,277.00,111,166,0.00,0.00,0,0
1508085729,s2-eth2,0.00,0.00,0.00,0,0,0.00,0.00,0.00,0,0,0.00,0.00,0,0
1508085729,s2-eth1,0.00,0.00,0.00,0,0,0.00,0.00,0.00,0,0,0.00,0.00,0,0
1508085729,lo,468.00,468.00,936.00,468,468,6.00,6.00,12.00,6,6,0.00,0.00,0,0
1508085729,s4,0.00,0.00,0.00,0,0,0.00,0.00,0.00,0,0,0.00,0.00,0,0
1508085729,total,258790.00,261818.00,520608.00,261818,258790,283.00,285.00,568.00,285,283,0.00,0.00,0,0
1508085730,s5,0.00,0.00,0.00,0,0,0.00,0.00,0.00,0,0,0.00,0.00,0,0
1508085730,s1,0.00,0.00,0.00,0,0,0.00,0.00,0.00,0,0,0.00,0.00,0,0
1508085730,eth0,0.00,0.00,0.00,0,0,0.00,0.00,0.00,0,0,0.00,0.00,0,0
1508085730,eth1,0.00,0.00,0.00,0,0,0.00,0.00,0.00,0,0,0.00,0.00,0,0
1508085730,s2,0.00,0.00,0.00,0,0,0.00,0.00,0.00,0,0,0.00,0.00,0,0
1508085730,s1-eth2,10444.00,260408.00,270852.00,260408,10444,134.00,172.00,306.00,172,134,0.00,0.00,0,0
1508085730,s1-eth1,249810.00,10444.00,260254.00,10444,249810,165.00,134.00,299.00,134,165,0.00,0.00,0,0
1508085730,s2-eth2,0.00,0.00,0.00,0,0,0.00,0.00,0.00,0,0,0.00,0.00,0,0
1508085730,s2-eth1,0.00,0.00,0.00,0,0,0.00,0.00,0.00,0,0,0.00,0.00,0,0
1508085730,lo,344.00,344.00,688.00,344,344,6.00,6.00,12.00,6,6,0.00,0.00,0,0
1508085730,s4,0.00,0.00,0.00,0,0,0.00,0.00,0.00,0,0,0.00,0.00,0,0
1508085730,total,260598.00,271196.00,531794.00,271196,260598,305.00,312.00,617.00,312,305,0.00,0.00,0,0
1508085731,s5,0.00,0.00,0.00,0,0,0.00,0.00,0.00,0,0,0.00,0.00,0,0
1508085731,s1,0.00,0.00,0.00,0,0,0.00,0.00,0.00,0,0,0.00,0.00,0,0
1508085731,eth0,0.00,0.00,0.00,0,0,0.00,0.00,0.00,0,0,0.00,0.00,0,0
1508085731,eth1,0.00,0.00,0.00,0,0,0.00,0.00,0.00,0,0,0.00,0.00,0,0
1508085731,s2,0.00,0.00,0.00,0,0,0.00,0.00,0.00,0,0,0.00,0.00,0,0
1508085731,s1-eth2,7698.00,257380.00,265078.00,257380,7698,101.00,170.00,271.00,170,101,0.00,0.00,0,0
1508085731,s1-eth1,249810.00,7698.00,257508.00,7698,249810,165.00,101.00,266.00,101,165,0.00,0.00,0,0
1508085731,s2-eth2,0.00,0.00,0.00,0,0,0.00,0.00,0.00,0,0,0.00,0.00,0,0
1508085731,s2-eth1,0.00,0.00,0.00,0,0,0.00,0.00,0.00,0,0,0.00,0.00,0,0
1508085731,lo,0.00,0.00,0.00,0,0,0.00,0.00,0.00,0,0,0.00,0.00,0,0
1508085731,s4,0.00,0.00,0.00,0,0,0.00,0.00,0.00,0,0,0.00,0.00,0,0
1508085731,total,257508.00,265078.00,522586.00,265078,257508,266.00,271.00,537.00,271,266,0.00,0.00,0,0
1508085732,s5,0.00,0.00,0.00,0,0,0.00,0.00,0.00,0,0,0.00,0.00,0,0
1508085732,s1,0.00,0.00,0.00,0,0,0.00,0.00,0.00,0,0,0.00,0.00,0,0
1508085732,eth0,0.00,0.00,0.00,0,0,0.00,0.00,0.00,0,0,0.00,0.00,0,0
1508085732,eth1,0.00,0.00,0.00,0,0,0.00,0.00,0.00,0,0,0.00,0.00,0,0
1508085732,s2,0.00,0.00,0.00,0,0,0.00,0.00,0.00,0,0,0.00,0.00,0,0
1508085732,s1-eth2,10038.00,257380.00,267418.00,257380,10038,129.00,170.00,299.00,170,129,0.00,0.00,0,0
1508085732,s1-eth1,248296.00,10038.00,258334.00,10038,248296,164.00,129.00,293.00,129,164,0.00,0.00,0,0
1508085732,s2-eth2,0.00,0.00,0.00,0,0,0.00,0.00,0.00,0,0,0.00,0.00,0,0
1508085732,s2-eth1,0.00,0.00,0.00,0,0,0.00,0.00,0.00,0,0,0.00,0.00,0,0
1508085732,lo,0.00,0.00,0.00,0,0,0.00,0.00,0.00,0,0,0.00,0.00,0,0
1508085732,s4,0.00,0.00,0.00,0,0,0.00,0.00,0.00,0,0,0.00,0.00,0,0
1508085732,total,258334.00,267418.00,525752.00,267418,258334,293.00,299.00,592.00,299,293,0.00,0.00,0,0
1508085733,s5,0.00,0.00,0.00,0,0,0.00,0.00,0.00,0,0,0.00,0.00,0,0
1508085733,s1,0.00,0.00,0.00,0,0,0.00,0.00,0.00,0,0,0.00,0.00,0,0
1508085733,eth0,456.00,735.00,1191.00,735,456,6.00,6.00,12.00,6,6,0.00,0.00,0,0
1508085733,eth1,0.00,0.00,0.00,0,0,0.00,0.00,0.00,0,0,0.00,0.00,0,0
1508085733,s2,0.00,0.00,0.00,0,0,0.00,0.00,0.00,0,0,0.00,0.00,0,0
1508085733,s1-eth2,10286.00,257380.00,267666.00,257380,10286,129.00,170.00,299.00,170,129,0.00,0.00,0,0
1508085733,s1-eth1,250450.00,9720.00,260170.00,9720,250450,169.00,126.00,295.00,126,169,0.00,0.00,0,0
1508085733,s2-eth2,640.00,0.00,640.00,0,640,4.00,0.00,4.00,0,4,0.00,0.00,0,0
1508085733,s2-eth1,530.00,0.00,530.00,0,530,3.00,0.00,3.00,0,3,0.00,0.00,0,0
1508085733,lo,1195.00,1195.00,2390.00,1195,1195,15.00,15.00,30.00,15,15,0.00,0.00,0,0
1508085733,s4,0.00,0.00,0.00,0,0,0.00,0.00,0.00,0,0,0.00,0.00,0,0
1508085733,total,263557.00,269030.00,532587.00,269030,263557,326.00,317.00,643.00,317,326,0.00,0.00,0,0
1508085734,s5,0.00,0.00,0.00,0,0,0.00,0.00,0.00,0,0,0.00,0.00,0,0
1508085734,s1,0.00,0.00,0.00,0,0,0.00,0.00,0.00,0,0,0.00,0.00,0,0
1508085734,eth0,760.00,1225.00,1985.00,1225,760,10.00,10.00,20.00,10,10,0.00,0.00,0,0
1508085734,eth1,0.00,0.00,0.00,0,0,0.00,0.00,0.00,0,0,0.00,0.00,0,0
1508085734,s2,0.00,0.00,0.00,0,0,0.00,0.00,0.00,0,0,0.00,0.00,0,0
1508085734,s1-eth2,10597.00,255866.00,266463.00,255866,10597,125.00,169.00,294.00,169,125,0.00,0.00,0,0
1508085734,s1-eth1,249640.00,8834.00,258474.00,8834,249640,172.00,115.00,287.00,115,172,0.00,0.00,0,0
1508085734,s2-eth2,999.00,0.00,999.00,0,999,7.00,0.00,7.00,0,7,0.00,0.00,0,0
1508085734,s2-eth1,1109.00,0.00,1109.00,0,1109,8.00,0.00,8.00,0,8,0.00,0.00,0,0
1508085734,lo,1877.00,1877.00,3754.00,1877,1877,23.00,23.00,46.00,23,23,0.00,0.00,0,0
1508085734,s4,0.00,0.00,0.00,0,0,0.00,0.00,0.00,0,0,0.00,0.00,0,0
1508085734,total,264982.00,267802.00,532784.00,267802,264982,345.00,317.00,662.00,317,345,0.00,0.00,0,0
1508085735,s5,0.00,0.00,0.00,0,0,0.00,0.00,0.00,0,0,0.00,0.00,0,0
1508085735,s1,0.00,0.00,0.00,0,0,0.00,0.00,0.00,0,0,0.00,0.00,0,0
1508085735,eth0,152.00,245.00,397.00,245,152,2.00,2.00,4.00,2,2,0.00,0.00,0,0
1508085735,eth1,0.00,0.00,0.00,0,0,0.00,0.00,0.00,0,0,0.00,0.00,0,0
1508085735,s2,0.00,0.00,0.00,0,0,0.00,0.00,0.00,0,0,0.00,0.00,0,0
1508085735,s1-eth2,10063.00,255866.00,265929.00,255866,10063,126.00,169.00,295.00,169,126,0.00,0.00,0,0
1508085735,s1-eth1,250866.00,9352.00,260218.00,9352,250866,170.00,122.00,292.00,122,170,0.00,0.00,0,0
1508085735,s2-eth2,1401.00,0.00,1401.00,0,1401,6.00,0.00,6.00,0,6,0.00,0.00,0,0
1508085735,s2-eth1,1107.00,0.00,1107.00,0,1107,4.00,0.00,4.00,0,4,0.00,0.00,0,0
1508085735,lo,685.00,685.00,1370.00,685,685,10.00,10.00,20.00,10,10,0.00,0.00,0,0
1508085735,s4,0.00,0.00,0.00,0,0,0.00,0.00,0.00,0,0,0.00,0.00,0,0
1508085735,total,264274.00,266148.00,530422.00,266148,264274,318.00,303.00,621.00,303,318,0.00,0.00,0,0
1508085736,s5,0.00,0.00,0.00,0,0,0.00,0.00,0.00,0,0,0.00,0.00,0,0
1508085736,s1,0.00,0.00,0.00,0,0,0.00,0.00,0.00,0,0,0.00,0.00,0,0
1508085736,eth0,0.00,0.00,0.00,0,0,0.00,0.00,0.00,0,0,0.00,0.00,0,0
1508085736,eth1,0.00,0.00,0.00,0,0,0.00,0.00,0.00,0,0,0.00,0.00,0,0
1508085736,s2,0.00,0.00,0.00,0,0,0.00,0.00,0.00,0,0,0.00,0.00,0,0
1508085736,s1-eth2,8424.58,251072.94,259497.52,251324,8433,103.90,165.83,269.73,166,104,0.00,0.00,0,0
1508085736,s1-eth1,249887.12,7830.17,257717.30,7838,250137,165.83,102.90,268.73,103,166,0.00,0.00,0,0
1508085736,s2-eth2,326.67,0.00,326.67,0,327,1.00,0.00,1.00,0,1,0.00,0.00,0,0
1508085736,s2-eth1,513.49,0.00,513.49,0,514,2.00,0.00,2.00,0,2,0.00,0.00,0,0
1508085736,lo,0.00,0.00,0.00,0,0,0.00,0.00,0.00,0,0,0.00,0.00,0,0
1508085736,s4,0.00,0.00,0.00,0,0,0.00,0.00,0.00,0,0,0.00,0.00,0,0
1508085736,total,259151.86,258903.11,518054.97,259162,259411,272.73,268.73,541.46,269,273,0.00,0.00,0,0
1508085737,s5,0.00,0.00,0.00,0,0,0.00,0.00,0.00,0,0,0.00,0.00,0,0
1508085737,s1,0.00,0.00,0.00,0,0,0.00,0.00,0.00,0,0,0.00,0.00,0,0
1508085737,eth0,0.00,0.00,0.00,0,0,0.00,0.00,0.00,0,0,0.00,0.00,0,0
1508085737,eth1,0.00,0.00,0.00,0,0,0.00,0.00,0.00,0,0,0.00,0.00,0,0
1508085737,s2,0.00,0.00,0.00,0,0,0.00,0.00,0.00,0,0,0.00,0.00,0,0
1508085737,s1-eth2,8726.00,211960.00,220686.00,211960,8726,108.00,140.00,248.00,140,108,0.00,0.00,0,0
1508085737,s1-eth1,202078.00,8352.00,210430.00,8352,202078,136.00,106.00,242.00,106,136,0.00,0.00,0,0
1508085737,s2-eth2,449.00,0.00,449.00,0,449,2.00,0.00,2.00,0,2,0.00,0.00,0,0
1508085737,s2-eth1,449.00,0.00,449.00,0,449,2.00,0.00,2.00,0,2,0.00,0.00,0,0
1508085737,lo,0.00,0.00,0.00,0,0,0.00,0.00,0.00,0,0,0.00,0.00,0,0
1508085737,s4,0.00,0.00,0.00,0,0,0.00,0.00,0.00,0,0,0.00,0.00,0,0
1508085737,total,211702.00,220312.00,432014.00,220312,211702,248.00,246.00,494.00,246,248,0.00,0.00,0,0
1508085738,s5,0.00,0.00,0.00,0,0,0.00,0.00,0.00,0,0,0.00,0.00,0,0
1508085738,s1,0.00,0.00,0.00,0,0,0.00,0.00,0.00,0,0,0.00,0.00,0,0
1508085738,eth0,60.00,60.00,120.00,60,60,1.00,1.00,2.00,1,1,0.00,0.00,0,0
1508085738,eth1,0.00,0.00,0.00,0,0,0.00,0.00,0.00,0,0,0.00,0.00,0,0
1508085738,s2,0.00,0.00,0.00,0,0,0.00,0.00,0.00,0,0,0.00,0.00,0,0
1508085738,s1-eth2,7695.00,255866.00,263561.00,255866,7695,99.00,169.00,268.00,169,99,0.00,0.00,0,0
1508085738,s1-eth1,250207.00,7224.00,257431.00,7224,250207,167.00,96.00,263.00,96,167,0.00,0.00,0,0
1508085738,s2-eth2,664.00,0.00,664.00,0,664,3.00,0.00,3.00,0,3,0.00,0.00,0,0
1508085738,s2-eth1,664.00,0.00,664.00,0,664,3.00,0.00,3.00,0,3,0.00,0.00,0,0
1508085738,lo,172.00,172.00,344.00,172,172,3.00,3.00,6.00,3,3,0.00,0.00,0,0
1508085738,s4,0.00,0.00,0.00,0,0,0.00,0.00,0.00,0,0,0.00,0.00,0,0
1508085738,total,259462.00,263322.00,522784.00,263322,259462,276.00,269.00,545.00,269,276,0.00,0.00,0,0
1508085739,s5,0.00,0.00,0.00,0,0,0.00,0.00,0.00,0,0,0.00,0.00,0,0
1508085739,s1,0.00,0.00,0.00,0,0,0.00,0.00,0.00,0,0,0.00,0.00,0,0
1508085739,eth0,0.00,0.00,0.00,0,0,0.00,0.00,0.00,0,0,0.00,0.00,0,0
1508085739,eth1,0.00,0.00,0.00,0,0,0.00,0.00,0.00,0,0,0.00,0.00,0,0
1508085739,s2,0.00,0.00,0.00,0,0,0.00,0.00,0.00,0,0,0.00,0.00,0,0
1508085739,s1-eth2,7190.81,257122.89,264313.69,257380,7198,94.91,169.83,264.74,170,95,0.00,0.00,0,0
1508085739,s1-eth1,251414.59,7190.81,258605.41,7198,251666,166.83,94.91,261.74,95,167,0.00,0.00,0,0
1508085739,s2-eth2,341.66,0.00,341.66,0,342,1.00,0.00,1.00,0,1,0.00,0.00,0,0
1508085739,s2-eth1,0.00,0.00,0.00,0,0,0.00,0.00,0.00,0,0,0.00,0.00,0,0
1508085739,lo,171.83,171.83,343.66,172,172,3.00,3.00,5.99,3,3,0.00,0.00,0,0
1508085739,s4,0.00,0.00,0.00,0,0,0.00,0.00,0.00,0,0,0.00,0.00,0,0
1508085739,total,259118.89,264485.53,523604.41,264750,259378,265.73,267.73,533.47,268,266,0.00,0.00,0,0
1508085740,s5,0.00,0.00,0.00,0,0,0.00,0.00,0.00,0,0,0.00,0.00,0,0
1508085740,s1,0.00,0.00,0.00,0,0,0.00,0.00,0.00,0,0,0.00,0.00,0,0
1508085740,eth0,0.00,0.00,0.00,0,0,0.00,0.00,0.00,0,0,0.00,0.00,0,0
1508085740,eth1,0.00,0.00,0.00,0,0,0.00,0.00,0.00,0,0,0.00,0.00,0,0
1508085740,s2,0.00,0.00,0.00,0,0,0.00,0.00,0.00,0,0,0.00,0.00,0,0
1508085740,s1-eth2,9582.00,246782.00,256364.00,246782,9582,123.00,163.00,286.00,163,123,0.00,0.00,0,0
1508085740,s1-eth1,249810.00,9582.00,259392.00,9582,249810,165.00,123.00,288.00,123,165,0.00,0.00,0,0
1508085740,s2-eth2,0.00,0.00,0.00,0,0,0.00,0.00,0.00,0,0,0.00,0.00,0,0
1508085740,s2-eth1,0.00,0.00,0.00,0,0,0.00,0.00,0.00,0,0,0.00,0.00,0,0
1508085740,lo,344.00,344.00,688.00,344,344,6.00,6.00,12.00,6,6,0.00,0.00,0,0
1508085740,s4,0.00,0.00,0.00,0,0,0.00,0.00,0.00,0,0,0.00,0.00,0,0
1508085740,total,259736.00,256708.00,516444.00,256708,259736,294.00,292.00,586.00,292,294,0.00,0.00,0,0
1508085741,s5,0.00,0.00,0.00,0,0,0.00,0.00,0.00,0,0,0.00,0.00,0,0
1508085741,s1,0.00,0.00,0.00,0,0,0.00,0.00,0.00,0,0,0.00,0.00,0,0
1508085741,eth0,0.00,0.00,0.00,0,0,0.00,0.00,0.00,0,0,0.00,0.00,0,0
1508085741,eth1,0.00,0.00,0.00,0,0,0.00,0.00,0.00,0,0,0.00,0.00,0,0
1508085741,s2,0.00,0.00,0.00,0,0,0.00,0.00,0.00,0,0,0.00,0.00,0,0
1508085741,s1-eth2,10257.00,258894.00,269151.00,258894,10257,128.00,171.00,299.00,171,128,0.00,0.00,0,0
1508085741,s1-eth1,249917.00,9808.00,259725.00,9808,249917,166.00,126.00,292.00,126,166,0.00,0.00,0,0
1508085741,s2-eth2,107.00,0.00,107.00,0,107,1.00,0.00,1.00,0,1,0.00,0.00,0,0
1508085741,s2-eth1,107.00,0.00,107.00,0,107,1.00,0.00,1.00,0,1,0.00,0.00,0,0
1508085741,lo,0.00,0.00,0.00,0,0,0.00,0.00,0.00,0,0,0.00,0.00,0,0
1508085741,s4,0.00,0.00,0.00,0,0,0.00,0.00,0.00,0,0,0.00,0.00,0,0
1508085741,total,260388.00,268702.00,529090.00,268702,260388,296.00,297.00,593.00,297,296,0.00,0.00,0,0
1508085742,s5,0.00,0.00,0.00,0,0,0.00,0.00,0.00,0,0,0.00,0.00,0,0
1508085742,s1,0.00,0.00,0.00,0,0,0.00,0.00,0.00,0,0,0.00,0.00,0,0
1508085742,eth0,0.00,0.00,0.00,0,0,0.00,0.00,0.00,0,0,0.00,0.00,0,0
1508085742,eth1,0.00,0.00,0.00,0,0,0.00,0.00,0.00,0,0,0.00,0.00,0,0
1508085742,s2,0.00,0.00,0.00,0,0,0.00,0.00,0.00,0,0,0.00,0.00,0,0
1508085742,s1-eth2,10464.00,261922.00,272386.00,261922,10464,134.00,173.00,307.00,173,134,0.00,0.00,0,0
1508085742,s1-eth1,248366.00,10394.00,258760.00,10394,248366,165.00,133.00,298.00,133,165,0.00,0.00,0,0
1508085742,s2-eth2,70.00,0.00,70.00,0,70,1.00,0.00,1.00,0,1,0.00,0.00,0,0
1508085742,s2-eth1,70.00,0.00,70.00,0,70,1.00,0.00,1.00,0,1,0.00,0.00,0,0
1508085742,lo,0.00,0.00,0.00,0,0,0.00,0.00,0.00,0,0,0.00,0.00,0,0
1508085742,s4,0.00,0.00,0.00,0,0,0.00,0.00,0.00,0,0,0.00,0.00,0,0
1508085742,total,258970.00,272316.00,531286.00,272316,258970,301.00,306.00,607.00,306,301,0.00,0.00,0,0
1508085743,s5,0.00,0.00,0.00,0,0,0.00,0.00,0.00,0,0,0.00,0.00,0,0
1508085743,s1,0.00,0.00,0.00,0,0,0.00,0.00,0.00,0,0,0.00,0.00,0,0
1508085743,eth0,0.00,0.00,0.00,0,0,0.00,0.00,0.00,0,0,0.00,0.00,0,0
1508085743,eth1,0.00,0.00,0.00,0,0,0.00,0.00,0.00,0,0,0.00,0.00,0,0
1508085743,s2,0.00,0.00,0.00,0,0,0.00,0.00,0.00,0,0,0.00,0.00,0,0
1508085743,s1-eth2,9562.00,261922.00,271484.00,261922,9562,125.00,173.00,298.00,173,125,0.00,0.00,0,0
1508085743,s1-eth1,249810.00,9562.00,259372.00,9562,249810,165.00,125.00,290.00,125,165,0.00,0.00,0,0
1508085743,s2-eth2,0.00,0.00,0.00,0,0,0.00,0.00,0.00,0,0,0.00,0.00,0,0
1508085743,s2-eth1,342.00,0.00,342.00,0,342,1.00,0.00,1.00,0,1,0.00,0.00,0,0
1508085743,lo,172.00,172.00,344.00,172,172,3.00,3.00,6.00,3,3,0.00,0.00,0,0
1508085743,s4,0.00,0.00,0.00,0,0,0.00,0.00,0.00,0,0,0.00,0.00,0,0
1508085743,total,259886.00,271656.00,531542.00,271656,259886,294.00,301.00,595.00,301,294,0.00,0.00,0,0
1508085744,s5,0.00,0.00,0.00,0,0,0.00,0.00,0.00,0,0,0.00,0.00,0,0
1508085744,s1,0.00,0.00,0.00,0,0,0.00,0.00,0.00,0,0,0.00,0.00,0,0
1508085744,eth0,0.00,0.00,0.00,0,0,0.00,0.00,0.00,0,0,0.00,0.00,0,0
1508085744,eth1,0.00,0.00,0.00,0,0,0.00,0.00,0.00,0,0,0.00,0.00,0,0
1508085744,s2,0.00,0.00,0.00,0,0,0.00,0.00,0.00,0,0,0.00,0.00,0,0
1508085744,s1-eth2,7466.00,198334.00,205800.00,198334,7466,97.00,131.00,228.00,131,97,0.00,0.00,0,0
1508085744,s1-eth1,194134.00,7466.00,201600.00,7466,194134,129.00,97.00,226.00,97,129,0.00,0.00,0,0
1508085744,s2-eth2,0.00,0.00,0.00,0,0,0.00,0.00,0.00,0,0,0.00,0.00,0,0
1508085744,s2-eth1,0.00,0.00,0.00,0,0,0.00,0.00,0.00,0,0,0.00,0.00,0,0
1508085744,lo,172.00,172.00,344.00,172,172,3.00,3.00,6.00,3,3,0.00,0.00,0,0
1508085744,s4,0.00,0.00,0.00,0,0,0.00,0.00,0.00,0,0,0.00,0.00,0,0
1508085744,total,201772.00,205972.00,407744.00,205972,201772,229.00,231.00,460.00,231,229,0.00,0.00,0,0
1508085745,s5,0.00,0.00,0.00,0,0,0.00,0.00,0.00,0,0,0.00,0.00,0,0
1508085745,s1,0.00,0.00,0.00,0,0,0.00,0.00,0.00,0,0,0.00,0.00,0,0
1508085745,eth0,0.00,0.00,0.00,0,0,0.00,0.00,0.00,0,0,0.00,0.00,0,0
1508085745,eth1,0.00,0.00,0.00,0,0,0.00,0.00,0.00,0,0,0.00,0.00,0,0
1508085745,s2,0.00,0.00,0.00,0,0,0.00,0.00,0.00,0,0,0.00,0.00,0,0
1508085745,s1-eth2,7484.52,225680.33,233164.84,225906,7492,97.90,152.85,250.75,153,98,0.00,0.00,0,0
1508085745,s1-eth1,228705.30,7484.52,236189.81,7492,228934,154.85,97.90,252.75,98,155,0.00,0.00,0,0
1508085745,s2-eth2,341.66,0.00,341.66,0,342,1.00,0.00,1.00,0,1,0.00,0.00,0,0
1508085745,s2-eth1,0.00,0.00,0.00,0,0,0.00,0.00,0.00,0,0,0.00,0.00,0,0
1508085745,lo,343.66,343.66,687.31,344,344,5.99,5.99,11.99,6,6,0.00,0.00,0,0
1508085745,s4,0.00,0.00,0.00,0,0,0.00,0.00,0.00,0,0,0.00,0.00,0,0
1508085745,total,236875.12,233508.50,470383.62,233742,237112,259.74,256.74,516.48,257,260,0.00,0.00,0,0
1508085746,s5,0.00,0.00,0.00,0,0,0.00,0.00,0.00,0,0,0.00,0.00,0,0
1508085746,s1,0.00,0.00,0.00,0,0,0.00,0.00,0.00,0,0,0.00,0.00,0,0
1508085746,eth0,0.00,0.00,0.00,0,0,0.00,0.00,0.00,0,0,0.00,0.00,0,0
1508085746,eth1,0.00,0.00,0.00,0,0,0.00,0.00,0.00,0,0,0.00,0.00,0,0
1508085746,s2,0.00,0.00,0.00,0,0,0.00,0.00,0.00,0,0,0.00,0.00,0,0
1508085746,s1-eth2,0.00,0.00,0.00,0,0,0.00,0.00,0.00,0,0,0.00,0.00,0,0
1508085746,s1-eth1,0.00,0.00,0.00,0,0,0.00,0.00,0.00,0,0,0.00,0.00,0,0
1508085746,s2-eth2,0.00,0.00,0.00,0,0,0.00,0.00,0.00,0,0,0.00,0.00,0,0
1508085746,s2-eth1,0.00,0.00,0.00,0,0,0.00,0.00,0.00,0,0,0.00,0.00,0,0
1508085746,lo,0.00,0.00,0.00,0,0,0.00,0.00,0.00,0,0,0.00,0.00,0,0
1508085746,s4,0.00,0.00,0.00,0,0,0.00,0.00,0.00,0,0,0.00,0.00,0,0
1508085746,total,0.00,0.00,0.00,0,0,0.00,0.00,0.00,0,0,0.00,0.00,0,0
1508085747,s5,0.00,0.00,0.00,0,0,0.00,0.00,0.00,0,0,0.00,0.00,0,0
1508085747,s1,0.00,0.00,0.00,0,0,0.00,0.00,0.00,0,0,0.00,0.00,0,0
1508085747,eth0,0.00,0.00,0.00,0,0,0.00,0.00,0.00,0,0,0.00,0.00,0,0
1508085747,eth1,0.00,0.00,0.00,0,0,0.00,0.00,0.00,0,0,0.00,0.00,0,0
1508085747,s2,0.00,0.00,0.00,0,0,0.00,0.00,0.00,0,0,0.00,0.00,0,0
1508085747,s1-eth2,0.00,0.00,0.00,0,0,0.00,0.00,0.00,0,0,0.00,0.00,0,0
1508085747,s1-eth1,0.00,0.00,0.00,0,0,0.00,0.00,0.00,0,0,0.00,0.00,0,0
1508085747,s2-eth2,0.00,0.00,0.00,0,0,0.00,0.00,0.00,0,0,0.00,0.00,0,0
1508085747,s2-eth1,0.00,0.00,0.00,0,0,0.00,0.00,0.00,0,0,0.00,0.00,0,0
1508085747,lo,0.00,0.00,0.00,0,0,0.00,0.00,0.00,0,0,0.00,0.00,0,0
1508085747,s4,0.00,0.00,0.00,0,0,0.00,0.00,0.00,0,0,0.00,0.00,0,0
1508085747,total,0.00,0.00,0.00,0,0,0.00,0.00,0.00,0,0,0.00,0.00,0,0
1508085748,s5,0.00,0.00,0.00,0,0,0.00,0.00,0.00,0,0,0.00,0.00,0,0
1508085748,s1,0.00,0.00,0.00,0,0,0.00,0.00,0.00,0,0,0.00,0.00,0,0
1508085748,eth0,0.00,0.00,0.00,0,0,0.00,0.00,0.00,0,0,0.00,0.00,0,0
1508085748,eth1,0.00,0.00,0.00,0,0,0.00,0.00,0.00,0,0,0.00,0.00,0,0
1508085748,s2,0.00,0.00,0.00,0,0,0.00,0.00,0.00,0,0,0.00,0.00,0,0
1508085748,s1-eth2,0.00,0.00,0.00,0,0,0.00,0.00,0.00,0,0,0.00,0.00,0,0
1508085748,s1-eth1,0.00,0.00,0.00,0,0,0.00,0.00,0.00,0,0,0.00,0.00,0,0
1508085748,s2-eth2,0.00,0.00,0.00,0,0,0.00,0.00,0.00,0,0,0.00,0.00,0,0
1508085748,s2-eth1,0.00,0.00,0.00,0,0,0.00,0.00,0.00,0,0,0.00,0.00,0,0
1508085748,lo,172.00,172.00,344.00,172,172,3.00,3.00,6.00,3,3,0.00,0.00,0,0
1508085748,s4,0.00,0.00,0.00,0,0,0.00,0.00,0.00,0,0,0.00,0.00,0,0
1508085748,total,172.00,172.00,344.00,172,172,3.00,3.00,6.00,3,3,0.00,0.00,0,0
1508085749,s5,0.00,0.00,0.00,0,0,0.00,0.00,0.00,0,0,0.00,0.00,0,0
1508085749,s1,0.00,0.00,0.00,0,0,0.00,0.00,0.00,0,0,0.00,0.00,0,0
1508085749,eth0,0.00,0.00,0.00,0,0,0.00,0.00,0.00,0,0,0.00,0.00,0,0
1508085749,eth1,0.00,0.00,0.00,0,0,0.00,0.00,0.00,0,0,0.00,0.00,0,0
1508085749,s2,0.00,0.00,0.00,0,0,0.00,0.00,0.00,0,0,0.00,0.00,0,0
1508085749,s1-eth2,107.00,0.00,107.00,0,107,1.00,0.00,1.00,0,1,0.00,0.00,0,0
1508085749,s1-eth1,107.00,0.00,107.00,0,107,1.00,0.00,1.00,0,1,0.00,0.00,0,0
1508085749,s2-eth2,107.00,0.00,107.00,0,107,1.00,0.00,1.00,0,1,0.00,0.00,0,0
1508085749,s2-eth1,107.00,0.00,107.00,0,107,1.00,0.00,1.00,0,1,0.00,0.00,0,0
1508085749,lo,172.00,172.00,344.00,172,172,3.00,3.00,6.00,3,3,0.00,0.00,0,0
1508085749,s4,0.00,0.00,0.00,0,0,0.00,0.00,0.00,0,0,0.00,0.00,0,0
1508085749,total,600.00,172.00,772.00,172,600,7.00,3.00,10.00,3,7,0.00,0.00,0,0
1508085750,s5,0.00,0.00,0.00,0,0,0.00,0.00,0.00,0,0,0.00,0.00,0,0
1508085750,s1,0.00,0.00,0.00,0,0,0.00,0.00,0.00,0,0,0.00,0.00,0,0
1508085750,eth0,0.00,0.00,0.00,0,0,0.00,0.00,0.00,0,0,0.00,0.00,0,0
1508085750,eth1,0.00,0.00,0.00,0,0,0.00,0.00,0.00,0,0,0.00,0.00,0,0
1508085750,s2,0.00,0.00,0.00,0,0,0.00,0.00,0.00,0,0,0.00,0.00,0,0
1508085750,s1-eth2,342.00,0.00,342.00,0,342,1.00,0.00,1.00,0,1,0.00,0.00,0,0
1508085750,s1-eth1,0.00,0.00,0.00,0,0,0.00,0.00,0.00,0,0,0.00,0.00,0,0
1508085750,s2-eth2,0.00,0.00,0.00,0,0,0.00,0.00,0.00,0,0,0.00,0.00,0,0
1508085750,s2-eth1,0.00,0.00,0.00,0,0,0.00,0.00,0.00,0,0,0.00,0.00,0,0
1508085750,lo,344.00,344.00,688.00,344,344,6.00,6.00,12.00,6,6,0.00,0.00,0,0
1508085750,s4,0.00,0.00,0.00,0,0,0.00,0.00,0.00,0,0,0.00,0.00,0,0
1508085750,total,686.00,344.00,1030.00,344,686,7.00,6.00,13.00,6,7,0.00,0.00,0,0
1508085751,s5,0.00,0.00,0.00,0,0,0.00,0.00,0.00,0,0,0.00,0.00,0,0
1508085751,s1,0.00,0.00,0.00,0,0,0.00,0.00,0.00,0,0,0.00,0.00,0,0
1508085751,eth0,0.00,0.00,0.00,0,0,0.00,0.00,0.00,0,0,0.00,0.00,0,0
1508085751,eth1,0.00,0.00,0.00,0,0,0.00,0.00,0.00,0,0,0.00,0.00,0,0
1508085751,s2,0.00,0.00,0.00,0,0,0.00,0.00,0.00,0,0,0.00,0.00,0,0
1508085751,s1-eth2,0.00,0.00,0.00,0,0,0.00,0.00,0.00,0,0,0.00,0.00,0,0
1508085751,s1-eth1,0.00,0.00,0.00,0,0,0.00,0.00,0.00,0,0,0.00,0.00,0,0
1508085751,s2-eth2,0.00,0.00,0.00,0,0,0.00,0.00,0.00,0,0,0.00,0.00,0,0
1508085751,s2-eth1,342.00,0.00,342.00,0,342,1.00,0.00,1.00,0,1,0.00,0.00,0,0
1508085751,lo,0.