1508036112,s5,0.00,0.00,0.00,0,0,0.00,0.00,0.00,0,0,0.00,0.00,0,0
1508036112,eth0,0.00,0.00,0.00,0,0,0.00,0.00,0.00,0,0,0.00,0.00,0,0
1508036112,eth1,0.00,0.00,0.00,0,0,0.00,0.00,0.00,0,0,0.00,0.00,0,0
1508036112,s2,0.00,0.00,0.00,0,0,0.00,0.00,0.00,0,0,0.00,0.00,0,0
1508036112,s2-eth2,0.00,0.00,0.00,0,0,0.00,0.00,0.00,0,0,0.00,0.00,0,0
1508036112,s2-eth1,0.00,0.00,0.00,0,0,0.00,0.00,0.00,0,0,0.00,0.00,0,0
1508036112,lo,0.00,0.00,0.00,0,0,0.00,0.00,0.00,0,0,0.00,0.00,0,0
1508036112,s4,0.00,0.00,0.00,0,0,0.00,0.00,0.00,0,0,0.00,0.00,0,0
1508036112,total,0.00,0.00,0.00,0,0,0.00,0.00,0.00,0,0,0.00,0.00,0,0
1508036113,s5,0.00,0.00,0.00,0,0,0.00,0.00,0.00,0,0,0.00,0.00,0,0
1508036113,eth0,303.70,489.51,793.21,490,304,4.00,4.00,7.99,4,4,0.00,0.00,0,0
1508036113,eth1,0.00,0.00,0.00,0,0,0.00,0.00,0.00,0,0,0.00,0.00,0,0
1508036113,s2,249.75,89.91,339.66,90,250,3.00,1.00,4.00,1,3,0.00,0.00,0,0
1508036113,s2-eth2,11788.21,206113.89,217902.11,206320,11800,125.87,119.88,245.75,120,126,0.00,0.00,0,0
1508036113,s2-eth1,247026.98,9684.32,256711.30,9694,247274,134.87,114.89,249.75,115,135,0.00,0.00,0,0
1508036113,lo,1812.19,1812.19,3624.38,1814,1814,19.98,19.98,39.96,20,20,0.00,0.00,0,0
1508036113,s4,0.00,0.00,0.00,0,0,0.00,0.00,0.00,0,0,0.00,0.00,0,0
1508036113,total,261180.83,218189.81,479370.66,218408,261442,287.71,259.74,547.45,260,288,0.00,0.00,0,0
1508036114,s5,0.00,0.00,0.00,0,0,0.00,0.00,0.00,0,0,0.00,0.00,0,0
1508036114,eth0,151.85,244.76,396.60,245,152,2.00,2.00,4.00,2,2,0.00,0.00,0,0
1508036114,eth1,0.00,0.00,0.00,0,0,0.00,0.00,0.00,0,0,0.00,0.00,0,0
1508036114,s2,0.00,0.00,0.00,0,0,0.00,0.00,0.00,0,0,0.00,0.00,0,0
1508036114,s2-eth2,8427.57,170313.69,178741.27,170484,8436,104.90,81.92,186.81,82,105,0.00,0.00,0,0
1508036114,s2-eth1,188493.52,7492.51,195986.02,7500,188682,99.90,101.90,201.80,102,100,0.00,0.00,0,0
1508036114,lo,340.66,340.66,681.32,341,341,4.00,4.00,7.99,4,4,0.00,0.00,0,0
1508036114,s4,0.00,0.00,0.00,0,0,0.00,0.00,0.00,0,0,0.00,0.00,0,0
1508036114,total,197413.59,178391.61,375805.22,178570,197611,210.79,189.81,400.60,190,211,0.00,0.00,0,0
1508036115,s5,0.00,0.00,0.00,0,0,0.00,0.00,0.00,0,0,0.00,0.00,0,0
1508036115,eth0,0.00,0.00,0.00,0,0,0.00,0.00,0.00,0,0,0.00,0.00,0,0
1508036115,eth1,0.00,0.00,0.00,0,0,0.00,0.00,0.00,0,0,0.00,0.00,0,0
1508036115,s2,0.00,0.00,0.00,0,0,0.00,0.00,0.00,0,0,0.00,0.00,0,0
1508036115,s2-eth2,3117.00,108674.00,111791.00,108674,3117,44.00,45.00,89.00,45,44,0.00,0.00,0,0
1508036115,s2-eth1,103077.00,3010.00,106087.00,3010,103077,44.00,43.00,87.00,43,44,0.00,0.00,0,0
1508036115,lo,0.00,0.00,0.00,0,0,0.00,0.00,0.00,0,0,0.00,0.00,0,0
1508036115,s4,0.00,0.00,0.00,0,0,0.00,0.00,0.00,0,0,0.00,0.00,0,0
1508036115,total,106194.00,111684.00,217878.00,111684,106194,88.00,88.00,176.00,88,88,0.00,0.00,0,0
1508036116,s5,0.00,0.00,0.00,0,0,0.00,0.00,0.00,0,0,0.00,0.00,0,0
1508036116,eth0,0.00,0.00,0.00,0,0,0.00,0.00,0.00,0,0,0.00,0.00,0,0
1508036116,eth1,0.00,0.00,0.00,0,0,0.00,0.00,0.00,0,0,0.00,0.00,0,0
1508036116,s2,0.00,139.86,139.86,140,0,0.00,2.00,2.00,2,0,0.00,0.00,0,0
1508036116,s2-eth2,2720.28,103966.04,106686.32,104070,2723,36.96,40.96,77.92,41,37,0.00,0.00,0,0
1508036116,s2-eth1,110191.81,2383.62,112575.43,2386,110302,43.96,34.97,78.92,35,44,0.00,0.00,0,0
1508036116,lo,879.12,879.12,1758.24,880,880,11.99,11.99,23.98,12,12,0.00,0.00,0,0
1508036116,s4,0.00,0.00,0.00,0,0,0.00,0.00,0.00,0,0,0.00,0.00,0,0
1508036116,total,113791.21,107368.63,221159.84,107476,113905,92.91,89.91,182.82,90,93,0.00,0.00,0,0
1508036117,s5,0.00,0.00,0.00,0,0,0.00,0.00,0.00,0,0,0.00,0.00,0,0
1508036117,eth0,0.00,0.00,0.00,0,0,0.00,0.00,0.00,0,0,0.00,0.00,0,0
1508036117,eth1,0.00,0.00,0.00,0,0,0.00,0.00,0.00,0,0,0.00,0.00,0,0
1508036117,s2,69.93,0.00,69.93,0,70,1.00,0.00,1.00,0,1,0.00,0.00,0,0
1508036117,s2-eth2,2506.49,71346.66,73853.15,71418,2509,31.97,28.97,60.94,29,32,0.00,0.00,0,0
1508036117,s2-eth1,67341.66,2109.89,69451.55,2112,67409,29.97,29.97,59.94,30,30,0.00,0.00,0,0
1508036117,lo,267.73,267.73,535.46,268,268,3.00,3.00,5.99,3,3,0.00,0.00,0,0
1508036117,s4,0.00,0.00,0.00,0,0,0.00,0.00,0.00,0,0,0.00,0.00,0,0
1508036117,total,70185.81,73724.28,143910.09,73798,70256,65.93,61.94,127.87,62,66,0.00,0.00,0,0
1508036118,s5,0.00,0.00,0.00,0,0,0.00,0.00,0.00,0,0,0.00,0.00,0,0
1508036118,eth0,0.00,0.00,0.00,0,0,0.00,0.00,0.00,0,0,0.00,0.00,0,0
1508036118,eth1,0.00,0.00,0.00,0,0,0.00,0.00,0.00,0,0,0.00,0.00,0,0
1508036118,s2,0.00,0.00,0.00,0,0,0.00,0.00,0.00,0,0,0.00,0.00,0,0
1508036118,s2-eth2,2002.00,69570.43,71572.43,69640,2004,25.97,23.98,49.95,24,26,0.00,0.00,0,0
1508036118,s2-eth1,66677.33,1660.34,68337.66,1662,66744,23.98,24.98,48.95,25,24,0.00,0.00,0,0
1508036118,lo,0.00,0.00,0.00,0,0,0.00,0.00,0.00,0,0,0.00,0.00,0,0
1508036118,s4,0.00,0.00,0.00,0,0,0.00,0.00,0.00,0,0,0.00,0.00,0,0
1508036118,total,68679.32,71230.77,139910.09,71302,68748,49.95,48.95,98.90,49,50,0.00,0.00,0,0
1508036119,s5,0.00,0.00,0.00,0,0,0.00,0.00,0.00,0,0,0.00,0.00,0,0
1508036119,eth0,0.00,0.00,0.00,0,0,0.00,0.00,0.00,0,0,0.00,0.00,0,0
1508036119,eth1,0.00,0.00,0.00,0,0,0.00,0.00,0.00,0,0,0.00,0.00,0,0
1508036119,s2,0.00,0.00,0.00,0,0,0.00,0.00,0.00,0,0,0.00,0.00,0,0
1508036119,s2-eth2,1689.31,73976.02,75665.34,74050,1691,24.98,24.98,49.95,25,25,0.00,0.00,0,0
1508036119,s2-eth1,76935.07,1582.42,78517.48,1584,77012,25.97,23.98,49.95,24,26,0.00,0.00,0,0
1508036119,lo,0.00,0.00,0.00,0,0,0.00,0.00,0.00,0,0,0.00,0.00,0,0
1508036119,s4,0.00,0.00,0.00,0,0,0.00,0.00,0.00,0,0,0.00,0.00,0,0
1508036119,total,78624.38,75558.45,154182.83,75634,78703,50.95,48.95,99.90,49,51,0.00,0.00,0,0
1508036120,s5,0.00,0.00,0.00,0,0,0.00,0.00,0.00,0,0,0.00,0.00,0,0
1508036120,eth0,0.00,0.00,0.00,0,0,0.00,0.00,0.00,0,0,0.00,0.00,0,0
1508036120,eth1,0.00,0.00,0.00,0,0,0.00,0.00,0.00,0,0,0.00,0.00,0,0
1508036120,s2,0.00,140.00,140.00,140,0,0.00,2.00,2.00,2,0,0.00,0.00,0,0
1508036120,s2-eth2,1574.00,65366.00,66940.00,65366,1574,23.00,25.00,48.00,25,23,0.00,0.00,0,0
1508036120,s2-eth1,65815.00,1504.00,67319.00,1504,65815,27.00,22.00,49.00,22,27,0.00,0.00,0,0
1508036120,lo,536.00,536.00,1072.00,536,536,6.00,6.00,12.00,6,6,0.00,0.00,0,0
1508036120,s4,0.00,0.00,0.00,0,0,0.00,0.00,0.00,0,0,0.00,0.00,0,0
1508036120,total,67925.00,67546.00,135471.00,67546,67925,56.00,55.00,111.00,55,56,0.00,0.00,0,0
1508036121,s5,0.00,0.00,0.00,0,0,0.00,0.00,0.00,0,0,0.00,0.00,0,0
1508036121,eth0,0.00,0.00,0.00,0,0,0.00,0.00,0.00,0,0,0.00,0.00,0,0
1508036121,eth1,0.00,0.00,0.00,0,0,0.00,0.00,0.00,0,0,0.00,0.00,0,0
1508036121,s2,70.00,0.00,70.00,0,70,1.00,0.00,1.00,0,1,0.00,0.00,0,0
1508036121,s2-eth2,1834.00,74182.00,76016.00,74182,1834,27.00,27.00,54.00,27,27,0.00,0.00,0,0
1508036121,s2-eth1,59512.00,1764.00,61276.00,1764,59512,24.00,26.00,50.00,26,24,0.00,0.00,0,0
1508036121,lo,612.00,612.00,1224.00,612,612,9.00,9.00,18.00,9,9,0.00,0.00,0,0
1508036121,s4,0.00,0.00,0.00,0,0,0.00,0.00,0.00,0,0,0.00,0.00,0,0
1508036121,total,62028.00,76558.00,138586.00,76558,62028,61.00,62.00,123.00,62,61,0.00,0.00,0,0
1508036122,s5,0.00,0.00,0.00,0,0,0.00,0.00,0.00,0,0,0.00,0.00,0,0
1508036122,eth0,0.00,0.00,0.00,0,0,0.00,0.00,0.00,0,0,0.00,0.00,0,0
1508036122,eth1,0.00,0.00,0.00,0,0,0.00,0.00,0.00,0,0,0.00,0.00,0,0
1508036122,s2,0.00,0.00,0.00,0,0,0.00,0.00,0.00,0,0,0.00,0.00,0,0
1508036122,s2-eth2,1518.00,71088.00,72606.00,71088,1518,23.00,24.00,47.00,24,23,0.00,0.00,0,0
1508036122,s2-eth1,82936.00,1518.00,84454.00,1518,82936,28.00,23.00,51.00,23,28,0.00,0.00,0,0
1508036122,lo,0.00,0.00,0.00,0,0,0.00,0.00,0.00,0,0,0.00,0.00,0,0
1508036122,s4,0.00,0.00,0.00,0,0,0.00,0.00,0.00,0,0,0.00,0.00,0,0
1508036122,total,84454.00,72606.00,157060.00,72606,84454,51.00,47.00,98.00,47,51,0.00,0.00,0,0
1508036123,s5,0.00,0.00,0.00,0,0,0.00,0.00,0.00,0,0,0.00,0.00,0,0
1508036123,eth0,0.00,0.00,0.00,0,0,0.00,0.00,0.00,0,0,0.00,0.00,0,0
1508036123,eth1,0.00,0.00,0.00,0,0,0.00,0.00,0.00,0,0,0.00,0.00,0,0
1508036123,s2,0.00,0.00,0.00,0,0,0.00,0.00,0.00,0,0,0.00,0.00,0,0
1508036123,s2-eth2,1978.02,91730.27,93708.30,91822,1980,29.97,30.97,60.94,31,30,0.00,0.00,0,0
1508036123,s2-eth1,79894.11,1978.02,81872.13,1980,79974,26.97,29.97,56.94,30,27,0.00,0.00,0,0
1508036123,lo,0.00,0.00,0.00,0,0,0.00,0.00,0.00,0,0,0.00,0.00,0,0
1508036123,s4,0.00,0.00,0.00,0,0,0.00,0.00,0.00,0,0,0.00,0.00,0,0
1508036123,total,81872.13,93708.30,175580.42,93802,81954,56.94,60.94,117.88,61,57,0.00,0.00,0,0
1508036124,s5,0.00,0.00,0.00,0,0,0.00,0.00,0.00,0,0,0.00,0.00,0,0
1508036124,eth0,0.00,0.00,0.00,0,0,0.00,0.00,0.00,0,0,0.00,0.00,0,0
1508036124,eth1,0.00,0.00,0.00,0,0,0.00,0.00,0.00,0,0,0.00,0.00,0,0
1508036124,s2,0.00,0.00,0.00,0,0,0.00,0.00,0.00,0,0,0.00,0.00,0,0
1508036124,s2-eth2,2050.00,71616.00,73666.00,71616,2050,29.00,32.00,61.00,32,29,0.00,0.00,0,0
1508036124,s2-eth1,77540.00,2050.00,79590.00,2050,77540,34.00,29.00,63.00,29,34,0.00,0.00,0,0
1508036124,lo,0.00,0.00,0.00,0,0,0.00,0.00,0.00,0,0,0.00,0.00,0,0
1508036124,s4,0.00,0.00,0.00,0,0,0.00,0.00,0.00,0,0,0.00,0.00,0,0
1508036124,total,79590.00,73666.00,153256.00,73666,79590,63.00,61.00,124.00,61,63,0.00,0.00,0,0
1508036125,s5,0.00,0.00,0.00,0,0,0.00,0.00,0.00,0,0,0.00,0.00,0,0
1508036125,eth0,0.00,0.00,0.00,0,0,0.00,0.00,0.00,0,0,0.00,0.00,0,0
1508036125,eth1,0.00,0.00,0.00,0,0,0.00,0.00,0.00,0,0,0.00,0.00,0,0
1508036125,s2,0.00,0.00,0.00,0,0,0.00,0.00,0.00,0,0,0.00,0.00,0,0
1508036125,s2-eth2,2241.76,81802.20,84043.96,81884,2244,31.97,33.97,65.93,34,32,0.00,0.00,0,0
1508036125,s2-eth1,68387.62,2241.76,70629.38,2244,68456,27.97,31.97,59.94,32,28,0.00,0.00,0,0
1508036125,lo,171.83,171.83,343.66,172,172,3.00,3.00,5.99,3,3,0.00,0.00,0,0
1508036125,s4,0.00,0.00,0.00,0,0,0.00,0.00,0.00,0,0,0.00,0.00,0,0
1508036125,total,70801.20,84215.79,155016.98,84300,70872,62.94,68.93,131.87,69,63,0.00,0.00,0,0
1508036126,s5,0.00,0.00,0.00,0,0,0.00,0.00,0.00,0,0,0.00,0.00,0,0
1508036126,eth0,0.00,0.00,0.00,0,0,0.00,0.00,0.00,0,0,0.00,0.00,0,0
1508036126,eth1,0.00,0.00,0.00,0,0,0.00,0.00,0.00,0,0,0.00,0.00,0,0
1508036126,s2,0.00,0.00,0.00,0,0,0.00,0.00,0.00,0,0,0.00,0.00,0,0
1508036126,s2-eth2,1254.00,53316.00,54570.00,53316,1254,19.00,18.00,37.00,18,19,0.00,0.00,0,0
1508036126,s2-eth1,62268.00,1254.00,63522.00,1254,62268,22.00,19.00,41.00,19,22,0.00,0.00,0,0
1508036126,lo,344.00,344.00,688.00,344,344,6.00,6.00,12.00,6,6,0.00,0.00,0,0
1508036126,s4,0.00,0.00,0.00,0,0,0.00,0.00,0.00,0,0,0.00,0.00,0,0
1508036126,total,63866.00,54914.00,118780.00,54914,63866,47.00,43.00,90.00,43,47,0.00,0.00,0,0
1508036127,s5,0.00,0.00,0.00,0,0,0.00,0.00,0.00,0,0,0.00,0.00,0,0
1508036127,eth0,0.00,0.00,0.00,0,0,0.00,0.00,0.00,0,0,0.00,0.00,0,0
1508036127,eth1,0.00,0.00,0.00,0,0,0.00,0.00,0.00,0,0,0.00,0.00,0,0
1508036127,s2,0.00,0.00,0.00,0,0,0.00,0.00,0.00,0,0,0.00,0.00,0,0
1508036127,s2-eth2,1755.24,76935.07,78690.31,77012,1757,25.97,25.97,51.95,26,26,0.00,0.00,0,0
1508036127,s2-eth1,65098.90,1648.35,66747.26,1650,65164,21.98,24.98,46.95,25,22,0.00,0.00,0,0
1508036127,lo,0.00,0.00,0.00,0,0,0.00,0.00,0.00,0,0,0.00,0.00,0,0
1508036127,s4,0.00,0.00,0.00,0,0,0.00,0.00,0.00,0,0,0.00,0.00,0,0
1508036127,total,66854.15,78583.42,145437.56,78662,66921,47.95,50.95,98.90,51,48,0.00,0.00,0,0
1508036128,s5,0.00,0.00,0.00,0,0,0.00,0.00,0.00,0,0,0.00,0.00,0,0
1508036128,eth0,0.00,0.00,0.00,0,0,0.00,0.00,0.00,0,0,0.00,0.00,0,0
1508036128,eth1,0.00,0.00,0.00,0,0,0.00,0.00,0.00,0,0,0.00,0.00,0,0
1508036128,s2,0.00,0.00,0.00,0,0,0.00,0.00,0.00,0,0,0.00,0.00,0,0
1508036128,s2-eth2,2025.97,93374.62,95400.60,93468,2028,29.97,33.97,63.94,34,30,0.00,0.00,0,0
1508036128,s2-eth1,99399.60,2025.97,101425.58,2028,99499,36.96,29.97,66.93,30,37,0.00,0.00,0,0
1508036128,lo,0.00,0.00,0.00,0,0,0.00,0.00,0.00,0,0,0.00,0.00,0,0
1508036128,s4,0.00,0.00,0.00,0,0,0.00,0.00,0.00,0,0,0.00,0.00,0,0
1508036128,total,101425.58,95400.60,196826.17,95496,101527,66.93,63.94,130.87,64,67,0.00,0.00,0,0
1508036129,s5,0.00,0.00,0.00,0,0,0.00,0.00,0.00,0,0,0.00,0.00,0,0
1508036129,eth0,0.00,0.00,0.00,0,0,0.00,0.00,0.00,0,0,0.00,0.00,0,0
1508036129,eth1,0.00,0.00,0.00,0,0,0.00,0.00,0.00,0,0,0.00,0.00,0,0
1508036129,s2,0.00,0.00,0.00,0,0,0.00,0.00,0.00,0,0,0.00,0.00,0,0
1508036129,s2-eth2,3410.00,108674.00,112084.00,108674,3410,45.00,45.00,90.00,45,45,0.00,0.00,0,0
1508036129,s2-eth1,96826.00,3068.00,99894.00,3068,96826,41.00,44.00,85.00,44,41,0.00,0.00,0,0
1508036129,lo,0.00,0.00,0.00,0,0,0.00,0.00,0.00,0,0,0.00,0.00,0,0
1508036129,s4,0.00,0.00,0.00,0,0,0.00,0.00,0.00,0,0,0.00,0.00,0,0
1508036129,total,100236.00,111742.00,211978.00,111742,100236,86.00,89.00,175.00,89,86,0.00,0.00,0,0
1508036130,s5,0.00,0.00,0.00,0,0,0.00,0.00,0.00,0,0,0.00,0.00,0,0
1508036130,eth0,0.00,0.00,0.00,0,0,0.00,0.00,0.00,0,0,0.00,0.00,0,0
1508036130,eth1,0.00,0.00,0.00,0,0,0.00,0.00,0.00,0,0,0.00,0.00,0,0
1508036130,s2,0.00,0.00,0.00,0,0,0.00,0.00,0.00,0,0,0.00,0.00,0,0
1508036130,s2-eth2,2712.00,123220.00,125932.00,123220,2712,40.00,46.00,86.00,46,40,0.00,0.00,0,0
1508036130,s2-eth1,126050.00,2712.00,128762.00,2712,126050,45.00,40.00,85.00,40,45,0.00,0.00,0,0
1508036130,lo,172.00,172.00,344.00,172,172,3.00,3.00,6.00,3,3,0.00,0.00,0,0
1508036130,s4,0.00,0.00,0.00,0,0,0.00,0.00,0.00,0,0,0.00,0.00,0,0
1508036130,total,128934.00,126104.00,255038.00,126104,128934,88.00,89.00,177.00,89,88,0.00,0.00,0,0
1508036131,s5,0.00,0.00,0.00,0,0,0.00,0.00,0.00,0,0,0.00,0.00,0,0
1508036131,eth0,0.00,0.00,0.00,0,0,0.00,0.00,0.00,0,0,0.00,0.00,0,0
1508036131,eth1,0.00,0.00,0.00,0,0,0.00,0.00,0.00,0,0,0.00,0.00,0,0
1508036131,s2,0.00,0.00,0.00,0,0,0.00,0.00,0.00,0,0,0.00,0.00,0,0
1508036131,s2-eth2,2121.88,69834.16,71956.05,69904,2124,29.97,27.97,57.94,28,30,0.00,0.00,0,0
1508036131,s2-eth1,70241.76,2121.88,72363.64,2124,70312,29.97,29.97,59.94,30,30,0.00,0.00,0,0
1508036131,lo,343.66,343.66,687.31,344,344,5.99,5.99,11.99,6,6,0.00,0.00,0,0
1508036131,s4,0.00,0.00,0.00,0,0,0.00,0.00,0.00,0,0,0.00,0.00,0,0
1508036131,total,72707.30,72299.70,145007.00,72372,72780,65.93,63.94,129.87,64,66,0.00,0.00,0,0
1508036132,s5,0.00,0.00,0.00,0,0,0.00,0.00,0.00,0,0,0.00,0.00,0,0
1508036132,eth0,0.00,0.00,0.00,0,0,0.00,0.00,0.00,0,0,0.00,0.00,0,0
1508036132,eth1,0.00,0.00,0.00,0,0,0.00,0.00,0.00,0,0,0.00,0.00,0,0
1508036132,s2,0.00,0.00,0.00,0,0,0.00,0.00,0.00,0,0,0.00,0.00,0,0
1508036132,s2-eth2,1782.00,78526.00,80308.00,78526,1782,27.00,27.00,54.00,27,27,0.00,0.00,0,0
1508036132,s2-eth1,74116.00,1782.00,75898.00,1782,74116,26.00,27.00,53.00,27,26,0.00,0.00,0,0
1508036132,lo,0.00,0.00,0.00,0,0,0.00,0.00,0.00,0,0,0.00,0.00,0,0
1508036132,s4,0.00,0.00,0.00,0,0,0.00,0.00,0.00,0,0,0.00,0.00,0,0
1508036132,total,75898.00,80308.00,156206.00,80308,75898,53.00,54.00,107.00,54,53,0.00,0.00,0,0
1508036133,s5,0.00,0.00,0.00,0,0,0.00,0.00,0.00,0,0,0.00,0.00,0,0
1508036133,eth0,0.00,0.00,0.00,0,0,0.00,0.00,0.00,0,0,0.00,0.00,0,0
1508036133,eth1,0.00,0.00,0.00,0,0,0.00,0.00,0.00,0,0,0.00,0.00,0,0
1508036133,s2,0.00,0.00,0.00,0,0,0.00,0.00,0.00,0,0,0.00,0.00,0,0
1508036133,s2-eth2,1534.47,62403.60,63938.06,62466,1536,21.98,24.98,46.95,25,22,0.00,0.00,0,0
1508036133,s2-eth1,63850.15,1534.47,65384.62,1536,63914,24.98,21.98,46.95,22,25,0.00,0.00,0,0
1508036133,lo,0.00,0.00,0.00,0,0,0.00,0.00,0.00,0,0,0.00,0.00,0,0
1508036133,s4,0.00,0.00,0.00,0,0,0.00,0.00,0.00,0,0,0.00,0.00,0,0
1508036133,total,65384.62,63938.06,129322.68,64002,65450,46.95,46.95,93.91,47,47,0.00,0.00,0,0
1508036134,s5,0.00,0.00,0.00,0,0,0.00,0.00,0.00,0,0,0.00,0.00,0,0
1508036134,eth0,0.00,0.00,0.00,0,0,0.00,0.00,0.00,0,0,0.00,0.00,0,0
1508036134,eth1,0.00,0.00,0.00,0,0,0.00,0.00,0.00,0,0,0.00,0.00,0,0
1508036134,s2,0.00,0.00,0.00,0,0,0.00,0.00,0.00,0,0,0.00,0.00,0,0
1508036134,s2-eth2,1686.00,72734.00,74420.00,72734,1686,25.00,27.00,52.00,27,25,0.00,0.00,0,0
1508036134,s2-eth1,57924.00,1686.00,59610.00,1686,57924,22.00,25.00,47.00,25,22,0.00,0.00,0,0
1508036134,lo,0.00,0.00,0.00,0,0,0.00,0.00,0.00,0,0,0.00,0.00,0,0
1508036134,s4,0.00,0.00,0.00,0,0,0.00,0.00,0.00,0,0,0.00,0.00,0,0
1508036134,total,59610.00,74420.00,134030.00,74420,59610,47.00,52.00,99.00,52,47,0.00,0.00,0,0
1508036135,s5,0.00,0.00,0.00,0,0,0.00,0.00,0.00,0,0,0.00,0.00,0,0
1508036135,eth0,0.00,0.00,0.00,0,0,0.00,0.00,0.00,0,0,0.00,0.00,0,0
1508036135,eth1,0.00,0.00,0.00,0,0,0.00,0.00,0.00,0,0,0.00,0.00,0,0
1508036135,s2,0.00,0.00,0.00,0,0,0.00,0.00,0.00,0,0,0.00,0.00,0,0
1508036135,s2-eth2,1500.00,65296.00,66796.00,65296,1500,22.00,24.00,46.00,24,22,0.00,0.00,0,0
1508036135,s2-eth1,71220.00,1500.00,72720.00,1500,71220,26.00,22.00,48.00,22,26,0.00,0.00,0,0
1508036135,lo,172.00,172.00,344.00,172,172,3.00,3.00,6.00,3,3,0.00,0.00,0,0
1508036135,s4,0.00,0.00,0.00,0,0,0.00,0.00,0.00,0,0,0.00,0.00,0,0
1508036135,total,72892.00,66968.00,139860.00,66968,72892,51.00,49.00,100.00,49,51,0.00,0.00,0,0
1508036136,s5,0.00,0.00,0.00,0,0,0.00,0.00,0.00,0,0,0.00,0.00,0,0
1508036136,eth0,0.00,0.00,0.00,0,0,0.00,0.00,0.00,0,0,0.00,0.00,0,0
1508036136,eth1,0.00,0.00,0.00,0,0,0.00,0.00,0.00,0,0,0.00,0.00,0,0
1508036136,s2,0.00,0.00,0.00,0,0,0.00,0.00,0.00,0,0,0.00,0.00,0,0
1508036136,s2-eth2,1498.50,59378.62,60877.12,59438,1500,21.98,22.98,44.96,23,22,0.00,0.00,0,0
1508036136,s2-eth1,50501.50,1498.50,52000.00,1500,50552,19.98,21.98,41.96,22,20,0.00,0.00,0,0
1508036136,lo,343.66,343.66,687.31,344,344,5.99,5.99,11.99,6,6,0.00,0.00,0,0
1508036136,s4,0.00,0.00,0.00,0,0,0.00,0.00,0.00,0,0,0.00,0.00,0,0
1508036136,total,52343.66,61220.78,113564.44,61282,52396,47.95,50.95,98.90,51,48,0.00,0.00,0,0
1508036137,s5,0.00,0.00,0.00,0,0,0.00,0.00,0.00,0,0,0.00,0.00,0,0
1508036137,eth0,0.00,0.00,0.00,0,0,0.00,0.00,0.00,0,0,0.00,0.00,0,0
1508036137,eth1,0.00,0.00,0.00,0,0,0.00,0.00,0.00,0,0,0.00,0.00,0,0
1508036137,s2,0.00,0.00,0.00,0,0,0.00,0.00,0.00,0,0,0.00,0.00,0,0
1508036137,s2-eth2,1252.75,59180.82,60433.57,59240,1254,18.98,19.98,38.96,20,19,0.00,0.00,0,0
1508036137,s2-eth1,68057.95,1252.75,69310.69,1254,68126,22.98,18.98,41.96,19,23,0.00,0.00,0,0
1508036137,lo,0.00,0.00,0.00,0,0,0.00,0.00,0.00,0,0,0.00,0.00,0,0
1508036137,s4,0.00,0.00,0.00,0,0,0.00,0.00,0.00,0,0,0.00,0.00,0,0
1508036137,total,69310.69,60433.57,129744.26,60494,69380,41.96,38.96,80.92,39,42,0.00,0.00,0,0
1508036138,s5,0.00,0.00,0.00,0,0,0.00,0.00,0.00,0,0,0.00,0.00,0,0
1508036138,eth0,0.00,0.00,0.00,0,0,0.00,0.00,0.00,0,0,0.00,0.00,0,0
1508036138,eth1,0.00,0.00,0.00,0,0,0.00,0.00,0.00,0,0,0.00,0.00,0,0
1508036138,s2,0.00,0.00,0.00,0,0,0.00,0.00,0.00,0,0,0.00,0.00,0,0
1508036138,s2-eth2,2169.83,89034.97,91204.80,89124,2172,31.97,33.97,65.93,34,32,0.00,0.00,0,0
1508036138,s2-eth1,75620.38,2169.83,77790.21,2172,75696,27.97,31.97,59.94,32,28,0.00,0.00,0,0
1508036138,lo,0.00,0.00,0.00,0,0,0.00,0.00,0.00,0,0,0.00,0.00,0,0
1508036138,s4,0.00,0.00,0.00,0,0,0.00,0.00,0.00,0,0,0.00,0.00,0,0
1508036138,total,77790.21,91204.80,168995.02,91296,77868,59.94,65.93,125.87,66,60,0.00,0.00,0,0
1508036139,s5,0.00,0.00,0.00,0,0,0.00,0.00,0.00,0,0,0.00,0.00,0,0
1508036139,eth0,0.00,0.00,0.00,0,0,0.00,0.00,0.00,0,0,0.00,0.00,0,0
1508036139,eth1,0.00,0.00,0.00,0,0,0.00,0.00,0.00,0,0,0.00,0.00,0,0
1508036139,s2,0.00,0.00,0.00,0,0,0.00,0.00,0.00,0,0,0.00,0.00,0,0
1508036139,s2-eth2,1782.00,85898.00,87680.00,85898,1782,27.00,29.00,56.00,29,27,0.00,0.00,0,0
1508036139,s2-eth1,93402.00,1782.00,95184.00,1782,93402,33.00,27.00,60.00,27,33,0.00,0.00,0,0
1508036139,lo,0.00,0.00,0.00,0,0,0.00,0.00,0.00,0,0,0.00,0.00,0,0
1508036139,s4,0.00,0.00,0.00,0,0,0.00,0.00,0.00,0,0,0.00,0.00,0,0
1508036139,total,95184.00,87680.00,182864.00,87680,95184,60.00,56.00,116.00,56,60,0.00,0.00,0,0
1508036140,s5,0.00,0.00,0.00,0,0,0.00,0.00,0.00,0,0,0.00,0.00,0,0
1508036140,eth0,0.00,0.00,0.00,0,0,0.00,0.00,0.00,0,0,0.00,0.00,0,0
1508036140,eth1,0.00,0.00,0.00,0,0,0.00,0.00,0.00,0,0,0.00,0.00,0,0
1508036140,s2,0.00,0.00,0.00,0,0,0.00,0.00,0.00,0,0,0.00,0.00,0,0
1508036140,s2-eth2,2106.00,89124.00,91230.00,89124,2106,31.00,34.00,65.00,34,31,0.00,0.00,0,0
1508036140,s2-eth1,74656.00,2106.00,76762.00,2106,74656,30.00,31.00,61.00,31,30,0.00,0.00,0,0
1508036140,lo,172.00,172.00,344.00,172,172,3.00,3.00,6.00,3,3,0.00,0.00,0,0
1508036140,s4,0.00,0.00,0.00,0,0,0.00,0.00,0.00,0,0,0.00,0.00,0,0
1508036140,total,76934.00,91402.00,168336.00,91402,76934,64.00,68.00,132.00,68,64,0.00,0.00,0,0
1508036141,s5,0.00,0.00,0.00,0,0,0.00,0.00,0.00,0,0,0.00,0.00,0,0
1508036141,eth0,0.00,0.00,0.00,0,0,0.00,0.00,0.00,0,0,0.00,0.00,0,0
1508036141,eth1,0.00,0.00,0.00,0,0,0.00,0.00,0.00,0,0,0.00,0.00,0,0
1508036141,s2,0.00,0.00,0.00,0,0,0.00,0.00,0.00,0,0,0.00,0.00,0,0
1508036141,s2-eth2,1976.05,88682.64,90658.69,88860,1980,29.94,29.94,59.88,30,30,0.00,0.00,0,0
1508036141,s2-eth1,103463.08,1976.05,105439.12,1980,103670,34.93,29.94,64.87,30,35,0.00,0.00,0,0
1508036141,lo,343.31,343.31,686.63,344,344,5.99,5.99,11.98,6,6,0.00,0.00,0,0
1508036141,s4,0.00,0.00,0.00,0,0,0.00,0.00,0.00,0,0,0.00,0.00,0,0
1508036141,total,105782.44,91002.00,196784.44,91184,105994,70.86,65.87,136.73,66,71,0.00,0.00,0,0
1508036142,s5,0.00,0.00,0.00,0,0,0.00,0.00,0.00,0,0,0.00,0.00,0,0
1508036142,eth0,0.00,0.00,0.00,0,0,0.00,0.00,0.00,0,0,0.00,0.00,0,0
1508036142,eth1,0.00,0.00,0.00,0,0,0.00,0.00,0.00,0,0,0.00,0.00,0,0
1508036142,s2,0.00,0.00,0.00,0,0,0.00,0.00,0.00,0,0,0.00,0.00,0,0
1508036142,s2-eth2,2652.00,106632.00,109284.00,106632,2652,36.00,36.00,72.00,36,36,0.00,0.00,0,0
1508036142,s2-eth1,91822.00,2310.00,94132.00,2310,91822,31.00,35.00,66.00,35,31,0.00,0.00,0,0
1508036142,lo,0.00,0.00,0.00,0,0,0.00,0.00,0.00,0,0,0.00,0.00,0,0
1508036142,s4,0.00,0.00,0.00,0,0,0.00,0.00,0.00,0,0,0.00,0.00,0,0
1508036142,total,94474.00,108942.00,203416.00,108942,94474,67.00,71.00,138.00,71,67,0.00,0.00,0,0
1508036143,s5,0.00,0.00,0.00,0,0,0.00,0.00,0.00,0,0,0.00,0.00,0,0
1508036143,eth0,0.00,0.00,0.00,0,0,0.00,0.00,0.00,0,0,0.00,0.00,0,0
1508036143,eth1,0.00,0.00,0.00,0,0,0.00,0.00,0.00,0,0,0.00,0.00,0,0
1508036143,s2,0.00,0.00,0.00,0,0,0.00,0.00,0.00,0,0,0.00,0.00,0,0
1508036143,s2-eth2,2480.52,109484.52,111965.04,109594,2483,36.96,36.96,73.93,37,37,0.00,0.00,0,0
1508036143,s2-eth1,121320.68,2373.63,123694.31,2376,121442,40.96,35.96,76.92,36,41,0.00,0.00,0,0
1508036143,lo,0.00,0.00,0.00,0,0,0.00,0.00,0.00,0,0,0.00,0.00,0,0
1508036143,s4,0.00,0.00,0.00,0,0,0.00,0.00,0.00,0,0,0.00,0.00,0,0
1508036143,total,123801.20,111858.15,235659.34,111970,123925,77.92,72.93,150.85,73,78,0.00,0.00,0,0
1508036144,s5,0.00,0.00,0.00,0,0,0.00,0.00,0.00,0,0,0.00,0.00,0,0
1508036144,eth0,0.00,0.00,0.00,0,0,0.00,0.00,0.00,0,0,0.00,0.00,0,0
1508036144,eth1,0.00,0.00,0.00,0,0,0.00,0.00,0.00,0,0,0.00,0.00,0,0
1508036144,s2,0.00,0.00,0.00,0,0,0.00,0.00,0.00,0,0,0.00,0.00,0,0
1508036144,s2-eth2,2970.00,148100.00,151070.00,148100,2970,45.00,50.00,95.00,50,45,0.00,0.00,0,0
1508036144,s2-eth1,139321.00,2970.00,142291.00,2970,139321,48.00,45.00,93.00,45,48,0.00,0.00,0,0
1508036144,lo,0.00,0.00,0.00,0,0,0.00,0.00,0.00,0,0,0.00,0.00,0,0
1508036144,s4,0.00,0.00,0.00,0,0,0.00,0.00,0.00,0,0,0.00,0.00,0,0
1508036144,total,142291.00,151070.00,293361.00,151070,142291,93.00,95.00,188.00,95,93,0.00,0.00,0,0
1508036145,s5,0.00,0.00,0.00,0,0,0.00,0.00,0.00,0,0,0.00,0.00,0,0
1508036145,eth0,0.00,0.00,0.00,0,0,0.00,0.00,0.00,0,0,0.00,0.00,0,0
1508036145,eth1,0.00,0.00,0.00,0,0,0.00,0.00,0.00,0,0,0.00,0.00,0,0
1508036145,s2,0.00,0.00,0.00,0,0,0.00,0.00,0.00,0,0,0.00,0.00,0,0
1508036145,s2-eth2,4068.00,160344.00,164412.00,160344,4068,58.00,60.00,118.00,60,58,0.00,0.00,0,0
1508036145,s2-eth1,157382.00,4068.00,161450.00,4068,157382,59.00,58.00,117.00,58,59,0.00,0.00,0,0
1508036145,lo,172.00,172.00,344.00,172,172,3.00,3.00,6.00,3,3,0.00,0.00,0,0
1508036145,s4,0.00,0.00,0.00,0,0,0.00,0.00,0.00,0,0,0.00,0.00,0,0
1508036145,total,161622.00,164584.00,326206.00,164584,161622,120.00,121.00,241.00,121,120,0.00,0.00,0,0
1508036146,s5,0.00,0.00,0.00,0,0,0.00,0.00,0.00,0,0,0.00,0.00,0,0
1508036146,eth0,0.00,0.00,0.00,0,0,0.00,0.00,0.00,0,0,0.00,0.00,0,0
1508036146,eth1,0.00,0.00,0.00,0,0,0.00,0.00,0.00,0,0,0.00,0.00,0,0
1508036146,s2,0.00,0.00,0.00,0,0,0.00,0.00,0.00,0,0,0.00,0.00,0,0
1508036146,s2-eth2,2640.00,130328.00,132968.00,130328,2640,40.00,44.00,84.00,44,40,0.00,0.00,0,0
1508036146,s2-eth1,127366.00,2718.00,130084.00,2718,127366,43.00,41.00,84.00,41,43,0.00,0.00,0,0
1508036146,lo,344.00,344.00,688.00,344,344,6.00,6.00,12.00,6,6,0.00,0.00,0,0
1508036146,s4,0.00,0.00,0.00,0,0,0.00,0.00,0.00,0,0,0.00,0.00,0,0
1508036146,total,130350.00,133390.00,263740.00,133390,130350,89.00,91.00,180.00,91,89,0.00,0.00,0,0
1508036147,s5,0.00,0.00,0.00,0,0,0.00,0.00,0.00,0,0,0.00,0.00,0,0
1508036147,eth0,0.00,0.00,0.00,0,0,0.00,0.00,0.00,0,0,0.00,0.00,0,0
1508036147,eth1,0.00,0.00,0.00,0,0,0.00,0.00,0.00,0,0,0.00,0.00,0,0
1508036147,s2,0.00,0.00,0.00,0,0,0.00,0.00,0.00,0,0,0.00,0.00,0,0
1508036147,s2-eth2,2814.00,115782.00,118596.00,115782,2814,41.00,43.00,84.00,43,41,0.00,0.00,0,0
1508036147,s2-eth1,115716.00,2736.00,118452.00,2736,115716,42.00,40.00,82.00,40,42,0.00,0.00,0,0
1508036147,lo,0.00,0.00,0.00,0,0,0.00,0.00,0.00,0,0,0.00,0.00,0,0
1508036147,s4,0.00,0.00,0.00,0,0,0.00,0.00,0.00,0,0,0.00,0.00,0,0
1508036147,total,118530.00,118518.00,237048.00,118518,118530,83.00,83.00,166.00,83,83,0.00,0.00,0,0
1508036148,s5,0.00,0.00,0.00,0,0,0.00,0.00,0.00,0,0,0.00,0.00,0,0
1508036148,eth0,0.00,0.00,0.00,0,0,0.00,0.00,0.00,0,0,0.00,0.00,0,0
1508036148,eth1,0.00,0.00,0.00,0,0,0.00,0.00,0.00,0,0,0.00,0.00,0,0
1508036148,s2,0.00,0.00,0.00,0,0,0.00,0.00,0.00,0,0,0.00,0.00,0,0
1508036148,s2-eth2,2922.00,121574.00,124496.00,121574,2922,43.00,43.00,86.00,43,43,0.00,0.00,0,0
1508036148,s2-eth1,118678.00,2922.00,121600.00,2922,118678,43.00,43.00,86.00,43,43,0.00,0.00,0,0
1508036148,lo,0.00,0.00,0.00,0,0,0.00,0.00,0.00,0,0,0.00,0.00,0,0
1508036148,s4,0.00,0.00,0.00,0,0,0.00,0.00,0.00,0,0,0.00,0.00,0,0
1508036148,total,121600.00,124496.00,246096.00,124496,121600,86.00,86.00,172.00,86,86,0.00,0.00,0,0
1508036149,s5,0.00,0.00,0.00,0,0,0.00,0.00,0.00,0,0,0.00,0.00,0,0
1508036149,eth0,0.00,0.00,0.00,0,0,0.00,0.00,0.00,0,0,0.00,0.00,0,0
1508036149,eth1,0.00,0.00,0.00,0,0,0.00,0.00,0.00,0,0,0.00,0.00,0,0
1508036149,s2,0.00,0.00,0.00,0,0,0.00,0.00,0.00,0,0,0.00,0.00,0,0
1508036149,s2-eth2,2868.00,118678.00,121546.00,118678,2868,42.00,43.00,85.00,43,42,0.00,0.00,0,0
1508036149,s2-eth1,112754.00,2868.00,115622.00,2868,112754,41.00,42.00,83.00,42,41,0.00,0.00,0,0
1508036149,lo,0.00,0.00,0.00,0,0,0.00,0.00,0.00,0,0,0.00,0.00,0,0
1508036149,s4,0.00,0.00,0.00,0,0,0.00,0.00,0.00,0,0,0.00,0.00,0,0
1508036149,total,115622.00,121546.00,237168.00,121546,115622,83.00,85.00,168.00,85,83,0.00,0.00,0,0
1508036150,s5,0.00,0.00,0.00,0,0,0.00,0.00,0.00,0,0,0.00,0.00,0,0
1508036150,eth0,0.00,0.00,0.00,0,0,0.00,0.00,0.00,0,0,0.00,0.00,0,0
1508036150,eth1,0.00,0.00,0.00,0,0,0.00,0.00,0.00,0,0,0.00,0.00,0,0
1508036150,s2,0.00,0.00,0.00,0,0,0.00,0.00,0.00,0,0,0.00,0.00,0,0
1508036150,s2-eth2,3060.94,115798.20,118859.14,115914,3064,43.96,44.96,88.91,45,44,0.00,0.00,0,0
1508036150,s2-eth1,109880.12,3060.94,112941.06,3064,109990,42.96,43.96,86.91,44,43,0.00,0.00,0,0
1508036150,lo,171.83,171.83,343.66,172,172,3.00,3.00,5.99,3,3,0.00,0.00,0,0
1508036150,s4,0.00,0.00,0.00,0,0,0.00,0.00,0.00,0,0,0.00,0.00,0,0
1508036150,total,113112.89,119030.97,232143.86,119150,113226,89.91,91.91,181.82,92,90,0.00,0.00,0,0
1508036151,s5,0.00,0.00,0.00,0,0,0.00,0.00,0.00,0,0,0.00,0.00,0,0
1508036151,eth0,0.00,0.00,0.00,0,0,0.00,0.00,0.00,0,0,0.00,0.00,0,0
1508036151,eth1,0.00,0.00,0.00,0,0,0.00,0.00,0.00,0,0,0.00,0.00,0,0
1508036151,s2,0.00,0.00,0.00,0,0,0.00,0.00,0.00,0,0,0.00,0.00,0,0
1508036151,s2-eth2,2721.28,80727.27,83448.55,80808,2724,37.96,39.96,77.92,40,38,0.00,0.00,0,0
1508036151,s2-eth1,80619.38,2721.28,83340.66,2724,80700,37.96,37.96,75.92,38,38,0.00,0.00,0,0
1508036151,lo,639.36,639.36,1278.72,640,640,8.99,8.99,17.98,9,9,0.00,0.00,0,0
1508036151,s4,0.00,0.00,0.00,0,0,0.00,0.00,0.00,0,0,0.00,0.00,0,0
1508036151,total,83980.02,84087.91,168067.94,84172,84064,84.92,86.91,171.83,87,85,0.00,0.00,0,0
1508036152,s5,0.00,0.00,0.00,0,0,0.00,0.00,0.00,0,0,0.00,0.00,0,0
1508036152,eth0,0.00,0.00,0.00,0,0,0.00,0.00,0.00,0,0,0.00,0.00,0,0
1508036152,eth1,0.00,0.00,0.00,0,0,0.00,0.00,0.00,0,0,0.00,0.00,0,0
1508036152,s2,0.00,0.00,0.00,0,0,0.00,0.00,0.00,0,0,0.00,0.00,0,0
1508036152,s2-eth2,1716.00,79974.00,81690.00,79974,1716,26.00,27.00,53.00,27,26,0.00,0.00,0,0
1508036152,s2-eth1,77396.00,1716.00,79112.00,1716,77396,28.00,26.00,54.00,26,28,0.00,0.00,0,0
1508036152,lo,0.00,0.00,0.00,0,0,0.00,0.00,0.00,0,0,0.00,0.00,0,0
1508036152,s4,0.00,0.00,0.00,0,0,0.00,0.00,0.00,0,0,0.00,0.00,0,0
1508036152,total,79112.00,81690.00,160802.00,81690,79112,54.00,53.00,107.00,53,54,0.00,0.00,0,0
1508036153,s5,0.00,0.00,0.00,0,0,0.00,0.00,0.00,0,0,0.00,0.00,0,0
1508036153,eth0,0.00,0.00,0.00,0,0,0.00,0.00,0.00,0,0,0.00,0.00,0,0
1508036153,eth1,0.00,0.00,0.00,0,0,0.00,0.00,0.00,0,0,0.00,0.00,0,0
1508036153,s2,0.00,0.00,0.00,0,0,0.00,0.00,0.00,0,0,0.00,0.00,0,0
1508036153,s2-eth2,2109.89,100607.40,102717.29,100708,2112,31.97,33.97,65.93,34,32,0.00,0.00,0,0
1508036153,s2-eth1,100607.40,2109.89,102717.29,2112,100708,33.97,31.97,65.93,32,34,0.00,0.00,0,0
1508036153,lo,0.00,0.00,0.00,0,0,0.00,0.00,0.00,0,0,0.00,0.00,0,0
1508036153,s4,0.00,0.00,0.00,0,0,0.00,0.00,0.00,0,0,0.00,0.00,0,0
1508036153,total,102717.29,102717.29,205434.58,102820,102820,65.93,65.93,131.87,66,66,0.00,0.00,0,0
1508036154,s5,0.00,0.00,0.00,0,0,0.00,0.00,0.00,0,0,0.00,0.00,0,0
1508036154,eth0,0.00,0.00,0.00,0,0,0.00,0.00,0.00,0,0,0.00,0.00,0,0
1508036154,eth1,0.00,0.00,0.00,0,0,0.00,0.00,0.00,0,0,0.00,0.00,0,0
1508036154,s2,0.00,0.00,0.00,0,0,0.00,0.00,0.00,0,0,0.00,0.00,0,0
1508036154,s2-eth2,3102.00,151062.00,154164.00,151062,3102,47.00,51.00,98.00,51,47,0.00,0.00,0,0
1508036154,s2-eth1,142176.00,3102.00,145278.00,3102,142176,48.00,47.00,95.00,47,48,0.00,0.00,0,0
1508036154,lo,0.00,0.00,0.00,0,0,0.00,0.00,0.00,0,0,0.00,0.00,0,0
1508036154,s4,0.00,0.00,0.00,0,0,0.00,0.00,0.00,0,0,0.00,0.00,0,0
1508036154,total,145278.00,154164.00,299442.00,154164,145278,95.00,98.00,193.00,98,95,0.00,0.00,0,0
1508036155,s5,0.00,0.00,0.00,0,0,0.00,0.00,0.00,0,0,0.00,0.00,0,0
1508036155,eth0,0.00,0.00,0.00,0,0,0.00,0.00,0.00,0,0,0.00,0.00,0,0
1508036155,eth1,0.00,0.00,0.00,0,0,0.00,0.00,0.00,0,0,0.00,0.00,0,0
1508036155,s2,0.00,0.00,0.00,0,0,0.00,0.00,0.00,0,0,0.00,0.00,0,0
1508036155,s2-eth2,3740.00,97288.00,101028.00,97288,3740,46.00,48.00,94.00,48,46,0.00,0.00,0,0
1508036155,s2-eth1,98604.00,3398.00,102002.00,3398,98604,46.00,45.00,91.00,45,46,0.00,0.00,0,0
1508036155,lo,0.00,0.00,0.00,0,0,0.00,0.00,0.00,0,0,0.00,0.00,0,0
1508036155,s4,0.00,0.00,0.00,0,0,0.00,0.00,0.00,0,0,0.00,0.00,0,0
1508036155,total,102344.00,100686.00,203030.00,100686,102344,92.00,93.00,185.00,93,92,0.00,0.00,0,0
1508036156,s5,0.00,0.00,0.00,0,0,0.00,0.00,0.00,0,0,0.00,0.00,0,0
1508036156,eth0,0.00,0.00,0.00,0,0,0.00,0.00,0.00,0,0,0.00,0.00,0,0
1508036156,eth1,0.00,0.00,0.00,0,0,0.00,0.00,0.00,0,0,0.00,0.00,0,0
1508036156,s2,0.00,0.00,0.00,0,0,0.00,0.00,0.00,0,0,0.00,0.00,0,0
1508036156,s2-eth2,1548.00,53514.00,55062.00,53514,1548,22.00,21.00,43.00,21,22,0.00,0.00,0,0
1508036156,s2-eth1,56542.00,1548.00,58090.00,1548,56542,23.00,22.00,45.00,22,23,0.00,0.00,0,0
1508036156,lo,516.00,516.00,1032.00,516,516,9.00,9.00,18.00,9,9,0.00,0.00,0,0
1508036156,s4,0.00,0.00,0.00,0,0,0.00,0.00,0.00,0,0,0.00,0.00,0,0
1508036156,total,58606.00,55578.00,114184.00,55578,58606,54.00,52.00,106.00,52,54,0.00,0.00,0,0
1508036157,s5,0.00,0.00,0.00,0,0,0.00,0.00,0.00,0,0,0.00,0.00,0,0
1508036157,eth0,0.00,0.00,0.00,0,0,0.00,0.00,0.00,0,0,0.00,0.00,0,0
1508036157,eth1,0.00,0.00,0.00,0,0,0.00,0.00,0.00,0,0,0.00,0.00,0,0
1508036157,s2,0.00,0.00,0.00,0,0,0.00,0.00,0.00,0,0,0.00,0.00,0,0
1508036157,s2-eth2,1146.00,53382.00,54528.00,53382,1146,17.00,19.00,36.00,19,17,0.00,0.00,0,0
1508036157,s2-eth1,44430.00,1146.00,45576.00,1146,44430,15.00,17.00,32.00,17,15,0.00,0.00,0,0
1508036157,lo,0.00,0.00,0.00,0,0,0.00,0.00,0.00,0,0,0.00,0.00,0,0
1508036157,s4,0.00,0.00,0.00,0,0,0.00,0.00,0.00,0,0,0.00,0.00,0,0
1508036157,total,45576.00,54528.00,100104.00,54528,45576,32.00,36.00,68.00,36,32,0.00,0.00,0,0
1508036158,s5,0.00,0.00,0.00,0,0,0.00,0.00,0.00,0,0,0.00,0.00,0,0
1508036158,eth0,0.00,0.00,0.00,0,0,0.00,0.00,0.00,0,0,0.00,0.00,0,0
1508036158,eth1,0.00,0.00,0.00,0,0,0.00,0.00,0.00,0,0,0.00,0.00,0,0
1508036158,s2,0.00,0.00,0.00,0,0,0.00,0.00,0.00,0,0,0.00,0.00,0,0
1508036158,s2-eth2,1026.00,44562.00,45588.00,44562,1026,15.00,17.00,32.00,17,15,0.00,0.00,0,0
1508036158,s2-eth1,47590.00,1026.00,48616.00,1026,47590,19.00,15.00,34.00,15,19,0.00,0.00,0,0
1508036158,lo,0.00,0.00,0.00,0,0,0.00,0.00,0.00,0,0,0.00,0.00,0,0
1508036158,s4,0.00,0.00,0.00,0,0,0.00,0.00,0.00,0,0,0.00,0.00,0,0
1508036158,total,48616.00,45588.00,94204.00,45588,48616,34.00,32.00,66.00,32,34,0.00,0.00,0,0
1508036159,s5,0.00,0.00,0.00,0,0,0.00,0.00,0.00,0,0,0.00,0.00,0,0
1508036159,eth0,304.00,490.00,794.00,490,304,4.00,4.00,8.00,4,4,0.00,0.00,0,0
1508036159,eth1,0.00,0.00,0.00,0,0,0.00,0.00,0.00,0,0,0.00,0.00,0,0
1508036159,s2,0.00,0.00,0.00,0,0,0.00,0.00,0.00,0,0,0.00,0.00,0,0
1508036159,s2-eth2,1850.00,59306.00,61156.00,59306,1850,23.00,21.00,44.00,21,23,0.00,0.00,0,0
1508036159,s2-eth1,50872.00,1398.00,52270.00,1398,50872,20.00,21.00,41.00,21,20,0.00,0.00,0,0
1508036159,lo,682.00,682.00,1364.00,682,682,8.00,8.00,16.00,8,8,0.00,0.00,0,0
1508036159,s4,0.00,0.00,0.00,0,0,0.00,0.00,0.00,0,0,0.00,0.00,0,0
1508036159,total,53708.00,61876.00,115584.00,61876,53708,55.00,54.00,109.00,54,55,0.00,0.00,0,0
1508036160,s5,0.00,0.00,0.00,0,0,0.00,0.00,0.00,0,0,0.00,0.00,0,0
1508036160,eth0,152.00,245.00,397.00,245,152,2.00,2.00,4.00,2,2,0.00,0.00,0,0
1508036160,eth1,0.00,0.00,0.00,0,0,0.00,0.00,0.00,0,0,0.00,0.00,0,0
1508036160,s2,0.00,0.00,0.00,0,0,0.00,0.00,0.00,0,0,0.00,0.00,0,0
1508036160,s2-eth2,1214.00,44562.00,45776.00,44562,1214,17.00,17.00,34.00,17,17,0.00,0.00,0,0
1508036160,s2-eth1,50674.00,1026.00,51700.00,1026,50674,21.00,15.00,36.00,15,21,0.00,0.00,0,0
1508036160,lo,341.00,341.00,682.00,341,341,4.00,4.00,8.00,4,4,0.00,0.00,0,0
1508036160,s4,0.00,0.00,0.00,0,0,0.00,0.00,0.00,0,0,0.00,0.00,0,0
1508036160,total,52381.00,46174.00,98555.00,46174,52381,44.00,38.00,82.00,38,44,0.00,0.00,0,0
1508036161,s5,0.00,0.00,0.00,0,0,0.00,0.00,0.00,0,0,0.00,0.00,0,0
1508036161,eth0,304.00,490.00,794.00,490,304,4.00,4.00,8.00,4,4,0.00,0.00,0,0
1508036161,eth1,0.00,0.00,0.00,0,0,0.00,0.00,0.00,0,0,0.00,0.00,0,0
1508036161,s2,0.00,0.00,0.00,0,0,0.00,0.00,0.00,0,0,0.00,0.00,0,0
1508036161,s2-eth2,3360.00,59240.00,62600.00,59240,3360,30.00,20.00,50.00,20,30,0.00,0.00,0,0
1508036161,s2-eth1,52133.00,1254.00,53387.00,1254,52133,27.00,19.00,46.00,19,27,0.00,0.00,0,0
1508036161,lo,1198.00,1198.00,2396.00,1198,1198,17.00,17.00,34.00,17,17,0.00,0.00,0,0
1508036161,s4,0.00,0.00,0.00,0,0,0.00,0.00,0.00,0,0,0.00,0.00,0,0
1508036161,total,56995.00,62182.00,119177.00,62182,56995,78.00,60.00,138.00,60,78,0.00,0.00,0,0
1508036162,s5,0.00,0.00,0.00,0,0,0.00,0.00,0.00,0,0,0.00,0.00,0,0
1508036162,eth0,151.85,244.76,396.60,245,152,2.00,2.00,4.00,2,2,0.00,0.00,0,0
1508036162,eth1,0.00,0.00,0.00,0,0,0.00,0.00,0.00,0,0,0.00,0.00,0,0
1508036162,s2,0.00,0.00,0.00,0,0,0.00,0.00,0.00,0,0,0.00,0.00,0,0
1508036162,s2-eth2,1888.11,59180.82,61068.93,59240,1890,21.98,19.98,41.96,20,22,0.00,0.00,0,0
1508036162,s2-eth1,68678.32,1252.75,69931.07,1254,68747,25.97,18.98,44.96,19,26,0.00,0.00,0,0
1508036162,lo,340.66,340.66,681.32,341,341,4.00,4.00,7.99,4,4,0.00,0.00,0,0
1508036162,s4,0.00,0.00,0.00,0,0,0.00,0.00,0.00,0,0,0.00,0.00,0,0
1508036162,total,71058.95,61018.98,132077.92,61080,71130,53.95,44.96,98.90,45,54,0.00,0.00,0,0
1508036163,s5,0.00,0.00,0.00,0,0,0.00,0.00,0.00,0,0,0.00,0.00,0,0
1508036163,eth0,0.00,0.00,0.00,0,0,0.00,0.00,0.00,0,0,0.00,0.00,0,0
1508036163,eth1,0.00,0.00,0.00,0,0,0.00,0.00,0.00,0,0,0.00,0.00,0,0
1508036163,s2,0.00,0.00,0.00,0,0,0.00,0.00,0.00,0,0,0.00,0.00,0,0
1508036163,s2-eth2,2106.89,85812.19,87919.09,85898,2109,27.97,28.97,56.94,29,28,0.00,0.00,0,0
1508036163,s2-eth1,71685.32,1780.22,73465.54,1782,71757,25.97,26.97,52.95,27,26,0.00,0.00,0,0
1508036163,lo,0.00,0.00,0.00,0,0,0.00,0.00,0.00,0,0,0.00,0.00,0,0
1508036163,s4,0.00,0.00,0.00,0,0,0.00,0.00,0.00,0,0,0.00,0.00,0,0
1508036163,total,73792.21,87592.41,161384.62,87680,73866,53.95,55.94,109.89,56,54,0.00,0.00,0,0
1508036164,s5,0.00,0.00,0.00,0,0,0.00,0.00,0.00,0,0,0.00,0.00,0,0
1508036164,eth0,60.00,60.00,120.00,60,60,1.00,1.00,2.00,1,1,0.00,0.00,0,0
1508036164,eth1,0.00,0.00,0.00,0,0,0.00,0.00,0.00,0,0,0.00,0.00,0,0
1508036164,s2,0.00,0.00,0.00,0,0,0.00,0.00,0.00,0,0,0.00,0.00,0,0
1508036164,s2-eth2,2438.00,86096.00,88534.00,86096,2438,32.00,32.00,64.00,32,32,0.00,0.00,0,0
1508036164,s2-eth1,92394.00,2064.00,94458.00,2064,92394,36.00,30.00,66.00,30,36,0.00,0.00,0,0
1508036164,lo,0.00,0.00,0.00,0,0,0.00,0.00,0.00,0,0,0.00,0.00,0,0
1508036164,s4,0.00,0.00,0.00,0,0,0.00,0.00,0.00,0,0,0.00,0.00,0,0
1508036164,total,94892.00,88220.00,183112.00,88220,94892,69.00,63.00,132.00,63,69,0.00,0.00,0,0
1508036165,s5,0.00,0.00,0.00,0,0,0.00,0.00,0.00,0,0,0.00,0.00,0,0
1508036165,eth0,0.00,0.00,0.00,0,0,0.00,0.00,0.00,0,0,0.00,0.00,0,0
1508036165,eth1,0.00,0.00,0.00,0,0,0.00,0.00,0.00,0,0,0.00,0.00,0,0
1508036165,s2,0.00,0.00,0.00,0,0,0.00,0.00,0.00,0,0,0.00,0.00,0,0
1508036165,s2-eth2,2635.00,100840.00,103475.00,100840,2635,35.00,36.00,71.00,36,35,0.00,0.00,0,0
1508036165,s2-eth1,95313.00,2238.00,97551.00,2238,95313,36.00,33.00,69.00,33,36,0.00,0.00,0,0
1508036165,lo,0.00,0.00,0.00,0,0,0.00,0.00,0.00,0,0,0.00,0.00,0,0
1508036165,s4,0.00,0.00,0.00,0,0,0.00,0.00,0.00,0,0,0.00,0.00,0,0
1508036165,total,97948.00,103078.00,201026.00,103078,97948,71.00,69.00,140.00,69,71,0.00,0.00,0,0
1508036166,s5,0.00,0.00,0.00,0,0,0.00,0.00,0.00,0,0,0.00,0.00,0,0
1508036166,eth0,0.00,0.00,0.00,0,0,0.00,0.00,0.00,0,0,0.00,0.00,0,0
1508036166,eth1,0.00,0.00,0.00,0,0,0.00,0.00,0.00,0,0,0.00,0.00,0,0
1508036166,s2,0.00,0.00,0.00,0,0,0.00,0.00,0.00,0,0,0.00,0.00,0,0
1508036166,s2-eth2,2376.00,109594.00,111970.00,109594,2376,36.00,37.00,73.00,37,36,0.00,0.00,0,0
1508036166,s2-eth1,106632.00,2376.00,109008.00,2376,106632,36.00,36.00,72.00,36,36,0.00,0.00,0,0
1508036166,lo,516.00,516.00,1032.00,516,516,9.00,9.00,18.00,9,9,0.00,0.00,0,0
1508036166,s4,0.00,0.00,0.00,0,0,0.00,0.00,0.00,0,0,0.00,0.00,0,0
1508036166,total,109524.00,112486.00,222010.00,112486,109524,81.00,82.00,163.00,82,81,0.00,0.00,0,0
1508036167,s5,0.00,0.00,0.00,0,0,0.00,0.00,0.00,0,0,0.00,0.00,0,0
1508036167,eth0,0.00,0.00,0.00,0,0,0.00,0.00,0.00,0,0,0.00,0.00,0,0
1508036167,eth1,0.00,0.00,0.00,0,0,0.00,0.00,0.00,0,0,0.00,0.00,0,0
1508036167,s2,0.00,0.00,0.00,0,0,0.00,0.00,0.00,0,0,0.00,0.00,0,0
1508036167,s2-eth2,2574.00,115518.00,118092.00,115518,2574,39.00,39.00,78.00,39,39,0.00,0.00,0,0
1508036167,s2-eth1,118480.00,2574.00,121054.00,2574,118480,40.00,39.00,79.00,39,40,0.00,0.00,0,0
1508036167,lo,0.00,0.00,0.00,0,0,0.00,0.00,0.00,0,0,0.00,0.00,0,0
1508036167,s4,0.00,0.00,0.00,0,0,0.00,0.00,0.00,0,0,0.00,0.00,0,0
1508036167,total,121054.00,118092.00,239146.00,118092,121054,79.00,78.00,157.00,78,79,0.00,0.00,0,0
1508036168,s5,0.00,0.00,0.00,0,0,0.00,0.00,0.00,0,0,0.00,0.00,0,0
1508036168,eth0,0.00,0.00,0.00,0,0,0.00,0.00,0.00,0,0,0.00,0.00,0,0
1508036168,eth1,0.00,0.00,0.00,0,0,0.00,0.00,0.00,0,0,0.00,0.00,0,0
1508036168,s2,0.00,0.00,0.00,0,0,0.00,0.00,0.00,0,0,0.00,0.00,0,0
1508036168,s2-eth2,2897.00,104000.00,106897.00,104000,2897,38.00,40.00,78.00,40,38,0.00,0.00,0,0
1508036168,s2-eth1,101145.00,2448.00,103593.00,2448,101145,40.00,36.00,76.00,36,40,0.00,0.00,0,0
1508036168,lo,0.00,0.00,0.00,0,0,0.00,0.00,0.00,0,0,0.00,0.00,0,0
1508036168,s4,0.00,0.00,0.00,0,0,0.00,0.00,0.00,0,0,0.00,0.00,0,0
1508036168,total,104042.00,106448.00,210490.00,106448,104042,78.00,76.00,154.00,76,78,0.00,0.00,0,0
1508036169,s5,0.00,0.00,0.00,0,0,0.00,0.00,0.00,0,0,0.00,0.00,0,0
1508036169,eth0,0.00,0.00,0.00,0,0,0.00,0.00,0.00,0,0,0.00,0.00,0,0
1508036169,eth1,0.00,0.00,0.00,0,0,0.00,0.00,0.00,0,0,0.00,0.00,0,0
1508036169,s2,0.00,0.00,0.00,0,0,0.00,0.00,0.00,0,0,0.00,0.00,0,0
1508036169,s2-eth2,2644.00,115518.00,118162.00,115518,2644,40.00,39.00,79.00,39,40,0.00,0.00,0,0
1508036169,s2-eth1,115588.00,2574.00,118162.00,2574,115588,40.00,39.00,79.00,39,40,0.00,0.00,0,0
1508036169,lo,0.00,0.00,0.00,0,0,0.00,0.00,0.00,0,0,0.00,0.00,0,0
1508036169,s4,0.00,0.00,0.00,0,0,0.00,0.00,0.00,0,0,0.00,0.00,0,0
1508036169,total,118232.00,118092.00,236324.00,118092,118232,80.00,78.00,158.00,78,80,0.00,0.00,0,0
1508036170,s5,0.00,0.00,0.00,0,0,0.00,0.00,0.00,0,0,0.00,0.00,0,0
1508036170,eth0,0.00,0.00,0.00,0,0,0.00,0.00,0.00,0,0,0.00,0.00,0,0
1508036170,eth1,0.00,0.00,0.00,0,0,0.00,0.00,0.00,0,0,0.00,0.00,0,0
1508036170,s2,0.00,0.00,0.00,0,0,0.00,0.00,0.00,0,0,0.00,0.00,0,0
1508036170,s2-eth2,2610.00,87874.00,90484.00,87874,2610,37.00,37.00,74.00,37,37,0.00,0.00,0,0
1508036170,s2-eth1,83740.00,2610.00,86350.00,2610,83740,36.00,37.00,73.00,37,36,0.00,0.00,0,0
1508036170,lo,0.00,0.00,0.00,0,0,0.00,0.00,0.00,0,0,0.00,0.00,0,0
1508036170,s4,0.00,0.00,0.00,0,0,0.00,0.00,0.00,0,0,0.00,0.00,0,0
1508036170,total,86350.00,90484.00,176834.00,90484,86350,73.00,74.00,147.00,74,73,0.00,0.00,0,0
1508036171,s5,0.00,0.00,0.00,0,0,0.00,0.00,0.00,0,0,0.00,0.00,0,0
1508036171,eth0,0.00,0.00,0.00,0,0,0.00,0.00,0.00,0,0,0.00,0.00,0,0
1508036171,eth1,0.00,0.00,0.00,0,0,0.00,0.00,0.00,0,0,0.00,0.00,0,0
1508036171,s2,0.00,0.00,0.00,0,0,0.00,0.00,0.00,0,0,0.00,0.00,0,0
1508036171,s2-eth2,1648.35,76935.07,78583.42,77012,1650,24.98,25.97,50.95,26,25,0.00,0.00,0,0
1508036171,s2-eth1,79894.11,1648.35,81542.46,1650,79974,26.97,24.98,51.95,25,27,0.00,0.00,0,0
1508036171,lo,515.48,515.48,1030.97,516,516,8.99,8.99,17.98,9,9,0.00,0.00,0,0
1508036171,s4,0.00,0.00,0.00,0,0,0.00,0.00,0.00,0,0,0.00,0.00,0,0
1508036171,total,82057.95,79098.91,161156.84,79178,82140,60.94,59.94,120.88,60,61,0.00,0.00,0,0
1508036172,s5,0.00,0.00,0.00,0,0,0.00,0.00,0.00,0,0,0.00,0.00,0,0
1508036172,eth0,0.00,0.00,0.00,0,0,0.00,0.00,0.00,0,0,0.00,0.00,0,0
1508036172,eth1,0.00,0.00,0.00,0,0,0.00,0.00,0.00,0,0,0.00,0.00,0,0
1508036172,s2,0.00,0.00,0.00,0,0,0.00,0.00,0.00,0,0,0.00,0.00,0,0
1508036172,s2-eth2,2037.96,86075.93,88113.89,86162,2040,29.97,32.97,62.94,33,30,0.00,0.00,0,0
1508036172,s2-eth1,74239.77,2037.96,76277.73,2040,74314,28.97,29.97,58.94,30,29,0.00,0.00,0,0
1508036172,lo,0.00,0.00,0.00,0,0,0.00,0.00,0.00,0,0,0.00,0.00,0,0
1508036172,s4,0.00,0.00,0.00,0,0,0.00,0.00,0.00,0,0,0.00,0.00,0,0
1508036172,total,76277.73,88113.89,164391.61,88202,76354,58.94,62.94,121.88,63,59,0.00,0.00,0,0
1508036173,s5,0.00,0.00,0.00,0,0,0.00,0.00,0.00,0,0,0.00,0.00,0,0
1508036173,eth0,0.00,0.00,0.00,0,0,0.00,0.00,0.00,0,0,0.00,0.00,0,0
1508036173,eth1,0.00,0.00,0.00,0,0,0.00,0.00,0.00,0,0,0.00,0.00,0,0
1508036173,s2,0.00,0.00,0.00,0,0,0.00,0.00,0.00,0,0,0.00,0.00,0,0
1508036173,s2-eth2,1764.00,77210.00,78974.00,77210,1764,26.00,29.00,55.00,29,26,0.00,0.00,0,0
1508036173,s2-eth1,80172.00,1764.00,81936.00,1764,80172,30.00,26.00,56.00,26,30,0.00,0.00,0,0
1508036173,lo,0.00,0.00,0.00,0,0,0.00,0.00,0.00,0,0,0.00,0.00,0,0
1508036173,s4,0.00,0.00,0.00,0,0,0.00,0.00,0.00,0,0,0.00,0.00,0,0
1508036173,total,81936.00,78974.00,160910.00,78974,81936,56.00,55.00,111.00,55,56,0.00,0.00,0,0
1508036174,s5,0.00,0.00,0.00,0,0,0.00,0.00,0.00,0,0,0.00,0.00,0,0
1508036174,eth0,0.00,0.00,0.00,0,0,0.00,0.00,0.00,0,0,0.00,0.00,0,0
1508036174,eth1,0.00,0.00,0.00,0,0,0.00,0.00,0.00,0,0,0.00,0.00,0,0
1508036174,s2,0.00,0.00,0.00,0,0,0.00,0.00,0.00,0,0,0.00,0.00,0,0
1508036174,s2-eth2,2037.96,80157.84,82195.80,80238,2040,29.97,30.97,60.94,31,30,0.00,0.00,0,0
1508036174,s2-eth1,83116.88,2103.90,85220.78,2106,83200,31.97,30.97,62.94,31,32,0.00,0.00,0,0
1508036174,lo,0.00,0.00,0.00,0,0,0.00,0.00,0.00,0,0,0.00,0.00,0,0
1508036174,s4,0.00,0.00,0.00,0,0,0.00,0.00,0.00,0,0,0.00,0.00,0,0
1508036174,total,85154.84,82261.74,167416.59,82344,85240,61.94,61.94,123.88,62,62,0.00,0.00,0,0
1508036175,s5,0.00,0.00,0.00,0,0,0.00,0.00,0.00,0,0,0.00,0.00,0,0
1508036175,eth0,0.00,0.00,0.00,0,0,0.00,0.00,0.00,0,0,0.00,0.00,0,0
1508036175,eth1,0.00,0.00,0.00,0,0,0.00,0.00,0.00,0,0,0.00,0.00,0,0
1508036175,s2,0.00,0.00,0.00,0,0,0.00,0.00,0.00,0,0,0.00,0.00,0,0
1508036175,s2-eth2,2175.82,100607.40,102783.22,100708,2178,32.97,33.97,66.93,34,33,0.00,0.00,0,0
1508036175,s2-eth1,91730.27,2109.89,93840.16,2112,91822,30.97,31.97,62.94,32,31,0.00,0.00,0,0
1508036175,lo,0.00,0.00,0.00,0,0,0.00,0.00,0.00,0,0,0.00,0.00,0,0
1508036175,s4,0.00,0.00,0.00,0,0,0.00,0.00,0.00,0,0,0.00,0.00,0,0
1508036175,total,93906.09,102717.29,196623.38,102820,94000,63.94,65.93,129.87,66,64,0.00,0.00,0,0
1508036176,s5,0.00,0.00,0.00,0,0,0.00,0.00,0.00,0,0,0.00,0.00,0,0
1508036176,eth0,0.00,0.00,0.00,0,0,0.00,0.00,0.00,0,0,0.00,0.00,0,0
1508036176,eth1,0.00,0.00,0.00,0,0,0.00,0.00,0.00,0,0,0.00,0.00,0,0
1508036176,s2,0.00,0.00,0.00,0,0,0.00,0.00,0.00,0,0,0.00,0.00,0,0
1508036176,s2-eth2,1989.01,81538.46,83527.48,81620,1991,28.97,29.97,58.94,30,29,0.00,0.00,0,0
1508036176,s2-eth1,86050.95,1882.12,87933.07,1884,86137,31.97,27.97,59.94,28,32,0.00,0.00,0,0
1508036176,lo,515.48,515.48,1030.97,516,516,8.99,8.99,17.98,9,9,0.00,0.00,0,0
1508036176,s4,0.00,0.00,0.00,0,0,0.00,0.00,0.00,0,0,0.00,0.00,0,0
1508036176,total,88555.45,83936.06,172491.52,84020,88644,69.93,66.93,136.86,67,70,0.00,0.00,0,0
1508036177,s5,0.00,0.00,0.