1508086728,s1,0.00,0.00,0.00,0,0,0.00,0.00,0.00,0,0,0.00,0.00,0,0
1508086728,eth0,0.00,0.00,0.00,0,0,0.00,0.00,0.00,0,0,0.00,0.00,0,0
1508086728,eth1,0.00,0.00,0.00,0,0,0.00,0.00,0.00,0,0,0.00,0.00,0,0
1508086728,s2,0.00,0.00,0.00,0,0,0.00,0.00,0.00,0,0,0.00,0.00,0,0
1508086728,s1-eth2,0.00,0.00,0.00,0,0,0.00,0.00,0.00,0,0,0.00,0.00,0,0
1508086728,s1-eth1,0.00,0.00,0.00,0,0,0.00,0.00,0.00,0,0,0.00,0.00,0,0
1508086728,s2-eth2,0.00,0.00,0.00,0,0,0.00,0.00,0.00,0,0,0.00,0.00,0,0
1508086728,s2-eth1,0.00,0.00,0.00,0,0,0.00,0.00,0.00,0,0,0.00,0.00,0,0
1508086728,lo,0.00,0.00,0.00,0,0,0.00,0.00,0.00,0,0,0.00,0.00,0,0
1508086728,total,0.00,0.00,0.00,0,0,0.00,0.00,0.00,0,0,0.00,0.00,0,0
1508086729,s1,160.00,340.00,500.00,340,160,2.00,4.00,6.00,4,2,0.00,0.00,0,0
1508086729,eth0,760.00,1225.00,1985.00,1225,760,10.00,10.00,20.00,10,10,0.00,0.00,0,0
1508086729,eth1,0.00,0.00,0.00,0,0,0.00,0.00,0.00,0,0,0.00,0.00,0,0
1508086729,s2,250.00,160.00,410.00,160,250,3.00,2.00,5.00,2,3,0.00,0.00,0,0
1508086729,s1-eth2,11354.00,239462.00,250816.00,239462,11354,133.00,161.00,294.00,161,133,0.00,0.00,0,0
1508086729,s1-eth1,250030.00,9834.00,259864.00,9834,250030,175.00,123.00,298.00,123,175,0.00,0.00,0,0
1508086729,s2-eth2,2356.00,160.00,2516.00,160,2356,14.00,2.00,16.00,2,14,0.00,0.00,0,0
1508086729,s2-eth1,1554.00,0.00,1554.00,0,1554,11.00,0.00,11.00,0,11,0.00,0.00,0,0
1508086729,lo,4793.00,4793.00,9586.00,4793,4793,53.00,53.00,106.00,53,53,0.00,0.00,0,0
1508086729,total,271257.00,255974.00,527231.00,255974,271257,401.00,355.00,756.00,355,401,0.00,0.00,0,0
1508086730,s1,90.00,0.00,90.00,0,90,1.00,0.00,1.00,0,1,0.00,0.00,0,0
1508086730,eth0,152.00,245.00,397.00,245,152,2.00,2.00,4.00,2,2,0.00,0.00,0,0
1508086730,eth1,0.00,0.00,0.00,0,0,0.00,0.00,0.00,0,0,0.00,0.00,0,0
1508086730,s2,0.00,90.00,90.00,90,0,0.00,1.00,1.00,1,0,0.00,0.00,0,0
1508086730,s1-eth2,10008.00,251324.00,261332.00,251324,10008,115.00,166.00,281.00,166,115,0.00,0.00,0,0
1508086730,s1-eth1,250756.00,8536.00,259292.00,8536,250756,169.00,108.00,277.00,108,169,0.00,0.00,0,0
1508086730,s2-eth2,636.00,90.00,726.00,90,636,3.00,1.00,4.00,1,3,0.00,0.00,0,0
1508086730,s2-eth1,1598.00,0.00,1598.00,0,1598,8.00,0.00,8.00,0,8,0.00,0.00,0,0
1508086730,lo,917.00,917.00,1834.00,917,917,10.00,10.00,20.00,10,10,0.00,0.00,0,0
1508086730,total,264157.00,261202.00,525359.00,261202,264157,308.00,288.00,596.00,288,308,0.00,0.00,0,0
1508086731,s1,0.00,0.00,0.00,0,0,0.00,0.00,0.00,0,0,0.00,0.00,0,0
1508086731,eth0,0.00,0.00,0.00,0,0,0.00,0.00,0.00,0,0,0.00,0.00,0,0
1508086731,eth1,0.00,0.00,0.00,0,0,0.00,0.00,0.00,0,0,0.00,0.00,0,0
1508086731,s2,0.00,0.00,0.00,0,0,0.00,0.00,0.00,0,0,0.00,0.00,0,0
1508086731,s1-eth2,9387.00,258894.00,268281.00,258894,9387,119.00,171.00,290.00,171,119,0.00,0.00,0,0
1508086731,s1-eth1,249917.00,9060.00,258977.00,9060,249917,166.00,118.00,284.00,118,166,0.00,0.00,0,0
1508086731,s2-eth2,327.00,0.00,327.00,0,327,1.00,0.00,1.00,0,1,0.00,0.00,0,0
1508086731,s2-eth1,327.00,0.00,327.00,0,327,1.00,0.00,1.00,0,1,0.00,0.00,0,0
1508086731,lo,0.00,0.00,0.00,0,0,0.00,0.00,0.00,0,0,0.00,0.00,0,0
1508086731,total,259958.00,267954.00,527912.00,267954,259958,287.00,289.00,576.00,289,287,0.00,0.00,0,0
1508086732,s1,0.00,70.00,70.00,70,0,0.00,1.00,1.00,1,0,0.00,0.00,0,0
1508086732,eth0,0.00,0.00,0.00,0,0,0.00,0.00,0.00,0,0,0.00,0.00,0,0
1508086732,eth1,0.00,0.00,0.00,0,0,0.00,0.00,0.00,0,0,0.00,0.00,0,0
1508086732,s2,0.00,70.00,70.00,70,0,0.00,1.00,1.00,1,0,0.00,0.00,0,0
1508086732,s1-eth2,8746.00,196820.00,205566.00,196820,8746,110.00,130.00,240.00,130,110,0.00,0.00,0,0
1508086732,s1-eth1,188400.00,8372.00,196772.00,8372,188400,127.00,108.00,235.00,108,127,0.00,0.00,0,0
1508086732,s2-eth2,444.00,0.00,444.00,0,444,3.00,0.00,3.00,0,3,0.00,0.00,0,0
1508086732,s2-eth1,374.00,70.00,444.00,70,374,2.00,1.00,3.00,1,2,0.00,0.00,0,0
1508086732,lo,536.00,536.00,1072.00,536,536,6.00,6.00,12.00,6,6,0.00,0.00,0,0
1508086732,total,198500.00,205938.00,404438.00,205938,198500,248.00,247.00,495.00,247,248,0.00,0.00,0,0
1508086733,s1,70.00,70.00,140.00,70,70,1.00,1.00,2.00,1,1,0.00,0.00,0,0
1508086733,eth0,0.00,0.00,0.00,0,0,0.00,0.00,0.00,0,0,0.00,0.00,0,0
1508086733,eth1,0.00,0.00,0.00,0,0,0.00,0.00,0.00,0,0,0.00,0.00,0,0
1508086733,s2,70.00,70.00,140.00,70,70,1.00,1.00,2.00,1,1,0.00,0.00,0,0
1508086733,s1-eth2,8731.00,205974.00,214705.00,205974,8731,109.00,137.00,246.00,137,109,0.00,0.00,0,0
1508086733,s1-eth1,195446.00,8264.00,203710.00,8264,195446,131.00,106.00,237.00,106,131,0.00,0.00,0,0
1508086733,s2-eth2,467.00,70.00,537.00,70,467,3.00,1.00,4.00,1,3,0.00,0.00,0,0
1508086733,s2-eth1,537.00,0.00,537.00,0,537,4.00,0.00,4.00,0,4,0.00,0.00,0,0
1508086733,lo,1072.00,1072.00,2144.00,1072,1072,12.00,12.00,24.00,12,12,0.00,0.00,0,0
1508086733,total,206393.00,215520.00,421913.00,215520,206393,261.00,258.00,519.00,258,261,0.00,0.00,0,0
1508086734,s1,0.00,0.00,0.00,0,0,0.00,0.00,0.00,0,0,0.00,0.00,0,0
1508086734,eth0,0.00,0.00,0.00,0,0,0.00,0.00,0.00,0,0,0.00,0.00,0,0
1508086734,eth1,0.00,0.00,0.00,0,0,0.00,0.00,0.00,0,0,0.00,0.00,0,0
1508086734,s2,0.00,0.00,0.00,0,0,0.00,0.00,0.00,0,0,0.00,0.00,0,0
1508086734,s1-eth2,8750.00,255866.00,264616.00,255866,8750,115.00,169.00,284.00,169,115,0.00,0.00,0,0
1508086734,s1-eth1,249810.00,8750.00,258560.00,8750,249810,165.00,115.00,280.00,115,165,0.00,0.00,0,0
1508086734,s2-eth2,0.00,0.00,0.00,0,0,0.00,0.00,0.00,0,0,0.00,0.00,0,0
1508086734,s2-eth1,0.00,0.00,0.00,0,0,0.00,0.00,0.00,0,0,0.00,0.00,0,0
1508086734,lo,0.00,0.00,0.00,0,0,0.00,0.00,0.00,0,0,0.00,0.00,0,0
1508086734,total,258560.00,264616.00,523176.00,264616,258560,280.00,284.00,564.00,284,280,0.00,0.00,0,0
1508086735,s1,0.00,0.00,0.00,0,0,0.00,0.00,0.00,0,0,0.00,0.00,0,0
1508086735,eth0,0.00,0.00,0.00,0,0,0.00,0.00,0.00,0,0,0.00,0.00,0,0
1508086735,eth1,0.00,0.00,0.00,0,0,0.00,0.00,0.00,0,0,0.00,0.00,0,0
1508086735,s2,0.00,0.00,0.00,0,0,0.00,0.00,0.00,0,0,0.00,0.00,0,0
1508086735,s1-eth2,10714.00,261922.00,272636.00,261922,10714,137.00,173.00,310.00,173,137,0.00,0.00,0,0
1508086735,s1-eth1,249917.00,10714.00,260631.00,10714,249917,166.00,137.00,303.00,137,166,0.00,0.00,0,0
1508086735,s2-eth2,0.00,0.00,0.00,0,0,0.00,0.00,0.00,0,0,0.00,0.00,0,0
1508086735,s2-eth1,342.00,0.00,342.00,0,342,1.00,0.00,1.00,0,1,0.00,0.00,0,0
1508086735,lo,0.00,0.00,0.00,0,0,0.00,0.00,0.00,0,0,0.00,0.00,0,0
1508086735,total,260973.00,272636.00,533609.00,272636,260973,304.00,310.00,614.00,310,304,0.00,0.00,0,0
1508086736,s1,0.00,70.00,70.00,70,0,0.00,1.00,1.00,1,0,0.00,0.00,0,0
1508086736,eth0,0.00,0.00,0.00,0,0,0.00,0.00,0.00,0,0,0.00,0.00,0,0
1508086736,eth1,0.00,0.00,0.00,0,0,0.00,0.00,0.00,0,0,0.00,0.00,0,0
1508086736,s2,0.00,70.00,70.00,70,0,0.00,1.00,1.00,1,0,0.00,0.00,0,0
1508086736,s1-eth2,10313.00,258894.00,269207.00,258894,10313,132.00,171.00,303.00,171,132,0.00,0.00,0,0
1508086736,s1-eth1,251394.00,10280.00,261674.00,10280,251394,167.00,132.00,299.00,132,167,0.00,0.00,0,0
1508086736,s2-eth2,177.00,0.00,177.00,0,177,2.00,0.00,2.00,0,2,0.00,0.00,0,0
1508086736,s2-eth1,107.00,70.00,177.00,70,107,1.00,1.00,2.00,1,1,0.00,0.00,0,0
1508086736,lo,536.00,536.00,1072.00,536,536,6.00,6.00,12.00,6,6,0.00,0.00,0,0
1508086736,total,262527.00,269920.00,532447.00,269920,262527,308.00,312.00,620.00,312,308,0.00,0.00,0,0
1508086737,s1,70.00,70.00,140.00,70,70,1.00,1.00,2.00,1,1,0.00,0.00,0,0
1508086737,eth0,0.00,0.00,0.00,0,0,0.00,0.00,0.00,0,0,0.00,0.00,0,0
1508086737,eth1,0.00,0.00,0.00,0,0,0.00,0.00,0.00,0,0,0.00,0.00,0,0
1508086737,s2,70.00,70.00,140.00,70,70,1.00,1.00,2.00,1,1,0.00,0.00,0,0
1508086737,s1-eth2,10500.00,257450.00,267950.00,257450,10500,136.00,171.00,307.00,171,136,0.00,0.00,0,0
1508086737,s1-eth1,249950.00,10360.00,260310.00,10360,249950,167.00,134.00,301.00,134,167,0.00,0.00,0,0
1508086737,s2-eth2,140.00,70.00,210.00,70,140,2.00,1.00,3.00,1,2,0.00,0.00,0,0
1508086737,s2-eth1,210.00,0.00,210.00,0,210,3.00,0.00,3.00,0,3,0.00,0.00,0,0
1508086737,lo,1072.00,1072.00,2144.00,1072,1072,12.00,12.00,24.00,12,12,0.00,0.00,0,0
1508086737,total,262012.00,269092.00,531104.00,269092,262012,322.00,320.00,642.00,320,322,0.00,0.00,0,0
1508086738,s1,0.00,0.00,0.00,0,0,0.00,0.00,0.00,0,0,0.00,0.00,0,0
1508086738,eth0,0.00,0.00,0.00,0,0,0.00,0.00,0.00,0,0,0.00,0.00,0,0
1508086738,eth1,0.00,0.00,0.00,0,0,0.00,0.00,0.00,0,0,0.00,0.00,0,0
1508086738,s2,0.00,0.00,0.00,0,0,0.00,0.00,0.00,0,0,0.00,0.00,0,0
1508086738,s1-eth2,7904.10,260147.86,268051.97,260408,7912,101.90,171.83,273.73,172,102,0.00,0.00,0,0
1508086738,s1-eth1,249560.45,7488.51,257048.95,7496,249810,164.84,99.90,264.74,100,165,0.00,0.00,0,0
1508086738,s2-eth2,341.66,0.00,341.66,0,342,1.00,0.00,1.00,0,1,0.00,0.00,0,0
1508086738,s2-eth1,0.00,0.00,0.00,0,0,0.00,0.00,0.00,0,0,0.00,0.00,0,0
1508086738,lo,0.00,0.00,0.00,0,0,0.00,0.00,0.00,0,0,0.00,0.00,0,0
1508086738,total,257806.20,267636.38,525442.56,267904,258064,267.73,271.73,539.46,272,268,0.00,0.00,0,0
1508086739,s1,0.00,0.00,0.00,0,0,0.00,0.00,0.00,0,0,0.00,0.00,0,0
1508086739,eth0,0.00,0.00,0.00,0,0,0.00,0.00,0.00,0,0,0.00,0.00,0,0
1508086739,eth1,0.00,0.00,0.00,0,0,0.00,0.00,0.00,0,0,0.00,0.00,0,0
1508086739,s2,0.00,0.00,0.00,0,0,0.00,0.00,0.00,0,0,0.00,0.00,0,0
1508086739,s1-eth2,10520.00,254352.00,264872.00,254352,10520,134.00,168.00,302.00,168,134,0.00,0.00,0,0
1508086739,s1-eth1,250152.00,10520.00,260672.00,10520,250152,166.00,134.00,300.00,134,166,0.00,0.00,0,0
1508086739,s2-eth2,0.00,0.00,0.00,0,0,0.00,0.00,0.00,0,0,0.00,0.00,0,0
1508086739,s2-eth1,0.00,0.00,0.00,0,0,0.00,0.00,0.00,0,0,0.00,0.00,0,0
1508086739,lo,0.00,0.00,0.00,0,0,0.00,0.00,0.00,0,0,0.00,0.00,0,0
1508086739,total,260672.00,264872.00,525544.00,264872,260672,300.00,302.00,602.00,302,300,0.00,0.00,0,0
1508086740,s1,0.00,0.00,0.00,0,0,0.00,0.00,0.00,0,0,0.00,0.00,0,0
1508086740,eth0,0.00,0.00,0.00,0,0,0.00,0.00,0.00,0,0,0.00,0.00,0,0
1508086740,eth1,0.00,0.00,0.00,0,0,0.00,0.00,0.00,0,0,0.00,0.00,0,0
1508086740,s2,0.00,0.00,0.00,0,0,0.00,0.00,0.00,0,0,0.00,0.00,0,0
1508086740,s1-eth2,9928.00,260408.00,270336.00,260408,9928,128.00,172.00,300.00,172,128,0.00,0.00,0,0
1508086740,s1-eth1,249810.00,9928.00,259738.00,9928,249810,165.00,128.00,293.00,128,165,0.00,0.00,0,0
1508086740,s2-eth2,0.00,0.00,0.00,0,0,0.00,0.00,0.00,0,0,0.00,0.00,0,0
1508086740,s2-eth1,0.00,0.00,0.00,0,0,0.00,0.00,0.00,0,0,0.00,0.00,0,0
1508086740,lo,0.00,0.00,0.00,0,0,0.00,0.00,0.00,0,0,0.00,0.00,0,0
1508086740,total,259738.00,270336.00,530074.00,270336,259738,293.00,300.00,593.00,300,293,0.00,0.00,0,0
1508086741,s1,0.00,0.00,0.00,0,0,0.00,0.00,0.00,0,0,0.00,0.00,0,0
1508086741,eth0,0.00,0.00,0.00,0,0,0.00,0.00,0.00,0,0,0.00,0.00,0,0
1508086741,eth1,0.00,0.00,0.00,0,0,0.00,0.00,0.00,0,0,0.00,0.00,0,0
1508086741,s2,0.00,0.00,0.00,0,0,0.00,0.00,0.00,0,0,0.00,0.00,0,0
1508086741,s1-eth2,9096.90,255610.39,264707.31,255866,9106,118.88,168.83,287.71,169,119,0.00,0.00,0,0
1508086741,s1-eth1,249560.45,9096.90,258657.34,9106,249810,164.84,118.88,283.72,119,165,0.00,0.00,0,0
1508086741,s2-eth2,0.00,0.00,0.00,0,0,0.00,0.00,0.00,0,0,0.00,0.00,0,0
1508086741,s2-eth1,0.00,0.00,0.00,0,0,0.00,0.00,0.00,0,0,0.00,0.00,0,0
1508086741,lo,0.00,0.00,0.00,0,0,0.00,0.00,0.00,0,0,0.00,0.00,0,0
1508086741,total,258657.34,264707.31,523364.66,264972,258916,283.72,287.71,571.43,288,284,0.00,0.00,0,0
1508086742,s1,0.00,0.00,0.00,0,0,0.00,0.00,0.00,0,0,0.00,0.00,0,0
1508086742,eth0,0.00,0.00,0.00,0,0,0.00,0.00,0.00,0,0,0.00,0.00,0,0
1508086742,eth1,0.00,0.00,0.00,0,0,0.00,0.00,0.00,0,0,0.00,0.00,0,0
1508086742,s2,0.00,0.00,0.00,0,0,0.00,0.00,0.00,0,0,0.00,0.00,0,0
1508086742,s1-eth2,7580.00,257380.00,264960.00,257380,7580,100.00,170.00,270.00,170,100,0.00,0.00,0,0
1508086742,s1-eth1,251324.00,7654.00,258978.00,7654,251324,166.00,101.00,267.00,101,166,0.00,0.00,0,0
1508086742,s2-eth2,0.00,0.00,0.00,0,0,0.00,0.00,0.00,0,0,0.00,0.00,0,0
1508086742,s2-eth1,0.00,0.00,0.00,0,0,0.00,0.00,0.00,0,0,0.00,0.00,0,0
1508086742,lo,344.00,344.00,688.00,344,344,6.00,6.00,12.00,6,6,0.00,0.00,0,0
1508086742,total,259248.00,265378.00,524626.00,265378,259248,272.00,277.00,549.00,277,272,0.00,0.00,0,0
1508086743,s1,0.00,0.00,0.00,0,0,0.00,0.00,0.00,0,0,0.00,0.00,0,0
1508086743,eth0,0.00,0.00,0.00,0,0,0.00,0.00,0.00,0,0,0.00,0.00,0,0
1508086743,eth1,0.00,0.00,0.00,0,0,0.00,0.00,0.00,0,0,0.00,0.00,0,0
1508086743,s2,0.00,0.00,0.00,0,0,0.00,0.00,0.00,0,0,0.00,0.00,0,0
1508086743,s1-eth2,10356.00,255866.00,266222.00,255866,10356,132.00,169.00,301.00,169,132,0.00,0.00,0,0
1508086743,s1-eth1,249917.00,10282.00,260199.00,10282,249917,166.00,131.00,297.00,131,166,0.00,0.00,0,0
1508086743,s2-eth2,0.00,0.00,0.00,0,0,0.00,0.00,0.00,0,0,0.00,0.00,0,0
1508086743,s2-eth1,0.00,0.00,0.00,0,0,0.00,0.00,0.00,0,0,0.00,0.00,0,0
1508086743,lo,0.00,0.00,0.00,0,0,0.00,0.00,0.00,0,0,0.00,0.00,0,0
1508086743,total,260273.00,266148.00,526421.00,266148,260273,298.00,300.00,598.00,300,298,0.00,0.00,0,0
1508086744,s1,0.00,0.00,0.00,0,0,0.00,0.00,0.00,0,0,0.00,0.00,0,0
1508086744,eth0,0.00,0.00,0.00,0,0,0.00,0.00,0.00,0,0,0.00,0.00,0,0
1508086744,eth1,0.00,0.00,0.00,0,0,0.00,0.00,0.00,0,0,0.00,0.00,0,0
1508086744,s2,0.00,0.00,0.00,0,0,0.00,0.00,0.00,0,0,0.00,0.00,0,0
1508086744,s1-eth2,7491.00,254352.00,261843.00,254352,7491,99.00,168.00,267.00,168,99,0.00,0.00,0,0
1508086744,s1-eth1,249810.00,7384.00,257194.00,7384,249810,165.00,98.00,263.00,98,165,0.00,0.00,0,0
1508086744,s2-eth2,107.00,0.00,107.00,0,107,1.00,0.00,1.00,0,1,0.00,0.00,0,0
1508086744,s2-eth1,107.00,0.00,107.00,0,107,1.00,0.00,1.00,0,1,0.00,0.00,0,0
1508086744,lo,0.00,0.00,0.00,0,0,0.00,0.00,0.00,0,0,0.00,0.00,0,0
1508086744,total,257515.00,261736.00,519251.00,261736,257515,266.00,266.00,532.00,266,266,0.00,0.00,0,0
1508086745,s1,0.00,0.00,0.00,0,0,0.00,0.00,0.00,0,0,0.00,0.00,0,0
1508086745,eth0,0.00,0.00,0.00,0,0,0.00,0.00,0.00,0,0,0.00,0.00,0,0
1508086745,eth1,0.00,0.00,0.00,0,0,0.00,0.00,0.00,0,0,0.00,0.00,0,0
1508086745,s2,0.00,0.00,0.00,0,0,0.00,0.00,0.00,0,0,0.00,0.00,0,0
1508086745,s1-eth2,8084.00,254352.00,262436.00,254352,8084,106.00,168.00,274.00,168,106,0.00,0.00,0,0
1508086745,s1-eth1,249810.00,8084.00,257894.00,8084,249810,165.00,106.00,271.00,106,165,0.00,0.00,0,0
1508086745,s2-eth2,0.00,0.00,0.00,0,0,0.00,0.00,0.00,0,0,0.00,0.00,0,0
1508086745,s2-eth1,342.00,0.00,342.00,0,342,1.00,0.00,1.00,0,1,0.00,0.00,0,0
1508086745,lo,0.00,0.00,0.00,0,0,0.00,0.00,0.00,0,0,0.00,0.00,0,0
1508086745,total,258236.00,262436.00,520672.00,262436,258236,272.00,274.00,546.00,274,272,0.00,0.00,0,0
1508086746,s1,0.00,0.00,0.00,0,0,0.00,0.00,0.00,0,0,0.00,0.00,0,0
1508086746,eth0,0.00,0.00,0.00,0,0,0.00,0.00,0.00,0,0,0.00,0.00,0,0
1508086746,eth1,0.00,0.00,0.00,0,0,0.00,0.00,0.00,0,0,0.00,0.00,0,0
1508086746,s2,0.00,0.00,0.00,0,0,0.00,0.00,0.00,0,0,0.00,0.00,0,0
1508086746,s1-eth2,9990.00,254352.00,264342.00,254352,9990,129.00,168.00,297.00,168,129,0.00,0.00,0,0
1508086746,s1-eth1,249810.00,9990.00,259800.00,9990,249810,165.00,129.00,294.00,129,165,0.00,0.00,0,0
1508086746,s2-eth2,0.00,0.00,0.00,0,0,0.00,0.00,0.00,0,0,0.00,0.00,0,0
1508086746,s2-eth1,0.00,0.00,0.00,0,0,0.00,0.00,0.00,0,0,0.00,0.00,0,0
1508086746,lo,0.00,0.00,0.00,0,0,0.00,0.00,0.00,0,0,0.00,0.00,0,0
1508086746,total,259800.00,264342.00,524142.00,264342,259800,294.00,297.00,591.00,297,294,0.00,0.00,0,0
1508086747,s1,0.00,0.00,0.00,0,0,0.00,0.00,0.00,0,0,0.00,0.00,0,0
1508086747,eth0,0.00,0.00,0.00,0,0,0.00,0.00,0.00,0,0,0.00,0.00,0,0
1508086747,eth1,0.00,0.00,0.00,0,0,0.00,0.00,0.00,0,0,0.00,0.00,0,0
1508086747,s2,0.00,0.00,0.00,0,0,0.00,0.00,0.00,0,0,0.00,0.00,0,0
1508086747,s1-eth2,7706.29,254097.91,261804.20,254352,7714,100.90,167.83,268.73,168,101,0.00,0.00,0,0
1508086747,s1-eth1,251072.94,7792.21,258865.14,7800,251324,165.83,101.90,267.73,102,166,0.00,0.00,0,0
1508086747,s2-eth2,0.00,0.00,0.00,0,0,0.00,0.00,0.00,0,0,0.00,0.00,0,0
1508086747,s2-eth1,0.00,0.00,0.00,0,0,0.00,0.00,0.00,0,0,0.00,0.00,0,0
1508086747,lo,343.66,343.66,687.31,344,344,5.99,5.99,11.99,6,6,0.00,0.00,0,0
1508086747,total,259122.89,262233.78,521356.66,262496,259382,272.73,275.72,548.45,276,273,0.00,0.00,0,0
1508086748,s1,0.00,0.00,0.00,0,0,0.00,0.00,0.00,0,0,0.00,0.00,0,0
1508086748,eth0,0.00,0.00,0.00,0,0,0.00,0.00,0.00,0,0,0.00,0.00,0,0
1508086748,eth1,0.00,0.00,0.00,0,0,0.00,0.00,0.00,0,0,0.00,0.00,0,0
1508086748,s2,0.00,0.00,0.00,0,0,0.00,0.00,0.00,0,0,0.00,0.00,0,0
1508086748,s1-eth2,9108.00,255866.00,264974.00,255866,9108,118.00,169.00,287.00,169,118,0.00,0.00,0,0
1508086748,s1-eth1,250152.00,9022.00,259174.00,9022,250152,166.00,117.00,283.00,117,166,0.00,0.00,0,0
1508086748,s2-eth2,0.00,0.00,0.00,0,0,0.00,0.00,0.00,0,0,0.00,0.00,0,0
1508086748,s2-eth1,0.00,0.00,0.00,0,0,0.00,0.00,0.00,0,0,0.00,0.00,0,0
1508086748,lo,0.00,0.00,0.00,0,0,0.00,0.00,0.00,0,0,0.00,0.00,0,0
1508086748,total,259001.00,264623.38,523624.38,264888,259260,283.72,285.71,569.43,286,284,0.00,0.00,0,0
1508086749,s1,0.00,0.00,0.00,0,0,0.00,0.00,0.00,0,0,0.00,0.00,0,0
1508086749,eth0,0.00,0.00,0.00,0,0,0.00,0.00,0.00,0,0,0.00,0.00,0,0
1508086749,eth1,0.00,0.00,0.00,0,0,0.00,0.00,0.00,0,0,0.00,0.00,0,0
1508086749,s2,0.00,0.00,0.00,0,0,0.00,0.00,0.00,0,0,0.00,0.00,0,0
1508086749,s1-eth2,10051.90,258377.25,268429.16,258894,10072,129.74,170.66,300.40,171,130,0.00,0.00,0,0
1508086749,s1-eth1,249311.39,10051.90,259363.28,10072,249810,164.67,129.74,294.41,130,165,0.00,0.00,0,0
1508086749,s2-eth2,0.00,0.00,0.00,0,0,0.00,0.00,0.00,0,0,0.00,0.00,0,0
1508086749,s2-eth1,0.00,0.00,0.00,0,0,0.00,0.00,0.00,0,0,0.00,0.00,0,0
1508086749,lo,0.00,0.00,0.00,0,0,0.00,0.00,0.00,0,0,0.00,0.00,0,0
1508086749,total,259622.39,268697.31,528319.69,268966,259882,294.71,300.70,595.40,301,295,0.00,0.00,0,0
1508086750,s1,0.00,0.00,0.00,0,0,0.00,0.00,0.00,0,0,0.00,0.00,0,0
1508086750,eth0,0.00,0.00,0.00,0,0,0.00,0.00,0.00,0,0,0.00,0.00,0,0
1508086750,eth1,0.00,0.00,0.00,0,0,0.00,0.00,0.00,0,0,0.00,0.00,0,0
1508086750,s2,0.00,0.00,0.00,0,0,0.00,0.00,0.00,0,0,0.00,0.00,0,0
1508086750,s1-eth2,9650.00,260408.00,270058.00,260408,9650,121.00,172.00,293.00,172,121,0.00,0.00,0,0
1508086750,s1-eth1,249810.00,9308.00,259118.00,9308,249810,165.00,120.00,285.00,120,165,0.00,0.00,0,0
1508086750,s2-eth2,0.00,0.00,0.00,0,0,0.00,0.00,0.00,0,0,0.00,0.00,0,0
1508086750,s2-eth1,0.00,0.00,0.00,0,0,0.00,0.00,0.00,0,0,0.00,0.00,0,0
1508086750,lo,0.00,0.00,0.00,0,0,0.00,0.00,0.00,0,0,0.00,0.00,0,0
1508086750,total,259460.00,269716.00,529176.00,269716,259460,286.00,292.00,578.00,292,286,0.00,0.00,0,0
1508086751,s1,0.00,0.00,0.00,0,0,0.00,0.00,0.00,0,0,0.00,0.00,0,0
1508086751,eth0,0.00,0.00,0.00,0,0,0.00,0.00,0.00,0,0,0.00,0.00,0,0
1508086751,eth1,0.00,0.00,0.00,0,0,0.00,0.00,0.00,0,0,0.00,0.00,0,0
1508086751,s2,0.00,0.00,0.00,0,0,0.00,0.00,0.00,0,0,0.00,0.00,0,0
1508086751,s1-eth2,10976.00,260408.00,271384.00,260408,10976,142.00,172.00,314.00,172,142,0.00,0.00,0,0
1508086751,s1-eth1,249810.00,10976.00,260786.00,10976,249810,165.00,142.00,307.00,142,165,0.00,0.00,0,0
1508086751,s2-eth2,0.00,0.00,0.00,0,0,0.00,0.00,0.00,0,0,0.00,0.00,0,0
1508086751,s2-eth1,0.00,0.00,0.00,0,0,0.00,0.00,0.00,0,0,0.00,0.00,0,0
1508086751,lo,0.00,0.00,0.00,0,0,0.00,0.00,0.00,0,0,0.00,0.00,0,0
1508086751,total,260786.00,271384.00,532170.00,271384,260786,307.00,314.00,621.00,314,307,0.00,0.00,0,0
1508086752,s1,0.00,0.00,0.00,0,0,0.00,0.00,0.00,0,0,0.00,0.00,0,0
1508086752,eth0,0.00,0.00,0.00,0,0,0.00,0.00,0.00,0,0,0.00,0.00,0,0
1508086752,eth1,0.00,0.00,0.00,0,0,0.00,0.00,0.00,0,0,0.00,0.00,0,0
1508086752,s2,0.00,0.00,0.00,0,0,0.00,0.00,0.00,0,0,0.00,0.00,0,0
1508086752,s1-eth2,7554.00,257380.00,264934.00,257380,7554,99.00,170.00,269.00,170,99,0.00,0.00,0,0
1508086752,s1-eth1,249810.00,7554.00,257364.00,7554,249810,165.00,99.00,264.00,99,165,0.00,0.00,0,0
1508086752,s2-eth2,0.00,0.00,0.00,0,0,0.00,0.00,0.00,0,0,0.00,0.00,0,0
1508086752,s2-eth1,0.00,0.00,0.00,0,0,0.00,0.00,0.00,0,0,0.00,0.00,0,0
1508086752,lo,344.00,344.00,688.00,344,344,6.00,6.00,12.00,6,6,0.00,0.00,0,0
1508086752,total,257708.00,265278.00,522986.00,265278,257708,270.00,275.00,545.00,275,270,0.00,0.00,0,0
1508086753,s1,0.00,0.00,0.00,0,0,0.00,0.00,0.00,0,0,0.00,0.00,0,0
1508086753,eth0,0.00,0.00,0.00,0,0,0.00,0.00,0.00,0,0,0.00,0.00,0,0
1508086753,eth1,0.00,0.00,0.00,0,0,0.00,0.00,0.00,0,0,0.00,0.00,0,0
1508086753,s2,0.00,0.00,0.00,0,0,0.00,0.00,0.00,0,0,0.00,0.00,0,0
1508086753,s1-eth2,8304.00,252838.00,261142.00,252838,8304,108.00,167.00,275.00,167,108,0.00,0.00,0,0
1508086753,s1-eth1,249810.00,8304.00,258114.00,8304,249810,165.00,108.00,273.00,108,165,0.00,0.00,0,0
1508086753,s2-eth2,0.00,0.00,0.00,0,0,0.00,0.00,0.00,0,0,0.00,0.00,0,0
1508086753,s2-eth1,0.00,0.00,0.00,0,0,0.00,0.00,0.00,0,0,0.00,0.00,0,0
1508086753,lo,0.00,0.00,0.00,0,0,0.00,0.00,0.00,0,0,0.00,0.00,0,0
1508086753,total,258114.00,261142.00,519256.00,261142,258114,273.00,275.00,548.00,275,273,0.00,0.00,0,0
1508086754,s1,0.00,0.00,0.00,0,0,0.00,0.00,0.00,0,0,0.00,0.00,0,0
1508086754,eth0,0.00,0.00,0.00,0,0,0.00,0.00,0.00,0,0,0.00,0.00,0,0
1508086754,eth1,0.00,0.00,0.00,0,0,0.00,0.00,0.00,0,0,0.00,0.00,0,0
1508086754,s2,0.00,0.00,0.00,0,0,0.00,0.00,0.00,0,0,0.00,0.00,0,0
1508086754,s1-eth2,9862.14,252627.38,262489.53,252880,9872,127.87,167.83,295.70,168,128,0.00,0.00,0,0
1508086754,s1-eth1,249602.41,9862.14,259464.55,9872,249852,165.83,127.87,293.71,128,166,0.00,0.00,0,0
1508086754,s2-eth2,0.00,0.00,0.00,0,0,0.00,0.00,0.00,0,0,0.00,0.00,0,0
1508086754,s2-eth1,0.00,0.00,0.00,0,0,0.00,0.00,0.00,0,0,0.00,0.00,0,0
1508086754,lo,295.70,295.70,591.41,296,296,3.00,3.00,5.99,3,3,0.00,0.00,0,0
1508086754,total,259760.25,262785.22,522545.47,263048,260020,296.70,298.70,595.40,299,297,0.00,0.00,0,0
1508086755,s1,0.00,0.00,0.00,0,0,0.00,0.00,0.00,0,0,0.00,0.00,0,0
1508086755,eth0,0.00,0.00,0.00,0,0,0.00,0.00,0.00,0,0,0.00,0.00,0,0
1508086755,eth1,0.00,0.00,0.00,0,0,0.00,0.00,0.00,0,0,0.00,0.00,0,0
1508086755,s2,0.00,0.00,0.00,0,0,0.00,0.00,0.00,0,0,0.00,0.00,0,0
1508086755,s1-eth2,10605.39,261660.34,272265.75,261922,10616,135.86,172.83,308.69,173,136,0.00,0.00,0,0
1508086755,s1-eth1,249560.45,10679.32,260239.77,10690,249810,164.84,136.86,301.70,137,165,0.00,0.00,0,0
1508086755,s2-eth2,0.00,0.00,0.00,0,0,0.00,0.00,0.00,0,0,0.00,0.00,0,0
1508086755,s2-eth1,0.00,0.00,0.00,0,0,0.00,0.00,0.00,0,0,0.00,0.00,0,0
1508086755,lo,0.00,0.00,0.00,0,0,0.00,0.00,0.00,0,0,0.00,0.00,0,0
1508086755,total,260165.84,272339.66,532505.50,272612,260426,300.70,309.69,610.39,310,301,0.00,0.00,0,0
1508086756,s1,0.00,0.00,0.00,0,0,0.00,0.00,0.00,0,0,0.00,0.00,0,0
1508086756,eth0,0.00,0.00,0.00,0,0,0.00,0.00,0.00,0,0,0.00,0.00,0,0
1508086756,eth1,0.00,0.00,0.00,0,0,0.00,0.00,0.00,0,0,0.00,0.00,0,0
1508086756,s2,0.00,0.00,0.00,0,0,0.00,0.00,0.00,0,0,0.00,0.00,0,0
1508086756,s1-eth2,10416.00,264950.00,275366.00,264950,10416,134.00,175.00,309.00,175,134,0.00,0.00,0,0
1508086756,s1-eth1,251324.00,10342.00,261666.00,10342,251324,166.00,133.00,299.00,133,166,0.00,0.00,0,0
1508086756,s2-eth2,0.00,0.00,0.00,0,0,0.00,0.00,0.00,0,0,0.00,0.00,0,0
1508086756,s2-eth1,0.00,0.00,0.00,0,0,0.00,0.00,0.00,0,0,0.00,0.00,0,0
1508086756,lo,0.00,0.00,0.00,0,0,0.00,0.00,0.00,0,0,0.00,0.00,0,0
1508086756,total,261740.00,275292.00,537032.00,275292,261740,300.00,308.00,608.00,308,300,0.00,0.00,0,0
1508086757,s1,0.00,0.00,0.00,0,0,0.00,0.00,0.00,0,0,0.00,0.00,0,0
1508086757,eth0,0.00,0.00,0.00,0,0,0.00,0.00,0.00,0,0,0.00,0.00,0,0
1508086757,eth1,0.00,0.00,0.00,0,0,0.00,0.00,0.00,0,0,0.00,0.00,0,0
1508086757,s2,0.00,0.00,0.00,0,0,0.00,0.00,0.00,0,0,0.00,0.00,0,0
1508086757,s1-eth2,8452.00,255866.00,264318.00,255866,8452,110.00,169.00,279.00,169,110,0.00,0.00,0,0
1508086757,s1-eth1,249810.00,8538.00,258348.00,8538,249810,165.00,111.00,276.00,111,165,0.00,0.00,0,0
1508086757,s2-eth2,342.00,0.00,342.00,0,342,1.00,0.00,1.00,0,1,0.00,0.00,0,0
1508086757,s2-eth1,0.00,0.00,0.00,0,0,0.00,0.00,0.00,0,0,0.00,0.00,0,0
1508086757,lo,172.00,172.00,344.00,172,172,3.00,3.00,6.00,3,3,0.00,0.00,0,0
1508086757,total,258776.00,264576.00,523352.00,264576,258776,279.00,283.00,562.00,283,279,0.00,0.00,0,0
1508086758,s1,0.00,0.00,0.00,0,0,0.00,0.00,0.00,0,0,0.00,0.00,0,0
1508086758,eth0,0.00,0.00,0.00,0,0,0.00,0.00,0.00,0,0,0.00,0.00,0,0
1508086758,eth1,0.00,0.00,0.00,0,0,0.00,0.00,0.00,0,0,0.00,0.00,0,0
1508086758,s2,0.00,0.00,0.00,0,0,0.00,0.00,0.00,0,0,0.00,0.00,0,0
1508086758,s1-eth2,6947.05,260147.86,267094.91,260408,6954,92.91,171.83,264.74,172,93,0.00,0.00,0,0
1508086758,s1-eth1,249560.45,6861.14,256421.58,6868,249810,164.84,91.91,256.74,92,165,0.00,0.00,0,0
1508086758,s2-eth2,0.00,0.00,0.00,0,0,0.00,0.00,0.00,0,0,0.00,0.00,0,0
1508086758,s2-eth1,0.00,0.00,0.00,0,0,0.00,0.00,0.00,0,0,0.00,0.00,0,0
1508086758,lo,0.00,0.00,0.00,0,0,0.00,0.00,0.00,0,0,0.00,0.00,0,0
1508086758,total,256507.50,267009.00,523516.50,267276,256764,257.74,263.74,521.48,264,258,0.00,0.00,0,0
1508086759,s1,0.00,0.00,0.00,0,0,0.00,0.00,0.00,0,0,0.00,0.00,0,0
1508086759,eth0,0.00,0.00,0.00,0,0,0.00,0.00,0.00,0,0,0.00,0.00,0,0
1508086759,eth1,0.00,0.00,0.00,0,0,0.00,0.00,0.00,0,0,0.00,0.00,0,0
1508086759,s2,0.00,0.00,0.00,0,0,0.00,0.00,0.00,0,0,0.00,0.00,0,0
1508086759,s1-eth2,9896.00,251324.00,261220.00,251324,9896,126.00,166.00,292.00,166,126,0.00,0.00,0,0
1508086759,s1-eth1,249917.00,9896.00,259813.00,9896,249917,166.00,126.00,292.00,126,166,0.00,0.00,0,0
1508086759,s2-eth2,0.00,0.00,0.00,0,0,0.00,0.00,0.00,0,0,0.00,0.00,0,0
1508086759,s2-eth1,0.00,0.00,0.00,0,0,0.00,0.00,0.00,0,0,0.00,0.00,0,0
1508086759,lo,172.00,172.00,344.00,172,172,3.00,3.00,6.00,3,3,0.00,0.00,0,0
1508086759,total,259985.00,261392.00,521377.00,261392,259985,295.00,295.00,590.00,295,295,0.00,0.00,0,0
1508086760,s1,0.00,0.00,0.00,0,0,0.00,0.00,0.00,0,0,0.00,0.00,0,0
1508086760,eth0,0.00,0.00,0.00,0,0,0.00,0.00,0.00,0,0,0.00,0.00,0,0
1508086760,eth1,0.00,0.00,0.00,0,0,0.00,0.00,0.00,0,0,0.00,0.00,0,0
1508086760,s2,0.00,0.00,0.00,0,0,0.00,0.00,0.00,0,0,0.00,0.00,0,0
1508086760,s1-eth2,10373.00,260408.00,270781.00,260408,10373,132.00,172.00,304.00,172,132,0.00,0.00,0,0
1508086760,s1-eth1,244096.00,10266.00,254362.00,10266,244096,162.00,131.00,293.00,131,162,0.00,0.00,0,0
1508086760,s2-eth2,107.00,0.00,107.00,0,107,1.00,0.00,1.00,0,1,0.00,0.00,0,0
1508086760,s2-eth1,107.00,0.00,107.00,0,107,1.00,0.00,1.00,0,1,0.00,0.00,0,0
1508086760,lo,0.00,0.00,0.00,0,0,0.00,0.00,0.00,0,0,0.00,0.00,0,0
1508086760,total,254683.00,270674.00,525357.00,270674,254683,296.00,303.00,599.00,303,296,0.00,0.00,0,0
1508086761,s1,0.00,0.00,0.00,0,0,0.00,0.00,0.00,0,0,0.00,0.00,0,0
1508086761,eth0,0.00,0.00,0.00,0,0,0.00,0.00,0.00,0,0,0.00,0.00,0,0
1508086761,eth1,0.00,0.00,0.00,0,0,0.00,0.00,0.00,0,0,0.00,0.00,0,0
1508086761,s2,0.00,0.00,0.00,0,0,0.00,0.00,0.00,0,0,0.00,0.00,0,0
1508086761,s1-eth2,8712.00,254352.00,263064.00,254352,8712,114.00,168.00,282.00,168,114,0.00,0.00,0,0
1508086761,s1-eth1,249810.00,8712.00,258522.00,8712,249810,165.00,114.00,279.00,114,165,0.00,0.00,0,0
1508086761,s2-eth2,0.00,0.00,0.00,0,0,0.00,0.00,0.00,0,0,0.00,0.00,0,0
1508086761,s2-eth1,342.00,0.00,342.00,0,342,1.00,0.00,1.00,0,1,0.00,0.00,0,0
1508086761,lo,0.00,0.00,0.00,0,0,0.00,0.00,0.00,0,0,0.00,0.00,0,0
1508086761,total,258864.00,263064.00,521928.00,263064,258864,280.00,282.00,562.00,282,280,0.00,0.00,0,0
1508086762,s1,0.00,0.00,0.00,0,0,0.00,0.00,0.00,0,0,0.00,0.00,0,0
1508086762,eth0,0.00,0.00,0.00,0,0,0.00,0.00,0.00,0,0,0.00,0.00,0,0
1508086762,eth1,0.00,0.00,0.00,0,0,0.00,0.00,0.00,0,0,0.00,0.00,0,0
1508086762,s2,0.00,0.00,0.00,0,0,0.00,0.00,0.00,0,0,0.00,0.00,0,0
1508086762,s1-eth2,8884.00,258894.00,267778.00,258894,8884,116.00,171.00,287.00,171,116,0.00,0.00,0,0
1508086762,s1-eth1,249810.00,8884.00,258694.00,8884,249810,165.00,116.00,281.00,116,165,0.00,0.00,0,0
1508086762,s2-eth2,0.00,0.00,0.00,0,0,0.00,0.00,0.00,0,0,0.00,0.00,0,0
1508086762,s2-eth1,0.00,0.00,0.00,0,0,0.00,0.00,0.00,0,0,0.00,0.00,0,0
1508086762,lo,172.00,172.00,344.00,172,172,3.00,3.00,6.00,3,3,0.00,0.00,0,0
1508086762,total,258866.00,267950.00,526816.00,267950,258866,284.00,290.00,574.00,290,284,0.00,0.00,0,0
1508086763,s1,0.00,0.00,0.00,0,0,0.00,0.00,0.00,0,0,0.00,0.00,0,0
1508086763,eth0,160.00,160.00,320.00,160,160,2.00,2.00,4.00,2,2,0.00,0.00,0,0
1508086763,eth1,0.00,0.00,0.00,0,0,0.00,0.00,0.00,0,0,0.00,0.00,0,0
1508086763,s2,0.00,0.00,0.00,0,0,0.00,0.00,0.00,0,0,0.00,0.00,0,0
1508086763,s1-eth2,8508.00,255866.00,264374.00,255866,8508,110.00,169.00,279.00,169,110,0.00,0.00,0,0
1508086763,s1-eth1,249810.00,8508.00,258318.00,8508,249810,165.00,110.00,275.00,110,165,0.00,0.00,0,0
1508086763,s2-eth2,0.00,0.00,0.00,0,0,0.00,0.00,0.00,0,0,0.00,0.00,0,0
1508086763,s2-eth1,0.00,0.00,0.00,0,0,0.00,0.00,0.00,0,0,0.00,0.00,0,0
1508086763,lo,0.00,0.00,0.00,0,0,0.00,0.00,0.00,0,0,0.00,0.00,0,0
1508086763,total,258478.00,264534.00,523012.00,264534,258478,277.00,281.00,558.00,281,277,0.00,0.00,0,0
1508086764,s1,0.00,0.00,0.00,0,0,0.00,0.00,0.00,0,0,0.00,0.00,0,0
1508086764,eth0,0.00,0.00,0.00,0,0,0.00,0.00,0.00,0,0,0.00,0.00,0,0
1508086764,eth1,0.00,0.00,0.00,0,0,0.00,0.00,0.00,0,0,0.00,0.00,0,0
1508086764,s2,0.00,0.00,0.00,0,0,0.00,0.00,0.00,0,0,0.00,0.00,0,0
1508086764,s1-eth2,9320.00,255866.00,265186.00,255866,9320,120.00,169.00,289.00,169,120,0.00,0.00,0,0
1508086764,s1-eth1,249810.00,9394.00,259204.00,9394,249810,165.00,121.00,286.00,121,165,0.00,0.00,0,0
1508086764,s2-eth2,0.00,0.00,0.00,0,0,0.00,0.00,0.00,0,0,0.00,0.00,0,0
1508086764,s2-eth1,0.00,0.00,0.00,0,0,0.00,0.00,0.00,0,0,0.00,0.00,0,0
1508086764,lo,172.00,172.00,344.00,172,172,3.00,3.00,6.00,3,3,0.00,0.00,0,0
1508086764,total,259302.00,265432.00,524734.00,265432,259302,288.00,293.00,581.00,293,288,0.00,0.00,0,0
1508086765,s1,0.00,0.00,0.00,0,0,0.00,0.00,0.00,0,0,0.00,0.00,0,0
1508086765,eth0,0.00,0.00,0.00,0,0,0.00,0.00,0.00,0,0,0.00,0.00,0,0
1508086765,eth1,0.00,0.00,0.00,0,0,0.00,0.00,0.00,0,0,0.00,0.00,0,0
1508086765,s2,0.00,0.00,0.00,0,0,0.00,0.00,0.00,0,0,0.00,0.00,0,0
1508086765,s1-eth2,8146.00,260408.00,268554.00,260408,8146,107.00,172.00,279.00,172,107,0.00,0.00,0,0
1508086765,s1-eth1,251324.00,8072.00,259396.00,8072,251324,166.00,106.00,272.00,106,166,0.00,0.00,0,0
1508086765,s2-eth2,0.00,0.00,0.00,0,0,0.00,0.00,0.00,0,0,0.00,0.00,0,0
1508086765,s2-eth1,0.00,0.00,0.00,0,0,0.00,0.00,0.00,0,0,0.00,0.00,0,0
1508086765,lo,0.00,0.00,0.00,0,0,0.00,0.00,0.00,0,0,0.00,0.00,0,0
1508086765,total,259470.00,268480.00,527950.00,268480,259470,273.00,278.00,551.00,278,273,0.00,0.00,0,0
1508086766,s1,0.00,0.00,0.00,0,0,0.00,0.00,0.00,0,0,0.00,0.00,0,0
1508086766,eth0,0.00,0.00,0.00,0,0,0.00,0.00,0.00,0,0,0.00,0.00,0,0
1508086766,eth1,0.00,0.00,0.00,0,0,0.00,0.00,0.00,0,0,0.00,0.00,0,0
1508086766,s2,0.00,0.00,0.00,0,0,0.00,0.00,0.00,0,0,0.00,0.00,0,0
1508086766,s1-eth2,10138.00,258894.00,269032.00,258894,10138,131.00,171.00,302.00,171,131,0.00,0.00,0,0
1508086766,s1-eth1,249810.00,10138.00,259948.00,10138,249810,165.00,131.00,296.00,131,165,0.00,0.00,0,0
1508086766,s2-eth2,0.00,0.00,0.00,0,0,0.00,0.00,0.00,0,0,0.00,0.00,0,0
1508086766,s2-eth1,0.00,0.00,0.00,0,0,0.00,0.00,0.00,0,0,0.00,0.00,0,0
1508086766,lo,0.00,0.00,0.00,0,0,0.00,0.00,0.00,0,0,0.00,0.00,0,0
1508086766,total,259948.00,269032.00,528980.00,269032,259948,296.00,302.00,598.00,302,296,0.00,0.00,0,0
1508086767,s1,0.00,0.00,0.00,0,0,0.00,0.00,0.00,0,0,0.00,0.00,0,0
1508086767,eth0,0.00,0.00,0.00,0,0,0.00,0.00,0.00,0,0,0.00,0.00,0,0
1508086767,eth1,0.00,0.00,0.00,0,0,0.00,0.00,0.00,0,0,0.00,0.00,0,0
1508086767,s2,0.00,0.00,0.00,0,0,0.00,0.00,0.00,0,0,0.00,0.00,0,0
1508086767,s1-eth2,9156.00,252838.00,261994.00,252838,9156,118.00,167.00,285.00,167,118,0.00,0.00,0,0
1508086767,s1-eth1,245268.00,9156.00,254424.00,9156,245268,162.00,118.00,280.00,118,162,0.00,0.00,0,0
1508086767,s2-eth2,0.00,0.00,0.00,0,0,0.00,0.00,0.00,0,0,0.00,0.00,0,0
1508086767,s2-eth1,0.00,0.00,0.00,0,0,0.00,0.00,0.00,0,0,0.00,0.00,0,0
1508086767,lo,172.00,172.00,344.00,172,172,3.00,3.00,6.00,3,3,0.00,0.00,0,0
1508086767,total,254596.00,262166.00,516762.00,262166,254596,283.00,288.00,571.00,288,283,0.00,0.00,0,0
1508086768,s1,0.00,0.00,0.00,0,0,0.00,0.00,0.00,0,0,0.00,0.00,0,0
1508086768,eth0,0.00,0.00,0.00,0,0,0.00,0.00,0.00,0,0,0.00,0.00,0,0
1508086768,eth1,0.00,0.00,0.00,0,0,0.00,0.00,0.00,0,0,0.00,0.00,0,0
1508086768,s2,0.00,0.00,0.00,0,0,0.00,0.00,0.00,0,0,0.00,0.00,0,0
1508086768,s1-eth2,8330.00,258894.00,267224.00,258894,8330,107.00,171.00,278.00,171,107,0.00,0.00,0,0
1508086768,s1-eth1,251324.00,7988.00,259312.00,7988,251324,166.00,106.00,272.00,106,166,0.00,0.00,0,0
1508086768,s2-eth2,0.00,0.00,0.00,0,0,0.00,0.00,0.00,0,0,0.00,0.00,0,0
1508086768,s2-eth1,0.00,0.00,0.00,0,0,0.00,0.00,0.00,0,0,0.00,0.00,0,0
1508086768,lo,0.00,0.00,0.00,0,0,0.00,0.00,0.00,0,0,0.00,0.00,0,0
1508086768,total,259654.00,266882.00,526536.00,266882,259654,273.00,277.00,550.00,277,273,0.00,0.00,0,0
1508086769,s1,0.00,0.00,0.00,0,0,0.00,0.00,0.00,0,0,0.00,0.00,0,0
1508086769,eth0,405.00,414.00,819.00,414,405,5.00,6.00,11.00,6,5,0.00,0.00,0,0
1508086769,eth1,0.00,0.00,0.00,0,0,0.00,0.00,0.00,0,0,0.00,0.00,0,0
1508086769,s2,0.00,0.00,0.00,0,0,0.00,0.00,0.00,0,0,0.00,0.00,0,0
1508086769,s1-eth2,9212.00,255866.00,265078.00,255866,9212,118.00,169.00,287.00,169,118,0.00,0.00,0,0
1508086769,s1-eth1,249810.00,9212.00,259022.00,9212,249810,165.00,118.00,283.00,118,165,0.00,0.00,0,0
1508086769,s2-eth2,0.00,0.00,0.00,0,0,0.00,0.00,0.00,0,0,0.00,0.00,0,0
1508086769,s2-eth1,0.00,0.00,0.00,0,0,0.00,0.00,0.00,0,0,0.00,0.00,0,0
1508086769,lo,172.00,172.00,344.00,172,172,3.00,3.00,6.00,3,3,0.00,0.00,0,0
1508086769,total,259599.00,265664.00,525263.00,265664,259599,291.00,296.00,587.00,296,291,0.00,0.00,0,0
1508086770,s1,0.00,0.00,0.00,0,0,0.00,0.00,0.00,0,0,0.00,0.00,0,0
1508086770,eth0,0.00,0.00,0.00,0,0,0.00,0.00,0.00,0,0,0.00,0.00,0,0
1508086770,eth1,0.00,0.00,0.00,0,0,0.00,0.00,0.00,0,0,0.00,0.00,0,0
1508086770,s2,0.00,0.00,0.00,0,0,0.00,0.00,0.00,0,0,0.00,0.00,0,0
1508086770,s1-eth2,10213.79,257122.89,267336.66,257380,10224,131.87,169.83,301.70,170,132,0.00,0.00,0,0
1508086770,s1-eth1,249560.45,10287.71,259848.16,10298,249810,164.84,132.87,297.70,133,165,0.00,0.00,0,0
1508086770,s2-eth2,0.00,0.00,0.00,0,0,0.00,0.00,0.00,0,0,0.00,0.00,0,0
1508086770,s2-eth1,0.00,0.00,0.00,0,0,0.00,0.00,0.00,0,0,0.00,0.00,0,0
1508086770,lo,0.00,0.00,0.00,0,0,0.00,0.00,0.00,0,0,0.00,0.00,0,0
1508086770,total,259774.23,267410.59,527184.81,267678,260034,296.70,302.70,599.40,303,297,0.00,0.00,0,0
1508086771,s1,0.00,0.00,0.00,0,0,0.00,0.00,0.00,0,0,0.00,0.00,0,0
1508086771,eth0,0.00,0.00,0.00,0,0,0.00,0.00,0.00,0,0,0.00,0.00,0,0
1508086771,eth1,0.00,0.00,0.00,0,0,0.00,0.00,0.00,0,0,0.00,0.00,0,0
1508086771,s2,0.00,0.00,0.00,0,0,0.00,0.00,0.00,0,0,0.00,0.00,0,0
1508086771,s1-eth2,10456.00,264950.00,275406.00,264950,10456,136.00,175.00,311.00,175,136,0.00,0.00,0,0
1508086771,s1-eth1,251324.00,10382.00,261706.00,10382,251324,166.00,135.00,301.00,135,166,0.00,0.00,0,0
1508086771,s2-eth2,0.00,0.00,0.00,0,0,0.00,0.00,0.00,0,0,0.00,0.00,0,0
1508086771,s2-eth1,0.00,0.00,0.00,0,0,0.00,0.00,0.00,0,0,0.00,0.00,0,0
1508086771,lo,0.00,0.00,0.00,0,0,0.00,0.00,0.00,0,0,0.00,0.00,0,0
1508086771,total,261780.00,275332.00,537112.00,275332,261780,302.00,310.00,612.00,310,302,0.00,0.00,0,0
1508086772,s1,0.00,0.00,0.00,0,0,0.00,0.00,0.00,0,0,0.00,0.00,0,0
1508086772,eth0,0.00,0.00,0.00,0,0,0.00,0.00,0.00,0,0,0.00,0.00,0,0
1508086772,eth1,0.00,0.00,0.00,0,0,0.00,0.00,0.00,0,0,0.00,0.00,0,0
1508086772,s2,0.00,0.00,0.00,0,0,0.00,0.00,0.00,0,0,0.00,0.00,0,0
1508086772,s1-eth2,8676.00,252838.00,261514.00,252838,8676,112.00,167.00,279.00,167,112,0.00,0.00,0,0
1508086772,s1-eth1,249810.00,8676.00,258486.00,8676,249810,165.00,112.00,277.00,112,165,0.00,0.00,0,0
1508086772,s2-eth2,0.00,0.00,0.00,0,0,0.00,0.00,0.00,0,0,0.00,0.00,0,0
1508086772,s2-eth1,0.00,0.00,0.00,0,0,0.00,0.00,0.00,0,0,0.00,0.00,0,0
1508086772,lo,172.00,172.00,344.00,172,172,3.00,3.00,6.00,3,3,0.00,0.00,0,0
1508086772,total,258658.00,261686.00,520344.00,261686,258658,280.00,282.00,562.00,282,280,0.00,0.00,0,0
1508086773,s1,0.00,0.00,0.00,0,0,0.00,0.00,0.00,0,0,0.00,0.00,0,0
1508086773,eth0,0.00,0.00,0.00,0,0,0.00,0.00,0.00,0,0,0.00,0.00,0,0
1508086773,eth1,0.00,0.00,0.00,0,0,0.00,0.00,0.00,0,0,0.00,0.00,0,0
1508086773,s2,0.00,0.00,0.00,0,0,0.00,0.00,0.00,0,0,0.00,0.00,0,0
1508086773,s1-eth2,8347.65,258635.38,266983.03,258894,8356,109.89,170.83,280.72,171,110,0.00,0.00,0,0
1508086773,s1-eth1,249902.11,8347.65,258249.75,8356,250152,165.83,109.89,275.72,110,166,0.00,0.00,0,0
1508086773,s2-eth2,0.00,0.00,0.00,0,0,0.00,0.00,0.00,0,0,0.00,0.00,0,0
1508086773,s2-eth1,0.00,0.00,0.00,0,0,0.00,0.00,0.00,0,0,0.00,0.00,0,0
1508086773,lo,0.00,0.00,0.00,0,0,0.00,0.00,0.00,0,0,0.00,0.00,0,0
1508086773,total,258249.75,266983.03,525232.81,267250,258508,275.72,280.72,556.44,281,276,0.00,0.00,0,0
1508086774,s1,0.00,0.00,0.00,0,0,0.00,0.00,0.00,0,0,0.00,0.00,0,0
1508086774,eth0,0.00,0.00,0.00,0,0,0.00,0.00,0.00,0,0,0.00,0.00,0,0
1508086774,eth1,0.00,0.00,0.00,0,0,0.00,0.00,0.00,0,0,0.00,0.00,0,0
1508086774,s2,0.00,0.00,0.00,0,0,0.00,0.00,0.00,0,0,0.00,0.00,0,0
1508086774,s1-eth2,7386.61,252585.42,259972.03,252838,7394,96.90,166.83,263.74,167,97,0.00,0.00,0,0
1508086774,s1-eth1,249560.45,7386.61,256947.06,7394,249810,164.84,96.90,261.74,97,165,0.00,0.00,0,0
1508086774,s2-eth2,0.00,0.00,0.00,0,0,0.00,0.00,0.00,0,0,0.00,0.00,0,0
1508086774,s2-eth1,0.00,0.00,0.00,0,0,0.00,0.00,0.00,0,0,0.00,0.00,0,0
1508086774,lo,171.83,171.83,343.66,172,172,3.00,3.00,5.99,3,3,0.00,0.00,0,0
1508086774,total,257118.89,260143.86,517262.75,260404,257376,264.74,266.73,531.47,267,265,0.00,0.00,0,0
1508086775,s1,0.00,0.00,0.00,0,0,0.00,0.00,0.00,0,0,0.00,0.00,0,0
1508086775,eth0,0.00,0.00,0.00,0,0,0.00,0.00,0.00,0,0,0.00,0.00,0,0
1508086775,eth1,0.00,0.00,0.00,0,0,0.00,0.00,0.00,0,0,0.00,0.00,0,0
1508086775,s2,0.00,0.00,0.00,0,0,0.00,0.00,0.00,0,0,0.00,0.00,0,0
1508086775,s1-eth2,7006.99,255610.39,262617.38,255866,7014,92.91,168.83,261.74,169,93,0.00,0.00,0,0
1508086775,s1-eth1,251072.94,7080.92,258153.86,7088,251324,165.83,93.91,259.74,94,166,0.00,0.00,0,0
1508086775,s2-eth2,0.00,0.00,0.00,0,0,0.00,0.00,0.00,0,0,0.00,0.00,0,0
1508086775,s2-eth1,0.00,0.00,0.00,0,0,0.00,0.00,0.00,0,0,0.00,0.00,0,0
1508086775,lo,0.00,0.00,0.00,0,0,0.00,0.00,0.00,0,0,0.00,0.00,0,0
1508086775,total,258079.92,262691.31,520771.25,262954,258338,258.74,262.74,521.48,263,259,0.00,0.00,0,0
1508086776,s1,0.00,0.00,0.00,0,0,0.00,0.00,0.00,0,0,0.00,0.00,0,0
1508086776,eth0,456.00,735.00,1191.00,735,456,6.00,6.00,12.00,6,6,0.00,0.00,0,0
1508086776,eth1,0.00,0.00,0.00,0,0,0.00,0.00,0.00,0,0,0.00,0.00,0,0
1508086776,s2,0.00,0.00,0.00,0,0,0.00,0.00,0.00,0,0,0.00,0.00,0,0
1508086776,s1-eth2,10784.00,249810.00,260594.00,249810,10784,134.00,165.00,299.00,165,134,0.00,0.00,0,0
1508086776,s1-eth1,248826.00,10148.00,258974.00,10148,248826,167.00,130.00,297.00,130,167,0.00,0.00,0,0
1508086776,s2-eth2,562.00,0.00,562.00,0,562,3.00,0.00,3.00,0,3,0.00,0.00,0,0
1508086776,s2-eth1,640.00,0.00,640.00,0,640,4.00,0.00,4.00,0,4,0.00,0.00,0,0
1508086776,lo,1023.00,1023.00,2046.00,1023,1023,12.00,12.00,24.00,12,12,0.00,0.00,0,0
1508086776,total,262291.00,261716.00,524007.00,261716,262291,326.00,313.00,639.00,313,326,0.00,0.00,0,0
1508086777,s1,0.00,0.00,0.00,0,0,0.00,0.00,0.00,0,0,0.00,0.00,0,0
1508086777,eth0,456.00,735.00,1191.00,735,456,6.00,6.00,12.00,6,6,0.00,0.00,0,0
1508086777,eth1,0.00,0.00,0.00,0,0,0.00,0.00,0.00,0,0,0.00,0.00,0,0
1508086777,s2,0.00,0.00,0.00,0,0,0.00,0.00,0.00,0,0,0.00,0.00,0,0
1508086777,s1-eth2,9516.00,260408.00,269924.00,260408,9516,124.00,172.00,296.00,172,124,0.00,0.00,0,0
1508086777,s1-eth1,250080.00,9438.00,259518.00,9438,250080,168.00,123.00,291.00,123,168,0.00,0.00,0,0
1508086777,s2-eth2,78.00,0.00,78.00,0,78,1.00,0.00,1.00,0,1,0.00,0.00,0,0
1508086777,s2-eth1,1344.00,0.00,1344.00,0,1344,8.00,0.00,8.00,0,8,0.00,0.00,0,0
1508086777,lo,1195.00,1195.00,2390.00,1195,1195,15.00,15.00,30.00,15,15,0.00,0.00,0,0
1508086777,total,262669.00,271776.00,534445.00,271776,262669,322.00,316.00,638.00,316,322,0.00,0.00,0,0
1508086778,s1,0.00,0.00,0.00,0,0,0.00,0.00,0.00,0,0,0.00,0.00,0,0
1508086778,eth0,303.70,489.51,793.21,490,304,4.00,4.00,7.99,4,4,0.00,0.00,0,0
1508086778,eth1,0.00,0.00,0.00,0,0,0.00,0.00,0.00,0,0,0.00,0.00,0,0
1508086778,s2,0.00,0.00,0.00,0,0,0.00,0.00,0.00,0,0,0.00,0.00,0,0
1508086778,s1-eth2,10616.38,255610.39,266226.78,255866,10627,125.87,168.83,294.71,169,126,0.00,0.00,0,0
1508086778,s1-eth1,249902.11,8839.16,258741.27,8848,250152,171.83,115.88,287.71,116,172,0.00,0.00,0,0
1508086778,s2-eth2,1687.31,0.00,1687.31,0,1689,8.99,0.00,8.99,0,9,0.00,0.00,0,0
1508086778,s2-eth1,1044.96,0.00,1044.96,0,1046,4.00,0.00,4.00,0,4,0.00,0.00,0,0
1508086778,lo,681.32,681.32,1362.64,682,682,7.99,7.99,15.98,8,8,0.00,0.00,0,0
1508086778,total,264235.78,265620.38,529856.19,265886,264500,322.68,296.70,619.38,297,323,0.00,0.00,0,0
1508086779,s1,0.00,0.00,0.00,0,0,0.00,0.00,0.00,0,0,0.00,0.00,0,0
1508086779,eth0,151.85,244.76,396.60,245,152,2.00,2.00,4.00,2,2,0.00,0.00,0,0
1508086779,eth1,0.00,0.00,0.00,0,0,0.00,0.00,0.00,0,0,0.00,0.00,0,0
1508086779,s2,0.00,0.00,0.00,0,0,0.00,0.00,0.00,0,0,0.00,0.00,0,0
1508086779,s1-eth2,9871.13,255610.39,265481.53,255866,9881,118.88,168.83,287.71,169,119,0.00,0.00,0,0
1508086779,s1-eth1,250275.73,8829.17,259104.91,8838,250526,167.83,114.89,282.72,115,168,0.00,0.00,0,0
1508086779,s2-eth2,1131.87,0.00,1131.87,0,1133,5.00,0.00,5.00,0,5,0.00,0.00,0,0
1508086779,s2-eth1,668.33,0.00,668.33,0,669,2.00,0.00,2.00,0,2,0.00,0.00,0,0
1508086779,lo,512.49,512.49,1024.98,513,513,6.99,6.99,13.99,7,7,0.00,0.00,0,0
1508086779,total,262611.41,265196.81,527808.19,265462,262874,302.70,292.71,595.40,293,303,0.00,0.00,0,0
1508086780,s1,0.00,0.00,0.00,0,0,0.00,0.00,0.00,0,0,0.00,0.00,0,0
1508086780,eth0,0.00,0.00,0.00,0,0,0.00,0.00,0.00,0,0,0.00,0.00,0,0
1508086780,eth1,0.00,0.00,0.00,0,0,0.00,0.00,0.00,0,0,0.00,0.00,0,0
1508086780,s2,0.00,0.00,0.00,0,0,0.00,0.00,0.00,0,0,0.00,0.00,0,0
1508086780,s1-eth2,12214.79,263214.78,275429.56,263478,12227,152.85,174.83,327.67,175,153,0.00,0.00,0,0
1508086780,s1-eth1,249929.08,11962.04,261891.11,11974,250179,166.83,152.85,319.68,153,167,0.00,0.00,0,0
1508086780,s2-eth2,326.67,0.00,326.67,0,327,1.00,0.00,1.00,0,1,0.00,0.00,0,0
1508086780,s2-eth1,373.63,0.00,373.63,0,374,2.00,0.00,2.00,0,2,0.00,0.00,0,0
1508086780,lo,0.00,0.00,0.00,0,0,0.00,0.00,0.00,0,0,0.00,0.00,0,0
1508086780,total,262844.16,275176.84,538021.00,275452,263107,322.68,327.67,650.35,328,323,0.00,0.00,0,0
1508086781,s1,0.00,0.00,0.00,0,0,0.00,0.00,0.00,0,0,0.00,0.00,0,0
1508086781,eth0,0.00,0.00,0.00,0,0,0.00,0.00,0.00,0,0,0.00,0.00,0,0
1508086781,eth1,0.00,0.00,0.00,0,0,0.00,0.00,0.00,0,0,0.00,0.00,0,0
1508086781,s2,0.00,0.00,0.00,0,0,0.00,0.00,0.00,0,0,0.00,0.00,0,0
1508086781,s1-eth2,8962.00,251324.00,260286.00,251324,8962,114.00,166.00,280.00,166,114,0.00,0.00,0,0
1508086781,s1-eth1,248740.00,8600.00,257340.00,8600,248740,167.00,112.00,279.00,112,167,0.00,0.00,0,0
1508086781,s2-eth2,374.00,0.00,374.00,0,374,2.00,0.00,2.00,0,2,0.00,0.00,0,0
1508086781,s2-eth1,397.00,0.00,397.00,0,397,2.00,0.00,2.00,0,2,0.00,0.00,0,0
1508086781,lo,0.00,0.00,0.00,0,0,0.00,0.00,0.00,0,0,0.00,0.00,0,0
1508086781,total,258473.00,259924.00,518397.00,259924,258473,285.00,278.00,563.00,278,285,0.00,0.00,0,0
1508086782,s1,0.00,0.00,0.00,0,0,0.00,0.00,0.00,0,0,0.00,0.00,0,0
1508086782,eth0,0.00,0.00,0.00,0,0,0.00,0.00,0.00,0,0,0.00,0.00,0,0
1508086782,eth1,0.00,0.00,0.00,0,0,0.00,0.00,0.00,0,0,0.00,0.00,0,0
1508086782,s2,0.00,0.00,0.00,0,0,0.00,0.00,0.00,0,0,0.00,0.00,0,0
1508086782,s1-eth2,7977.00,258894.00,266871.00,258894,7977,102.00,171.00,273.00,171,102,0.00,0.00,0,0
1508086782,s1-eth1,251651.00,7568.00,259219.00,7568,251651,167.00,100.00,267.00,100,167,0.00,0.00,0,0
1508086782,s2-eth2,397.00,0.00,397.00,0,397,2.00,0.00,2.00,0,2,0.00,0.00,0,0
1508086782,s2-eth1,0.00,0.00,0.00,0,0,0.00,0.00,0.00,0,0,0.00,0.00,0,0
1508086782,lo,172.00,172.00,344.00,172,172,3.00,3.00,6.00,3,3,0.00,0.00,0,0
1508086782,total,260197.00,266634.00,526831.00,266634,260197,274.00,274.00,548.00,274,274,0.00,0.00,0,0
1508086783,s1,0.00,0.00,0.00,0,0,0.00,0.00,0.00,0,0,0.00,0.00,0,0
1508086783,eth0,0.00,0.00,0.00,0,0,0.00,0.00,0.00,0,0,0.00,0.00,0,0
1508086783,eth1,0.00,0.00,0.00,0,0,0.00,0.00,0.00,0,0,0.00,0.00,0,0
1508086783,s2,0.00,0.00,0.00,0,0,0.00,0.00,0.00,0,0,0.00,0.00,0,0
1508086783,s1-eth2,11010.00,260408.00,271418.00,260408,11010,141.00,172.00,313.00,172,141,0.00,0.00,0,0
1508086783,s1-eth1,249810.00,10936.00,260746.00,10936,249810,165.00,140.00,305.00,140,165,0.00,0.00,0,0
1508086783,s2-eth2,0.00,0.00,0.00,0,0,0.00,0.00,0.00,0,0,0.00,0.00,0,0
1508086783,s2-eth1,342.00,0.00,342.00,0,342,1.00,0.00,1.00,0,1,0.00,0.00,0,0
1508086783,lo,0.00,0.00,0.00,0,0,0.00,0.00,0.00,0,0,0.00,0.00,0,0
1508086783,total,261162.00,271344.00,532506.00,271344,261162,307.00,312.00,619.00,312,307,0.00,0.00,0,0
1508086784,s1,0.00,0.00,0.00,0,0,0.00,0.00,0.00,0,0,0.00,0.00,0,0
1508086784,eth0,0.00,0.00,0.00,0,0,0.00,0.00,0.00,0,0,0.00,0.00,0,0
1508086784,eth1,0.00,0.00,0.00,0,0,0.00,0.00,0.00,0,0,0.00,0.00,0,0
1508086784,s2,0.00,0.00,0.00,0,0,0.00,0.00,0.00,0,0,0.00,0.00,0,0
1508086784,s1-eth2,10527.47,261660.34,272187.81,261922,10538,134.87,172.83,307.69,173,135,0.00,0.00,0,0
1508086784,s1-eth1,249560.45,10527.47,260087.92,10538,249810,164.84,134.87,299.70,135,165,0.00,0.00,0,0
1508086784,s2-eth2,341.66,0.00,341.66,0,342,1.00,0.00,1.00,0,1,0.00,0.00,0,0
1508086784,s2-eth1,106.89,0.00,106.89,0,107,1.00,0.00,1.00,0,1,0.00,0.00,0,0
1508086784,lo,171.83,171.83,343.66,172,172,3.00,3.00,5.99,3,3,0.00,0.00,0,0
1508086784,total,260708.30,272359.66,533067.94,272632,260969,304.70,310.69,615.38,311,305,0.00,0.00,0,0
1508086785,s1,0.00,0.00,0.00,0,0,0.00,0.00,0.00,0,0,0.00,0.00,0,0
1508086785,eth0,0.00,0.00,0.00,0,0,0.00,0.00,0.00,0,0,0.00,0.00,0,0
1508086785,eth1,0.00,0.00,0.00,0,0,0.00,0.00,0.00,0,0,0.00,0.00,0,0
1508086785,s2,0.00,0.00,0.00,0,0,0.00,0.00,0.00,0,0,0.00,0.00,0,0
1508086785,s1-eth2,7415.00,255866.00,263281.00,255866,7415,95.00,169.00,264.00,169,95,0.00,0.00,0,0
1508086785,s1-eth1,249987.00,6966.00,256953.00,6966,249987,167.00,93.00,260.00,93,167,0.00,0.00,0,0
1508086785,s2-eth2,107.00,0.00,107.00,0,107,1.00,0.00,1.00,0,1,0.00,0.00,0,0
1508086785,s2-eth1,70.00,0.00,70.00,0,70,1.00,0.00,1.00,0,1,0.00,0.00,0,0
1508086785,lo,0.00,0.00,0.00,0,0,0.00,0.00,0.00,0,0,0.00,0.00,0,0
1508086785,total,257579.00,262832.00,520411.00,262832,257579,264.00,262.00,526.00,262,264,0.00,0.00,0,0
1508086786,s1,0.00,0.00,0.00,0,0,0.00,0.00,0.00,0,0,0.00,0.00,0,0
1508086786,eth0,0.00,0.00,0.00,0,0,0.00,0.00,0.00,0,0,0.00,0.00,0,0
1508086786,eth1,0.00,0.00,0.00,0,0,0.00,0.00,0.00,0,0,0.00,0.00,0,0
1508086786,s2,0.00,0.00,0.00,0,0,0.00,0.00,0.00,0,0,0.00,0.00,0,0
1508086786,s1-eth2,7880.00,255866.00,263746.00,255866,7880,102.00,169.00,271.00,169,102,0.00,0.00,0,0
1508086786,s1-eth1,249810.00,7810.00,257620.00,7810,249810,165.00,101.00,266.00,101,165,0.00,0.00,0,0
1508086786,s2-eth2,70.00,0.00,70.00,0,70,1.00,0.00,1.00,0,1,0.00,0.00,0,0
1508086786,s2-eth1,0.00,0.00,0.00,0,0,0.00,0.00,0.00,0,0,0.00,0.00,0,0
1508086786,lo,0.00,0.00,0.00,0,0,0.00,0.00,0.00,0,0,0.00,0.00,0,0
1508086786,total,257760.00,263676.00,521436.00,263676,257760,268.00,270.00,538.00,270,268,0.00,0.00,0,0
1508086787,s1,0.00,0.00,0.00,0,0,0.00,0.00,0.00,0,0,0.00,0.00,0,0
1508086787,eth0,0.00,0.00,0.00,0,0,0.00,0.00,0.00,0,0,0.00,0.00,0,0
1508086787,eth1,0.00,0.00,0.00,0,0,0.00,0.00,0.00,0,0,0.00,0.00,0,0
1508086787,s2,0.00,0.00,0.00,0,0,0.00,0.00,0.00,0,0,0.00,0.00,0,0
1508086787,s1-eth2,10256.00,254352.00,264608.00,254352,10256,132.00,168.00,300.00,168,132,0.00,0.00,0,0
1508086787,s1-eth1,251324.00,10330.00,261654.00,10330,251324,166.00,133.00,299.00,133,166,0.00,0.00,0,0
1508086787,s2-eth2,0.00,0.00,0.00,0,0,0.00,0.00,0.00,0,0,0.00,0.00,0,0
1508086787,s2-eth1,0.00,0.00,0.00,0,0,0.00,0.00,0.00,0,0,0.00,0.00,0,0
1508086787,lo,172.00,172.00,344.00,172,172,3.00,3.00,6.00,3,3,0.00,0.00,0,0
1508086787,total,261752.00,264854.00,526606.00,264854,261752,301.00,304.00,605.00,304,301,0.00,0.00,0,0
1508086788,s1,0.00,0.00,0.00,0,0,0.00,0.00,0.00,0,0,0.00,0.00,0,0
1508086788,eth0,0.00,0.00,0.00,0,0,0.00,0.00,0.00,0,0,0.00,0.00,0,0
1508086788,eth1,0.00,0.00,0.00,0,0,0.00,0.00,0.00,0,0,0.00,0.00,0,0
1508086788,s2,0.00,0.00,0.00,0,0,0.00,0.00,0.00,0,0,0.00,0.00,0,0
1508086788,s1-eth2,6952.00,255866.00,262818.00,255866,6952,92.00,169.00,261.00,169,92,0.00,0.00,0,0
1508086788,s1-eth1,249810.00,6964.00,256774.00,6964,249810,165.00,92.00,257.00,92,165,0.00,0.00,0,0
1508086788,s2-eth2,0.00,0.00,0.00,0,0,0.00,0.00,0.00,0,0,0.00,0.00,0,0
1508086788,s2-eth1,0.00,0.00,0.00,0,0,0.00,0.00,0.00,0,0,0.00,0.00,0,0
1508086788,lo,0.00,0.00,0.00,0,0,0.00,0.00,0.00,0,0,0.00,0.00,0,0
1508086788,total,256762.00,262830.00,519592.00,262830,256762,257.00,261.00,518.00,261,257,0.00,0.00,0,0
1508086789,s1,0.00,0.00,0.00,0,0,0.00,0.00,0.00,0,0,0.00,0.00,0,0
1508086789,eth0,0.00,0.00,0.00,0,0,0.00,0.00,0.00,0,0,0.00,0.00,0,0
1508086789,eth1,0.00,0.00,0.00,0,0,0.00,0.00,0.00,0,0,0.00,0.00,0,0
1508086789,s2,0.00,0.00,0.00,0,0,0.00,0.00,0.00,0,0,0.00,0.00,0,0
1508086789,s1-eth2,2708.00,43836.00,46544.00,43836,2708,34.00,32.00,66.00,32,34,0.00,0.00,0,0
1508086789,s1-eth1,49892.00,2622.00,52514.00,2622,49892,36.00,33.00,69.00,33,36,0.00,0.00,0,0
1508086789,s2-eth2,0.00,0.00,0.00,0,0,0.00,0.00,0.00,0,0,0.00,0.00,0,0
1508086789,s2-eth1,0.00,0.00,0.00,0,0,0.00,0.00,0.00,0,0,0.00,0.00,0,0
1508086789,lo,172.00,172.00,344.00,172,172,3.00,3.00,6.00,3,3,0.00,0.00,0,0
1508086789,total,52772.00,46630.00,99402.00,46630,52772,73.00,68.00,141.00,68,73,0.00,0.00,0,0
1508086790,s1,0.00,0.00,0.00,0,0,0.00,0.00,0.00,0,0,0.00,0.00,0,0
1508086790,eth0,0.00,0.00,0.00,0,0,0.00,0.00,0.00,0,0,0.00,0.00,0,0
1508086790,eth1,0.00,0.00,0.00,0,0,0.00,0.00,0.00,0,0,0.00,0.00,0,0
1508086790,s2,0.00,0.00,0.00,0,0,0.00,0.00,0.00,0,0,0.00,0.00,0,0
1508086790,s1-eth2,0.00,0.00,0.00,0,0,0.00,0.00,0.00,0,0,0.00,0.00,0,0
1508086790,s1-eth1,0.00,0.00,0.00,0,0,0.00,0.00,0.00,0,0,0.00,0.00,0,0
1508086790,s2-eth2,0.00,0.00,0.00,0,0,0.00,0.00,0.00,0,0,0.00,0.00,0,0
1508086790,s2-eth1,342.00,0.00,342.00,0,342,1.00,0.00,1.00,0,1,0.00,0.00,0,0
1508086790,lo,0.00,0.00,0.00,0,0,0.00,0.00,0.00,0,0,0.00,0.00,0,0
1508086790,total,342.00,0.00,342.00,0,342,1.00,0.00,1.00,0,1,0.00,0.00,0,0
1508086791,s1,0.00,0.00,0.00,0,0,0.00,0.00,0.00,0,0,0.00,0.00,0,0
1508086791,eth0,0.00,0.00,0.00,0,0,0.00,0.00,0.00,0,0,0.00,0.00,0,0
1508086791,eth1,0.00,0.00,0.00,0,0,0.00,0.00,0.00,0,0,0.00,0.00,0,0
1508086791,s2,0.00,0.00,0.00,0,0,0.00,0.00,0.00,0,0,0.00,0.00,0,0
1508086791,s1-eth2,0.00,0.00,0.00,0,0,0.00,0.00,0.00,0,0,0.00,0.00,0,0
1508086791,s1-eth1,0.00,0.00,0.00,0,0,0.00,0.00,0.00,0,0,0.00,0.00,0,0
1508086791,s2-eth2,0.00,0.00,0.00,0,0,0.00,0.00,0.00,0,0,0.00,0.00,0,0
1508086791,s2-eth1,0.00,0.00,0.00,0,0,0.00,0.00,0.00,0,0,0.00,0.00,0,0
1508086791,lo,0.00,0.00,0.00,0,0,0.00,0.00,0.00,0,0,0.00,0.00,0,0
1508086791,total,0.00,0.00,0.00,0,0,0.00,0.00,0.00,0,0,0.00,0.00,0,0
1508086792,s1,0.00,0.00,0.00,0,0,0.00,0.00,0.00,0,0,0.00,0.00,0,0
1508086792,eth0,0.00,0.00,0.00,0,0,0.00,0.00,0.00,0,0,0.00,0.00,0,0
1508086792,eth1,0.00,0.00,0.00,0,0,0.00,0.00,0.00,0,0,0.00,0.00,0,0
1508086792,s2,0.00,0.00,0.00,0,0,0.00,0.00,0.00,0,0,0.00,0.00,0,0
1508086792,s1-eth2,0.00,0.00,0.00,0,0,0.00,0.00,0.00,0,0,0.00,0.00,0,0
1508086792,s1-eth1,0.00,0.00,0.00,0,0,0.00,0.00,0.00,0,0,0.00,0.00,0,0
1508086792,s2-eth2,342.00,0.00,342.00,0,342,1.00,0.00,1.00,0,1,0.00,0.00,0,0
1508086792,s2-eth1,107.00,0.00,107.00,0,107,1.00,0.00,1.00,0,1,0.00,0.00,0,0
1508086792,lo,172.00,172.00,344.00,172,172,3.00,3.00,6.00,3,3,0.00,0.00,0,0
1508086792,total,621.00,172.00,793.00,172,621,5.00,3.00,8.00,3,5,0.00,0.00,0,0
1508086793,s1,0.00,0.00,0.00,0,0,0.00,0.00,0.00,0,0,0.00,0.00,0,0
1508086793,eth0,0.00,0.00,0.00,0,0,0.00,0.00,0.00,0,0,0.00,0.00,0,0
1508086793,eth1,0.00,0.00,0.00,0,0,0.00,0.00,0.00,0,0,0.00,0.00,0,0
1508086793,s2,0.00,0.00,0.00,0,0,0.00,0.00,0.00,0,0,0.00,0.00,0,0
1508086793,s1-eth2,107.00,0.00,107.00,0,107,1.00,0.00,1.00,0,1,0.00,0.00,0,0
1508086793,s1-eth1,107.00,0.00,107.00,0,107,1.00,0.00,1.00,0,1,0.00,0.00,0,0
1508086793,s2-eth2,107.00,0.00,107.00,0,107,1.00,0.00,1.00,0,1,0.00,0.00,0,0
1508086793,s2-eth1,0.00,0.00,0.00,0,0,0.00,0.00,0.00,0,0,0.00,0.00,0,0
1508086793,lo,0.00,0.00,0.00,0,0,0.00,0.00,0.00,0,0,0.00,0.00,0,0
1508086793,total,321.00,0.00,321.00,0,321,3.00,0.00,3.00,0,3,0.00,0.00,0,0
1508086794,s1,0.00,0.00,0.00,0,0,0.00,0.00,0.00,0,0,0.00,0.00,0,0
1508086794,eth0,0.00,0.00,0.00,0,0,0.00,0.00,0.00,0,0,0.00,0.00,0,0
1508086794,eth1,0.00,0.00,0.00,0,0,0.00,0.00,0.00,0,0,0.00,0.00,0,0
1508086794,s2,0.00,0.00,0.00,0,0,0.00,0.00,0.00,0,0,0.00,0.00,0,0
1508086794,s1-eth2,0.00,0.00,0.00,0,0,0.00,0.00,0.00,0,0,0.00,0.00,0,0
1508086794,s1-eth1,0.00,0.00,0.00,0,0,0.00,0.00,0.00,0,0,0.00,0.00,0,0
1508086794,s2-eth2,0.00,0.00,0.00,0,0,0.00,0.00,0.00,0,0,0.00,0.00,0,0
1508086794,s2-eth1,0.00,0.00,0.00,0,0,0.00,0.00,0.00,0,0,0.00,0.00,0,0
1508086794,lo,171.83,171.83,343.66,172,172,3.00,3.00,5.99,3,3,0.00,0.00,0,0
1508086794,total,171.83,171.83,343.66,172,172,3.00,3.00,5.99,3,3,0.00,0.00,0,0
1508086795,s1,0.00,0.00,0.00,0,0,0.00,0.00,0.00,0,0,0.00,0.00,0,0
1508086795,eth0,0.00,0.00,0.00,0,0,0.00,0.00,0.00,0,0,0.00,0.00,0,0
1508086795,eth1,0.00,0.00,0.00,0,0,0.00,0.00,0.00,0,0,0.00,0.00,0,0
1508086795,s2,0.00,0.00,0.00,0,0,0.00,0.00,0.00,0,0,0.00,0.00,0,0
1508086795,s1-eth2,0.00,0.00,0.00,0,0,0.00,0.00,0.00,0,0,0.00,0.00,0,0
1508086795,s1-eth1,0.00,0.00,0.00,0,0,0.00,0.00,0.00,0,0,0.00,0.00,0,0
1508086795,s2