1508091012,s1,0.00,0.00,0.00,0,0,0.00,0.00,0.00,0,0,0.00,0.00,0,0
1508091012,eth0,0.00,0.00,0.00,0,0,0.00,0.00,0.00,0,0,0.00,0.00,0,0
1508091012,eth1,0.00,0.00,0.00,0,0,0.00,0.00,0.00,0,0,0.00,0.00,0,0
1508091012,s2,0.00,0.00,0.00,0,0,0.00,0.00,0.00,0,0,0.00,0.00,0,0
1508091012,s1-eth2,0.00,0.00,0.00,0,0,0.00,0.00,0.00,0,0,0.00,0.00,0,0
1508091012,s1-eth1,0.00,0.00,0.00,0,0,0.00,0.00,0.00,0,0,0.00,0.00,0,0
1508091012,s2-eth2,0.00,0.00,0.00,0,0,0.00,0.00,0.00,0,0,0.00,0.00,0,0
1508091012,s2-eth1,0.00,0.00,0.00,0,0,0.00,0.00,0.00,0,0,0.00,0.00,0,0
1508091012,lo,0.00,0.00,0.00,0,0,0.00,0.00,0.00,0,0,0.00,0.00,0,0
1508091012,total,0.00,0.00,0.00,0,0,0.00,0.00,0.00,0,0,0.00,0.00,0,0
1508091013,s1,0.00,0.00,0.00,0,0,0.00,0.00,0.00,0,0,0.00,0.00,0,0
1508091013,eth0,0.00,0.00,0.00,0,0,0.00,0.00,0.00,0,0,0.00,0.00,0,0
1508091013,eth1,0.00,0.00,0.00,0,0,0.00,0.00,0.00,0,0,0.00,0.00,0,0
1508091013,s2,0.00,0.00,0.00,0,0,0.00,0.00,0.00,0,0,0.00,0.00,0,0
1508091013,s1-eth2,0.00,0.00,0.00,0,0,0.00,0.00,0.00,0,0,0.00,0.00,0,0
1508091013,s1-eth1,342.00,0.00,342.00,0,342,1.00,0.00,1.00,0,1,0.00,0.00,0,0
1508091013,s2-eth2,342.00,0.00,342.00,0,342,1.00,0.00,1.00,0,1,0.00,0.00,0,0
1508091013,s2-eth1,342.00,0.00,342.00,0,342,1.00,0.00,1.00,0,1,0.00,0.00,0,0
1508091013,lo,0.00,0.00,0.00,0,0,0.00,0.00,0.00,0,0,0.00,0.00,0,0
1508091013,total,1026.00,0.00,1026.00,0,1026,3.00,0.00,3.00,0,3,0.00,0.00,0,0
1508091014,s1,0.00,0.00,0.00,0,0,0.00,0.00,0.00,0,0,0.00,0.00,0,0
1508091014,eth0,0.00,0.00,0.00,0,0,0.00,0.00,0.00,0,0,0.00,0.00,0,0
1508091014,eth1,0.00,0.00,0.00,0,0,0.00,0.00,0.00,0,0,0.00,0.00,0,0
1508091014,s2,0.00,0.00,0.00,0,0,0.00,0.00,0.00,0,0,0.00,0.00,0,0
1508091014,s1-eth2,0.00,0.00,0.00,0,0,0.00,0.00,0.00,0,0,0.00,0.00,0,0
1508091014,s1-eth1,0.00,0.00,0.00,0,0,0.00,0.00,0.00,0,0,0.00,0.00,0,0
1508091014,s2-eth2,0.00,0.00,0.00,0,0,0.00,0.00,0.00,0,0,0.00,0.00,0,0
1508091014,s2-eth1,0.00,0.00,0.00,0,0,0.00,0.00,0.00,0,0,0.00,0.00,0,0
1508091014,lo,0.00,0.00,0.00,0,0,0.00,0.00,0.00,0,0,0.00,0.00,0,0
1508091014,total,0.00,0.00,0.00,0,0,0.00,0.00,0.00,0,0,0.00,0.00,0,0
1508091015,s1,0.00,0.00,0.00,0,0,0.00,0.00,0.00,0,0,0.00,0.00,0,0
1508091015,eth0,0.00,0.00,0.00,0,0,0.00,0.00,0.00,0,0,0.00,0.00,0,0
1508091015,eth1,0.00,0.00,0.00,0,0,0.00,0.00,0.00,0,0,0.00,0.00,0,0
1508091015,s2,0.00,0.00,0.00,0,0,0.00,0.00,0.00,0,0,0.00,0.00,0,0
1508091015,s1-eth2,0.00,0.00,0.00,0,0,0.00,0.00,0.00,0,0,0.00,0.00,0,0
1508091015,s1-eth1,0.00,0.00,0.00,0,0,0.00,0.00,0.00,0,0,0.00,0.00,0,0
1508091015,s2-eth2,0.00,0.00,0.00,0,0,0.00,0.00,0.00,0,0,0.00,0.00,0,0
1508091015,s2-eth1,0.00,0.00,0.00,0,0,0.00,0.00,0.00,0,0,0.00,0.00,0,0
1508091015,lo,0.00,0.00,0.00,0,0,0.00,0.00,0.00,0,0,0.00,0.00,0,0
1508091015,total,0.00,0.00,0.00,0,0,0.00,0.00,0.00,0,0,0.00,0.00,0,0
1508091016,s1,0.00,0.00,0.00,0,0,0.00,0.00,0.00,0,0,0.00,0.00,0,0
1508091016,eth0,0.00,0.00,0.00,0,0,0.00,0.00,0.00,0,0,0.00,0.00,0,0
1508091016,eth1,0.00,0.00,0.00,0,0,0.00,0.00,0.00,0,0,0.00,0.00,0,0
1508091016,s2,0.00,0.00,0.00,0,0,0.00,0.00,0.00,0,0,0.00,0.00,0,0
1508091016,s1-eth2,42.00,42.00,84.00,42,42,1.00,1.00,2.00,1,1,0.00,0.00,0,0
1508091016,s1-eth1,42.00,42.00,84.00,42,42,1.00,1.00,2.00,1,1,0.00,0.00,0,0
1508091016,s2-eth2,0.00,0.00,0.00,0,0,0.00,0.00,0.00,0,0,0.00,0.00,0,0
1508091016,s2-eth1,0.00,0.00,0.00,0,0,0.00,0.00,0.00,0,0,0.00,0.00,0,0
1508091016,lo,884.00,884.00,1768.00,884,884,11.00,11.00,22.00,11,11,0.00,0.00,0,0
1508091016,total,968.00,968.00,1936.00,968,968,13.00,13.00,26.00,13,13,0.00,0.00,0,0
1508091017,s1,0.00,0.00,0.00,0,0,0.00,0.00,0.00,0,0,0.00,0.00,0,0
1508091017,eth0,0.00,0.00,0.00,0,0,0.00,0.00,0.00,0,0,0.00,0.00,0,0
1508091017,eth1,0.00,0.00,0.00,0,0,0.00,0.00,0.00,0,0,0.00,0.00,0,0
1508091017,s2,0.00,0.00,0.00,0,0,0.00,0.00,0.00,0,0,0.00,0.00,0,0
1508091017,s1-eth2,0.00,0.00,0.00,0,0,0.00,0.00,0.00,0,0,0.00,0.00,0,0
1508091017,s1-eth1,0.00,0.00,0.00,0,0,0.00,0.00,0.00,0,0,0.00,0.00,0,0
1508091017,s2-eth2,0.00,0.00,0.00,0,0,0.00,0.00,0.00,0,0,0.00,0.00,0,0
1508091017,s2-eth1,0.00,0.00,0.00,0,0,0.00,0.00,0.00,0,0,0.00,0.00,0,0
1508091017,lo,51.95,51.95,103.90,52,52,1.00,1.00,2.00,1,1,0.00,0.00,0,0
1508091017,total,51.95,51.95,103.90,52,52,1.00,1.00,2.00,1,1,0.00,0.00,0,0
1508091018,s1,0.00,0.00,0.00,0,0,0.00,0.00,0.00,0,0,0.00,0.00,0,0
1508091018,eth0,0.00,0.00,0.00,0,0,0.00,0.00,0.00,0,0,0.00,0.00,0,0
1508091018,eth1,0.00,0.00,0.00,0,0,0.00,0.00,0.00,0,0,0.00,0.00,0,0
1508091018,s2,0.00,0.00,0.00,0,0,0.00,0.00,0.00,0,0,0.00,0.00,0,0
1508091018,s1-eth2,107.00,0.00,107.00,0,107,1.00,0.00,1.00,0,1,0.00,0.00,0,0
1508091018,s1-eth1,107.00,0.00,107.00,0,107,1.00,0.00,1.00,0,1,0.00,0.00,0,0
1508091018,s2-eth2,107.00,0.00,107.00,0,107,1.00,0.00,1.00,0,1,0.00,0.00,0,0
1508091018,s2-eth1,107.00,0.00,107.00,0,107,1.00,0.00,1.00,0,1,0.00,0.00,0,0
1508091018,lo,0.00,0.00,0.00,0,0,0.00,0.00,0.00,0,0,0.00,0.00,0,0
1508091018,total,428.00,0.00,428.00,0,428,4.00,0.00,4.00,0,4,0.00,0.00,0,0
1508091019,s1,0.00,0.00,0.00,0,0,0.00,0.00,0.00,0,0,0.00,0.00,0,0
1508091019,eth0,0.00,0.00,0.00,0,0,0.00,0.00,0.00,0,0,0.00,0.00,0,0
1508091019,eth1,0.00,0.00,0.00,0,0,0.00,0.00,0.00,0,0,0.00,0.00,0,0
1508091019,s2,0.00,0.00,0.00,0,0,0.00,0.00,0.00,0,0,0.00,0.00,0,0
1508091019,s1-eth2,0.00,0.00,0.00,0,0,0.00,0.00,0.00,0,0,0.00,0.00,0,0
1508091019,s1-eth1,0.00,0.00,0.00,0,0,0.00,0.00,0.00,0,0,0.00,0.00,0,0
1508091019,s2-eth2,0.00,0.00,0.00,0,0,0.00,0.00,0.00,0,0,0.00,0.00,0,0
1508091019,s2-eth1,0.00,0.00,0.00,0,0,0.00,0.00,0.00,0,0,0.00,0.00,0,0
1508091019,lo,0.00,0.00,0.00,0,0,0.00,0.00,0.00,0,0,0.00,0.00,0,0
1508091019,total,0.00,0.00,0.00,0,0,0.00,0.00,0.00,0,0,0.00,0.00,0,0
1508091020,s1,0.00,0.00,0.00,0,0,0.00,0.00,0.00,0,0,0.00,0.00,0,0
1508091020,eth0,0.00,0.00,0.00,0,0,0.00,0.00,0.00,0,0,0.00,0.00,0,0
1508091020,eth1,0.00,0.00,0.00,0,0,0.00,0.00,0.00,0,0,0.00,0.00,0,0
1508091020,s2,0.00,0.00,0.00,0,0,0.00,0.00,0.00,0,0,0.00,0.00,0,0
1508091020,s1-eth2,0.00,0.00,0.00,0,0,0.00,0.00,0.00,0,0,0.00,0.00,0,0
1508091020,s1-eth1,0.00,0.00,0.00,0,0,0.00,0.00,0.00,0,0,0.00,0.00,0,0
1508091020,s2-eth2,0.00,0.00,0.00,0,0,0.00,0.00,0.00,0,0,0.00,0.00,0,0
1508091020,s2-eth1,0.00,0.00,0.00,0,0,0.00,0.00,0.00,0,0,0.00,0.00,0,0
1508091020,lo,0.00,0.00,0.00,0,0,0.00,0.00,0.00,0,0,0.00,0.00,0,0
1508091020,total,0.00,0.00,0.00,0,0,0.00,0.00,0.00,0,0,0.00,0.00,0,0
1508091021,s1,0.00,0.00,0.00,0,0,0.00,0.00,0.00,0,0,0.00,0.00,0,0
1508091021,eth0,0.00,0.00,0.00,0,0,0.00,0.00,0.00,0,0,0.00,0.00,0,0
1508091021,eth1,0.00,0.00,0.00,0,0,0.00,0.00,0.00,0,0,0.00,0.00,0,0
1508091021,s2,0.00,0.00,0.00,0,0,0.00,0.00,0.00,0,0,0.00,0.00,0,0
1508091021,s1-eth2,0.00,0.00,0.00,0,0,0.00,0.00,0.00,0,0,0.00,0.00,0,0
1508091021,s1-eth1,0.00,0.00,0.00,0,0,0.00,0.00,0.00,0,0,0.00,0.00,0,0
1508091021,s2-eth2,0.00,0.00,0.00,0,0,0.00,0.00,0.00,0,0,0.00,0.00,0,0
1508091021,s2-eth1,0.00,0.00,0.00,0,0,0.00,0.00,0.00,0,0,0.00,0.00,0,0
1508091021,lo,343.66,343.66,687.31,344,344,5.99,5.99,11.99,6,6,0.00,0.00,0,0
1508091021,total,343.66,343.66,687.31,344,344,5.99,5.99,11.99,6,6,0.00,0.00,0,0
1508091022,s1,0.00,0.00,0.00,0,0,0.00,0.00,0.00,0,0,0.00,0.00,0,0
1508091022,eth0,0.00,0.00,0.00,0,0,0.00,0.00,0.00,0,0,0.00,0.00,0,0
1508091022,eth1,0.00,0.00,0.00,0,0,0.00,0.00,0.00,0,0,0.00,0.00,0,0
1508091022,s2,0.00,0.00,0.00,0,0,0.00,0.00,0.00,0,0,0.00,0.00,0,0
1508091022,s1-eth2,0.00,0.00,0.00,0,0,0.00,0.00,0.00,0,0,0.00,0.00,0,0
1508091022,s1-eth1,342.00,0.00,342.00,0,342,1.00,0.00,1.00,0,1,0.00,0.00,0,0
1508091022,s2-eth2,0.00,0.00,0.00,0,0,0.00,0.00,0.00,0,0,0.00,0.00,0,0
1508091022,s2-eth1,342.00,0.00,342.00,0,342,1.00,0.00,1.00,0,1,0.00,0.00,0,0
1508091022,lo,0.00,0.00,0.00,0,0,0.00,0.00,0.00,0,0,0.00,0.00,0,0
1508091022,total,684.00,0.00,684.00,0,684,2.00,0.00,2.00,0,2,0.00,0.00,0,0
1508091023,s1,0.00,0.00,0.00,0,0,0.00,0.00,0.00,0,0,0.00,0.00,0,0
1508091023,eth0,0.00,0.00,0.00,0,0,0.00,0.00,0.00,0,0,0.00,0.00,0,0
1508091023,eth1,0.00,0.00,0.00,0,0,0.00,0.00,0.00,0,0,0.00,0.00,0,0
1508091023,s2,0.00,0.00,0.00,0,0,0.00,0.00,0.00,0,0,0.00,0.00,0,0
1508091023,s1-eth2,342.00,0.00,342.00,0,342,1.00,0.00,1.00,0,1,0.00,0.00,0,0
1508091023,s1-eth1,0.00,0.00,0.00,0,0,0.00,0.00,0.00,0,0,0.00,0.00,0,0
1508091023,s2-eth2,0.00,0.00,0.00,0,0,0.00,0.00,0.00,0,0,0.00,0.00,0,0
1508091023,s2-eth1,0.00,0.00,0.00,0,0,0.00,0.00,0.00,0,0,0.00,0.00,0,0
1508091023,lo,0.00,0.00,0.00,0,0,0.00,0.00,0.00,0,0,0.00,0.00,0,0
1508091023,total,342.00,0.00,342.00,0,342,1.00,0.00,1.00,0,1,0.00,0.00,0,0
1508091024,s1,0.00,0.00,0.00,0,0,0.00,0.00,0.00,0,0,0.00,0.00,0,0
1508091024,eth0,0.00,0.00,0.00,0,0,0.00,0.00,0.00,0,0,0.00,0.00,0,0
1508091024,eth1,0.00,0.00,0.00,0,0,0.00,0.00,0.00,0,0,0.00,0.00,0,0
1508091024,s2,0.00,0.00,0.00,0,0,0.00,0.00,0.00,0,0,0.00,0.00,0,0
1508091024,s1-eth2,0.00,0.00,0.00,0,0,0.00,0.00,0.00,0,0,0.00,0.00,0,0
1508091024,s1-eth1,0.00,0.00,0.00,0,0,0.00,0.00,0.00,0,0,0.00,0.00,0,0
1508091024,s2-eth2,0.00,0.00,0.00,0,0,0.00,0.00,0.00,0,0,0.00,0.00,0,0
1508091024,s2-eth1,0.00,0.00,0.00,0,0,0.00,0.00,0.00,0,0,0.00,0.00,0,0
1508091024,lo,0.00,0.00,0.00,0,0,0.00,0.00,0.00,0,0,0.00,0.00,0,0
1508091024,total,0.00,0.00,0.00,0,0,0.00,0.00,0.00,0,0,0.00,0.00,0,0
1508091025,s1,0.00,0.00,0.00,0,0,0.00,0.00,0.00,0,0,0.00,0.00,0,0
1508091025,eth0,0.00,0.00,0.00,0,0,0.00,0.00,0.00,0,0,0.00,0.00,0,0
1508091025,eth1,0.00,0.00,0.00,0,0,0.00,0.00,0.00,0,0,0.00,0.00,0,0
1508091025,s2,0.00,0.00,0.00,0,0,0.00,0.00,0.00,0,0,0.00,0.00,0,0
1508091025,s1-eth2,0.00,0.00,0.00,0,0,0.00,0.00,0.00,0,0,0.00,0.00,0,0
1508091025,s1-eth1,0.00,0.00,0.00,0,0,0.00,0.00,0.00,0,0,0.00,0.00,0,0
1508091025,s2-eth2,0.00,0.00,0.00,0,0,0.00,0.00,0.00,0,0,0.00,0.00,0,0
1508091025,s2-eth1,0.00,0.00,0.00,0,0,0.00,0.00,0.00,0,0,0.00,0.00,0,0
1508091025,lo,0.00,0.00,0.00,0,0,0.00,0.00,0.00,0,0,0.00,0.00,0,0
1508091025,total,0.00,0.00,0.00,0,0,0.00,0.00,0.00,0,0,0.00,0.00,0,0
1508091026,s1,0.00,0.00,0.00,0,0,0.00,0.00,0.00,0,0,0.00,0.00,0,0
1508091026,eth0,0.00,0.00,0.00,0,0,0.00,0.00,0.00,0,0,0.00,0.00,0,0
1508091026,eth1,0.00,0.00,0.00,0,0,0.00,0.00,0.00,0,0,0.00,0.00,0,0
1508091026,s2,0.00,0.00,0.00,0,0,0.00,0.00,0.00,0,0,0.00,0.00,0,0
1508091026,s1-eth2,0.00,0.00,0.00,0,0,0.00,0.00,0.00,0,0,0.00,0.00,0,0
1508091026,s1-eth1,0.00,0.00,0.00,0,0,0.00,0.00,0.00,0,0,0.00,0.00,0,0
1508091026,s2-eth2,0.00,0.00,0.00,0,0,0.00,0.00,0.00,0,0,0.00,0.00,0,0
1508091026,s2-eth1,0.00,0.00,0.00,0,0,0.00,0.00,0.00,0,0,0.00,0.00,0,0
1508091026,lo,343.66,343.66,687.31,344,344,5.99,5.99,11.99,6,6,0.00,0.00,0,0
1508091026,total,343.66,343.66,687.31,344,344,5.99,5.99,11.99,6,6,0.00,0.00,0,0
1508091027,s1,0.00,0.00,0.00,0,0,0.00,0.00,0.00,0,0,0.00,0.00,0,0
1508091027,eth0,0.00,0.00,0.00,0,0,0.00,0.00,0.00,0,0,0.00,0.00,0,0
1508091027,eth1,0.00,0.00,0.00,0,0,0.00,0.00,0.00,0,0,0.00,0.00,0,0
1508091027,s2,0.00,0.00,0.00,0,0,0.00,0.00,0.00,0,0,0.00,0.00,0,0
1508091027,s1-eth2,0.00,0.00,0.00,0,0,0.00,0.00,0.00,0,0,0.00,0.00,0,0
1508091027,s1-eth1,0.00,0.00,0.00,0,0,0.00,0.00,0.00,0,0,0.00,0.00,0,0
1508091027,s2-eth2,0.00,0.00,0.00,0,0,0.00,0.00,0.00,0,0,0.00,0.00,0,0
1508091027,s2-eth1,0.00,0.00,0.00,0,0,0.00,0.00,0.00,0,0,0.00,0.00,0,0
1508091027,lo,0.00,0.00,0.00,0,0,0.00,0.00,0.00,0,0,0.00,0.00,0,0
1508091027,total,0.00,0.00,0.00,0,0,0.00,0.00,0.00,0,0,0.00,0.00,0,0
1508091028,s1,0.00,0.00,0.00,0,0,0.00,0.00,0.00,0,0,0.00,0.00,0,0
1508091028,eth0,0.00,0.00,0.00,0,0,0.00,0.00,0.00,0,0,0.00,0.00,0,0
1508091028,eth1,0.00,0.00,0.00,0,0,0.00,0.00,0.00,0,0,0.00,0.00,0,0
1508091028,s2,0.00,0.00,0.00,0,0,0.00,0.00,0.00,0,0,0.00,0.00,0,0
1508091028,s1-eth2,0.00,0.00,0.00,0,0,0.00,0.00,0.00,0,0,0.00,0.00,0,0
1508091028,s1-eth1,0.00,0.00,0.00,0,0,0.00,0.00,0.00,0,0,0.00,0.00,0,0
1508091028,s2-eth2,341.66,0.00,341.66,0,342,1.00,0.00,1.00,0,1,0.00,0.00,0,0
1508091028,s2-eth1,0.00,0.00,0.00,0,0,0.00,0.00,0.00,0,0,0.00,0.00,0,0
1508091028,lo,0.00,0.00,0.00,0,0,0.00,0.00,0.00,0,0,0.00,0.00,0,0
1508091028,total,341.66,0.00,341.66,0,342,1.00,0.00,1.00,0,1,0.00,0.00,0,0
1508091029,s1,0.00,0.00,0.00,0,0,0.00,0.00,0.00,0,0,0.00,0.00,0,0
1508091029,eth0,0.00,0.00,0.00,0,0,0.00,0.00,0.00,0,0,0.00,0.00,0,0
1508091029,eth1,0.00,0.00,0.00,0,0,0.00,0.00,0.00,0,0,0.00,0.00,0,0
1508091029,s2,0.00,0.00,0.00,0,0,0.00,0.00,0.00,0,0,0.00,0.00,0,0
1508091029,s1-eth2,0.00,0.00,0.00,0,0,0.00,0.00,0.00,0,0,0.00,0.00,0,0
1508091029,s1-eth1,0.00,0.00,0.00,0,0,0.00,0.00,0.00,0,0,0.00,0.00,0,0
1508091029,s2-eth2,0.00,0.00,0.00,0,0,0.00,0.00,0.00,0,0,0.00,0.00,0,0
1508091029,s2-eth1,0.00,0.00,0.00,0,0,0.00,0.00,0.00,0,0,0.00,0.00,0,0
1508091029,lo,0.00,0.00,0.00,0,0,0.00,0.00,0.00,0,0,0.00,0.00,0,0
1508091029,total,0.00,0.00,0.00,0,0,0.00,0.00,0.00,0,0,0.00,0.00,0,0
1508091030,s1,0.00,0.00,0.00,0,0,0.00,0.00,0.00,0,0,0.00,0.00,0,0
1508091030,eth0,0.00,0.00,0.00,0,0,0.00,0.00,0.00,0,0,0.00,0.00,0,0
1508091030,eth1,0.00,0.00,0.00,0,0,0.00,0.00,0.00,0,0,0.00,0.00,0,0
1508091030,s2,0.00,0.00,0.00,0,0,0.00,0.00,0.00,0,0,0.00,0.00,0,0
1508091030,s1-eth2,0.00,0.00,0.00,0,0,0.00,0.00,0.00,0,0,0.00,0.00,0,0
1508091030,s1-eth1,0.00,0.00,0.00,0,0,0.00,0.00,0.00,0,0,0.00,0.00,0,0
1508091030,s2-eth2,0.00,0.00,0.00,0,0,0.00,0.00,0.00,0,0,0.00,0.00,0,0
1508091030,s2-eth1,0.00,0.00,0.00,0,0,0.00,0.00,0.00,0,0,0.00,0.00,0,0
1508091030,lo,0.00,0.00,0.00,0,0,0.00,0.00,0.00,0,0,0.00,0.00,0,0
1508091030,total,0.00,0.00,0.00,0,0,0.00,0.00,0.00,0,0,0.00,0.00,0,0
1508091031,s1,0.00,0.00,0.00,0,0,0.00,0.00,0.00,0,0,0.00,0.00,0,0
1508091031,eth0,0.00,0.00,0.00,0,0,0.00,0.00,0.00,0,0,0.00,0.00,0,0
1508091031,eth1,0.00,0.00,0.00,0,0,0.00,0.00,0.00,0,0,0.00,0.00,0,0
1508091031,s2,0.00,0.00,0.00,0,0,0.00,0.00,0.00,0,0,0.00,0.00,0,0
1508091031,s1-eth2,0.00,0.00,0.00,0,0,0.00,0.00,0.00,0,0,0.00,0.00,0,0
1508091031,s1-eth1,0.00,0.00,0.00,0,0,0.00,0.00,0.00,0,0,0.00,0.00,0,0
1508091031,s2-eth2,0.00,0.00,0.00,0,0,0.00,0.00,0.00,0,0,0.00,0.00,0,0
1508091031,s2-eth1,0.00,0.00,0.00,0,0,0.00,0.00,0.00,0,0,0.00,0.00,0,0
1508091031,lo,344.00,344.00,688.00,344,344,6.00,6.00,12.00,6,6,0.00,0.00,0,0
1508091031,total,344.00,344.00,688.00,344,344,6.00,6.00,12.00,6,6,0.00,0.00,0,0
1508091032,s1,0.00,42.00,42.00,42,0,0.00,1.00,1.00,1,0,0.00,0.00,0,0
1508091032,eth0,0.00,0.00,0.00,0,0,0.00,0.00,0.00,0,0,0.00,0.00,0,0
1508091032,eth1,0.00,0.00,0.00,0,0,0.00,0.00,0.00,0,0,0.00,0.00,0,0
1508091032,s2,0.00,84.00,84.00,84,0,0.00,2.00,2.00,2,0,0.00,0.00,0,0
1508091032,s1-eth2,11454.00,246178.00,257632.00,246178,11454,143.00,173.00,316.00,173,143,0.00,0.00,0,0
1508091032,s1-eth1,229524.00,11454.00,240978.00,11454,229524,162.00,143.00,305.00,143,162,0.00,0.00,0,0
1508091032,s2-eth2,42.00,170.00,212.00,170,42,1.00,3.00,4.00,3,1,0.00,0.00,0,0
1508091032,s2-eth1,84.00,42.00,126.00,42,84,2.00,1.00,3.00,1,2,0.00,0.00,0,0
1508091032,lo,4392.00,4392.00,8784.00,4392,4392,39.00,39.00,78.00,39,39,0.00,0.00,0,0
1508091032,total,245496.00,262362.00,507858.00,262362,245496,347.00,362.00,709.00,362,347,0.00,0.00,0,0
1508091033,s1,0.00,42.00,42.00,42,0,0.00,1.00,1.00,1,0,0.00,0.00,0,0
1508091033,eth0,0.00,0.00,0.00,0,0,0.00,0.00,0.00,0,0,0.00,0.00,0,0
1508091033,eth1,0.00,0.00,0.00,0,0,0.00,0.00,0.00,0,0,0.00,0.00,0,0
1508091033,s2,0.00,42.00,42.00,42,0,0.00,1.00,1.00,1,0,0.00,0.00,0,0
1508091033,s1-eth2,12560.00,258936.00,271496.00,258936,12560,160.00,172.00,332.00,172,160,0.00,0.00,0,0
1508091033,s1-eth1,249852.00,12560.00,262412.00,12560,249852,166.00,160.00,326.00,160,166,0.00,0.00,0,0
1508091033,s2-eth2,4260.00,109226.00,113486.00,109226,4260,52.00,75.00,127.00,75,52,0.00,0.00,0,0
1508091033,s2-eth1,88030.00,4260.00,92290.00,4260,88030,61.00,52.00,113.00,52,61,0.00,0.00,0,0
1508091033,lo,824.00,824.00,1648.00,824,824,9.00,9.00,18.00,9,9,0.00,0.00,0,0
1508091033,total,355526.00,385890.00,741416.00,385890,355526,448.00,470.00,918.00,470,448,0.00,0.00,0,0
1508091034,s1,0.00,42.00,42.00,42,0,0.00,1.00,1.00,1,0,0.00,0.00,0,0
1508091034,eth0,0.00,0.00,0.00,0,0,0.00,0.00,0.00,0,0,0.00,0.00,0,0
1508091034,eth1,0.00,0.00,0.00,0,0,0.00,0.00,0.00,0,0,0.00,0.00,0,0
1508091034,s2,0.00,42.00,42.00,42,0,0.00,1.00,1.00,1,0,0.00,0.00,0,0
1508091034,s1-eth2,12317.00,258936.00,271253.00,258936,12317,160.00,172.00,332.00,172,160,0.00,0.00,0,0
1508091034,s1-eth1,249959.00,12210.00,262169.00,12210,249959,167.00,159.00,326.00,159,167,0.00,0.00,0,0
1508091034,s2-eth2,6381.00,137816.00,144197.00,137816,6381,80.00,92.00,172.00,92,80,0.00,0.00,0,0
1508091034,s2-eth1,145493.00,6274.00,151767.00,6274,145493,98.00,79.00,177.00,79,98,0.00,0.00,0,0
1508091034,lo,480.00,480.00,960.00,480,480,6.00,6.00,12.00,6,6,0.00,0.00,0,0
1508091034,total,414630.00,415800.00,830430.00,415800,414630,511.00,510.00,1021.00,510,511,0.00,0.00,0,0
1508091035,s1,0.00,41.96,41.96,42,0,0.00,1.00,1.00,1,0,0.00,0.00,0,0
1508091035,eth0,0.00,0.00,0.00,0,0,0.00,0.00,0.00,0,0,0.00,0.00,0,0
1508091035,eth1,0.00,0.00,0.00,0,0,0.00,0.00,0.00,0,0,0.00,0.00,0,0
1508091035,s2,0.00,41.96,41.96,42,0,0.00,1.00,1.00,1,0,0.00,0.00,0,0
1508091035,s1-eth2,12377.62,260189.81,272567.44,260450,12390,160.84,172.83,333.67,173,161,0.00,0.00,0,0
1508091035,s1-eth1,249602.41,12377.62,261980.03,12390,249852,165.83,160.84,326.67,161,166,0.00,0.00,0,0
1508091035,s2-eth2,5120.88,121040.96,126161.84,121162,5126,62.94,80.92,143.86,81,63,0.00,0.00,0,0
1508091035,s2-eth1,118015.98,5206.79,123222.78,5212,118134,78.92,63.94,142.86,64,79,0.00,0.00,0,0
1508091035,lo,479.52,479.52,959.04,480,480,5.99,5.99,11.99,6,6,0.00,0.00,0,0
1508091035,total,385596.41,399378.62,784975.06,399778,385982,474.53,486.51,961.04,487,475,0.00,0.00,0,0
1508091036,s1,0.00,42.00,42.00,42,0,0.00,1.00,1.00,1,0,0.00,0.00,0,0
1508091036,eth0,0.00,0.00,0.00,0,0,0.00,0.00,0.00,0,0,0.00,0.00,0,0
1508091036,eth1,0.00,0.00,0.00,0,0,0.00,0.00,0.00,0,0,0.00,0.00,0,0
1508091036,s2,0.00,42.00,42.00,42,0,0.00,1.00,1.00,1,0,0.00,0.00,0,0
1508091036,s1-eth2,12490.00,255908.00,268398.00,255908,12490,159.00,170.00,329.00,170,159,0.00,0.00,0,0
1508091036,s1-eth1,243796.00,12148.00,255944.00,12148,243796,162.00,158.00,320.00,158,162,0.00,0.00,0,0
1508091036,s2-eth2,3766.00,78770.00,82536.00,78770,3766,47.00,53.00,100.00,53,47,0.00,0.00,0,0
1508091036,s2-eth1,76084.00,3680.00,79764.00,3680,76084,52.00,46.00,98.00,46,52,0.00,0.00,0,0
1508091036,lo,480.00,480.00,960.00,480,480,6.00,6.00,12.00,6,6,0.00,0.00,0,0
1508091036,total,336616.00,351070.00,687686.00,351070,336616,426.00,435.00,861.00,435,426,0.00,0.00,0,0
1508091037,s1,0.00,41.96,41.96,42,0,0.00,1.00,1.00,1,0,0.00,0.00,0,0
1508091037,eth0,0.00,0.00,0.00,0,0,0.00,0.00,0.00,0,0,0.00,0.00,0,0
1508091037,eth1,0.00,0.00,0.00,0,0,0.00,0.00,0.00,0,0,0.00,0.00,0,0
1508091037,s2,0.00,41.96,41.96,42,0,0.00,1.00,1.00,1,0,0.00,0.00,0,0
1508091037,s1-eth2,12263.74,255652.36,267916.09,255908,12276,161.84,169.83,331.67,170,162,0.00,0.00,0,0
1508091037,s1-eth1,249602.41,12263.74,261866.14,12276,249852,165.83,161.84,327.67,162,166,0.00,0.00,0,0
1508091037,s2-eth2,3014.99,63566.43,66581.42,63630,3018,38.96,42.96,81.92,43,39,0.00,0.00,0,0
1508091037,s2-eth1,63566.43,3014.99,66581.42,3018,63630,42.96,38.96,81.92,39,43,0.00,0.00,0,0
1508091037,lo,479.52,479.52,959.04,480,480,5.99,5.99,11.99,6,6,0.00,0.00,0,0
1508091037,total,328927.09,335060.94,663988.00,335396,329256,415.58,421.58,837.16,422,416,0.00,0.00,0,0
1508091038,s1,0.00,0.00,0.00,0,0,0.00,0.00,0.00,0,0,0.00,0.00,0,0
1508091038,eth0,0.00,0.00,0.00,0,0,0.00,0.00,0.00,0,0,0.00,0.00,0,0
1508091038,eth1,0.00,0.00,0.00,0,0,0.00,0.00,0.00,0,0,0.00,0.00,0,0
1508091038,s2,0.00,0.00,0.00,0,0,0.00,0.00,0.00,0,0,0.00,0.00,0,0
1508091038,s1-eth2,12152.00,261922.00,274074.00,261922,12152,158.00,173.00,331.00,173,158,0.00,0.00,0,0
1508091038,s1-eth1,249810.00,12226.00,262036.00,12226,249810,165.00,159.00,324.00,159,165,0.00,0.00,0,0
1508091038,s2-eth2,2590.00,78728.00,81318.00,78728,2590,35.00,52.00,87.00,52,35,0.00,0.00,0,0
1508091038,s2-eth1,72672.00,2590.00,75262.00,2590,72672,48.00,35.00,83.00,35,48,0.00,0.00,0,0
1508091038,lo,0.00,0.00,0.00,0,0,0.00,0.00,0.00,0,0,0.00,0.00,0,0
1508091038,total,337224.00,355466.00,692690.00,355466,337224,406.00,419.00,825.00,419,406,0.00,0.00,0,0
1508091039,s1,0.00,0.00,0.00,0,0,0.00,0.00,0.00,0,0,0.00,0.00,0,0
1508091039,eth0,0.00,0.00,0.00,0,0,0.00,0.00,0.00,0,0,0.00,0.00,0,0
1508091039,eth1,0.00,0.00,0.00,0,0,0.00,0.00,0.00,0,0,0.00,0.00,0,0
1508091039,s2,0.00,0.00,0.00,0,0,0.00,0.00,0.00,0,0,0.00,0.00,0,0
1508091039,s1-eth2,12478.00,257380.00,269858.00,257380,12478,161.00,170.00,331.00,170,161,0.00,0.00,0,0
1508091039,s1-eth1,251324.00,12490.00,263814.00,12490,251324,166.00,161.00,327.00,161,166,0.00,0.00,0,0
1508091039,s2-eth2,3918.00,86298.00,90216.00,86298,3918,51.00,57.00,108.00,57,51,0.00,0.00,0,0
1508091039,s2-eth1,87812.00,3992.00,91804.00,3992,87812,58.00,52.00,110.00,52,58,0.00,0.00,0,0
1508091039,lo,0.00,0.00,0.00,0,0,0.00,0.00,0.00,0,0,0.00,0.00,0,0
1508091039,total,355532.00,360160.00,715692.00,360160,355532,436.00,440.00,876.00,440,436,0.00,0.00,0,0
1508091040,s1,0.00,0.00,0.00,0,0,0.00,0.00,0.00,0,0,0.00,0.00,0,0
1508091040,eth0,0.00,0.00,0.00,0,0,0.00,0.00,0.00,0,0,0.00,0.00,0,0
1508091040,eth1,0.00,0.00,0.00,0,0,0.00,0.00,0.00,0,0,0.00,0.00,0,0
1508091040,s2,0.00,0.00,0.00,0,0,0.00,0.00,0.00,0,0,0.00,0.00,0,0
1508091040,s1-eth2,12394.00,254352.00,266746.00,254352,12394,161.00,168.00,329.00,168,161,0.00,0.00,0,0
1508091040,s1-eth1,249810.00,12308.00,262118.00,12308,249810,165.00,160.00,325.00,160,165,0.00,0.00,0,0
1508091040,s2-eth2,3424.00,80242.00,83666.00,80242,3424,40.00,53.00,93.00,53,40,0.00,0.00,0,0
1508091040,s2-eth1,74186.00,3008.00,77194.00,3008,74186,49.00,38.00,87.00,38,49,0.00,0.00,0,0
1508091040,lo,0.00,0.00,0.00,0,0,0.00,0.00,0.00,0,0,0.00,0.00,0,0
1508091040,total,339814.00,349910.00,689724.00,349910,339814,415.00,419.00,834.00,419,415,0.00,0.00,0,0
1508091041,s1,0.00,0.00,0.00,0,0,0.00,0.00,0.00,0,0,0.00,0.00,0,0
1508091041,eth0,0.00,0.00,0.00,0,0,0.00,0.00,0.00,0,0,0.00,0.00,0,0
1508091041,eth1,0.00,0.00,0.00,0,0,0.00,0.00,0.00,0,0,0.00,0.00,0,0
1508091041,s2,0.00,0.00,0.00,0,0,0.00,0.00,0.00,0,0,0.00,0.00,0,0
1508091041,s1-eth2,11904.00,261922.00,273826.00,261922,11904,156.00,173.00,329.00,173,156,0.00,0.00,0,0
1508091041,s1-eth1,249810.00,11904.00,261714.00,11904,249810,165.00,156.00,321.00,156,165,0.00,0.00,0,0
1508091041,s2-eth2,3330.00,98410.00,101740.00,98410,3330,45.00,65.00,110.00,65,45,0.00,0.00,0,0
1508091041,s2-eth1,99924.00,3330.00,103254.00,3330,99924,66.00,45.00,111.00,45,66,0.00,0.00,0,0
1508091041,lo,344.00,344.00,688.00,344,344,6.00,6.00,12.00,6,6,0.00,0.00,0,0
1508091041,total,365312.00,375910.00,741222.00,375910,365312,438.00,445.00,883.00,445,438,0.00,0.00,0,0
1508091042,s1,0.00,0.00,0.00,0,0,0.00,0.00,0.00,0,0,0.00,0.00,0,0
1508091042,eth0,0.00,0.00,0.00,0,0,0.00,0.00,0.00,0,0,0.00,0.00,0,0
1508091042,eth1,0.00,0.00,0.00,0,0,0.00,0.00,0.00,0,0,0.00,0.00,0,0
1508091042,s2,0.00,0.00,0.00,0,0,0.00,0.00,0.00,0,0,0.00,0.00,0,0
1508091042,s1-eth2,12462.00,260408.00,272870.00,260408,12462,163.00,172.00,335.00,172,163,0.00,0.00,0,0
1508091042,s1-eth1,250152.00,12462.00,262614.00,12462,250152,166.00,163.00,329.00,163,166,0.00,0.00,0,0
1508091042,s2-eth2,4622.00,89368.00,93990.00,89368,4622,59.00,60.00,119.00,60,59,0.00,0.00,0,0
1508091042,s2-eth1,84826.00,4622.00,89448.00,4622,84826,57.00,59.00,116.00,59,57,0.00,0.00,0,0
1508091042,lo,592.00,592.00,1184.00,592,592,6.00,6.00,12.00,6,6,0.00,0.00,0,0
1508091042,total,352654.00,367452.00,720106.00,367452,352654,451.00,460.00,911.00,460,451,0.00,0.00,0,0
1508091043,s1,0.00,0.00,0.00,0,0,0.00,0.00,0.00,0,0,0.00,0.00,0,0
1508091043,eth0,0.00,0.00,0.00,0,0,0.00,0.00,0.00,0,0,0.00,0.00,0,0
1508091043,eth1,0.00,0.00,0.00,0,0,0.00,0.00,0.00,0,0,0.00,0.00,0,0
1508091043,s2,0.00,0.00,0.00,0,0,0.00,0.00,0.00,0,0,0.00,0.00,0,0
1508091043,s1-eth2,12366.00,255866.00,268232.00,255866,12366,159.00,169.00,328.00,169,159,0.00,0.00,0,0
1508091043,s1-eth1,249810.00,12366.00,262176.00,12366,249810,165.00,159.00,324.00,159,165,0.00,0.00,0,0
1508091043,s2-eth2,2560.00,46934.00,49494.00,46934,2560,32.00,31.00,63.00,31,32,0.00,0.00,0,0
1508091043,s2-eth1,52990.00,2560.00,55550.00,2560,52990,35.00,32.00,67.00,32,35,0.00,0.00,0,0
1508091043,lo,0.00,0.00,0.00,0,0,0.00,0.00,0.00,0,0,0.00,0.00,0,0
1508091043,total,317726.00,317726.00,635452.00,317726,317726,391.00,391.00,782.00,391,391,0.00,0.00,0,0
1508091044,s1,0.00,0.00,0.00,0,0,0.00,0.00,0.00,0,0,0.00,0.00,0,0
1508091044,eth0,0.00,0.00,0.00,0,0,0.00,0.00,0.00,0,0,0.00,0.00,0,0
1508091044,eth1,0.00,0.00,0.00,0,0,0.00,0.00,0.00,0,0,0.00,0.00,0,0
1508091044,s2,0.00,0.00,0.00,0,0,0.00,0.00,0.00,0,0,0.00,0.00,0,0
1508091044,s1-eth2,12042.00,258894.00,270936.00,258894,12042,159.00,171.00,330.00,171,159,0.00,0.00,0,0
1508091044,s1-eth1,249810.00,12042.00,261852.00,12042,249810,165.00,159.00,324.00,159,165,0.00,0.00,0,0
1508091044,s2-eth2,1924.00,65102.00,67026.00,65102,1924,26.00,43.00,69.00,43,26,0.00,0.00,0,0
1508091044,s2-eth1,54504.00,1924.00,56428.00,1924,54504,36.00,26.00,62.00,26,36,0.00,0.00,0,0
1508091044,lo,0.00,0.00,0.00,0,0,0.00,0.00,0.00,0,0,0.00,0.00,0,0
1508091044,total,318280.00,337962.00,656242.00,337962,318280,386.00,399.00,785.00,399,386,0.00,0.00,0,0
1508091045,s1,0.00,0.00,0.00,0,0,0.00,0.00,0.00,0,0,0.00,0.00,0,0
1508091045,eth0,0.00,0.00,0.00,0,0,0.00,0.00,0.00,0,0,0.00,0.00,0,0
1508091045,eth1,0.00,0.00,0.00,0,0,0.00,0.00,0.00,0,0,0.00,0.00,0,0
1508091045,s2,0.00,0.00,0.00,0,0,0.00,0.00,0.00,0,0,0.00,0.00,0,0
1508091045,s1-eth2,9518.00,196820.00,206338.00,196820,9518,121.00,130.00,251.00,130,121,0.00,0.00,0,0
1508091045,s1-eth1,187736.00,9518.00,197254.00,9518,187736,124.00,121.00,245.00,121,124,0.00,0.00,0,0
1508091045,s2-eth2,3034.00,78728.00,81762.00,78728,3034,41.00,52.00,93.00,52,41,0.00,0.00,0,0
1508091045,s2-eth1,84784.00,3034.00,87818.00,3034,84784,56.00,41.00,97.00,41,56,0.00,0.00,0,0
1508091045,lo,0.00,0.00,0.00,0,0,0.00,0.00,0.00,0,0,0.00,0.00,0,0
1508091045,total,285072.00,288100.00,573172.00,288100,285072,342.00,344.00,686.00,344,342,0.00,0.00,0,0
1508091046,s1,0.00,0.00,0.00,0,0,0.00,0.00,0.00,0,0,0.00,0.00,0,0
1508091046,eth0,0.00,0.00,0.00,0,0,0.00,0.00,0.00,0,0,0.00,0.00,0,0
1508091046,eth1,0.00,0.00,0.00,0,0,0.00,0.00,0.00,0,0,0.00,0.00,0,0
1508091046,s2,0.00,0.00,0.00,0,0,0.00,0.00,0.00,0,0,0.00,0.00,0,0
1508091046,s1-eth2,12288.00,260408.00,272696.00,260408,12288,160.00,172.00,332.00,172,160,0.00,0.00,0,0
1508091046,s1-eth1,251324.00,12374.00,263698.00,12374,251324,166.00,161.00,327.00,161,166,0.00,0.00,0,0
1508091046,s2-eth2,3486.00,125662.00,129148.00,125662,3486,45.00,83.00,128.00,83,45,0.00,0.00,0,0
1508091046,s2-eth1,122634.00,3486.00,126120.00,3486,122634,81.00,45.00,126.00,45,81,0.00,0.00,0,0
1508091046,lo,344.00,344.00,688.00,344,344,6.00,6.00,12.00,6,6,0.00,0.00,0,0
1508091046,total,390076.00,402274.00,792350.00,402274,390076,458.00,467.00,925.00,467,458,0.00,0.00,0,0
1508091047,s1,0.00,0.00,0.00,0,0,0.00,0.00,0.00,0,0,0.00,0.00,0,0
1508091047,eth0,0.00,0.00,0.00,0,0,0.00,0.00,0.00,0,0,0.00,0.00,0,0
1508091047,eth1,0.00,0.00,0.00,0,0,0.00,0.00,0.00,0,0,0.00,0.00,0,0
1508091047,s2,0.00,0.00,0.00,0,0,0.00,0.00,0.00,0,0,0.00,0.00,0,0
1508091047,s1-eth2,11708.29,263172.84,274881.12,263436,11720,153.85,173.83,327.67,174,154,0.00,0.00,0,0
1508091047,s1-eth1,246535.47,11622.38,258157.84,11634,246782,162.84,152.85,315.68,153,163,0.00,0.00,0,0
1508091047,s2-eth2,4651.35,108899.10,113550.45,109008,4656,59.94,71.93,131.87,72,60,0.00,0.00,0,0
1508091047,s2-eth1,104361.64,4651.35,109012.99,4656,104466,68.93,59.94,128.87,60,69,0.00,0.00,0,0
1508091047,lo,0.00,0.00,0.00,0,0,0.00,0.00,0.00,0,0,0.00,0.00,0,0
1508091047,total,367256.75,388345.66,755602.44,388734,367624,445.55,458.54,904.10,459,446,0.00,0.00,0,0
1508091048,s1,0.00,0.00,0.00,0,0,0.00,0.00,0.00,0,0,0.00,0.00,0,0
1508091048,eth0,0.00,0.00,0.00,0,0,0.00,0.00,0.00,0,0,0.00,0.00,0,0
1508091048,eth1,0.00,0.00,0.00,0,0,0.00,0.00,0.00,0,0,0.00,0.00,0,0
1508091048,s2,0.00,0.00,0.00,0,0,0.00,0.00,0.00,0,0,0.00,0.00,0,0
1508091048,s1-eth2,12500.00,254352.00,266852.00,254352,12500,160.00,168.00,328.00,168,160,0.00,0.00,0,0
1508091048,s1-eth1,249810.00,12574.00,262384.00,12574,249810,165.00,161.00,326.00,161,165,0.00,0.00,0,0
1508091048,s2-eth2,3348.00,74186.00,77534.00,74186,3348,42.00,49.00,91.00,49,42,0.00,0.00,0,0
1508091048,s2-eth1,77214.00,3348.00,80562.00,3348,77214,51.00,42.00,93.00,42,51,0.00,0.00,0,0
1508091048,lo,0.00,0.00,0.00,0,0,0.00,0.00,0.00,0,0,0.00,0.00,0,0
1508091048,total,342872.00,344460.00,687332.00,344460,342872,418.00,420.00,838.00,420,418,0.00,0.00,0,0
1508091049,s1,0.00,0.00,0.00,0,0,0.00,0.00,0.00,0,0,0.00,0.00,0,0
1508091049,eth0,456.00,735.00,1191.00,735,456,6.00,6.00,12.00,6,6,0.00,0.00,0,0
1508091049,eth1,0.00,0.00,0.00,0,0,0.00,0.00,0.00,0,0,0.00,0.00,0,0
1508091049,s2,0.00,0.00,0.00,0,0,0.00,0.00,0.00,0,0,0.00,0.00,0,0
1508091049,s1-eth2,12616.00,255866.00,268482.00,255866,12616,162.00,169.00,331.00,169,162,0.00,0.00,0,0
1508091049,s1-eth1,250262.00,11980.00,262242.00,11980,250262,167.00,158.00,325.00,158,167,0.00,0.00,0,0
1508091049,s2-eth2,3782.00,65102.00,68884.00,65102,3782,45.00,43.00,88.00,43,45,0.00,0.00,0,0
1508091049,s2-eth1,65554.00,3142.00,68696.00,3142,65554,45.00,41.00,86.00,41,45,0.00,0.00,0,0
1508091049,lo,1023.00,1023.00,2046.00,1023,1023,12.00,12.00,24.00,12,12,0.00,0.00,0,0
1508091049,total,333693.00,337848.00,671541.00,337848,333693,437.00,429.00,866.00,429,437,0.00,0.00,0,0
1508091050,s1,0.00,0.00,0.00,0,0,0.00,0.00,0.00,0,0,0.00,0.00,0,0
1508091050,eth0,456.00,735.00,1191.00,735,456,6.00,6.00,12.00,6,6,0.00,0.00,0,0
1508091050,eth1,0.00,0.00,0.00,0,0,0.00,0.00,0.00,0,0,0.00,0.00,0,0
1508091050,s2,0.00,0.00,0.00,0,0,0.00,0.00,0.00,0,0,0.00,0.00,0,0
1508091050,s1-eth2,12282.00,258894.00,271176.00,258894,12282,163.00,171.00,334.00,171,163,0.00,0.00,0,0
1508091050,s1-eth1,249998.00,12204.00,262202.00,12204,249998,167.00,162.00,329.00,162,167,0.00,0.00,0,0
1508091050,s2-eth2,4095.00,66616.00,70711.00,66616,4095,47.00,44.00,91.00,44,47,0.00,0.00,0,0
1508091050,s2-eth1,57720.00,3116.00,60836.00,3116,57720,40.00,40.00,80.00,40,40,0.00,0.00,0,0
1508091050,lo,1023.00,1023.00,2046.00,1023,1023,12.00,12.00,24.00,12,12,0.00,0.00,0,0
1508091050,total,325574.00,342588.00,668162.00,342588,325574,435.00,435.00,870.00,435,435,0.00,0.00,0,0
1508091051,s1,0.00,0.00,0.00,0,0,0.00,0.00,0.00,0,0,0.00,0.00,0,0
1508091051,eth0,304.00,490.00,794.00,490,304,4.00,4.00,8.00,4,4,0.00,0.00,0,0
1508091051,eth1,0.00,0.00,0.00,0,0,0.00,0.00,0.00,0,0,0.00,0.00,0,0
1508091051,s2,0.00,0.00,0.00,0,0,0.00,0.00,0.00,0,0,0.00,0.00,0,0
1508091051,s1-eth2,13786.00,252838.00,266624.00,252838,13786,169.00,167.00,336.00,167,169,0.00,0.00,0,0
1508091051,s1-eth1,250402.00,12352.00,262754.00,12352,250402,175.00,160.00,335.00,160,175,0.00,0.00,0,0
1508091051,s2-eth2,4342.00,78728.00,83070.00,78728,4342,47.00,52.00,99.00,52,47,0.00,0.00,0,0
1508091051,s2-eth1,84249.00,3108.00,87357.00,3108,84249,62.00,42.00,104.00,42,62,0.00,0.00,0,0
1508091051,lo,1026.00,1026.00,2052.00,1026,1026,14.00,14.00,28.00,14,14,0.00,0.00,0,0
1508091051,total,354109.00,348542.00,702651.00,348542,354109,471.00,439.00,910.00,439,471,0.00,0.00,0,0
1508091052,s1,0.00,0.00,0.00,0,0,0.00,0.00,0.00,0,0,0.00,0.00,0,0
1508091052,eth0,151.85,244.76,396.60,245,152,2.00,2.00,4.00,2,2,0.00,0.00,0,0
1508091052,eth1,0.00,0.00,0.00,0,0,0.00,0.00,0.00,0,0,0.00,0.00,0,0
1508091052,s2,0.00,0.00,0.00,0,0,0.00,0.00,0.00,0,0,0.00,0.00,0,0
1508091052,s1-eth2,13700.30,260147.86,273848.16,260408,13714,167.83,171.83,339.66,172,168,0.00,0.00,0,0
1508091052,s1-eth1,250275.73,12655.34,262931.06,12668,250526,167.83,163.84,331.67,164,168,0.00,0.00,0,0
1508091052,s2-eth2,4289.71,105874.12,110163.84,105980,4294,51.95,69.93,121.88,70,52,0.00,0.00,0,0
1508091052,s2-eth1,101056.95,3696.30,104753.25,3700,101158,70.93,49.95,120.88,50,71,0.00,0.00,0,0
1508091052,lo,340.66,340.66,681.32,341,341,4.00,4.00,7.99,4,4,0.00,0.00,0,0
1508091052,total,369815.19,382959.06,752774.25,383342,370185,464.54,461.54,926.07,462,465,0.00,0.00,0,0
1508091053,s1,0.00,0.00,0.00,0,0,0.00,0.00,0.00,0,0,0.00,0.00,0,0
1508091053,eth0,0.00,0.00,0.00,0,0,0.00,0.00,0.00,0,0,0.00,0.00,0,0
1508091053,eth1,0.00,0.00,0.00,0,0,0.00,0.00,0.00,0,0,0.00,0.00,0,0
1508091053,s2,0.00,0.00,0.00,0,0,0.00,0.00,0.00,0,0,0.00,0.00,0,0
1508091053,s1-eth2,12733.00,252838.00,265571.00,252838,12733,160.00,167.00,327.00,167,160,0.00,0.00,0,0
1508091053,s1-eth1,250137.00,12064.00,262201.00,12064,250137,166.00,158.00,324.00,158,166,0.00,0.00,0,0
1508091053,s2-eth2,4009.00,71158.00,75167.00,71158,4009,46.00,47.00,93.00,47,46,0.00,0.00,0,0
1508091053,s2-eth1,72094.00,3560.00,75654.00,3560,72094,50.00,44.00,94.00,44,50,0.00,0.00,0,0
1508091053,lo,0.00,0.00,0.00,0,0,0.00,0.00,0.00,0,0,0.00,0.00,0,0
1508091053,total,338973.00,339620.00,678593.00,339620,338973,422.00,416.00,838.00,416,422,0.00,0.00,0,0
1508091054,s1,0.00,0.00,0.00,0,0,0.00,0.00,0.00,0,0,0.00,0.00,0,0
1508091054,eth0,59.94,59.94,119.88,60,60,1.00,1.00,2.00,1,1,0.00,0.00,0,0
1508091054,eth1,0.00,0.00,0.00,0,0,0.00,0.00,0.00,0,0,0.00,0.00,0,0
1508091054,s2,0.00,0.00,0.00,0,0,0.00,0.00,0.00,0,0,0.00,0.00,0,0
1508091054,s1-eth2,12406.59,257122.89,269529.47,257380,12419,162.84,169.83,332.67,170,163,0.00,0.00,0,0
1508091054,s1-eth1,249934.08,12299.70,262233.78,12312,250184,166.83,161.84,328.67,162,167,0.00,0.00,0,0
1508091054,s2-eth2,3327.67,68061.94,71389.61,68130,3331,40.96,44.96,85.91,45,41,0.00,0.00,0,0
1508091054,s2-eth1,63631.37,2991.01,66622.38,2994,63695,42.96,38.96,81.92,39,43,0.00,0.00,0,0
1508091054,lo,0.00,0.00,0.00,0,0,0.00,0.00,0.00,0,0,0.00,0.00,0,0
1508091054,total,329359.66,340535.47,669895.12,340876,329689,414.59,416.58,831.17,417,415,0.00,0.00,0,0
1508091055,s1,0.00,0.00,0.00,0,0,0.00,0.00,0.00,0,0,0.00,0.00,0,0
1508091055,eth0,0.00,0.00,0.00,0,0,0.00,0.00,0.00,0,0,0.00,0.00,0,0
1508091055,eth1,0.00,0.00,0.00,0,0,0.00,0.00,0.00,0,0,0.00,0.00,0,0
1508091055,s2,0.00,0.00,0.00,0,0,0.00,0.00,0.00,0,0,0.00,0.00,0,0
1508091055,s1-eth2,13270.00,255866.00,269136.00,255866,13270,164.00,169.00,333.00,169,164,0.00,0.00,0,0
1508091055,s1-eth1,250549.00,12606.00,263155.00,12606,250549,168.00,161.00,329.00,161,168,0.00,0.00,0,0
1508091055,s2-eth2,3451.00,59046.00,62497.00,59046,3451,37.00,39.00,76.00,39,37,0.00,0.00,0,0
1508091055,s2-eth1,57869.00,2782.00,60651.00,2782,57869,40.00,35.00,75.00,35,40,0.00,0.00,0,0
1508091055,lo,0.00,0.00,0.00,0,0,0.00,0.00,0.00,0,0,0.00,0.00,0,0
1508091055,total,325139.00,330300.00,655439.00,330300,325139,409.00,404.00,813.00,404,409,0.00,0.00,0,0
1508091056,s1,0.00,0.00,0.00,0,0,0.00,0.00,0.00,0,0,0.00,0.00,0,0
1508091056,eth0,0.00,0.00,0.00,0,0,0.00,0.00,0.00,0,0,0.00,0.00,0,0
1508091056,eth1,0.00,0.00,0.00,0,0,0.00,0.00,0.00,0,0,0.00,0.00,0,0
1508091056,s2,0.00,0.00,0.00,0,0,0.00,0.00,0.00,0,0,0.00,0.00,0,0
1508091056,s1-eth2,12370.00,261922.00,274292.00,261922,12370,161.00,173.00,334.00,173,161,0.00,0.00,0,0
1508091056,s1-eth1,249810.00,12370.00,262180.00,12370,249810,165.00,161.00,326.00,161,165,0.00,0.00,0,0
1508091056,s2-eth2,2650.00,51476.00,54126.00,51476,2650,33.00,34.00,67.00,34,33,0.00,0.00,0,0
1508091056,s2-eth1,51803.00,2650.00,54453.00,2650,51803,35.00,33.00,68.00,33,35,0.00,0.00,0,0
1508091056,lo,344.00,344.00,688.00,344,344,6.00,6.00,12.00,6,6,0.00,0.00,0,0
1508091056,total,316977.00,328762.00,645739.00,328762,316977,400.00,407.00,807.00,407,400,0.00,0.00,0,0
1508091057,s1,0.00,0.00,0.00,0,0,0.00,0.00,0.00,0,0,0.00,0.00,0,0
1508091057,eth0,0.00,0.00,0.00,0,0,0.00,0.00,0.00,0,0,0.00,0.00,0,0
1508091057,eth1,0.00,0.00,0.00,0,0,0.00,0.00,0.00,0,0,0.00,0.00,0,0
1508091057,s2,0.00,0.00,0.00,0,0,0.00,0.00,0.00,0,0,0.00,0.00,0,0
1508091057,s1-eth2,12590.00,254352.00,266942.00,254352,12590,161.00,168.00,329.00,168,161,0.00,0.00,0,0
1508091057,s1-eth1,249810.00,12248.00,262058.00,12248,249810,165.00,160.00,325.00,160,165,0.00,0.00,0,0
1508091057,s2-eth2,3289.00,80242.00,83531.00,80242,3289,44.00,53.00,97.00,53,44,0.00,0.00,0,0
1508091057,s2-eth1,71158.00,3182.00,74340.00,3182,71158,47.00,43.00,90.00,43,47,0.00,0.00,0,0
1508091057,lo,0.00,0.00,0.00,0,0,0.00,0.00,0.00,0,0,0.00,0.00,0,0
1508091057,total,336847.00,350024.00,686871.00,350024,336847,417.00,424.00,841.00,424,417,0.00,0.00,0,0
1508091058,s1,0.00,0.00,0.00,0,0,0.00,0.00,0.00,0,0,0.00,0.00,0,0
1508091058,eth0,0.00,0.00,0.00,0,0,0.00,0.00,0.00,0,0,0.00,0.00,0,0
1508091058,eth1,0.00,0.00,0.00,0,0,0.00,0.00,0.00,0,0,0.00,0.00,0,0
1508091058,s2,0.00,0.00,0.00,0,0,0.00,0.00,0.00,0,0,0.00,0.00,0,0
1508091058,s1-eth2,12496.50,260147.86,272644.38,260408,12509,161.84,171.83,333.67,172,162,0.00,0.00,0,0
1508091058,s1-eth1,249667.34,12463.54,262130.88,12476,249917,165.83,161.84,327.67,162,166,0.00,0.00,0,0
1508091058,s2-eth2,2987.01,75624.38,78611.39,75700,2990,38.96,49.95,88.91,50,39,0.00,0.00,0,0
1508091058,s2-eth1,82122.88,2917.08,85039.96,2920,82205,55.94,37.96,93.91,38,56,0.00,0.00,0,0
1508091058,lo,0.00,0.00,0.00,0,0,0.00,0.00,0.00,0,0,0.00,0.00,0,0
1508091058,total,347273.75,351152.84,698426.56,351504,347621,422.58,421.58,844.16,422,423,0.00,0.00,0,0
1508091059,s1,0.00,0.00,0.00,0,0,0.00,0.00,0.00,0,0,0.00,0.00,0,0
1508091059,eth0,0.00,0.00,0.00,0,0,0.00,0.00,0.00,0,0,0.00,0.00,0,0
1508091059,eth1,0.00,0.00,0.00,0,0,0.00,0.00,0.00,0,0,0.00,0.00,0,0
1508091059,s2,0.00,0.00,0.00,0,0,0.00,0.00,0.00,0,0,0.00,0.00,0,0
1508091059,s1-eth2,11104.00,242240.00,253344.00,242240,11104,144.00,160.00,304.00,160,144,0.00,0.00,0,0
1508091059,s1-eth1,227170.00,11034.00,238204.00,11034,227170,151.00,143.00,294.00,143,151,0.00,0.00,0,0
1508091059,s2-eth2,4532.00,86298.00,90830.00,86298,4532,56.00,57.00,113.00,57,56,0.00,0.00,0,0
1508091059,s2-eth1,72742.00,4190.00,76932.00,4190,72742,49.00,55.00,104.00,55,49,0.00,0.00,0,0
1508091059,lo,0.00,0.00,0.00,0,0,0.00,0.00,0.00,0,0,0.00,0.00,0,0
1508091059,total,315548.00,343762.00,659310.00,343762,315548,400.00,415.00,815.00,415,400,0.00,0.00,0,0
1508091060,s1,0.00,0.00,0.00,0,0,0.00,0.00,0.00,0,0,0.00,0.00,0,0
1508091060,eth0,0.00,0.00,0.00,0,0,0.00,0.00,0.00,0,0,0.00,0.00,0,0
1508091060,eth1,0.00,0.00,0.00,0,0,0.00,0.00,0.00,0,0,0.00,0.00,0,0
1508091060,s2,0.00,0.00,0.00,0,0,0.00,0.00,0.00,0,0,0.00,0.00,0,0
1508091060,s1-eth2,12196.00,254352.00,266548.00,254352,12196,158.00,168.00,326.00,168,158,0.00,0.00,0,0
1508091060,s1-eth1,251324.00,12196.00,263520.00,12196,251324,166.00,158.00,324.00,158,166,0.00,0.00,0,0
1508091060,s2-eth2,3626.00,96896.00,100522.00,96896,3626,49.00,64.00,113.00,64,49,0.00,0.00,0,0
1508091060,s2-eth1,105980.00,3626.00,109606.00,3626,105980,70.00,49.00,119.00,49,70,0.00,0.00,0,0
1508091060,lo,0.00,0.00,0.00,0,0,0.00,0.00,0.00,0,0,0.00,0.00,0,0
1508091060,total,373126.00,367070.00,740196.00,367070,373126,443.00,439.00,882.00,439,443,0.00,0.00,0,0
1508091061,s1,0.00,0.00,0.00,0,0,0.00,0.00,0.00,0,0,0.00,0.00,0,0
1508091061,eth0,0.00,0.00,0.00,0,0,0.00,0.00,0.00,0,0,0.00,0.00,0,0
1508091061,eth1,0.00,0.00,0.00,0,0,0.00,0.00,0.00,0,0,0.00,0.00,0,0
1508091061,s2,0.00,0.00,0.00,0,0,0.00,0.00,0.00,0,0,0.00,0.00,0,0
1508091061,s1-eth2,12066.00,261922.00,273988.00,261922,12066,159.00,173.00,332.00,173,159,0.00,0.00,0,0
1508091061,s1-eth1,249810.00,11992.00,261802.00,11992,249810,165.00,158.00,323.00,158,165,0.00,0.00,0,0
1508091061,s2-eth2,3778.00,90840.00,94618.00,90840,3778,47.00,60.00,107.00,60,47,0.00,0.00,0,0
1508091061,s2-eth1,86298.00,3778.00,90076.00,3778,86298,57.00,47.00,104.00,47,57,0.00,0.00,0,0
1508091061,lo,344.00,344.00,688.00,344,344,6.00,6.00,12.00,6,6,0.00,0.00,0,0
1508091061,total,352296.00,368876.00,721172.00,368876,352296,434.00,444.00,878.00,444,434,0.00,0.00,0,0
1508091062,s1,0.00,0.00,0.00,0,0,0.00,0.00,0.00,0,0,0.00,0.00,0,0
1508091062,eth0,0.00,0.00,0.00,0,0,0.00,0.00,0.00,0,0,0.00,0.00,0,0
1508091062,eth1,0.00,0.00,0.00,0,0,0.00,0.00,0.00,0,0,0.00,0.00,0,0
1508091062,s2,0.00,0.00,0.00,0,0,0.00,0.00,0.00,0,0,0.00,0.00,0,0
1508091062,s1-eth2,12282.00,252838.00,265120.00,252838,12282,159.00,167.00,326.00,167,159,0.00,0.00,0,0
1508091062,s1-eth1,249810.00,12282.00,262092.00,12282,249810,165.00,159.00,324.00,159,165,0.00,0.00,0,0
1508091062,s2-eth2,2280.00,49962.00,52242.00,49962,2280,30.00,33.00,63.00,33,30,0.00,0.00,0,0
1508091062,s2-eth1,54504.00,2280.00,56784.00,2280,54504,36.00,30.00,66.00,30,36,0.00,0.00,0,0
1508091062,lo,0.00,0.00,0.00,0,0,0.00,0.00,0.00,0,0,0.00,0.00,0,0
1508091062,total,318876.00,317362.00,636238.00,317362,318876,390.00,389.00,779.00,389,390,0.00,0.00,0,0
1508091063,s1,0.00,0.00,0.00,0,0,0.00,0.00,0.00,0,0,0.00,0.00,0,0
1508091063,eth0,0.00,0.00,0.00,0,0,0.00,0.00,0.00,0,0,0.00,0.00,0,0
1508091063,eth1,0.00,0.00,0.00,0,0,0.00,0.00,0.00,0,0,0.00,0.00,0,0
1508091063,s2,0.00,0.00,0.00,0,0,0.00,0.00,0.00,0,0,0.00,0.00,0,0
1508091063,s1-eth2,6164.00,125662.00,131826.00,125662,6164,76.00,83.00,159.00,83,76,0.00,0.00,0,0
1508091063,s1-eth1,118434.00,5822.00,124256.00,5822,118434,79.00,75.00,154.00,75,79,0.00,0.00,0,0
1508091063,s2-eth2,3066.00,80242.00,83308.00,80242,3066,41.00,53.00,94.00,53,41,0.00,0.00,0,0
1508091063,s2-eth1,69644.00,3254.00,72898.00,3254,69644,46.00,43.00,89.00,43,46,0.00,0.00,0,0
1508091063,lo,0.00,0.00,0.00,0,0,0.00,0.00,0.00,0,0,0.00,0.00,0,0
1508091063,total,197308.00,214980.00,412288.00,214980,197308,242.00,254.00,496.00,254,242,0.00,0.00,0,0
1508091064,s1,0.00,0.00,0.00,0,0,0.00,0.00,0.00,0,0,0.00,0.00,0,0
1508091064,eth0,0.00,0.00,0.00,0,0,0.00,0.00,0.00,0,0,0.00,0.00,0,0
1508091064,eth1,0.00,0.00,0.00,0,0,0.00,0.00,0.00,0,0,0.00,0.00,0,0
1508091064,s2,0.00,0.00,0.00,0,0,0.00,0.00,0.00,0,0,0.00,0.00,0,0
1508091064,s1-eth2,12172.00,263436.00,275608.00,263436,12172,162.00,174.00,336.00,174,162,0.00,0.00,0,0
1508091064,s1-eth1,249810.00,12172.00,261982.00,12172,249810,165.00,162.00,327.00,162,165,0.00,0.00,0,0
1508091064,s2-eth2,3016.00,71158.00,74174.00,71158,3016,38.00,47.00,85.00,47,38,0.00,0.00,0,0
1508091064,s2-eth1,77214.00,2914.00,80128.00,2914,77214,51.00,37.00,88.00,37,51,0.00,0.00,0,0
1508091064,lo,0.00,0.00,0.00,0,0,0.00,0.00,0.00,0,0,0.00,0.00,0,0
1508091064,total,342212.00,349680.00,691892.00,349680,342212,416.00,420.00,836.00,420,416,0.00,0.00,0,0
1508091065,s1,0.00,0.00,0.00,0,0,0.00,0.00,0.00,0,0,0.00,0.00,0,0
1508091065,eth0,0.00,0.00,0.00,0,0,0.00,0.00,0.00,0,0,0.00,0.00,0,0
1508091065,eth1,0.00,0.00,0.00,0,0,0.00,0.00,0.00,0,0,0.00,0.00,0,0
1508091065,s2,0.00,0.00,0.00,0,0,0.00,0.00,0.00,0,0,0.00,0.00,0,0
1508091065,s1-eth2,12426.00,252838.00,265264.00,252838,12426,159.00,167.00,326.00,167,159,0.00,0.00,0,0
1508091065,s1-eth1,249810.00,12426.00,262236.00,12426,249810,165.00,159.00,324.00,159,165,0.00,0.00,0,0
1508091065,s2-eth2,3707.00,86298.00,90005.00,86298,3707,49.00,57.00,106.00,57,49,0.00,0.00,0,0
1508091065,s2-eth1,77214.00,3514.00,80728.00,3514,77214,51.00,47.00,98.00,47,51,0.00,0.00,0,0
1508091065,lo,0.00,0.00,0.00,0,0,0.00,0.00,0.00,0,0,0.00,0.00,0,0
1508091065,total,343157.00,355076.00,698233.00,355076,343157,424.00,430.00,854.00,430,424,0.00,0.00,0,0
1508091066,s1,0.00,0.00,0.00,0,0,0.00,0.00,0.00,0,0,0.00,0.00,0,0
1508091066,eth0,0.00,0.00,0.00,0,0,0.00,0.00,0.00,0,0,0.00,0.00,0,0
1508091066,eth1,0.00,0.00,0.00,0,0,0.00,0.00,0.00,0,0,0.00,0.00,0,0
1508091066,s2,0.00,0.00,0.00,0,0,0.00,0.00,0.00,0,0,0.00,0.00,0,0
1508091066,s1-eth2,12487.00,255866.00,268353.00,255866,12487,163.00,169.00,332.00,169,163,0.00,0.00,0,0
1508091066,s1-eth1,249917.00,12380.00,262297.00,12380,249917,166.00,162.00,328.00,162,166,0.00,0.00,0,0
1508091066,s2-eth2,3358.00,66616.00,69974.00,66616,3358,39.00,44.00,83.00,44,39,0.00,0.00,0,0
1508091066,s2-eth1,72779.00,3016.00,75795.00,3016,72779,49.00,38.00,87.00,38,49,0.00,0.00,0,0
1508091066,lo,344.00,344.00,688.00,344,344,6.00,6.00,12.00,6,6,0.00,0.00,0,0
1508091066,total,338885.00,338222.00,677107.00,338222,338885,423.00,419.00,842.00,419,423,0.00,0.00,0,0
1508091067,s1,0.00,0.00,0.00,0,0,0.00,0.00,0.00,0,0,0.00,0.00,0,0
1508091067,eth0,0.00,0.00,0.00,0,0,0.00,0.00,0.00,0,0,0.00,0.00,0,0
1508091067,eth1,0.00,0.00,0.00,0,0,0.00,0.00,0.00,0,0,0.00,0.00,0,0
1508091067,s2,0.00,0.00,0.00,0,0,0.00,0.00,0.00,0,0,0.00,0.00,0,0
1508091067,s1-eth2,12284.00,258894.00,271178.00,258894,12284,160.00,171.00,331.00,171,160,0.00,0.00,0,0
1508091067,s1-eth1,249810.00,12358.00,262168.00,12358,249810,165.00,161.00,326.00,161,165,0.00,0.00,0,0
1508091067,s2-eth2,2612.00,57532.00,60144.00,57532,2612,34.00,38.00,72.00,38,34,0.00,0.00,0,0
1508091067,s2-eth1,47276.00,2612.00,49888.00,2612,47276,32.00,34.00,66.00,34,32,0.00,0.00,0,0
1508091067,lo,0.00,0.00,0.00,0,0,0.00,0.00,0.00,0,0,0.00,0.00,0,0
1508091067,total,311982.00,331396.00,643378.00,331396,311982,391.00,404.00,795.00,404,391,0.00,0.00,0,0
1508091068,s1,0.00,0.00,0.00,0,0,0.00,0.00,0.00,0,0,0.00,0.00,0,0
1508091068,eth0,87.00,0.00,87.00,0,87,1.00,0.00,1.00,0,1,0.00,0.00,0,0
1508091068,eth1,0.00,0.00,0.00,0,0,0.00,0.00,0.00,0,0,0.00,0.00,0,0
1508091068,s2,0.00,0.00,0.00,0,0,0.00,0.00,0.00,0,0,0.00,0.00,0,0
1508091068,s1-eth2,12156.00,254352.00,266508.00,254352,12156,156.00,168.00,324.00,168,156,0.00,0.00,0,0
1508091068,s1-eth1,242240.00,12082.00,254322.00,12082,242240,160.00,155.00,315.00,155,160,0.00,0.00,0,0
1508091068,s2-eth2,1700.00,54504.00,56204.00,54504,1700,22.00,36.00,58.00,36,22,0.00,0.00,0,0
1508091068,s2-eth1,62074.00,1700.00,63774.00,1700,62074,41.00,22.00,63.00,22,41,0.00,0.00,0,0
1508091068,lo,0.00,0.00,0.00,0,0,0.00,0.00,0.00,0,0,0.00,0.00,0,0
1508091068,total,318257.00,322638.00,640895.00,322638,318257,380.00,381.00,761.00,381,380,0.00,0.00,0,0
1508091069,s1,0.00,0.00,0.00,0,0,0.00,0.00,0.00,0,0,0.00,0.00,0,0
1508091069,eth0,0.00,0.00,0.00,0,0,0.00,0.00,0.00,0,0,0.00,0.00,0,0
1508091069,eth1,0.00,0.00,0.00,0,0,0.00,0.00,0.00,0,0,0.00,0.00,0,0
1508091069,s2,0.00,0.00,0.00,0,0,0.00,0.00,0.00,0,0,0.00,0.00,0,0
1508091069,s1-eth2,12423.58,261660.34,274083.94,261922,12436,161.84,172.83,334.67,173,162,0.00,0.00,0,0
1508091069,s1-eth1,249560.45,12497.50,262057.95,12510,249810,164.84,162.84,327.67,163,165,0.00,0.00,0,0
1508091069,s2-eth2,2833.17,68061.94,70895.11,68130,2836,37.96,44.96,82.92,45,38,0.00,0.00,0,0
1508091069,s2-eth1,57474.53,2833.17,60307.70,2836,57532,37.96,37.96,75.92,38,38,0.00,0.00,0,0
1508091069,lo,0.00,0.00,0.00,0,0,0.00,0.00,0.00,0,0,0.00,0.00,0,0
1508091069,total,322291.72,345052.97,667344.69,345398,322614,402.60,418.58,821.18,419,403,0.00,0.00,0,0
1508091070,s1,0.00,0.00,0.00,0,0,0.00,0.00,0.00,0,0,0.00,0.00,0,0
1508091070,eth0,0.00,0.00,0.00,0,0,0.00,0.00,0.00,0,0,0.00,0.00,0,0
1508091070,eth1,0.00,0.00,0.00,0,0,0.00,0.00,0.00,0,0,0.00,0.00,0,0
1508091070,s2,0.00,0.00,0.00,0,0,0.00,0.00,0.00,0,0,0.00,0.00,0,0
1508091070,s1-eth2,12086.00,258894.00,270980.00,258894,12086,159.00,171.00,330.00,171,159,0.00,0.00,0,0
1508091070,s1-eth1,251324.00,12012.00,263336.00,12012,251324,166.00,158.00,324.00,158,166,0.00,0.00,0,0
1508091070,s2-eth2,2302.00,60560.00,62862.00,60560,2302,29.00,40.00,69.00,40,29,0.00,0.00,0,0
1508091070,s2-eth1,65102.00,2302.00,67404.00,2302,65102,43.00,29.00,72.00,29,43,0.00,0.00,0,0
1508091070,lo,0.00,0.00,0.00,0,0,0.00,0.00,0.00,0,0,0.00,0.00,0,0
1508091070,total,330814.00,333768.00,664582.00,333768,330814,397.00,398.00,795.00,398,397,0.00,0.00,0,0
1508091071,s1,0.00,0.00,0.00,0,0,0.00,0.00,0.00,0,0,0.00,0.00,0,0
1508091071,eth0,107.00,0.00,107.00,0,107,1.00,0.00,1.00,0,1,0.00,0.00,0,0
1508091071,eth1,0.00,0.00,0.00,0,0,0.00,0.00,0.00,0,0,0.00,0.00,0,0
1508091071,s2,0.00,0.00,0.00,0,0,0.00,0.00,0.00,0,0,0.00,0.00,0,0
1508091071,s1-eth2,12142.00,257380.00,269522.00,257380,12142,157.00,170.00,327.00,170,157,0.00,0.00,0,0
1508091071,s1-eth1,249810.00,12216.00,262026.00,12216,249810,165.00,158.00,323.00,158,165,0.00,0.00,0,0
1508091071,s2-eth2,3034.00,80242.00,83276.00,80242,3034,41.00,53.00,94.00,53,41,0.00,0.00,0,0
1508091071,s2-eth1,77214.00,3034.00,80248.00,3034,77214,51.00,41.00,92.00,41,51,0.00,0.00,0,0
1508091071,lo,344.00,344.00,688.00,344,344,6.00,6.00,12.00,6,6,0.00,0.00,0,0
1508091071,total,342651.00,353216.00,695867.00,353216,342651,421.00,428.00,849.00,428,421,0.00,0.00,0,0
1508091072,s1,0.00,0.00,0.00,0,0,0.00,0.00,0.00,0,0,0.00,0.00,0,0
1508091072,eth0,0.00,0.00,0.00,0,0,0.00,0.00,0.00,0,0,0.00,0.00,0,0
1508091072,eth1,0.00,0.00,0.00,0,0,0.00,0.00,0.00,0,0,0.00,0.00,0,0
1508091072,s2,0.00,0.00,0.00,0,0,0.00,0.00,0.00,0,0,0.00,0.00,0,0
1508091072,s1-eth2,11844.00,258894.00,270738.00,258894,11844,156.00,171.00,327.00,171,156,0.00,0.00,0,0
1508091072,s1-eth1,250152.00,11844.00,261996.00,11844,250152,166.00,156.00,322.00,156,166,0.00,0.00,0,0
1508091072,s2-eth2,3018.00,84784.00,87802.00,84784,3018,39.00,56.00,95.00,56,39,0.00,0.00,0,0
1508091072,s2-eth1,78728.00,3018.00,81746.00,3018,78728,52.00,39.00,91.00,39,52,0.00,0.00,0,0
1508091072,lo,0.00,0.00,0.00,0,0,0.00,0.00,0.00,0,0,0.00,0.00,0,0
1508091072,total,343742.00,358540.00,702282.00,358540,343742,413.00,422.00,835.00,422,413,0.00,0.00,0,0
1508091073,s1,0.00,0.00,0.00,0,0,0.00,0.00,0.00,0,0,0.00,0.00,0,0
1508091073,eth0,0.00,0.00,0.00,0,0,0.00,0.00,0.00,0,0,0.00,0.00,0,0
1508091073,eth1,0.00,0.00,0.00,0,0,0.00,0.00,0.00,0,0,0.00,0.00,0,0
1508091073,s2,0.00,0.00,0.00,0,0,0.00,0.00,0.00,0,0,0.00,0.00,0,0
1508091073,s1-eth2,12357.64,252585.42,264943.06,252838,12370,160.84,166.83,327.67,167,161,0.00,0.00,0,0
1508091073,s1-eth1,249311.39,12271.46,261582.84,12296,249810,164.67,159.68,324.35,160,165,0.00,0.00,0,0
1508091073,s2-eth2,3812.38,87636.73,91449.10,87812,3820,49.90,57.88,107.78,58,50,0.00,0.00,0,0
1508091073,s2-eth1,95191.62,3812.38,99003.99,3820,95382,62.87,49.90,112.77,50,63,0.00,0.00,0,0
1508091073,lo,0.00,0.00,0.00,0,0,0.00,0.00,0.00,0,0,0.00,0.00,0,0
1508091073,total,360660.69,356053.91,716714.56,356766,361382,438.12,434.13,872.26,435,439,0.00,0.00,0,0
1508091074,s1,0.00,0.00,0.00,0,0,0.00,0.00,0.00,0,0,0.00,0.00,0,0
1508091074,eth0,0.00,0.00,0.00,0,0,0.00,0.00,0.00,0,0,0.00,0.00,0,0
1508091074,eth1,0.00,0.00,0.00,0,0,0.00,0.00,0.00,0,0,0.00,0.00,0,0
1508091074,s2,0.00,0.00,0.00,0,0,0.00,0.00,0.00,0,0,0.00,0.00,0,0
1508091074,s1-eth2,12340.00,264950.00,277290.00,264950,12340,160.00,175.00,335.00,175,160,0.00,0.00,0,0
1508091074,s1-eth1,246782.00,12340.00,259122.00,12340,246782,163.00,160.00,323.00,160,163,0.00,0.00,0,0
1508091074,s2-eth2,2898.00,93868.00,96766.00,93868,2898,39.00,62.00,101.00,62,39,0.00,0.00,0,0
1508091074,s2-eth1,86298.00,2898.00,89196.00,2898,86298,57.00,39.00,96.00,39,57,0.00,0.00,0,0
1508091074,lo,0.00,0.00,0.00,0,0,0.00,0.00,0.00,0,0,0.00,0.00,0,0
1508091074,total,348318.00,374056.00,722374.00,374056,348318,419.00,436.00,855.00,436,419,0.00,0.00,0,0
1508091075,s1,0.00,0.00,0.00,0,0,0.00,0.00,0.00,0,0,0.00,0.00,0,0
1508091075,eth0,0.00,0.00,0.00,0,0,0.00,0.00,0.00,0,0,0.00,0.00,0,0
1508091075,eth1,0.00,0.00,0.00,0,0,0.00,0.00,0.00,0,0,0.00,0.00,0,0
1508091075,s2,0.00,0.00,0.00,0,0,0.00,0.00,0.00,0,0,0.00,0.00,0,0
1508091075,s1-eth2,12530.00,248338.00,260868.00,248338,12530,163.00,165.00,328.00,165,163,0.00,0.00,0,0
1508091075,s1-eth1,249852.00,12530.00,262382.00,12530,249852,166.00,163.00,329.00,163,166,0.00,0.00,0,0
1508091075,s2-eth2,3626.00,102952.00,106578.00,102952,3626,49.00,68.00,117.00,68,49,0.00,0.00,0,0
1508091075,s2-eth1,105980.00,3626.00,109606.00,3626,105980,70.00,49.00,119.00,49,70,0.00,0.00,0,0
1508091075,lo,592.00,592.00,1184.00,592,592,6.00,6.00,12.00,6,6,0.00,0.00,0,0
1508091075,total,372580.00,368038.00,740618.00,368038,372580,454.00,451.00,905.00,451,454,0.00,0.00,0,0
1508091076,s1,0.00,0.00,0.00,0,0,0.00,0.00,0.00,0,0,0.00,0.00,0,0
1508091076,eth0,0.00,0.00,0.00,0,0,0.00,0.00,0.00,0,0,0.00,0.00,0,0
1508091076,eth1,0.00,0.00,0.00,0,0,0.00,0.00,0.00,0,0,0.00,0.00,0,0
1508091076,s2,0.00,0.00,0.00,0,0,0.00,0.00,0.00,0,0,0.00,0.00,0,0
1508091076,s1-eth2,12353.65,260147.86,272501.50,260408,12366,160.84,171.83,332.67,172,161,0.00,0.00,0,0
1508091076,s1-eth1,251072.94,12353.65,263426.59,12366,251324,165.83,160.84,326.67,161,166,0.00,0.00,0,0
1508091076,s2-eth2,4899.10,116461.54,121360.64,116578,4904,63.94,76.92,140.86,77,64,0.00,0.00,0,0
1508091076,s2-eth1,107386.62,4899.10,112285.72,4904,107494,70.93,63.94,134.87,64,71,0.00,0.00,0,0
1508091076,lo,171.83,171.83,343.66,172,172,3.00,3.00,5.99,3,3,0.00,0.00,0,0
1508091076,total,375884.12,394033.97,769918.12,394428,376260,464.54,476.52,941.06,477,465,0.00,0.00,0,0
1508091077,s1,0.00,0.00,0.00,0,0,0.00,0.00,0.00,0,0,0.00,0.00,0,0
1508091077,eth0,0.00,0.00,0.00,0,0,0.00,0.00,0.00,0,0,0.00,0.00,0,0
1508091077,eth1,0.00,0.00,0.00,0,0,0.00,0.00,0.00,0,0,0.00,0.00,0,0
1508091077,s2,0.00,0.00,0.00,0,0,0.00,0.00,0.00,0,0,0.00,0.00,0,0
1508091077,s1-eth2,12308.00,261922.00,274230.00,261922,12308,160.00,173.00,333.00,173,160,0.00,0.00,0,0
1508091077,s1-eth1,249810.00,12308.00,262118.00,12308,249810,165.00,160.00,325.00,160,165,0.00,0.00,0,0
1508091077,s2-eth2,4098.00,84784.00,88882.00,84784,4098,49.00,56.00,105.00,56,49,0.00,0.00,0,0
1508091077,s2-eth1,90840.00,4098.00,94938.00,4098,90840,60.00,49.00,109.00,49,60,0.00,0.00,0,0
1508091077,lo,0.00,0.00,0.00,0,0,0.00,0.00,0.00,0,0,0.00,0.00,0,0
1508091077,total,357056.00,363112.00,720168.00,363112,357056,434.00,438.00,872.00,438,434,0.00,0.00,0,0
1508091078,s1,0.00,0.00,0.00,0,0,0.00,0.00,0.00,0,0,0.00,0.00,0,0
1508091078,eth0,0.00,0.00,0.00,0,0,0.00,0.00,0.00,0,0,0.00,0.00,0,0
1508091078,eth1,0.00,0.00,0.00,0,0,0.00,0.00,0.00,0,0,0.00,0.00,0,0
1508091078,s2,0.00,0.00,0.00,0,0,0.00,0.00,0.00,0,0,0.00,0.00,0,0
1508091078,s1-eth2,12338.00,260408.00,272746.00,260408,12338,161.00,172.00,333.00,172,161,0.00,0.00,0,0
1508091078,s1-eth1,249810.00,12338.00,262148.00,12338,249810,165.00,161.00,326.00,161,165,0.00,0.00,0,0
1508091078,s2-eth2,3996.00,98410.00,102406.00,98410,3996,54.00,65.00,119.00,65,54,0.00,0.00,0,0
1508091078,s2-eth1,87812.00,4070.00,91882.00,4070,87812,58.00,55.00,113.00,55,58,0.00,0.00,0,0
1508091078,lo,0.00,0.00,0.00,0,0,0.00,0.00,0.00,0,0,0.00,0.00,0,0
1508091078,total,353956.00,375226.00,729182.00,375226,353956,438.00,453.00,891.00,453,438,0.00,0.00,0,0
1508091079,s1,0.00,0.00,0.00,0,0,0.00,0.00,0.00,0,0,0.00,0.00,0,0
1508091079,eth0,0.00,0.00,0.00,0,0,0.00,0.00,0.00,0,0,0.00,0.00,0,0
1508091079,eth1,0.00,0.00,0.00,0,0,0.00,0.00,0.00,0,0,0.00,0.00,0,0
1508091079,s2,0.00,0.00,0.00,0,0,0.00,0.00,0.00,0,0,0.00,0.00,0,0
1508091079,s1-eth2,12344.00,258894.00,271238.00,258894,12344,160.00,171.00,331.00,171,160,0.00,0.00,0,0
1508091079,s1-eth1,249810.00,12344.00,262154.00,12344,249810,165.00,160.00,325.00,160,165,0.00,0.00,0,0
1508091079,s2-eth2,3996.00,116578.00,120574.00,116578,3996,54.00,77.00,131.00,77,54,0.00,0.00,0,0
1508091079,s2-eth1,118092.00,3922.00,122014.00,3922,118092,78.00,53.00,131.00,53,78,0.00,0.00,0,0
1508091079,lo,172.00,172.00,344.00,172,172,3.00,3.00,6.00,3,3,0.00,0.00,0,0
1508091079,total,384414.00,391910.00,776324.00,391910,384414,460.00,464.00,924.00,464,460,0.00,0.00,0,0
1508091080,s1,0.00,0.00,0.00,0,0,0.00,0.00,0.00,0,0,0.00,0.00,0,0
1508091080,eth0,0.00,0.00,0.00,0,0,0.00,0.00,0.00,0,0,0.00,0.00,0,0
1508091080,eth1,0.00,0.00,0.00,0,0,0.00,0.00,0.00,0,0,0.00,0.00,0,0
1508091080,s2,0.00,0.00,0.00,0,0,0.00,0.00,0.00,0,0,0.00,0.00,0,0
1508091080,s1-eth2,11718.00,258894.00,270612.00,258894,11718,153.00,171.00,324.00,171,153,0.00,0.00,0,0
1508091080,s1-eth1,249810.00,11718.00,261528.00,11718,249810,165.00,153.00,318.00,153,165,0.00,0.00,0,0
1508091080,s2-eth2,4412.00,137774.00,142186.00,137774,4412,56.00,91.00,147.00,91,56,0.00,0.00,0,0
1508091080,s2-eth1,136260.00,4070.00,140330.00,4070,136260,90.00,55.00,145.00,55,90,0.00,0.00,0,0
1508091080,lo,0.00,0.00,0.00,0,0,0.00,0.00,0.00,0,0,0.00,0.00,0,0
1508091080,total,402200.00,412456.00,814656.00,412456,402200,464.00,470.00,934.00,470,464,0.00,0.00,0,0
1508091081,s1,0.00,0.00,0.00,0,0,0.00,0.00,0.00,0,0,0.00,0.00,0,0
1508091081,eth0,0.00,0.00,0.00,0,0,0.00,0.00,0.00,0,0,0.00,0.00,0,0
1508091081,eth1,0.00,0.00,0.00,0,0,0.00,0.00,0.00,0,0,0.00,0.00,0,0
1508091081,s2,0.00,0.00,0.00,0,0,0.00,0.00,0.00,0,0,0.00,0.00,0,0
1508091081,s1-eth2,11834.00,258894.00,270728.00,258894,11834,157.00,171.00,328.00,171,157,0.00,0.00,0,0
1508091081,s1-eth1,251324.00,11834.00,263158.00,11834,251324,166.00,157.00,323.00,157,166,0.00,0.00,0,0
1508091081,s2-eth2,5065.00,165026.00,170091.00,165026,5065,68.00,109.00,177.00,109,68,0.00,0.00,0,0
1508091081,s2-eth1,158970.00,4958.00,163928.00,4958,158970,105.00,67.00,172.00,67,105,0.00,0.00,0,0
1508091081,lo,172.00,172.00,344.00,172,172,3.00,3.00,6.00,3,3,0.00,0.00,0,0
1508091081,total,427365.00,440884.00,868249.00,440884,427365,499.00,507.00,1006.00,507,499,0.00,0.00,0,0
1508091082,s1,0.00,0.00,0.00,0,0,0.00,0.00,0.00,0,0,0.00,0.00,0,0
1508091082,eth0,0.00,0.00,0.00,0,0,0.00,0.00,0.00,0,0,0.00,0.00,0,0
1508091082,eth1,0.00,0.00,0.00,0,0,0.00,0.00,0.00,0,0,0.00,0.00,0,0
1508091082,s2,0.00,0.00,0.00,0,0,0.00,0.00,0.00,0,0,0.00,0.00,0,0
1508091082,s1-eth2,12486.51,251072.94,263559.44,251324,12499,160.84,165.83,326.67,166,161,0.00,0.00,0,0
1508091082,s1-eth1,249667.34,12379.62,262046.95,12392,249917,165.83,159.84,325.67,160,166,0.00,0.00,0,0
1508091082,s2-eth2,6313.69,164861.14,171174.83,165026,6320,81.92,108.89,190.81,109,82,0.00,0.00,0,0
1508091082,s2-eth1,169505.50,6313.69,175819.19,6320,169675,112.89,81.92,194.81,82,113,0.00,0.00,0,0
1508091082,lo,0.00,0.00,0.00,0,0,0.00,0.00,0.00,0,0,0.00,0.00,0,0
1508091082,total,437973.03,434627.38,872600.44,435062,438411,521.48,516.48,1037.96,517,522,0.00,0.00,0,0
1508091083,s1,0.00,0.00,0.00,0,0,0.00,0.00,0.00,0,0,0.00,0.00,0,0
1508091083,eth0,0.00,0.00,0.00,0,0,0.00,0.00,0.00,0,0,0.00,0.00,0,0
1508091083,eth1,0.00,0.00,0.00,0,0,0.00,0.00,0.00,0,0,0.00,0.00,0,0
1508091083,s2,0.00,0.00,0.00,0,0,0.00,0.00,0.00,0,0,0.00,0.00,0,0
1508091083,s1-eth2,12302.00,258894.00,271196.00,258894,12302,161.00,171.00,332.00,171,161,0.00,0.00,0,0
1508091083,s1-eth1,249810.00,12302.00,262112.00,12302,249810,165.00,161.00,326.00,161,165,0.00,0.00,0,0
1508091083,s2-eth2,7652.00,178652.00,186304.00,178652,7652,100.00,118.00,218.00,118,100,0.00,0.00,0,0
1508091083,s2-eth1,172596.00,7726.00,180322.00,7726,172596,114.00,101.00,215.00,101,114,0.00,0.00,0,0
1508091083,lo,0.00,0.00,0.00,0,0,0.00,0.00,0.00,0,0,0.00,0.00,0,0
1508091083,total,442360.00,457574.00,899934.00,457574,442360,540.00,551.00,1091.00,551,540,0.00,0.00,0,0
1508091084,s1,0.00,0.00,0.00,0,0,0.00,0.00,0.00,0,0,0.00,0.00,0,0
1508091084,eth0,0.00,0.00,0.00,0,0,0.00,0.00,0.00,0,0,0.00,0.00,0,0
1508091084,eth1,0.00,0.00,0.00,0,0,0.00,0.00,0.00,0,0,0.00,0.00,0,0
1508091084,s2,0.00,0.00,0.00,0,0,0.00,0.00,0.00,0,0,0.00,0.00,0,0
1508091084,s1-eth2,12754.00,254352.00,267106.00,254352,12754,165.00,168.00,333.00,168,165,0.00,0.00,0,0
1508091084,s1-eth1,249810.00,12412.00,262222.00,12412,249810,165.00,164.00,329.00,164,165,0.00,0.00,0,0
1508091084,s2-eth2,6018.00,112036.00,118054.00,112036,6018,75.00,74.00,149.00,74,75,0.00,0.00,0,0
1508091084,s2-eth1,122634.00,5944.00,128578.00,5944,122634,81.00,74.00,155.00,74,81,0.00,0.00,0,0
1508091084,lo,172.00,172.00,344.00,172,172,3.00,3.00,6.00,3,3,0.00,0.00,0,0
1508091084,total,391388.00,384916.00,776304.00,384916,391388,489.00,483.00,972.00,483,489,0.00,0.00,0,0
1508091085,s1,0.00,0.00,0.00,0,0,0.00,0.00,0.00,0,0,0.00,0.00,0,0
1508091085,eth0,0.00,0.00,0.00,0,0,0.00,0.00,0.00,0,0,0.00,0.00,0,0
1508091085,eth1,0.00,0.00,0.00,0,0,0.00,0.00,0.00,0,0,0.00,0.00,0,0
1508091085,s2,0.00,0.00,0.00,0,0,0.00,0.00,0.00,0,0,0.00,0.00,0,0
1508091085,s1-eth2,12292.00,255866.00,268158.00,255866,12292,158.00,169.00,327.00,169,158,0.00,0.00,0,0
1508091085,s1-eth1,249810.00,12378.00,262188.00,12378,249810,165.00,159.00,324.00,159,165,0.00,0.00,0,0
1508091085,s2-eth2,3784.00,99924.00,103708.00,99924,3784,50.00,66.00,116.00,66,50,0.00,0.00,0,0
1508091085,s2-eth1,89326.00,3858.00,93184.00,3858,89326,59.00,51.00,110.00,51,59,0.00,0.00,0,0
1508091085,lo,0.00,0.00,0.00,0,0,0.00,0.00,0.00,0,0,0.00,0.00,0,0
1508091085,total,355212.00,372026.00,727238.00,372026,355212,432.00,445.00,877.00,445,432,0.00,0.00,0,0
1508091086,s1,0.00,0.00,0.00,0,0,0.00,0.00,0.00,0,0,0.00,0.00,0,0
1508091086,eth0,0.00,0.00,0.00,0,0,0.00,0.00,0.00,0,0,0.00,0.00,0,0
1508091086,eth1,0.00,0.00,0.00,0,0,0.00,0.00,0.00,0,0,0.00,0.00,0,0
1508091086,s2,0.00,0.00,0.00,0,0,0.00,0.00,0.00,0,0,0.00,0.00,0,0
1508091086,s1-eth2,12451.55,258635.38,271086.91,258894,12464,161.84,170.83,332.67,171,162,0.00,0.00,0,0
1508091086,s1-eth1,251072.94,12365.63,263438.56,12378,251324,165.83,160.84,326.67,161,166,0.00,0.00,0,0
1508091086,s2-eth2,3808.19,92303.70,96111.89,92396,3812,49.95,61.94,111.89,62,50,0.00,0.00,0,0
1508091086,s2-eth1,93816.19,3734.27,97550.45,3738,93910,62.94,48.95,111.89,49,63,0.00,0.00,0,0
1508091086,lo,171.83,171.83,343.66,172,172,3.00,3.00,5.99,3,3,0.00,0.00,0,0
1508091086,total,361320.69,367210.81,728531.50,367578,361682,443.56,445.55,889.11,446,444,0.00,0.00,0,0
1508091087,s1,0.00,0.00,0.00,0,0,0.00,0.00,0.00,0,0,0.00,0.00,0,0
1508091087,eth0,0.00,0.00,0.00,0,0,0.00,0.00,0.00,0,0,0.00,0.00,0,0
1508091087,eth1,0.00,0.00,0.00,0,0,0.00,0.00,0.00,0,0,0.00,0.00,0,0
1508091087,s2,0.00,0.00,0.00,0,0,0.00,0.00,0.00,0,0,0.00,0.00,0,0
1508091087,s1-eth2,11792.00,252838.00,264630.00,252838,11792,154.00,167.00,321.00,167,154,0.00,0.00,0,0
1508091087,s1-eth1,244096.00,11792.00,255888.00,11792,244096,162.00,154.00,316.00,154,162,0.00,0.00,0,0
1508091087,s2-eth2,3622.00,92354.00,95976.00,92354,3622,47.00,61.00,108.00,61,47,0.00,0.00,0,0
1508091087,s2-eth1,92354.00,3622.00,95976.00,3622,92354,61.00,47.00,108.00,47,61,0.00,0.00,0,0
1508091087,lo,0.00,0.00,0.00,0,0,0.00,0.00,0.00,0,0,0.00,0.00,0,0
1508091087,total,351864.00,360606.00,712470.00,360606,351864,424.00,429.00,853.00,429,424,0.00,0.00,0,0
1508091088,s1,0.00,0.00,0.00,0,0,0.00,0.00,0.00,0,0,0.00,0.00,0,0
1508091088,eth0,0.00,0.00,0.00,0,0,0.00,0.00,0.00,0,0,0.00,0.00,0,0
1508091088,eth1,0.00,0.00,0.00,0,0,0.00,0.00,0.00,0,0,0.00,0.00,0,0
1508091088,s2,0.00,0.00,0.00,0,0,0.00,0.00,0.00,0,0,0.00,0.00,0,0
1508091088,s1-eth2,12108.00,260408.00,272516.00,260408,12108,156.00,172.00,328.00,172,156,0.00,0.00,0,0
1508091088,s1-eth1,249810.00,12108.00,261918.00,12108,249810,165.00,156.00,321.00,156,165,0.00,0.00,0,0
1508091088,s2-eth2,3330.00,105980.00,109310.00,105980,3330,45.00,70.00,115.00,70,45,0.00,0.00,0,0
1508091088,s2-eth1,102952.00,3330.00,106282.00,3330,102952,68.00,45.00,113.00,45,68,0.00,0.00,0,0
1508091088,lo,0.00,0.00,0.00,0,0,0.00,0.00,0.00,0,0,0.00,0.00,0,0
1508091088,total,368200.00,381826.00,750026.00,381826,368200,434.00,443.00,877.00,443,434,0.00,0.00,0,0
1508091089,s1,0.00,0.00,0.00,0,0,0.00,0.00,0.00,0,0,0.00,0.00,0,0
1508091089,eth0,0.00,0.00,0.00,0,0,0.00,0.00,0.00,0,0,0.00,0.00,0,0
1508091089,eth1,0.00,0.00,0.00,0,0,0.00,0.00,0.00,0,0,0.00,0.00,0,0
1508091089,s2,0.00,0.00,0.00,0,0,0.00,0.00,0.00,0,0,0.00,0.00,0,0
1508091089,s1-eth2,11922.08,258635.38,270557.44,258894,11934,158.84,170.83,329.67,171,159,0.00,0.00,0,0
1508091089,s1-eth1,249560.45,11922.08,261482.53,11934,249810,164.84,158.84,323.68,159,165,0.00,0.00,0,0
1508091089,s2-eth2,3408.59,104361.64,107770.23,104466,3412,43.96,68.93,112.89,69,44,0.00,0.00,0,0
1508091089,s2-eth1,105874.12,3556.44,109430.57,3560,105980,69.93,45.95,115.88,46,70,0.00,0.00,0,0
1508091089,lo,171.83,171.83,343.66,172,172,3.00,3.00,5.99,3,3,0.00,0.00,0,0
1508091089,total,370937.06,378647.38,749584.44,379026,371308,440.56,447.55,888.11,448,441,0.00,0.00,0,0
1508091090,s1,0.00,0.00,0.00,0,0,0.00,0.00,0.00,0,0,0.00,0.00,0,0
1508091090,eth0,0.00,0.00,0.00,0,0,0.00,0.00,0.00,0,0,0.00,0.00,0,0
1508091090,eth1,0.00,0.00,0.00,0,0,0.00,0.00,0.00,0,0,0.00,0.00,0,0
1508091090,s2,0.00,0.00,0.00,0,0,0.00,0.00,0.00,0,0,0.00,0.00,0,0
1508091090,s1-eth2,12079.92,252585.42,264665.34,252838,12092,155.84,166.83,322.68,167,156,0.00,0.00,0,0
1508091090,s1-eth1,251072.94,12079.92,263152.84,12092,251324,165.83,155.84,321.68,156,166,0.00,0.00,0,0
1508091090,s2-eth2,4357.64,92261.74,96619.38,92354,4362,56.94,60.94,117.88,61,57,0.00,0.00,0,0
1508091090,s2-eth1,86211.79,4209.79,90421.58,4214,86298,56.94,54.95,111.89,55,57,0.00,0.00,0,0
1508091090,lo,0.00,0.00,0.00,0,0,0.00,0.00,0.00,0,0,0.00,0.00,0,0
1508091090,total,353722.28,361136.88,714859.19,361498,354076,435.56,438.56,874.13,439,436,0.00,0.00,0,0
1508091091,s1,0.00,0.00,0.00,0,0,0.00,0.00,0.00,0,0,0.00,0.00,0,0
1508091091,eth0,0.00,0.00,0.00,0,0,0.00,0.00,0.00,0,0,0.00,0.00,0,0
1508091091,eth1,0.00,0.00,0.00,0,0,0.00,0.00,0.00,0,0,0.00,0.00,0,0
1508091091,s2,0.00,0.00,0.00,0,0,0.00,0.00,0.00,0,0,0.00,0.00,0,0
1508091091,s1-eth2,12222.00,257380.00,269602.00,257380,12222,157.00,170.00,327.00,170,157,0.00,0.00,0,0
1508091091,s1-eth1,249810.00,11880.00,261690.00,11880,249810,165.00,156.00,321.00,156,165,0.00,0.00,0,0
1508091091,s2-eth2,3496.00,71158.00,74654.00,71158,3496,44.00,47.00,91.00,47,44,0.00,0.00,0,0
1508091091,s2-eth1,74186.00,3496.00,77682.00,3496,74186,49.00,44.00,93.00,44,49,0.00,0.00,0,0
1508091091,lo,172.00,172.00,344.00,172,172,3.00,3.00,6.00,3,3,0.00,0.00,0,0
1508091091,total,339886.00,344086.00,683972.00,344086,339886,418.00,420.00,838.00,420,418,0.00,0.00,0,0
1508091092,s1,0.00,0.00,0.00,0,0,0.00,0.00,0.00,0,0,0.00,0.00,0,0
1508091092,eth0,0.00,0.00,0.00,0,0,0.00,0.00,0.00,0,0,0.00,0.00,0,0
1508091092,eth1,0.00,0.00,0.00,0,0,0.00,0.00,0.00,0,0,0.00,0.00,0,0
1508091092,s2,0.00,0.00,0.00,0,0,0.00,0.00,0.00,0,0,0.00,0.00,0,0
1508091092,s1-eth2,12530.00,255750.00,268280.00,255750,12530,163.00,169.00,332.00,169,163,0.00,0.00,0,0
1508091092,s1-eth1,249810.00,12530.00,262340.00,12530,249810,165.00,163.00,328.00,163,165,0.00,0.00,0,0
1508091092,s2-eth2,3182.00,87812.00,90994.00,87812,3182,43.00,58.00,101.00,58,43,0.00,0.00,0,0
1508091092,s2-eth1,81756.00,3182.00,84938.00,3182,81756,54.00,43.00,97.00,43,54,0.00,0.00,0,0
1508091092,lo,0.00,0.00,0.00,0,0,0.00,0.00,0.00,0,0,0.00,0.00,0,0
1508091092,total,347278.00,359274.00,706552.00,359274,347278,425.00,433.00,858.00,433,425,0.00,0.00,0,0
1508091093,s1,0.00,0.00,0.00,0,0,0.00,0.00,0.00,0,0,0.00,0.00,0,0
1508091093,eth0,0.00,0.00,0.00,0,0,0.00,0.00,0.00,0,0,0.00,0.00,0,0
1508091093,eth1,0.00,0.00,0.00,0,0,0.00,0.00,0.00,0,0,0.00,0.00,0,0
1508091093,s2,0.00,0.00,0.00,0,0,0.00,0.00,0.00,0,0,0.00,0.00,0,0
1508091093,s1-eth2,678.00,222.00,900.00,222,678,9.00,3.00,12.00,3,9,0.00,0.00,0,0
1508091093,s1-eth1,10704.00,678.00,11382.00,678,10704,10.00,9.00,19.00,9,10,0.00,0.00,0,0
1508091093,s2-eth2,740.00,148.00,888.00,148,740,10.00,2.00,12.00,2,10,0.00,0.00,0,0
1508091093,s2-eth1,10746.00,740.00,11486.00,740,10746,9.00,10.00,19.00,10,9,0.00,0.00,0,0
1508091093,lo,0.00,0.00,0.00,0,0,0.00,0.00,0.00,0,0,0.00,0.00,0,0
1508091093,total,22868.00,1788.00,24656.00,1788,22868,38.00,24.00,62.00,24,38,0.00,0.00,0,0
1508091094,s1,0.00,0.00,0.00,0,0,0.00,0.00,0.00,0,0,0.00,0.00,0,0
1508091094,eth0,0.00,0.00,0.00,0,0,0.00,0.00,0.00,0,0,0.00,0.00,0,0
1508091094,eth1,0.00,0.00,0.00,0,0,0.00,0.00,0.00,0,0,0.00,0.00,0,0
1508091094,s2,0.00,0.00,0.00,0,0,0.00,0.00,0.00,0,0,0.00,0.00,0,0
1508091094,s1-eth2,0.00,0.00,0.00,0,0,0.00,0.00,0.00,0,0,0.00,0.00,0,0
1508091094,s1-eth1,0.00,0.00,0.00,0,0,0.00,0.00,0.00,0,0,0.00,0.00,0,0
1508091094,s2-eth2,0.00,0.00,0.00,0,0,0.00,0.00,0.00,0,0,0.00,0.00,0,0
1508091094,s2-eth1,0.00,0.00,0.00,0,0,0.00,0.00,0.00,0,0,0.00,0.00,0,0
1508091094,lo,172.00,172.00,344.00,172,172,3.00,3.00,6.00,3,3,0.00,0.00,0,0
1508091094,total,172.00,172.00,344.00,172,172,3.00,3.00,6.00,3,3,0.00,0.00,0,0
1508091095,s1,0.00,0.00,0.00,0,0,0.00,0.00,0.00,0,0,0.00,0.00,0,0
1508091095,eth0,0.00,0.00,0.00,0,0,0.00,0.00,0.00,0,0,0.00,0.00,0,0
1508091095,eth1,0.00,0.00,0.00,0,0,0.00,0.00,0.00,0,0,0.00,0.00,0,0
1508091095,s2,0.00,0.00,0.00,0,0,0.00,0.00,0.00,0,0,0.00,0.00,0,0
1508091095,s1-eth2,0.00,0.00,0.00,0,0,0.00,0.00,0.00,0,0,0.00,0.00,0,0
1508091095,s1-eth1,0.00,0.00,0.00,0,0,0.00,0.00,0.00,0,0,0.00,0.00,0,0
1508091095,s2-eth2,0.00,0.00,0.00,0,0,0.00,0.00,0.00,0,0,0.00,0.00,0,0
1508091095,s2-eth1,0.00,0.00,0.00,0,0,0.00,0.00,0.00,0,0,0.00,0.00,0,0
1508091095,lo,0.00,0.00,0.00,0,0,0.00,0.00,0.00,0,0,0.00,0.00,0,0
1508091095,total,0.00,0.00,0.00,0,0,0.00,0.00,0.00,0,0,0.00,0.00,0,0
1508091096,s1,0.00,0.00,0.00,0,0,0.00,0.00,0.00,0,0,0.00,0.00,0,0
1508091096,eth0,0.00,0.00,0.00,0,0,0.00,0.00,0.00,0,0,0.00,0.00,0,0
1508091096,eth1,0.00,0.00,0.00,0,0,0.00,0.00,0.00,0,0,0.00,0.00,0,0
1508091096,s2,0.00,0.00,0.00,0,0,0.00,0.00,0.00,0,0,0.00,0.00,0,0
1508091096,s1-eth2,0.00,0.00,0.00,0,0,0.00,0.00,0.00,0,0,0.00,0.00,0,0
1508091096,s1-eth1,0.00,0.00,0.00,0,0,0.00,0.00,0.00,0,0,0.00,0.00,0,0
1508091096,s2-eth2,0.00,0.00,0.00,0,0,0.00,0.00,0.00,0,0,0.00,0.00,0,0
1508091096,s2-eth1,0.00,0.00,0.00,0,0,0.00,0.00,0.00,0,0,0.00,0.00,0,0
1508091096,lo,172.00,172.00,344.00,172,172,3.00,3.00,6.00,3,3,0.00,0.00,0,0
1508091096,total,172.00,172.00,344.00,172,172,3.00,3.00,6.00,3,3,0.00,0.00,0,0
1508091097,s1,0.00,0.00,0.00,0,0,0.00,0.00,0.00,0,0,0.00,0.00,0,0
1508091097,eth0,456.00,735.00,1191.00,735,456,6.00,6.00,12.00,6,6,0.00,0.00,0,0
1508091097,eth1,0.00,0.00,0.00,0,0,0.00,0.00,0.00,0,0,0.00,0.00,0,0
1508091097,s2,0.00,0.00,0.00,0,0,0.00,0.00,0.00,0,0,0.00,0.00,0,0
1508091097,s1-eth2,530.00,0.00,530.00,0,530,3.00,0.00,3.00,0,3,0.00,0.00,0,0
1508091097,s1-eth1,530.00,0.00,530.00,0,530,3.00,0.00,3.00,0,3,0.00,0.00,0,0
1508091097,s2-eth2,452.00,0.00,452.00,0,452,2.00,0.00,2.00,0,2,0.00,0.00,0,0
1508091097,s2-eth1,452.00,0.00,452.00,0,452,2.00,0.00,2.00,0,2,0.00,0.00,0,0
1508091097,lo,1023.00,1023.00,2046.00,1023,1023,12.00,12.00,24.00,12,12,0.00,0.00,0,0
1508091097,total,3443.00,1758.00,5201.00,1758,3443,28.00,18.00,46.00,18,28,0.00,0.00,0,0
1508091098,s1,0.00,0.00,0.00,0,0,0.00,0.00,0.00,0,0,0.00,0.00,0,0
1508091098,eth0,456.00,735.00,1191.00,735,456,6.00,6.00,12.00,6,6,0.00,0.00,0,0
1508091098,eth1,0.00,0.00,0.00,0,0,0.00,0.00,0.00,0,0,0.00,0.00,0,0
1508091098,s2,0.00,0.00,0.00,0,0,0.00,0.00,0.00,0,0,0.00,0.00,0,0
1508091098,s1-eth2,577.00,0.00,577.00,0,577,6.00,0.00,6.00,0,6,0.00,0.00,0,0
1508091098,s1-eth1,360.00,0.00,360.00,0,360,4.00,0.00,4.00,0,4,0.00,0.00,0,0
1508091098,s2-eth2,188.00,0.00,188.00,0,188,2.00,0.00,2.00,0,2,0.00,0.00,0,0
1508091098,s2-eth1,188.00,0.00,188.00,0,188,2.00,0.00,2.00,0,2,0.00,0.00,0,0
1508091098,lo,1023.00,1023.00,2046.00,