1508094805,s1,0.00,0.00,0.00,0,0,0.00,0.00,0.00,0,0,0.00,0.00,0,0
1508094805,eth0,0.00,0.00,0.00,0,0,0.00,0.00,0.00,0,0,0.00,0.00,0,0
1508094805,eth1,0.00,0.00,0.00,0,0,0.00,0.00,0.00,0,0,0.00,0.00,0,0
1508094805,s2,0.00,0.00,0.00,0,0,0.00,0.00,0.00,0,0,0.00,0.00,0,0
1508094805,s1-eth2,0.00,0.00,0.00,0,0,0.00,0.00,0.00,0,0,0.00,0.00,0,0
1508094805,s1-eth1,0.00,0.00,0.00,0,0,0.00,0.00,0.00,0,0,0.00,0.00,0,0
1508094805,s2-eth2,0.00,0.00,0.00,0,0,0.00,0.00,0.00,0,0,0.00,0.00,0,0
1508094805,s2-eth1,0.00,0.00,0.00,0,0,0.00,0.00,0.00,0,0,0.00,0.00,0,0
1508094805,lo,0.00,0.00,0.00,0,0,0.00,0.00,0.00,0,0,0.00,0.00,0,0
1508094805,total,0.00,0.00,0.00,0,0,0.00,0.00,0.00,0,0,0.00,0.00,0,0
1508094806,s1,250.00,340.00,590.00,340,250,3.00,4.00,7.00,4,3,0.00,0.00,0,0
1508094806,eth0,760.00,1225.00,1985.00,1225,760,10.00,10.00,20.00,10,10,0.00,0.00,0,0
1508094806,eth1,0.00,0.00,0.00,0,0,0.00,0.00,0.00,0,0,0.00,0.00,0,0
1508094806,s2,160.00,340.00,500.00,340,160,2.00,4.00,6.00,4,2,0.00,0.00,0,0
1508094806,s1-eth2,2279.00,90.00,2369.00,90,2279,16.00,1.00,17.00,1,16,0.00,0.00,0,0
1508094806,s1-eth1,2029.00,250.00,2279.00,250,2029,13.00,3.00,16.00,3,13,0.00,0.00,0,0
1508094806,s2-eth2,1761.00,250.00,2011.00,250,1761,10.00,3.00,13.00,3,10,0.00,0.00,0,0
1508094806,s2-eth1,2768.00,90.00,2858.00,90,2768,16.00,1.00,17.00,1,16,0.00,0.00,0,0
1508094806,lo,5317.00,5317.00,10634.00,5317,5317,58.00,58.00,116.00,58,58,0.00,0.00,0,0
1508094806,total,15324.00,7902.00,23226.00,7902,15324,128.00,84.00,212.00,84,128,0.00,0.00,0,0
1508094807,s1,0.00,0.00,0.00,0,0,0.00,0.00,0.00,0,0,0.00,0.00,0,0
1508094807,eth0,152.00,245.00,397.00,245,152,2.00,2.00,4.00,2,2,0.00,0.00,0,0
1508094807,eth1,0.00,0.00,0.00,0,0,0.00,0.00,0.00,0,0,0.00,0.00,0,0
1508094807,s2,90.00,0.00,90.00,0,90,1.00,0.00,1.00,0,1,0.00,0.00,0,0
1508094807,s1-eth2,621.00,0.00,621.00,0,621,3.00,0.00,3.00,0,3,0.00,0.00,0,0
1508094807,s1-eth1,963.00,0.00,963.00,0,963,4.00,0.00,4.00,0,4,0.00,0.00,0,0
1508094807,s2-eth2,417.00,0.00,417.00,0,417,2.00,0.00,2.00,0,2,0.00,0.00,0,0
1508094807,s2-eth1,801.00,0.00,801.00,0,801,5.00,0.00,5.00,0,5,0.00,0.00,0,0
1508094807,lo,629.00,629.00,1258.00,629,629,7.00,7.00,14.00,7,7,0.00,0.00,0,0
1508094807,total,3673.00,874.00,4547.00,874,3673,24.00,9.00,33.00,9,24,0.00,0.00,0,0
1508094808,s1,0.00,0.00,0.00,0,0,0.00,0.00,0.00,0,0,0.00,0.00,0,0
1508094808,eth0,0.00,0.00,0.00,0,0,0.00,0.00,0.00,0,0,0.00,0.00,0,0
1508094808,eth1,0.00,0.00,0.00,0,0,0.00,0.00,0.00,0,0,0.00,0.00,0,0
1508094808,s2,0.00,0.00,0.00,0,0,0.00,0.00,0.00,0,0,0.00,0.00,0,0
1508094808,s1-eth2,669.00,0.00,669.00,0,669,2.00,0.00,2.00,0,2,0.00,0.00,0,0
1508094808,s1-eth1,327.00,0.00,327.00,0,327,1.00,0.00,1.00,0,1,0.00,0.00,0,0
1508094808,s2-eth2,449.00,0.00,449.00,0,449,2.00,0.00,2.00,0,2,0.00,0.00,0,0
1508094808,s2-eth1,0.00,0.00,0.00,0,0,0.00,0.00,0.00,0,0,0.00,0.00,0,0
1508094808,lo,0.00,0.00,0.00,0,0,0.00,0.00,0.00,0,0,0.00,0.00,0,0
1508094808,total,1445.00,0.00,1445.00,0,1445,5.00,0.00,5.00,0,5,0.00,0.00,0,0
1508094809,s1,0.00,70.00,70.00,70,0,0.00,1.00,1.00,1,0,0.00,0.00,0,0
1508094809,eth0,60.00,60.00,120.00,60,60,1.00,1.00,2.00,1,1,0.00,0.00,0,0
1508094809,eth1,0.00,0.00,0.00,0,0,0.00,0.00,0.00,0,0,0.00,0.00,0,0
1508094809,s2,0.00,70.00,70.00,70,0,0.00,1.00,1.00,1,0,0.00,0.00,0,0
1508094809,s1-eth2,416.00,112.00,528.00,112,416,3.00,2.00,5.00,2,3,0.00,0.00,0,0
1508094809,s1-eth1,486.00,42.00,528.00,42,486,4.00,1.00,5.00,1,4,0.00,0.00,0,0
1508094809,s2-eth2,734.00,0.00,734.00,0,734,4.00,0.00,4.00,0,4,0.00,0.00,0,0
1508094809,s2-eth1,374.00,70.00,444.00,70,374,2.00,1.00,3.00,1,2,0.00,0.00,0,0
1508094809,lo,1076.00,1076.00,2152.00,1076,1076,11.00,11.00,22.00,11,11,0.00,0.00,0,0
1508094809,total,3146.00,1500.00,4646.00,1500,3146,25.00,18.00,43.00,18,25,0.00,0.00,0,0
1508094810,s1,70.00,0.00,70.00,0,70,1.00,0.00,1.00,0,1,0.00,0.00,0,0
1508094810,eth0,0.00,0.00,0.00,0,0,0.00,0.00,0.00,0,0,0.00,0.00,0,0
1508094810,eth1,0.00,0.00,0.00,0,0,0.00,0.00,0.00,0,0,0.00,0.00,0,0
1508094810,s2,70.00,70.00,140.00,70,70,1.00,1.00,2.00,1,1,0.00,0.00,0,0
1508094810,s1-eth2,467.00,0.00,467.00,0,467,3.00,0.00,3.00,0,3,0.00,0.00,0,0
1508094810,s1-eth1,467.00,0.00,467.00,0,467,3.00,0.00,3.00,0,3,0.00,0.00,0,0
1508094810,s2-eth2,70.00,70.00,140.00,70,70,1.00,1.00,2.00,1,1,0.00,0.00,0,0
1508094810,s2-eth1,537.00,0.00,537.00,0,537,4.00,0.00,4.00,0,4,0.00,0.00,0,0
1508094810,lo,856.00,856.00,1712.00,856,856,10.00,10.00,20.00,10,10,0.00,0.00,0,0
1508094810,total,2537.00,996.00,3533.00,996,2537,23.00,12.00,35.00,12,23,0.00,0.00,0,0
1508094811,s1,0.00,0.00,0.00,0,0,0.00,0.00,0.00,0,0,0.00,0.00,0,0
1508094811,eth0,0.00,0.00,0.00,0,0,0.00,0.00,0.00,0,0,0.00,0.00,0,0
1508094811,eth1,0.00,0.00,0.00,0,0,0.00,0.00,0.00,0,0,0.00,0.00,0,0
1508094811,s2,0.00,0.00,0.00,0,0,0.00,0.00,0.00,0,0,0.00,0.00,0,0
1508094811,s1-eth2,0.00,0.00,0.00,0,0,0.00,0.00,0.00,0,0,0.00,0.00,0,0
1508094811,s1-eth1,0.00,0.00,0.00,0,0,0.00,0.00,0.00,0,0,0.00,0.00,0,0
1508094811,s2-eth2,0.00,0.00,0.00,0,0,0.00,0.00,0.00,0,0,0.00,0.00,0,0
1508094811,s2-eth1,342.00,0.00,342.00,0,342,1.00,0.00,1.00,0,1,0.00,0.00,0,0
1508094811,lo,0.00,0.00,0.00,0,0,0.00,0.00,0.00,0,0,0.00,0.00,0,0
1508094811,total,342.00,0.00,342.00,0,342,1.00,0.00,1.00,0,1,0.00,0.00,0,0
1508094812,s1,0.00,0.00,0.00,0,0,0.00,0.00,0.00,0,0,0.00,0.00,0,0
1508094812,eth0,0.00,0.00,0.00,0,0,0.00,0.00,0.00,0,0,0.00,0.00,0,0
1508094812,eth1,0.00,0.00,0.00,0,0,0.00,0.00,0.00,0,0,0.00,0.00,0,0
1508094812,s2,0.00,0.00,0.00,0,0,0.00,0.00,0.00,0,0,0.00,0.00,0,0
1508094812,s1-eth2,0.00,0.00,0.00,0,0,0.00,0.00,0.00,0,0,0.00,0.00,0,0
1508094812,s1-eth1,342.00,0.00,342.00,0,342,1.00,0.00,1.00,0,1,0.00,0.00,0,0
1508094812,s2-eth2,449.00,0.00,449.00,0,449,2.00,0.00,2.00,0,2,0.00,0.00,0,0
1508094812,s2-eth1,0.00,0.00,0.00,0,0,0.00,0.00,0.00,0,0,0.00,0.00,0,0
1508094812,lo,0.00,0.00,0.00,0,0,0.00,0.00,0.00,0,0,0.00,0.00,0,0
1508094812,total,791.00,0.00,791.00,0,791,3.00,0.00,3.00,0,3,0.00,0.00,0,0
1508094813,s1,0.00,70.00,70.00,70,0,0.00,1.00,1.00,1,0,0.00,0.00,0,0
1508094813,eth0,0.00,0.00,0.00,0,0,0.00,0.00,0.00,0,0,0.00,0.00,0,0
1508094813,eth1,0.00,0.00,0.00,0,0,0.00,0.00,0.00,0,0,0.00,0.00,0,0
1508094813,s2,0.00,70.00,70.00,70,0,0.00,1.00,1.00,1,0,0.00,0.00,0,0
1508094813,s1-eth2,449.00,70.00,519.00,70,449,2.00,1.00,3.00,1,2,0.00,0.00,0,0
1508094813,s1-eth1,177.00,0.00,177.00,0,177,2.00,0.00,2.00,0,2,0.00,0.00,0,0
1508094813,s2-eth2,140.00,0.00,140.00,0,140,2.00,0.00,2.00,0,2,0.00,0.00,0,0
1508094813,s2-eth1,107.00,70.00,177.00,70,107,1.00,1.00,2.00,1,1,0.00,0.00,0,0
1508094813,lo,536.00,536.00,1072.00,536,536,6.00,6.00,12.00,6,6,0.00,0.00,0,0
1508094813,total,1409.00,816.00,2225.00,816,1409,13.00,10.00,23.00,10,13,0.00,0.00,0,0
1508094814,s1,70.00,70.00,140.00,70,70,1.00,1.00,2.00,1,1,0.00,0.00,0,0
1508094814,eth0,0.00,0.00,0.00,0,0,0.00,0.00,0.00,0,0,0.00,0.00,0,0
1508094814,eth1,0.00,0.00,0.00,0,0,0.00,0.00,0.00,0,0,0.00,0.00,0,0
1508094814,s2,70.00,70.00,140.00,70,70,1.00,1.00,2.00,1,1,0.00,0.00,0,0
1508094814,s1-eth2,210.00,0.00,210.00,0,210,3.00,0.00,3.00,0,3,0.00,0.00,0,0
1508094814,s1-eth1,140.00,70.00,210.00,70,140,2.00,1.00,3.00,1,2,0.00,0.00,0,0
1508094814,s2-eth2,70.00,70.00,140.00,70,70,1.00,1.00,2.00,1,1,0.00,0.00,0,0
1508094814,s2-eth1,210.00,0.00,210.00,0,210,3.00,0.00,3.00,0,3,0.00,0.00,0,0
1508094814,lo,1072.00,1072.00,2144.00,1072,1072,12.00,12.00,24.00,12,12,0.00,0.00,0,0
1508094814,total,1842.00,1352.00,3194.00,1352,1842,23.00,16.00,39.00,16,23,0.00,0.00,0,0
1508094815,s1,0.00,0.00,0.00,0,0,0.00,0.00,0.00,0,0,0.00,0.00,0,0
1508094815,eth0,0.00,0.00,0.00,0,0,0.00,0.00,0.00,0,0,0.00,0.00,0,0
1508094815,eth1,0.00,0.00,0.00,0,0,0.00,0.00,0.00,0,0,0.00,0.00,0,0
1508094815,s2,0.00,0.00,0.00,0,0,0.00,0.00,0.00,0,0,0.00,0.00,0,0
1508094815,s1-eth2,0.00,0.00,0.00,0,0,0.00,0.00,0.00,0,0,0.00,0.00,0,0
1508094815,s1-eth1,0.00,0.00,0.00,0,0,0.00,0.00,0.00,0,0,0.00,0.00,0,0
1508094815,s2-eth2,0.00,0.00,0.00,0,0,0.00,0.00,0.00,0,0,0.00,0.00,0,0
1508094815,s2-eth1,0.00,0.00,0.00,0,0,0.00,0.00,0.00,0,0,0.00,0.00,0,0
1508094815,lo,0.00,0.00,0.00,0,0,0.00,0.00,0.00,0,0,0.00,0.00,0,0
1508094815,total,0.00,0.00,0.00,0,0,0.00,0.00,0.00,0,0,0.00,0.00,0,0
1508094816,s1,0.00,0.00,0.00,0,0,0.00,0.00,0.00,0,0,0.00,0.00,0,0
1508094816,eth0,0.00,0.00,0.00,0,0,0.00,0.00,0.00,0,0,0.00,0.00,0,0
1508094816,eth1,0.00,0.00,0.00,0,0,0.00,0.00,0.00,0,0,0.00,0.00,0,0
1508094816,s2,0.00,0.00,0.00,0,0,0.00,0.00,0.00,0,0,0.00,0.00,0,0
1508094816,s1-eth2,0.00,0.00,0.00,0,0,0.00,0.00,0.00,0,0,0.00,0.00,0,0
1508094816,s1-eth1,0.00,0.00,0.00,0,0,0.00,0.00,0.00,0,0,0.00,0.00,0,0
1508094816,s2-eth2,0.00,0.00,0.00,0,0,0.00,0.00,0.00,0,0,0.00,0.00,0,0
1508094816,s2-eth1,0.00,0.00,0.00,0,0,0.00,0.00,0.00,0,0,0.00,0.00,0,0
1508094816,lo,0.00,0.00,0.00,0,0,0.00,0.00,0.00,0,0,0.00,0.00,0,0
1508094816,total,0.00,0.00,0.00,0,0,0.00,0.00,0.00,0,0,0.00,0.00,0,0
1508094817,s1,0.00,0.00,0.00,0,0,0.00,0.00,0.00,0,0,0.00,0.00,0,0
1508094817,eth0,0.00,0.00,0.00,0,0,0.00,0.00,0.00,0,0,0.00,0.00,0,0
1508094817,eth1,0.00,0.00,0.00,0,0,0.00,0.00,0.00,0,0,0.00,0.00,0,0
1508094817,s2,0.00,0.00,0.00,0,0,0.00,0.00,0.00,0,0,0.00,0.00,0,0
1508094817,s1-eth2,0.00,0.00,0.00,0,0,0.00,0.00,0.00,0,0,0.00,0.00,0,0
1508094817,s1-eth1,0.00,0.00,0.00,0,0,0.00,0.00,0.00,0,0,0.00,0.00,0,0
1508094817,s2-eth2,0.00,0.00,0.00,0,0,0.00,0.00,0.00,0,0,0.00,0.00,0,0
1508094817,s2-eth1,0.00,0.00,0.00,0,0,0.00,0.00,0.00,0,0,0.00,0.00,0,0
1508094817,lo,0.00,0.00,0.00,0,0,0.00,0.00,0.00,0,0,0.00,0.00,0,0
1508094817,total,0.00,0.00,0.00,0,0,0.00,0.00,0.00,0,0,0.00,0.00,0,0
1508094818,s1,0.00,0.00,0.00,0,0,0.00,0.00,0.00,0,0,0.00,0.00,0,0
1508094818,eth0,0.00,0.00,0.00,0,0,0.00,0.00,0.00,0,0,0.00,0.00,0,0
1508094818,eth1,0.00,0.00,0.00,0,0,0.00,0.00,0.00,0,0,0.00,0.00,0,0
1508094818,s2,0.00,0.00,0.00,0,0,0.00,0.00,0.00,0,0,0.00,0.00,0,0
1508094818,s1-eth2,0.00,0.00,0.00,0,0,0.00,0.00,0.00,0,0,0.00,0.00,0,0
1508094818,s1-eth1,0.00,0.00,0.00,0,0,0.00,0.00,0.00,0,0,0.00,0.00,0,0
1508094818,s2-eth2,0.00,0.00,0.00,0,0,0.00,0.00,0.00,0,0,0.00,0.00,0,0
1508094818,s2-eth1,0.00,0.00,0.00,0,0,0.00,0.00,0.00,0,0,0.00,0.00,0,0
1508094818,lo,343.66,343.66,687.31,344,344,5.99,5.99,11.99,6,6,0.00,0.00,0,0
1508094818,total,343.66,343.66,687.31,344,344,5.99,5.99,11.99,6,6,0.00,0.00,0,0
1508094819,s1,0.00,0.00,0.00,0,0,0.00,0.00,0.00,0,0,0.00,0.00,0,0
1508094819,eth0,0.00,0.00,0.00,0,0,0.00,0.00,0.00,0,0,0.00,0.00,0,0
1508094819,eth1,0.00,0.00,0.00,0,0,0.00,0.00,0.00,0,0,0.00,0.00,0,0
1508094819,s2,0.00,0.00,0.00,0,0,0.00,0.00,0.00,0,0,0.00,0.00,0,0
1508094819,s1-eth2,0.00,0.00,0.00,0,0,0.00,0.00,0.00,0,0,0.00,0.00,0,0
1508094819,s1-eth1,0.00,0.00,0.00,0,0,0.00,0.00,0.00,0,0,0.00,0.00,0,0
1508094819,s2-eth2,0.00,0.00,0.00,0,0,0.00,0.00,0.00,0,0,0.00,0.00,0,0
1508094819,s2-eth1,0.00,0.00,0.00,0,0,0.00,0.00,0.00,0,0,0.00,0.00,0,0
1508094819,lo,0.00,0.00,0.00,0,0,0.00,0.00,0.00,0,0,0.00,0.00,0,0
1508094819,total,0.00,0.00,0.00,0,0,0.00,0.00,0.00,0,0,0.00,0.00,0,0
1508094820,s1,0.00,0.00,0.00,0,0,0.00,0.00,0.00,0,0,0.00,0.00,0,0
1508094820,eth0,0.00,0.00,0.00,0,0,0.00,0.00,0.00,0,0,0.00,0.00,0,0
1508094820,eth1,0.00,0.00,0.00,0,0,0.00,0.00,0.00,0,0,0.00,0.00,0,0
1508094820,s2,0.00,0.00,0.00,0,0,0.00,0.00,0.00,0,0,0.00,0.00,0,0
1508094820,s1-eth2,0.00,0.00,0.00,0,0,0.00,0.00,0.00,0,0,0.00,0.00,0,0
1508094820,s1-eth1,0.00,0.00,0.00,0,0,0.00,0.00,0.00,0,0,0.00,0.00,0,0
1508094820,s2-eth2,107.00,0.00,107.00,0,107,1.00,0.00,1.00,0,1,0.00,0.00,0,0
1508094820,s2-eth1,342.00,0.00,342.00,0,342,1.00,0.00,1.00,0,1,0.00,0.00,0,0
1508094820,lo,0.00,0.00,0.00,0,0,0.00,0.00,0.00,0,0,0.00,0.00,0,0
1508094820,total,449.00,0.00,449.00,0,449,2.00,0.00,2.00,0,2,0.00,0.00,0,0
1508094821,s1,0.00,0.00,0.00,0,0,0.00,0.00,0.00,0,0,0.00,0.00,0,0
1508094821,eth0,0.00,0.00,0.00,0,0,0.00,0.00,0.00,0,0,0.00,0.00,0,0
1508094821,eth1,0.00,0.00,0.00,0,0,0.00,0.00,0.00,0,0,0.00,0.00,0,0
1508094821,s2,0.00,0.00,0.00,0,0,0.00,0.00,0.00,0,0,0.00,0.00,0,0
1508094821,s1-eth2,107.00,0.00,107.00,0,107,1.00,0.00,1.00,0,1,0.00,0.00,0,0
1508094821,s1-eth1,107.00,0.00,107.00,0,107,1.00,0.00,1.00,0,1,0.00,0.00,0,0
1508094821,s2-eth2,0.00,0.00,0.00,0,0,0.00,0.00,0.00,0,0,0.00,0.00,0,0
1508094821,s2-eth1,107.00,0.00,107.00,0,107,1.00,0.00,1.00,0,1,0.00,0.00,0,0
1508094821,lo,0.00,0.00,0.00,0,0,0.00,0.00,0.00,0,0,0.00,0.00,0,0
1508094821,total,321.00,0.00,321.00,0,321,3.00,0.00,3.00,0,3,0.00,0.00,0,0
1508094822,s1,0.00,0.00,0.00,0,0,0.00,0.00,0.00,0,0,0.00,0.00,0,0
1508094822,eth0,0.00,0.00,0.00,0,0,0.00,0.00,0.00,0,0,0.00,0.00,0,0
1508094822,eth1,0.00,0.00,0.00,0,0,0.00,0.00,0.00,0,0,0.00,0.00,0,0
1508094822,s2,0.00,0.00,0.00,0,0,0.00,0.00,0.00,0,0,0.00,0.00,0,0
1508094822,s1-eth2,0.00,0.00,0.00,0,0,0.00,0.00,0.00,0,0,0.00,0.00,0,0
1508094822,s1-eth1,0.00,0.00,0.00,0,0,0.00,0.00,0.00,0,0,0.00,0.00,0,0
1508094822,s2-eth2,0.00,0.00,0.00,0,0,0.00,0.00,0.00,0,0,0.00,0.00,0,0
1508094822,s2-eth1,0.00,0.00,0.00,0,0,0.00,0.00,0.00,0,0,0.00,0.00,0,0
1508094822,lo,0.00,0.00,0.00,0,0,0.00,0.00,0.00,0,0,0.00,0.00,0,0
1508094822,total,0.00,0.00,0.00,0,0,0.00,0.00,0.00,0,0,0.00,0.00,0,0
1508094823,s1,0.00,0.00,0.00,0,0,0.00,0.00,0.00,0,0,0.00,0.00,0,0
1508094823,eth0,0.00,0.00,0.00,0,0,0.00,0.00,0.00,0,0,0.00,0.00,0,0
1508094823,eth1,0.00,0.00,0.00,0,0,0.00,0.00,0.00,0,0,0.00,0.00,0,0
1508094823,s2,0.00,0.00,0.00,0,0,0.00,0.00,0.00,0,0,0.00,0.00,0,0
1508094823,s1-eth2,0.00,0.00,0.00,0,0,0.00,0.00,0.00,0,0,0.00,0.00,0,0
1508094823,s1-eth1,342.00,0.00,342.00,0,342,1.00,0.00,1.00,0,1,0.00,0.00,0,0
1508094823,s2-eth2,0.00,0.00,0.00,0,0,0.00,0.00,0.00,0,0,0.00,0.00,0,0
1508094823,s2-eth1,0.00,0.00,0.00,0,0,0.00,0.00,0.00,0,0,0.00,0.00,0,0
1508094823,lo,344.00,344.00,688.00,344,344,6.00,6.00,12.00,6,6,0.00,0.00,0,0
1508094823,total,686.00,344.00,1030.00,344,686,7.00,6.00,13.00,6,7,0.00,0.00,0,0
1508094824,s1,0.00,0.00,0.00,0,0,0.00,0.00,0.00,0,0,0.00,0.00,0,0
1508094824,eth0,0.00,0.00,0.00,0,0,0.00,0.00,0.00,0,0,0.00,0.00,0,0
1508094824,eth1,0.00,0.00,0.00,0,0,0.00,0.00,0.00,0,0,0.00,0.00,0,0
1508094824,s2,0.00,0.00,0.00,0,0,0.00,0.00,0.00,0,0,0.00,0.00,0,0
1508094824,s1-eth2,0.00,0.00,0.00,0,0,0.00,0.00,0.00,0,0,0.00,0.00,0,0
1508094824,s1-eth1,0.00,0.00,0.00,0,0,0.00,0.00,0.00,0,0,0.00,0.00,0,0
1508094824,s2-eth2,0.00,0.00,0.00,0,0,0.00,0.00,0.00,0,0,0.00,0.00,0,0
1508094824,s2-eth1,0.00,0.00,0.00,0,0,0.00,0.00,0.00,0,0,0.00,0.00,0,0
1508094824,lo,0.00,0.00,0.00,0,0,0.00,0.00,0.00,0,0,0.00,0.00,0,0
1508094824,total,0.00,0.00,0.00,0,0,0.00,0.00,0.00,0,0,0.00,0.00,0,0
1508094825,s1,0.00,42.00,42.00,42,0,0.00,1.00,1.00,1,0,0.00,0.00,0,0
1508094825,eth0,0.00,0.00,0.00,0,0,0.00,0.00,0.00,0,0,0.00,0.00,0,0
1508094825,eth1,0.00,0.00,0.00,0,0,0.00,0.00,0.00,0,0,0.00,0.00,0,0
1508094825,s2,0.00,84.00,84.00,84,0,0.00,2.00,2.00,2,0,0.00,0.00,0,0
1508094825,s1-eth2,12018.00,246178.00,258196.00,246178,12018,155.00,173.00,328.00,173,155,0.00,0.00,0,0
1508094825,s1-eth1,227928.00,12018.00,239946.00,12018,227928,160.00,155.00,315.00,155,160,0.00,0.00,0,0
1508094825,s2-eth2,7754.00,268238.00,275992.00,268238,7754,105.00,181.00,286.00,181,105,0.00,0.00,0,0
1508094825,s2-eth1,213734.00,7754.00,221488.00,7754,213734,145.00,105.00,250.00,105,145,0.00,0.00,0,0
1508094825,lo,4580.00,4580.00,9160.00,4580,4580,39.00,39.00,78.00,39,39,0.00,0.00,0,0
1508094825,total,466014.00,538894.00,1004908.00,538894,466014,604.00,656.00,1260.00,656,604,0.00,0.00,0,0
1508094826,s1,0.00,42.00,42.00,42,0,0.00,1.00,1.00,1,0,0.00,0.00,0,0
1508094826,eth0,0.00,0.00,0.00,0,0,0.00,0.00,0.00,0,0,0.00,0.00,0,0
1508094826,eth1,0.00,0.00,0.00,0,0,0.00,0.00,0.00,0,0,0.00,0.00,0,0
1508094826,s2,0.00,42.00,42.00,42,0,0.00,1.00,1.00,1,0,0.00,0.00,0,0
1508094826,s1-eth2,12548.00,255908.00,268456.00,255908,12548,162.00,170.00,332.00,170,162,0.00,0.00,0,0
1508094826,s1-eth1,249852.00,12548.00,262400.00,12548,249852,166.00,162.00,328.00,162,166,0.00,0.00,0,0
1508094826,s2-eth2,6410.00,258936.00,265346.00,258936,6410,83.00,172.00,255.00,172,83,0.00,0.00,0,0
1508094826,s2-eth1,249852.00,6068.00,255920.00,6068,249852,166.00,82.00,248.00,82,166,0.00,0.00,0,0
1508094826,lo,480.00,480.00,960.00,480,480,6.00,6.00,12.00,6,6,0.00,0.00,0,0
1508094826,total,519142.00,534024.00,1053166.00,534024,519142,583.00,594.00,1177.00,594,583,0.00,0.00,0,0
1508094827,s1,0.00,41.96,41.96,42,0,0.00,1.00,1.00,1,0,0.00,0.00,0,0
1508094827,eth0,0.00,0.00,0.00,0,0,0.00,0.00,0.00,0,0,0.00,0.00,0,0
1508094827,eth1,0.00,0.00,0.00,0,0,0.00,0.00,0.00,0,0,0.00,0.00,0,0
1508094827,s2,0.00,41.96,41.96,42,0,0.00,1.00,1.00,1,0,0.00,0.00,0,0
1508094827,s1-eth2,12245.75,257164.84,269410.59,257422,12258,158.84,170.83,329.67,171,159,0.00,0.00,0,0
1508094827,s1-eth1,249602.41,12245.75,261848.16,12258,249852,165.83,158.84,324.68,159,166,0.00,0.00,0,0
1508094827,s2-eth2,6135.86,263214.78,269350.66,263478,6142,82.92,174.83,257.74,175,83,0.00,0.00,0,0
1508094827,s2-eth1,251114.89,6135.86,257250.75,6142,251366,166.83,82.92,249.75,83,167,0.00,0.00,0,0
1508094827,lo,479.52,479.52,959.04,480,480,5.99,5.99,11.99,6,6,0.00,0.00,0,0
1508094827,total,519578.44,539324.69,1058903.12,539864,520098,580.42,595.40,1175.82,596,581,0.00,0.00,0,0
1508094828,s1,0.00,42.00,42.00,42,0,0.00,1.00,1.00,1,0,0.00,0.00,0,0
1508094828,eth0,0.00,0.00,0.00,0,0,0.00,0.00,0.00,0,0,0.00,0.00,0,0
1508094828,eth1,0.00,0.00,0.00,0,0,0.00,0.00,0.00,0,0,0.00,0.00,0,0
1508094828,s2,0.00,42.00,42.00,42,0,0.00,1.00,1.00,1,0,0.00,0.00,0,0
1508094828,s1-eth2,11844.00,258936.00,270780.00,258936,11844,156.00,172.00,328.00,172,156,0.00,0.00,0,0
1508094828,s1-eth1,249852.00,11918.00,261770.00,11918,249852,166.00,157.00,323.00,157,166,0.00,0.00,0,0
1508094828,s2-eth2,6068.00,258936.00,265004.00,258936,6068,82.00,172.00,254.00,172,82,0.00,0.00,0,0
1508094828,s2-eth1,249852.00,6142.00,255994.00,6142,249852,166.00,83.00,249.00,83,166,0.00,0.00,0,0
1508094828,lo,480.00,480.00,960.00,480,480,6.00,6.00,12.00,6,6,0.00,0.00,0,0
1508094828,total,518096.00,536496.00,1054592.00,536496,518096,576.00,592.00,1168.00,592,576,0.00,0.00,0,0
1508094829,s1,0.00,42.00,42.00,42,0,0.00,1.00,1.00,1,0,0.00,0.00,0,0
1508094829,eth0,0.00,0.00,0.00,0,0,0.00,0.00,0.00,0,0,0.00,0.00,0,0
1508094829,eth1,0.00,0.00,0.00,0,0,0.00,0.00,0.00,0,0,0.00,0.00,0,0
1508094829,s2,0.00,42.00,42.00,42,0,0.00,1.00,1.00,1,0,0.00,0.00,0,0
1508094829,s1-eth2,12522.00,254394.00,266916.00,254394,12522,163.00,169.00,332.00,169,163,0.00,0.00,0,0
1508094829,s1-eth1,251366.00,12106.00,263472.00,12106,251366,167.00,161.00,328.00,161,167,0.00,0.00,0,0
1508094829,s2-eth2,6142.00,263478.00,269620.00,263478,6142,83.00,175.00,258.00,175,83,0.00,0.00,0,0
1508094829,s2-eth1,249852.00,6068.00,255920.00,6068,249852,166.00,82.00,248.00,82,166,0.00,0.00,0,0
1508094829,lo,480.00,480.00,960.00,480,480,6.00,6.00,12.00,6,6,0.00,0.00,0,0
1508094829,total,520362.00,536610.00,1056972.00,536610,520362,585.00,595.00,1180.00,595,585,0.00,0.00,0,0
1508094830,s1,0.00,42.00,42.00,42,0,0.00,1.00,1.00,1,0,0.00,0.00,0,0
1508094830,eth0,0.00,0.00,0.00,0,0,0.00,0.00,0.00,0,0,0.00,0.00,0,0
1508094830,eth1,0.00,0.00,0.00,0,0,0.00,0.00,0.00,0,0,0.00,0.00,0,0
1508094830,s2,0.00,42.00,42.00,42,0,0.00,1.00,1.00,1,0,0.00,0.00,0,0
1508094830,s1-eth2,12300.00,249852.00,262152.00,249852,12300,162.00,166.00,328.00,166,162,0.00,0.00,0,0
1508094830,s1-eth1,249852.00,12300.00,262152.00,12300,249852,166.00,162.00,328.00,162,166,0.00,0.00,0,0
1508094830,s2-eth2,6438.00,284674.00,291112.00,284674,6438,87.00,189.00,276.00,189,87,0.00,0.00,0,0
1508094830,s2-eth1,249852.00,6438.00,256290.00,6438,249852,166.00,87.00,253.00,87,166,0.00,0.00,0,0
1508094830,lo,480.00,480.00,960.00,480,480,6.00,6.00,12.00,6,6,0.00,0.00,0,0
1508094830,total,518922.00,553828.00,1072750.00,553828,518922,587.00,612.00,1199.00,612,587,0.00,0.00,0,0
1508094831,s1,0.00,0.00,0.00,0,0,0.00,0.00,0.00,0,0,0.00,0.00,0,0
1508094831,eth0,0.00,0.00,0.00,0,0,0.00,0.00,0.00,0,0,0.00,0.00,0,0
1508094831,eth1,0.00,0.00,0.00,0,0,0.00,0.00,0.00,0,0,0.00,0.00,0,0
1508094831,s2,0.00,0.00,0.00,0,0,0.00,0.00,0.00,0,0,0.00,0.00,0,0
1508094831,s1-eth2,12426.00,252838.00,265264.00,252838,12426,161.00,167.00,328.00,167,161,0.00,0.00,0,0
1508094831,s1-eth1,249810.00,12426.00,262236.00,12426,249810,165.00,161.00,326.00,161,165,0.00,0.00,0,0
1508094831,s2-eth2,6364.00,298258.00,304622.00,298258,6364,86.00,197.00,283.00,197,86,0.00,0.00,0,0
1508094831,s2-eth1,249810.00,6364.00,256174.00,6364,249810,165.00,86.00,251.00,86,165,0.00,0.00,0,0
1508094831,lo,0.00,0.00,0.00,0,0,0.00,0.00,0.00,0,0,0.00,0.00,0,0
1508094831,total,518410.00,569886.00,1088296.00,569886,518410,577.00,611.00,1188.00,611,577,0.00,0.00,0,0
1508094832,s1,0.00,0.00,0.00,0,0,0.00,0.00,0.00,0,0,0.00,0.00,0,0
1508094832,eth0,0.00,0.00,0.00,0,0,0.00,0.00,0.00,0,0,0.00,0.00,0,0
1508094832,eth1,0.00,0.00,0.00,0,0,0.00,0.00,0.00,0,0,0.00,0.00,0,0
1508094832,s2,0.00,0.00,0.00,0,0,0.00,0.00,0.00,0,0,0.00,0.00,0,0
1508094832,s1-eth2,12330.00,257380.00,269710.00,257380,12330,161.00,170.00,331.00,170,161,0.00,0.00,0,0
1508094832,s1-eth1,249810.00,12330.00,262140.00,12330,249810,165.00,161.00,326.00,161,165,0.00,0.00,0,0
1508094832,s2-eth2,6956.00,317940.00,324896.00,317940,6956,94.00,210.00,304.00,210,94,0.00,0.00,0,0
1508094832,s2-eth1,249810.00,6956.00,256766.00,6956,249810,165.00,94.00,259.00,94,165,0.00,0.00,0,0
1508094832,lo,0.00,0.00,0.00,0,0,0.00,0.00,0.00,0,0,0.00,0.00,0,0
1508094832,total,518906.00,594606.00,1113512.00,594606,518906,585.00,635.00,1220.00,635,585,0.00,0.00,0,0
1508094833,s1,0.00,0.00,0.00,0,0,0.00,0.00,0.00,0,0,0.00,0.00,0,0
1508094833,eth0,0.00,0.00,0.00,0,0,0.00,0.00,0.00,0,0,0.00,0.00,0,0
1508094833,eth1,0.00,0.00,0.00,0,0,0.00,0.00,0.00,0,0,0.00,0.00,0,0
1508094833,s2,0.00,0.00,0.00,0,0,0.00,0.00,0.00,0,0,0.00,0.00,0,0
1508094833,s1-eth2,12120.00,252838.00,264958.00,252838,12120,156.00,167.00,323.00,167,156,0.00,0.00,0,0
1508094833,s1-eth1,249810.00,12194.00,262004.00,12194,249810,165.00,157.00,322.00,157,165,0.00,0.00,0,0
1508094833,s2-eth2,8658.00,337622.00,346280.00,337622,8658,117.00,223.00,340.00,223,117,0.00,0.00,0,0
1508094833,s2-eth1,251324.00,8658.00,259982.00,8658,251324,166.00,117.00,283.00,117,166,0.00,0.00,0,0
1508094833,lo,0.00,0.00,0.00,0,0,0.00,0.00,0.00,0,0,0.00,0.00,0,0
1508094833,total,521912.00,611312.00,1133224.00,611312,521912,604.00,664.00,1268.00,664,604,0.00,0.00,0,0
1508094834,s1,0.00,0.00,0.00,0,0,0.00,0.00,0.00,0,0,0.00,0.00,0,0
1508094834,eth0,0.00,0.00,0.00,0,0,0.00,0.00,0.00,0,0,0.00,0.00,0,0
1508094834,eth1,0.00,0.00,0.00,0,0,0.00,0.00,0.00,0,0,0.00,0.00,0,0
1508094834,s2,0.00,0.00,0.00,0,0,0.00,0.00,0.00,0,0,0.00,0.00,0,0
1508094834,s1-eth2,12467.53,261660.34,274127.88,261922,12480,161.84,172.83,334.67,173,162,0.00,0.00,0,0
1508094834,s1-eth1,251072.94,12393.61,263466.53,12406,251324,165.83,160.84,326.67,161,166,0.00,0.00,0,0
1508094834,s2-eth2,7556.44,317622.38,325178.84,317940,7564,99.90,209.79,309.69,210,100,0.00,0.00,0,0
1508094834,s2-eth1,249560.45,7556.44,257116.89,7564,249810,164.84,99.90,264.74,100,165,0.00,0.00,0,0
1508094834,lo,343.66,343.66,687.31,344,344,5.99,5.99,11.99,6,6,0.00,0.00,0,0
1508094834,total,521001.00,599576.44,1120577.50,600176,521522,598.40,649.35,1247.75,650,599,0.00,0.00,0,0
1508094835,s1,0.00,0.00,0.00,0,0,0.00,0.00,0.00,0,0,0.00,0.00,0,0
1508094835,eth0,0.00,0.00,0.00,0,0,0.00,0.00,0.00,0,0,0.00,0.00,0,0
1508094835,eth1,0.00,0.00,0.00,0,0,0.00,0.00,0.00,0,0,0.00,0.00,0,0
1508094835,s2,0.00,0.00,0.00,0,0,0.00,0.00,0.00,0,0,0.00,0.00,0,0
1508094835,s1-eth2,12514.00,264950.00,277464.00,264950,12514,163.00,175.00,338.00,175,163,0.00,0.00,0,0
1508094835,s1-eth1,250152.00,12588.00,262740.00,12588,250152,166.00,164.00,330.00,164,166,0.00,0.00,0,0
1508094835,s2-eth2,15552.00,222600.00,238152.00,222600,15552,166.00,148.00,314.00,148,166,0.00,0.00,0,0
1508094835,s2-eth1,249810.00,15552.00,265362.00,15552,249810,165.00,166.00,331.00,166,165,0.00,0.00,0,0
1508094835,lo,592.00,592.00,1184.00,592,592,6.00,6.00,12.00,6,6,0.00,0.00,0,0
1508094835,total,528620.00,516282.00,1044902.00,516282,528620,666.00,659.00,1325.00,659,666,0.00,0.00,0,0
1508094836,s1,0.00,0.00,0.00,0,0,0.00,0.00,0.00,0,0,0.00,0.00,0,0
1508094836,eth0,0.00,0.00,0.00,0,0,0.00,0.00,0.00,0,0,0.00,0.00,0,0
1508094836,eth1,0.00,0.00,0.00,0,0,0.00,0.00,0.00,0,0,0.00,0.00,0,0
1508094836,s2,0.00,0.00,0.00,0,0,0.00,0.00,0.00,0,0,0.00,0.00,0,0
1508094836,s1-eth2,12616.00,258894.00,271510.00,258894,12616,164.00,171.00,335.00,171,164,0.00,0.00,0,0
1508094836,s1-eth1,249810.00,12542.00,262352.00,12542,249810,165.00,163.00,328.00,163,165,0.00,0.00,0,0
1508094836,s2-eth2,15659.00,261964.00,277623.00,261964,15659,167.00,174.00,341.00,174,167,0.00,0.00,0,0
1508094836,s2-eth1,249852.00,15646.00,265498.00,15646,249852,166.00,167.00,333.00,167,166,0.00,0.00,0,0
1508094836,lo,0.00,0.00,0.00,0,0,0.00,0.00,0.00,0,0,0.00,0.00,0,0
1508094836,total,527937.00,549046.00,1076983.00,549046,527937,662.00,675.00,1337.00,675,662,0.00,0.00,0,0
1508094837,s1,0.00,0.00,0.00,0,0,0.00,0.00,0.00,0,0,0.00,0.00,0,0
1508094837,eth0,0.00,0.00,0.00,0,0,0.00,0.00,0.00,0,0,0.00,0.00,0,0
1508094837,eth1,0.00,0.00,0.00,0,0,0.00,0.00,0.00,0,0,0.00,0.00,0,0
1508094837,s2,0.00,0.00,0.00,0,0,0.00,0.00,0.00,0,0,0.00,0.00,0,0
1508094837,s1-eth2,12452.55,254097.91,266550.47,254352,12465,161.84,167.83,329.67,168,162,0.00,0.00,0,0
1508094837,s1-eth1,249667.34,12345.65,262013.00,12358,249917,165.83,160.84,326.67,161,166,0.00,0.00,0,0
1508094837,s2-eth2,13230.77,267710.31,280941.06,267978,13244,165.83,176.82,342.66,177,166,0.00,0.00,0,0
1508094837,s2-eth1,251114.89,13136.86,264251.75,13150,251366,166.83,164.84,331.67,165,167,0.00,0.00,0,0
1508094837,lo,0.00,0.00,0.00,0,0,0.00,0.00,0.00,0,0,0.00,0.00,0,0
1508094837,total,526465.56,547290.75,1073756.25,547838,526992,660.34,670.33,1330.67,671,661,0.00,0.00,0,0
1508094838,s1,0.00,0.00,0.00,0,0,0.00,0.00,0.00,0,0,0.00,0.00,0,0
1508094838,eth0,0.00,0.00,0.00,0,0,0.00,0.00,0.00,0,0,0.00,0.00,0,0
1508094838,eth1,0.00,0.00,0.00,0,0,0.00,0.00,0.00,0,0,0.00,0.00,0,0
1508094838,s2,0.00,0.00,0.00,0,0,0.00,0.00,0.00,0,0,0.00,0.00,0,0
1508094838,s1-eth2,12372.00,257380.00,269752.00,257380,12372,162.00,170.00,332.00,170,162,0.00,0.00,0,0
1508094838,s1-eth1,249810.00,12372.00,262182.00,12372,249810,165.00,162.00,327.00,162,165,0.00,0.00,0,0
1508094838,s2-eth2,12210.00,286146.00,298356.00,286146,12210,165.00,189.00,354.00,189,165,0.00,0.00,0,0
1508094838,s2-eth1,249917.00,12210.00,262127.00,12210,249917,166.00,165.00,331.00,165,166,0.00,0.00,0,0
1508094838,lo,0.00,0.00,0.00,0,0,0.00,0.00,0.00,0,0,0.00,0.00,0,0
1508094838,total,524309.00,568108.00,1092417.00,568108,524309,658.00,686.00,1344.00,686,658,0.00,0.00,0,0
1508094839,s1,0.00,0.00,0.00,0,0,0.00,0.00,0.00,0,0,0.00,0.00,0,0
1508094839,eth0,0.00,0.00,0.00,0,0,0.00,0.00,0.00,0,0,0.00,0.00,0,0
1508094839,eth1,0.00,0.00,0.00,0,0,0.00,0.00,0.00,0,0,0.00,0.00,0,0
1508094839,s2,0.00,0.00,0.00,0,0,0.00,0.00,0.00,0,0,0.00,0.00,0,0
1508094839,s1-eth2,12370.00,254352.00,266722.00,254352,12370,161.00,168.00,329.00,168,161,0.00,0.00,0,0
1508094839,s1-eth1,251324.00,12456.00,263780.00,12456,251324,166.00,162.00,328.00,162,166,0.00,0.00,0,0
1508094839,s2-eth2,15176.00,198334.00,213510.00,198334,15176,166.00,131.00,297.00,131,166,0.00,0.00,0,0
1508094839,s2-eth1,249810.00,14834.00,264644.00,14834,249810,165.00,165.00,330.00,165,165,0.00,0.00,0,0
1508094839,lo,344.00,344.00,688.00,344,344,6.00,6.00,12.00,6,6,0.00,0.00,0,0
1508094839,total,529024.00,480320.00,1009344.00,480320,529024,664.00,632.00,1296.00,632,664,0.00,0.00,0,0
1508094840,s1,0.00,0.00,0.00,0,0,0.00,0.00,0.00,0,0,0.00,0.00,0,0
1508094840,eth0,0.00,0.00,0.00,0,0,0.00,0.00,0.00,0,0,0.00,0.00,0,0
1508094840,eth1,0.00,0.00,0.00,0,0,0.00,0.00,0.00,0,0,0.00,0.00,0,0
1508094840,s2,0.00,0.00,0.00,0,0,0.00,0.00,0.00,0,0,0.00,0.00,0,0
1508094840,s1-eth2,12680.00,264950.00,277630.00,264950,12680,160.00,175.00,335.00,175,160,0.00,0.00,0,0
1508094840,s1-eth1,249810.00,12252.00,262062.00,12252,249810,165.00,158.00,323.00,158,165,0.00,0.00,0,0
1508094840,s2-eth2,15510.00,249810.00,265320.00,249810,15510,165.00,165.00,330.00,165,165,0.00,0.00,0,0
1508094840,s2-eth1,249810.00,15510.00,265320.00,15510,249810,165.00,165.00,330.00,165,165,0.00,0.00,0,0
1508094840,lo,0.00,0.00,0.00,0,0,0.00,0.00,0.00,0,0,0.00,0.00,0,0
1508094840,total,527810.00,542522.00,1070332.00,542522,527810,655.00,663.00,1318.00,663,655,0.00,0.00,0,0
1508094841,s1,0.00,0.00,0.00,0,0,0.00,0.00,0.00,0,0,0.00,0.00,0,0
1508094841,eth0,0.00,0.00,0.00,0,0,0.00,0.00,0.00,0,0,0.00,0.00,0,0
1508094841,eth1,0.00,0.00,0.00,0,0,0.00,0.00,0.00,0,0,0.00,0.00,0,0
1508094841,s2,0.00,0.00,0.00,0,0,0.00,0.00,0.00,0,0,0.00,0.00,0,0
1508094841,s1-eth2,12313.69,260147.86,272461.53,260408,12326,160.84,171.83,332.67,172,161,0.00,0.00,0,0
1508094841,s1-eth1,249560.45,12313.69,261874.14,12326,249810,164.84,160.84,325.67,161,165,0.00,0.00,0,0
1508094841,s2-eth2,10025.97,255610.39,265636.38,255866,10036,119.88,168.83,288.71,169,120,0.00,0.00,0,0
1508094841,s2-eth1,251072.94,10099.90,261172.83,10110,251324,165.83,120.88,286.71,121,166,0.00,0.00,0,0
1508094841,lo,0.00,0.00,0.00,0,0,0.00,0.00,0.00,0,0,0.00,0.00,0,0
1508094841,total,522973.03,538171.81,1061144.88,538710,523496,611.39,622.38,1233.77,623,612,0.00,0.00,0,0
1508094842,s1,0.00,0.00,0.00,0,0,0.00,0.00,0.00,0,0,0.00,0.00,0,0
1508094842,eth0,0.00,0.00,0.00,0,0,0.00,0.00,0.00,0,0,0.00,0.00,0,0
1508094842,eth1,0.00,0.00,0.00,0,0,0.00,0.00,0.00,0,0,0.00,0.00,0,0
1508094842,s2,0.00,0.00,0.00,0,0,0.00,0.00,0.00,0,0,0.00,0.00,0,0
1508094842,s1-eth2,12528.00,261922.00,274450.00,261922,12528,162.00,173.00,335.00,173,162,0.00,0.00,0,0
1508094842,s1-eth1,249810.00,12528.00,262338.00,12528,249810,165.00,162.00,327.00,162,165,0.00,0.00,0,0
1508094842,s2-eth2,6142.00,266464.00,272606.00,266464,6142,83.00,176.00,259.00,176,83,0.00,0.00,0,0
1508094842,s2-eth1,249810.00,6068.00,255878.00,6068,249810,165.00,82.00,247.00,82,165,0.00,0.00,0,0
1508094842,lo,0.00,0.00,0.00,0,0,0.00,0.00,0.00,0,0,0.00,0.00,0,0
1508094842,total,518290.00,546982.00,1065272.00,546982,518290,575.00,593.00,1168.00,593,575,0.00,0.00,0,0
1508094843,s1,0.00,0.00,0.00,0,0,0.00,0.00,0.00,0,0,0.00,0.00,0,0
1508094843,eth0,0.00,0.00,0.00,0,0,0.00,0.00,0.00,0,0,0.00,0.00,0,0
1508094843,eth1,0.00,0.00,0.00,0,0,0.00,0.00,0.00,0,0,0.00,0.00,0,0
1508094843,s2,0.00,0.00,0.00,0,0,0.00,0.00,0.00,0,0,0.00,0.00,0,0
1508094843,s1-eth2,12496.00,258894.00,271390.00,258894,12496,162.00,171.00,333.00,171,162,0.00,0.00,0,0
1508094843,s1-eth1,249810.00,12570.00,262380.00,12570,249810,165.00,163.00,328.00,163,165,0.00,0.00,0,0
1508094843,s2-eth2,6142.00,264950.00,271092.00,264950,6142,83.00,175.00,258.00,175,83,0.00,0.00,0,0
1508094843,s2-eth1,249810.00,6142.00,255952.00,6142,249810,165.00,83.00,248.00,83,165,0.00,0.00,0,0
1508094843,lo,0.00,0.00,0.00,0,0,0.00,0.00,0.00,0,0,0.00,0.00,0,0
1508094843,total,518258.00,542556.00,1060814.00,542556,518258,575.00,592.00,1167.00,592,575,0.00,0.00,0,0
1508094844,s1,0.00,0.00,0.00,0,0,0.00,0.00,0.00,0,0,0.00,0.00,0,0
1508094844,eth0,0.00,0.00,0.00,0,0,0.00,0.00,0.00,0,0,0.00,0.00,0,0
1508094844,eth1,0.00,0.00,0.00,0,0,0.00,0.00,0.00,0,0,0.00,0.00,0,0
1508094844,s2,0.00,0.00,0.00,0,0,0.00,0.00,0.00,0,0,0.00,0.00,0,0
1508094844,s1-eth2,12344.00,260408.00,272752.00,260408,12344,160.00,172.00,332.00,172,160,0.00,0.00,0,0
1508094844,s1-eth1,250152.00,12344.00,262496.00,12344,250152,166.00,160.00,326.00,160,166,0.00,0.00,0,0
1508094844,s2-eth2,6068.00,255866.00,261934.00,255866,6068,82.00,169.00,251.00,169,82,0.00,0.00,0,0
1508094844,s2-eth1,249810.00,6068.00,255878.00,6068,249810,165.00,82.00,247.00,82,165,0.00,0.00,0,0
1508094844,lo,344.00,344.00,688.00,344,344,6.00,6.00,12.00,6,6,0.00,0.00,0,0
1508094844,total,518718.00,535030.00,1053748.00,535030,518718,579.00,589.00,1168.00,589,579,0.00,0.00,0,0
1508094845,s1,0.00,0.00,0.00,0,0,0.00,0.00,0.00,0,0,0.00,0.00,0,0
1508094845,eth0,0.00,0.00,0.00,0,0,0.00,0.00,0.00,0,0,0.00,0.00,0,0
1508094845,eth1,0.00,0.00,0.00,0,0,0.00,0.00,0.00,0,0,0.00,0.00,0,0
1508094845,s2,0.00,0.00,0.00,0,0,0.00,0.00,0.00,0,0,0.00,0.00,0,0
1508094845,s1-eth2,12375.62,260147.86,272523.47,260408,12388,163.84,171.83,335.66,172,164,0.00,0.00,0,0
1508094845,s1-eth1,251072.94,12301.70,263374.62,12314,251324,165.83,162.84,328.67,163,166,0.00,0.00,0,0
1508094845,s2-eth2,6135.86,255610.39,261746.27,255866,6142,82.92,168.83,251.75,169,83,0.00,0.00,0,0
1508094845,s2-eth1,249560.45,6135.86,255696.31,6142,249810,164.84,82.92,247.75,83,165,0.00,0.00,0,0
1508094845,lo,0.00,0.00,0.00,0,0,0.00,0.00,0.00,0,0,0.00,0.00,0,0
1508094845,total,519144.88,534195.81,1053340.75,534730,519664,577.42,586.41,1163.84,587,578,0.00,0.00,0,0
1508094846,s1,0.00,0.00,0.00,0,0,0.00,0.00,0.00,0,0,0.00,0.00,0,0
1508094846,eth0,0.00,0.00,0.00,0,0,0.00,0.00,0.00,0,0,0.00,0.00,0,0
1508094846,eth1,0.00,0.00,0.00,0,0,0.00,0.00,0.00,0,0,0.00,0.00,0,0
1508094846,s2,0.00,0.00,0.00,0,0,0.00,0.00,0.00,0,0,0.00,0.00,0,0
1508094846,s1-eth2,12404.00,254352.00,266756.00,254352,12404,162.00,168.00,330.00,168,162,0.00,0.00,0,0
1508094846,s1-eth1,249810.00,12404.00,262214.00,12404,249810,165.00,162.00,327.00,162,165,0.00,0.00,0,0
1508094846,s2-eth2,6068.00,249810.00,255878.00,249810,6068,82.00,165.00,247.00,165,82,0.00,0.00,0,0
1508094846,s2-eth1,251324.00,6142.00,257466.00,6142,251324,166.00,83.00,249.00,83,166,0.00,0.00,0,0
1508094846,lo,0.00,0.00,0.00,0,0,0.00,0.00,0.00,0,0,0.00,0.00,0,0
1508094846,total,519606.00,522708.00,1042314.00,522708,519606,575.00,578.00,1153.00,578,575,0.00,0.00,0,0
1508094847,s1,0.00,0.00,0.00,0,0,0.00,0.00,0.00,0,0,0.00,0.00,0,0
1508094847,eth0,0.00,0.00,0.00,0,0,0.00,0.00,0.00,0,0,0.00,0.00,0,0
1508094847,eth1,0.00,0.00,0.00,0,0,0.00,0.00,0.00,0,0,0.00,0.00,0,0
1508094847,s2,0.00,0.00,0.00,0,0,0.00,0.00,0.00,0,0,0.00,0.00,0,0
1508094847,s1-eth2,12634.00,254352.00,266986.00,254352,12634,163.00,168.00,331.00,168,163,0.00,0.00,0,0
1508094847,s1-eth1,249810.00,12634.00,262444.00,12634,249810,165.00,163.00,328.00,163,165,0.00,0.00,0,0
1508094847,s2-eth2,6142.00,254352.00,260494.00,254352,6142,83.00,168.00,251.00,168,83,0.00,0.00,0,0
1508094847,s2-eth1,249810.00,6068.00,255878.00,6068,249810,165.00,82.00,247.00,82,165,0.00,0.00,0,0
1508094847,lo,0.00,0.00,0.00,0,0,0.00,0.00,0.00,0,0,0.00,0.00,0,0
1508094847,total,518396.00,527406.00,1045802.00,527406,518396,576.00,581.00,1157.00,581,576,0.00,0.00,0,0
1508094848,s1,0.00,0.00,0.00,0,0,0.00,0.00,0.00,0,0,0.00,0.00,0,0
1508094848,eth0,0.00,0.00,0.00,0,0,0.00,0.00,0.00,0,0,0.00,0.00,0,0
1508094848,eth1,0.00,0.00,0.00,0,0,0.00,0.00,0.00,0,0,0.00,0.00,0,0
1508094848,s2,0.00,0.00,0.00,0,0,0.00,0.00,0.00,0,0,0.00,0.00,0,0
1508094848,s1-eth2,12094.00,255866.00,267960.00,255866,12094,161.00,169.00,330.00,169,161,0.00,0.00,0,0
1508094848,s1-eth1,249810.00,12094.00,261904.00,12094,249810,165.00,161.00,326.00,161,165,0.00,0.00,0,0
1508094848,s2-eth2,6142.00,258894.00,265036.00,258894,6142,83.00,171.00,254.00,171,83,0.00,0.00,0,0
1508094848,s2-eth1,249810.00,6142.00,255952.00,6142,249810,165.00,83.00,248.00,83,165,0.00,0.00,0,0
1508094848,lo,0.00,0.00,0.00,0,0,0.00,0.00,0.00,0,0,0.00,0.00,0,0
1508094848,total,517856.00,532996.00,1050852.00,532996,517856,574.00,584.00,1158.00,584,574,0.00,0.00,0,0
1508094849,s1,0.00,0.00,0.00,0,0,0.00,0.00,0.00,0,0,0.00,0.00,0,0
1508094849,eth0,0.00,0.00,0.00,0,0,0.00,0.00,0.00,0,0,0.00,0.00,0,0
1508094849,eth1,0.00,0.00,0.00,0,0,0.00,0.00,0.00,0,0,0.00,0.00,0,0
1508094849,s2,0.00,0.00,0.00,0,0,0.00,0.00,0.00,0,0,0.00,0.00,0,0
1508094849,s1-eth2,12492.00,257380.00,269872.00,257380,12492,162.00,170.00,332.00,170,162,0.00,0.00,0,0
1508094849,s1-eth1,249810.00,12566.00,262376.00,12566,249810,165.00,163.00,328.00,163,165,0.00,0.00,0,0
1508094849,s2-eth2,6068.00,261922.00,267990.00,261922,6068,82.00,173.00,255.00,173,82,0.00,0.00,0,0
1508094849,s2-eth1,249810.00,6068.00,255878.00,6068,249810,165.00,82.00,247.00,82,165,0.00,0.00,0,0
1508094849,lo,344.00,344.00,688.00,344,344,6.00,6.00,12.00,6,6,0.00,0.00,0,0
1508094849,total,518524.00,538280.00,1056804.00,538280,518524,580.00,594.00,1174.00,594,580,0.00,0.00,0,0
1508094850,s1,0.00,0.00,0.00,0,0,0.00,0.00,0.00,0,0,0.00,0.00,0,0
1508094850,eth0,0.00,0.00,0.00,0,0,0.00,0.00,0.00,0,0,0.00,0.00,0,0
1508094850,eth1,0.00,0.00,0.00,0,0,0.00,0.00,0.00,0,0,0.00,0.00,0,0
1508094850,s2,0.00,0.00,0.00,0,0,0.00,0.00,0.00,0,0,0.00,0.00,0,0
1508094850,s1-eth2,12320.00,251324.00,263644.00,251324,12320,160.00,166.00,326.00,166,160,0.00,0.00,0,0
1508094850,s1-eth1,251324.00,12246.00,263570.00,12246,251324,166.00,159.00,325.00,159,166,0.00,0.00,0,0
1508094850,s2-eth2,12582.00,205904.00,218486.00,205904,12582,141.00,136.00,277.00,136,141,0.00,0.00,0,0
1508094850,s2-eth1,249810.00,12582.00,262392.00,12582,249810,165.00,141.00,306.00,141,165,0.00,0.00,0,0
1508094850,lo,0.00,0.00,0.00,0,0,0.00,0.00,0.00,0,0,0.00,0.00,0,0
1508094850,total,526036.00,482056.00,1008092.00,482056,526036,632.00,602.00,1234.00,602,632,0.00,0.00,0,0
1508094851,s1,0.00,0.00,0.00,0,0,0.00,0.00,0.00,0,0,0.00,0.00,0,0
1508094851,eth0,0.00,0.00,0.00,0,0,0.00,0.00,0.00,0,0,0.00,0.00,0,0
1508094851,eth1,0.00,0.00,0.00,0,0,0.00,0.00,0.00,0,0,0.00,0.00,0,0
1508094851,s2,0.00,0.00,0.00,0,0,0.00,0.00,0.00,0,0,0.00,0.00,0,0
1508094851,s1-eth2,12358.00,261922.00,274280.00,261922,12358,163.00,173.00,336.00,173,163,0.00,0.00,0,0
1508094851,s1-eth1,249810.00,12358.00,262168.00,12358,249810,165.00,163.00,328.00,163,165,0.00,0.00,0,0
1508094851,s2-eth2,15510.00,222558.00,238068.00,222558,15510,165.00,147.00,312.00,147,165,0.00,0.00,0,0
1508094851,s2-eth1,249810.00,15510.00,265320.00,15510,249810,165.00,165.00,330.00,165,165,0.00,0.00,0,0
1508094851,lo,0.00,0.00,0.00,0,0,0.00,0.00,0.00,0,0,0.00,0.00,0,0
1508094851,total,527488.00,512348.00,1039836.00,512348,527488,658.00,648.00,1306.00,648,658,0.00,0.00,0,0
1508094852,s1,0.00,0.00,0.00,0,0,0.00,0.00,0.00,0,0,0.00,0.00,0,0
1508094852,eth0,456.00,735.00,1191.00,735,456,6.00,6.00,12.00,6,6,0.00,0.00,0,0
1508094852,eth1,0.00,0.00,0.00,0,0,0.00,0.00,0.00,0,0,0.00,0.00,0,0
1508094852,s2,0.00,0.00,0.00,0,0,0.00,0.00,0.00,0,0,0.00,0.00,0,0
1508094852,s1-eth2,12390.00,255866.00,268256.00,255866,12390,159.00,169.00,328.00,169,159,0.00,0.00,0,0
1508094852,s1-eth1,249920.00,11770.00,261690.00,11770,249920,166.00,155.00,321.00,155,166,0.00,0.00,0,0
1508094852,s2-eth2,10620.00,260408.00,271028.00,260408,10620,124.00,172.00,296.00,172,124,0.00,0.00,0,0
1508094852,s2-eth1,251324.00,10090.00,261414.00,10090,251324,166.00,121.00,287.00,121,166,0.00,0.00,0,0
1508094852,lo,1023.00,1023.00,2046.00,1023,1023,12.00,12.00,24.00,12,12,0.00,0.00,0,0
1508094852,total,525733.00,539892.00,1065625.00,539892,525733,633.00,635.00,1268.00,635,633,0.00,0.00,0,0
1508094853,s1,0.00,0.00,0.00,0,0,0.00,0.00,0.00,0,0,0.00,0.00,0,0
1508094853,eth0,455.54,734.27,1189.81,735,456,5.99,5.99,11.99,6,6,0.00,0.00,0,0
1508094853,eth1,0.00,0.00,0.00,0,0,0.00,0.00,0.00,0,0,0.00,0.00,0,0
1508094853,s2,0.00,0.00,0.00,0,0,0.00,0.00,0.00,0,0,0.00,0.00,0,0
1508094853,s1-eth2,13385.62,252585.42,265971.03,252838,13399,168.83,166.83,335.66,167,169,0.00,0.00,0,0
1508094853,s1-eth1,249748.27,12407.59,262155.84,12420,249998,166.83,161.84,328.67,162,167,0.00,0.00,0,0
1508094853,s2-eth2,6495.50,272247.75,278743.25,272520,6502,86.91,179.82,266.73,180,87,0.00,0.00,0,0
1508094853,s2-eth1,250121.89,6135.86,256257.75,6142,250372,167.83,82.92,250.75,83,168,0.00,0.00,0,0
1508094853,lo,1021.98,1021.98,2043.96,1023,1023,11.99,11.99,23.98,12,12,0.00,0.00,0,0
1508094853,total,521228.78,545132.88,1066361.62,545678,521750,608.39,609.39,1217.78,610,609,0.00,0.00,0,0
1508094854,s1,0.00,0.00,0.00,0,0,0.00,0.00,0.00,0,0,0.00,0.00,0,0
1508094854,eth0,303.70,489.51,793.21,490,304,4.00,4.00,7.99,4,4,0.00,0.00,0,0
1508094854,eth1,0.00,0.00,0.00,0,0,0.00,0.00,0.00,0,0,0.00,0.00,0,0
1508094854,s2,0.00,0.00,0.00,0,0,0.00,0.00,0.00,0,0,0.00,0.00,0,0
1508094854,s1-eth2,13552.45,255652.36,269204.81,255908,13566,166.83,169.83,336.66,170,167,0.00,0.00,0,0
1508094854,s1-eth1,249432.58,12303.70,261736.27,12316,249682,172.83,161.84,334.67,162,173,0.00,0.00,0,0
1508094854,s2-eth2,7916.08,275272.75,283188.81,275548,7924,89.91,181.82,271.73,182,90,0.00,0.00,0,0
1508094854,s2-eth1,249638.38,6061.94,255700.31,6068,249888,165.83,81.92,247.75,82,166,0.00,0.00,0,0
1508094854,lo,1320.68,1320.68,2641.36,1322,1322,16.98,16.98,33.97,17,17,0.00,0.00,0,0
1508094854,total,522163.84,551100.94,1073264.75,551652,522686,616.38,616.38,1232.77,617,617,0.00,0.00,0,0
1508094855,s1,0.00,0.00,0.00,0,0,0.00,0.00,0.00,0,0,0.00,0.00,0,0
1508094855,eth0,152.00,245.00,397.00,245,152,2.00,2.00,4.00,2,2,0.00,0.00,0,0
1508094855,eth1,0.00,0.00,0.00,0,0,0.00,0.00,0.00,0,0,0.00,0.00,0,0
1508094855,s2,0.00,0.00,0.00,0,0,0.00,0.00,0.00,0,0,0.00,0.00,0,0
1508094855,s1-eth2,13312.00,252838.00,266150.00,252838,13312,165.00,167.00,332.00,167,165,0.00,0.00,0,0
1508094855,s1-eth1,250866.00,12382.00,263248.00,12382,250866,170.00,161.00,331.00,161,170,0.00,0.00,0,0
1508094855,s2-eth2,6689.00,266464.00,273153.00,266464,6689,85.00,176.00,261.00,176,85,0.00,0.00,0,0
1508094855,s2-eth1,249295.00,6142.00,255437.00,6142,249295,171.00,83.00,254.00,83,171,0.00,0.00,0,0
1508094855,lo,341.00,341.00,682.00,341,341,4.00,4.00,8.00,4,4,0.00,0.00,0,0
1508094855,total,520655.00,538412.00,1059067.00,538412,520655,597.00,593.00,1190.00,593,597,0.00,0.00,0,0
1508094856,s1,0.00,0.00,0.00,0,0,0.00,0.00,0.00,0,0,0.00,0.00,0,0
1508094856,eth0,0.00,0.00,0.00,0,0,0.00,0.00,0.00,0,0,0.00,0.00,0,0
1508094856,eth1,0.00,0.00,0.00,0,0,0.00,0.00,0.00,0,0,0.00,0.00,0,0
1508094856,s2,0.00,0.00,0.00,0,0,0.00,0.00,0.00,0,0,0.00,0.00,0,0
1508094856,s1-eth2,12231.00,251324.00,263555.00,251324,12231,159.00,166.00,325.00,166,159,0.00,0.00,0,0
1508094856,s1-eth1,250479.00,12124.00,262603.00,12124,250479,167.00,158.00,325.00,158,167,0.00,0.00,0,0
1508094856,s2-eth2,11978.00,211960.00,223938.00,211960,11978,133.00,140.00,273.00,140,133,0.00,0.00,0,0
1508094856,s2-eth1,251211.00,11562.00,262773.00,11562,251211,171.00,131.00,302.00,131,171,0.00,0.00,0,0
1508094856,lo,0.00,0.00,0.00,0,0,0.00,0.00,0.00,0,0,0.00,0.00,0,0
1508094856,total,525899.00,486970.00,1012869.00,486970,525899,630.00,595.00,1225.00,595,630,0.00,0.00,0,0
1508094857,s1,0.00,0.00,0.00,0,0,0.00,0.00,0.00,0,0,0.00,0.00,0,0
1508094857,eth0,60.00,60.00,120.00,60,60,1.00,1.00,2.00,1,1,0.00,0.00,0,0
1508094857,eth1,0.00,0.00,0.00,0,0,0.00,0.00,0.00,0,0,0.00,0.00,0,0
1508094857,s2,0.00,0.00,0.00,0,0,0.00,0.00,0.00,0,0,0.00,0.00,0,0
1508094857,s1-eth2,12918.00,266464.00,279382.00,266464,12918,162.00,176.00,338.00,176,162,0.00,0.00,0,0
1508094857,s1-eth1,250184.00,12254.00,262438.00,12254,250184,167.00,159.00,326.00,159,167,0.00,0.00,0,0
1508094857,s2-eth2,15971.00,208932.00,224903.00,208932,15971,168.00,138.00,306.00,138,168,0.00,0.00,0,0
1508094857,s2-eth1,248965.00,15286.00,264251.00,15286,248965,166.00,165.00,331.00,165,166,0.00,0.00,0,0
1508094857,lo,0.00,0.00,0.00,0,0,0.00,0.00,0.00,0,0,0.00,0.00,0,0
1508094857,total,528098.00,502996.00,1031094.00,502996,528098,664.00,639.00,1303.00,639,664,0.00,0.00,0,0
1508094858,s1,0.00,0.00,0.00,0,0,0.00,0.00,0.00,0,0,0.00,0.00,0,0
1508094858,eth0,0.00,0.00,0.00,0,0,0.00,0.00,0.00,0,0,0.00,0.00,0,0
1508094858,eth1,0.00,0.00,0.00,0,0,0.00,0.00,0.00,0,0,0.00,0.00,0,0
1508094858,s2,0.00,0.00,0.00,0,0,0.00,0.00,0.00,0,0,0.00,0.00,0,0
1508094858,s1-eth2,12267.73,258635.38,270903.09,258894,12280,161.84,170.83,332.67,171,162,0.00,0.00,0,0
1508094858,s1-eth1,249957.05,12341.66,262298.72,12354,250207,166.83,162.84,329.67,163,167,0.00,0.00,0,0
1508094858,s2-eth2,8893.11,260147.86,269040.97,260408,8902,112.89,171.83,284.72,172,113,0.00,0.00,0,0
1508094858,s2-eth1,251446.56,8807.19,260253.75,8816,251698,167.83,111.89,279.72,112,168,0.00,0.00,0,0
1508094858,lo,0.00,0.00,0.00,0,0,0.00,0.00,0.00,0,0,0.00,0.00,0,0
1508094858,total,522564.44,539932.06,1062496.50,540472,523087,609.39,617.38,1226.77,618,610,0.00,0.00,0,0
1508094859,s1,0.00,0.00,0.00,0,0,0.00,0.00,0.00,0,0,0.00,0.00,0,0
1508094859,eth0,0.00,0.00,0.00,0,0,0.00,0.00,0.00,0,0,0.00,0.00,0,0
1508094859,eth1,0.00,0.00,0.00,0,0,0.00,0.00,0.00,0,0,0.00,0.00,0,0
1508094859,s2,0.00,0.00,0.00,0,0,0.00,0.00,0.00,0,0,0.00,0.00,0,0
1508094859,s1-eth2,12504.00,255866.00,268370.00,255866,12504,162.00,169.00,331.00,169,162,0.00,0.00,0,0
1508094859,s1-eth1,249810.00,12430.00,262240.00,12430,249810,165.00,161.00,326.00,161,165,0.00,0.00,0,0
1508094859,s2-eth2,6068.00,263436.00,269504.00,263436,6068,82.00,174.00,256.00,174,82,0.00,0.00,0,0
1508094859,s2-eth1,248693.00,6068.00,254761.00,6068,248693,166.00,82.00,248.00,82,166,0.00,0.00,0,0
1508094859,lo,344.00,344.00,688.00,344,344,6.00,6.00,12.00,6,6,0.00,0.00,0,0
1508094859,total,517419.00,538144.00,1055563.00,538144,517419,581.00,592.00,1173.00,592,581,0.00,0.00,0,0
1508094860,s1,0.00,0.00,0.00,0,0,0.00,0.00,0.00,0,0,0.00,0.00,0,0
1508094860,eth0,0.00,0.00,0.00,0,0,0.00,0.00,0.00,0,0,0.00,0.00,0,0
1508094860,eth1,0.00,0.00,0.00,0,0,0.00,0.00,0.00,0,0,0.00,0.00,0,0
1508094860,s2,0.00,0.00,0.00,0,0,0.00,0.00,0.00,0,0,0.00,0.00,0,0
1508094860,s1-eth2,12537.00,255866.00,268403.00,255866,12537,160.00,169.00,329.00,169,160,0.00,0.00,0,0
1508094860,s1-eth1,249810.00,12430.00,262240.00,12430,249810,165.00,159.00,324.00,159,165,0.00,0.00,0,0
1508094860,s2-eth2,6142.00,261922.00,268064.00,261922,6142,83.00,173.00,256.00,173,83,0.00,0.00,0,0
1508094860,s2-eth1,251324.00,6142.00,257466.00,6142,251324,166.00,83.00,249.00,83,166,0.00,0.00,0,0
1508094860,lo,0.00,0.00,0.00,0,0,0.00,0.00,0.00,0,0,0.00,0.00,0,0
1508094860,total,519813.00,536360.00,1056173.00,536360,519813,574.00,584.00,1158.00,584,574,0.00,0.00,0,0
1508094861,s1,0.00,0.00,0.00,0,0,0.00,0.00,0.00,0,0,0.00,0.00,0,0
1508094861,eth0,0.00,0.00,0.00,0,0,0.00,0.00,0.00,0,0,0.00,0.00,0,0
1508094861,eth1,0.00,0.00,0.00,0,0,0.00,0.00,0.00,0,0,0.00,0.00,0,0
1508094861,s2,0.00,0.00,0.00,0,0,0.00,0.00,0.00,0,0,0.00,0.00,0,0
1508094861,s1-eth2,12122.00,258894.00,271016.00,258894,12122,159.00,171.00,330.00,171,159,0.00,0.00,0,0
1508094861,s1-eth1,249917.00,12052.00,261969.00,12052,249917,166.00,158.00,324.00,158,166,0.00,0.00,0,0
1508094861,s2-eth2,6661.00,257380.00,264041.00,257380,6661,86.00,170.00,256.00,170,86,0.00,0.00,0,0
1508094861,s2-eth1,249810.00,6142.00,255952.00,6142,249810,165.00,83.00,248.00,83,165,0.00,0.00,0,0
1508094861,lo,0.00,0.00,0.00,0,0,0.00,0.00,0.00,0,0,0.00,0.00,0,0
1508094861,total,518510.00,534468.00,1052978.00,534468,518510,576.00,582.00,1158.00,582,576,0.00,0.00,0,0
1508094862,s1,0.00,0.00,0.00,0,0,0.00,0.00,0.00,0,0,0.00,0.00,0,0
1508094862,eth0,0.00,0.00,0.00,0,0,0.00,0.00,0.00,0,0,0.00,0.00,0,0
1508094862,eth1,0.00,0.00,0.00,0,0,0.00,0.00,0.00,0,0,0.00,0.00,0,0
1508094862,s2,0.00,0.00,0.00,0,0,0.00,0.00,0.00,0,0,0.00,0.00,0,0
1508094862,s1-eth2,12118.00,257380.00,269498.00,257380,12118,159.00,170.00,329.00,170,159,0.00,0.00,0,0
1508094862,s1-eth1,250222.00,12118.00,262340.00,12118,250222,167.00,159.00,326.00,159,167,0.00,0.00,0,0
1508094862,s2-eth2,6068.00,251324.00,257392.00,251324,6068,82.00,166.00,248.00,166,82,0.00,0.00,0,0
1508094862,s2-eth1,249917.00,6068.00,255985.00,6068,249917,166.00,82.00,248.00,82,166,0.00,0.00,0,0
1508094862,lo,0.00,0.00,0.00,0,0,0.00,0.00,0.00,0,0,0.00,0.00,0,0
1508094862,total,518325.00,526890.00,1045215.00,526890,518325,574.00,577.00,1151.00,577,574,0.00,0.00,0,0
1508094863,s1,0.00,0.00,0.00,0,0,0.00,0.00,0.00,0,0,0.00,0.00,0,0
1508094863,eth0,0.00,0.00,0.00,0,0,0.00,0.00,0.00,0,0,0.00,0.00,0,0
1508094863,eth1,0.00,0.00,0.00,0,0,0.00,0.00,0.00,0,0,0.00,0.00,0,0
1508094863,s2,0.00,0.00,0.00,0,0,0.00,0.00,0.00,0,0,0.00,0.00,0,0
1508094863,s1-eth2,12468.00,252838.00,265306.00,252838,12468,160.00,167.00,327.00,167,160,0.00,0.00,0,0
1508094863,s1-eth1,249810.00,12212.00,262022.00,12212,249810,165.00,160.00,325.00,160,165,0.00,0.00,0,0
1508094863,s2-eth2,6184.00,252880.00,259064.00,252880,6184,84.00,168.00,252.00,168,84,0.00,0.00,0,0
1508094863,s2-eth1,250222.00,6184.00,256406.00,6184,250222,167.00,84.00,251.00,84,167,0.00,0.00,0,0
1508094863,lo,0.00,0.00,0.00,0,0,0.00,0.00,0.00,0,0,0.00,0.00,0,0
1508094863,total,518684.00,524114.00,1042798.00,524114,518684,576.00,579.00,1155.00,579,576,0.00,0.00,0,0
1508094864,s1,0.00,0.00,0.00,0,0,0.00,0.00,0.00,0,0,0.00,0.00,0,0
1508094864,eth0,0.00,0.00,0.00,0,0,0.00,0.00,0.00,0,0,0.00,0.00,0,0
1508094864,eth1,0.00,0.00,0.00,0,0,0.00,0.00,0.00,0,0,0.00,0.00,0,0
1508094864,s2,0.00,0.00,0.00,0,0,0.00,0.00,0.00,0,0,0.00,0.00,0,0
1508094864,s1-eth2,12185.81,251072.94,263258.75,251324,12198,158.84,165.83,324.68,166,159,0.00,0.00,0,0
1508094864,s1-eth1,251072.94,12173.83,263246.75,12186,251324,165.83,158.84,324.68,159,166,0.00,0.00,0,0
1508094864,s2-eth2,6103.90,252627.38,258731.28,252880,6110,82.92,167.83,250.75,168,83,0.00,0.00,0,0
1508094864,s2-eth1,249602.41,6103.90,255706.30,6110,249852,165.83,82.92,248.75,83,166,0.00,0.00,0,0
1508094864,lo,343.66,343.66,687.31,344,344,5.99,5.99,11.99,6,6,0.00,0.00,0,0
1508094864,total,519308.72,522321.69,1041630.38,522844,519828,579.42,581.42,1160.84,582,580,0.00,0.00,0,0
1508094865,s1,0.00,0.00,0.00,0,0,0.00,0.00,0.00,0,0,0.00,0.00,0,0
1508094865,eth0,0.00,0.00,0.00,0,0,0.00,0.00,0.00,0,0,0.00,0.00,0,0
1508094865,eth1,0.00,0.00,0.00,0,0,0.00,0.00,0.00,0,0,0.00,0.00,0,0
1508094865,s2,0.00,0.00,0.00,0,0,0.00,0.00,0.00,0,0,0.00,0.00,0,0
1508094865,s1-eth2,12209.79,261660.34,273870.12,261922,12222,158.84,172.83,331.67,173,159,0.00,0.00,0,0
1508094865,s1-eth1,249560.45,12135.86,261696.31,12148,249810,164.84,157.84,322.68,158,165,0.00,0.00,0,0
1508094865,s2-eth2,6135.86,260147.86,266283.72,260408,6142,82.92,171.83,254.75,172,83,0.00,0.00,0,0
1508094865,s2-eth1,251114.89,6135.86,257250.75,6142,251366,166.83,82.92,249.75,83,167,0.00,0.00,0,0
1508094865,lo,0.00,0.00,0.00,0,0,0.00,0.00,0.00,0,0,0.00,0.00,0,0
1508094865,total,519021.00,540079.94,1059100.88,540620,519540,573.43,585.41,1158.84,586,574,0.00,0.00,0,0
1508094866,s1,0.00,0.00,0.00,0,0,0.00,0.00,0.00,0,0,0.00,0.00,0,0
1508094866,eth0,0.00,0.00,0.00,0,0,0.00,0.00,0.00,0,0,0.00,0.00,0,0
1508094866,eth1,0.00,0.00,0.00,0,0,0.00,0.00,0.00,0,0,0.00,0.00,0,0
1508094866,s2,0.00,0.00,0.00,0,0,0.00,0.00,0.00,0,0,0.00,0.00,0,0
1508094866,s1-eth2,12366.00,249810.00,262176.00,249810,12366,159.00,165.00,324.00,165,159,0.00,0.00,0,0
1508094866,s1-eth1,248296.00,12440.00,260736.00,12440,248296,164.00,160.00,324.00,160,164,0.00,0.00,0,0
1508094866,s2-eth2,6068.00,264950.00,271018.00,264950,6068,82.00,175.00,257.00,175,82,0.00,0.00,0,0
1508094866,s2-eth1,249810.00,6142.00,255952.00,6142,249810,165.00,83.00,248.00,83,165,0.00,0.00,0,0
1508094866,lo,0.00,0.00,0.00,0,0,0.00,0.00,0.00,0,0,0.00,0.00,0,0
1508094866,total,516540.00,533342.00,1049882.00,533342,516540,570.00,583.00,1153.00,583,570,0.00,0.00,0,0
1508094867,s1,0.00,0.00,0.00,0,0,0.00,0.00,0.00,0,0,0.00,0.00,0,0
1508094867,eth0,0.00,0.00,0.00,0,0,0.00,0.00,0.00,0,0,0.00,0.00,0,0
1508094867,eth1,0.00,0.00,0.00,0,0,0.00,0.00,0.00,0,0,0.00,0.00,0,0
1508094867,s2,0.00,0.00,0.00,0,0,0.00,0.00,0.00,0,0,0.00,0.00,0,0
1508094867,s1-eth2,11856.00,260408.00,272264.00,260408,11856,156.00,172.00,328.00,172,156,0.00,0.00,0,0
1508094867,s1-eth1,246782.00,11782.00,258564.00,11782,246782,163.00,155.00,318.00,155,163,0.00,0.00,0,0
1508094867,s2-eth2,6142.00,278576.00,284718.00,278576,6142,83.00,184.00,267.00,184,83,0.00,0.00,0,0
1508094867,s2-eth1,249810.00,6068.00,255878.00,6068,249810,165.00,82.00,247.00,82,165,0.00,0.00,0,0
1508094867,lo,0.00,0.00,0.00,0,0,0.00,0.00,0.00,0,0,0.00,0.00,0,0
1508094867,total,514590.00,556834.00,1071424.00,556834,514590,567.00,593.00,1160.00,593,567,0.00,0.00,0,0
1508094868,s1,0.00,0.00,0.00,0,0,0.00,0.00,0.00,0,0,0.00,0.00,0,0
1508094868,eth0,0.00,0.00,0.00,0,0,0.00,0.00,0.00,0,0,0.00,0.00,0,0
1508094868,eth1,0.00,0.00,0.00,0,0,0.00,0.00,0.00,0,0,0.00,0.00,0,0
1508094868,s2,0.00,0.00,0.00,0,0,0.00,0.00,0.00,0,0,0.00,0.00,0,0
1508094868,s1-eth2,12427.00,257380.00,269807.00,257380,12427,159.00,170.00,329.00,170,159,0.00,0.00,0,0
1508094868,s1-eth1,249810.00,12320.00,262130.00,12320,249810,165.00,158.00,323.00,158,165,0.00,0.00,0,0
1508094868,s2-eth2,7694.00,269492.00,277186.00,269492,7694,97.00,178.00,275.00,178,97,0.00,0.00,0,0
1508094868,s2-eth1,249810.00,7694.00,257504.00,7694,249810,165.00,97.00,262.00,97,165,0.00,0.00,0,0
1508094868,lo,0.00,0.00,0.00,0,0,0.00,0.00,0.00,0,0,0.00,0.00,0,0
1508094868,total,519741.00,546886.00,1066627.00,546886,519741,586.00,603.00,1189.00,603,586,0.00,0.00,0,0
1508094869,s1,0.00,0.00,0.00,0,0,0.00,0.00,0.00,0,0,0.00,0.00,0,0
1508094869,eth0,0.00,0.00,0.00,0,0,0.00,0.00,0.00,0,0,0.00,0.00,0,0
1508094869,eth1,0.00,0.00,0.00,0,0,0.00,0.00,0.00,0,0,0.00,0.00,0,0
1508094869,s2,0.00,0.00,0.00,0,0,0.00,0.00,0.00,0,0,0.00,0.00,0,0
1508094869,s1-eth2,12200.00,261922.00,274122.00,261922,12200,160.00,173.00,333.00,173,160,0.00,0.00,0,0
1508094869,s1-eth1,250259.00,12200.00,262459.00,12200,250259,167.00,160.00,327.00,160,167,0.00,0.00,0,0
1508094869,s2-eth2,15617.00,196820.00,212437.00,196820,15617,166.00,130.00,296.00,130,166,0.00,0.00,0,0
1508094869,s2-eth1,249810.00,15510.00,265320.00,15510,249810,165.00,165.00,330.00,165,165,0.00,0.00,0,0
1508094869,lo,344.00,344.00,688.00,344,344,6.00,6.00,12.00,6,6,0.00,0.00,0,0
1508094869,total,528230.00,486796.00,1015026.00,486796,528230,664.00,634.00,1298.00,634,664,0.00,0.00,0,0
1508094870,s1,0.00,0.00,0.00,0,0,0.00,0.00,0.00,0,0,0.00,0.00,0,0
1508094870,eth0,0.00,0.00,0.00,0,0,0.00,0.00,0.00,0,0,0.00,0.00,0,0
1508094870,eth1,0.00,0.00,0.00,0,0,0.00,0.00,0.00,0,0,0.00,0.00,0,0
1508094870,s2,0.00,0.00,0.00,0,0,0.00,0.00,0.00,0,0,0.00,0.00,0,0
1508094870,s1-eth2,12388.00,260408.00,272796.00,260408,12388,160.00,172.00,332.00,172,160,0.00,0.00,0,0
1508094870,s1-eth1,249810.00,12388.00,262198.00,12388,249810,165.00,160.00,325.00,160,165,0.00,0.00,0,0
1508094870,s2-eth2,15434.00,254352.00,269786.00,254352,15434,165.00,168.00,333.00,168,165,0.00,0.00,0,0
1508094870,s2-eth1,249917.00,15508.00,265425.00,15508,249917,166.00,166.00,332.00,166,166,0.00,0.00,0,0
1508094870,lo,0.00,0.00,0.00,0,0,0.00,0.00,0.00,0,0,0.00,0.00,0,0
1508094870,total,527549.00,542656.00,1070205.00,542656,527549,656.00,666.00,1322.00,666,656,0.00,0.00,0,0
1508094871,s1,0.00,0.00,0.00,0,0,0.00,0.00,0.00,0,0,0.00,0.00,0,0
1508094871,eth0,0.00,0.00,0.00,0,0,0.00,0.00,0.00,0,0,0.00,0.00,0,0
1508094871,eth1,0.00,0.00,0.00,0,0,0.00,0.00,0.00,0,0,0.00,0.00,0,0
1508094871,s2,0.00,0.00,0.00,0,0,0.00,0.00,0.00,0,0,0.00,0.00,0,0
1508094871,s1-eth2,12641.36,257122.89,269764.25,257380,12654,164.84,169.83,334.67,170,165,0.00,0.00,0,0
1508094871,s1-eth1,249560.45,12641.36,262201.81,12654,249810,164.84,164.84,329.67,165,165,0.00,0.00,0,0
1508094871,s2-eth2,6579.42,267710.31,274289.72,267978,6586,88.91,176.82,265.73,177,89,0.00,0.00,0,0
1508094871,s2-eth1,251072.94,6579.42,257652.36,6586,251324,165.83,88.91,254.75,89,166,0.00,0.00,0,0
1508094871,lo,0.00,0.00,0.00,0,0,0.00,0.00,0.00,0,0,0.00,0.00,0,0
1508094871,total,519854.16,544053.94,1063908.12,544598,520374,584.42,600.40,1184.82,601,585,0.00,0.00,0,0
1508094872,s1,0.00,0.00,0.00,0,0,0.00,0.00,0.00,0,0,0.00,0.00,0,0
1508094872,eth0,0.00,0.00,0.00,0,0,0.00,0.00,0.00,0,0,0.00,0.00,0,0
1508094872,eth1,0.00,0.00,0.00,0,0,0.00,0.00,0.00,0,0,0.00,0.00,0,0
1508094872,s2,0.00,0.00,0.00,0,0,0.00,0.00,0.00,0,0,0.00,0.00,0,0
1508094872,s1-eth2,12040.00,257380.00,269420.00,257380,12040,158.00,170.00,328.00,170,158,0.00,0.00,0,0
1508094872,s1-eth1,249810.00,12114.00,261924.00,12114,249810,165.00,159.00,324.00,159,165,0.00,0.00,0,0
1508094872,s2-eth2,6142.00,277062.00,283204.00,277062,6142,83.00,183.00,266.00,183,83,0.00,0.00,0,0
1508094872,s2-eth1,249810.00,6068.00,255878.00,6068,249810,165.00,82.00,247.00,82,165,0.00,0.00,0,0
1508094872,lo,0.00,0.00,0.00,0,0,0.00,0.00,0.00,0,0,0.00,0.00,0,0
1508094872,total,517802.00,552624.00,1070426.00,552624,517802,571.00,594.00,1165.00,594,571,0.00,0.00,0,0
1508094873,s1,0.00,0.00,0.00,0,0,0.00,0.00,0.00,0,0,0.00,0.00,0,0
1508094873,eth0,0.00,0.00,0.00,0,0,0.00,0.00,0.00,0,0,0.00,0.00,0,0
1508094873,eth1,0.00,0.00,0.00,0,0,0.00,0.00,0.00,0,0,0.00,0.00,0,0
1508094873,s2,0.00,0.00,0.00,0,0,0.00,0.00,0.00,0,0,0.00,0.00,0,0
1508094873,s1-eth2,12226.00,258894.00,271120.00,258894,12226,163.00,171.00,334.00,171,163,0.00,0.00,0,0
1508094873,s1-eth1,251324.00,12152.00,263476.00,12152,251324,166.00,162.00,328.00,162,166,0.00,0.00,0,0
1508094873,s2-eth2,6142.00,274034.00,280176.00,274034,6142,83.00,181.00,264.00,181,83,0.00,0.00,0,0
1508094873,s2-eth1,249810.00,6142.00,255952.00,6142,249810,165.00,83.00,248.00,83,165,0.00,0.00,0,0
1508094873,lo,0.00,0.00,0.00,0,0,0.00,0.00,0.00,0,0,0.00,0.00,0,0
1508094873,total,519502.00,551222.00,1070724.00,551222,519502,577.00,597.00,1174.00,597,577,0.00,0.00,0,0
1508094874,s1,0.00,0.00,0.00,0,0,0.00,0.00,0.00,0,0,0.00,0.00,0,0
1508094874,eth0,0.00,0.00,0.00,0,0,0.00,0.00,0.00,0,0,0.00,0.00,0,0
1508094874,eth1,0.00,0.00,0.00,0,0,0.00,0.00,0.00,0,0,0.00,0.00,0,0
1508094874,s2,0.00,0.00,0.00,0,0,0.00,0.00,0.00,0,0,0.00,0.00,0,0
1508094874,s1-eth2,12452.00,254352.00,266804.00,254352,12452,162.00,168.00,330.00,168,162,0.00,0.00,0,0
1508094874,s1-eth1,249810.00,12452.00,262262.00,12452,249810,165.00,162.00,327.00,162,165,0.00,0.00,0,0
1508094874,s2-eth2,7226.00,258894.00,266120.00,258894,7226,91.00,171.00,262.00,171,91,0.00,0.00,0,0
1508094874,s2-eth1,249810.00,6884.00,256694.00,6884,249810,165.00,90.00,255.00,90,165,0.00,0.00,0,0
1508094874,lo,344.00,344.00,688.00,344,344,6.00,6.00,12.00,6,6,0.00,0.00,0,0
1508094874,total,519642.00,532926.00,1052568.00,532926,519642,589.00,597.00,1186.00,597,589,0.00,0.00,0,0
1508094875,s1,0.00,0.00,0.00,0,0,0.00,0.00,0.00,0,0,0.00,0.00,0,0
1508094875,eth0,0.00,0.00,0.00,0,0,0.00,0.00,0.00,0,0,0.00,0.00,0,0
1508094875,eth1,0.00,0.00,0.00,0,0,0.00,0.00,0.00,0,0,0.00,0.00,0,0
1508094875,s2,0.00,0.00,0.00,0,0,0.00,0.00,0.00,0,0,0.00,0.00,0,0
1508094875,s1-eth2,12410.00,252838.00,265248.00,252838,12410,163.00,167.00,330.00,167,163,0.00,0.00,0,0
1508094875,s1-eth1,249810.00,12410.00,262220.00,12410,249810,165.00,163.00,328.00,163,165,0.00,0.00,0,0
1508094875,s2-eth2,15510.00,178652.00,194162.00,178652,15510,165.00,118.00,283.00,118,165,0.00,0.00,0,0
1508094875,s2-eth1,249810.00,15604.00,265414.00,15604,249810,165.00,166.00,331.00,166,165,0.00,0.00,0,0
1508094875,lo,0.00,0.00,0.00,0,0,0.00,0.00,0.00,0,0,0.00,0.00,0,0
1508094875,total,527540.00,459504.00,987044.00,459504,527540,658.00,614.00,1272.00,614,658,0.00,0.00,0,0
1508094876,s1,0.00,0.00,0.00,0,0,0.00,0.00,0.00,0,0,0.00,0.00,0,0
1508094876,eth0,0.00,0.00,0.00,0,0,0.00,0.00,0.00,0,0,0.00,0.00,0,0
1508094876,eth1,0.00,0.00,0.00,0,0,0.00,0.00,0.00,0,0,0.00,0.00,0,0
1508094876,s2,0.00,0.00,0.00,0,0,0.00,0.00,0.00,0,0,0.00,0.00,0,0
1508094876,s1-eth2,12920.00,251324.00,264244.00,251324,12920,164.00,166.00,330.00,166,164,0.00,0.00,0,0
1508094876,s1-eth1,246782.00,12578.00,259360.00,12578,246782,163.00,163.00,326.00,163,163,0.00,0.00,0,0
1508094876,s2-eth2,15294.00,252838.00,268132.00,252838,15294,165.00,167.00,332.00,167,165,0.00,0.00,0,0
1508094876,s2-eth1,250152.00,15274.00,265426.00,15274,250152,166.00,165.00,331.00,165,166,0.00,0.00,0,0
1508094876,lo,0.00,0.00,0.00,0,0,0.00,0.00,0.00,0,0,0.00,0.00,0,0
1508094876,total,525148.00,532014.00,1057162.00,532014,525148,658.00,661.00,1319.00,661,658,0.00,0.00,0,0
1508094877,s1,0.00,0.00,0.00,0,0,0.00,0.00,0.00,0,0,0.00,0.00,0,0
1508094877,eth0,0.00,0.00,0.00,0,0,0.00,0.00,0.00,0,0,0.00,0.00,0,0
1508094877,eth1,0.00,0.00,0.00,0,0,0.00,0.00,0.00,0,0,0.00,0.00,0,0
1508094877,s2,0.00,0.00,0.00,0,0,0.00,0.00,0.00,0,0,0.00,0.00,0,0
1508094877,s1-eth2,12269.73,258635.38,270905.09,258894,12282,160.84,170.83,331.67,171,161,0.00,0.00,0,0
1508094877,s1-eth1,251072.94,12343.66,263416.59,12356,251324,165.83,161.84,327.67,162,166,0.00,0.00,0,0
1508094877,s2-eth2,6505.49,261660.34,268165.84,261922,6512,87.91,172.83,260.74,173,88,0.00,0.00,0,0
1508094877,s2-eth1,251072.94,6431.57,257504.50,6438,251324,165.83,86.91,252.75,87,166,0.00,0.00,0,0
1508094877,lo,0.00,0.00,0.00,0,0,0.00,0.00,0.00,0,0,0.00,0.00,0,0
1508094877,total,520921.09,539070.94,1059992.00,539610,521442,580.42,592.41,1172.83,593,581,0.00,0.00,0,0
1508094878,s1,0.00,0.00,0.00,0,0,0.00,0.00,0.00,0,0,0.00,0.00,0,0
1508094878,eth0,0.00,0.00,0.00,0,0,0.00,0.00,0.00,0,0,0.00,0.00,0,0
1508094878,eth1,0.00,0.00,0.00,0,0,0.00,0.00,0.00,0,0,0.00,0.00,0,0
1508094878,s2,0.00,0.00,0.00,0,0,0.00,0.00,0.00,0,0,0.00,0.00,0,0
1508094878,s1-eth2,12322.00,255866.00,268188.00,255866,12322,159.00,169.00,328.00,169,159,0.00,0.00,0,0
1508094878,s1-eth1,249810.00,12248.00,262058.00,12248,249810,165.00,158.00,323.00,158,165,0.00,0.00,0,0
1508094878,s2-eth2,6142.00,266464.00,272606.00,266464,6142,83.00,176.00,259.00,176,83,0.00,0.00,0,0
1508094878,s2-eth1,249810.00,6142.00,255952.00,6142,249810,165.00,83.00,248.00,83,165,0.00,0.00,0,0
1508094878,lo,0.00,0.00,0.00,0,0,0.00,0.00,0.00,0,0,0.00,0.00,0,0
1508094878,total,518084.00,540720.00,1058804.00,540720,518084,572.00,586.00,1158.00,586,572,0.00,0.00,0,0
1508094879,s1,0.00,0.00,0.00,0,0,0.00,0.00,0.00,0,0,0.00,0.00,0,0
1508094879,eth0,0.00,0.00,0.00,0,0,0.00,0.00,0.00,0,0,0.00,0.00,0,0
1508094879,eth1,0.00,0.00,0.00,0,0,0.00,0.00,0.00,0,0,0.00,0.00,0,0
1508094879,s2,0.00,0.00,0.00,0,0,0.00,0.00,0.00,0,0,0.00,0.00,0,0
1508094879,s1-eth2,12126.00,261922.00,274048.00,261922,12126,157.00,173.00,330.00,173,157,0.00,0.00,0,0
1508094879,s1-eth1,246782.00,12126.00,258908.00,12126,246782,163.00,157.00,320.00,157,163,0.00,0.00,0,0
1508094879,s2-eth2,6068.00,258894.00,264962.00,258894,6068,82.00,171.00,253.00,171,82,0.00,0.00,0,0
1508094879,s2-eth1,249810.00,6068.00,255878.00,6068,249810,165.00,82.00,247.00,82,165,0.00,0.00,0,0
1508094879,lo,344.00,344.00,688.00,344,344,6.00,6.00,12.00,6,6,0.00,0.00,0,0
1508094879,total,515130.00,539354.00,1054484.00,539354,515130,573.00,589.00,1162.00,589,573,0.00,0.00,0,0
1508094880,s1,0.00,0.00,0.00,0,0,0.00,0.00,0.00,0,0,0.00,0.00,0,0
1508094880,eth0,0.00,0.00,0.00,0,0,0.00,0.00,0.00,0,0,0.00,0.00,0,0
1508094880,eth1,0.00,0.00,0.00,0,0,0.00,0.00,0.00,0,0,0.00,0.00,0,0
1508094880,s2,0.00,0.00,0.00,0,0,0.00,0.00,0.00,0,0,0.00,0.00,0,0
1508094880,s1-eth2,11960.00,263436.00,275396.00,263436,11960,160.00,174.00,334.00,174,160,0.00,0.00,0,0
1508094880,s1-eth1,249810.00,11960.00,261770.00,11960,249810,165.00,160.00,325.00,160,165,0.00,0.00,0,0
1508094880,s2-eth2,6142.00,257380.00,263522.00,257380,6142,83.00,170.00,253.00,170,83,0.00,0.00,0,0
1508094880,s2-eth1,249810.00,6142.00,255952.00,6142,249810,165.00,83.00,248.00,83,165,0.00,0.00,0,0
1508094880,lo,0.00,0.00,0.00,0,0,0.00,0.00,0.00,0,0,0.00,0.00,0,0
1508094880,total,517722.00,538918.00,1056640.00,538918,517722,573.00,587.00,1160.00,587,573,0.00,0.00,0,0
1508094881,s1,0.00,0.00,0.00,0,0,0.00,0.00,0.00,0,0,0.00,0.00,0,0
1508094881,eth0,0.00,0.00,0.00,0,0,0.00,0.00,0.00,0,0,0.00,0.00,0,0
1508094881,eth1,0.00,0.00,0.00,0,0,0.00,0.00,0.00,0,0,0.00,0.00,0,0
1508094881,s2,0.00,0.00,0.00,0,0,0.00,0.00,0.00,0,0,0.00,0.00,0,0
1508094881,s1-eth2,12632.00,251324.00,263956.00,251324,12632,162.00,166.00,328.00,166,162,0.00,0.00,0,0
1508094881,s1-eth1,250152.00,12632.00,262784.00,12632,250152,166.00,162.00,328.00,162,166,0.00,0.00,0,0
1508094881,s2-eth2,6142.00,249810.00,255952.00,249810,6142,83.00,165.00,248.00,165,83,0.00,0.00,0,0
1508094881,s2-eth1,251324.00,6142.00,257466.00,6142,251324,166.00,83.00,249.00,83,166,0.00,0.00,0,0
1508094881,lo,0.00,0.00,0.00,0,0,0.00,0.00,0.00,0,0,0.00,0.00,0,0
1508094881,total,520250.00,519908.00,1040158.00,519908,520250,577.00,576.00,1153.00,576,577,0.00,0.00,0,0
1508094882,s1,0.00,0.00,0.00,0,0,0.00,0.00,0.00,0,0,0.00,0.00,0,0
1508094882,eth0,0.00,0.00,0.00,0,0,0.00,0.00,0.00,0,0,0.00,0.00,0,0
1508094882,eth1,0.00,0.00,0.00,0,0,0.00,0.00,0.00,0,0,0.00,0.00,0,0
1508094882,s2,0.00,0.00,0.00,0,0,0.00,0.00,0.00,0,0,0.00,0.00,0,0
1508094882,s1-eth2,12438.00,258894.00,271332.00,258894,12438,161.00,171.00,332.00,171,161,0.00,0.00,0,0
1508094882,s1-eth1,249810.00,12438.00,262248.00,12438,249810,165.00,161.00,326.00,161,165,0.00,0.00,0,0
1508094882,s2-eth2,6068.00,252838.00,258906.00,252838,6068,82.00,167.00,249.00,167,82,0.00,0.00,0,0
1508094882,s2-eth1,249810.00,6068.00,255878.00,6068,249810,165.00,82.00,247.00,82,165,0.00,0.00,0,0
1508094882,lo,0.00,0.00,0.00,0,0,0.00,0.00,0.00,0,0,0.00,0.00,0,0
1508094882,total,518126.00,530238.00,1048364.00,530238,518126,573.00,581.00,1154.00,581,573,0.00,0.00,0,0
1508094883,s1,0.00,0.00,0.00,0,0,0.00,0.00,0.00,0,0,0.00,0.00,0,0
1508094883,eth0,0.00,0.00,0.00,0,0,0.00,0.00,0.00,0,0,0.00,0.00,0,0
1508094883,eth1,0.00,0.00,0.00,0,0,0.00,0.00,0.00,0,0,0.00,0.00,0,0
1508094883,s2,0.00,0.00,0.00,0,0,0.00,0.00,0.00,0,0,0.00,0.00,0,0
1508094883,s1-eth2,12226.00,261922.00,274148.00,261922,12226,161.00,173.00,334.00,173,161,0.00,0.00,0,0
1508094883,s1-eth1,249810.00,12226.00,262036.00,12226,249810,165.00,161.00,326.00,161,165,0.00,0.00,0,0
1508094883,s2-eth2,6142.00,255866.00,262008.00,255866,6142,83.00,169.00,252.00,169,83,0.00,0.00,0,0
1508094883,s2-eth1,249810.00,6142.00,255952.00,6142,249810,165.00,83.00,248.00,83,165,0.00,0.00,0,0
1508094883,lo,0.00,0.00,0.00,0,0,0.00,0.00,0.00,0,0,0.00,0.00,0,0
1508094883,total,517988.00,536156.00,1054144.00,536156,517988,574.00,586.00,1160.00,586,574,0.00,0.00,0,0
1508094884,s1,0.00,0.00,0.00,0,0,0.00,0.00,0.00,0,0,0.00,0.00,0,0
1508094884,eth0,0.00,0.00,0.00,0,0,0.00,0.00,0.00,0,0,0.00,0.00,0,0
1508094884,eth1,0.00,0.00,0.00,0,0,0.00,0.00,0.00,0,0,0.00,0.00,0,0
1508094884,s2,0.00,0.00,0.00,0,0,0.00,0.00,0.00,0,0,0.00,0.00,0,0
1508094884,s1-eth2,12727.00,252880.00,265607.00,252880,12727,165.00,168.00,333.00,168,165,0.00,0.00,0,0
1508094884,s1-eth1,251366.00,12706.00,264072.00,12706,251366,167.00,165.00,332.00,165,167,0.00,0.00,0,0
1508094884,s2-eth2,6068.00,258894.00,264962.00,258894,6068,82.00,171.00,253.00,171,82,0.00,0.00,0,0
1508094884,s2-eth1,249810.00,6068.00,255878.00,6068,249810,165.00,82.00,247.00,82,165,0.00,0.00,0,0
1508094884,lo,344.00,344.00,688.00,344,344,6.00,6.00,12.00,6,6,0.00,0.00,0,0
1508094884,total,520315.00,530892.00,1051207.00,530892,520315,585.00,592.00,1177.00,592,585,0.00,0.00,0,0
1508094885,s1,0.00,0.00,0.00,0,0,0.00,0.00,0.00,0,0,0.00,0.00,0,0
1508094885,eth0,0.00,0.00,0.00,0,0,0.00,0.00,0.00,0,0,0.00,0.00,0,0
1508094885,eth1,0.00,0.00,0.00,0,0,0.00,0.00,0.00,0,0,0.00,0.00,0,0
1508094885,s2,0.00,0.00,0.00,0,0,0.00,0.00,0.00,0,0,0.00,0.00,0,0
1508094885,s1-eth2,12359.64,261660.34,274020.00,261922,12372,161.84,172.83,334.67,173,162,0.00,0.00,0,0
1508094885,s1-eth1,249667.34,12273.73,261941.06,12286,249917,165.83,160.84,326.67,161,166,0.00,0.00,0,0
1508094885,s2-eth2,6242.76,269222.78,275465.53,269492,6249,83.92,177.82,261.74,178,84,0.00,0.00,0,0
1508094885,s2-eth1,249560.45,6135.86,255696.31,6142,249810,164.84,82.92,247.75,83,165,0.00,0.00,0,0
1508094885,lo,0.00,0.00,0.00,0,0,0.00,0.00,0.00,0,0,0.00,0.00,0,0
1508094885,total,517830.19,549292.75,1067122.88,549842,518348,576.42,594.41,1170.83,595,577,0.00,0.00,0,0
1508094886,s1,0.00,0.00,0.00,0,0,0.00,0.00,0.00,0,0,0.00,0.00,0,0
1508094886,eth0,0.00,0.00,0.00,0,0,0.00,0.00,0.00,0,0,0.00,0.00,0,0
1508094886,eth1,0.00,0.00,0.00,0,0,0.00,0.00,0.00,0,0,0.00,0.00,0,0
1508094886,s2,0.00,0.00,0.00,0,0,0.00,0.00,0.00,0,0,0.00,0.00,0,0
1508094886,s1-eth2,12464.00,252838.00,265302.00,252838,12464,162.00,167.00,329.00,167,162,0.00,0.00,0,0
1508094886,s1-eth1,249810.00,12464.00,262274.00,12464,249810,165.00,162.00,327.00,162,165,0.00,0.00,0,0
1508094886,s2-eth2,7072.00,269492.00,276564.00,269492,7072,92.00,178.00,270.00,178,92,0.00,0.00,0,0
1508094886,s2-eth1,251431.00,7072.00,258503.00,7072,251431,167.00,92.00,259.00,92,167,0.00,0.00,0,0
1508094886,lo,0.00,0.00,0.00,0,0,0.00,0.00,0.00,0,0,0.00,0.00,0,0
1508094886,total,520777.00,541866.00,1062643.00,541866,520777,586.00,599.00,1185.00,599,586,0.00,0.00,0,0
1508094887,s1,0.00,0.00,0.00,0,0,0.00,0.00,0.00,0,0,0.00,0.00,0,0
1508094887,eth0,0.00,0.00,0.00,0,0,0.00,0.00,0.00,0,0,0.00,0.00,0,0
1508094887,eth1,0.00,0.00,0.00,0,0,0.00,0.00,0.00,0,0,0.00,0.00,0,0
1508094887,s2,0.00,0.00,0.00,0,0,0.00,0.00,0.00,0,0,0.00,0.00,0,0
1508094887,s1-eth2,9050.00,178652.00,187702.00,178652,9050,121.00,118.00,239.00,118,121,0.00,0.00,0,0
1508094887,s1-eth1,186222.00,9050.00,195272.00,9050,186222,123.00,121.00,244.00,121,123,0.00,0.00,0,0
1508094887,s2-eth2,15510.00,128226.00,143736.00,128226,15510,165.00,85.00,250.00,85,165,0.00,0.00,0,0
1508094887,s2-eth1,249810.00,15510.00,265320.00,15510,249810,165.00,165.00,330.00,165,165,0.00,0.00,0,0
1508094887,lo,0.00,0.00,0.00,0,0,0.00,0.00,0.00,0,0,0.00,0.00,0,0
1508094887,total,460592.00,331438.00,792030.00,331438,460592,574.00,489.00,1063.00,489,574,0.00,0.00,0,0
1508094888,s1,0.00,0.00,0.00,0,0,0.00,0.00,0.00,0,0,0.00,0.00,0,0
1508094888,eth0,0.00,0.00,0.00,0,0,0.00,0.00,0.00,0,0,0.00,0.00,0,0
1508094888,eth1,0.00,0.00,0.00,0,0,0.00,0.00,0.00,0,0,0.00,0.00,0,0
1508094888,s2,0.00,0.00,0.00,0,0,0.00,0.00,0.00,0,0,0.00,0.00,0,0
1508094888,s1-eth2,73.93,147.85,221.78,148,74,1.00,2.00,3.00,2,1,0.00,0.00,0,0
1508094888,s1-eth1,147.85,73.93,221.78,74,148,2.00,1.00,3.00,1,2,0.00,0.00,0,0
1508094888,s2-eth2,11118.88,1734.27,12853.15,1736,11130,118.88,4.00,122.88,4,119,0.00,0.00,0,0
1508094888,s2-eth1,175206.80,11118.88,186325.67,11130,175382,118.88,118.88,237.76,119,119,0.00,0.00,0,0
1508094888,lo,0.00,0.00,0.00,0,0,0.00,0.00,0.00,0,0,0.00,0.00,0,0
1508094888,total,186547.45,13074.93,199622.39,13088,186734,240.76,125.87,366.63,126,241,0.00,0.00,0,0
1508094889,s1,0.00,0.00,0.00,0,0,0.00,0.00,0.00,0,0,0.00,0.00,0,0
1508094889,eth0,0.00,0.00,0.00,0,0,0.00,0.00,0.00,0,0,0.00,0.00,0,0
1508094889,eth1,0.00,0.00,0.00,0,0,0.00,0.00,0.00,0,0,0.00,0.00,0,0
1508094889,s2,0.00,0.00,0.00,0,0,0.00,0.00,0.00,0,0,0.00,0.00,0,0
1508094889,s1-eth2,0.00,0.00,0.00,0,0,0.00,0.00,0.00,0,0,0.00,0.00,0,0
1508094889,s1-eth1,0.00,0.00,0.00,0,0,0.00,0.00,0.00,0,0,0.00,0.00,0,0
1508094889,s2-eth2,0.00,0.00,0.00,0,0,0.00,0.00,0.00,0,0,0.00,0.00,0,0
1508094889,s2-eth1,0.00,0.00,0.00,0,0,0.00,0.