1508086804,s1,0.00,0.00,0.00,0,0,0.00,0.00,0.00,0,0,0.00,0.00,0,0
1508086804,eth0,0.00,0.00,0.00,0,0,0.00,0.00,0.00,0,0,0.00,0.00,0,0
1508086804,eth1,0.00,0.00,0.00,0,0,0.00,0.00,0.00,0,0,0.00,0.00,0,0
1508086804,s2,0.00,0.00,0.00,0,0,0.00,0.00,0.00,0,0,0.00,0.00,0,0
1508086804,s1-eth2,0.00,0.00,0.00,0,0,0.00,0.00,0.00,0,0,0.00,0.00,0,0
1508086804,s1-eth1,0.00,0.00,0.00,0,0,0.00,0.00,0.00,0,0,0.00,0.00,0,0
1508086804,s2-eth2,0.00,0.00,0.00,0,0,0.00,0.00,0.00,0,0,0.00,0.00,0,0
1508086804,s2-eth1,0.00,0.00,0.00,0,0,0.00,0.00,0.00,0,0,0.00,0.00,0,0
1508086804,lo,0.00,0.00,0.00,0,0,0.00,0.00,0.00,0,0,0.00,0.00,0,0
1508086804,total,0.00,0.00,0.00,0,0,0.00,0.00,0.00,0,0,0.00,0.00,0,0
1508086805,s1,90.00,340.00,430.00,340,90,1.00,4.00,5.00,4,1,0.00,0.00,0,0
1508086805,eth0,608.00,980.00,1588.00,980,608,8.00,8.00,16.00,8,8,0.00,0.00,0,0
1508086805,eth1,0.00,0.00,0.00,0,0,0.00,0.00,0.00,0,0,0.00,0.00,0,0
1508086805,s2,250.00,250.00,500.00,250,250,3.00,3.00,6.00,3,3,0.00,0.00,0,0
1508086805,s1-eth2,10982.00,248546.00,259528.00,248546,10982,131.00,167.00,298.00,167,131,0.00,0.00,0,0
1508086805,s1-eth1,249138.00,9622.00,258760.00,9622,249138,177.00,123.00,300.00,123,177,0.00,0.00,0,0
1508086805,s2-eth2,1664.00,160.00,1824.00,160,1664,12.00,2.00,14.00,2,12,0.00,0.00,0,0
1508086805,s2-eth1,1754.00,90.00,1844.00,90,1754,13.00,1.00,14.00,1,13,0.00,0.00,0,0
1508086805,lo,4264.00,4264.00,8528.00,4264,4264,45.00,45.00,90.00,45,45,0.00,0.00,0,0
1508086805,total,268750.00,264252.00,533002.00,264252,268750,390.00,353.00,743.00,353,390,0.00,0.00,0,0
1508086806,s1,0.00,0.00,0.00,0,0,0.00,0.00,0.00,0,0,0.00,0.00,0,0
1508086806,eth0,151.85,244.76,396.60,245,152,2.00,2.00,4.00,2,2,0.00,0.00,0,0
1508086806,eth1,0.00,0.00,0.00,0,0,0.00,0.00,0.00,0,0,0.00,0.00,0,0
1508086806,s2,0.00,89.91,89.91,90,0,0.00,1.00,1.00,1,0,0.00,0.00,0,0
1508086806,s1-eth2,10959.04,255610.39,266569.44,255866,10970,129.87,168.83,298.70,169,130,0.00,0.00,0,0
1508086806,s1-eth1,250073.94,9488.51,259562.44,9498,250324,166.83,122.88,289.71,123,167,0.00,0.00,0,0
1508086806,s2-eth2,1074.93,89.91,1164.84,90,1076,5.00,1.00,5.99,1,5,0.00,0.00,0,0
1508086806,s2-eth1,1486.51,0.00,1486.51,0,1488,6.99,0.00,6.99,0,7,0.00,0.00,0,0
1508086806,lo,628.37,628.37,1256.74,629,629,6.99,6.99,13.99,7,7,0.00,0.00,0,0
1508086806,total,264374.62,266151.84,530526.50,266418,264639,317.68,302.70,620.38,303,318,0.00,0.00,0,0
1508086807,s1,0.00,0.00,0.00,0,0,0.00,0.00,0.00,0,0,0.00,0.00,0,0
1508086807,eth0,0.00,0.00,0.00,0,0,0.00,0.00,0.00,0,0,0.00,0.00,0,0
1508086807,eth1,0.00,0.00,0.00,0,0,0.00,0.00,0.00,0,0,0.00,0.00,0,0
1508086807,s2,0.00,0.00,0.00,0,0,0.00,0.00,0.00,0,0,0.00,0.00,0,0
1508086807,s1-eth2,9235.00,252838.00,262073.00,252838,9235,117.00,167.00,284.00,167,117,0.00,0.00,0,0
1508086807,s1-eth1,251431.00,8908.00,260339.00,8908,251431,167.00,116.00,283.00,116,167,0.00,0.00,0,0
1508086807,s2-eth2,669.00,0.00,669.00,0,669,2.00,0.00,2.00,0,2,0.00,0.00,0,0
1508086807,s2-eth1,327.00,0.00,327.00,0,327,1.00,0.00,1.00,0,1,0.00,0.00,0,0
1508086807,lo,0.00,0.00,0.00,0,0,0.00,0.00,0.00,0,0,0.00,0.00,0,0
1508086807,total,261662.00,261746.00,523408.00,261746,261662,287.00,283.00,570.00,283,287,0.00,0.00,0,0
1508086808,s1,70.00,70.00,140.00,70,70,1.00,1.00,2.00,1,1,0.00,0.00,0,0
1508086808,eth0,0.00,0.00,0.00,0,0,0.00,0.00,0.00,0,0,0.00,0.00,0,0
1508086808,eth1,0.00,0.00,0.00,0,0,0.00,0.00,0.00,0,0,0.00,0.00,0,0
1508086808,s2,0.00,70.00,70.00,70,0,0.00,1.00,1.00,1,0,0.00,0.00,0,0
1508086808,s1-eth2,10345.00,260408.00,270753.00,260408,10345,134.00,172.00,306.00,172,134,0.00,0.00,0,0
1508086808,s1-eth1,248703.00,10168.00,258871.00,10168,248703,167.00,132.00,299.00,132,167,0.00,0.00,0,0
1508086808,s2-eth2,177.00,0.00,177.00,0,177,2.00,0.00,2.00,0,2,0.00,0.00,0,0
1508086808,s2-eth1,107.00,70.00,177.00,70,107,1.00,1.00,2.00,1,1,0.00,0.00,0,0
1508086808,lo,804.00,804.00,1608.00,804,804,9.00,9.00,18.00,9,9,0.00,0.00,0,0
1508086808,total,260206.00,271590.00,531796.00,271590,260206,314.00,316.00,630.00,316,314,0.00,0.00,0,0
1508086809,s1,0.00,69.93,69.93,70,0,0.00,1.00,1.00,1,0,0.00,0.00,0,0
1508086809,eth0,0.00,0.00,0.00,0,0,0.00,0.00,0.00,0,0,0.00,0.00,0,0
1508086809,eth1,0.00,0.00,0.00,0,0,0.00,0.00,0.00,0,0,0.00,0.00,0,0
1508086809,s2,69.93,69.93,139.86,70,70,1.00,1.00,2.00,1,1,0.00,0.00,0,0
1508086809,s1-eth2,8469.53,254167.84,262637.38,254422,8478,105.89,168.83,274.73,169,106,0.00,0.00,0,0
1508086809,s1-eth1,251469.53,7806.19,259275.73,7814,251721,167.83,102.90,270.73,103,168,0.00,0.00,0,0
1508086809,s2-eth2,733.27,69.93,803.20,70,734,4.00,1.00,5.00,1,4,0.00,0.00,0,0
1508086809,s2-eth1,803.20,0.00,803.20,0,804,5.00,0.00,5.00,0,5,0.00,0.00,0,0
1508086809,lo,803.20,803.20,1606.39,804,804,8.99,8.99,17.98,9,9,0.00,0.00,0,0
1508086809,total,262348.66,262987.03,525335.69,263250,262611,292.71,283.72,576.42,284,293,0.00,0.00,0,0
1508086810,s1,0.00,0.00,0.00,0,0,0.00,0.00,0.00,0,0,0.00,0.00,0,0
1508086810,eth0,0.00,0.00,0.00,0,0,0.00,0.00,0.00,0,0,0.00,0.00,0,0
1508086810,eth1,0.00,0.00,0.00,0,0,0.00,0.00,0.00,0,0,0.00,0.00,0,0
1508086810,s2,0.00,0.00,0.00,0,0,0.00,0.00,0.00,0,0,0.00,0.00,0,0
1508086810,s1-eth2,8935.07,254097.91,263032.97,254352,8944,111.89,167.83,279.72,168,112,0.00,0.00,0,0
1508086810,s1-eth1,249560.45,8593.41,258153.86,8602,249810,164.84,110.89,275.72,111,165,0.00,0.00,0,0
1508086810,s2-eth2,0.00,0.00,0.00,0,0,0.00,0.00,0.00,0,0,0.00,0.00,0,0
1508086810,s2-eth1,0.00,0.00,0.00,0,0,0.00,0.00,0.00,0,0,0.00,0.00,0,0
1508086810,lo,0.00,0.00,0.00,0,0,0.00,0.00,0.00,0,0,0.00,0.00,0,0
1508086810,total,258495.52,262691.31,521186.81,262954,258754,276.72,278.72,555.44,279,277,0.00,0.00,0,0
1508086811,s1,0.00,0.00,0.00,0,0,0.00,0.00,0.00,0,0,0.00,0.00,0,0
1508086811,eth0,0.00,0.00,0.00,0,0,0.00,0.00,0.00,0,0,0.00,0.00,0,0
1508086811,eth1,0.00,0.00,0.00,0,0,0.00,0.00,0.00,0,0,0.00,0.00,0,0
1508086811,s2,0.00,0.00,0.00,0,0,0.00,0.00,0.00,0,0,0.00,0.00,0,0
1508086811,s1-eth2,10548.00,264950.00,275498.00,264950,10548,136.00,175.00,311.00,175,136,0.00,0.00,0,0
1508086811,s1-eth1,249917.00,10548.00,260465.00,10548,249917,166.00,136.00,302.00,136,166,0.00,0.00,0,0
1508086811,s2-eth2,0.00,0.00,0.00,0,0,0.00,0.00,0.00,0,0,0.00,0.00,0,0
1508086811,s2-eth1,0.00,0.00,0.00,0,0,0.00,0.00,0.00,0,0,0.00,0.00,0,0
1508086811,lo,0.00,0.00,0.00,0,0,0.00,0.00,0.00,0,0,0.00,0.00,0,0
1508086811,total,260465.00,275498.00,535963.00,275498,260465,302.00,311.00,613.00,311,302,0.00,0.00,0,0
1508086812,s1,69.93,69.93,139.86,70,70,1.00,1.00,2.00,1,1,0.00,0.00,0,0
1508086812,eth0,0.00,0.00,0.00,0,0,0.00,0.00,0.00,0,0,0.00,0.00,0,0
1508086812,eth1,0.00,0.00,0.00,0,0,0.00,0.00,0.00,0,0,0.00,0.00,0,0
1508086812,s2,0.00,70.00,70.00,70,0,0.00,1.00,1.00,1,0,0.00,0.00,0,0
1508086812,s1-eth2,8415.00,252838.00,261253.00,252838,8415,107.00,167.00,274.00,167,107,0.00,0.00,0,0
1508086812,s1-eth1,249950.00,7896.00,257846.00,7896,249950,167.00,104.00,271.00,104,167,0.00,0.00,0,0
1508086812,s2-eth2,519.00,0.00,519.00,0,519,3.00,0.00,3.00,0,3,0.00,0.00,0,0
1508086812,s2-eth1,107.00,70.00,177.00,70,107,1.00,1.00,2.00,1,1,0.00,0.00,0,0
1508086812,lo,804.00,804.00,1608.00,804,804,9.00,9.00,18.00,9,9,0.00,0.00,0,0
1508086812,total,259865.00,261748.00,521613.00,261748,259865,288.00,283.00,571.00,283,288,0.00,0.00,0,0
1508086813,s1,0.00,69.93,69.93,70,0,0.00,1.00,1.00,1,0,0.00,0.00,0,0
1508086813,eth0,0.00,0.00,0.00,0,0,0.00,0.00,0.00,0,0,0.00,0.00,0,0
1508086813,eth1,0.00,0.00,0.00,0,0,0.00,0.00,0.00,0,0,0.00,0.00,0,0
1508086813,s2,69.93,69.93,139.86,70,70,1.00,1.00,2.00,1,1,0.00,0.00,0,0
1508086813,s1-eth2,9914.09,255680.33,265594.41,255936,9924,127.87,169.83,297.70,170,128,0.00,0.00,0,0
1508086813,s1-eth1,251142.86,9918.08,261060.95,9928,251394,166.83,127.87,294.71,128,167,0.00,0.00,0,0
1508086813,s2-eth2,139.86,69.93,209.79,70,140,2.00,1.00,3.00,1,2,0.00,0.00,0,0
1508086813,s2-eth1,551.45,0.00,551.45,0,552,4.00,0.00,4.00,0,4,0.00,0.00,0,0
1508086813,lo,803.20,803.20,1606.39,804,804,8.99,8.99,17.98,9,9,0.00,0.00,0,0
1508086813,total,262621.38,266611.41,529232.81,266878,262884,310.69,309.69,620.38,310,311,0.00,0.00,0,0
1508086814,s1,0.00,0.00,0.00,0,0,0.00,0.00,0.00,0,0,0.00,0.00,0,0
1508086814,eth0,0.00,0.00,0.00,0,0,0.00,0.00,0.00,0,0,0.00,0.00,0,0
1508086814,eth1,0.00,0.00,0.00,0,0,0.00,0.00,0.00,0,0,0.00,0.00,0,0
1508086814,s2,0.00,0.00,0.00,0,0,0.00,0.00,0.00,0,0,0.00,0.00,0,0
1508086814,s1-eth2,9038.96,254097.91,263136.88,254352,9048,117.88,167.83,285.71,168,118,0.00,0.00,0,0
1508086814,s1-eth1,249560.45,8965.04,258525.48,8974,249810,164.84,116.88,281.72,117,165,0.00,0.00,0,0
1508086814,s2-eth2,0.00,0.00,0.00,0,0,0.00,0.00,0.00,0,0,0.00,0.00,0,0
1508086814,s2-eth1,0.00,0.00,0.00,0,0,0.00,0.00,0.00,0,0,0.00,0.00,0,0
1508086814,lo,0.00,0.00,0.00,0,0,0.00,0.00,0.00,0,0,0.00,0.00,0,0
1508086814,total,258599.41,263062.94,521662.34,263326,258858,282.72,284.72,567.43,285,283,0.00,0.00,0,0
1508086815,s1,0.00,0.00,0.00,0,0,0.00,0.00,0.00,0,0,0.00,0.00,0,0
1508086815,eth0,0.00,0.00,0.00,0,0,0.00,0.00,0.00,0,0,0.00,0.00,0,0
1508086815,eth1,0.00,0.00,0.00,0,0,0.00,0.00,0.00,0,0,0.00,0.00,0,0
1508086815,s2,0.00,0.00,0.00,0,0,0.00,0.00,0.00,0,0,0.00,0.00,0,0
1508086815,s1-eth2,7752.00,255866.00,263618.00,255866,7752,102.00,169.00,271.00,169,102,0.00,0.00,0,0
1508086815,s1-eth1,250152.00,7752.00,257904.00,7752,250152,166.00,102.00,268.00,102,166,0.00,0.00,0,0
1508086815,s2-eth2,0.00,0.00,0.00,0,0,0.00,0.00,0.00,0,0,0.00,0.00,0,0
1508086815,s2-eth1,0.00,0.00,0.00,0,0,0.00,0.00,0.00,0,0,0.00,0.00,0,0
1508086815,lo,0.00,0.00,0.00,0,0,0.00,0.00,0.00,0,0,0.00,0.00,0,0
1508086815,total,257904.00,263618.00,521522.00,263618,257904,268.00,271.00,539.00,271,268,0.00,0.00,0,0
1508086816,s1,0.00,0.00,0.00,0,0,0.00,0.00,0.00,0,0,0.00,0.00,0,0
1508086816,eth0,0.00,0.00,0.00,0,0,0.00,0.00,0.00,0,0,0.00,0.00,0,0
1508086816,eth1,0.00,0.00,0.00,0,0,0.00,0.00,0.00,0,0,0.00,0.00,0,0
1508086816,s2,0.00,0.00,0.00,0,0,0.00,0.00,0.00,0,0,0.00,0.00,0,0
1508086816,s1-eth2,10286.00,258894.00,269180.00,258894,10286,133.00,171.00,304.00,171,133,0.00,0.00,0,0
1508086816,s1-eth1,249810.00,10286.00,260096.00,10286,249810,165.00,133.00,298.00,133,165,0.00,0.00,0,0
1508086816,s2-eth2,0.00,0.00,0.00,0,0,0.00,0.00,0.00,0,0,0.00,0.00,0,0
1508086816,s2-eth1,0.00,0.00,0.00,0,0,0.00,0.00,0.00,0,0,0.00,0.00,0,0
1508086816,lo,0.00,0.00,0.00,0,0,0.00,0.00,0.00,0,0,0.00,0.00,0,0
1508086816,total,260096.00,269180.00,529276.00,269180,260096,298.00,304.00,602.00,304,298,0.00,0.00,0,0
1508086817,s1,0.00,0.00,0.00,0,0,0.00,0.00,0.00,0,0,0.00,0.00,0,0
1508086817,eth0,0.00,0.00,0.00,0,0,0.00,0.00,0.00,0,0,0.00,0.00,0,0
1508086817,eth1,0.00,0.00,0.00,0,0,0.00,0.00,0.00,0,0,0.00,0.00,0,0
1508086817,s2,0.00,0.00,0.00,0,0,0.00,0.00,0.00,0,0,0.00,0.00,0,0
1508086817,s1-eth2,8810.00,254352.00,263162.00,254352,8810,115.00,168.00,283.00,168,115,0.00,0.00,0,0
1508086817,s1-eth1,249810.00,8810.00,258620.00,8810,249810,165.00,115.00,280.00,115,165,0.00,0.00,0,0
1508086817,s2-eth2,0.00,0.00,0.00,0,0,0.00,0.00,0.00,0,0,0.00,0.00,0,0
1508086817,s2-eth1,0.00,0.00,0.00,0,0,0.00,0.00,0.00,0,0,0.00,0.00,0,0
1508086817,lo,0.00,0.00,0.00,0,0,0.00,0.00,0.00,0,0,0.00,0.00,0,0
1508086817,total,258620.00,263162.00,521782.00,263162,258620,280.00,283.00,563.00,283,280,0.00,0.00,0,0
1508086818,s1,0.00,0.00,0.00,0,0,0.00,0.00,0.00,0,0,0.00,0.00,0,0
1508086818,eth0,0.00,0.00,0.00,0,0,0.00,0.00,0.00,0,0,0.00,0.00,0,0
1508086818,eth1,0.00,0.00,0.00,0,0,0.00,0.00,0.00,0,0,0.00,0.00,0,0
1508086818,s2,0.00,0.00,0.00,0,0,0.00,0.00,0.00,0,0,0.00,0.00,0,0
1508086818,s1-eth2,10359.64,260147.86,270507.50,260408,10370,132.87,171.83,304.70,172,133,0.00,0.00,0,0
1508086818,s1-eth1,249560.45,10433.57,259994.02,10444,249810,164.84,133.87,298.70,134,165,0.00,0.00,0,0
1508086818,s2-eth2,0.00,0.00,0.00,0,0,0.00,0.00,0.00,0,0,0.00,0.00,0,0
1508086818,s2-eth1,0.00,0.00,0.00,0,0,0.00,0.00,0.00,0,0,0.00,0.00,0,0
1508086818,lo,343.66,343.66,687.31,344,344,5.99,5.99,11.99,6,6,0.00,0.00,0,0
1508086818,total,260263.75,270925.09,531188.81,271196,260524,303.70,311.69,615.38,312,304,0.00,0.00,0,0
1508086819,s1,0.00,0.00,0.00,0,0,0.00,0.00,0.00,0,0,0.00,0.00,0,0
1508086819,eth0,0.00,0.00,0.00,0,0,0.00,0.00,0.00,0,0,0.00,0.00,0,0
1508086819,eth1,0.00,0.00,0.00,0,0,0.00,0.00,0.00,0,0,0.00,0.00,0,0
1508086819,s2,0.00,0.00,0.00,0,0,0.00,0.00,0.00,0,0,0.00,0.00,0,0
1508086819,s1-eth2,8581.42,261660.34,270241.75,261922,8590,108.89,172.83,281.72,173,109,0.00,0.00,0,0
1508086819,s1-eth1,248154.86,8165.83,256320.69,8174,248403,164.84,106.89,271.73,107,165,0.00,0.00,0,0
1508086819,s2-eth2,0.00,0.00,0.00,0,0,0.00,0.00,0.00,0,0,0.00,0.00,0,0
1508086819,s2-eth1,341.66,0.00,341.66,0,342,1.00,0.00,1.00,0,1,0.00,0.00,0,0
1508086819,lo,0.00,0.00,0.00,0,0,0.00,0.00,0.00,0,0,0.00,0.00,0,0
1508086819,total,257077.92,269826.19,526904.12,270096,257335,274.73,279.72,554.45,280,275,0.00,0.00,0,0
1508086820,s1,0.00,0.00,0.00,0,0,0.00,0.00,0.00,0,0,0.00,0.00,0,0
1508086820,eth0,0.00,0.00,0.00,0,0,0.00,0.00,0.00,0,0,0.00,0.00,0,0
1508086820,eth1,0.00,0.00,0.00,0,0,0.00,0.00,0.00,0,0,0.00,0.00,0,0
1508086820,s2,0.00,0.00,0.00,0,0,0.00,0.00,0.00,0,0,0.00,0.00,0,0
1508086820,s1-eth2,8502.50,252585.42,261087.92,252838,8511,110.89,166.83,277.72,167,111,0.00,0.00,0,0
1508086820,s1-eth1,249560.45,8395.60,257956.05,8404,249810,164.84,109.89,274.73,110,165,0.00,0.00,0,0
1508086820,s2-eth2,106.89,0.00,106.89,0,107,1.00,0.00,1.00,0,1,0.00,0.00,0,0
1508086820,s2-eth1,106.89,0.00,106.89,0,107,1.00,0.00,1.00,0,1,0.00,0.00,0,0
1508086820,lo,0.00,0.00,0.00,0,0,0.00,0.00,0.00,0,0,0.00,0.00,0,0
1508086820,total,258276.73,260981.03,519257.75,261242,258535,277.72,276.72,554.45,277,278,0.00,0.00,0,0
1508086821,s1,0.00,0.00,0.00,0,0,0.00,0.00,0.00,0,0,0.00,0.00,0,0
1508086821,eth0,0.00,0.00,0.00,0,0,0.00,0.00,0.00,0,0,0.00,0.00,0,0
1508086821,eth1,0.00,0.00,0.00,0,0,0.00,0.00,0.00,0,0,0.00,0.00,0,0
1508086821,s2,0.00,0.00,0.00,0,0,0.00,0.00,0.00,0,0,0.00,0.00,0,0
1508086821,s1-eth2,8906.00,254352.00,263258.00,254352,8906,115.00,168.00,283.00,168,115,0.00,0.00,0,0
1508086821,s1-eth1,251324.00,8906.00,260230.00,8906,251324,166.00,115.00,281.00,115,166,0.00,0.00,0,0
1508086821,s2-eth2,0.00,0.00,0.00,0,0,0.00,0.00,0.00,0,0,0.00,0.00,0,0
1508086821,s2-eth1,0.00,0.00,0.00,0,0,0.00,0.00,0.00,0,0,0.00,0.00,0,0
1508086821,lo,0.00,0.00,0.00,0,0,0.00,0.00,0.00,0,0,0.00,0.00,0,0
1508086821,total,260230.00,263258.00,523488.00,263258,260230,281.00,283.00,564.00,283,281,0.00,0.00,0,0
1508086822,s1,0.00,0.00,0.00,0,0,0.00,0.00,0.00,0,0,0.00,0.00,0,0
1508086822,eth0,0.00,0.00,0.00,0,0,0.00,0.00,0.00,0,0,0.00,0.00,0,0
1508086822,eth1,0.00,0.00,0.00,0,0,0.00,0.00,0.00,0,0,0.00,0.00,0,0
1508086822,s2,0.00,0.00,0.00,0,0,0.00,0.00,0.00,0,0,0.00,0.00,0,0
1508086822,s1-eth2,8404.00,254352.00,262756.00,254352,8404,110.00,168.00,278.00,168,110,0.00,0.00,0,0
1508086822,s1-eth1,249810.00,8404.00,258214.00,8404,249810,165.00,110.00,275.00,110,165,0.00,0.00,0,0
1508086822,s2-eth2,0.00,0.00,0.00,0,0,0.00,0.00,0.00,0,0,0.00,0.00,0,0
1508086822,s2-eth1,0.00,0.00,0.00,0,0,0.00,0.00,0.00,0,0,0.00,0.00,0,0
1508086822,lo,0.00,0.00,0.00,0,0,0.00,0.00,0.00,0,0,0.00,0.00,0,0
1508086822,total,258214.00,262756.00,520970.00,262756,258214,275.00,278.00,553.00,278,275,0.00,0.00,0,0
1508086823,s1,0.00,0.00,0.00,0,0,0.00,0.00,0.00,0,0,0.00,0.00,0,0
1508086823,eth0,0.00,0.00,0.00,0,0,0.00,0.00,0.00,0,0,0.00,0.00,0,0
1508086823,eth1,0.00,0.00,0.00,0,0,0.00,0.00,0.00,0,0,0.00,0.00,0,0
1508086823,s2,0.00,0.00,0.00,0,0,0.00,0.00,0.00,0,0,0.00,0.00,0,0
1508086823,s1-eth2,9756.00,257380.00,267136.00,257380,9756,126.00,170.00,296.00,170,126,0.00,0.00,0,0
1508086823,s1-eth1,250152.00,9756.00,259908.00,9756,250152,166.00,126.00,292.00,126,166,0.00,0.00,0,0
1508086823,s2-eth2,342.00,0.00,342.00,0,342,1.00,0.00,1.00,0,1,0.00,0.00,0,0
1508086823,s2-eth1,0.00,0.00,0.00,0,0,0.00,0.00,0.00,0,0,0.00,0.00,0,0
1508086823,lo,344.00,344.00,688.00,344,344,6.00,6.00,12.00,6,6,0.00,0.00,0,0
1508086823,total,260594.00,267480.00,528074.00,267480,260594,299.00,302.00,601.00,302,299,0.00,0.00,0,0
1508086824,s1,0.00,0.00,0.00,0,0,0.00,0.00,0.00,0,0,0.00,0.00,0,0
1508086824,eth0,0.00,0.00,0.00,0,0,0.00,0.00,0.00,0,0,0.00,0.00,0,0
1508086824,eth1,0.00,0.00,0.00,0,0,0.00,0.00,0.00,0,0,0.00,0.00,0,0
1508086824,s2,0.00,0.00,0.00,0,0,0.00,0.00,0.00,0,0,0.00,0.00,0,0
1508086824,s1-eth2,7722.00,196820.00,204542.00,196820,7722,99.00,130.00,229.00,130,99,0.00,0.00,0,0
1508086824,s1-eth1,189250.00,7722.00,196972.00,7722,189250,125.00,99.00,224.00,99,125,0.00,0.00,0,0
1508086824,s2-eth2,0.00,0.00,0.00,0,0,0.00,0.00,0.00,0,0,0.00,0.00,0,0
1508086824,s2-eth1,0.00,0.00,0.00,0,0,0.00,0.00,0.00,0,0,0.00,0.00,0,0
1508086824,lo,0.00,0.00,0.00,0,0,0.00,0.00,0.00,0,0,0.00,0.00,0,0
1508086824,total,196972.00,204542.00,401514.00,204542,196972,224.00,229.00,453.00,229,224,0.00,0.00,0,0
1508086825,s1,0.00,0.00,0.00,0,0,0.00,0.00,0.00,0,0,0.00,0.00,0,0
1508086825,eth0,0.00,0.00,0.00,0,0,0.00,0.00,0.00,0,0,0.00,0.00,0,0
1508086825,eth1,0.00,0.00,0.00,0,0,0.00,0.00,0.00,0,0,0.00,0.00,0,0
1508086825,s2,0.00,0.00,0.00,0,0,0.00,0.00,0.00,0,0,0.00,0.00,0,0
1508086825,s1-eth2,10025.97,264685.31,274711.28,264950,10036,129.87,174.83,304.70,175,130,0.00,0.00,0,0
1508086825,s1-eth1,249560.45,10025.97,259586.42,10036,249810,164.84,129.87,294.71,130,165,0.00,0.00,0,0
1508086825,s2-eth2,0.00,0.00,0.00,0,0,0.00,0.00,0.00,0,0,0.00,0.00,0,0
1508086825,s2-eth1,0.00,0.00,0.00,0,0,0.00,0.00,0.00,0,0,0.00,0.00,0,0
1508086825,lo,0.00,0.00,0.00,0,0,0.00,0.00,0.00,0,0,0.00,0.00,0,0
1508086825,total,259586.42,274711.28,534297.69,274986,259846,294.71,304.70,599.40,305,295,0.00,0.00,0,0
1508086826,s1,0.00,0.00,0.00,0,0,0.00,0.00,0.00,0,0,0.00,0.00,0,0
1508086826,eth0,0.00,0.00,0.00,0,0,0.00,0.00,0.00,0,0,0.00,0.00,0,0
1508086826,eth1,0.00,0.00,0.00,0,0,0.00,0.00,0.00,0,0,0.00,0.00,0,0
1508086826,s2,0.00,0.00,0.00,0,0,0.00,0.00,0.00,0,0,0.00,0.00,0,0
1508086826,s1-eth2,8956.00,254352.00,263308.00,254352,8956,116.00,168.00,284.00,168,116,0.00,0.00,0,0
1508086826,s1-eth1,251324.00,9030.00,260354.00,9030,251324,166.00,117.00,283.00,117,166,0.00,0.00,0,0
1508086826,s2-eth2,0.00,0.00,0.00,0,0,0.00,0.00,0.00,0,0,0.00,0.00,0,0
1508086826,s2-eth1,0.00,0.00,0.00,0,0,0.00,0.00,0.00,0,0,0.00,0.00,0,0
1508086826,lo,0.00,0.00,0.00,0,0,0.00,0.00,0.00,0,0,0.00,0.00,0,0
1508086826,total,260280.00,263382.00,523662.00,263382,260280,282.00,285.00,567.00,285,282,0.00,0.00,0,0
1508086827,s1,0.00,0.00,0.00,0,0,0.00,0.00,0.00,0,0,0.00,0.00,0,0
1508086827,eth0,0.00,0.00,0.00,0,0,0.00,0.00,0.00,0,0,0.00,0.00,0,0
1508086827,eth1,0.00,0.00,0.00,0,0,0.00,0.00,0.00,0,0,0.00,0.00,0,0
1508086827,s2,0.00,0.00,0.00,0,0,0.00,0.00,0.00,0,0,0.00,0.00,0,0
1508086827,s1-eth2,10282.00,261922.00,272204.00,261922,10282,131.00,173.00,304.00,173,131,0.00,0.00,0,0
1508086827,s1-eth1,249810.00,10208.00,260018.00,10208,249810,165.00,130.00,295.00,130,165,0.00,0.00,0,0
1508086827,s2-eth2,0.00,0.00,0.00,0,0,0.00,0.00,0.00,0,0,0.00,0.00,0,0
1508086827,s2-eth1,0.00,0.00,0.00,0,0,0.00,0.00,0.00,0,0,0.00,0.00,0,0
1508086827,lo,0.00,0.00,0.00,0,0,0.00,0.00,0.00,0,0,0.00,0.00,0,0
1508086827,total,260092.00,272130.00,532222.00,272130,260092,296.00,303.00,599.00,303,296,0.00,0.00,0,0
1508086828,s1,0.00,0.00,0.00,0,0,0.00,0.00,0.00,0,0,0.00,0.00,0,0
1508086828,eth0,0.00,0.00,0.00,0,0,0.00,0.00,0.00,0,0,0.00,0.00,0,0
1508086828,eth1,0.00,0.00,0.00,0,0,0.00,0.00,0.00,0,0,0.00,0.00,0,0
1508086828,s2,0.00,0.00,0.00,0,0,0.00,0.00,0.00,0,0,0.00,0.00,0,0
1508086828,s1-eth2,9874.00,255866.00,265740.00,255866,9874,127.00,169.00,296.00,169,127,0.00,0.00,0,0
1508086828,s1-eth1,249810.00,9874.00,259684.00,9874,249810,165.00,127.00,292.00,127,165,0.00,0.00,0,0
1508086828,s2-eth2,0.00,0.00,0.00,0,0,0.00,0.00,0.00,0,0,0.00,0.00,0,0
1508086828,s2-eth1,0.00,0.00,0.00,0,0,0.00,0.00,0.00,0,0,0.00,0.00,0,0
1508086828,lo,344.00,344.00,688.00,344,344,6.00,6.00,12.00,6,6,0.00,0.00,0,0
1508086828,total,260028.00,266084.00,526112.00,266084,260028,298.00,302.00,600.00,302,298,0.00,0.00,0,0
1508086829,s1,0.00,0.00,0.00,0,0,0.00,0.00,0.00,0,0,0.00,0.00,0,0
1508086829,eth0,0.00,0.00,0.00,0,0,0.00,0.00,0.00,0,0,0.00,0.00,0,0
1508086829,eth1,0.00,0.00,0.00,0,0,0.00,0.00,0.00,0,0,0.00,0.00,0,0
1508086829,s2,0.00,0.00,0.00,0,0,0.00,0.00,0.00,0,0,0.00,0.00,0,0
1508086829,s1-eth2,9284.00,269492.00,278776.00,269492,9284,120.00,178.00,298.00,178,120,0.00,0.00,0,0
1508086829,s1-eth1,249810.00,9284.00,259094.00,9284,249810,165.00,120.00,285.00,120,165,0.00,0.00,0,0
1508086829,s2-eth2,0.00,0.00,0.00,0,0,0.00,0.00,0.00,0,0,0.00,0.00,0,0
1508086829,s2-eth1,0.00,0.00,0.00,0,0,0.00,0.00,0.00,0,0,0.00,0.00,0,0
1508086829,lo,0.00,0.00,0.00,0,0,0.00,0.00,0.00,0,0,0.00,0.00,0,0
1508086829,total,259094.00,278776.00,537870.00,278776,259094,285.00,298.00,583.00,298,285,0.00,0.00,0,0
1508086830,s1,0.00,0.00,0.00,0,0,0.00,0.00,0.00,0,0,0.00,0.00,0,0
1508086830,eth0,0.00,0.00,0.00,0,0,0.00,0.00,0.00,0,0,0.00,0.00,0,0
1508086830,eth1,0.00,0.00,0.00,0,0,0.00,0.00,0.00,0,0,0.00,0.00,0,0
1508086830,s2,0.00,0.00,0.00,0,0,0.00,0.00,0.00,0,0,0.00,0.00,0,0
1508086830,s1-eth2,9452.00,255866.00,265318.00,255866,9452,122.00,169.00,291.00,169,122,0.00,0.00,0,0
1508086830,s1-eth1,249810.00,9452.00,259262.00,9452,249810,165.00,122.00,287.00,122,165,0.00,0.00,0,0
1508086830,s2-eth2,342.00,0.00,342.00,0,342,1.00,0.00,1.00,0,1,0.00,0.00,0,0
1508086830,s2-eth1,0.00,0.00,0.00,0,0,0.00,0.00,0.00,0,0,0.00,0.00,0,0
1508086830,lo,0.00,0.00,0.00,0,0,0.00,0.00,0.00,0,0,0.00,0.00,0,0
1508086830,total,259604.00,265318.00,524922.00,265318,259604,288.00,291.00,579.00,291,288,0.00,0.00,0,0
1508086831,s1,0.00,0.00,0.00,0,0,0.00,0.00,0.00,0,0,0.00,0.00,0,0
1508086831,eth0,0.00,0.00,0.00,0,0,0.00,0.00,0.00,0,0,0.00,0.00,0,0
1508086831,eth1,0.00,0.00,0.00,0,0,0.00,0.00,0.00,0,0,0.00,0.00,0,0
1508086831,s2,0.00,0.00,0.00,0,0,0.00,0.00,0.00,0,0,0.00,0.00,0,0
1508086831,s1-eth2,9404.00,258894.00,268298.00,258894,9404,122.00,171.00,293.00,171,122,0.00,0.00,0,0
1508086831,s1-eth1,249810.00,9404.00,259214.00,9404,249810,165.00,122.00,287.00,122,165,0.00,0.00,0,0
1508086831,s2-eth2,0.00,0.00,0.00,0,0,0.00,0.00,0.00,0,0,0.00,0.00,0,0
1508086831,s2-eth1,0.00,0.00,0.00,0,0,0.00,0.00,0.00,0,0,0.00,0.00,0,0
1508086831,lo,0.00,0.00,0.00,0,0,0.00,0.00,0.00,0,0,0.00,0.00,0,0
1508086831,total,259214.00,268298.00,527512.00,268298,259214,287.00,293.00,580.00,293,287,0.00,0.00,0,0
1508086832,s1,0.00,0.00,0.00,0,0,0.00,0.00,0.00,0,0,0.00,0.00,0,0
1508086832,eth0,0.00,0.00,0.00,0,0,0.00,0.00,0.00,0,0,0.00,0.00,0,0
1508086832,eth1,0.00,0.00,0.00,0,0,0.00,0.00,0.00,0,0,0.00,0.00,0,0
1508086832,s2,0.00,0.00,0.00,0,0,0.00,0.00,0.00,0,0,0.00,0.00,0,0
1508086832,s1-eth2,8576.00,251324.00,259900.00,251324,8576,112.00,166.00,278.00,166,112,0.00,0.00,0,0
1508086832,s1-eth1,250152.00,8650.00,258802.00,8650,250152,166.00,113.00,279.00,113,166,0.00,0.00,0,0
1508086832,s2-eth2,0.00,0.00,0.00,0,0,0.00,0.00,0.00,0,0,0.00,0.00,0,0
1508086832,s2-eth1,0.00,0.00,0.00,0,0,0.00,0.00,0.00,0,0,0.00,0.00,0,0
1508086832,lo,0.00,0.00,0.00,0,0,0.00,0.00,0.00,0,0,0.00,0.00,0,0
1508086832,total,258728.00,259974.00,518702.00,259974,258728,278.00,279.00,557.00,279,278,0.00,0.00,0,0
1508086833,s1,0.00,0.00,0.00,0,0,0.00,0.00,0.00,0,0,0.00,0.00,0,0
1508086833,eth0,0.00,0.00,0.00,0,0,0.00,0.00,0.00,0,0,0.00,0.00,0,0
1508086833,eth1,0.00,0.00,0.00,0,0,0.00,0.00,0.00,0,0,0.00,0.00,0,0
1508086833,s2,0.00,0.00,0.00,0,0,0.00,0.00,0.00,0,0,0.00,0.00,0,0
1508086833,s1-eth2,9782.22,261660.34,271442.56,261922,9792,125.87,172.83,298.70,173,126,0.00,0.00,0,0
1508086833,s1-eth1,249560.45,9708.29,259268.73,9718,249810,164.84,124.88,289.71,125,165,0.00,0.00,0,0
1508086833,s2-eth2,0.00,0.00,0.00,0,0,0.00,0.00,0.00,0,0,0.00,0.00,0,0
1508086833,s2-eth1,0.00,0.00,0.00,0,0,0.00,0.00,0.00,0,0,0.00,0.00,0,0
1508086833,lo,343.66,343.66,687.31,344,344,5.99,5.99,11.99,6,6,0.00,0.00,0,0
1508086833,total,259686.33,271712.28,531398.62,271984,259946,296.70,303.70,600.40,304,297,0.00,0.00,0,0
1508086834,s1,0.00,0.00,0.00,0,0,0.00,0.00,0.00,0,0,0.00,0.00,0,0
1508086834,eth0,0.00,0.00,0.00,0,0,0.00,0.00,0.00,0,0,0.00,0.00,0,0
1508086834,eth1,0.00,0.00,0.00,0,0,0.00,0.00,0.00,0,0,0.00,0.00,0,0
1508086834,s2,0.00,0.00,0.00,0,0,0.00,0.00,0.00,0,0,0.00,0.00,0,0
1508086834,s1-eth2,9998.00,255866.00,265864.00,255866,9998,129.00,169.00,298.00,169,129,0.00,0.00,0,0
1508086834,s1-eth1,243754.00,9998.00,253752.00,9998,243754,161.00,129.00,290.00,129,161,0.00,0.00,0,0
1508086834,s2-eth2,0.00,0.00,0.00,0,0,0.00,0.00,0.00,0,0,0.00,0.00,0,0
1508086834,s2-eth1,0.00,0.00,0.00,0,0,0.00,0.00,0.00,0,0,0.00,0.00,0,0
1508086834,lo,0.00,0.00,0.00,0,0,0.00,0.00,0.00,0,0,0.00,0.00,0,0
1508086834,total,253752.00,265864.00,519616.00,265864,253752,290.00,298.00,588.00,298,290,0.00,0.00,0,0
1508086835,s1,0.00,0.00,0.00,0,0,0.00,0.00,0.00,0,0,0.00,0.00,0,0
1508086835,eth0,0.00,0.00,0.00,0,0,0.00,0.00,0.00,0,0,0.00,0.00,0,0
1508086835,eth1,0.00,0.00,0.00,0,0,0.00,0.00,0.00,0,0,0.00,0.00,0,0
1508086835,s2,0.00,0.00,0.00,0,0,0.00,0.00,0.00,0,0,0.00,0.00,0,0
1508086835,s1-eth2,6188.00,255866.00,262054.00,255866,6188,80.00,169.00,249.00,169,80,0.00,0.00,0,0
1508086835,s1-eth1,249917.00,5846.00,255763.00,5846,249917,166.00,79.00,245.00,79,166,0.00,0.00,0,0
1508086835,s2-eth2,0.00,0.00,0.00,0,0,0.00,0.00,0.00,0,0,0.00,0.00,0,0
1508086835,s2-eth1,342.00,0.00,342.00,0,342,1.00,0.00,1.00,0,1,0.00,0.00,0,0
1508086835,lo,0.00,0.00,0.00,0,0,0.00,0.00,0.00,0,0,0.00,0.00,0,0
1508086835,total,256447.00,261712.00,518159.00,261712,256447,247.00,248.00,495.00,248,247,0.00,0.00,0,0
1508086836,s1,0.00,0.00,0.00,0,0,0.00,0.00,0.00,0,0,0.00,0.00,0,0
1508086836,eth0,0.00,0.00,0.00,0,0,0.00,0.00,0.00,0,0,0.00,0.00,0,0
1508086836,eth1,0.00,0.00,0.00,0,0,0.00,0.00,0.00,0,0,0.00,0.00,0,0
1508086836,s2,0.00,0.00,0.00,0,0,0.00,0.00,0.00,0,0,0.00,0.00,0,0
1508086836,s1-eth2,8289.00,254352.00,262641.00,254352,8289,108.00,168.00,276.00,168,108,0.00,0.00,0,0
1508086836,s1-eth1,249810.00,8182.00,257992.00,8182,249810,165.00,107.00,272.00,107,165,0.00,0.00,0,0
1508086836,s2-eth2,107.00,0.00,107.00,0,107,1.00,0.00,1.00,0,1,0.00,0.00,0,0
1508086836,s2-eth1,107.00,0.00,107.00,0,107,1.00,0.00,1.00,0,1,0.00,0.00,0,0
1508086836,lo,0.00,0.00,0.00,0,0,0.00,0.00,0.00,0,0,0.00,0.00,0,0
1508086836,total,258313.00,262534.00,520847.00,262534,258313,275.00,275.00,550.00,275,275,0.00,0.00,0,0
1508086837,s1,0.00,0.00,0.00,0,0,0.00,0.00,0.00,0,0,0.00,0.00,0,0
1508086837,eth0,0.00,0.00,0.00,0,0,0.00,0.00,0.00,0,0,0.00,0.00,0,0
1508086837,eth1,0.00,0.00,0.00,0,0,0.00,0.00,0.00,0,0,0.00,0.00,0,0
1508086837,s2,0.00,0.00,0.00,0,0,0.00,0.00,0.00,0,0,0.00,0.00,0,0
1508086837,s1-eth2,9408.00,252838.00,262246.00,252838,9408,120.00,167.00,287.00,167,120,0.00,0.00,0,0
1508086837,s1-eth1,249810.00,9408.00,259218.00,9408,249810,165.00,120.00,285.00,120,165,0.00,0.00,0,0
1508086837,s2-eth2,0.00,0.00,0.00,0,0,0.00,0.00,0.00,0,0,0.00,0.00,0,0
1508086837,s2-eth1,0.00,0.00,0.00,0,0,0.00,0.00,0.00,0,0,0.00,0.00,0,0
1508086837,lo,0.00,0.00,0.00,0,0,0.00,0.00,0.00,0,0,0.00,0.00,0,0
1508086837,total,259218.00,262246.00,521464.00,262246,259218,285.00,287.00,572.00,287,285,0.00,0.00,0,0
1508086838,s1,0.00,0.00,0.00,0,0,0.00,0.00,0.00,0,0,0.00,0.00,0,0
1508086838,eth0,0.00,0.00,0.00,0,0,0.00,0.00,0.00,0,0,0.00,0.00,0,0
1508086838,eth1,0.00,0.00,0.00,0,0,0.00,0.00,0.00,0,0,0.00,0.00,0,0
1508086838,s2,0.00,0.00,0.00,0,0,0.00,0.00,0.00,0,0,0.00,0.00,0,0
1508086838,s1-eth2,10150.00,255866.00,266016.00,255866,10150,131.00,169.00,300.00,169,131,0.00,0.00,0,0
1508086838,s1-eth1,249810.00,10150.00,259960.00,10150,249810,165.00,131.00,296.00,131,165,0.00,0.00,0,0
1508086838,s2-eth2,0.00,0.00,0.00,0,0,0.00,0.00,0.00,0,0,0.00,0.00,0,0
1508086838,s2-eth1,0.00,0.00,0.00,0,0,0.00,0.00,0.00,0,0,0.00,0.00,0,0
1508086838,lo,344.00,344.00,688.00,344,344,6.00,6.00,12.00,6,6,0.00,0.00,0,0
1508086838,total,260304.00,266360.00,526664.00,266360,260304,302.00,306.00,608.00,306,302,0.00,0.00,0,0
1508086839,s1,0.00,0.00,0.00,0,0,0.00,0.00,0.00,0,0,0.00,0.00,0,0
1508086839,eth0,0.00,0.00,0.00,0,0,0.00,0.00,0.00,0,0,0.00,0.00,0,0
1508086839,eth1,0.00,0.00,0.00,0,0,0.00,0.00,0.00,0,0,0.00,0.00,0,0
1508086839,s2,0.00,0.00,0.00,0,0,0.00,0.00,0.00,0,0,0.00,0.00,0,0
1508086839,s1-eth2,9642.00,263436.00,273078.00,263436,9642,125.00,174.00,299.00,174,125,0.00,0.00,0,0
1508086839,s1-eth1,249810.00,9642.00,259452.00,9642,249810,165.00,125.00,290.00,125,165,0.00,0.00,0,0
1508086839,s2-eth2,0.00,0.00,0.00,0,0,0.00,0.00,0.00,0,0,0.00,0.00,0,0
1508086839,s2-eth1,0.00,0.00,0.00,0,0,0.00,0.00,0.00,0,0,0.00,0.00,0,0
1508086839,lo,0.00,0.00,0.00,0,0,0.00,0.00,0.00,0,0,0.00,0.00,0,0
1508086839,total,259452.00,273078.00,532530.00,273078,259452,290.00,299.00,589.00,299,290,0.00,0.00,0,0
1508086840,s1,0.00,0.00,0.00,0,0,0.00,0.00,0.00,0,0,0.00,0.00,0,0
1508086840,eth0,0.00,0.00,0.00,0,0,0.00,0.00,0.00,0,0,0.00,0.00,0,0
1508086840,eth1,0.00,0.00,0.00,0,0,0.00,0.00,0.00,0,0,0.00,0.00,0,0
1508086840,s2,0.00,0.00,0.00,0,0,0.00,0.00,0.00,0,0,0.00,0.00,0,0
1508086840,s1-eth2,8729.27,258635.38,267364.66,258894,8738,112.89,170.83,283.72,171,113,0.00,0.00,0,0
1508086840,s1-eth1,249560.45,8729.27,258289.72,8738,249810,164.84,112.89,277.72,113,165,0.00,0.00,0,0
1508086840,s2-eth2,0.00,0.00,0.00,0,0,0.00,0.00,0.00,0,0,0.00,0.00,0,0
1508086840,s2-eth1,0.00,0.00,0.00,0,0,0.00,0.00,0.00,0,0,0.00,0.00,0,0
1508086840,lo,0.00,0.00,0.00,0,0,0.00,0.00,0.00,0,0,0.00,0.00,0,0
1508086840,total,258289.72,267364.66,525654.38,267632,258548,277.72,283.72,561.44,284,278,0.00,0.00,0,0
1508086841,s1,0.00,0.00,0.00,0,0,0.00,0.00,0.00,0,0,0.00,0.00,0,0
1508086841,eth0,0.00,0.00,0.00,0,0,0.00,0.00,0.00,0,0,0.00,0.00,0,0
1508086841,eth1,0.00,0.00,0.00,0,0,0.00,0.00,0.00,0,0,0.00,0.00,0,0
1508086841,s2,0.00,0.00,0.00,0,0,0.00,0.00,0.00,0,0,0.00,0.00,0,0
1508086841,s1-eth2,9486.00,255866.00,265352.00,255866,9486,123.00,169.00,292.00,169,123,0.00,0.00,0,0
1508086841,s1-eth1,248296.00,9486.00,257782.00,9486,248296,164.00,123.00,287.00,123,164,0.00,0.00,0,0
1508086841,s2-eth2,0.00,0.00,0.00,0,0,0.00,0.00,0.00,0,0,0.00,0.00,0,0
1508086841,s2-eth1,0.00,0.00,0.00,0,0,0.00,0.00,0.00,0,0,0.00,0.00,0,0
1508086841,lo,0.00,0.00,0.00,0,0,0.00,0.00,0.00,0,0,0.00,0.00,0,0
1508086841,total,257782.00,265352.00,523134.00,265352,257782,287.00,292.00,579.00,292,287,0.00,0.00,0,0
1508086842,s1,0.00,0.00,0.00,0,0,0.00,0.00,0.00,0,0,0.00,0.00,0,0
1508086842,eth0,0.00,0.00,0.00,0,0,0.00,0.00,0.00,0,0,0.00,0.00,0,0
1508086842,eth1,0.00,0.00,0.00,0,0,0.00,0.00,0.00,0,0,0.00,0.00,0,0
1508086842,s2,0.00,0.00,0.00,0,0,0.00,0.00,0.00,0,0,0.00,0.00,0,0
1508086842,s1-eth2,9206.00,258894.00,268100.00,258894,9206,119.00,171.00,290.00,171,119,0.00,0.00,0,0
1508086842,s1-eth1,249810.00,9206.00,259016.00,9206,249810,165.00,119.00,284.00,119,165,0.00,0.00,0,0
1508086842,s2-eth2,342.00,0.00,342.00,0,342,1.00,0.00,1.00,0,1,0.00,0.00,0,0
1508086842,s2-eth1,0.00,0.00,0.00,0,0,0.00,0.00,0.00,0,0,0.00,0.00,0,0
1508086842,lo,0.00,0.00,0.00,0,0,0.00,0.00,0.00,0,0,0.00,0.00,0,0
1508086842,total,259358.00,268100.00,527458.00,268100,259358,285.00,290.00,575.00,290,285,0.00,0.00,0,0
1508086843,s1,0.00,0.00,0.00,0,0,0.00,0.00,0.00,0,0,0.00,0.00,0,0
1508086843,eth0,0.00,0.00,0.00,0,0,0.00,0.00,0.00,0,0,0.00,0.00,0,0
1508086843,eth1,0.00,0.00,0.00,0,0,0.00,0.00,0.00,0,0,0.00,0.00,0,0
1508086843,s2,0.00,0.00,0.00,0,0,0.00,0.00,0.00,0,0,0.00,0.00,0,0
1508086843,s1-eth2,9710.29,258635.38,268345.66,258894,9720,125.87,170.83,296.70,171,126,0.00,0.00,0,0
1508086843,s1-eth1,249560.45,9710.29,259270.73,9720,249810,164.84,125.87,290.71,126,165,0.00,0.00,0,0
1508086843,s2-eth2,0.00,0.00,0.00,0,0,0.00,0.00,0.00,0,0,0.00,0.00,0,0
1508086843,s2-eth1,0.00,0.00,0.00,0,0,0.00,0.00,0.00,0,0,0.00,0.00,0,0
1508086843,lo,343.66,343.66,687.31,344,344,5.99,5.99,11.99,6,6,0.00,0.00,0,0
1508086843,total,259614.39,268689.31,528303.69,268958,259874,296.70,302.70,599.40,303,297,0.00,0.00,0,0
1508086844,s1,0.00,0.00,0.00,0,0,0.00,0.00,0.00,0,0,0.00,0.00,0,0
1508086844,eth0,0.00,0.00,0.00,0,0,0.00,0.00,0.00,0,0,0.00,0.00,0,0
1508086844,eth1,0.00,0.00,0.00,0,0,0.00,0.00,0.00,0,0,0.00,0.00,0,0
1508086844,s2,0.00,0.00,0.00,0,0,0.00,0.00,0.00,0,0,0.00,0.00,0,0
1508086844,s1-eth2,11786.00,263436.00,275222.00,263436,11786,149.00,174.00,323.00,174,149,0.00,0.00,0,0
1508086844,s1-eth1,250152.00,11786.00,261938.00,11786,250152,166.00,149.00,315.00,149,166,0.00,0.00,0,0
1508086844,s2-eth2,0.00,0.00,0.00,0,0,0.00,0.00,0.00,0,0,0.00,0.00,0,0
1508086844,s2-eth1,0.00,0.00,0.00,0,0,0.00,0.00,0.00,0,0,0.00,0.00,0,0
1508086844,lo,0.00,0.00,0.00,0,0,0.00,0.00,0.00,0,0,0.00,0.00,0,0
1508086844,total,261938.00,275222.00,537160.00,275222,261938,315.00,323.00,638.00,323,315,0.00,0.00,0,0
1508086845,s1,0.00,0.00,0.00,0,0,0.00,0.00,0.00,0,0,0.00,0.00,0,0
1508086845,eth0,0.00,0.00,0.00,0,0,0.00,0.00,0.00,0,0,0.00,0.00,0,0
1508086845,eth1,0.00,0.00,0.00,0,0,0.00,0.00,0.00,0,0,0.00,0.00,0,0
1508086845,s2,0.00,0.00,0.00,0,0,0.00,0.00,0.00,0,0,0.00,0.00,0,0
1508086845,s1-eth2,9490.51,258635.38,268125.88,258894,9500,123.88,170.83,294.71,171,124,0.00,0.00,0,0
1508086845,s1-eth1,246535.47,9490.51,256025.98,9500,246782,162.84,123.88,286.71,124,163,0.00,0.00,0,0
1508086845,s2-eth2,0.00,0.00,0.00,0,0,0.00,0.00,0.00,0,0,0.00,0.00,0,0
1508086845,s2-eth1,0.00,0.00,0.00,0,0,0.00,0.00,0.00,0,0,0.00,0.00,0,0
1508086845,lo,0.00,0.00,0.00,0,0,0.00,0.00,0.00,0,0,0.00,0.00,0,0
1508086845,total,256025.98,268125.88,524151.88,268394,256282,286.71,294.71,581.42,295,287,0.00,0.00,0,0
1508086846,s1,0.00,0.00,0.00,0,0,0.00,0.00,0.00,0,0,0.00,0.00,0,0
1508086846,eth0,0.00,0.00,0.00,0,0,0.00,0.00,0.00,0,0,0.00,0.00,0,0
1508086846,eth1,0.00,0.00,0.00,0,0,0.00,0.00,0.00,0,0,0.00,0.00,0,0
1508086846,s2,0.00,0.00,0.00,0,0,0.00,0.00,0.00,0,0,0.00,0.00,0,0
1508086846,s1-eth2,8917.08,199648.36,208565.44,199848,8926,110.89,131.87,242.76,132,111,0.00,0.00,0,0
1508086846,s1-eth1,193598.41,8575.42,202173.83,8584,193792,127.87,109.89,237.76,110,128,0.00,0.00,0,0
1508086846,s2-eth2,0.00,0.00,0.00,0,0,0.00,0.00,0.00,0,0,0.00,0.00,0,0
1508086846,s2-eth1,0.00,0.00,0.00,0,0,0.00,0.00,0.00,0,0,0.00,0.00,0,0
1508086846,lo,0.00,0.00,0.00,0,0,0.00,0.00,0.00,0,0,0.00,0.00,0,0
1508086846,total,202515.48,208223.78,410739.28,208432,202718,238.76,241.76,480.52,242,239,0.00,0.00,0,0
1508086847,s1,0.00,0.00,0.00,0,0,0.00,0.00,0.00,0,0,0.00,0.00,0,0
1508086847,eth0,0.00,0.00,0.00,0,0,0.00,0.00,0.00,0,0,0.00,0.00,0,0
1508086847,eth1,0.00,0.00,0.00,0,0,0.00,0.00,0.00,0,0,0.00,0.00,0,0
1508086847,s2,0.00,0.00,0.00,0,0,0.00,0.00,0.00,0,0,0.00,0.00,0,0
1508086847,s1-eth2,9344.00,258894.00,268238.00,258894,9344,122.00,171.00,293.00,171,122,0.00,0.00,0,0
1508086847,s1-eth1,249810.00,9344.00,259154.00,9344,249810,165.00,122.00,287.00,122,165,0.00,0.00,0,0
1508086847,s2-eth2,0.00,0.00,0.00,0,0,0.00,0.00,0.00,0,0,0.00,0.00,0,0
1508086847,s2-eth1,0.00,0.00,0.00,0,0,0.00,0.00,0.00,0,0,0.00,0.00,0,0
1508086847,lo,0.00,0.00,0.00,0,0,0.00,0.00,0.00,0,0,0.00,0.00,0,0
1508086847,total,259154.00,268238.00,527392.00,268238,259154,287.00,293.00,580.00,293,287,0.00,0.00,0,0
1508086848,s1,0.00,0.00,0.00,0,0,0.00,0.00,0.00,0,0,0.00,0.00,0,0
1508086848,eth0,0.00,0.00,0.00,0,0,0.00,0.00,0.00,0,0,0.00,0.00,0,0
1508086848,eth1,0.00,0.00,0.00,0,0,0.00,0.00,0.00,0,0,0.00,0.00,0,0
1508086848,s2,0.00,0.00,0.00,0,0,0.00,0.00,0.00,0,0,0.00,0.00,0,0
1508086848,s1-eth2,9838.00,264950.00,274788.00,264950,9838,127.00,175.00,302.00,175,127,0.00,0.00,0,0
1508086848,s1-eth1,249810.00,9838.00,259648.00,9838,249810,165.00,127.00,292.00,127,165,0.00,0.00,0,0
1508086848,s2-eth2,0.00,0.00,0.00,0,0,0.00,0.00,0.00,0,0,0.00,0.00,0,0
1508086848,s2-eth1,0.00,0.00,0.00,0,0,0.00,0.00,0.00,0,0,0.00,0.00,0,0
1508086848,lo,344.00,344.00,688.00,344,344,6.00,6.00,12.00,6,6,0.00,0.00,0,0
1508086848,total,259992.00,275132.00,535124.00,275132,259992,298.00,308.00,606.00,308,298,0.00,0.00,0,0
1508086849,s1,0.00,0.00,0.00,0,0,0.00,0.00,0.00,0,0,0.00,0.00,0,0
1508086849,eth0,0.00,0.00,0.00,0,0,0.00,0.00,0.00,0,0,0.00,0.00,0,0
1508086849,eth1,0.00,0.00,0.00,0,0,0.00,0.00,0.00,0,0,0.00,0.00,0,0
1508086849,s2,0.00,0.00,0.00,0,0,0.00,0.00,0.00,0,0,0.00,0.00,0,0
1508086849,s1-eth2,9488.00,257380.00,266868.00,257380,9488,122.00,170.00,292.00,170,122,0.00,0.00,0,0
1508086849,s1-eth1,249810.00,9488.00,259298.00,9488,249810,165.00,122.00,287.00,122,165,0.00,0.00,0,0
1508086849,s2-eth2,0.00,0.00,0.00,0,0,0.00,0.00,0.00,0,0,0.00,0.00,0,0
1508086849,s2-eth1,0.00,0.00,0.00,0,0,0.00,0.00,0.00,0,0,0.00,0.00,0,0
1508086849,lo,0.00,0.00,0.00,0,0,0.00,0.00,0.00,0,0,0.00,0.00,0,0
1508086849,total,259298.00,266868.00,526166.00,266868,259298,287.00,292.00,579.00,292,287,0.00,0.00,0,0
1508086850,s1,0.00,0.00,0.00,0,0,0.00,0.00,0.00,0,0,0.00,0.00,0,0
1508086850,eth0,0.00,0.00,0.00,0,0,0.00,0.00,0.00,0,0,0.00,0.00,0,0
1508086850,eth1,0.00,0.00,0.00,0,0,0.00,0.00,0.00,0,0,0.00,0.00,0,0
1508086850,s2,0.00,0.00,0.00,0,0,0.00,0.00,0.00,0,0,0.00,0.00,0,0
1508086850,s1-eth2,7288.71,261660.34,268949.06,261922,7296,95.90,172.83,268.73,173,96,0.00,0.00,0,0
1508086850,s1-eth1,251072.94,7362.64,258435.58,7370,251324,165.83,96.90,262.74,97,166,0.00,0.00,0,0
1508086850,s2-eth2,0.00,0.00,0.00,0,0,0.00,0.00,0.00,0,0,0.00,0.00,0,0
1508086850,s2-eth1,0.00,0.00,0.00,0,0,0.00,0.00,0.00,0,0,0.00,0.00,0,0
1508086850,lo,0.00,0.00,0.00,0,0,0.00,0.00,0.00,0,0,0.00,0.00,0,0
1508086850,total,258361.64,269022.97,527384.62,269292,258620,261.74,269.73,531.47,270,262,0.00,0.00,0,0
1508086851,s1,0.00,0.00,0.00,0,0,0.00,0.00,0.00,0,0,0.00,0.00,0,0
1508086851,eth0,303.70,489.51,793.21,490,304,4.00,4.00,7.99,4,4,0.00,0.00,0,0
1508086851,eth1,0.00,0.00,0.00,0,0,0.00,0.00,0.00,0,0,0.00,0.00,0,0
1508086851,s2,0.00,0.00,0.00,0,0,0.00,0.00,0.00,0,0,0.00,0.00,0,0
1508086851,s1-eth2,8919.08,255610.39,264529.47,255866,8928,113.89,168.83,282.72,169,114,0.00,0.00,0,0
1508086851,s1-eth1,247174.83,8845.16,256019.98,8854,247422,166.83,112.89,279.72,113,167,0.00,0.00,0,0
1508086851,s2-eth2,0.00,0.00,0.00,0,0,0.00,0.00,0.00,0,0,0.00,0.00,0,0
1508086851,s2-eth1,639.36,0.00,639.36,0,640,4.00,0.00,4.00,0,4,0.00,0.00,0,0
1508086851,lo,681.32,681.32,1362.64,682,682,7.99,7.99,15.98,8,8,0.00,0.00,0,0
1508086851,total,257718.28,265626.38,523344.66,265892,257976,296.70,293.71,590.41,294,297,0.00,0.00,0,0
1508086852,s1,0.00,0.00,0.00,0,0,0.00,0.00,0.00,0,0,0.00,0.00,0,0
1508086852,eth0,608.00,980.00,1588.00,980,608,8.00,8.00,16.00,8,8,0.00,0.00,0,0
1508086852,eth1,0.00,0.00,0.00,0,0,0.00,0.00,0.00,0,0,0.00,0.00,0,0
1508086852,s2,0.00,0.00,0.00,0,0,0.00,0.00,0.00,0,0,0.00,0.00,0,0
1508086852,s1-eth2,10532.00,251324.00,261856.00,251324,10532,132.00,166.00,298.00,166,132,0.00,0.00,0,0
1508086852,s1-eth1,246267.00,9892.00,256159.00,9892,246267,169.00,128.00,297.00,128,169,0.00,0.00,0,0
1508086852,s2-eth2,640.00,0.00,640.00,0,640,4.00,0.00,4.00,0,4,0.00,0.00,0,0
1508086852,s2-eth1,1234.00,0.00,1234.00,0,1234,7.00,0.00,7.00,0,7,0.00,0.00,0,0
1508086852,lo,1364.00,1364.00,2728.00,1364,1364,16.00,16.00,32.00,16,16,0.00,0.00,0,0
1508086852,total,260645.00,263560.00,524205.00,263560,260645,336.00,318.00,654.00,318,336,0.00,0.00,0,0
1508086853,s1,0.00,0.00,0.00,0,0,0.00,0.00,0.00,0,0,0.00,0.00,0,0
1508086853,eth0,456.00,735.00,1191.00,735,456,6.00,6.00,12.00,6,6,0.00,0.00,0,0
1508086853,eth1,0.00,0.00,0.00,0,0,0.00,0.00,0.00,0,0,0.00,0.00,0,0
1508086853,s2,0.00,0.00,0.00,0,0,0.00,0.00,0.00,0,0,0.00,0.00,0,0
1508086853,s1-eth2,11511.00,260408.00,271919.00,260408,11511,143.00,172.00,315.00,172,143,0.00,0.00,0,0
1508086853,s1-eth1,248183.00,10422.00,258605.00,10422,248183,169.00,135.00,304.00,135,169,0.00,0.00,0,0
1508086853,s2-eth2,889.00,0.00,889.00,0,889,6.00,0.00,6.00,0,6,0.00,0.00,0,0
1508086853,s2-eth1,1166.00,0.00,1166.00,0,1166,6.00,0.00,6.00,0,6,0.00,0.00,0,0
1508086853,lo,1367.00,1367.00,2734.00,1367,1367,18.00,18.00,36.00,18,18,0.00,0.00,0,0
1508086853,total,263572.00,272932.00,536504.00,272932,263572,348.00,331.00,679.00,331,348,0.00,0.00,0,0
1508086854,s1,0.00,0.00,0.00,0,0,0.00,0.00,0.00,0,0,0.00,0.00,0,0
1508086854,eth0,152.00,245.00,397.00,245,152,2.00,2.00,4.00,2,2,0.00,0.00,0,0
1508086854,eth1,0.00,0.00,0.00,0,0,0.00,0.00,0.00,0,0,0.00,0.00,0,0
1508086854,s2,0.00,0.00,0.00,0,0,0.00,0.00,0.00,0,0,0.00,0.00,0,0
1508086854,s1-eth2,10820.00,252880.00,263700.00,252880,10820,128.00,168.00,296.00,168,128,0.00,0.00,0,0
1508086854,s1-eth1,248665.00,9696.00,258361.00,9696,248665,166.00,124.00,290.00,124,166,0.00,0.00,0,0
1508086854,s2-eth2,1324.00,0.00,1324.00,0,1324,6.00,0.00,6.00,0,6,0.00,0.00,0,0
1508086854,s2-eth1,669.00,0.00,669.00,0,669,2.00,0.00,2.00,0,2,0.00,0.00,0,0
1508086854,lo,637.00,637.00,1274.00,637,637,7.00,7.00,14.00,7,7,0.00,0.00,0,0
1508086854,total,262267.00,263458.00,525725.00,263458,262267,311.00,301.00,612.00,301,311,0.00,0.00,0,0
1508086855,s1,0.00,0.00,0.00,0,0,0.00,0.00,0.00,0,0,0.00,0.00,0,0
1508086855,eth0,0.00,0.00,0.00,0,0,0.00,0.00,0.00,0,0,0.00,0.00,0,0
1508086855,eth1,0.00,0.00,0.00,0,0,0.00,0.00,0.00,0,0,0.00,0.00,0,0
1508086855,s2,0.00,0.00,0.00,0,0,0.00,0.00,0.00,0,0,0.00,0.00,0,0
1508086855,s1-eth2,8298.00,180166.00,188464.00,180166,8298,102.00,119.00,221.00,119,102,0.00,0.00,0,0
1508086855,s1-eth1,165475.00,7784.00,173259.00,7784,165475,111.00,100.00,211.00,100,111,0.00,0.00,0,0
1508086855,s2-eth2,856.00,0.00,856.00,0,856,3.00,0.00,3.00,0,3,0.00,0.00,0,0
1508086855,s2-eth1,374.00,0.00,374.00,0,374,2.00,0.00,2.00,0,2,0.00,0.00,0,0
1508086855,lo,0.00,0.00,0.00,0,0,0.00,0.00,0.00,0,0,0.00,0.00,0,0
1508086855,total,175003.00,187950.00,362953.00,187950,175003,218.00,219.00,437.00,219,218,0.00,0.00,0,0
1508086856,s1,0.00,0.00,0.00,0,0,0.00,0.00,0.00,0,0,0.00,0.00,0,0
1508086856,eth0,60.00,60.00,120.00,60,60,1.00,1.00,2.00,1,1,0.00,0.00,0,0
1508086856,eth1,0.00,0.00,0.00,0,0,0.00,0.00,0.00,0,0,0.00,0.00,0,0
1508086856,s2,0.00,0.00,0.00,0,0,0.00,0.00,0.00,0,0,0.00,0.00,0,0
1508086856,s1-eth2,7189.00,218016.00,225205.00,218016,7189,90.00,144.00,234.00,144,90,0.00,0.00,0,0
1508086856,s1-eth1,208082.00,6740.00,214822.00,6740,208082,140.00,88.00,228.00,88,140,0.00,0.00,0,0
1508086856,s2-eth2,107.00,0.00,107.00,0,107,1.00,0.00,1.00,0,1,0.00,0.00,0,0
1508086856,s2-eth1,397.00,0.00,397.00,0,397,2.00,0.00,2.00,0,2,0.00,0.00,0,0
1508086856,lo,0.00,0.00,0.00,0,0,0.00,0.00,0.00,0,0,0.00,0.00,0,0
1508086856,total,215835.00,224816.00,440651.00,224816,215835,234.00,233.00,467.00,233,234,0.00,0.00,0,0
1508086857,s1,0.00,0.00,0.00,0,0,0.00,0.00,0.00,0,0,0.00,0.00,0,0
1508086857,eth0,0.00,0.00,0.00,0,0,0.00,0.00,0.00,0,0,0.00,0.00,0,0
1508086857,eth1,0.00,0.00,0.00,0,0,0.00,0.00,0.00,0,0,0.00,0.00,0,0
1508086857,s2,0.00,0.00,0.00,0,0,0.00,0.00,0.00,0,0,0.00,0.00,0,0
1508086857,s1-eth2,10790.00,258894.00,269684.00,258894,10790,134.00,171.00,305.00,171,134,0.00,0.00,0,0
1508086857,s1-eth1,249810.00,10126.00,259936.00,10126,249810,165.00,131.00,296.00,131,165,0.00,0.00,0,0
1508086857,s2-eth2,664.00,0.00,664.00,0,664,3.00,0.00,3.00,0,3,0.00,0.00,0,0
1508086857,s2-eth1,0.00,0.00,0.00,0,0,0.00,0.00,0.00,0,0,0.00,0.00,0,0
1508086857,lo,0.00,0.00,0.00,0,0,0.00,0.00,0.00,0,0,0.00,0.00,0,0
1508086857,total,261264.00,269020.00,530284.00,269020,261264,302.00,302.00,604.00,302,302,0.00,0.00,0,0
1508086858,s1,0.00,0.00,0.00,0,0,0.00,0.00,0.00,0,0,0.00,0.00,0,0
1508086858,eth0,0.00,0.00,0.00,0,0,0.00,0.00,0.00,0,0,0.00,0.00,0,0
1508086858,eth1,0.00,0.00,0.00,0,0,0.00,0.00,0.00,0,0,0.00,0.00,0,0
1508086858,s2,0.00,0.00,0.00,0,0,0.00,0.00,0.00,0,0,0.00,0.00,0,0
1508086858,s1-eth2,8253.75,249560.45,257814.19,249810,8262,106.89,164.84,271.73,165,107,0.00,0.00,0,0
1508086858,s1-eth1,249902.11,8253.75,258155.84,8262,250152,165.83,106.89,272.73,107,166,0.00,0.00,0,0
1508086858,s2-eth2,0.00,0.00,0.00,0,0,0.00,0.00,0.00,0,0,0.00,0.00,0,0
1508086858,s2-eth1,0.00,0.00,0.00,0,0,0.00,0.00,0.00,0,0,0.00,0.00,0,0
1508086858,lo,171.83,171.83,343.66,172,172,3.00,3.00,5.99,3,3,0.00,0.00,0,0
1508086858,total,258327.67,257986.02,516313.69,258244,258586,275.72,274.73,550.45,275,276,0.00,0.00,0,0
1508086859,s1,0.00,0.00,0.00,0,0,0.00,0.00,0.00,0,0,0.00,0.00,0,0
1508086859,eth0,0.00,0.00,0.00,0,0,0.00,0.00,0.00,0,0,0.00,0.00,0,0
1508086859,eth1,0.00,0.00,0.00,0,0,0.00,0.00,0.00,0,0,0.00,0.00,0,0
1508086859,s2,0.00,0.00,0.00,0,0,0.00,0.00,0.00,0,0,0.00,0.00,0,0
1508086859,s1-eth2,9450.00,261922.00,271372.00,261922,9450,123.00,173.00,296.00,173,123,0.00,0.00,0,0
1508086859,s1-eth1,249917.00,9450.00,259367.00,9450,249917,166.00,123.00,289.00,123,166,0.00,0.00,0,0
1508086859,s2-eth2,0.00,0.00,0.00,0,0,0.00,0.00,0.00,0,0,0.00,0.00,0,0
1508086859,s2-eth1,449.00,0.00,449.00,0,449,2.00,0.00,2.00,0,2,0.00,0.00,0,0
1508086859,lo,172.00,172.00,344.00,172,172,3.00,3.00,6.00,3,3,0.00,0.00,0,0
1508086859,total,259988.00,271544.00,531532.00,271544,259988,294.00,299.00,593.00,299,294,0.00,0.00,0,0
1508086860,s1,0.00,0.00,0.00,0,0,0.00,0.00,0.00,0,0,0.00,0.00,0,0
1508086860,eth0,0.00,0.00,0.00,0,0,0.00,0.00,0.00,0,0,0.00,0.00,0,0
1508086860,eth1,0.00,0.00,0.00,0,0,0.00,0.00,0.00,0,0,0.00,0.00,0,0
1508086860,s2,0.00,0.00,0.00,0,0,0.00,0.00,0.00,0,0,0.00,0.00,0,0
1508086860,s1-eth2,9055.94,255610.39,264666.34,255866,9065,113.89,168.83,282.72,169,114,0.00,0.00,0,0
1508086860,s1-eth1,249630.38,8607.39,258237.77,8616,249880,165.83,111.89,277.72,112,166,0.00,0.00,0,0
1508086860,s2-eth2,106.89,0.00,106.89,0,107,1.00,0.00,1.00,0,1,0.00,0.00,0,0
1508086860,s2-eth1,69.93,0.00,69.93,0,70,1.00,0.00,1.00,0,1,0.00,0.00,0,0
1508086860,lo,0.00,0.00,0.00,0,0,0.00,0.00,0.00,0,0,0.00,0.00,0,0
1508086860,total,258863.14,264217.78,523080.94,264482,259122,281.72,280.72,562.44,281,282,0.00,0.00,0,0
1508086861,s1,0.00,0.00,0.00,0,0,0.00,0.00,0.00,0,0,0.00,0.00,0,0
1508086861,eth0,0.00,0.00,0.00,0,0,0.00,0.00,0.00,0,0,0.00,0.00,0,0
1508086861,eth1,0.00,0.00,0.00,0,0,0.00,0.00,0.00,0,0,0.00,0.00,0,0
1508086861,s2,0.00,0.00,0.00,0,0,0.00,0.00,0.00,0,0,0.00,0.00,0,0
1508086861,s1-eth2,9212.00,257380.00,266592.00,257380,9212,120.00,170.00,290.00,170,120,0.00,0.00,0,0
1508086861,s1-eth1,250152.00,9142.00,259294.00,9142,250152,166.00,119.00,285.00,119,166,0.00,0.00,0,0
1508086861,s2-eth2,412.00,0.00,412.00,0,412,2.00,0.00,2.00,0,2,0.00,0.00,0,0
1508086861,s2-eth1,0.00,0.00,0.00,0,0,0.00,0.00,0.00,0,0,0.00,0.00,0,0
1508086861,lo,0.00,0.00,0.00,0,0,0.00,0.00,0.00,0,0,0.00,0.00,0,0
1508086861,total,259776.00,266522.00,526298.00,266522,259776,288.00,289.00,577.00,289,288,0.00,0.00,0,0
1508086862,s1,0.00,0.00,0.00,0,0,0.00,0.00,0.00,0,0,0.00,0.00,0,0
1508086862,eth0,0.00,0.00,0.00,0,0,0.00,0.00,0.00,0,0,0.00,0.00,0,0
1508086862,eth1,0.00,0.00,0.00,0,0,0.00,0.00,0.00,0,0,0.00,0.00,0,0
1508086862,s2,0.00,0.00,0.00,0,0,0.00,0.00,0.00,0,0,0.00,0.00,0,0
1508086862,s1-eth2,9584.42,258635.38,268219.78,258894,9594,122.88,170.83,293.71,171,123,0.00,0.00,0,0
1508086862,s1-eth1,251072.94,9584.42,260657.34,9594,251324,165.83,122.88,288.71,123,166,0.00,0.00,0,0
1508086862,s2-eth2,0.00,0.00,0.00,0,0,0.00,0.00,0.00,0,0,0.00,0.00,0,0
1508086862,s2-eth1,0.00,0.00,0.00,0,0,0.00,0.00,0.00,0,0,0.00,0.00,0,0
1508086862,lo,0.00,0.00,0.00,0,0,0.00,0.00,0.00,0,0,0.00,0.00,0,0
1508086862,total,260657.34,268219.78,528877.12,268488,260918,288.71,293.71,582.42,294,289,0.00,0.00,0,0
1508086863,s1,0.00,0.00,0.00,0,0,0.00,0.00,0.00,0,0,0.00,0.00,0,0
1508086863,eth0,0.00,0.00,0.00,0,0,0.00,0.00,0.00,0,0,0.00,0.00,0,0
1508086863,eth1,0.00,0.00,0.00,0,0,0.00,0.00,0.00,0,0,0.00,0.00,0,0
1508086863,s2,0.00,0.00,0.00,0,0,0.00,0.00,0.00,0,0,0.00,0.00,0,0
1508086863,s1-eth2,8182.00,255866.00,264048.00,255866,8182,107.00,169.00,276.00,169,107,0.00,0.00,0,0
1508086863,s1-eth1,249810.00,8182.00,257992.00,8182,249810,165.00,107.00,272.00,107,165,0.00,0.00,0,0
1508086863,s2-eth2,0.00,0.00,0.00,0,0,0.00,0.00,0.00,0,0,0.00,0.00,0,0
1508086863,s2-eth1,0.00,0.00,0.00,0,0,0.00,0.00,0.00,0,0,0.00,0.00,0,0
1508086863,lo,172.00,172.00,344.00,172,172,3.00,3.00,6.00,3,3,0.00,0.00,0,0
1508086863,total,258164.00,264220.00,522384.00,264220,258164,275.00,279.00,554.00,279,275,0.00,0.00,0,0
1508086864,s1,0.00,0.00,0.00,0,0,0.00,0.00,0.00,0,0,0.00,0.00,0,0
1508086864,eth0,0.00,0.00,0.00,0,0,0.00,0.00,0.00,0,0,0.00,0.00,0,0
1508086864,eth1,0.00,0.00,0.00,0,0,0.00,0.00,0.00,0,0,0.00,0.00,0,0
1508086864,s2,0.00,0.00,0.00,0,0,0.00,0.00,0.00,0,0,0.00,0.00,0,0
1508086864,s1-eth2,11298.70,264685.31,275984.03,264950,11310,144.86,174.83,319.68,175,145,0.00,0.00,0,0
1508086864,s1-eth1,249560.45,11298.70,260859.14,11310,249810,164.84,144.86,309.69,145,165,0.00,0.00,0,0
1508086864,s2-eth2,0.00,0.00,0.00,0,0,0.00,0.00,0.00,0,0,0.00,0.00,0,0
1508086864,s2-eth1,0.00,0.00,0.00,0,0,0.00,0.00,0.00,0,0,0.00,0.00,0,0
1508086864,lo,171.83,171.83,343.66,172,172,3.00,3.00,5.99,3,3,0.00,0.00,0,0
1508086864,total,261030.97,276155.84,537186.81,276432,261292,312.69,322.68,635.36,323,313,0.00,0.00,0,0
1508086865,s1,0.00,0.00,0.00,0,0,0.00,0.00,0.00,0,0,0.00,0.00,0,0
1508086865,eth0,0.00,0.00,0.00,0,0,0.00,0.00,0.00,0,0,0.00,0.00,0,0
1508086865,eth1,0.00,0.00,0.00,0,0,0.00,0.00,0.00,0,0,0.00,0.00,0,0
1508086865,s2,0.00,0.00,0.00,0,0,0.00,0.00,0.00,0,0,0.00,0.00,0,0
1508086865,s1-eth2,2596.00,59366.00,61962.00,59366,2596,30.00,43.00,73.00,43,30,0.00,0.00,0,0
1508086865,s1-eth1,65422.00,2254.00,67676.00,2254,65422,47.00,29.00,76.00,29,47,0.00,0.00,0,0
1508086865,s2-eth2,0.00,0.00,0.00,0,0,0.00,0.00,0.00,0,0,0.00,0.00,0,0
1508086865,s2-eth1,342.00,0.00,342.00,0,342,1.00,0.00,1.00,0,1,0.00,0.00,0,0
1508086865,lo,0.00,0.00,0.00,0,0,0.00,0.00,0.00,0,0,0.00,0.00,0,0
1508086865,total,68360.00,61620.00,129980.00,61620,68360,78.00,72.00,150.00,72,78,0.00,0.00,0,0
1508086866,s1,0.00,0.00,0.00,0,0,0.00,0.00,0.00,0,0,0.00,0.00,0,0
1508086866,eth0,0.00,0.00,0.00,0,0,0.00,0.00,0.00,0,0,0.00,0.00,0,0
1508086866,eth1,0.00,0.00,0.00,0,0,0.00,0.00,0.00,0,0,0.00,0.00,0,0
1508086866,s2,0.00,0.00,0.00,0,0,0.00,0.00,0.00,0,0,0.00,0.00,0,0
1508086866,s1-eth2,0.00,0.00,0.00,0,0,0.00,0.00,0.00,0,0,0.00,0.00,0,0
1508086866,s1-eth1,0.00,0.00,0.00,0,0,0.00,0.00,0.00,0,0,0.00,0.00,0,0
1508086866,s2-eth2,0.00,0.00,0.00,0,0,0.00,0.00,0.00,0,0,0.00,0.00,0,0
1508086866,s2-eth1,0.00,0.00,0.00,0,0,0.00,0.00,0.00,0,0,0.00,0.00,0,0
1508086866,lo,0.00,0.00,0.00,0,0,0.00,0.00,0.00,0,0,0.00,0.00,0,0
1508086866,total,0.00,0.00,0.00,0,0,0.00,0.00,0.00,0,0,0.00,0.00,0,0
1508086867,s1,0.00,0.00,0.00,0,0,0.00,0.00,0.00,0,0,0.00,0.00,0,0
1508086867,eth0,0.00,0.00,0.00,0,0,0.00,0.00,0.00,0,0,0.00,0.00,0,0
1508086867,eth1,0.00,0.00,0.00,0,0,0.00,0.00,0.00,0,0,0.00,0.00,0,0
1508086867,s2,0.00,0.00,0.00,0,0,0.00,0.00,0.00,0,0,0.00,0.00,0,0
1508086867,s1-eth2,0.00,0.00,0.00,0,0,0.00,0.00,0.00,0,0,0.00,0.00,0,0
1508086867,s1-eth1,448.55,0.00,448.55,0,449,2.00,0.00,2.00,0,2,0.00,0.00,0,0
1508086867,s2-eth2,0.00,0.00,0.00,0,0,0.00,0.00,0.00,0,0,0.00,0.00,0,0
1508086867,s2-eth1,106.89,0.00,106.89,0,107,1.00,0.00,1.00,0,1,0.00,0.00,0,0
1508086867,lo,0.00,0.00,0.00,0,0,0.00,0.00,0.00,0,0,0.00,0.00,0,0
1508086867,total,555.44,0.00,555.44,0,556,3.00,0.00,3.00,0,3,0.00,0.00,0,0
1508086868,s1,0.00,0.00,0.00,0,0,0.00,0.00,0.00,0,0,0.00,0.00,0,0
1508086868,eth0,0.00,0.00,0.00,0,0,0.00,0.00,0.00,0,0,0.00,0.00,0,0
1508086868,eth1,0.00,0.00,0.00,0,0,0.00,0.00,0.00,0,0,0.00,0.00,0,0
1508086868,s2,0.00,0.00,0.00,0,0,0.00,0.00,0.00,0,0,0.00,0.00,0,0
1508086868,s1-eth2,106.89,0.00,106.89,0,107,1.00,0.00,1.00,0,1,0.00,0.00,0,0
1508086868,s1-eth1,0.00,0.00,0.00,0,0,0.00,0.00,0.00,0,0,0.00,0.00,0,0
1508086868,s2-eth2,106.89,0.00,106.89,0,107,1.00,0.00,1.00,0,1,0.00,0.00,0,0
1508086868,s2-eth1,0.00,0.00,0.00,0,0,0.00,0.00,0.00,0,0,0.00,0.00,0,0
1508086868,lo,171.83,171.83,343.66,172,172,3.00,3.00,5.99,3,3,0.00,0.00,0,0
1508086868,total,385.61,171.83,557.44,172,386,5.00,3.00,7.99,3,5,0.00,0.00,0,0
1508086869,s1,0.00,0.00,0.00,0,0,0.00,0.00,0.00,0,0,0.00,0.00,0,0
1508086869,eth0,0.00,0.00,0.00,0,0,0.00,0.00,0.00,0,0,0.00,0.00,0,0
1508086869,eth1,0.00,0.00,0.00,0,0,0.00,0.00,0.00,0,0,0.00,0.00,0,0
1508086869,s2,0.00,0.00,0.00,0,0,0.00,0.00,0.00,0,0,0.00,0.00,0,0
1508086869,s1-eth2,0.00,0.00,0.00,0,0,0.00,0.00,0.00,0,0,0.00,0.00,0,0
1508086869,s1-eth1,0.00,0.00,0.00,0,0,0.00,0.00,0.00,0,0,0.00,0.00,0,0
1508086869,s2-eth2,0.00,0.00,0.00,0,0,0.00,0.00,0.00,0,0,0.00,0.00,0,0
1508086869,s2-eth1,0.00,0.00,0.00,0,0,0.00,0.00,0.00,0,0,0.00,0.00,0,0
1508086869,lo,172.00,172.00,344.00,172,172,3.00,3.00,6.00,3,3,0.00,0.00,0,0
1508086869,total,172.00,172.00,344.00,172,172,3.00,3.00,6.00,3,3,0.00,0.00,0,0
1508086870,s1,0.00,0.00,0.00,0,0,0.00,0.00,0.00,0,0,0.00,0.00,0,0
1508086870,eth0,0.00,0.00,0.00,0,0,0.00,0.00,0.00,0,0,0.00,0.00,0,0
1508086870,eth1,0.00,0.00,0.00,0,0,0.00,0.00,0.00,0,0,0.00,0.00,0,0
1508086870,s2,0.00,0.00,0.00,0,0,0.00,0.00,0.00,0,0,0.00,0.00,0,0
1508086870,s1-eth2,0.00,0.00,0.00,0,0,0.00,0.00,0.00,0,0,0.00,0.00,0,0
1508086870,s1-eth1,0.00,0.00,0.00,0,0,0.00,0.00,0.00,0,0,0.00,0.00,0,0
1508086870,s2-eth2,0.00,0.00,0.00,0,0,0.00,0.00,0.00,0,0,0.00,0.00,0,0
1508086870,s2-eth1,0.00,0.00,0.00,0,0,0.00,0.00,0.00,0,0,0.00,0.00,0,0
1508086870,lo,0.00,0.00,0.00,0,0,0.00,0.00,0.00,0,0,0.00,0.00,0,0
1508086870,total,0.00,0.00,0.00,0,0,0.00,0.00,0.00,0,0,0.00,0.00,0,0
1508086871,s1,0.00,0.00,0.00,0,0,0.00,0.00,0.00,0,0,0.00,0.00,0,0
1508086871,eth0,0.00,0.00,0.00,0,0,0.00,0.00,0.00,0,0,0.00,0.00,0,0
1508086871,eth1,0.00,0.00,0.00,0,0,0.00,0.00,0.00,0,0,0.00,0.00,0,0
1508086871,s2,0.00,0.00,0.00,0,0,0.00,0.00,0.00,0,0,0.00,0.00,0,0
1508086871,s1-eth2,0.00,0.00,0.00,0,0,0.00,0.00,0.00,0,0,0.00,0.00,0,0
1508086871,s1-eth1,0.00,0.00,0.00,0,0,0.00,0.00,0.00,0,0,0.00,0.00,0,0
1508086871,s2-eth2,0.00,0.00,0.00,0,0,0.00,0.00,0.00,0,0,0.00,0.00,0,0
1508086871,s2-eth1,0.00,0.00,0.00,0,0,0.00,0.00,0.00,0,0,0.00,0.00,0,