1508090612,s1,0.00,0.00,0.00,0,0,0.00,0.00,0.00,0,0,0.00,0.00,0,0
1508090612,eth0,0.00,0.00,0.00,0,0,0.00,0.00,0.00,0,0,0.00,0.00,0,0
1508090612,eth1,0.00,0.00,0.00,0,0,0.00,0.00,0.00,0,0,0.00,0.00,0,0
1508090612,s2,0.00,0.00,0.00,0,0,0.00,0.00,0.00,0,0,0.00,0.00,0,0
1508090612,s1-eth2,0.00,0.00,0.00,0,0,0.00,0.00,0.00,0,0,0.00,0.00,0,0
1508090612,s1-eth1,0.00,0.00,0.00,0,0,0.00,0.00,0.00,0,0,0.00,0.00,0,0
1508090612,s2-eth2,0.00,0.00,0.00,0,0,0.00,0.00,0.00,0,0,0.00,0.00,0,0
1508090612,s2-eth1,0.00,0.00,0.00,0,0,0.00,0.00,0.00,0,0,0.00,0.00,0,0
1508090612,lo,0.00,0.00,0.00,0,0,0.00,0.00,0.00,0,0,0.00,0.00,0,0
1508090612,total,0.00,0.00,0.00,0,0,0.00,0.00,0.00,0,0,0.00,0.00,0,0
1508090613,s1,249.75,339.66,589.41,340,250,3.00,4.00,6.99,4,3,0.00,0.00,0,0
1508090613,eth0,607.39,979.02,1586.41,980,608,7.99,7.99,15.98,8,8,0.00,0.00,0,0
1508090613,eth1,0.00,0.00,0.00,0,0,0.00,0.00,0.00,0,0,0.00,0.00,0,0
1508090613,s2,0.00,89.91,89.91,90,0,0.00,1.00,1.00,1,0,0.00,0.00,0,0
1508090613,s1-eth2,1950.05,89.91,2039.96,90,1952,14.99,1.00,15.98,1,15,0.00,0.00,0,0
1508090613,s1-eth1,1500.50,249.75,1750.25,250,1502,9.99,3.00,12.99,3,10,0.00,0.00,0,0
1508090613,s2-eth2,906.09,89.91,996.00,90,907,5.99,1.00,6.99,1,6,0.00,0.00,0,0
1508090613,s2-eth1,2211.79,0.00,2211.79,0,2214,11.99,0.00,11.99,0,12,0.00,0.00,0,0
1508090613,lo,3676.32,3676.32,7352.65,3680,3680,40.96,40.96,81.92,41,41,0.00,0.00,0,0
1508090613,total,11101.90,5514.49,16616.38,5520,11113,94.91,58.94,153.85,59,95,0.00,0.00,0,0
1508090614,s1,0.00,0.00,0.00,0,0,0.00,0.00,0.00,0,0,0.00,0.00,0,0
1508090614,eth0,152.00,245.00,397.00,245,152,2.00,2.00,4.00,2,2,0.00,0.00,0,0
1508090614,eth1,0.00,0.00,0.00,0,0,0.00,0.00,0.00,0,0,0.00,0.00,0,0
1508090614,s2,0.00,0.00,0.00,0,0,0.00,0.00,0.00,0,0,0.00,0.00,0,0
1508090614,s1-eth2,1326.00,0.00,1326.00,0,1326,5.00,0.00,5.00,0,5,0.00,0.00,0,0
1508090614,s1-eth1,1526.00,0.00,1526.00,0,1526,7.00,0.00,7.00,0,7,0.00,0.00,0,0
1508090614,s2-eth2,1684.00,0.00,1684.00,0,1684,7.00,0.00,7.00,0,7,0.00,0.00,0,0
1508090614,s2-eth1,856.00,0.00,856.00,0,856,3.00,0.00,3.00,0,3,0.00,0.00,0,0
1508090614,lo,341.00,341.00,682.00,341,341,4.00,4.00,8.00,4,4,0.00,0.00,0,0
1508090614,total,5885.00,586.00,6471.00,586,5885,28.00,6.00,34.00,6,28,0.00,0.00,0,0
1508090615,s1,0.00,0.00,0.00,0,0,0.00,0.00,0.00,0,0,0.00,0.00,0,0
1508090615,eth0,0.00,0.00,0.00,0,0,0.00,0.00,0.00,0,0,0.00,0.00,0,0
1508090615,eth1,0.00,0.00,0.00,0,0,0.00,0.00,0.00,0,0,0.00,0.00,0,0
1508090615,s2,0.00,0.00,0.00,0,0,0.00,0.00,0.00,0,0,0.00,0.00,0,0
1508090615,s1-eth2,327.00,0.00,327.00,0,327,1.00,0.00,1.00,0,1,0.00,0.00,0,0
1508090615,s1-eth1,0.00,0.00,0.00,0,0,0.00,0.00,0.00,0,0,0.00,0.00,0,0
1508090615,s2-eth2,514.00,0.00,514.00,0,514,2.00,0.00,2.00,0,2,0.00,0.00,0,0
1508090615,s2-eth1,125.00,0.00,125.00,0,125,1.00,0.00,1.00,0,1,0.00,0.00,0,0
1508090615,lo,0.00,0.00,0.00,0,0,0.00,0.00,0.00,0,0,0.00,0.00,0,0
1508090615,total,966.00,0.00,966.00,0,966,4.00,0.00,4.00,0,4,0.00,0.00,0,0
1508090616,s1,0.00,69.93,69.93,70,0,0.00,1.00,1.00,1,0,0.00,0.00,0,0
1508090616,eth0,0.00,0.00,0.00,0,0,0.00,0.00,0.00,0,0,0.00,0.00,0,0
1508090616,eth1,0.00,0.00,0.00,0,0,0.00,0.00,0.00,0,0,0.00,0.00,0,0
1508090616,s2,69.93,139.86,209.79,140,70,1.00,2.00,3.00,2,1,0.00,0.00,0,0
1508090616,s1-eth2,166.83,111.89,278.72,112,167,2.00,2.00,4.00,2,2,0.00,0.00,0,0
1508090616,s1-eth1,503.50,41.96,545.45,42,504,4.00,1.00,5.00,1,4,0.00,0.00,0,0
1508090616,s2-eth2,264.74,69.93,334.67,70,265,3.00,1.00,4.00,1,3,0.00,0.00,0,0
1508090616,s2-eth1,406.59,69.93,476.52,70,407,3.00,1.00,4.00,1,3,0.00,0.00,0,0
1508090616,lo,1558.44,1558.44,3116.88,1560,1560,15.98,15.98,31.97,16,16,0.00,0.00,0,0
1508090616,total,2970.03,2061.94,5031.97,2064,2973,28.97,23.98,52.95,24,29,0.00,0.00,0,0
1508090617,s1,70.00,70.00,140.00,70,70,1.00,1.00,2.00,1,1,0.00,0.00,0,0
1508090617,eth0,0.00,0.00,0.00,0,0,0.00,0.00,0.00,0,0,0.00,0.00,0,0
1508090617,eth1,0.00,0.00,0.00,0,0,0.00,0.00,0.00,0,0,0.00,0.00,0,0
1508090617,s2,0.00,0.00,0.00,0,0,0.00,0.00,0.00,0,0,0.00,0.00,0,0
1508090617,s1-eth2,804.00,0.00,804.00,0,804,5.00,0.00,5.00,0,5,0.00,0.00,0,0
1508090617,s1-eth1,467.00,70.00,537.00,70,467,3.00,1.00,4.00,1,3,0.00,0.00,0,0
1508090617,s2-eth2,664.00,0.00,664.00,0,664,3.00,0.00,3.00,0,3,0.00,0.00,0,0
1508090617,s2-eth1,397.00,0.00,397.00,0,397,2.00,0.00,2.00,0,2,0.00,0.00,0,0
1508090617,lo,588.00,588.00,1176.00,588,588,7.00,7.00,14.00,7,7,0.00,0.00,0,0
1508090617,total,2990.00,728.00,3718.00,728,2990,21.00,9.00,30.00,9,21,0.00,0.00,0,0
1508090618,s1,0.00,0.00,0.00,0,0,0.00,0.00,0.00,0,0,0.00,0.00,0,0
1508090618,eth0,0.00,0.00,0.00,0,0,0.00,0.00,0.00,0,0,0.00,0.00,0,0
1508090618,eth1,0.00,0.00,0.00,0,0,0.00,0.00,0.00,0,0,0.00,0.00,0,0
1508090618,s2,0.00,0.00,0.00,0,0,0.00,0.00,0.00,0,0,0.00,0.00,0,0
1508090618,s1-eth2,0.00,0.00,0.00,0,0,0.00,0.00,0.00,0,0,0.00,0.00,0,0
1508090618,s1-eth1,0.00,0.00,0.00,0,0,0.00,0.00,0.00,0,0,0.00,0.00,0,0
1508090618,s2-eth2,0.00,0.00,0.00,0,0,0.00,0.00,0.00,0,0,0.00,0.00,0,0
1508090618,s2-eth1,0.00,0.00,0.00,0,0,0.00,0.00,0.00,0,0,0.00,0.00,0,0
1508090618,lo,0.00,0.00,0.00,0,0,0.00,0.00,0.00,0,0,0.00,0.00,0,0
1508090618,total,0.00,0.00,0.00,0,0,0.00,0.00,0.00,0,0,0.00,0.00,0,0
1508090619,s1,0.00,0.00,0.00,0,0,0.00,0.00,0.00,0,0,0.00,0.00,0,0
1508090619,eth0,0.00,0.00,0.00,0,0,0.00,0.00,0.00,0,0,0.00,0.00,0,0
1508090619,eth1,0.00,0.00,0.00,0,0,0.00,0.00,0.00,0,0,0.00,0.00,0,0
1508090619,s2,0.00,0.00,0.00,0,0,0.00,0.00,0.00,0,0,0.00,0.00,0,0
1508090619,s1-eth2,342.00,0.00,342.00,0,342,1.00,0.00,1.00,0,1,0.00,0.00,0,0
1508090619,s1-eth1,0.00,0.00,0.00,0,0,0.00,0.00,0.00,0,0,0.00,0.00,0,0
1508090619,s2-eth2,0.00,0.00,0.00,0,0,0.00,0.00,0.00,0,0,0.00,0.00,0,0
1508090619,s2-eth1,467.00,0.00,467.00,0,467,2.00,0.00,2.00,0,2,0.00,0.00,0,0
1508090619,lo,0.00,0.00,0.00,0,0,0.00,0.00,0.00,0,0,0.00,0.00,0,0
1508090619,total,809.00,0.00,809.00,0,809,3.00,0.00,3.00,0,3,0.00,0.00,0,0
1508090620,s1,0.00,70.00,70.00,70,0,0.00,1.00,1.00,1,0,0.00,0.00,0,0
1508090620,eth0,87.00,0.00,87.00,0,87,1.00,0.00,1.00,0,1,0.00,0.00,0,0
1508090620,eth1,0.00,0.00,0.00,0,0,0.00,0.00,0.00,0,0,0.00,0.00,0,0
1508090620,s2,70.00,140.00,210.00,140,70,1.00,2.00,3.00,2,1,0.00,0.00,0,0
1508090620,s1-eth2,125.00,70.00,195.00,70,125,1.00,1.00,2.00,1,1,0.00,0.00,0,0
1508090620,s1-eth1,70.00,0.00,70.00,0,70,1.00,0.00,1.00,0,1,0.00,0.00,0,0
1508090620,s2-eth2,265.00,70.00,335.00,70,265,3.00,1.00,4.00,1,3,0.00,0.00,0,0
1508090620,s2-eth1,140.00,70.00,210.00,70,140,2.00,1.00,3.00,1,2,0.00,0.00,0,0
1508090620,lo,1072.00,1072.00,2144.00,1072,1072,12.00,12.00,24.00,12,12,0.00,0.00,0,0
1508090620,total,1829.00,1492.00,3321.00,1492,1829,21.00,18.00,39.00,18,21,0.00,0.00,0,0
1508090621,s1,70.00,70.00,140.00,70,70,1.00,1.00,2.00,1,1,0.00,0.00,0,0
1508090621,eth0,0.00,0.00,0.00,0,0,0.00,0.00,0.00,0,0,0.00,0.00,0,0
1508090621,eth1,0.00,0.00,0.00,0,0,0.00,0.00,0.00,0,0,0.00,0.00,0,0
1508090621,s2,0.00,0.00,0.00,0,0,0.00,0.00,0.00,0,0,0.00,0.00,0,0
1508090621,s1-eth2,210.00,0.00,210.00,0,210,3.00,0.00,3.00,0,3,0.00,0.00,0,0
1508090621,s1-eth1,140.00,70.00,210.00,70,140,2.00,1.00,3.00,1,2,0.00,0.00,0,0
1508090621,s2-eth2,70.00,0.00,70.00,0,70,1.00,0.00,1.00,0,1,0.00,0.00,0,0
1508090621,s2-eth1,70.00,0.00,70.00,0,70,1.00,0.00,1.00,0,1,0.00,0.00,0,0
1508090621,lo,536.00,536.00,1072.00,536,536,6.00,6.00,12.00,6,6,0.00,0.00,0,0
1508090621,total,1096.00,676.00,1772.00,676,1096,14.00,8.00,22.00,8,14,0.00,0.00,0,0
1508090622,s1,0.00,0.00,0.00,0,0,0.00,0.00,0.00,0,0,0.00,0.00,0,0
1508090622,eth0,0.00,0.00,0.00,0,0,0.00,0.00,0.00,0,0,0.00,0.00,0,0
1508090622,eth1,0.00,0.00,0.00,0,0,0.00,0.00,0.00,0,0,0.00,0.00,0,0
1508090622,s2,0.00,0.00,0.00,0,0,0.00,0.00,0.00,0,0,0.00,0.00,0,0
1508090622,s1-eth2,0.00,0.00,0.00,0,0,0.00,0.00,0.00,0,0,0.00,0.00,0,0
1508090622,s1-eth1,341.66,0.00,341.66,0,342,1.00,0.00,1.00,0,1,0.00,0.00,0,0
1508090622,s2-eth2,341.66,0.00,341.66,0,342,1.00,0.00,1.00,0,1,0.00,0.00,0,0
1508090622,s2-eth1,0.00,0.00,0.00,0,0,0.00,0.00,0.00,0,0,0.00,0.00,0,0
1508090622,lo,0.00,0.00,0.00,0,0,0.00,0.00,0.00,0,0,0.00,0.00,0,0
1508090622,total,683.32,0.00,683.32,0,684,2.00,0.00,2.00,0,2,0.00,0.00,0,0
1508090623,s1,0.00,0.00,0.00,0,0,0.00,0.00,0.00,0,0,0.00,0.00,0,0
1508090623,eth0,0.00,0.00,0.00,0,0,0.00,0.00,0.00,0,0,0.00,0.00,0,0
1508090623,eth1,0.00,0.00,0.00,0,0,0.00,0.00,0.00,0,0,0.00,0.00,0,0
1508090623,s2,0.00,0.00,0.00,0,0,0.00,0.00,0.00,0,0,0.00,0.00,0,0
1508090623,s1-eth2,0.00,0.00,0.00,0,0,0.00,0.00,0.00,0,0,0.00,0.00,0,0
1508090623,s1-eth1,0.00,0.00,0.00,0,0,0.00,0.00,0.00,0,0,0.00,0.00,0,0
1508090623,s2-eth2,0.00,0.00,0.00,0,0,0.00,0.00,0.00,0,0,0.00,0.00,0,0
1508090623,s2-eth1,0.00,0.00,0.00,0,0,0.00,0.00,0.00,0,0,0.00,0.00,0,0
1508090623,lo,0.00,0.00,0.00,0,0,0.00,0.00,0.00,0,0,0.00,0.00,0,0
1508090623,total,0.00,0.00,0.00,0,0,0.00,0.00,0.00,0,0,0.00,0.00,0,0
1508090624,s1,0.00,0.00,0.00,0,0,0.00,0.00,0.00,0,0,0.00,0.00,0,0
1508090624,eth0,107.00,0.00,107.00,0,107,1.00,0.00,1.00,0,1,0.00,0.00,0,0
1508090624,eth1,0.00,0.00,0.00,0,0,0.00,0.00,0.00,0,0,0.00,0.00,0,0
1508090624,s2,0.00,0.00,0.00,0,0,0.00,0.00,0.00,0,0,0.00,0.00,0,0
1508090624,s1-eth2,0.00,0.00,0.00,0,0,0.00,0.00,0.00,0,0,0.00,0.00,0,0
1508090624,s1-eth1,0.00,0.00,0.00,0,0,0.00,0.00,0.00,0,0,0.00,0.00,0,0
1508090624,s2-eth2,0.00,0.00,0.00,0,0,0.00,0.00,0.00,0,0,0.00,0.00,0,0
1508090624,s2-eth1,0.00,0.00,0.00,0,0,0.00,0.00,0.00,0,0,0.00,0.00,0,0
1508090624,lo,172.00,172.00,344.00,172,172,3.00,3.00,6.00,3,3,0.00,0.00,0,0
1508090624,total,279.00,172.00,451.00,172,279,4.00,3.00,7.00,3,4,0.00,0.00,0,0
1508090625,s1,0.00,0.00,0.00,0,0,0.00,0.00,0.00,0,0,0.00,0.00,0,0
1508090625,eth0,0.00,0.00,0.00,0,0,0.00,0.00,0.00,0,0,0.00,0.00,0,0
1508090625,eth1,0.00,0.00,0.00,0,0,0.00,0.00,0.00,0,0,0.00,0.00,0,0
1508090625,s2,0.00,0.00,0.00,0,0,0.00,0.00,0.00,0,0,0.00,0.00,0,0
1508090625,s1-eth2,0.00,0.00,0.00,0,0,0.00,0.00,0.00,0,0,0.00,0.00,0,0
1508090625,s1-eth1,0.00,0.00,0.00,0,0,0.00,0.00,0.00,0,0,0.00,0.00,0,0
1508090625,s2-eth2,0.00,0.00,0.00,0,0,0.00,0.00,0.00,0,0,0.00,0.00,0,0
1508090625,s2-eth1,0.00,0.00,0.00,0,0,0.00,0.00,0.00,0,0,0.00,0.00,0,0
1508090625,lo,172.00,172.00,344.00,172,172,3.00,3.00,6.00,3,3,0.00,0.00,0,0
1508090625,total,172.00,172.00,344.00,172,172,3.00,3.00,6.00,3,3,0.00,0.00,0,0
1508090626,s1,0.00,0.00,0.00,0,0,0.00,0.00,0.00,0,0,0.00,0.00,0,0
1508090626,eth0,0.00,0.00,0.00,0,0,0.00,0.00,0.00,0,0,0.00,0.00,0,0
1508090626,eth1,0.00,0.00,0.00,0,0,0.00,0.00,0.00,0,0,0.00,0.00,0,0
1508090626,s2,0.00,0.00,0.00,0,0,0.00,0.00,0.00,0,0,0.00,0.00,0,0
1508090626,s1-eth2,0.00,0.00,0.00,0,0,0.00,0.00,0.00,0,0,0.00,0.00,0,0
1508090626,s1-eth1,0.00,0.00,0.00,0,0,0.00,0.00,0.00,0,0,0.00,0.00,0,0
1508090626,s2-eth2,0.00,0.00,0.00,0,0,0.00,0.00,0.00,0,0,0.00,0.00,0,0
1508090626,s2-eth1,342.00,0.00,342.00,0,342,1.00,0.00,1.00,0,1,0.00,0.00,0,0
1508090626,lo,0.00,0.00,0.00,0,0,0.00,0.00,0.00,0,0,0.00,0.00,0,0
1508090626,total,342.00,0.00,342.00,0,342,1.00,0.00,1.00,0,1,0.00,0.00,0,0
1508090627,s1,0.00,0.00,0.00,0,0,0.00,0.00,0.00,0,0,0.00,0.00,0,0
1508090627,eth0,0.00,0.00,0.00,0,0,0.00,0.00,0.00,0,0,0.00,0.00,0,0
1508090627,eth1,0.00,0.00,0.00,0,0,0.00,0.00,0.00,0,0,0.00,0.00,0,0
1508090627,s2,0.00,0.00,0.00,0,0,0.00,0.00,0.00,0,0,0.00,0.00,0,0
1508090627,s1-eth2,0.00,0.00,0.00,0,0,0.00,0.00,0.00,0,0,0.00,0.00,0,0
1508090627,s1-eth1,0.00,0.00,0.00,0,0,0.00,0.00,0.00,0,0,0.00,0.00,0,0
1508090627,s2-eth2,0.00,0.00,0.00,0,0,0.00,0.00,0.00,0,0,0.00,0.00,0,0
1508090627,s2-eth1,125.00,0.00,125.00,0,125,1.00,0.00,1.00,0,1,0.00,0.00,0,0
1508090627,lo,0.00,0.00,0.00,0,0,0.00,0.00,0.00,0,0,0.00,0.00,0,0
1508090627,total,125.00,0.00,125.00,0,125,1.00,0.00,1.00,0,1,0.00,0.00,0,0
1508090628,s1,0.00,0.00,0.00,0,0,0.00,0.00,0.00,0,0,0.00,0.00,0,0
1508090628,eth0,0.00,0.00,0.00,0,0,0.00,0.00,0.00,0,0,0.00,0.00,0,0
1508090628,eth1,0.00,0.00,0.00,0,0,0.00,0.00,0.00,0,0,0.00,0.00,0,0
1508090628,s2,0.00,0.00,0.00,0,0,0.00,0.00,0.00,0,0,0.00,0.00,0,0
1508090628,s1-eth2,125.00,0.00,125.00,0,125,1.00,0.00,1.00,0,1,0.00,0.00,0,0
1508090628,s1-eth1,125.00,0.00,125.00,0,125,1.00,0.00,1.00,0,1,0.00,0.00,0,0
1508090628,s2-eth2,125.00,0.00,125.00,0,125,1.00,0.00,1.00,0,1,0.00,0.00,0,0
1508090628,s2-eth1,0.00,0.00,0.00,0,0,0.00,0.00,0.00,0,0,0.00,0.00,0,0
1508090628,lo,0.00,0.00,0.00,0,0,0.00,0.00,0.00,0,0,0.00,0.00,0,0
1508090628,total,375.00,0.00,375.00,0,375,3.00,0.00,3.00,0,3,0.00,0.00,0,0
1508090629,s1,0.00,0.00,0.00,0,0,0.00,0.00,0.00,0,0,0.00,0.00,0,0
1508090629,eth0,0.00,0.00,0.00,0,0,0.00,0.00,0.00,0,0,0.00,0.00,0,0
1508090629,eth1,0.00,0.00,0.00,0,0,0.00,0.00,0.00,0,0,0.00,0.00,0,0
1508090629,s2,0.00,0.00,0.00,0,0,0.00,0.00,0.00,0,0,0.00,0.00,0,0
1508090629,s1-eth2,0.00,0.00,0.00,0,0,0.00,0.00,0.00,0,0,0.00,0.00,0,0
1508090629,s1-eth1,0.00,0.00,0.00,0,0,0.00,0.00,0.00,0,0,0.00,0.00,0,0
1508090629,s2-eth2,0.00,0.00,0.00,0,0,0.00,0.00,0.00,0,0,0.00,0.00,0,0
1508090629,s2-eth1,0.00,0.00,0.00,0,0,0.00,0.00,0.00,0,0,0.00,0.00,0,0
1508090629,lo,171.83,171.83,343.66,172,172,3.00,3.00,5.99,3,3,0.00,0.00,0,0
1508090629,total,171.83,171.83,343.66,172,172,3.00,3.00,5.99,3,3,0.00,0.00,0,0
1508090630,s1,0.00,0.00,0.00,0,0,0.00,0.00,0.00,0,0,0.00,0.00,0,0
1508090630,eth0,0.00,0.00,0.00,0,0,0.00,0.00,0.00,0,0,0.00,0.00,0,0
1508090630,eth1,0.00,0.00,0.00,0,0,0.00,0.00,0.00,0,0,0.00,0.00,0,0
1508090630,s2,0.00,0.00,0.00,0,0,0.00,0.00,0.00,0,0,0.00,0.00,0,0
1508090630,s1-eth2,342.00,0.00,342.00,0,342,1.00,0.00,1.00,0,1,0.00,0.00,0,0
1508090630,s1-eth1,342.00,0.00,342.00,0,342,1.00,0.00,1.00,0,1,0.00,0.00,0,0
1508090630,s2-eth2,0.00,0.00,0.00,0,0,0.00,0.00,0.00,0,0,0.00,0.00,0,0
1508090630,s2-eth1,0.00,0.00,0.00,0,0,0.00,0.00,0.00,0,0,0.00,0.00,0,0
1508090630,lo,172.00,172.00,344.00,172,172,3.00,3.00,6.00,3,3,0.00,0.00,0,0
1508090630,total,856.00,172.00,1028.00,172,856,5.00,3.00,8.00,3,5,0.00,0.00,0,0
1508090631,s1,0.00,0.00,0.00,0,0,0.00,0.00,0.00,0,0,0.00,0.00,0,0
1508090631,eth0,0.00,0.00,0.00,0,0,0.00,0.00,0.00,0,0,0.00,0.00,0,0
1508090631,eth1,0.00,0.00,0.00,0,0,0.00,0.00,0.00,0,0,0.00,0.00,0,0
1508090631,s2,0.00,0.00,0.00,0,0,0.00,0.00,0.00,0,0,0.00,0.00,0,0
1508090631,s1-eth2,0.00,0.00,0.00,0,0,0.00,0.00,0.00,0,0,0.00,0.00,0,0
1508090631,s1-eth1,0.00,0.00,0.00,0,0,0.00,0.00,0.00,0,0,0.00,0.00,0,0
1508090631,s2-eth2,342.00,0.00,342.00,0,342,1.00,0.00,1.00,0,1,0.00,0.00,0,0
1508090631,s2-eth1,0.00,0.00,0.00,0,0,0.00,0.00,0.00,0,0,0.00,0.00,0,0
1508090631,lo,0.00,0.00,0.00,0,0,0.00,0.00,0.00,0,0,0.00,0.00,0,0
1508090631,total,342.00,0.00,342.00,0,342,1.00,0.00,1.00,0,1,0.00,0.00,0,0
1508090632,s1,0.00,42.00,42.00,42,0,0.00,1.00,1.00,1,0,0.00,0.00,0,0
1508090632,eth0,0.00,0.00,0.00,0,0,0.00,0.00,0.00,0,0,0.00,0.00,0,0
1508090632,eth1,0.00,0.00,0.00,0,0,0.00,0.00,0.00,0,0,0.00,0.00,0,0
1508090632,s2,0.00,84.00,84.00,84,0,0.00,2.00,2.00,2,0,0.00,0.00,0,0
1508090632,s1-eth2,11820.00,247692.00,259512.00,247692,11820,152.00,174.00,326.00,174,152,0.00,0.00,0,0
1508090632,s1-eth1,232552.00,11820.00,244372.00,11820,232552,164.00,152.00,316.00,152,164,0.00,0.00,0,0
1508090632,s2-eth2,2352.00,106240.00,108592.00,106240,2352,32.00,74.00,106.00,74,32,0.00,0.00,0,0
1508090632,s2-eth1,65362.00,2352.00,67714.00,2352,65362,47.00,32.00,79.00,32,47,0.00,0.00,0,0
1508090632,lo,4684.00,4684.00,9368.00,4684,4684,41.00,41.00,82.00,41,41,0.00,0.00,0,0
1508090632,total,316770.00,372914.00,689684.00,372914,316770,436.00,476.00,912.00,476,436,0.00,0.00,0,0
1508090633,s1,0.00,42.00,42.00,42,0,0.00,1.00,1.00,1,0,0.00,0.00,0,0
1508090633,eth0,0.00,0.00,0.00,0,0,0.00,0.00,0.00,0,0,0.00,0.00,0,0
1508090633,eth1,0.00,0.00,0.00,0,0,0.00,0.00,0.00,0,0,0.00,0.00,0,0
1508090633,s2,0.00,42.00,42.00,42,0,0.00,1.00,1.00,1,0,0.00,0.00,0,0
1508090633,s1-eth2,12076.00,251366.00,263442.00,251366,12076,158.00,167.00,325.00,167,158,0.00,0.00,0,0
1508090633,s1-eth1,249852.00,12076.00,261928.00,12076,249852,166.00,158.00,324.00,158,166,0.00,0.00,0,0
1508090633,s2-eth2,11444.00,293758.00,305202.00,293758,11444,142.00,195.00,337.00,195,142,0.00,0.00,0,0
1508090633,s2-eth1,250194.00,11444.00,261638.00,11444,250194,167.00,142.00,309.00,142,167,0.00,0.00,0,0
1508090633,lo,480.00,480.00,960.00,480,480,6.00,6.00,12.00,6,6,0.00,0.00,0,0
1508090633,total,524046.00,569208.00,1093254.00,569208,524046,639.00,670.00,1309.00,670,639,0.00,0.00,0,0
1508090634,s1,0.00,42.00,42.00,42,0,0.00,1.00,1.00,1,0,0.00,0.00,0,0
1508090634,eth0,0.00,0.00,0.00,0,0,0.00,0.00,0.00,0,0,0.00,0.00,0,0
1508090634,eth1,0.00,0.00,0.00,0,0,0.00,0.00,0.00,0,0,0.00,0.00,0,0
1508090634,s2,0.00,42.00,42.00,42,0,0.00,1.00,1.00,1,0,0.00,0.00,0,0
1508090634,s1-eth2,12164.00,255908.00,268072.00,255908,12164,160.00,170.00,330.00,170,160,0.00,0.00,0,0
1508090634,s1-eth1,245310.00,12164.00,257474.00,12164,245310,163.00,160.00,323.00,160,163,0.00,0.00,0,0
1508090634,s2-eth2,12498.00,261964.00,274462.00,261964,12498,157.00,174.00,331.00,174,157,0.00,0.00,0,0
1508090634,s2-eth1,249852.00,12572.00,262424.00,12572,249852,166.00,158.00,324.00,158,166,0.00,0.00,0,0
1508090634,lo,480.00,480.00,960.00,480,480,6.00,6.00,12.00,6,6,0.00,0.00,0,0
1508090634,total,520304.00,543172.00,1063476.00,543172,520304,652.00,670.00,1322.00,670,652,0.00,0.00,0,0
1508090635,s1,0.00,42.00,42.00,42,0,0.00,1.00,1.00,1,0,0.00,0.00,0,0
1508090635,eth0,0.00,0.00,0.00,0,0,0.00,0.00,0.00,0,0,0.00,0.00,0,0
1508090635,eth1,0.00,0.00,0.00,0,0,0.00,0.00,0.00,0,0,0.00,0.00,0,0
1508090635,s2,0.00,42.00,42.00,42,0,0.00,1.00,1.00,1,0,0.00,0.00,0,0
1508090635,s1-eth2,12022.00,260450.00,272472.00,260450,12022,161.00,173.00,334.00,173,161,0.00,0.00,0,0
1508090635,s1-eth1,249852.00,12022.00,261874.00,12022,249852,166.00,161.00,327.00,161,166,0.00,0.00,0,0
1508090635,s2-eth2,13098.00,231684.00,244782.00,231684,13098,163.00,154.00,317.00,154,163,0.00,0.00,0,0
1508090635,s2-eth1,249852.00,13024.00,262876.00,13024,249852,166.00,162.00,328.00,162,166,0.00,0.00,0,0
1508090635,lo,480.00,480.00,960.00,480,480,6.00,6.00,12.00,6,6,0.00,0.00,0,0
1508090635,total,525304.00,517744.00,1043048.00,517744,525304,662.00,658.00,1320.00,658,662,0.00,0.00,0,0
1508090636,s1,0.00,42.00,42.00,42,0,0.00,1.00,1.00,1,0,0.00,0.00,0,0
1508090636,eth0,0.00,0.00,0.00,0,0,0.00,0.00,0.00,0,0,0.00,0.00,0,0
1508090636,eth1,0.00,0.00,0.00,0,0,0.00,0.00,0.00,0,0,0.00,0.00,0,0
1508090636,s2,0.00,42.00,42.00,42,0,0.00,1.00,1.00,1,0,0.00,0.00,0,0
1508090636,s1-eth2,12580.00,252880.00,265460.00,252880,12580,158.00,168.00,326.00,168,158,0.00,0.00,0,0
1508090636,s1-eth1,249852.00,12238.00,262090.00,12238,249852,166.00,157.00,323.00,157,166,0.00,0.00,0,0
1508090636,s2-eth2,8466.00,252880.00,261346.00,252880,8466,107.00,168.00,275.00,168,107,0.00,0.00,0,0
1508090636,s2-eth1,249852.00,8466.00,258318.00,8466,249852,166.00,107.00,273.00,107,166,0.00,0.00,0,0
1508090636,lo,480.00,480.00,960.00,480,480,6.00,6.00,12.00,6,6,0.00,0.00,0,0
1508090636,total,521230.00,527028.00,1048258.00,527028,521230,603.00,608.00,1211.00,608,603,0.00,0.00,0,0
1508090637,s1,0.00,41.83,41.83,42,0,0.00,1.00,1.00,1,0,0.00,0.00,0,0
1508090637,eth0,0.00,0.00,0.00,0,0,0.00,0.00,0.00,0,0,0.00,0.00,0,0
1508090637,eth1,0.00,0.00,0.00,0,0,0.00,0.00,0.00,0,0,0.00,0.00,0,0
1508090637,s2,0.00,41.83,41.83,42,0,0.00,1.00,1.00,1,0,0.00,0.00,0,0
1508090637,s1-eth2,12031.87,254888.45,266920.31,255908,12080,159.36,169.32,328.69,170,160,0.00,0.00,0,0
1508090637,s1-eth1,250364.55,12105.58,262470.12,12154,251366,166.33,160.36,326.69,161,167,0.00,0.00,0,0
1508090637,s2-eth2,12262.95,220205.19,232468.14,221086,12312,137.45,146.41,283.86,147,138,0.00,0.00,0,0
1508090637,s2-eth1,250364.55,12336.65,262701.19,12386,251366,166.33,138.45,304.78,139,167,0.00,0.00,0,0
1508090637,lo,478.09,478.09,956.18,480,480,5.98,5.98,11.95,6,6,0.00,0.00,0,0
1508090637,total,525502.00,500097.62,1025599.62,502098,527604,635.46,622.51,1257.97,625,638,0.00,0.00,0,0
1508090638,s1,0.00,0.00,0.00,0,0,0.00,0.00,0.00,0,0,0.00,0.00,0,0
1508090638,eth0,0.00,0.00,0.00,0,0,0.00,0.00,0.00,0,0,0.00,0.00,0,0
1508090638,eth1,0.00,0.00,0.00,0,0,0.00,0.00,0.00,0,0,0.00,0.00,0,0
1508090638,s2,0.00,0.00,0.00,0,0,0.00,0.00,0.00,0,0,0.00,0.00,0,0
1508090638,s1-eth2,12226.00,240726.00,252952.00,240726,12226,157.00,159.00,316.00,159,157,0.00,0.00,0,0
1508090638,s1-eth1,240726.00,12300.00,253026.00,12300,240726,159.00,158.00,317.00,158,159,0.00,0.00,0,0
1508090638,s2-eth2,9644.00,219530.00,229174.00,219530,9644,120.00,145.00,265.00,145,120,0.00,0.00,0,0
1508090638,s2-eth1,236184.00,9742.00,245926.00,9742,236184,156.00,121.00,277.00,121,156,0.00,0.00,0,0
1508090638,lo,0.00,0.00,0.00,0,0,0.00,0.00,0.00,0,0,0.00,0.00,0,0
1508090638,total,498780.00,482298.00,981078.00,482298,498780,592.00,583.00,1175.00,583,592,0.00,0.00,0,0
1508090639,s1,0.00,0.00,0.00,0,0,0.00,0.00,0.00,0,0,0.00,0.00,0,0
1508090639,eth0,0.00,0.00,0.00,0,0,0.00,0.00,0.00,0,0,0.00,0.00,0,0
1508090639,eth1,0.00,0.00,0.00,0,0,0.00,0.00,0.00,0,0,0.00,0.00,0,0
1508090639,s2,0.00,0.00,0.00,0,0,0.00,0.00,0.00,0,0,0.00,0.00,0,0
1508090639,s1-eth2,12002.00,258894.00,270896.00,258894,12002,157.00,171.00,328.00,171,157,0.00,0.00,0,0
1508090639,s1-eth1,243754.00,11928.00,255682.00,11928,243754,161.00,156.00,317.00,156,161,0.00,0.00,0,0
1508090639,s2-eth2,7356.00,149886.00,157242.00,149886,7356,90.00,99.00,189.00,99,90,0.00,0.00,0,0
1508090639,s2-eth1,151400.00,7184.00,158584.00,7184,151400,100.00,88.00,188.00,88,100,0.00,0.00,0,0
1508090639,lo,0.00,0.00,0.00,0,0,0.00,0.00,0.00,0,0,0.00,0.00,0,0
1508090639,total,414512.00,427892.00,842404.00,427892,414512,508.00,514.00,1022.00,514,508,0.00,0.00,0,0
1508090640,s1,0.00,0.00,0.00,0,0,0.00,0.00,0.00,0,0,0.00,0.00,0,0
1508090640,eth0,0.00,0.00,0.00,0,0,0.00,0.00,0.00,0,0,0.00,0.00,0,0
1508090640,eth1,0.00,0.00,0.00,0,0,0.00,0.00,0.00,0,0,0.00,0.00,0,0
1508090640,s2,0.00,0.00,0.00,0,0,0.00,0.00,0.00,0,0,0.00,0.00,0,0
1508090640,s1-eth2,12329.67,257122.89,269452.56,257380,12342,160.84,169.83,330.67,170,161,0.00,0.00,0,0
1508090640,s1-eth1,249902.11,12255.74,262157.84,12268,250152,165.83,159.84,325.67,160,166,0.00,0.00,0,0
1508090640,s2-eth2,5470.53,152761.25,158231.77,152914,5476,73.93,100.90,174.83,101,74,0.00,0.00,0,0
1508090640,s2-eth1,151248.75,5470.53,156719.28,5476,151400,99.90,73.93,173.83,74,100,0.00,0.00,0,0
1508090640,lo,0.00,0.00,0.00,0,0,0.00,0.00,0.00,0,0,0.00,0.00,0,0
1508090640,total,418951.06,427610.41,846561.44,428038,419370,500.50,504.50,1005.00,505,501,0.00,0.00,0,0
1508090641,s1,0.00,0.00,0.00,0,0,0.00,0.00,0.00,0,0,0.00,0.00,0,0
1508090641,eth0,0.00,0.00,0.00,0,0,0.00,0.00,0.00,0,0,0.00,0.00,0,0
1508090641,eth1,0.00,0.00,0.00,0,0,0.00,0.00,0.00,0,0,0.00,0.00,0,0
1508090641,s2,0.00,0.00,0.00,0,0,0.00,0.00,0.00,0,0,0.00,0.00,0,0
1508090641,s1-eth2,12092.00,257380.00,269472.00,257380,12092,158.00,170.00,328.00,170,158,0.00,0.00,0,0
1508090641,s1-eth1,248296.00,12092.00,260388.00,12092,248296,164.00,158.00,322.00,158,164,0.00,0.00,0,0
1508090641,s2-eth2,5490.00,130204.00,135694.00,130204,5490,69.00,86.00,155.00,86,69,0.00,0.00,0,0
1508090641,s2-eth1,136260.00,5490.00,141750.00,5490,136260,90.00,69.00,159.00,69,90,0.00,0.00,0,0
1508090641,lo,344.00,344.00,688.00,344,344,6.00,6.00,12.00,6,6,0.00,0.00,0,0
1508090641,total,402482.00,405510.00,807992.00,405510,402482,487.00,489.00,976.00,489,487,0.00,0.00,0,0
1508090642,s1,0.00,0.00,0.00,0,0,0.00,0.00,0.00,0,0,0.00,0.00,0,0
1508090642,eth0,0.00,0.00,0.00,0,0,0.00,0.00,0.00,0,0,0.00,0.00,0,0
1508090642,eth1,0.00,0.00,0.00,0,0,0.00,0.00,0.00,0,0,0.00,0.00,0,0
1508090642,s2,0.00,0.00,0.00,0,0,0.00,0.00,0.00,0,0,0.00,0.00,0,0
1508090642,s1-eth2,12361.64,254097.91,266459.56,254352,12374,158.84,167.83,326.67,168,159,0.00,0.00,0,0
1508090642,s1-eth1,249560.45,12435.56,261996.02,12448,249810,164.84,159.84,324.68,160,165,0.00,0.00,0,0
1508090642,s2-eth2,4235.76,80203.80,84439.56,80284,4240,53.95,53.95,107.89,54,54,0.00,0.00,0,0
1508090642,s2-eth1,71128.88,4235.76,75364.64,4240,71200,47.95,53.95,101.90,54,48,0.00,0.00,0,0
1508090642,lo,591.41,591.41,1182.82,592,592,5.99,5.99,11.99,6,6,0.00,0.00,0,0
1508090642,total,337878.12,351564.44,689442.56,351916,338216,431.57,441.56,873.13,442,432,0.00,0.00,0,0
1508090643,s1,0.00,0.00,0.00,0,0,0.00,0.00,0.00,0,0,0.00,0.00,0,0
1508090643,eth0,0.00,0.00,0.00,0,0,0.00,0.00,0.00,0,0,0.00,0.00,0,0
1508090643,eth1,0.00,0.00,0.00,0,0,0.00,0.00,0.00,0,0,0.00,0.00,0,0
1508090643,s2,0.00,0.00,0.00,0,0,0.00,0.00,0.00,0,0,0.00,0.00,0,0
1508090643,s1-eth2,12024.00,254352.00,266376.00,254352,12024,156.00,168.00,324.00,168,156,0.00,0.00,0,0
1508090643,s1-eth1,246782.00,11950.00,258732.00,11950,246782,163.00,155.00,318.00,155,163,0.00,0.00,0,0
1508090643,s2-eth2,2256.00,74186.00,76442.00,74186,2256,30.00,49.00,79.00,49,30,0.00,0.00,0,0
1508090643,s2-eth1,76149.00,2256.00,78405.00,2256,76149,52.00,30.00,82.00,30,52,0.00,0.00,0,0
1508090643,lo,0.00,0.00,0.00,0,0,0.00,0.00,0.00,0,0,0.00,0.00,0,0
1508090643,total,337211.00,342744.00,679955.00,342744,337211,401.00,402.00,803.00,402,401,0.00,0.00,0,0
1508090644,s1,0.00,0.00,0.00,0,0,0.00,0.00,0.00,0,0,0.00,0.00,0,0
1508090644,eth0,0.00,0.00,0.00,0,0,0.00,0.00,0.00,0,0,0.00,0.00,0,0
1508090644,eth1,0.00,0.00,0.00,0,0,0.00,0.00,0.00,0,0,0.00,0.00,0,0
1508090644,s2,0.00,0.00,0.00,0,0,0.00,0.00,0.00,0,0,0.00,0.00,0,0
1508090644,s1-eth2,12061.00,264950.00,277011.00,264950,12061,158.00,175.00,333.00,175,158,0.00,0.00,0,0
1508090644,s1-eth1,249917.00,12040.00,261957.00,12040,249917,166.00,158.00,324.00,158,166,0.00,0.00,0,0
1508090644,s2-eth2,3333.00,63588.00,66921.00,63588,3333,42.00,42.00,84.00,42,42,0.00,0.00,0,0
1508090644,s2-eth1,62074.00,3226.00,65300.00,3226,62074,41.00,41.00,82.00,41,41,0.00,0.00,0,0
1508090644,lo,0.00,0.00,0.00,0,0,0.00,0.00,0.00,0,0,0.00,0.00,0,0
1508090644,total,327385.00,343804.00,671189.00,343804,327385,407.00,416.00,823.00,416,407,0.00,0.00,0,0
1508090645,s1,0.00,0.00,0.00,0,0,0.00,0.00,0.00,0,0,0.00,0.00,0,0
1508090645,eth0,0.00,0.00,0.00,0,0,0.00,0.00,0.00,0,0,0.00,0.00,0,0
1508090645,eth1,0.00,0.00,0.00,0,0,0.00,0.00,0.00,0,0,0.00,0.00,0,0
1508090645,s2,0.00,0.00,0.00,0,0,0.00,0.00,0.00,0,0,0.00,0.00,0,0
1508090645,s1-eth2,12458.00,257380.00,269838.00,257380,12458,163.00,170.00,333.00,170,163,0.00,0.00,0,0
1508090645,s1-eth1,249810.00,12372.00,262182.00,12372,249810,165.00,162.00,327.00,162,165,0.00,0.00,0,0
1508090645,s2-eth2,3552.00,80242.00,83794.00,80242,3552,48.00,53.00,101.00,53,48,0.00,0.00,0,0
1508090645,s2-eth1,78728.00,3552.00,82280.00,3552,78728,52.00,48.00,100.00,48,52,0.00,0.00,0,0
1508090645,lo,0.00,0.00,0.00,0,0,0.00,0.00,0.00,0,0,0.00,0.00,0,0
1508090645,total,344548.00,353546.00,698094.00,353546,344548,428.00,433.00,861.00,433,428,0.00,0.00,0,0
1508090646,s1,0.00,0.00,0.00,0,0,0.00,0.00,0.00,0,0,0.00,0.00,0,0
1508090646,eth0,0.00,0.00,0.00,0,0,0.00,0.00,0.00,0,0,0.00,0.00,0,0
1508090646,eth1,0.00,0.00,0.00,0,0,0.00,0.00,0.00,0,0,0.00,0.00,0,0
1508090646,s2,0.00,0.00,0.00,0,0,0.00,0.00,0.00,0,0,0.00,0.00,0,0
1508090646,s1-eth2,12158.00,251324.00,263482.00,251324,12158,157.00,166.00,323.00,166,157,0.00,0.00,0,0
1508090646,s1-eth1,248296.00,12158.00,260454.00,12158,248296,164.00,157.00,321.00,157,164,0.00,0.00,0,0
1508090646,s2-eth2,3816.00,83270.00,87086.00,83270,3816,48.00,55.00,103.00,55,48,0.00,0.00,0,0
1508090646,s2-eth1,81756.00,3816.00,85572.00,3816,81756,54.00,48.00,102.00,48,54,0.00,0.00,0,0
1508090646,lo,344.00,344.00,688.00,344,344,6.00,6.00,12.00,6,6,0.00,0.00,0,0
1508090646,total,346370.00,350912.00,697282.00,350912,346370,429.00,432.00,861.00,432,429,0.00,0.00,0,0
1508090647,s1,0.00,0.00,0.00,0,0,0.00,0.00,0.00,0,0,0.00,0.00,0,0
1508090647,eth0,0.00,0.00,0.00,0,0,0.00,0.00,0.00,0,0,0.00,0.00,0,0
1508090647,eth1,0.00,0.00,0.00,0,0,0.00,0.00,0.00,0,0,0.00,0.00,0,0
1508090647,s2,0.00,0.00,0.00,0,0,0.00,0.00,0.00,0,0,0.00,0.00,0,0
1508090647,s1-eth2,12250.00,254352.00,266602.00,254352,12250,161.00,168.00,329.00,168,161,0.00,0.00,0,0
1508090647,s1-eth1,251324.00,12324.00,263648.00,12324,251324,166.00,162.00,328.00,162,166,0.00,0.00,0,0
1508090647,s2-eth2,3980.00,89326.00,93306.00,89326,3980,52.00,59.00,111.00,59,52,0.00,0.00,0,0
1508090647,s2-eth1,84784.00,3980.00,88764.00,3980,84784,56.00,52.00,108.00,52,56,0.00,0.00,0,0
1508090647,lo,0.00,0.00,0.00,0,0,0.00,0.00,0.00,0,0,0.00,0.00,0,0
1508090647,total,352338.00,359982.00,712320.00,359982,352338,435.00,441.00,876.00,441,435,0.00,0.00,0,0
1508090648,s1,0.00,0.00,0.00,0,0,0.00,0.00,0.00,0,0,0.00,0.00,0,0
1508090648,eth0,0.00,0.00,0.00,0,0,0.00,0.00,0.00,0,0,0.00,0.00,0,0
1508090648,eth1,0.00,0.00,0.00,0,0,0.00,0.00,0.00,0,0,0.00,0.00,0,0
1508090648,s2,0.00,0.00,0.00,0,0,0.00,0.00,0.00,0,0,0.00,0.00,0,0
1508090648,s1-eth2,12044.00,258894.00,270938.00,258894,12044,160.00,171.00,331.00,171,160,0.00,0.00,0,0
1508090648,s1-eth1,249810.00,12044.00,261854.00,12044,249810,165.00,160.00,325.00,160,165,0.00,0.00,0,0
1508090648,s2-eth2,1980.00,34822.00,36802.00,34822,1980,24.00,23.00,47.00,23,24,0.00,0.00,0,0
1508090648,s2-eth1,39364.00,2066.00,41430.00,2066,39364,26.00,25.00,51.00,25,26,0.00,0.00,0,0
1508090648,lo,0.00,0.00,0.00,0,0,0.00,0.00,0.00,0,0,0.00,0.00,0,0
1508090648,total,303198.00,307826.00,611024.00,307826,303198,375.00,379.00,754.00,379,375,0.00,0.00,0,0
1508090649,s1,0.00,0.00,0.00,0,0,0.00,0.00,0.00,0,0,0.00,0.00,0,0
1508090649,eth0,0.00,0.00,0.00,0,0,0.00,0.00,0.00,0,0,0.00,0.00,0,0
1508090649,eth1,0.00,0.00,0.00,0,0,0.00,0.00,0.00,0,0,0.00,0.00,0,0
1508090649,s2,0.00,0.00,0.00,0,0,0.00,0.00,0.00,0,0,0.00,0.00,0,0
1508090649,s1-eth2,12160.00,258894.00,271054.00,258894,12160,158.00,171.00,329.00,171,158,0.00,0.00,0,0
1508090649,s1-eth1,249810.00,12086.00,261896.00,12086,249810,165.00,157.00,322.00,157,165,0.00,0.00,0,0
1508090649,s2-eth2,1578.00,36336.00,37914.00,36336,1578,21.00,24.00,45.00,24,21,0.00,0.00,0,0
1508090649,s2-eth1,28766.00,1492.00,30258.00,1492,28766,19.00,20.00,39.00,20,19,0.00,0.00,0,0
1508090649,lo,0.00,0.00,0.00,0,0,0.00,0.00,0.00,0,0,0.00,0.00,0,0
1508090649,total,292314.00,308808.00,601122.00,308808,292314,363.00,372.00,735.00,372,363,0.00,0.00,0,0
1508090650,s1,0.00,0.00,0.00,0,0,0.00,0.00,0.00,0,0,0.00,0.00,0,0
1508090650,eth0,0.00,0.00,0.00,0,0,0.00,0.00,0.00,0,0,0.00,0.00,0,0
1508090650,eth1,0.00,0.00,0.00,0,0,0.00,0.00,0.00,0,0,0.00,0.00,0,0
1508090650,s2,0.00,0.00,0.00,0,0,0.00,0.00,0.00,0,0,0.00,0.00,0,0
1508090650,s1-eth2,12378.00,251324.00,263702.00,251324,12378,159.00,166.00,325.00,166,159,0.00,0.00,0,0
1508090650,s1-eth1,249810.00,12378.00,262188.00,12378,249810,165.00,159.00,324.00,159,165,0.00,0.00,0,0
1508090650,s2-eth2,2082.00,46934.00,49016.00,46934,2082,27.00,31.00,58.00,31,27,0.00,0.00,0,0
1508090650,s2-eth1,52990.00,2082.00,55072.00,2082,52990,35.00,27.00,62.00,27,35,0.00,0.00,0,0
1508090650,lo,0.00,0.00,0.00,0,0,0.00,0.00,0.00,0,0,0.00,0.00,0,0
1508090650,total,317260.00,312718.00,629978.00,312718,317260,386.00,383.00,769.00,383,386,0.00,0.00,0,0
1508090651,s1,0.00,0.00,0.00,0,0,0.00,0.00,0.00,0,0,0.00,0.00,0,0
1508090651,eth0,0.00,0.00,0.00,0,0,0.00,0.00,0.00,0,0,0.00,0.00,0,0
1508090651,eth1,0.00,0.00,0.00,0,0,0.00,0.00,0.00,0,0,0.00,0.00,0,0
1508090651,s2,0.00,0.00,0.00,0,0,0.00,0.00,0.00,0,0,0.00,0.00,0,0
1508090651,s1-eth2,12249.75,260147.86,272397.62,260408,12262,160.84,171.83,332.67,172,161,0.00,0.00,0,0
1508090651,s1-eth1,249560.45,12323.68,261884.12,12336,249810,164.84,161.84,326.67,162,165,0.00,0.00,0,0
1508090651,s2-eth2,2865.14,55962.04,58827.18,56018,2868,33.97,36.96,70.93,37,34,0.00,0.00,0,0
1508090651,s2-eth1,46887.11,2597.40,49484.52,2600,46934,30.97,33.97,64.94,34,31,0.00,0.00,0,0
1508090651,lo,343.66,343.66,687.31,344,344,5.99,5.99,11.99,6,6,0.00,0.00,0,0
1508090651,total,311906.09,331374.62,643280.75,331706,312218,396.60,410.59,807.19,411,397,0.00,0.00,0,0
1508090652,s1,0.00,0.00,0.00,0,0,0.00,0.00,0.00,0,0,0.00,0.00,0,0
1508090652,eth0,0.00,0.00,0.00,0,0,0.00,0.00,0.00,0,0,0.00,0.00,0,0
1508090652,eth1,0.00,0.00,0.00,0,0,0.00,0.00,0.00,0,0,0.00,0.00,0,0
1508090652,s2,0.00,0.00,0.00,0,0,0.00,0.00,0.00,0,0,0.00,0.00,0,0
1508090652,s1-eth2,10952.00,258894.00,269846.00,258894,10952,148.00,171.00,319.00,171,148,0.00,0.00,0,0
1508090652,s1-eth1,251324.00,10952.00,262276.00,10952,251324,166.00,148.00,314.00,148,166,0.00,0.00,0,0
1508090652,s2-eth2,2168.00,52990.00,55158.00,52990,2168,28.00,35.00,63.00,35,28,0.00,0.00,0,0
1508090652,s2-eth1,59046.00,2168.00,61214.00,2168,59046,39.00,28.00,67.00,28,39,0.00,0.00,0,0
1508090652,lo,0.00,0.00,0.00,0,0,0.00,0.00,0.00,0,0,0.00,0.00,0,0
1508090652,total,323490.00,325004.00,648494.00,325004,323490,381.00,382.00,763.00,382,381,0.00,0.00,0,0
1508090653,s1,0.00,0.00,0.00,0,0,0.00,0.00,0.00,0,0,0.00,0.00,0,0
1508090653,eth0,0.00,0.00,0.00,0,0,0.00,0.00,0.00,0,0,0.00,0.00,0,0
1508090653,eth1,0.00,0.00,0.00,0,0,0.00,0.00,0.00,0,0,0.00,0.00,0,0
1508090653,s2,0.00,0.00,0.00,0,0,0.00,0.00,0.00,0,0,0.00,0.00,0,0
1508090653,s1-eth2,11526.00,254352.00,265878.00,254352,11526,145.00,168.00,313.00,168,145,0.00,0.00,0,0
1508090653,s1-eth1,249810.00,11452.00,261262.00,11452,249810,165.00,144.00,309.00,144,165,0.00,0.00,0,0
1508090653,s2-eth2,2960.00,71158.00,74118.00,71158,2960,40.00,47.00,87.00,47,40,0.00,0.00,0,0
1508090653,s2-eth1,62074.00,2886.00,64960.00,2886,62074,41.00,39.00,80.00,39,41,0.00,0.00,0,0
1508090653,lo,0.00,0.00,0.00,0,0,0.00,0.00,0.00,0,0,0.00,0.00,0,0
1508090653,total,326370.00,339848.00,666218.00,339848,326370,391.00,398.00,789.00,398,391,0.00,0.00,0,0
1508090654,s1,0.00,0.00,0.00,0,0,0.00,0.00,0.00,0,0,0.00,0.00,0,0
1508090654,eth0,0.00,0.00,0.00,0,0,0.00,0.00,0.00,0,0,0.00,0.00,0,0
1508090654,eth1,0.00,0.00,0.00,0,0,0.00,0.00,0.00,0,0,0.00,0.00,0,0
1508090654,s2,0.00,0.00,0.00,0,0,0.00,0.00,0.00,0,0,0.00,0.00,0,0
1508090654,s1-eth2,12318.00,255866.00,268184.00,255866,12318,161.00,169.00,330.00,169,161,0.00,0.00,0,0
1508090654,s1-eth1,249810.00,12318.00,262128.00,12318,249810,165.00,161.00,326.00,161,165,0.00,0.00,0,0
1508090654,s2-eth2,3058.00,81756.00,84814.00,81756,3058,41.00,54.00,95.00,54,41,0.00,0.00,0,0
1508090654,s2-eth1,87812.00,3058.00,90870.00,3058,87812,58.00,41.00,99.00,41,58,0.00,0.00,0,0
1508090654,lo,0.00,0.00,0.00,0,0,0.00,0.00,0.00,0,0,0.00,0.00,0,0
1508090654,total,352998.00,352998.00,705996.00,352998,352998,425.00,425.00,850.00,425,425,0.00,0.00,0,0
1508090655,s1,0.00,0.00,0.00,0,0,0.00,0.00,0.00,0,0,0.00,0.00,0,0
1508090655,eth0,0.00,0.00,0.00,0,0,0.00,0.00,0.00,0,0,0.00,0.00,0,0
1508090655,eth1,0.00,0.00,0.00,0,0,0.00,0.00,0.00,0,0,0.00,0.00,0,0
1508090655,s2,0.00,0.00,0.00,0,0,0.00,0.00,0.00,0,0,0.00,0.00,0,0
1508090655,s1-eth2,12269.73,254097.91,266367.62,254352,12282,158.84,167.83,326.67,168,159,0.00,0.00,0,0
1508090655,s1-eth1,249560.45,12343.66,261904.11,12356,249810,164.84,159.84,324.68,160,165,0.00,0.00,0,0
1508090655,s2-eth2,3656.34,95286.72,98943.06,95382,3660,47.95,62.94,110.89,63,48,0.00,0.00,0,0
1508090655,s2-eth1,84699.30,3656.34,88355.65,3660,84784,55.94,47.95,103.90,48,56,0.00,0.00,0,0
1508090655,lo,0.00,0.00,0.00,0,0,0.00,0.00,0.00,0,0,0.00,0.00,0,0
1508090655,total,350185.81,365384.62,715570.44,365750,350536,427.57,438.56,866.13,439,428,0.00,0.00,0,0
1508090656,s1,0.00,0.00,0.00,0,0,0.00,0.00,0.00,0,0,0.00,0.00,0,0
1508090656,eth0,0.00,0.00,0.00,0,0,0.00,0.00,0.00,0,0,0.00,0.00,0,0
1508090656,eth1,0.00,0.00,0.00,0,0,0.00,0.00,0.00,0,0,0.00,0.00,0,0
1508090656,s2,0.00,0.00,0.00,0,0,0.00,0.00,0.00,0,0,0.00,0.00,0,0
1508090656,s1-eth2,12051.95,257122.89,269174.84,257380,12064,157.84,169.83,327.67,170,158,0.00,0.00,0,0
1508090656,s1-eth1,251072.94,12051.95,263124.88,12064,251324,165.83,157.84,323.68,158,166,0.00,0.00,0,0
1508090656,s2-eth2,3110.89,65036.96,68147.85,65102,3114,38.96,42.96,81.92,43,39,0.00,0.00,0,0
1508090656,s2-eth1,71086.91,3110.89,74197.80,3114,71158,46.95,38.96,85.91,39,47,0.00,0.00,0,0
1508090656,lo,343.66,343.66,687.31,344,344,5.99,5.99,11.99,6,6,0.00,0.00,0,0
1508090656,total,337666.34,337666.34,675332.69,338004,338004,415.58,415.58,831.17,416,416,0.00,0.00,0,0
1508090657,s1,0.00,0.00,0.00,0,0,0.00,0.00,0.00,0,0,0.00,0.00,0,0
1508090657,eth0,0.00,0.00,0.00,0,0,0.00,0.00,0.00,0,0,0.00,0.00,0,0
1508090657,eth1,0.00,0.00,0.00,0,0,0.00,0.00,0.00,0,0,0.00,0.00,0,0
1508090657,s2,0.00,0.00,0.00,0,0,0.00,0.00,0.00,0,0,0.00,0.00,0,0
1508090657,s1-eth2,12511.49,258635.38,271146.88,258894,12524,161.84,170.83,332.67,171,162,0.00,0.00,0,0
1508090657,s1-eth1,249560.45,12437.56,261998.02,12450,249810,164.84,160.84,325.67,161,165,0.00,0.00,0,0
1508090657,s2-eth2,2227.77,55962.04,58189.81,56018,2230,28.97,36.96,65.93,37,29,0.00,0.00,0,0
1508090657,s2-eth1,51424.58,2227.77,53652.35,2230,51476,33.97,28.97,62.94,29,34,0.00,0.00,0,0
1508090657,lo,0.00,0.00,0.00,0,0,0.00,0.00,0.00,0,0,0.00,0.00,0,0
1508090657,total,315724.28,329262.75,644987.00,329592,316040,389.61,397.60,787.21,398,390,0.00,0.00,0,0
1508090658,s1,0.00,0.00,0.00,0,0,0.00,0.00,0.00,0,0,0.00,0.00,0,0
1508090658,eth0,0.00,0.00,0.00,0,0,0.00,0.00,0.00,0,0,0.00,0.00,0,0
1508090658,eth1,0.00,0.00,0.00,0,0,0.00,0.00,0.00,0,0,0.00,0.00,0,0
1508090658,s2,0.00,0.00,0.00,0,0,0.00,0.00,0.00,0,0,0.00,0.00,0,0
1508090658,s1-eth2,12042.00,254352.00,266394.00,254352,12042,159.00,168.00,327.00,168,159,0.00,0.00,0,0
1508090658,s1-eth1,249810.00,12042.00,261852.00,12042,249810,165.00,159.00,324.00,159,165,0.00,0.00,0,0
1508090658,s2-eth2,2294.00,68130.00,70424.00,68130,2294,31.00,45.00,76.00,45,31,0.00,0.00,0,0
1508090658,s2-eth1,71158.00,2294.00,73452.00,2294,71158,47.00,31.00,78.00,31,47,0.00,0.00,0,0
1508090658,lo,0.00,0.00,0.00,0,0,0.00,0.00,0.00,0,0,0.00,0.00,0,0
1508090658,total,335304.00,336818.00,672122.00,336818,335304,402.00,403.00,805.00,403,402,0.00,0.00,0,0
1508090659,s1,0.00,0.00,0.00,0,0,0.00,0.00,0.00,0,0,0.00,0.00,0,0
1508090659,eth0,456.00,735.00,1191.00,735,456,6.00,6.00,12.00,6,6,0.00,0.00,0,0
1508090659,eth1,0.00,0.00,0.00,0,0,0.00,0.00,0.00,0,0,0.00,0.00,0,0
1508090659,s2,0.00,0.00,0.00,0,0,0.00,0.00,0.00,0,0,0.00,0.00,0,0
1508090659,s1-eth2,12042.00,254352.00,266394.00,254352,12042,159.00,168.00,327.00,168,159,0.00,0.00,0,0
1508090659,s1-eth1,249810.00,11932.00,261742.00,11932,249810,165.00,158.00,323.00,158,165,0.00,0.00,0,0
1508090659,s2-eth2,4032.00,102952.00,106984.00,102952,4032,54.00,68.00,122.00,68,54,0.00,0.00,0,0
1508090659,s2-eth1,92354.00,3922.00,96276.00,3922,92354,61.00,53.00,114.00,53,61,0.00,0.00,0,0
1508090659,lo,1023.00,1023.00,2046.00,1023,1023,12.00,12.00,24.00,12,12,0.00,0.00,0,0
1508090659,total,359717.00,374916.00,734633.00,374916,359717,457.00,465.00,922.00,465,457,0.00,0.00,0,0
1508090660,s1,0.00,0.00,0.00,0,0,0.00,0.00,0.00,0,0,0.00,0.00,0,0
1508090660,eth0,152.00,245.00,397.00,245,152,2.00,2.00,4.00,2,2,0.00,0.00,0,0
1508090660,eth1,0.00,0.00,0.00,0,0,0.00,0.00,0.00,0,0,0.00,0.00,0,0
1508090660,s2,0.00,0.00,0.00,0,0,0.00,0.00,0.00,0,0,0.00,0.00,0,0
1508090660,s1-eth2,12738.00,251324.00,264062.00,251324,12738,161.00,166.00,327.00,166,161,0.00,0.00,0,0
1508090660,s1-eth1,250450.00,12208.00,262658.00,12208,250450,169.00,158.00,327.00,158,169,0.00,0.00,0,0
1508090660,s2-eth2,4850.00,90840.00,95690.00,90840,4850,57.00,60.00,117.00,60,57,0.00,0.00,0,0
1508090660,s2-eth1,94508.00,4320.00,98828.00,4320,94508,66.00,54.00,120.00,54,66,0.00,0.00,0,0
1508090660,lo,341.00,341.00,682.00,341,341,4.00,4.00,8.00,4,4,0.00,0.00,0,0
1508090660,total,363039.00,359278.00,722317.00,359278,363039,459.00,444.00,903.00,444,459,0.00,0.00,0,0
1508090661,s1,0.00,0.00,0.00,0,0,0.00,0.00,0.00,0,0,0.00,0.00,0,0
1508090661,eth0,608.00,980.00,1588.00,980,608,8.00,8.00,16.00,8,8,0.00,0.00,0,0
1508090661,eth1,0.00,0.00,0.00,0,0,0.00,0.00,0.00,0,0,0.00,0.00,0,0
1508090661,s2,0.00,0.00,0.00,0,0,0.00,0.00,0.00,0,0,0.00,0.00,0,0
1508090661,s1-eth2,14500.00,255866.00,270366.00,255866,14500,172.00,169.00,341.00,169,172,0.00,0.00,0,0
1508090661,s1-eth1,250699.00,12394.00,263093.00,12394,250699,171.00,161.00,332.00,161,171,0.00,0.00,0,0
1508090661,s2-eth2,4046.00,63588.00,67634.00,63588,4046,43.00,42.00,85.00,42,43,0.00,0.00,0,0
1508090661,s2-eth1,64822.00,2612.00,67434.00,2612,64822,49.00,34.00,83.00,34,49,0.00,0.00,0,0
1508090661,lo,1708.00,1708.00,3416.00,1708,1708,22.00,22.00,44.00,22,22,0.00,0.00,0,0
1508090661,total,336383.00,337148.00,673531.00,337148,336383,465.00,436.00,901.00,436,465,0.00,0.00,0,0
1508090662,s1,0.00,0.00,0.00,0,0,0.00,0.00,0.00,0,0,0.00,0.00,0,0
1508090662,eth0,151.85,244.76,396.60,245,152,2.00,2.00,4.00,2,2,0.00,0.00,0,0
1508090662,eth1,0.00,0.00,0.00,0,0,0.00,0.00,0.00,0,0,0.00,0.00,0,0
1508090662,s2,0.00,0.00,0.00,0,0,0.00,0.00,0.00,0,0,0.00,0.00,0,0
1508090662,s1-eth2,12441.56,258635.38,271076.94,258894,12454,159.84,170.83,330.67,171,160,0.00,0.00,0,0
1508090662,s1-eth1,249370.64,11806.19,261176.83,11818,249620,169.83,156.84,326.67,157,170,0.00,0.00,0,0
1508090662,s2-eth2,3588.41,77136.87,80725.27,77214,3592,38.96,50.95,89.91,51,39,0.00,0.00,0,0
1508090662,s2-eth1,73419.59,2623.38,76042.96,2626,73493,52.95,34.97,87.91,35,53,0.00,0.00,0,0
1508090662,lo,340.66,340.66,681.32,341,341,4.00,4.00,7.99,4,4,0.00,0.00,0,0
1508090662,total,339312.69,350787.22,690099.94,351138,339652,427.57,419.58,847.15,420,428,0.00,0.00,0,0
1508090663,s1,0.00,0.00,0.00,0,0,0.00,0.00,0.00,0,0,0.00,0.00,0,0
1508090663,eth0,0.00,0.00,0.00,0,0,0.00,0.00,0.00,0,0,0.00,0.00,0,0
1508090663,eth1,0.00,0.00,0.00,0,0,0.00,0.00,0.00,0,0,0.00,0.00,0,0
1508090663,s2,0.00,0.00,0.00,0,0,0.00,0.00,0.00,0,0,0.00,0.00,0,0
1508090663,s1-eth2,12463.00,248296.00,260759.00,248296,12463,159.00,164.00,323.00,164,159,0.00,0.00,0,0
1508090663,s1-eth1,250666.00,12136.00,262802.00,12136,250666,168.00,158.00,326.00,158,168,0.00,0.00,0,0
1508090663,s2-eth2,4145.00,69644.00,73789.00,69644,4145,48.00,46.00,94.00,46,48,0.00,0.00,0,0
1508090663,s2-eth1,74855.00,3476.00,78331.00,3476,74855,51.00,46.00,97.00,46,51,0.00,0.00,0,0
1508090663,lo,0.00,0.00,0.00,0,0,0.00,0.00,0.00,0,0,0.00,0.00,0,0
1508090663,total,342129.00,333552.00,675681.00,333552,342129,426.00,414.00,840.00,414,426,0.00,0.00,0,0
1508090664,s1,0.00,0.00,0.00,0,0,0.00,0.00,0.00,0,0,0.00,0.00,0,0
1508090664,eth0,60.00,60.00,120.00,60,60,1.00,1.00,2.00,1,1,0.00,0.00,0,0
1508090664,eth1,0.00,0.00,0.00,0,0,0.00,0.00,0.00,0,0,0.00,0.00,0,0
1508090664,s2,0.00,0.00,0.00,0,0,0.00,0.00,0.00,0,0,0.00,0.00,0,0
1508090664,s1-eth2,9598.00,199848.00,209446.00,199848,9598,120.00,132.00,252.00,132,120,0.00,0.00,0,0
1508090664,s1-eth1,186329.00,9224.00,195553.00,9224,186329,124.00,118.00,242.00,118,124,0.00,0.00,0,0
1508090664,s2-eth2,3602.00,80242.00,83844.00,80242,3602,44.00,53.00,97.00,53,44,0.00,0.00,0,0
1508090664,s2-eth1,73046.00,3228.00,76274.00,3228,73046,50.00,42.00,92.00,42,50,0.00,0.00,0,0
1508090664,lo,0.00,0.00,0.00,0,0,0.00,0.00,0.00,0,0,0.00,0.00,0,0
1508090664,total,272635.00,292602.00,565237.00,292602,272635,339.00,346.00,685.00,346,339,0.00,0.00,0,0
1508090665,s1,0.00,0.00,0.00,0,0,0.00,0.00,0.00,0,0,0.00,0.00,0,0
1508090665,eth0,0.00,0.00,0.00,0,0,0.00,0.00,0.00,0,0,0.00,0.00,0,0
1508090665,eth1,0.00,0.00,0.00,0,0,0.00,0.00,0.00,0,0,0.00,0.00,0,0
1508090665,s2,0.00,0.00,0.00,0,0,0.00,0.00,0.00,0,0,0.00,0.00,0,0
1508090665,s1-eth2,12614.39,261660.34,274274.72,261922,12627,164.84,172.83,337.66,173,165,0.00,0.00,0,0
1508090665,s1-eth1,251736.27,12217.78,263954.06,12230,251988,168.83,162.84,331.67,163,169,0.00,0.00,0,0
1508090665,s2-eth2,2688.31,83186.81,85875.12,83270,2691,32.97,54.95,87.91,55,33,0.00,0.00,0,0
1508090665,s2-eth1,88120.88,2291.71,90412.59,2294,88209,59.94,30.97,90.91,31,60,0.00,0.00,0,0
1508090665,lo,0.00,0.00,0.00,0,0,0.00,0.00,0.00,0,0,0.00,0.00,0,0
1508090665,total,355159.84,359356.66,714516.50,359716,355515,426.57,421.58,848.15,422,427,0.00,0.00,0,0
1508090666,s1,0.00,0.00,0.00,0,0,0.00,0.00,0.00,0,0,0.00,0.00,0,0
1508090666,eth0,0.00,0.00,0.00,0,0,0.00,0.00,0.00,0,0,0.00,0.00,0,0
1508090666,eth1,0.00,0.00,0.00,0,0,0.00,0.00,0.00,0,0,0.00,0.00,0,0
1508090666,s2,0.00,0.00,0.00,0,0,0.00,0.00,0.00,0,0,0.00,0.00,0,0
1508090666,s1-eth2,12440.00,252838.00,265278.00,252838,12440,162.00,167.00,329.00,167,162,0.00,0.00,0,0
1508090666,s1-eth1,249810.00,12440.00,262250.00,12440,249810,165.00,162.00,327.00,162,165,0.00,0.00,0,0
1508090666,s2-eth2,3960.00,77214.00,81174.00,77214,3960,50.00,51.00,101.00,51,50,0.00,0.00,0,0
1508090666,s2-eth1,75700.00,3960.00,79660.00,3960,75700,50.00,50.00,100.00,50,50,0.00,0.00,0,0
1508090666,lo,344.00,344.00,688.00,344,344,6.00,6.00,12.00,6,6,0.00,0.00,0,0
1508090666,total,342254.00,346796.00,689050.00,346796,342254,433.00,436.00,869.00,436,433,0.00,0.00,0,0
1508090667,s1,0.00,0.00,0.00,0,0,0.00,0.00,0.00,0,0,0.00,0.00,0,0
1508090667,eth0,0.00,0.00,0.00,0,0,0.00,0.00,0.00,0,0,0.00,0.00,0,0
1508090667,eth1,0.00,0.00,0.00,0,0,0.00,0.00,0.00,0,0,0.00,0.00,0,0
1508090667,s2,0.00,0.00,0.00,0,0,0.00,0.00,0.00,0,0,0.00,0.00,0,0
1508090667,s1-eth2,12396.00,252838.00,265234.00,252838,12396,158.00,167.00,325.00,167,158,0.00,0.00,0,0
1508090667,s1-eth1,250152.00,12054.00,262206.00,12054,250152,166.00,157.00,323.00,157,166,0.00,0.00,0,0
1508090667,s2-eth2,2244.00,57532.00,59776.00,57532,2244,30.00,38.00,68.00,38,30,0.00,0.00,0,0
1508090667,s2-eth1,51476.00,2244.00,53720.00,2244,51476,34.00,30.00,64.00,30,34,0.00,0.00,0,0
1508090667,lo,0.00,0.00,0.00,0,0,0.00,0.00,0.00,0,0,0.00,0.00,0,0
1508090667,total,316268.00,324668.00,640936.00,324668,316268,388.00,392.00,780.00,392,388,0.00,0.00,0,0
1508090668,s1,0.00,0.00,0.00,0,0,0.00,0.00,0.00,0,0,0.00,0.00,0,0
1508090668,eth0,0.00,0.00,0.00,0,0,0.00,0.00,0.00,0,0,0.00,0.00,0,0
1508090668,eth1,0.00,0.00,0.00,0,0,0.00,0.00,0.00,0,0,0.00,0.00,0,0
1508090668,s2,0.00,0.00,0.00,0,0,0.00,0.00,0.00,0,0,0.00,0.00,0,0
1508090668,s1-eth2,12112.89,255610.39,267723.28,255866,12125,159.84,168.83,328.67,169,160,0.00,0.00,0,0
1508090668,s1-eth1,249667.34,12099.90,261767.23,12112,249917,165.83,159.84,325.67,160,166,0.00,0.00,0,0
1508090668,s2-eth2,2420.58,55962.04,58382.62,56018,2423,30.97,36.96,67.93,37,31,0.00,0.00,0,0
1508090668,s2-eth1,59093.91,2313.69,61407.59,2316,59153,39.96,29.97,69.93,30,40,0.00,0.00,0,0
1508090668,lo,0.00,0.00,0.00,0,0,0.00,0.00,0.00,0,0,0.00,0.00,0,0
1508090668,total,323294.72,325986.03,649280.75,326312,323618,396.60,395.60,792.21,396,397,0.00,0.00,0,0
1508090669,s1,0.00,0.00,0.00,0,0,0.00,0.00,0.00,0,0,0.00,0.00,0,0
1508090669,eth0,0.00,0.00,0.00,0,0,0.00,0.00,0.00,0,0,0.00,0.00,0,0
1508090669,eth1,0.00,0.00,0.00,0,0,0.00,0.00,0.00,0,0,0.00,0.00,0,0
1508090669,s2,0.00,0.00,0.00,0,0,0.00,0.00,0.00,0,0,0.00,0.00,0,0
1508090669,s1-eth2,11930.00,257380.00,269310.00,257380,11930,155.00,170.00,325.00,170,155,0.00,0.00,0,0
1508090669,s1-eth1,251394.00,11840.00,263234.00,11840,251394,167.00,154.00,321.00,154,167,0.00,0.00,0,0
1508090669,s2-eth2,3002.00,69644.00,72646.00,69644,3002,37.00,46.00,83.00,46,37,0.00,0.00,0,0
1508090669,s2-eth1,66686.00,2590.00,69276.00,2590,66686,45.00,35.00,80.00,35,45,0.00,0.00,0,0
1508090669,lo,0.00,0.00,0.00,0,0,0.00,0.00,0.00,0,0,0.00,0.00,0,0
1508090669,total,333012.00,341454.00,674466.00,341454,333012,404.00,405.00,809.00,405,404,0.00,0.00,0,0
1508090670,s1,0.00,0.00,0.00,0,0,0.00,0.00,0.00,0,0,0.00,0.00,0,0
1508090670,eth0,0.00,0.00,0.00,0,0,0.00,0.00,0.00,0,0,0.00,0.00,0,0
1508090670,eth1,0.00,0.00,0.00,0,0,0.00,0.00,0.00,0,0,0.00,0.00,0,0
1508090670,s2,0.00,0.00,0.00,0,0,0.00,0.00,0.00,0,0,0.00,0.00,0,0
1508090670,s1-eth2,12201.80,255610.39,267812.19,255866,12214,158.84,168.83,327.67,169,159,0.00,0.00,0,0
1508090670,s1-eth1,249560.45,12127.87,261688.31,12140,249810,164.84,157.84,322.68,158,165,0.00,0.00,0,0
1508090670,s2-eth2,3372.63,87724.28,91096.91,87812,3376,43.96,57.94,101.90,58,44,0.00,0.00,0,0
1508090670,s2-eth1,83528.48,3372.63,86901.10,3376,83612,55.94,43.96,99.90,44,56,0.00,0.00,0,0
1508090670,lo,0.00,0.00,0.00,0,0,0.00,0.00,0.00,0,0,0.00,0.00,0,0
1508090670,total,348663.34,358835.19,707498.50,359194,349012,423.58,428.57,852.15,429,424,0.00,0.00,0,0
1508090671,s1,0.00,0.00,0.00,0,0,0.00,0.00,0.00,0,0,0.00,0.00,0,0
1508090671,eth0,0.00,0.00,0.00,0,0,0.00,0.00,0.00,0,0,0.00,0.00,0,0
1508090671,eth1,0.00,0.00,0.00,0,0,0.00,0.00,0.00,0,0,0.00,0.00,0,0
1508090671,s2,0.00,0.00,0.00,0,0,0.00,0.00,0.00,0,0,0.00,0.00,0,0
1508090671,s1-eth2,12518.00,260408.00,272926.00,260408,12518,161.00,172.00,333.00,172,161,0.00,0.00,0,0
1508090671,s1-eth1,249810.00,12518.00,262328.00,12518,249810,165.00,161.00,326.00,161,165,0.00,0.00,0,0
1508090671,s2-eth2,3388.00,83270.00,86658.00,83270,3388,44.00,55.00,99.00,55,44,0.00,0.00,0,0
1508090671,s2-eth1,86298.00,3388.00,89686.00,3388,86298,57.00,44.00,101.00,44,57,0.00,0.00,0,0
1508090671,lo,344.00,344.00,688.00,344,344,6.00,6.00,12.00,6,6,0.00,0.00,0,0
1508090671,total,352358.00,359928.00,712286.00,359928,352358,433.00,438.00,871.00,438,433,0.00,0.00,0,0
1508090672,s1,0.00,0.00,0.00,0,0,0.00,0.00,0.00,0,0,0.00,0.00,0,0
1508090672,eth0,0.00,0.00,0.00,0,0,0.00,0.00,0.00,0,0,0.00,0.00,0,0
1508090672,eth1,0.00,0.00,0.00,0,0,0.00,0.00,0.00,0,0,0.00,0.00,0,0
1508090672,s2,0.00,0.00,0.00,0,0,0.00,0.00,0.00,0,0,0.00,0.00,0,0
1508090672,s1-eth2,12384.00,261922.00,274306.00,261922,12384,160.00,173.00,333.00,173,160,0.00,0.00,0,0
1508090672,s1-eth1,249810.00,12116.00,261926.00,12116,249810,165.00,160.00,325.00,160,165,0.00,0.00,0,0
1508090672,s2-eth2,3568.00,71158.00,74726.00,71158,3568,44.00,47.00,91.00,47,44,0.00,0.00,0,0
1508090672,s2-eth1,65102.00,3642.00,68744.00,3642,65102,43.00,45.00,88.00,45,43,0.00,0.00,0,0
1508090672,lo,0.00,0.00,0.00,0,0,0.00,0.00,0.00,0,0,0.00,0.00,0,0
1508090672,total,330864.00,348838.00,679702.00,348838,330864,412.00,425.00,837.00,425,412,0.00,0.00,0,0
1508090673,s1,0.00,0.00,0.00,0,0,0.00,0.00,0.00,0,0,0.00,0.00,0,0
1508090673,eth0,0.00,0.00,0.00,0,0,0.00,0.00,0.00,0,0,0.00,0.00,0,0
1508090673,eth1,0.00,0.00,0.00,0,0,0.00,0.00,0.00,0,0,0.00,0.00,0,0
1508090673,s2,0.00,0.00,0.00,0,0,0.00,0.00,0.00,0,0,0.00,0.00,0,0
1508090673,s1-eth2,12236.00,249810.00,262046.00,249810,12236,160.00,165.00,325.00,165,160,0.00,0.00,0,0
1508090673,s1-eth1,251324.00,12236.00,263560.00,12236,251324,166.00,160.00,326.00,160,166,0.00,0.00,0,0
1508090673,s2-eth2,3228.00,75700.00,78928.00,75700,3228,42.00,50.00,92.00,50,42,0.00,0.00,0,0
1508090673,s2-eth1,74186.00,3154.00,77340.00,3154,74186,49.00,41.00,90.00,41,49,0.00,0.00,0,0
1508090673,lo,0.00,0.00,0.00,0,0,0.00,0.00,0.00,0,0,0.00,0.00,0,0
1508090673,total,340974.00,340900.00,681874.00,340900,340974,417.00,416.00,833.00,416,417,0.00,0.00,0,0
1508090674,s1,0.00,0.00,0.00,0,0,0.00,0.00,0.00,0,0,0.00,0.00,0,0
1508090674,eth0,0.00,0.00,0.00,0,0,0.00,0.00,0.00,0,0,0.00,0.00,0,0
1508090674,eth1,0.00,0.00,0.00,0,0,0.00,0.00,0.00,0,0,0.00,0.00,0,0
1508090674,s2,0.00,0.00,0.00,0,0,0.00,0.00,0.00,0,0,0.00,0.00,0,0
1508090674,s1-eth2,12166.00,261922.00,274088.00,261922,12166,157.00,173.00,330.00,173,157,0.00,0.00,0,0
1508090674,s1-eth1,249810.00,12092.00,261902.00,12092,249810,165.00,156.00,321.00,156,165,0.00,0.00,0,0
1508090674,s2-eth2,3404.00,87812.00,91216.00,87812,3404,46.00,58.00,104.00,58,46,0.00,0.00,0,0
1508090674,s2-eth1,83270.00,3404.00,86674.00,3404,83270,55.00,46.00,101.00,46,55,0.00,0.00,0,0
1508090674,lo,0.00,0.00,0.00,0,0,0.00,0.00,0.00,0,0,0.00,0.00,0,0
1508090674,total,348650.00,365230.00,713880.00,365230,348650,423.00,433.00,856.00,433,423,0.00,0.00,0,0
1508090675,s1,0.00,0.00,0.00,0,0,0.00,0.00,0.00,0,0,0.00,0.00,0,0
1508090675,eth0,0.00,0.00,0.00,0,0,0.00,0.00,0.00,0,0,0.00,0.00,0,0
1508090675,eth1,0.00,0.00,0.00,0,0,0.00,0.00,0.00,0,0,0.00,0.00,0,0
1508090675,s2,0.00,0.00,0.00,0,0,0.00,0.00,0.00,0,0,0.00,0.00,0,0
1508090675,s1-eth2,11736.00,257380.00,269116.00,257380,11736,152.00,170.00,322.00,170,152,0.00,0.00,0,0
1508090675,s1-eth1,240726.00,11736.00,252462.00,11736,240726,159.00,152.00,311.00,152,159,0.00,0.00,0,0
1508090675,s2-eth2,2944.00,81756.00,84700.00,81756,2944,38.00,54.00,92.00,54,38,0.00,0.00,0,0
1508090675,s2-eth1,83270.00,2944.00,86214.00,2944,83270,55.00,38.00,93.00,38,55,0.00,0.00,0,0
1508090675,lo,0.00,0.00,0.00,0,0,0.00,0.00,0.00,0,0,0.00,0.00,0,0
1508090675,total,338676.00,353816.00,692492.00,353816,338676,404.00,414.00,818.00,414,404,0.00,0.00,0,0
1508090676,s1,0.00,0.00,0.00,0,0,0.00,0.00,0.00,0,0,0.00,0.00,0,0
1508090676,eth0,0.00,0.00,0.00,0,0,0.00,0.00,0.00,0,0,0.00,0.00,0,0
1508090676,eth1,0.00,0.00,0.00,0,0,0.00,0.00,0.00,0,0,0.00,0.00,0,0
1508090676,s2,0.00,0.00,0.00,0,0,0.00,0.00,0.00,0,0,0.00,0.00,0,0
1508090676,s1-eth2,11985.00,258894.00,270879.00,258894,11985,158.00,171.00,329.00,171,158,0.00,0.00,0,0
1508090676,s1-eth1,249917.00,11878.00,261795.00,11878,249917,166.00,157.00,323.00,157,166,0.00,0.00,0,0
1508090676,s2-eth2,2401.00,96896.00,99297.00,96896,2401,32.00,64.00,96.00,64,32,0.00,0.00,0,0
1508090676,s2-eth1,97003.00,2294.00,99297.00,2294,97003,65.00,31.00,96.00,31,65,0.00,0.00,0,0
1508090676,lo,344.00,344.00,688.00,344,344,6.00,6.00,12.00,6,6,0.00,0.00,0,0
1508090676,total,361650.00,370306.00,731956.00,370306,361650,427.00,429.00,856.00,429,427,0.00,0.00,0,0
1508090677,s1,0.00,0.00,0.00,0,0,0.00,0.00,0.00,0,0,0.00,0.00,0,0
1508090677,eth0,0.00,0.00,0.00,0,0,0.00,0.00,0.00,0,0,0.00,0.00,0,0
1508090677,eth1,0.00,0.00,0.00,0,0,0.00,0.00,0.00,0,0,0.00,0.00,0,0
1508090677,s2,0.00,0.00,0.00,0,0,0.00,0.00,0.00,0,0,0.00,0.00,0,0
1508090677,s1-eth2,12538.00,257380.00,269918.00,257380,12538,161.00,170.00,331.00,170,161,0.00,0.00,0,0
1508090677,s1-eth1,250152.00,12538.00,262690.00,12538,250152,166.00,161.00,327.00,161,166,0.00,0.00,0,0
1508090677,s2-eth2,3428.00,105980.00,109408.00,105980,3428,46.00,70.00,116.00,70,46,0.00,0.00,0,0
1508090677,s2-eth1,99924.00,3428.00,103352.00,3428,99924,66.00,46.00,112.00,46,66,0.00,0.00,0,0
1508090677,lo,0.00,0.00,0.00,0,0,0.00,0.00,0.00,0,0,0.00,0.00,0,0
1508090677,total,366042.00,379326.00,745368.00,379326,366042,439.00,447.00,886.00,447,439,0.00,0.00,0,0
1508090678,s1,0.00,0.00,0.00,0,0,0.00,0.00,0.00,0,0,0.00,0.00,0,0
1508090678,eth0,0.00,0.00,0.00,0,0,0.00,0.00,0.00,0,0,0.00,0.00,0,0
1508090678,eth1,0.00,0.00,0.00,0,0,0.00,0.00,0.00,0,0,0.00,0.00,0,0
1508090678,s2,0.00,0.00,0.00,0,0,0.00,0.00,0.00,0,0,0.00,0.00,0,0
1508090678,s1-eth2,12046.00,254394.00,266440.00,254394,12046,159.00,169.00,328.00,169,159,0.00,0.00,0,0
1508090678,s1-eth1,249852.00,12046.00,261898.00,12046,249852,166.00,159.00,325.00,159,166,0.00,0.00,0,0
1508090678,s2-eth2,3754.00,95382.00,99136.00,95382,3754,47.00,63.00,110.00,63,47,0.00,0.00,0,0
1508090678,s2-eth1,99924.00,3754.00,103678.00,3754,99924,66.00,47.00,113.00,47,66,0.00,0.00,0,0
1508090678,lo,592.00,592.00,1184.00,592,592,6.00,6.00,12.00,6,6,0.00,0.00,0,0
1508090678,total,366168.00,366168.00,732336.00,366168,366168,444.00,444.00,888.00,444,444,0.00,0.00,0,0
1508090679,s1,0.00,0.00,0.00,0,0,0.00,0.00,0.00,0,0,0.00,0.00,0,0
1508090679,eth0,0.00,0.00,0.00,0,0,0.00,0.00,0.00,0,0,0.00,0.00,0,0
1508090679,eth1,0.00,0.00,0.00,0,0,0.00,0.00,0.00,0,0,0.00,0.00,0,0
1508090679,s2,0.00,0.00,0.00,0,0,0.00,0.00,0.00,0,0,0.00,0.00,0,0
1508090679,s1-eth2,12222.00,255866.00,268088.00,255866,12222,159.00,169.00,328.00,169,159,0.00,0.00,0,0
1508090679,s1-eth1,249810.00,12222.00,262032.00,12222,249810,165.00,159.00,324.00,159,165,0.00,0.00,0,0
1508090679,s2-eth2,3374.00,75700.00,79074.00,75700,3374,43.00,50.00,93.00,50,43,0.00,0.00,0,0
1508090679,s2-eth1,65102.00,3374.00,68476.00,3374,65102,43.00,43.00,86.00,43,43,0.00,0.00,0,0
1508090679,lo,0.00,0.00,0.00,0,0,0.00,0.00,0.00,0,0,0.00,0.00,0,0
1508090679,total,330508.00,347162.00,677670.00,347162,330508,410.00,421.00,831.00,421,410,0.00,0.00,0,0
1508090680,s1,0.00,0.00,0.00,0,0,0.00,0.00,0.00,0,0,0.00,0.00,0,0
1508090680,eth0,0.00,0.00,0.00,0,0,0.00,0.00,0.00,0,0,0.00,0.00,0,0
1508090680,eth1,0.00,0.00,0.00,0,0,0.00,0.00,0.00,0,0,0.00,0.00,0,0
1508090680,s2,0.00,0.00,0.00,0,0,0.00,0.00,0.00,0,0,0.00,0.00,0,0
1508090680,s1-eth2,12249.75,263172.84,275422.59,263436,12262,158.84,173.83,332.67,174,159,0.00,0.00,0,0
1508090680,s1-eth1,248047.95,12323.68,260371.64,12336,248296,163.84,159.84,323.68,160,164,0.00,0.00,0,0
1508090680,s2-eth2,2513.49,80161.84,82675.33,80242,2516,33.97,52.95,86.91,53,34,0.00,0.00,0,0
1508090680,s2-eth1,90749.25,2513.49,93262.74,2516,90840,59.94,33.97,93.91,34,60,0.00,0.00,0,0
1508090680,lo,0.00,0.00,0.00,0,0,0.00,0.00,0.00,0,0,0.00,0.00,0,0
1508090680,total,353560.44,358171.84,711732.31,358530,353914,416.58,420.58,837.16,421,417,0.00,0.00,0,0
1508090681,s1,0.00,0.00,0.00,0,0,0.00,0.00,0.00,0,0,0.00,0.00,0,0
1508090681,eth0,0.00,0.00,0.00,0,0,0.00,0.00,0.00,0,0,0.00,0.00,0,0
1508090681,eth1,0.00,0.00,0.00,0,0,0.00,0.00,0.00,0,0,0.00,0.00,0,0
1508090681,s2,0.00,0.00,0.00,0,0,0.00,0.00,0.00,0,0,0.00,0.00,0,0
1508090681,s1-eth2,12516.00,254352.00,266868.00,254352,12516,162.00,168.00,330.00,168,162,0.00,0.00,0,0
1508090681,s1-eth1,249810.00,12442.00,262252.00,12442,249810,165.00,161.00,326.00,161,165,0.00,0.00,0,0
1508090681,s2-eth2,3552.00,115064.00,118616.00,115064,3552,48.00,76.00,124.00,76,48,0.00,0.00,0,0
1508090681,s2-eth1,99924.00,3552.00,103476.00,3552,99924,66.00,48.00,114.00,48,66,0.00,0.00,0,0
1508090681,lo,172.00,172.00,344.00,172,172,3.00,3.00,6.00,3,3,0.00,0.00,0,0
1508090681,total,365974.00,385582.00,751556.00,385582,365974,444.00,456.00,900.00,456,444,0.00,0.00,0,0
1508090682,s1,0.00,0.00,0.00,0,0,0.00,0.00,0.00,0,0,0.00,0.00,0,0
1508090682,eth0,0.00,0.00,0.00,0,0,0.00,0.00,0.00,0,0,0.00,0.00,0,0
1508090682,eth1,0.00,0.00,0.00,0,0,0.00,0.00,0.00,0,0,0.00,0.00,0,0
1508090682,s2,0.00,0.00,0.00,0,0,0.00,0.00,0.00,0,0,0.00,0.00,0,0
1508090682,s1-eth2,12763.24,267710.31,280473.53,267978,12776,159.84,176.82,336.66,177,160,0.00,0.00,0,0
1508090682,s1-eth1,246535.47,12421.58,258957.05,12434,246782,162.84,158.84,321.68,159,163,0.00,0.00,0,0
1508090682,s2-eth2,5250.75,111924.08,117174.83,112036,5256,65.93,73.93,139.86,74,66,0.00,0.00,0,0
1508090682,s2-eth1,122511.49,5250.75,127762.24,5256,122634,80.92,65.93,146.85,66,81,0.00,0.00,0,0
1508090682,lo,171.83,171.83,343.66,172,172,3.00,3.00,5.99,3,3,0.00,0.00,0,0
1508090682,total,387232.78,397478.53,784711.31,397876,387620,472.53,478.52,951.05,479,473,0.00,0.00,0,0
1508090683,s1,0.00,0.00,0.00,0,0,0.00,0.00,0.00,0,0,0.00,0.00,0,0
1508090683,eth0,0.00,0.00,0.00,0,0,0.00,0.00,0.00,0,0,0.00,0.00,0,0
1508090683,eth1,0.00,0.00,0.00,0,0,0.00,0.00,0.00,0,0,0.00,0.00,0,0
1508090683,s2,0.00,0.00,0.00,0,0,0.00,0.00,0.00,0,0,0.00,0.00,0,0
1508090683,s1-eth2,12394.00,254352.00,266746.00,254352,12394,163.00,168.00,331.00,168,163,0.00,0.00,0,0
1508090683,s1-eth1,249810.00,12394.00,262204.00,12394,249810,165.00,163.00,328.00,163,165,0.00,0.00,0,0
1508090683,s2-eth2,3980.00,71158.00,75138.00,71158,3980,46.00,47.00,93.00,47,46,0.00,0.00,0,0
1508090683,s2-eth1,60560.00,3638.00,64198.00,3638,60560,40.00,45.00,85.00,45,40,0.00,0.00,0,0
1508090683,lo,0.00,0.00,0.00,0,0,0.00,0.00,0.00,0,0,0.00,0.00,0,0
1508090683,total,326744.00,341542.00,668286.00,341542,326744,414.00,423.00,837.00,423,414,0.00,0.00,0,0
1508090684,s1,0.00,0.00,0.00,0,0,0.00,0.00,0.00,0,0,0.00,0.00,0,0
1508090684,eth0,87.00,0.00,87.00,0,87,1.00,0.00,1.00,0,1,0.00,0.00,0,0
1508090684,eth1,0.00,0.00,0.00,0,0,0.00,0.00,0.00,0,0,0.00,0.00,0,0
1508090684,s2,0.00,0.00,0.00,0,0,0.00,0.00,0.00,0,0,0.00,0.00,0,0
1508090684,s1-eth2,12248.00,257380.00,269628.00,257380,12248,156.00,170.00,326.00,170,156,0.00,0.00,0,0
1508090684,s1-eth1,240726.00,12248.00,252974.00,12248,240726,159.00,156.00,315.00,156,159,0.00,0.00,0,0
1508090684,s2-eth2,2268.00,72672.00,74940.00,72672,2268,30.00,48.00,78.00,48,30,0.00,0.00,0,0
1508090684,s2-eth1,76042.00,2268.00,78310.00,2268,76042,51.00,30.00,81.00,30,51,0.00,0.00,0,0
1508090684,lo,0.00,0.00,0.00,0,0,0.00,0.00,0.00,0,0,0.00,0.00,0,0
1508090684,total,331371.00,344568.00,675939.00,344568,331371,397.00,404.00,801.00,404,397,0.00,0.00,0,0
1508090685,s1,0.00,0.00,0.00,0,0,0.00,0.00,0.00,0,0,0.00,0.00,0,0
1508090685,eth0,0.00,0.00,0.00,0,0,0.00,0.00,0.00,0,0,0.00,0.00,0,0
1508090685,eth1,0.00,0.00,0.00,0,0,0.00,0.00,0.00,0,0,0.00,0.00,0,0
1508090685,s2,0.00,0.00,0.00,0,0,0.00,0.00,0.00,0,0,0.00,0.00,0,0
1508090685,s1-eth2,11762.00,258894.00,270656.00,258894,11762,157.00,171.00,328.00,171,157,0.00,0.00,0,0
1508090685,s1-eth1,251324.00,11836.00,263160.00,11836,251324,166.00,158.00,324.00,158,166,0.00,0.00,0,0
1508090685,s2-eth2,3164.00,62074.00,65238.00,62074,3164,40.00,41.00,81.00,41,40,0.00,0.00,0,0
1508090685,s2-eth1,57532.00,3164.00,60696.00,3164,57532,38.00,40.00,78.00,40,38,0.00,0.00,0,0
1508090685,lo,0.00,0.00,0.00,0,0,0.00,0.00,0.00,0,0,0.00,0.00,0,0
1508090685,total,323782.00,335968.00,659750.00,335968,323782,401.00,410.00,811.00,410,401,0.00,0.00,0,0
1508090686,s1,0.00,0.00,0.00,0,0,0.00,0.00,0.00,0,0,0.00,0.00,0,0
1508090686,eth0,0.00,0.00,0.00,0,0,0.00,0.00,0.00,0,0,0.00,0.00,0,0
1508090686,eth1,0.00,0.00,0.00,0,0,0.00,0.00,0.00,0,0,0.00,0.00,0,0
1508090686,s2,0.00,0.00,0.00,0,0,0.00,0.00,0.00,0,0,0.00,0.00,0,0
1508090686,s1-eth2,12289.71,254097.91,266387.62,254352,12302,160.84,167.83,328.67,168,161,0.00,0.00,0,0
1508090686,s1-eth1,249560.45,12215.78,261776.23,12228,249810,164.84,159.84,324.68,160,165,0.00,0.00,0,0
1508090686,s2-eth2,2055.94,51424.58,53480.52,51476,2058,26.97,33.97,60.94,34,27,0.00,0.00,0,0
1508090686,s2-eth1,52937.06,2055.94,54993.01,2058,52990,34.97,26.97,61.94,27,35,0.00,0.00,0,0
1508090686,lo,171.83,171.83,343.66,172,172,3.00,3.00,5.99,3,3,0.00,0.00,0,0
1508090686,total,317015.00,319966.03,636981.06,320286,317332,390.61,391.61,782.22,392,391,0.00,0.00,0,0
1508090687,s1,0.00,0.00,0.00,0,0,0.00,0.00,0.00,0,0,0.00,0.00,0,0
1508090687,eth0,106.89,0.00,106.89,0,107,1.00,0.00,1.00,0,1,0.00,0.00,0,0
1508090687,eth1,0.00,0.00,0.00,0,0,0.00,0.00,0.00,0,0,0.00,0.00,0,0
1508090687,s2,0.00,0.00,0.00,0,0,0.00,0.00,0.00,0,0,0.00,0.00,0,0
1508090687,s1-eth2,12427.57,252585.42,265013.00,252838,12440,159.84,166.83,326.67,167,160,0.00,0.00,0,0
1508090687,s1-eth1,249560.45,12427.57,261988.02,12440,249810,164.84,159.84,324.68,160,165,0.00,0.00,0,0
1508090687,s2-eth2,3422.58,77136.87,80559.45,77214,3426,44.96,50.95,95.90,51,45,0.00,0.00,0,0
1508090687,s2-eth1,71086.91,3422.58,74509.49,3426,71158,46.95,44.96,91.91,45,47,0.00,0.00,0,0
1508090687,lo,171.83,171.83,343.66,172,172,3.00,3.00,5.99,3,3,0.00,0.00,0,0
1508090687,total,336776.22,345744.25,682520.50,346090,337113,420.58,425.57,846.15,426,421,0.00,0.00,0,0
1508090688,s1,0.00,0.00,0.00,0,0,0.00,0.00,0.00,0,0,0.00,0.00,0,0
1508090688,eth0,0.00,0.00,0.00,0,0,0.00,0.00,0.00,0,0,0.00,0.00,0,0
1508090688,eth1,0.00,0.00,0.00,0,0,0.00,0.00,0.00,0,0,0.00,0.00,0,0
1508090688,s2,0.00,0.00,0.00,0,0,0.00,0.00,0.00,0,0,0.00,0.00,0,0
1508090688,s1-eth2,12352.00,264950.00,277302.00,264950,12352,160.00,175.00,335.00,175,160,0.00,0.00,0,0
1508090688,s1-eth1,248296.00,12352.00,260648.00,12352,248296,164.00,160.00,324.00,160,164,0.00,0.00,0,0
1508090688,s2-eth2,2736.00,78728.00,81464.00,78728,2736,36.00,52.00,88.00,52,36,0.00,0.00,0,0
1508090688,s2-eth1,77214.00,2736.00,79950.00,2736,77214,51.00,36.00,87.00,36,51,0.00,0.00,0,0
1508090688,lo,0.00,0.00,0.00,0,0,0.00,0.00,0.00,0,0,0.00,0.00,0,0
1508090688,total,340598.00,358766.00,699364.00,358766,340598,411.00,423.00,834.00,423,411,0.00,0.00,0,0
1508090689,s1,0.00,0.00,0.00,0,0,0.00,0.00,0.00,0,0,0.00,0.00,0,0
1508090689,eth0,0.00,0.00,0.00,0,0,0.00,0.00,0.00,0,0,0.00,0.00,0,0
1508090689,eth1,0.00,0.00,0.00,0,0,0.00,0.00,0.00,0,0,0.00,0.00,0,0
1508090689,s2,0.00,0.00,0.00,0,0,0.00,0.00,0.00,0,0,0.00,0.00,0,0
1508090689,s1-eth2,12217.78,260147.86,272365.66,260408,12230,158.84,171.83,330.67,172,159,0.00,0.00,0,0
1508090689,s1-eth1,251072.94,12291.71,263364.66,12304,251324,165.83,159.84,325.67,160,166,0.00,0.00,0,0
1508090689,s2-eth2,3224.78,89236.77,92461.54,89326,3228,41.96,58.94,100.90,59,42,0.00,0.00,0,0
1508090689,s2-eth1,86211.79,3224.78,89436.56,3228,86298,56.94,41.96,98.90,42,57,0.00,0.00,0,0
1508090689,lo,0.00,0.00,0.00,0,0,0.00,0.00,0.00,0,0,0.00,0.00,0,0
1508090689,total,352727.28,364901.09,717628.38,365266,353080,423.58,432.57,856.14,433,424,0.00,0.00,0,0
1508090690,s1,0.00,0.00,0.00,0,0,0.00,0.00,0.00,0,0,0.00,0.00,0,0
1508090690,eth0,0.00,0.00,0.00,0,0,0.00,0.00,0.00,0,0,0.00,0.00,0,0
1508090690,eth1,0.00,0.00,0.00,0,0,0.00,0.00,0.00,0,0,0.00,0.00,0,0
1508090690,s2,0.00,0.00,0.00,0,0,0.00,0.00,0.00,0,0,0.00,0.00,0,0
1508090690,s1-eth2,12410.00,254352.00,266762.00,254352,12410,161.00,168.00,329.00,168,161,0.00,0.00,0,0
1508090690,s1-eth1,249810.00,12336.00,262146.00,12336,249810,165.00,160.00,325.00,160,165,0.00,0.00,0,0
1508090690,s2-eth2,2994.00,68130.00,71124.00,68130,2994,39.00,45.00,84.00,45,39,0.00,0.00,0,0
1508090690,s2-eth1,69644.00,2994.00,72638.00,2994,69644,46.00,39.00,85.00,39,46,0.00,0.00,0,0
1508090690,lo,0.00,0.00,0.00,0,0,0.00,0.00,0.00,0,0,0.00,0.00,0,0
1508090690,total,334858.00,337812.00,672670.00,337812,334858,411.00,412.00,823.00,412,411,0.00,0.00,0,0
1508090691,s1,0.00,0.00,0.00,0,0,0.00,0.00,0.00,0,0,0.00,0.00,0,0
1508090691,eth0,0.00,0.00,0.00,0,0,0.00,0.00,0.00,0,0,0.00,0.00,0,0
1508090691,eth1,0.00,0.00,0.00,0,0,0.00,0.00,0.00,0,0,0.00,0.00,0,0
1508090691,s2,0.00,0.00,0.00,0,0,0.00,0.00,0.00,0,0,0.00,0.00,0,0
1508090691,s1-eth2,12140.00,257380.00,269520.00,257380,12140,160.00,170.00,330.00,170,160,0.00,0.00,0,0
1508090691,s1-eth1,249810.00,12140.00,261950.00,12140,249810,165.00,160.00,325.00,160,165,0.00,0.00,0,0
1508090691,s2-eth2,3196.00,77256.00,80452.00,77256,3196,42.00,52.00,94.00,52,42,0.00,0.00,0,0
1508090691,s2-eth1,75742.00,3196.00,78938.00,3196,75742,51.00,42.00,93.00,42,51,0.00,0.00,0,0
1508090691,lo,172.00,172.00,344.00,172,172,3.00,3.00,6.00,3,3,0.00,0.00,0,0
1508090691,total,341060.00,350144.00,691204.00,350144,341060,421.00,427.00,848.00,427,421,0.00,0.00,0,0
1508090692,s1,0.00,0.00,0.00,0,0,0.00,0.00,0.00,0,0,0.00,0.00,0,0
1508090692,eth0,0.00,0.00,0.00,0,0,0.00,0.00,0.00,0,0,0.00,0.00,0,0
1508090692,eth1,0.00,0.00,0.00,0,0,0.00,0.00,0.00,0,0,0.00,0.00,0,0
1508090692,s2,0.00,0.00,0.00,0,0,0.00,0.00,0.00,0,0,0.00,0.00,0,0
1508090692,s1-eth2,12578.42,255610.39,268188.81,255866,12591,164.84,168.83,333.67,169,165,0.00,0.00,0,0
1508090692,s1-eth1,249667.34,12471.53,262138.88,12484,249917,165.83,163.84,329.67,164,166,0.00,0.00,0,0
1508090692,s2-eth2,3067.93,72599.41,75667.34,72672,3071,38.96,47.95,86.91,48,39,0.00,0.00,0,0
1508090692,s2-eth1,66656.34,2961.04,69617.38,2964,66723,44.96,37.96,82.92,38,45,0.00,0.00,0,0
1508090692,lo,171.83,171.83,343.66,172,172,3.00,3.00,5.99,3,3,0.00,0.00,0,0
1508090692,total,332141.88,343814.19,675956.06,344158,332474,417.58,421.58,839.16,422,418,0.00,0.00,0,0
1508090693,s1,0.00,0.00,0.00,0,0,0.00,0.00,0.00,0,0,0.00,0.00,0,0
1508090693,eth0,0.00,0.00,0.00,0,0,0.00,0.00,0.00,0,0,0.00,0.00,0,0
1508090693,eth1,0.00,0.00,0.00,0,0,0.00,0.00,0.00,0,0,0.00,0.00,0,0
1508090693,s2,0.00,0.00,0.00,0,0,0.00,0.00,0.00,0,0,0.00,0.00,0,0
1508090693,s1-eth2,12182.00,255866.00,268048.00,255866,12182,159.00,169.00,328.00,169,159,0.00,0.00,0,0
1508090693,s1-eth1,250152.00,12182.00,262334.00,12182,250152,166.00,159.00,325.00,159,166,0.00,0.00,0,0
1508090693,s2-eth2,2760.00,75700.00,78460.00,75700,2760,36.00,50.00,86.00,50,36,0.00,0.00,0,0
1508090693,s2-eth1,81756.00,2760.00,84516.00,2760,81756,54.00,36.00,90.00,36,54,0.00,0.00,0,0
1508090693,lo,0.00,0.00,0.00,0,0,0.00,0.00,0.00,0,0,0.00,0.00,0,0
1508090693,total,346850.00,346508.00,693358.00,346508,346850,415.00,414.00,829.00,414,415,0.00,0.00,0,0
1508090694,s1,0.00,0.00,0.00,0,0,0.00,0.00,0.00,0,0,0.00,0.00,0,0
1508090694,eth0,0.00,0.00,0.00,0,0,0.00,0.00,0.00,0,0,0.00,0.00,0,0
1508090694,eth1,0.00,0.00,0.00,0,0,0.00,0.00,0.00,0,0,0.00,0.00,0,0
1508090694,s2,0.00,0.00,0.00,0,0,0.00,0.00,0.00,0,0,0.00,0.00,0,0
1508090694,s1-eth2,7596.00,145960.00,153556.00,145960,7596,102.00,100.00,202.00,100,102,0.00,0.00,0,0
1508090694,s1-eth1,156558.00,7596.00,164154.00,7596,156558,107.00,102.00,209.00,102,107,0.00,0.00,0,0
1508090694,s2-eth2,2550.00,48596.00,51146.00,48596,2550,33.00,34.00,67.00,34,33,0.00,0.00,0,0
1508090694,s2-eth1,48596.00,2550.00,51146.00,2550,48596,34.00,33.00,67.00,33,34,0.00,0.00,0,0
1508090694,lo,0.00,0.00,0.00,0,0,0.00,0.00,0.00,0,0,0.00,0.00,0,0
1508090694,total,215300.00,204702.00,420002.00,204702,215300,276.00,269.00,545.00,269,276,0.00,0.00,0,0
1508090695,s1,0.00,0.00,0.00,0,0,0.00,0.00,0.00,0,0,0.00,0.00,0,0
1508090695,eth0,0.00,0.00,0.00,0,0,0.00,0.00,0.00,0,0,0.00,0.00,0,0
1508090695,eth1,0.00,0.00,0.00,0,0,0.00,0.00,0.00,0,0,0.00,0.00,0,0
1508090695,s2,0.00,0.00,0.00,0,0,0.00,0.00,0.00,0,0,0.00,0.00,0,0
1508090695,s1-eth2,0.00,0.00,0.00,0,0,0.00,0.00,0.00,0,0,0.00,0.00,0,0
1508090695,s1-eth1,0.00,0.00,0.00,0,0,0.00,0.00,0.00,0,0,0.00,0.00,0,0
1508090695,s2-eth2,0.00,0.00,0.00,0,0,0.00,0.00,0.00,0,0,0.00,0.00,0,0
1508090695,s2-eth1,342.00,0.00,342.00,0,342,1.00,0.00,1.00,0,1,0.00,0.00,0,0
1508090695,lo,0.00,0.00,0.00,0,0,0.00,0.00,0.00,0,0,0.00,0.00,0,0
1508090695,total,342.00,0.00,342.00,0,342,1.00,0.00,1.00,0,1,0.00,0.00,0,0
1508090696,s1,0.00,0.00,0.00,0,0,0.00,0.00,0.00,0,0,0.00,0.00,0,0
1508090696,eth0,0.00,0.00,0.00,0,0,0.00,0.00,0.00,0,0,0.00,0.00,0,0
1508090696,eth1,0.00,0.00,0.00,0,0,0.00,0.00,0.00,0,0,0.00,0.00,0,0
1508090696,s2,0.00,0.00,0.00,0,0,0.00,0.00,0.00,0,0,0.00,0.00,0,0
1508090696,s1-eth2,0.00,0.00,0.00,0,0,0.00,0.00,0.00,0,0,0.00,0.00,0,0
1508090696,s1-eth1,0.00,0.00,0.00,0,0,0.00,0.00,0.00,0,0,0.00,0.00,0,0
1508090696,s2-eth2,0.00,0.00,0.00,0,0,0.00,0.00,0.00,0,0,0.00,0.00,0,0
1508090696,s2-eth1,0.00,0.00,0.00,0,0,0.00,0.00,0.00,0,0,0.00,0.00,0,0
1508090696,lo,172.00,172.00,344.00,172,172,3.00,3.00,6.00,3,3,0.00,0.00,0,0
1508090696,total,172.00,172.00,344.00,172,172,3.00,3.00,6.00,3,3,0.00,0.00,0,0
1508090697,s1,0.00,0.00,0.00,0,0,0.00,0.00,0.00,0,0,0.00,0.00,0,0
1508090697,eth0,0.00,0.00,0.00,0,0,0.00,0.00,0.00,0,0,0.00,0.00,0,0
1508090697,eth1,0.00,0.00,0.00,0,0,0.00,0.00,0.00,0,0,0.00,0.00,0,0
1508090697,s2,0.00,0.00,0.00,0,0,0.00,0.00,0.00,0,0,0.00,0.00,0,0
1508090697,s1-eth2,0.00,0.00,0.00,0,0,0.00,0.00,0.00,0,0,0.00,0.00,0,0
1508090697,s1-eth1,0.00,0.00,0.00,0,0,0.00,0.00,0.00,0,0,0.00,0.00,0,0
1508090697,s2-eth2,0.00,0.00,0.00,0,0,0.00,0.00,0.00,0,0,0.00,0.00,0,0
1508090697,s2-eth1,0.00,0.00,0.00,0,0,0.00,0.00,0.00,0,0,0.00,0.00,0,0
1508090697,lo,172.00,172.00,344.00,172,172,3.00,3.00,6.00,3,3,0.00,0.00,0,0
1508090697,total,172.00,172.00,344.00,172,