1508092161,s1,0.00,0.00,0.00,0,0,0.00,0.00,0.00,0,0,0.00,0.00,0,0
1508092161,eth0,0.00,0.00,0.00,0,0,0.00,0.00,0.00,0,0,0.00,0.00,0,0
1508092161,eth1,0.00,0.00,0.00,0,0,0.00,0.00,0.00,0,0,0.00,0.00,0,0
1508092161,s2,0.00,0.00,0.00,0,0,0.00,0.00,0.00,0,0,0.00,0.00,0,0
1508092161,s1-eth2,0.00,0.00,0.00,0,0,0.00,0.00,0.00,0,0,0.00,0.00,0,0
1508092161,s1-eth1,0.00,0.00,0.00,0,0,0.00,0.00,0.00,0,0,0.00,0.00,0,0
1508092161,s2-eth2,0.00,0.00,0.00,0,0,0.00,0.00,0.00,0,0,0.00,0.00,0,0
1508092161,s2-eth1,0.00,0.00,0.00,0,0,0.00,0.00,0.00,0,0,0.00,0.00,0,0
1508092161,lo,0.00,0.00,0.00,0,0,0.00,0.00,0.00,0,0,0.00,0.00,0,0
1508092161,total,0.00,0.00,0.00,0,0,0.00,0.00,0.00,0,0,0.00,0.00,0,0
1508092162,s1,90.00,160.00,250.00,160,90,1.00,2.00,3.00,2,1,0.00,0.00,0,0
1508092162,eth0,608.00,980.00,1588.00,980,608,8.00,8.00,16.00,8,8,0.00,0.00,0,0
1508092162,eth1,0.00,0.00,0.00,0,0,0.00,0.00,0.00,0,0,0.00,0.00,0,0
1508092162,s2,160.00,340.00,500.00,340,160,2.00,4.00,6.00,4,2,0.00,0.00,0,0
1508092162,s1-eth2,1414.00,160.00,1574.00,160,1414,9.00,2.00,11.00,2,9,0.00,0.00,0,0
1508092162,s1-eth1,1684.00,0.00,1684.00,0,1684,12.00,0.00,12.00,0,12,0.00,0.00,0,0
1508092162,s2-eth2,1754.00,90.00,1844.00,90,1754,13.00,1.00,14.00,1,13,0.00,0.00,0,0
1508092162,s2-eth1,1966.00,250.00,2216.00,250,1966,11.00,3.00,14.00,3,11,0.00,0.00,0,0
1508092162,lo,3792.00,3792.00,7584.00,3792,3792,41.00,41.00,82.00,41,41,0.00,0.00,0,0
1508092162,total,11468.00,5772.00,17240.00,5772,11468,97.00,61.00,158.00,61,97,0.00,0.00,0,0
1508092163,s1,0.00,90.00,90.00,90,0,0.00,1.00,1.00,1,0,0.00,0.00,0,0
1508092163,eth0,152.00,245.00,397.00,245,152,2.00,2.00,4.00,2,2,0.00,0.00,0,0
1508092163,eth1,0.00,0.00,0.00,0,0,0.00,0.00,0.00,0,0,0.00,0.00,0,0
1508092163,s2,90.00,0.00,90.00,0,90,1.00,0.00,1.00,0,1,0.00,0.00,0,0
1508092163,s1-eth2,1156.00,90.00,1246.00,90,1156,5.00,1.00,6.00,1,5,0.00,0.00,0,0
1508092163,s1-eth1,1371.00,0.00,1371.00,0,1371,5.00,0.00,5.00,0,5,0.00,0.00,0,0
1508092163,s2-eth2,1568.00,0.00,1568.00,0,1568,7.00,0.00,7.00,0,7,0.00,0.00,0,0
1508092163,s2-eth1,684.00,0.00,684.00,0,684,3.00,0.00,3.00,0,3,0.00,0.00,0,0
1508092163,lo,917.00,917.00,1834.00,917,917,10.00,10.00,20.00,10,10,0.00,0.00,0,0
1508092163,total,5938.00,1342.00,7280.00,1342,5938,33.00,14.00,47.00,14,33,0.00,0.00,0,0
1508092164,s1,0.00,0.00,0.00,0,0,0.00,0.00,0.00,0,0,0.00,0.00,0,0
1508092164,eth0,0.00,0.00,0.00,0,0,0.00,0.00,0.00,0,0,0.00,0.00,0,0
1508092164,eth1,0.00,0.00,0.00,0,0,0.00,0.00,0.00,0,0,0.00,0.00,0,0
1508092164,s2,0.00,0.00,0.00,0,0,0.00,0.00,0.00,0,0,0.00,0.00,0,0
1508092164,s1-eth2,669.00,0.00,669.00,0,669,2.00,0.00,2.00,0,2,0.00,0.00,0,0
1508092164,s1-eth1,327.00,0.00,327.00,0,327,1.00,0.00,1.00,0,1,0.00,0.00,0,0
1508092164,s2-eth2,327.00,0.00,327.00,0,327,1.00,0.00,1.00,0,1,0.00,0.00,0,0
1508092164,s2-eth1,107.00,0.00,107.00,0,107,1.00,0.00,1.00,0,1,0.00,0.00,0,0
1508092164,lo,0.00,0.00,0.00,0,0,0.00,0.00,0.00,0,0,0.00,0.00,0,0
1508092164,total,1430.00,0.00,1430.00,0,1430,5.00,0.00,5.00,0,5,0.00,0.00,0,0
1508092165,s1,70.00,70.00,140.00,70,70,1.00,1.00,2.00,1,1,0.00,0.00,0,0
1508092165,eth0,60.00,60.00,120.00,60,60,1.00,1.00,2.00,1,1,0.00,0.00,0,0
1508092165,eth1,0.00,0.00,0.00,0,0,0.00,0.00,0.00,0,0,0.00,0.00,0,0
1508092165,s2,0.00,70.00,70.00,70,0,0.00,1.00,1.00,1,0,0.00,0.00,0,0
1508092165,s1-eth2,289.00,42.00,331.00,42,289,4.00,1.00,5.00,1,4,0.00,0.00,0,0
1508092165,s1-eth1,219.00,112.00,331.00,112,219,3.00,2.00,5.00,2,3,0.00,0.00,0,0
1508092165,s2-eth2,107.00,70.00,177.00,70,107,1.00,1.00,2.00,1,1,0.00,0.00,0,0
1508092165,s2-eth1,337.00,0.00,337.00,0,337,2.00,0.00,2.00,0,2,0.00,0.00,0,0
1508092165,lo,1292.00,1292.00,2584.00,1292,1292,13.00,13.00,26.00,13,13,0.00,0.00,0,0
1508092165,total,2374.00,1716.00,4090.00,1716,2374,25.00,20.00,45.00,20,25,0.00,0.00,0,0
1508092166,s1,0.00,70.00,70.00,70,0,0.00,1.00,1.00,1,0,0.00,0.00,0,0
1508092166,eth0,0.00,0.00,0.00,0,0,0.00,0.00,0.00,0,0,0.00,0.00,0,0
1508092166,eth1,0.00,0.00,0.00,0,0,0.00,0.00,0.00,0,0,0.00,0.00,0,0
1508092166,s2,70.00,70.00,140.00,70,70,1.00,1.00,2.00,1,1,0.00,0.00,0,0
1508092166,s1-eth2,664.00,70.00,734.00,70,664,3.00,1.00,4.00,1,3,0.00,0.00,0,0
1508092166,s1-eth1,1076.00,0.00,1076.00,0,1076,5.00,0.00,5.00,0,5,0.00,0.00,0,0
1508092166,s2-eth2,804.00,0.00,804.00,0,804,5.00,0.00,5.00,0,5,0.00,0.00,0,0
1508092166,s2-eth1,809.00,70.00,879.00,70,809,4.00,1.00,5.00,1,4,0.00,0.00,0,0
1508092166,lo,856.00,856.00,1712.00,856,856,10.00,10.00,20.00,10,10,0.00,0.00,0,0
1508092166,total,4279.00,1136.00,5415.00,1136,4279,28.00,14.00,42.00,14,28,0.00,0.00,0,0
1508092167,s1,0.00,0.00,0.00,0,0,0.00,0.00,0.00,0,0,0.00,0.00,0,0
1508092167,eth0,0.00,0.00,0.00,0,0,0.00,0.00,0.00,0,0,0.00,0.00,0,0
1508092167,eth1,0.00,0.00,0.00,0,0,0.00,0.00,0.00,0,0,0.00,0.00,0,0
1508092167,s2,0.00,0.00,0.00,0,0,0.00,0.00,0.00,0,0,0.00,0.00,0,0
1508092167,s1-eth2,0.00,0.00,0.00,0,0,0.00,0.00,0.00,0,0,0.00,0.00,0,0
1508092167,s1-eth1,0.00,0.00,0.00,0,0,0.00,0.00,0.00,0,0,0.00,0.00,0,0
1508092167,s2-eth2,342.00,0.00,342.00,0,342,1.00,0.00,1.00,0,1,0.00,0.00,0,0
1508092167,s2-eth1,0.00,0.00,0.00,0,0,0.00,0.00,0.00,0,0,0.00,0.00,0,0
1508092167,lo,0.00,0.00,0.00,0,0,0.00,0.00,0.00,0,0,0.00,0.00,0,0
1508092167,total,342.00,0.00,342.00,0,342,1.00,0.00,1.00,0,1,0.00,0.00,0,0
1508092168,s1,0.00,0.00,0.00,0,0,0.00,0.00,0.00,0,0,0.00,0.00,0,0
1508092168,eth0,0.00,0.00,0.00,0,0,0.00,0.00,0.00,0,0,0.00,0.00,0,0
1508092168,eth1,0.00,0.00,0.00,0,0,0.00,0.00,0.00,0,0,0.00,0.00,0,0
1508092168,s2,0.00,0.00,0.00,0,0,0.00,0.00,0.00,0,0,0.00,0.00,0,0
1508092168,s1-eth2,341.66,0.00,341.66,0,342,1.00,0.00,1.00,0,1,0.00,0.00,0,0
1508092168,s1-eth1,0.00,0.00,0.00,0,0,0.00,0.00,0.00,0,0,0.00,0.00,0,0
1508092168,s2-eth2,0.00,0.00,0.00,0,0,0.00,0.00,0.00,0,0,0.00,0.00,0,0
1508092168,s2-eth1,106.89,0.00,106.89,0,107,1.00,0.00,1.00,0,1,0.00,0.00,0,0
1508092168,lo,0.00,0.00,0.00,0,0,0.00,0.00,0.00,0,0,0.00,0.00,0,0
1508092168,total,448.55,0.00,448.55,0,449,2.00,0.00,2.00,0,2,0.00,0.00,0,0
1508092169,s1,70.00,70.00,140.00,70,70,1.00,1.00,2.00,1,1,0.00,0.00,0,0
1508092169,eth0,0.00,0.00,0.00,0,0,0.00,0.00,0.00,0,0,0.00,0.00,0,0
1508092169,eth1,0.00,0.00,0.00,0,0,0.00,0.00,0.00,0,0,0.00,0.00,0,0
1508092169,s2,0.00,70.00,70.00,70,0,0.00,1.00,1.00,1,0,0.00,0.00,0,0
1508092169,s1-eth2,247.00,0.00,247.00,0,247,3.00,0.00,3.00,0,3,0.00,0.00,0,0
1508092169,s1-eth1,177.00,70.00,247.00,70,177,2.00,1.00,3.00,1,2,0.00,0.00,0,0
1508092169,s2-eth2,107.00,70.00,177.00,70,107,1.00,1.00,2.00,1,1,0.00,0.00,0,0
1508092169,s2-eth1,70.00,0.00,70.00,0,70,1.00,0.00,1.00,0,1,0.00,0.00,0,0
1508092169,lo,804.00,804.00,1608.00,804,804,9.00,9.00,18.00,9,9,0.00,0.00,0,0
1508092169,total,1475.00,1084.00,2559.00,1084,1475,17.00,13.00,30.00,13,17,0.00,0.00,0,0
1508092170,s1,0.00,70.00,70.00,70,0,0.00,1.00,1.00,1,0,0.00,0.00,0,0
1508092170,eth0,0.00,0.00,0.00,0,0,0.00,0.00,0.00,0,0,0.00,0.00,0,0
1508092170,eth1,0.00,0.00,0.00,0,0,0.00,0.00,0.00,0,0,0.00,0.00,0,0
1508092170,s2,70.00,70.00,140.00,70,70,1.00,1.00,2.00,1,1,0.00,0.00,0,0
1508092170,s1-eth2,70.00,70.00,140.00,70,70,1.00,1.00,2.00,1,1,0.00,0.00,0,0
1508092170,s1-eth1,140.00,0.00,140.00,0,140,2.00,0.00,2.00,0,2,0.00,0.00,0,0
1508092170,s2-eth2,210.00,0.00,210.00,0,210,3.00,0.00,3.00,0,3,0.00,0.00,0,0
1508092170,s2-eth1,140.00,70.00,210.00,70,140,2.00,1.00,3.00,1,2,0.00,0.00,0,0
1508092170,lo,804.00,804.00,1608.00,804,804,9.00,9.00,18.00,9,9,0.00,0.00,0,0
1508092170,total,1434.00,1084.00,2518.00,1084,1434,18.00,13.00,31.00,13,18,0.00,0.00,0,0
1508092171,s1,0.00,0.00,0.00,0,0,0.00,0.00,0.00,0,0,0.00,0.00,0,0
1508092171,eth0,0.00,0.00,0.00,0,0,0.00,0.00,0.00,0,0,0.00,0.00,0,0
1508092171,eth1,0.00,0.00,0.00,0,0,0.00,0.00,0.00,0,0,0.00,0.00,0,0
1508092171,s2,0.00,0.00,0.00,0,0,0.00,0.00,0.00,0,0,0.00,0.00,0,0
1508092171,s1-eth2,0.00,0.00,0.00,0,0,0.00,0.00,0.00,0,0,0.00,0.00,0,0
1508092171,s1-eth1,0.00,0.00,0.00,0,0,0.00,0.00,0.00,0,0,0.00,0.00,0,0
1508092171,s2-eth2,0.00,0.00,0.00,0,0,0.00,0.00,0.00,0,0,0.00,0.00,0,0
1508092171,s2-eth1,0.00,0.00,0.00,0,0,0.00,0.00,0.00,0,0,0.00,0.00,0,0
1508092171,lo,0.00,0.00,0.00,0,0,0.00,0.00,0.00,0,0,0.00,0.00,0,0
1508092171,total,0.00,0.00,0.00,0,0,0.00,0.00,0.00,0,0,0.00,0.00,0,0
1508092172,s1,0.00,0.00,0.00,0,0,0.00,0.00,0.00,0,0,0.00,0.00,0,0
1508092172,eth0,0.00,0.00,0.00,0,0,0.00,0.00,0.00,0,0,0.00,0.00,0,0
1508092172,eth1,0.00,0.00,0.00,0,0,0.00,0.00,0.00,0,0,0.00,0.00,0,0
1508092172,s2,0.00,0.00,0.00,0,0,0.00,0.00,0.00,0,0,0.00,0.00,0,0
1508092172,s1-eth2,0.00,0.00,0.00,0,0,0.00,0.00,0.00,0,0,0.00,0.00,0,0
1508092172,s1-eth1,341.66,0.00,341.66,0,342,1.00,0.00,1.00,0,1,0.00,0.00,0,0
1508092172,s2-eth2,0.00,0.00,0.00,0,0,0.00,0.00,0.00,0,0,0.00,0.00,0,0
1508092172,s2-eth1,0.00,0.00,0.00,0,0,0.00,0.00,0.00,0,0,0.00,0.00,0,0
1508092172,lo,0.00,0.00,0.00,0,0,0.00,0.00,0.00,0,0,0.00,0.00,0,0
1508092172,total,341.66,0.00,341.66,0,342,1.00,0.00,1.00,0,1,0.00,0.00,0,0
1508092173,s1,0.00,0.00,0.00,0,0,0.00,0.00,0.00,0,0,0.00,0.00,0,0
1508092173,eth0,0.00,0.00,0.00,0,0,0.00,0.00,0.00,0,0,0.00,0.00,0,0
1508092173,eth1,0.00,0.00,0.00,0,0,0.00,0.00,0.00,0,0,0.00,0.00,0,0
1508092173,s2,0.00,0.00,0.00,0,0,0.00,0.00,0.00,0,0,0.00,0.00,0,0
1508092173,s1-eth2,0.00,0.00,0.00,0,0,0.00,0.00,0.00,0,0,0.00,0.00,0,0
1508092173,s1-eth1,0.00,0.00,0.00,0,0,0.00,0.00,0.00,0,0,0.00,0.00,0,0
1508092173,s2-eth2,0.00,0.00,0.00,0,0,0.00,0.00,0.00,0,0,0.00,0.00,0,0
1508092173,s2-eth1,0.00,0.00,0.00,0,0,0.00,0.00,0.00,0,0,0.00,0.00,0,0
1508092173,lo,0.00,0.00,0.00,0,0,0.00,0.00,0.00,0,0,0.00,0.00,0,0
1508092173,total,0.00,0.00,0.00,0,0,0.00,0.00,0.00,0,0,0.00,0.00,0,0
1508092174,s1,0.00,0.00,0.00,0,0,0.00,0.00,0.00,0,0,0.00,0.00,0,0
1508092174,eth0,0.00,0.00,0.00,0,0,0.00,0.00,0.00,0,0,0.00,0.00,0,0
1508092174,eth1,0.00,0.00,0.00,0,0,0.00,0.00,0.00,0,0,0.00,0.00,0,0
1508092174,s2,0.00,0.00,0.00,0,0,0.00,0.00,0.00,0,0,0.00,0.00,0,0
1508092174,s1-eth2,342.00,0.00,342.00,0,342,1.00,0.00,1.00,0,1,0.00,0.00,0,0
1508092174,s1-eth1,0.00,0.00,0.00,0,0,0.00,0.00,0.00,0,0,0.00,0.00,0,0
1508092174,s2-eth2,342.00,0.00,342.00,0,342,1.00,0.00,1.00,0,1,0.00,0.00,0,0
1508092174,s2-eth1,342.00,0.00,342.00,0,342,1.00,0.00,1.00,0,1,0.00,0.00,0,0
1508092174,lo,172.00,172.00,344.00,172,172,3.00,3.00,6.00,3,3,0.00,0.00,0,0
1508092174,total,1198.00,172.00,1370.00,172,1198,6.00,3.00,9.00,3,6,0.00,0.00,0,0
1508092175,s1,0.00,0.00,0.00,0,0,0.00,0.00,0.00,0,0,0.00,0.00,0,0
1508092175,eth0,0.00,0.00,0.00,0,0,0.00,0.00,0.00,0,0,0.00,0.00,0,0
1508092175,eth1,0.00,0.00,0.00,0,0,0.00,0.00,0.00,0,0,0.00,0.00,0,0
1508092175,s2,0.00,0.00,0.00,0,0,0.00,0.00,0.00,0,0,0.00,0.00,0,0
1508092175,s1-eth2,0.00,0.00,0.00,0,0,0.00,0.00,0.00,0,0,0.00,0.00,0,0
1508092175,s1-eth1,0.00,0.00,0.00,0,0,0.00,0.00,0.00,0,0,0.00,0.00,0,0
1508092175,s2-eth2,0.00,0.00,0.00,0,0,0.00,0.00,0.00,0,0,0.00,0.00,0,0
1508092175,s2-eth1,0.00,0.00,0.00,0,0,0.00,0.00,0.00,0,0,0.00,0.00,0,0
1508092175,lo,172.00,172.00,344.00,172,172,3.00,3.00,6.00,3,3,0.00,0.00,0,0
1508092175,total,172.00,172.00,344.00,172,172,3.00,3.00,6.00,3,3,0.00,0.00,0,0
1508092176,s1,0.00,0.00,0.00,0,0,0.00,0.00,0.00,0,0,0.00,0.00,0,0
1508092176,eth0,0.00,0.00,0.00,0,0,0.00,0.00,0.00,0,0,0.00,0.00,0,0
1508092176,eth1,0.00,0.00,0.00,0,0,0.00,0.00,0.00,0,0,0.00,0.00,0,0
1508092176,s2,0.00,0.00,0.00,0,0,0.00,0.00,0.00,0,0,0.00,0.00,0,0
1508092176,s1-eth2,0.00,0.00,0.00,0,0,0.00,0.00,0.00,0,0,0.00,0.00,0,0
1508092176,s1-eth1,0.00,0.00,0.00,0,0,0.00,0.00,0.00,0,0,0.00,0.00,0,0
1508092176,s2-eth2,0.00,0.00,0.00,0,0,0.00,0.00,0.00,0,0,0.00,0.00,0,0
1508092176,s2-eth1,107.00,0.00,107.00,0,107,1.00,0.00,1.00,0,1,0.00,0.00,0,0
1508092176,lo,0.00,0.00,0.00,0,0,0.00,0.00,0.00,0,0,0.00,0.00,0,0
1508092176,total,107.00,0.00,107.00,0,107,1.00,0.00,1.00,0,1,0.00,0.00,0,0
1508092177,s1,0.00,0.00,0.00,0,0,0.00,0.00,0.00,0,0,0.00,0.00,0,0
1508092177,eth0,0.00,0.00,0.00,0,0,0.00,0.00,0.00,0,0,0.00,0.00,0,0
1508092177,eth1,0.00,0.00,0.00,0,0,0.00,0.00,0.00,0,0,0.00,0.00,0,0
1508092177,s2,0.00,0.00,0.00,0,0,0.00,0.00,0.00,0,0,0.00,0.00,0,0
1508092177,s1-eth2,107.00,0.00,107.00,0,107,1.00,0.00,1.00,0,1,0.00,0.00,0,0
1508092177,s1-eth1,0.00,0.00,0.00,0,0,0.00,0.00,0.00,0,0,0.00,0.00,0,0
1508092177,s2-eth2,107.00,0.00,107.00,0,107,1.00,0.00,1.00,0,1,0.00,0.00,0,0
1508092177,s2-eth1,0.00,0.00,0.00,0,0,0.00,0.00,0.00,0,0,0.00,0.00,0,0
1508092177,lo,0.00,0.00,0.00,0,0,0.00,0.00,0.00,0,0,0.00,0.00,0,0
1508092177,total,214.00,0.00,214.00,0,214,2.00,0.00,2.00,0,2,0.00,0.00,0,0
1508092178,s1,0.00,0.00,0.00,0,0,0.00,0.00,0.00,0,0,0.00,0.00,0,0
1508092178,eth0,0.00,0.00,0.00,0,0,0.00,0.00,0.00,0,0,0.00,0.00,0,0
1508092178,eth1,0.00,0.00,0.00,0,0,0.00,0.00,0.00,0,0,0.00,0.00,0,0
1508092178,s2,0.00,0.00,0.00,0,0,0.00,0.00,0.00,0,0,0.00,0.00,0,0
1508092178,s1-eth2,0.00,0.00,0.00,0,0,0.00,0.00,0.00,0,0,0.00,0.00,0,0
1508092178,s1-eth1,0.00,0.00,0.00,0,0,0.00,0.00,0.00,0,0,0.00,0.00,0,0
1508092178,s2-eth2,0.00,0.00,0.00,0,0,0.00,0.00,0.00,0,0,0.00,0.00,0,0
1508092178,s2-eth1,0.00,0.00,0.00,0,0,0.00,0.00,0.00,0,0,0.00,0.00,0,0
1508092178,lo,0.00,0.00,0.00,0,0,0.00,0.00,0.00,0,0,0.00,0.00,0,0
1508092178,total,0.00,0.00,0.00,0,0,0.00,0.00,0.00,0,0,0.00,0.00,0,0
1508092179,s1,0.00,0.00,0.00,0,0,0.00,0.00,0.00,0,0,0.00,0.00,0,0
1508092179,eth0,0.00,0.00,0.00,0,0,0.00,0.00,0.00,0,0,0.00,0.00,0,0
1508092179,eth1,0.00,0.00,0.00,0,0,0.00,0.00,0.00,0,0,0.00,0.00,0,0
1508092179,s2,0.00,0.00,0.00,0,0,0.00,0.00,0.00,0,0,0.00,0.00,0,0
1508092179,s1-eth2,0.00,0.00,0.00,0,0,0.00,0.00,0.00,0,0,0.00,0.00,0,0
1508092179,s1-eth1,0.00,0.00,0.00,0,0,0.00,0.00,0.00,0,0,0.00,0.00,0,0
1508092179,s2-eth2,341.66,0.00,341.66,0,342,1.00,0.00,1.00,0,1,0.00,0.00,0,0
1508092179,s2-eth1,0.00,0.00,0.00,0,0,0.00,0.00,0.00,0,0,0.00,0.00,0,0
1508092179,lo,171.83,171.83,343.66,172,172,3.00,3.00,5.99,3,3,0.00,0.00,0,0
1508092179,total,513.49,171.83,685.31,172,514,4.00,3.00,6.99,3,4,0.00,0.00,0,0
1508092180,s1,0.00,0.00,0.00,0,0,0.00,0.00,0.00,0,0,0.00,0.00,0,0
1508092180,eth0,0.00,0.00,0.00,0,0,0.00,0.00,0.00,0,0,0.00,0.00,0,0
1508092180,eth1,0.00,0.00,0.00,0,0,0.00,0.00,0.00,0,0,0.00,0.00,0,0
1508092180,s2,0.00,0.00,0.00,0,0,0.00,0.00,0.00,0,0,0.00,0.00,0,0
1508092180,s1-eth2,0.00,0.00,0.00,0,0,0.00,0.00,0.00,0,0,0.00,0.00,0,0
1508092180,s1-eth1,0.00,0.00,0.00,0,0,0.00,0.00,0.00,0,0,0.00,0.00,0,0
1508092180,s2-eth2,0.00,0.00,0.00,0,0,0.00,0.00,0.00,0,0,0.00,0.00,0,0
1508092180,s2-eth1,0.00,0.00,0.00,0,0,0.00,0.00,0.00,0,0,0.00,0.00,0,0
1508092180,lo,171.83,171.83,343.66,172,172,3.00,3.00,5.99,3,3,0.00,0.00,0,0
1508092180,total,171.83,171.83,343.66,172,172,3.00,3.00,5.99,3,3,0.00,0.00,0,0
1508092181,s1,0.00,42.00,42.00,42,0,0.00,1.00,1.00,1,0,0.00,0.00,0,0
1508092181,eth0,0.00,0.00,0.00,0,0,0.00,0.00,0.00,0,0,0.00,0.00,0,0
1508092181,eth1,0.00,0.00,0.00,0,0,0.00,0.00,0.00,0,0,0.00,0.00,0,0
1508092181,s2,0.00,84.00,84.00,84,0,0.00,2.00,2.00,2,0,0.00,0.00,0,0
1508092181,s1-eth2,12176.00,250720.00,262896.00,250720,12176,158.00,176.00,334.00,176,158,0.00,0.00,0,0
1508092181,s1-eth1,232552.00,12176.00,244728.00,12176,232552,164.00,158.00,322.00,158,164,0.00,0.00,0,0
1508092181,s2-eth2,2278.00,106240.00,108518.00,106240,2278,31.00,74.00,105.00,74,31,0.00,0.00,0,0
1508092181,s2-eth1,63848.00,2278.00,66126.00,2278,63848,46.00,31.00,77.00,31,46,0.00,0.00,0,0
1508092181,lo,4736.00,4736.00,9472.00,4736,4736,42.00,42.00,84.00,42,42,0.00,0.00,0,0
1508092181,total,315590.00,376276.00,691866.00,376276,315590,441.00,484.00,925.00,484,441,0.00,0.00,0,0
1508092182,s1,0.00,42.00,42.00,42,0,0.00,1.00,1.00,1,0,0.00,0.00,0,0
1508092182,eth0,0.00,0.00,0.00,0,0,0.00,0.00,0.00,0,0,0.00,0.00,0,0
1508092182,eth1,0.00,0.00,0.00,0,0,0.00,0.00,0.00,0,0,0.00,0.00,0,0
1508092182,s2,0.00,42.00,42.00,42,0,0.00,1.00,1.00,1,0,0.00,0.00,0,0
1508092182,s1-eth2,12192.00,257422.00,269614.00,257422,12192,158.00,171.00,329.00,171,158,0.00,0.00,0,0
1508092182,s1-eth1,249852.00,12192.00,262044.00,12192,249852,166.00,158.00,324.00,158,166,0.00,0.00,0,0
1508092182,s2-eth2,12468.00,236226.00,248694.00,236226,12468,146.00,157.00,303.00,157,146,0.00,0.00,0,0
1508092182,s2-eth1,249852.00,12468.00,262320.00,12468,249852,166.00,146.00,312.00,146,166,0.00,0.00,0,0
1508092182,lo,480.00,480.00,960.00,480,480,6.00,6.00,12.00,6,6,0.00,0.00,0,0
1508092182,total,524844.00,518872.00,1043716.00,518872,524844,642.00,640.00,1282.00,640,642,0.00,0.00,0,0
1508092183,s1,0.00,41.96,41.96,42,0,0.00,1.00,1.00,1,0,0.00,0.00,0,0
1508092183,eth0,0.00,0.00,0.00,0,0,0.00,0.00,0.00,0,0,0.00,0.00,0,0
1508092183,eth1,0.00,0.00,0.00,0,0,0.00,0.00,0.00,0,0,0.00,0.00,0,0
1508092183,s2,0.00,41.96,41.96,42,0,0.00,1.00,1.00,1,0,0.00,0.00,0,0
1508092183,s1-eth2,12041.96,258677.33,270719.28,258936,12054,154.85,171.83,326.67,172,155,0.00,0.00,0,0
1508092183,s1-eth1,246577.42,12041.96,258619.39,12054,246824,163.84,154.85,318.68,155,164,0.00,0.00,0,0
1508092183,s2-eth2,9828.17,192127.88,201956.05,192320,9838,124.88,127.87,252.75,128,125,0.00,0.00,0,0
1508092183,s2-eth1,198177.83,9828.17,208006.00,9838,198376,131.87,124.88,256.74,125,132,0.00,0.00,0,0
1508092183,lo,479.52,479.52,959.04,480,480,5.99,5.99,11.99,6,6,0.00,0.00,0,0
1508092183,total,467104.91,473238.78,940343.69,473712,467572,581.42,587.41,1168.83,588,582,0.00,0.00,0,0
1508092184,s1,0.00,41.96,41.96,42,0,0.00,1.00,1.00,1,0,0.00,0.00,0,0
1508092184,eth0,0.00,0.00,0.00,0,0,0.00,0.00,0.00,0,0,0.00,0.00,0,0
1508092184,eth1,0.00,0.00,0.00,0,0,0.00,0.00,0.00,0,0,0.00,0.00,0,0
1508092184,s2,0.00,41.96,41.96,42,0,0.00,1.00,1.00,1,0,0.00,0.00,0,0
1508092184,s1-eth2,12443.56,263214.78,275658.34,263478,12456,159.84,174.83,334.67,175,160,0.00,0.00,0,0
1508092184,s1-eth1,249944.06,12101.90,262045.97,12114,250194,166.83,158.84,325.67,159,167,0.00,0.00,0,0
1508092184,s2-eth2,5590.41,101378.62,106969.03,101480,5596,67.93,67.93,135.86,68,68,0.00,0.00,0,0
1508092184,s2-eth1,105916.09,5590.41,111506.50,5596,106022,70.93,67.93,138.86,68,71,0.00,0.00,0,0
1508092184,lo,479.52,479.52,959.04,480,480,5.99,5.99,11.99,6,6,0.00,0.00,0,0
1508092184,total,374373.62,382849.16,757222.81,383232,374748,471.53,477.52,949.05,478,472,0.00,0.00,0,0
1508092185,s1,0.00,42.00,42.00,42,0,0.00,1.00,1.00,1,0,0.00,0.00,0,0
1508092185,eth0,0.00,0.00,0.00,0,0,0.00,0.00,0.00,0,0,0.00,0.00,0,0
1508092185,eth1,0.00,0.00,0.00,0,0,0.00,0.00,0.00,0,0,0.00,0.00,0,0
1508092185,s2,0.00,42.00,42.00,42,0,0.00,1.00,1.00,1,0,0.00,0.00,0,0
1508092185,s1-eth2,11896.00,260450.00,272346.00,260450,11896,156.00,173.00,329.00,173,156,0.00,0.00,0,0
1508092185,s1-eth1,249852.00,11896.00,261748.00,11896,249852,166.00,156.00,322.00,156,166,0.00,0.00,0,0
1508092185,s2-eth2,2538.00,60602.00,63140.00,60602,2538,33.00,41.00,74.00,41,33,0.00,0.00,0,0
1508092185,s2-eth1,59088.00,2612.00,61700.00,2612,59088,40.00,34.00,74.00,34,40,0.00,0.00,0,0
1508092185,lo,480.00,480.00,960.00,480,480,6.00,6.00,12.00,6,6,0.00,0.00,0,0
1508092185,total,323854.00,336124.00,659978.00,336124,323854,401.00,412.00,813.00,412,401,0.00,0.00,0,0
1508092186,s1,0.00,42.00,42.00,42,0,0.00,1.00,1.00,1,0,0.00,0.00,0,0
1508092186,eth0,0.00,0.00,0.00,0,0,0.00,0.00,0.00,0,0,0.00,0.00,0,0
1508092186,eth1,0.00,0.00,0.00,0,0,0.00,0.00,0.00,0,0,0.00,0.00,0,0
1508092186,s2,0.00,42.00,42.00,42,0,0.00,1.00,1.00,1,0,0.00,0.00,0,0
1508092186,s1-eth2,12230.00,254394.00,266624.00,254394,12230,159.00,169.00,328.00,169,159,0.00,0.00,0,0
1508092186,s1-eth1,249852.00,12230.00,262082.00,12230,249852,166.00,159.00,325.00,159,166,0.00,0.00,0,0
1508092186,s2-eth2,3376.00,75742.00,79118.00,75742,3376,44.00,51.00,95.00,51,44,0.00,0.00,0,0
1508092186,s2-eth1,75742.00,3302.00,79044.00,3302,75742,51.00,43.00,94.00,43,51,0.00,0.00,0,0
1508092186,lo,480.00,480.00,960.00,480,480,6.00,6.00,12.00,6,6,0.00,0.00,0,0
1508092186,total,341680.00,346232.00,687912.00,346232,341680,426.00,430.00,856.00,430,426,0.00,0.00,0,0
1508092187,s1,0.00,0.00,0.00,0,0,0.00,0.00,0.00,0,0,0.00,0.00,0,0
1508092187,eth0,0.00,0.00,0.00,0,0,0.00,0.00,0.00,0,0,0.00,0.00,0,0
1508092187,eth1,0.00,0.00,0.00,0,0,0.00,0.00,0.00,0,0,0.00,0.00,0,0
1508092187,s2,0.00,0.00,0.00,0,0,0.00,0.00,0.00,0,0,0.00,0.00,0,0
1508092187,s1-eth2,12238.00,258894.00,271132.00,258894,12238,161.00,171.00,332.00,171,161,0.00,0.00,0,0
1508092187,s1-eth1,249810.00,12238.00,262048.00,12238,249810,165.00,161.00,326.00,161,165,0.00,0.00,0,0
1508092187,s2-eth2,3228.00,87812.00,91040.00,87812,3228,40.00,58.00,98.00,58,40,0.00,0.00,0,0
1508092187,s2-eth1,81756.00,2886.00,84642.00,2886,81756,54.00,39.00,93.00,39,54,0.00,0.00,0,0
1508092187,lo,0.00,0.00,0.00,0,0,0.00,0.00,0.00,0,0,0.00,0.00,0,0
1508092187,total,347032.00,361830.00,708862.00,361830,347032,420.00,429.00,849.00,429,420,0.00,0.00,0,0
1508092188,s1,0.00,0.00,0.00,0,0,0.00,0.00,0.00,0,0,0.00,0.00,0,0
1508092188,eth0,0.00,0.00,0.00,0,0,0.00,0.00,0.00,0,0,0.00,0.00,0,0
1508092188,eth1,0.00,0.00,0.00,0,0,0.00,0.00,0.00,0,0,0.00,0.00,0,0
1508092188,s2,0.00,0.00,0.00,0,0,0.00,0.00,0.00,0,0,0.00,0.00,0,0
1508092188,s1-eth2,12470.00,257380.00,269850.00,257380,12470,157.00,170.00,327.00,170,157,0.00,0.00,0,0
1508092188,s1-eth1,249810.00,12470.00,262280.00,12470,249810,165.00,157.00,322.00,157,165,0.00,0.00,0,0
1508092188,s2-eth2,3758.00,86298.00,90056.00,86298,3758,49.00,57.00,106.00,57,49,0.00,0.00,0,0
1508092188,s2-eth1,90840.00,3758.00,94598.00,3758,90840,60.00,49.00,109.00,49,60,0.00,0.00,0,0
1508092188,lo,0.00,0.00,0.00,0,0,0.00,0.00,0.00,0,0,0.00,0.00,0,0
1508092188,total,356878.00,359906.00,716784.00,359906,356878,431.00,433.00,864.00,433,431,0.00,0.00,0,0
1508092189,s1,0.00,0.00,0.00,0,0,0.00,0.00,0.00,0,0,0.00,0.00,0,0
1508092189,eth0,0.00,0.00,0.00,0,0,0.00,0.00,0.00,0,0,0.00,0.00,0,0
1508092189,eth1,0.00,0.00,0.00,0,0,0.00,0.00,0.00,0,0,0.00,0.00,0,0
1508092189,s2,0.00,0.00,0.00,0,0,0.00,0.00,0.00,0,0,0.00,0.00,0,0
1508092189,s1-eth2,12044.00,260408.00,272452.00,260408,12044,158.00,172.00,330.00,172,158,0.00,0.00,0,0
1508092189,s1-eth1,249810.00,12044.00,261854.00,12044,249810,165.00,158.00,323.00,158,165,0.00,0.00,0,0
1508092189,s2-eth2,2738.00,96896.00,99634.00,96896,2738,37.00,64.00,101.00,64,37,0.00,0.00,0,0
1508092189,s2-eth1,92354.00,2738.00,95092.00,2738,92354,61.00,37.00,98.00,37,61,0.00,0.00,0,0
1508092189,lo,0.00,0.00,0.00,0,0,0.00,0.00,0.00,0,0,0.00,0.00,0,0
1508092189,total,356946.00,372086.00,729032.00,372086,356946,421.00,431.00,852.00,431,421,0.00,0.00,0,0
1508092190,s1,0.00,0.00,0.00,0,0,0.00,0.00,0.00,0,0,0.00,0.00,0,0
1508092190,eth0,0.00,0.00,0.00,0,0,0.00,0.00,0.00,0,0,0.00,0.00,0,0
1508092190,eth1,0.00,0.00,0.00,0,0,0.00,0.00,0.00,0,0,0.00,0.00,0,0
1508092190,s2,0.00,0.00,0.00,0,0,0.00,0.00,0.00,0,0,0.00,0.00,0,0
1508092190,s1-eth2,12321.68,255610.39,267932.06,255866,12334,160.84,168.83,329.67,169,161,0.00,0.00,0,0
1508092190,s1-eth1,249560.45,12395.60,261956.05,12408,249810,164.84,161.84,326.67,162,165,0.00,0.00,0,0
1508092190,s2-eth2,3396.60,90749.25,94145.86,90840,3400,43.96,59.94,103.90,60,44,0.00,0.00,0,0
1508092190,s2-eth1,90749.25,3396.60,94145.86,3400,90840,59.94,43.96,103.90,44,60,0.00,0.00,0,0
1508092190,lo,343.66,343.66,687.31,344,344,5.99,5.99,11.99,6,6,0.00,0.00,0,0
1508092190,total,356371.62,362495.50,718867.12,362858,356728,435.56,440.56,876.12,441,436,0.00,0.00,0,0
1508092191,s1,0.00,0.00,0.00,0,0,0.00,0.00,0.00,0,0,0.00,0.00,0,0
1508092191,eth0,0.00,0.00,0.00,0,0,0.00,0.00,0.00,0,0,0.00,0.00,0,0
1508092191,eth1,0.00,0.00,0.00,0,0,0.00,0.00,0.00,0,0,0.00,0.00,0,0
1508092191,s2,0.00,0.00,0.00,0,0,0.00,0.00,0.00,0,0,0.00,0.00,0,0
1508092191,s1-eth2,12312.00,255866.00,268178.00,255866,12312,160.00,169.00,329.00,169,160,0.00,0.00,0,0
1508092191,s1-eth1,251324.00,12324.00,263648.00,12324,251324,166.00,160.00,326.00,160,166,0.00,0.00,0,0
1508092191,s2-eth2,3816.00,104508.00,108324.00,104508,3816,52.00,70.00,122.00,70,52,0.00,0.00,0,0
1508092191,s2-eth1,104508.00,3816.00,108324.00,3816,104508,70.00,52.00,122.00,52,70,0.00,0.00,0,0
1508092191,lo,592.00,592.00,1184.00,592,592,6.00,6.00,12.00,6,6,0.00,0.00,0,0
1508092191,total,372552.00,377106.00,749658.00,377106,372552,454.00,457.00,911.00,457,454,0.00,0.00,0,0
1508092192,s1,0.00,0.00,0.00,0,0,0.00,0.00,0.00,0,0,0.00,0.00,0,0
1508092192,eth0,0.00,0.00,0.00,0,0,0.00,0.00,0.00,0,0,0.00,0.00,0,0
1508092192,eth1,0.00,0.00,0.00,0,0,0.00,0.00,0.00,0,0,0.00,0.00,0,0
1508092192,s2,0.00,0.00,0.00,0,0,0.00,0.00,0.00,0,0,0.00,0.00,0,0
1508092192,s1-eth2,12448.00,267978.00,280426.00,267978,12448,164.00,177.00,341.00,177,164,0.00,0.00,0,0
1508092192,s1-eth1,249810.00,12362.00,262172.00,12362,249810,165.00,163.00,328.00,163,165,0.00,0.00,0,0
1508092192,s2-eth2,3700.00,119606.00,123306.00,119606,3700,50.00,79.00,129.00,79,50,0.00,0.00,0,0
1508092192,s2-eth1,115171.00,3700.00,118871.00,3700,115171,77.00,50.00,127.00,50,77,0.00,0.00,0,0
1508092192,lo,0.00,0.00,0.00,0,0,0.00,0.00,0.00,0,0,0.00,0.00,0,0
1508092192,total,381129.00,403646.00,784775.00,403646,381129,456.00,469.00,925.00,469,456,0.00,0.00,0,0
1508092193,s1,0.00,0.00,0.00,0,0,0.00,0.00,0.00,0,0,0.00,0.00,0,0
1508092193,eth0,0.00,0.00,0.00,0,0,0.00,0.00,0.00,0,0,0.00,0.00,0,0
1508092193,eth1,0.00,0.00,0.00,0,0,0.00,0.00,0.00,0,0,0.00,0.00,0,0
1508092193,s2,0.00,0.00,0.00,0,0,0.00,0.00,0.00,0,0,0.00,0.00,0,0
1508092193,s1-eth2,12373.00,257380.00,269753.00,257380,12373,158.00,170.00,328.00,170,158,0.00,0.00,0,0
1508092193,s1-eth1,249917.00,12266.00,262183.00,12266,249917,166.00,157.00,323.00,157,166,0.00,0.00,0,0
1508092193,s2-eth2,4123.00,110522.00,114645.00,110522,4123,53.00,73.00,126.00,73,53,0.00,0.00,0,0
1508092193,s2-eth1,112036.00,4016.00,116052.00,4016,112036,74.00,52.00,126.00,52,74,0.00,0.00,0,0
1508092193,lo,0.00,0.00,0.00,0,0,0.00,0.00,0.00,0,0,0.00,0.00,0,0
1508092193,total,378449.00,384184.00,762633.00,384184,378449,451.00,452.00,903.00,452,451,0.00,0.00,0,0
1508092194,s1,0.00,0.00,0.00,0,0,0.00,0.00,0.00,0,0,0.00,0.00,0,0
1508092194,eth0,0.00,0.00,0.00,0,0,0.00,0.00,0.00,0,0,0.00,0.00,0,0
1508092194,eth1,0.00,0.00,0.00,0,0,0.00,0.00,0.00,0,0,0.00,0.00,0,0
1508092194,s2,0.00,0.00,0.00,0,0,0.00,0.00,0.00,0,0,0.00,0.00,0,0
1508092194,s1-eth2,12431.57,261660.34,274091.91,261922,12444,161.84,172.83,334.67,173,162,0.00,0.00,0,0
1508092194,s1-eth1,249560.45,12431.57,261992.02,12444,249810,164.84,161.84,326.67,162,165,0.00,0.00,0,0
1508092194,s2-eth2,2809.19,120999.01,123808.20,121120,2812,37.96,79.92,117.88,80,38,0.00,0.00,0,0
1508092194,s2-eth1,120999.01,2809.19,123808.20,2812,121120,79.92,37.96,117.88,38,80,0.00,0.00,0,0
1508092194,lo,0.00,0.00,0.00,0,0,0.00,0.00,0.00,0,0,0.00,0.00,0,0
1508092194,total,385800.22,397900.12,783700.31,398298,386186,444.56,452.55,897.10,453,445,0.00,0.00,0,0
1508092195,s1,0.00,0.00,0.00,0,0,0.00,0.00,0.00,0,0,0.00,0.00,0,0
1508092195,eth0,0.00,0.00,0.00,0,0,0.00,0.00,0.00,0,0,0.00,0.00,0,0
1508092195,eth1,0.00,0.00,0.00,0,0,0.00,0.00,0.00,0,0,0.00,0.00,0,0
1508092195,s2,0.00,0.00,0.00,0,0,0.00,0.00,0.00,0,0,0.00,0.00,0,0
1508092195,s1-eth2,12294.00,255866.00,268160.00,255866,12294,159.00,169.00,328.00,169,159,0.00,0.00,0,0
1508092195,s1-eth1,249810.00,12294.00,262104.00,12294,249810,165.00,159.00,324.00,159,165,0.00,0.00,0,0
1508092195,s2-eth2,3996.00,128690.00,132686.00,128690,3996,54.00,85.00,139.00,85,54,0.00,0.00,0,0
1508092195,s2-eth1,130204.00,3996.00,134200.00,3996,130204,86.00,54.00,140.00,54,86,0.00,0.00,0,0
1508092195,lo,344.00,344.00,688.00,344,344,6.00,6.00,12.00,6,6,0.00,0.00,0,0
1508092195,total,396648.00,401190.00,797838.00,401190,396648,470.00,473.00,943.00,473,470,0.00,0.00,0,0
1508092196,s1,0.00,0.00,0.00,0,0,0.00,0.00,0.00,0,0,0.00,0.00,0,0
1508092196,eth0,0.00,0.00,0.00,0,0,0.00,0.00,0.00,0,0,0.00,0.00,0,0
1508092196,eth1,0.00,0.00,0.00,0,0,0.00,0.00,0.00,0,0,0.00,0.00,0,0
1508092196,s2,0.00,0.00,0.00,0,0,0.00,0.00,0.00,0,0,0.00,0.00,0,0
1508092196,s1-eth2,12283.72,252585.42,264869.12,252838,12296,159.84,166.83,326.67,167,160,0.00,0.00,0,0
1508092196,s1-eth1,251072.94,12357.64,263430.56,12370,251324,165.83,160.84,326.67,161,166,0.00,0.00,0,0
1508092196,s2-eth2,5292.71,131586.42,136879.12,131718,5298,68.93,86.91,155.84,87,69,0.00,0.00,0,0
1508092196,s2-eth1,127048.95,5292.71,132341.66,5298,127176,83.92,68.93,152.85,69,84,0.00,0.00,0,0
1508092196,lo,0.00,0.00,0.00,0,0,0.00,0.00,0.00,0,0,0.00,0.00,0,0
1508092196,total,395698.31,401822.19,797520.50,402224,396094,478.52,483.52,962.04,484,479,0.00,0.00,0,0
1508092197,s1,0.00,0.00,0.00,0,0,0.00,0.00,0.00,0,0,0.00,0.00,0,0
1508092197,eth0,0.00,0.00,0.00,0,0,0.00,0.00,0.00,0,0,0.00,0.00,0,0
1508092197,eth1,0.00,0.00,0.00,0,0,0.00,0.00,0.00,0,0,0.00,0.00,0,0
1508092197,s2,0.00,0.00,0.00,0,0,0.00,0.00,0.00,0,0,0.00,0.00,0,0
1508092197,s1-eth2,12077.92,257122.89,269200.81,257380,12090,158.84,169.83,328.67,170,159,0.00,0.00,0,0
1508092197,s1-eth1,249560.45,12004.00,261564.44,12016,249810,164.84,157.84,322.68,158,165,0.00,0.00,0,0
1508092197,s2-eth2,4583.42,140661.34,145244.77,140802,4588,61.94,92.91,154.85,93,62,0.00,0.00,0,0
1508092197,s2-eth1,140661.34,4583.42,145244.77,4588,140802,92.91,61.94,154.85,62,93,0.00,0.00,0,0
1508092197,lo,0.00,0.00,0.00,0,0,0.00,0.00,0.00,0,0,0.00,0.00,0,0
1508092197,total,406883.12,414371.62,821254.75,414786,407290,478.52,482.52,961.04,483,479,0.00,0.00,0,0
1508092198,s1,0.00,0.00,0.00,0,0,0.00,0.00,0.00,0,0,0.00,0.00,0,0
1508092198,eth0,0.00,0.00,0.00,0,0,0.00,0.00,0.00,0,0,0.00,0.00,0,0
1508092198,eth1,0.00,0.00,0.00,0,0,0.00,0.00,0.00,0,0,0.00,0.00,0,0
1508092198,s2,0.00,0.00,0.00,0,0,0.00,0.00,0.00,0,0,0.00,0.00,0,0
1508092198,s1-eth2,12322.00,260408.00,272730.00,260408,12322,161.00,172.00,333.00,172,161,0.00,0.00,0,0
1508092198,s1-eth1,249810.00,12322.00,262132.00,12322,249810,165.00,161.00,326.00,161,165,0.00,0.00,0,0
1508092198,s2-eth2,5032.00,112036.00,117068.00,112036,5032,62.00,74.00,136.00,74,62,0.00,0.00,0,0
1508092198,s2-eth1,110522.00,5032.00,115554.00,5032,110522,73.00,62.00,135.00,62,73,0.00,0.00,0,0
1508092198,lo,0.00,0.00,0.00,0,0,0.00,0.00,0.00,0,0,0.00,0.00,0,0
1508092198,total,377686.00,389798.00,767484.00,389798,377686,461.00,469.00,930.00,469,461,0.00,0.00,0,0
1508092199,s1,0.00,0.00,0.00,0,0,0.00,0.00,0.00,0,0,0.00,0.00,0,0
1508092199,eth0,0.00,0.00,0.00,0,0,0.00,0.00,0.00,0,0,0.00,0.00,0,0
1508092199,eth1,0.00,0.00,0.00,0,0,0.00,0.00,0.00,0,0,0.00,0.00,0,0
1508092199,s2,0.00,0.00,0.00,0,0,0.00,0.00,0.00,0,0,0.00,0.00,0,0
1508092199,s1-eth2,12364.00,252838.00,265202.00,252838,12364,160.00,167.00,327.00,167,160,0.00,0.00,0,0
1508092199,s1-eth1,249810.00,12364.00,262174.00,12364,249810,165.00,160.00,325.00,160,165,0.00,0.00,0,0
1508092199,s2-eth2,3592.00,92354.00,95946.00,92354,3592,46.00,61.00,107.00,61,46,0.00,0.00,0,0
1508092199,s2-eth1,93868.00,3592.00,97460.00,3592,93868,62.00,46.00,108.00,46,62,0.00,0.00,0,0
1508092199,lo,0.00,0.00,0.00,0,0,0.00,0.00,0.00,0,0,0.00,0.00,0,0
1508092199,total,359634.00,361148.00,720782.00,361148,359634,433.00,434.00,867.00,434,433,0.00,0.00,0,0
1508092200,s1,0.00,0.00,0.00,0,0,0.00,0.00,0.00,0,0,0.00,0.00,0,0
1508092200,eth0,0.00,0.00,0.00,0,0,0.00,0.00,0.00,0,0,0.00,0.00,0,0
1508092200,eth1,0.00,0.00,0.00,0,0,0.00,0.00,0.00,0,0,0.00,0.00,0,0
1508092200,s2,0.00,0.00,0.00,0,0,0.00,0.00,0.00,0,0,0.00,0.00,0,0
1508092200,s1-eth2,12778.00,263436.00,276214.00,263436,12778,161.00,174.00,335.00,174,161,0.00,0.00,0,0
1508092200,s1-eth1,250152.00,12436.00,262588.00,12436,250152,166.00,160.00,326.00,160,166,0.00,0.00,0,0
1508092200,s2-eth2,3240.00,98410.00,101650.00,98410,3240,40.00,65.00,105.00,65,40,0.00,0.00,0,0
1508092200,s2-eth1,92696.00,2898.00,95594.00,2898,92696,62.00,39.00,101.00,39,62,0.00,0.00,0,0
1508092200,lo,344.00,344.00,688.00,344,344,6.00,6.00,12.00,6,6,0.00,0.00,0,0
1508092200,total,359210.00,377524.00,736734.00,377524,359210,435.00,444.00,879.00,444,435,0.00,0.00,0,0
1508092201,s1,0.00,0.00,0.00,0,0,0.00,0.00,0.00,0,0,0.00,0.00,0,0
1508092201,eth0,0.00,0.00,0.00,0,0,0.00,0.00,0.00,0,0,0.00,0.00,0,0
1508092201,eth1,0.00,0.00,0.00,0,0,0.00,0.00,0.00,0,0,0.00,0.00,0,0
1508092201,s2,0.00,0.00,0.00,0,0,0.00,0.00,0.00,0,0,0.00,0.00,0,0
1508092201,s1-eth2,11916.00,257380.00,269296.00,257380,11916,156.00,170.00,326.00,170,156,0.00,0.00,0,0
1508092201,s1-eth1,249810.00,11990.00,261800.00,11990,249810,165.00,157.00,322.00,157,165,0.00,0.00,0,0
1508092201,s2-eth2,3252.00,93868.00,97120.00,93868,3252,42.00,62.00,104.00,62,42,0.00,0.00,0,0
1508092201,s2-eth1,90840.00,3252.00,94092.00,3252,90840,60.00,42.00,102.00,42,60,0.00,0.00,0,0
1508092201,lo,0.00,0.00,0.00,0,0,0.00,0.00,0.00,0,0,0.00,0.00,0,0
1508092201,total,355818.00,366490.00,722308.00,366490,355818,423.00,431.00,854.00,431,423,0.00,0.00,0,0
1508092202,s1,0.00,0.00,0.00,0,0,0.00,0.00,0.00,0,0,0.00,0.00,0,0
1508092202,eth0,0.00,0.00,0.00,0,0,0.00,0.00,0.00,0,0,0.00,0.00,0,0
1508092202,eth1,0.00,0.00,0.00,0,0,0.00,0.00,0.00,0,0,0.00,0.00,0,0
1508092202,s2,0.00,0.00,0.00,0,0,0.00,0.00,0.00,0,0,0.00,0.00,0,0
1508092202,s1-eth2,12224.00,258894.00,271118.00,258894,12224,158.00,171.00,329.00,171,158,0.00,0.00,0,0
1508092202,s1-eth1,251324.00,12224.00,263548.00,12224,251324,166.00,158.00,324.00,158,166,0.00,0.00,0,0
1508092202,s2-eth2,3622.00,72672.00,76294.00,72672,3622,45.00,48.00,93.00,48,45,0.00,0.00,0,0
1508092202,s2-eth1,77214.00,3622.00,80836.00,3622,77214,51.00,45.00,96.00,45,51,0.00,0.00,0,0
1508092202,lo,0.00,0.00,0.00,0,0,0.00,0.00,0.00,0,0,0.00,0.00,0,0
1508092202,total,344384.00,347412.00,691796.00,347412,344384,420.00,422.00,842.00,422,420,0.00,0.00,0,0
1508092203,s1,0.00,0.00,0.00,0,0,0.00,0.00,0.00,0,0,0.00,0.00,0,0
1508092203,eth0,0.00,0.00,0.00,0,0,0.00,0.00,0.00,0,0,0.00,0.00,0,0
1508092203,eth1,0.00,0.00,0.00,0,0,0.00,0.00,0.00,0,0,0.00,0.00,0,0
1508092203,s2,0.00,0.00,0.00,0,0,0.00,0.00,0.00,0,0,0.00,0.00,0,0
1508092203,s1-eth2,12238.00,258894.00,271132.00,258894,12238,161.00,171.00,332.00,171,161,0.00,0.00,0,0
1508092203,s1-eth1,249810.00,12164.00,261974.00,12164,249810,165.00,160.00,325.00,160,165,0.00,0.00,0,0
1508092203,s2-eth2,3354.00,87812.00,91166.00,87812,3354,45.00,58.00,103.00,58,45,0.00,0.00,0,0
1508092203,s2-eth1,77214.00,3354.00,80568.00,3354,77214,51.00,45.00,96.00,45,51,0.00,0.00,0,0
1508092203,lo,0.00,0.00,0.00,0,0,0.00,0.00,0.00,0,0,0.00,0.00,0,0
1508092203,total,342616.00,362224.00,704840.00,362224,342616,422.00,434.00,856.00,434,422,0.00,0.00,0,0
1508092204,s1,0.00,0.00,0.00,0,0,0.00,0.00,0.00,0,0,0.00,0.00,0,0
1508092204,eth0,0.00,0.00,0.00,0,0,0.00,0.00,0.00,0,0,0.00,0.00,0,0
1508092204,eth1,0.00,0.00,0.00,0,0,0.00,0.00,0.00,0,0,0.00,0.00,0,0
1508092204,s2,0.00,0.00,0.00,0,0,0.00,0.00,0.00,0,0,0.00,0.00,0,0
1508092204,s1-eth2,11754.00,246782.00,258536.00,246782,11754,151.00,163.00,314.00,163,151,0.00,0.00,0,0
1508092204,s1-eth1,237698.00,11754.00,249452.00,11754,237698,157.00,151.00,308.00,151,157,0.00,0.00,0,0
1508092204,s2-eth2,2738.00,92354.00,95092.00,92354,2738,37.00,61.00,98.00,61,37,0.00,0.00,0,0
1508092204,s2-eth1,102952.00,2738.00,105690.00,2738,102952,68.00,37.00,105.00,37,68,0.00,0.00,0,0
1508092204,lo,0.00,0.00,0.00,0,0,0.00,0.00,0.00,0,0,0.00,0.00,0,0
1508092204,total,355142.00,353628.00,708770.00,353628,355142,413.00,412.00,825.00,412,413,0.00,0.00,0,0
1508092205,s1,0.00,0.00,0.00,0,0,0.00,0.00,0.00,0,0,0.00,0.00,0,0
1508092205,eth0,0.00,0.00,0.00,0,0,0.00,0.00,0.00,0,0,0.00,0.00,0,0
1508092205,eth1,0.00,0.00,0.00,0,0,0.00,0.00,0.00,0,0,0.00,0.00,0,0
1508092205,s2,0.00,0.00,0.00,0,0,0.00,0.00,0.00,0,0,0.00,0.00,0,0
1508092205,s1-eth2,12299.70,257122.89,269422.59,257380,12312,159.84,169.83,329.67,170,160,0.00,0.00,0,0
1508092205,s1-eth1,251072.94,12373.63,263446.56,12386,251324,165.83,160.84,326.67,161,166,0.00,0.00,0,0
1508092205,s2-eth2,3470.53,99824.18,103294.71,99924,3474,44.96,65.93,110.89,66,45,0.00,0.00,0,0
1508092205,s2-eth1,84699.30,3470.53,88169.84,3474,84784,55.94,44.96,100.90,45,56,0.00,0.00,0,0
1508092205,lo,343.66,343.66,687.31,344,344,5.99,5.99,11.99,6,6,0.00,0.00,0,0
1508092205,total,351886.12,373134.88,725021.00,373508,352238,432.57,447.55,880.12,448,433,0.00,0.00,0,0
1508092206,s1,0.00,0.00,0.00,0,0,0.00,0.00,0.00,0,0,0.00,0.00,0,0
1508092206,eth0,0.00,0.00,0.00,0,0,0.00,0.00,0.00,0,0,0.00,0.00,0,0
1508092206,eth1,0.00,0.00,0.00,0,0,0.00,0.00,0.00,0,0,0.00,0.00,0,0
1508092206,s2,0.00,0.00,0.00,0,0,0.00,0.00,0.00,0,0,0.00,0.00,0,0
1508092206,s1-eth2,12264.00,264950.00,277214.00,264950,12264,160.00,175.00,335.00,175,160,0.00,0.00,0,0
1508092206,s1-eth1,249810.00,12190.00,262000.00,12190,249810,165.00,159.00,324.00,159,165,0.00,0.00,0,0
1508092206,s2-eth2,2442.00,99924.00,102366.00,99924,2442,33.00,66.00,99.00,66,33,0.00,0.00,0,0
1508092206,s2-eth1,105980.00,2442.00,108422.00,2442,105980,70.00,33.00,103.00,33,70,0.00,0.00,0,0
1508092206,lo,0.00,0.00,0.00,0,0,0.00,0.00,0.00,0,0,0.00,0.00,0,0
1508092206,total,370496.00,379506.00,750002.00,379506,370496,428.00,433.00,861.00,433,428,0.00,0.00,0,0
1508092207,s1,0.00,0.00,0.00,0,0,0.00,0.00,0.00,0,0,0.00,0.00,0,0
1508092207,eth0,0.00,0.00,0.00,0,0,0.00,0.00,0.00,0,0,0.00,0.00,0,0
1508092207,eth1,0.00,0.00,0.00,0,0,0.00,0.00,0.00,0,0,0.00,0.00,0,0
1508092207,s2,0.00,0.00,0.00,0,0,0.00,0.00,0.00,0,0,0.00,0.00,0,0
1508092207,s1-eth2,12738.00,254352.00,267090.00,254352,12738,163.00,168.00,331.00,168,163,0.00,0.00,0,0
1508092207,s1-eth1,249810.00,12738.00,262548.00,12738,249810,165.00,163.00,328.00,163,165,0.00,0.00,0,0
1508092207,s2-eth2,3974.00,93868.00,97842.00,93868,3974,51.00,62.00,113.00,62,51,0.00,0.00,0,0
1508092207,s2-eth1,93868.00,3974.00,97842.00,3974,93868,62.00,51.00,113.00,51,62,0.00,0.00,0,0
1508092207,lo,0.00,0.00,0.00,0,0,0.00,0.00,0.00,0,0,0.00,0.00,0,0
1508092207,total,360390.00,364932.00,725322.00,364932,360390,441.00,444.00,885.00,444,441,0.00,0.00,0,0
1508092208,s1,0.00,0.00,0.00,0,0,0.00,0.00,0.00,0,0,0.00,0.00,0,0
1508092208,eth0,456.00,735.00,1191.00,735,456,6.00,6.00,12.00,6,6,0.00,0.00,0,0
1508092208,eth1,0.00,0.00,0.00,0,0,0.00,0.00,0.00,0,0,0.00,0.00,0,0
1508092208,s2,0.00,0.00,0.00,0,0,0.00,0.00,0.00,0,0,0.00,0.00,0,0
1508092208,s1-eth2,12636.00,255866.00,268502.00,255866,12636,160.00,169.00,329.00,169,160,0.00,0.00,0,0
1508092208,s1-eth1,250372.00,11996.00,262368.00,11996,250372,168.00,156.00,324.00,156,168,0.00,0.00,0,0
1508092208,s2-eth2,4182.00,81756.00,85938.00,81756,4182,49.00,54.00,103.00,54,49,0.00,0.00,0,0
1508092208,s2-eth1,76152.00,3730.00,79882.00,3730,76152,52.00,47.00,99.00,47,52,0.00,0.00,0,0
1508092208,lo,1023.00,1023.00,2046.00,1023,1023,12.00,12.00,24.00,12,12,0.00,0.00,0,0
1508092208,total,344821.00,355106.00,699927.00,355106,344821,447.00,444.00,891.00,444,447,0.00,0.00,0,0
1508092209,s1,0.00,0.00,0.00,0,0,0.00,0.00,0.00,0,0,0.00,0.00,0,0
1508092209,eth0,456.00,735.00,1191.00,735,456,6.00,6.00,12.00,6,6,0.00,0.00,0,0
1508092209,eth1,0.00,0.00,0.00,0,0,0.00,0.00,0.00,0,0,0.00,0.00,0,0
1508092209,s2,0.00,0.00,0.00,0,0,0.00,0.00,0.00,0,0,0.00,0.00,0,0
1508092209,s1-eth2,13071.00,263436.00,276507.00,263436,13071,167.00,174.00,341.00,174,167,0.00,0.00,0,0
1508092209,s1-eth1,249810.00,12092.00,261902.00,12092,249810,165.00,160.00,325.00,160,165,0.00,0.00,0,0
1508092209,s2-eth2,3296.00,80242.00,83538.00,80242,3296,44.00,53.00,97.00,53,44,0.00,0.00,0,0
1508092209,s2-eth1,89514.00,3108.00,92622.00,3108,89514,61.00,42.00,103.00,42,61,0.00,0.00,0,0
1508092209,lo,1023.00,1023.00,2046.00,1023,1023,12.00,12.00,24.00,12,12,0.00,0.00,0,0
1508092209,total,357170.00,360636.00,717806.00,360636,357170,455.00,447.00,902.00,447,455,0.00,0.00,0,0
1508092210,s1,0.00,0.00,0.00,0,0,0.00,0.00,0.00,0,0,0.00,0.00,0,0
1508092210,eth0,304.00,490.00,794.00,490,304,4.00,4.00,8.00,4,4,0.00,0.00,0,0
1508092210,eth1,0.00,0.00,0.00,0,0,0.00,0.00,0.00,0,0,0.00,0.00,0,0
1508092210,s2,0.00,0.00,0.00,0,0,0.00,0.00,0.00,0,0,0.00,0.00,0,0
1508092210,s1-eth2,13913.00,249810.00,263723.00,249810,13913,168.00,165.00,333.00,165,168,0.00,0.00,0,0
1508092210,s1-eth1,249730.00,12492.00,262222.00,12492,249730,173.00,162.00,335.00,162,173,0.00,0.00,0,0
1508092210,s2-eth2,5568.00,90840.00,96408.00,90840,5568,56.00,60.00,116.00,60,56,0.00,0.00,0,0
1508092210,s2-eth1,82258.00,3462.00,85720.00,3462,82258,63.00,45.00,108.00,45,63,0.00,0.00,0,0
1508092210,lo,1026.00,1026.00,2052.00,1026,1026,14.00,14.00,28.00,14,14,0.00,0.00,0,0
1508092210,total,352799.00,358120.00,710919.00,358120,352799,478.00,450.00,928.00,450,478,0.00,0.00,0,0
1508092211,s1,0.00,0.00,0.00,0,0,0.00,0.00,0.00,0,0,0.00,0.00,0,0
1508092211,eth0,152.00,245.00,397.00,245,152,2.00,2.00,4.00,2,2,0.00,0.00,0,0
1508092211,eth1,0.00,0.00,0.00,0,0,0.00,0.00,0.00,0,0,0.00,0.00,0,0
1508092211,s2,0.00,0.00,0.00,0,0,0.00,0.00,0.00,0,0,0.00,0.00,0,0
1508092211,s1-eth2,12465.00,257380.00,269845.00,257380,12465,160.00,170.00,330.00,170,160,0.00,0.00,0,0
1508092211,s1-eth1,251118.00,12138.00,263256.00,12138,251118,170.00,159.00,329.00,159,170,0.00,0.00,0,0
1508092211,s2-eth2,4024.00,86298.00,90322.00,86298,4024,47.00,57.00,104.00,57,47,0.00,0.00,0,0
1508092211,s2-eth1,90037.00,3388.00,93425.00,3388,90037,63.00,44.00,107.00,44,63,0.00,0.00,0,0
1508092211,lo,341.00,341.00,682.00,341,341,4.00,4.00,8.00,4,4,0.00,0.00,0,0
1508092211,total,358137.00,359790.00,717927.00,359790,358137,446.00,436.00,882.00,436,446,0.00,0.00,0,0
1508092212,s1,0.00,0.00,0.00,0,0,0.00,0.00,0.00,0,0,0.00,0.00,0,0
1508092212,eth0,0.00,0.00,0.00,0,0,0.00,0.00,0.00,0,0,0.00,0.00,0,0
1508092212,eth1,0.00,0.00,0.00,0,0,0.00,0.00,0.00,0,0,0.00,0.00,0,0
1508092212,s2,0.00,0.00,0.00,0,0,0.00,0.00,0.00,0,0,0.00,0.00,0,0
1508092212,s1-eth2,12456.54,257122.89,269579.44,257380,12469,159.84,169.83,329.67,170,160,0.00,0.00,0,0
1508092212,s1-eth1,249887.12,12007.99,261895.11,12020,250137,165.83,157.84,323.68,158,166,0.00,0.00,0,0
1508092212,s2-eth2,4034.97,98311.69,102346.66,98410,4039,50.95,64.94,115.88,65,51,0.00,0.00,0,0
1508092212,s2-eth1,95628.38,3708.29,99336.66,3712,95724,63.94,49.95,113.89,50,64,0.00,0.00,0,0
1508092212,lo,0.00,0.00,0.00,0,0,0.00,0.00,0.00,0,0,0.00,0.00,0,0
1508092212,total,362007.00,371150.84,733157.88,371522,362369,440.56,442.56,883.12,443,441,0.00,0.00,0,0
1508092213,s1,0.00,0.00,0.00,0,0,0.00,0.00,0.00,0,0,0.00,0.00,0,0
1508092213,eth0,59.94,59.94,119.88,60,60,1.00,1.00,2.00,1,1,0.00,0.00,0,0
1508092213,eth1,0.00,0.00,0.00,0,0,0.00,0.00,0.00,0,0,0.00,0.00,0,0
1508092213,s2,0.00,0.00,0.00,0,0,0.00,0.00,0.00,0,0,0.00,0.00,0,0
1508092213,s1-eth2,12775.23,260147.86,272923.09,260408,12788,160.84,171.83,332.67,172,161,0.00,0.00,0,0
1508092213,s1-eth1,249934.08,12111.89,262045.97,12124,250184,166.83,157.84,324.68,158,167,0.00,0.00,0,0
1508092213,s2-eth2,3618.38,57474.53,61092.91,57532,3622,41.96,37.96,79.92,38,42,0.00,0.00,0,0
1508092213,s2-eth1,57848.15,3244.76,61092.91,3248,57906,39.96,39.96,79.92,40,40,0.00,0.00,0,0
1508092213,lo,0.00,0.00,0.00,0,0,0.00,0.00,0.00,0,0,0.00,0.00,0,0
1508092213,total,324235.78,333038.97,657274.75,333372,324560,410.59,408.59,819.18,409,411,0.00,0.00,0,0
1508092214,s1,0.00,0.00,0.00,0,0,0.00,0.00,0.00,0,0,0.00,0.00,0,0
1508092214,eth0,0.00,0.00,0.00,0,0,0.00,0.00,0.00,0,0,0.00,0.00,0,0
1508092214,eth1,0.00,0.00,0.00,0,0,0.00,0.00,0.00,0,0,0.00,0.00,0,0
1508092214,s2,0.00,0.00,0.00,0,0,0.00,0.00,0.00,0,0,0.00,0.00,0,0
1508092214,s1-eth2,12382.00,248296.00,260678.00,248296,12382,161.00,164.00,325.00,164,161,0.00,0.00,0,0
1508092214,s1-eth1,250207.00,12382.00,262589.00,12382,250207,167.00,161.00,328.00,161,167,0.00,0.00,0,0
1508092214,s2-eth2,2777.00,56018.00,58795.00,56018,2777,34.00,37.00,71.00,37,34,0.00,0.00,0,0
1508092214,s2-eth1,56415.00,2380.00,58795.00,2380,56415,39.00,32.00,71.00,32,39,0.00,0.00,0,0
1508092214,lo,0.00,0.00,0.00,0,0,0.00,0.00,0.00,0,0,0.00,0.00,0,0
1508092214,total,321781.00,319076.00,640857.00,319076,321781,401.00,394.00,795.00,394,401,0.00,0.00,0,0
1508092215,s1,0.00,0.00,0.00,0,0,0.00,0.00,0.00,0,0,0.00,0.00,0,0
1508092215,eth0,0.00,0.00,0.00,0,0,0.00,0.00,0.00,0,0,0.00,0.00,0,0
1508092215,eth1,0.00,0.00,0.00,0,0,0.00,0.00,0.00,0,0,0.00,0.00,0,0
1508092215,s2,0.00,0.00,0.00,0,0,0.00,0.00,0.00,0,0,0.00,0.00,0,0
1508092215,s1-eth2,12334.00,257380.00,269714.00,257380,12334,161.00,170.00,331.00,170,161,0.00,0.00,0,0
1508092215,s1-eth1,249810.00,12334.00,262144.00,12334,249810,165.00,161.00,326.00,161,165,0.00,0.00,0,0
1508092215,s2-eth2,2812.00,80242.00,83054.00,80242,2812,38.00,53.00,91.00,53,38,0.00,0.00,0,0
1508092215,s2-eth1,77214.00,2812.00,80026.00,2812,77214,51.00,38.00,89.00,38,51,0.00,0.00,0,0
1508092215,lo,344.00,344.00,688.00,344,344,6.00,6.00,12.00,6,6,0.00,0.00,0,0
1508092215,total,342514.00,353112.00,695626.00,353112,342514,421.00,428.00,849.00,428,421,0.00,0.00,0,0
1508092216,s1,0.00,0.00,0.00,0,0,0.00,0.00,0.00,0,0,0.00,0.00,0,0
1508092216,eth0,0.00,0.00,0.00,0,0,0.00,0.00,0.00,0,0,0.00,0.00,0,0
1508092216,eth1,0.00,0.00,0.00,0,0,0.00,0.00,0.00,0,0,0.00,0.00,0,0
1508092216,s2,0.00,0.00,0.00,0,0,0.00,0.00,0.00,0,0,0.00,0.00,0,0
1508092216,s1-eth2,12507.00,255866.00,268373.00,255866,12507,165.00,169.00,334.00,169,165,0.00,0.00,0,0
1508092216,s1-eth1,249810.00,12400.00,262210.00,12400,249810,165.00,164.00,329.00,164,165,0.00,0.00,0,0
1508092216,s2-eth2,4408.00,95382.00,99790.00,95382,4408,54.00,63.00,117.00,63,54,0.00,0.00,0,0
1508092216,s2-eth1,93868.00,4066.00,97934.00,4066,93868,62.00,53.00,115.00,53,62,0.00,0.00,0,0
1508092216,lo,0.00,0.00,0.00,0,0,0.00,0.00,0.00,0,0,0.00,0.00,0,0
1508092216,total,360593.00,367714.00,728307.00,367714,360593,446.00,449.00,895.00,449,446,0.00,0.00,0,0
1508092217,s1,0.00,0.00,0.00,0,0,0.00,0.00,0.00,0,0,0.00,0.00,0,0
1508092217,eth0,0.00,0.00,0.00,0,0,0.00,0.00,0.00,0,0,0.00,0.00,0,0
1508092217,eth1,0.00,0.00,0.00,0,0,0.00,0.00,0.00,0,0,0.00,0.00,0,0
1508092217,s2,0.00,0.00,0.00,0,0,0.00,0.00,0.00,0,0,0.00,0.00,0,0
1508092217,s1-eth2,12456.00,257380.00,269836.00,257380,12456,164.00,170.00,334.00,170,164,0.00,0.00,0,0
1508092217,s1-eth1,250259.00,12386.00,262645.00,12386,250259,167.00,163.00,330.00,163,167,0.00,0.00,0,0
1508092217,s2-eth2,4383.00,92354.00,96737.00,92354,4383,57.00,61.00,118.00,61,57,0.00,0.00,0,0
1508092217,s2-eth1,93975.00,4276.00,98251.00,4276,93975,63.00,56.00,119.00,56,63,0.00,0.00,0,0
1508092217,lo,0.00,0.00,0.00,0,0,0.00,0.00,0.00,0,0,0.00,0.00,0,0
1508092217,total,361073.00,366396.00,727469.00,366396,361073,451.00,450.00,901.00,450,451,0.00,0.00,0,0
1508092218,s1,0.00,0.00,0.00,0,0,0.00,0.00,0.00,0,0,0.00,0.00,0,0
1508092218,eth0,0.00,0.00,0.00,0,0,0.00,0.00,0.00,0,0,0.00,0.00,0,0
1508092218,eth1,0.00,0.00,0.00,0,0,0.00,0.00,0.00,0,0,0.00,0.00,0,0
1508092218,s2,0.00,0.00,0.00,0,0,0.00,0.00,0.00,0,0,0.00,0.00,0,0
1508092218,s1-eth2,12580.00,255866.00,268446.00,255866,12580,160.00,169.00,329.00,169,160,0.00,0.00,0,0
1508092218,s1-eth1,249880.00,12238.00,262118.00,12238,249880,166.00,159.00,325.00,159,166,0.00,0.00,0,0
1508092218,s2-eth2,3992.00,107494.00,111486.00,107494,3992,54.00,71.00,125.00,71,54,0.00,0.00,0,0
1508092218,s2-eth1,99994.00,3922.00,103916.00,3922,99994,67.00,53.00,120.00,53,67,0.00,0.00,0,0
1508092218,lo,0.00,0.00,0.00,0,0,0.00,0.00,0.00,0,0,0.00,0.00,0,0
1508092218,total,366446.00,379520.00,745966.00,379520,366446,447.00,452.00,899.00,452,447,0.00,0.00,0,0
1508092219,s1,0.00,0.00,0.00,0,0,0.00,0.00,0.00,0,0,0.00,0.00,0,0
1508092219,eth0,0.00,0.00,0.00,0,0,0.00,0.00,0.00,0,0,0.00,0.00,0,0
1508092219,eth1,0.00,0.00,0.00,0,0,0.00,0.00,0.00,0,0,0.00,0.00,0,0
1508092219,s2,0.00,0.00,0.00,0,0,0.00,0.00,0.00,0,0,0.00,0.00,0,0
1508092219,s1-eth2,12512.00,258894.00,271406.00,258894,12512,160.00,171.00,331.00,171,160,0.00,0.00,0,0
1508092219,s1-eth1,248296.00,12512.00,260808.00,12512,248296,164.00,160.00,324.00,160,164,0.00,0.00,0,0
1508092219,s2-eth2,3960.00,92396.00,96356.00,92396,3960,52.00,62.00,114.00,62,52,0.00,0.00,0,0
1508092219,s2-eth1,90882.00,3960.00,94842.00,3960,90882,61.00,52.00,113.00,52,61,0.00,0.00,0,0
1508092219,lo,0.00,0.00,0.00,0,0,0.00,0.00,0.00,0,0,0.00,0.00,0,0
1508092219,total,355650.00,367762.00,723412.00,367762,355650,437.00,445.00,882.00,445,437,0.00,0.00,0,0
1508092220,s1,0.00,0.00,0.00,0,0,0.00,0.00,0.00,0,0,0.00,0.00,0,0
1508092220,eth0,0.00,0.00,0.00,0,0,0.00,0.00,0.00,0,0,0.00,0.00,0,0
1508092220,eth1,0.00,0.00,0.00,0,0,0.00,0.00,0.00,0,0,0.00,0.00,0,0
1508092220,s2,0.00,0.00,0.00,0,0,0.00,0.00,0.00,0,0,0.00,0.00,0,0
1508092220,s1-eth2,12054.00,260408.00,272462.00,260408,12054,159.00,172.00,331.00,172,159,0.00,0.00,0,0
1508092220,s1-eth1,249810.00,12054.00,261864.00,12054,249810,165.00,159.00,324.00,159,165,0.00,0.00,0,0
1508092220,s2-eth2,2738.00,102952.00,105690.00,102952,2738,37.00,68.00,105.00,68,37,0.00,0.00,0,0
1508092220,s2-eth1,106322.00,2738.00,109060.00,2738,106322,71.00,37.00,108.00,37,71,0.00,0.00,0,0
1508092220,lo,344.00,344.00,688.00,344,344,6.00,6.00,12.00,6,6,0.00,0.00,0,0
1508092220,total,371268.00,378496.00,749764.00,378496,371268,438.00,442.00,880.00,442,438,0.00,0.00,0,0
1508092221,s1,0.00,0.00,0.00,0,0,0.00,0.00,0.00,0,0,0.00,0.00,0,0
1508092221,eth0,0.00,0.00,0.00,0,0,0.00,0.00,0.00,0,0,0.00,0.00,0,0
1508092221,eth1,0.00,0.00,0.00,0,0,0.00,0.00,0.00,0,0,0.00,0.00,0,0
1508092221,s2,0.00,0.00,0.00,0,0,0.00,0.00,0.00,0,0,0.00,0.00,0,0
1508092221,s1-eth2,12592.00,255866.00,268458.00,255866,12592,164.00,169.00,333.00,169,164,0.00,0.00,0,0
1508092221,s1-eth1,249810.00,12592.00,262402.00,12592,249810,165.00,164.00,329.00,164,165,0.00,0.00,0,0
1508092221,s2-eth2,3732.00,101438.00,105170.00,101438,3732,48.00,67.00,115.00,67,48,0.00,0.00,0,0
1508092221,s2-eth1,99924.00,3732.00,103656.00,3732,99924,66.00,48.00,114.00,48,66,0.00,0.00,0,0
1508092221,lo,0.00,0.00,0.00,0,0,0.00,0.00,0.00,0,0,0.00,0.00,0,0
1508092221,total,366058.00,373628.00,739686.00,373628,366058,443.00,448.00,891.00,448,443,0.00,0.00,0,0
1508092222,s1,0.00,0.00,0.00,0,0,0.00,0.00,0.00,0,0,0.00,0.00,0,0
1508092222,eth0,0.00,0.00,0.00,0,0,0.00,0.00,0.00,0,0,0.00,0.00,0,0
1508092222,eth1,0.00,0.00,0.00,0,0,0.00,0.00,0.00,0,0,0.00,0.00,0,0
1508092222,s2,0.00,0.00,0.00,0,0,0.00,0.00,0.00,0,0,0.00,0.00,0,0
1508092222,s1-eth2,12000.00,257122.89,269122.88,257380,12012,157.84,169.83,327.67,170,158,0.00,0.00,0,0
1508092222,s1-eth1,249560.45,12000.00,261560.45,12012,249810,164.84,157.84,322.68,158,165,0.00,0.00,0,0
1508092222,s2-eth2,2671.33,60499.50,63170.83,60560,2674,34.97,39.96,74.93,40,35,0.00,0.00,0,0
1508092222,s2-eth1,63524.48,2671.33,66195.80,2674,63588,41.96,34.97,76.92,35,42,0.00,0.00,0,0
1508092222,lo,0.00,0.00,0.00,0,0,0.00,0.00,0.00,0,0,0.00,0.00,0,0
1508092222,total,327756.25,332293.72,660049.94,332626,328084,399.60,402.60,802.20,403,400,0.00,0.00,0,0
1508092223,s1,0.00,0.00,0.00,0,0,0.00,0.00,0.00,0,0,0.00,0.00,0,0
1508092223,eth0,0.00,0.00,0.00,0,0,0.00,0.00,0.00,0,0,0.00,0.00,0,0
1508092223,eth1,0.00,0.00,0.00,0,0,0.00,0.00,0.00,0,0,0.00,0.00,0,0
1508092223,s2,0.00,0.00,0.00,0,0,0.00,0.00,0.00,0,0,0.00,0.00,0,0
1508092223,s1-eth2,12418.00,258894.00,271312.00,258894,12418,161.00,171.00,332.00,171,161,0.00,0.00,0,0
1508092223,s1-eth1,251324.00,12492.00,263816.00,12492,251324,166.00,162.00,328.00,162,166,0.00,0.00,0,0
1508092223,s2-eth2,3314.00,83270.00,86584.00,83270,3314,43.00,55.00,98.00,55,43,0.00,0.00,0,0
1508092223,s2-eth1,77214.00,3314.00,80528.00,3314,77214,51.00,43.00,94.00,43,51,0.00,0.00,0,0
1508092223,lo,0.00,0.00,0.00,0,0,0.00,0.00,0.00,0,0,0.00,0.00,0,0
1508092223,total,344270.00,357970.00,702240.00,357970,344270,421.00,431.00,852.00,431,421,0.00,0.00,0,0
1508092224,s1,0.00,0.00,0.00,0,0,0.00,0.00,0.00,0,0,0.00,0.00,0,0
1508092224,eth0,0.00,0.00,0.00,0,0,0.00,0.00,0.00,0,0,0.00,0.00,0,0
1508092224,eth1,0.00,0.00,0.00,0,0,0.00,0.00,0.00,0,0,0.00,0.00,0,0
1508092224,s2,0.00,0.00,0.00,0,0,0.00,0.00,0.00,0,0,0.00,0.00,0,0
1508092224,s1-eth2,12177.00,251324.00,263501.00,251324,12177,156.00,166.00,322.00,166,156,0.00,0.00,0,0
1508092224,s1-eth1,246782.00,12082.00,258864.00,12082,246782,163.00,155.00,318.00,155,163,0.00,0.00,0,0
1508092224,s2-eth2,3462.00,84784.00,88246.00,84784,3462,45.00,56.00,101.00,56,45,0.00,0.00,0,0
1508092224,s2-eth1,87812.00,3462.00,91274.00,3462,87812,58.00,45.00,103.00,45,58,0.00,0.00,0,0
1508092224,lo,0.00,0.00,0.00,0,0,0.00,0.00,0.00,0,0,0.00,0.00,0,0
1508092224,total,350233.00,351652.00,701885.00,351652,350233,422.00,422.00,844.00,422,422,0.00,0.00,0,0
1508092225,s1,0.00,0.00,0.00,0,0,0.00,0.00,0.00,0,0,0.00,0.00,0,0
1508092225,eth0,0.00,0.00,0.00,0,0,0.00,0.00,0.00,0,0,0.00,0.00,0,0
1508092225,eth1,0.00,0.00,0.00,0,0,0.00,0.00,0.00,0,0,0.00,0.00,0,0
1508092225,s2,0.00,0.00,0.00,0,0,0.00,0.00,0.00,0,0,0.00,0.00,0,0
1508092225,s1-eth2,12040.00,266464.00,278504.00,266464,12040,158.00,176.00,334.00,176,158,0.00,0.00,0,0
1508092225,s1-eth1,243861.00,11954.00,255815.00,11954,243861,162.00,157.00,319.00,157,162,0.00,0.00,0,0
1508092225,s2-eth2,3763.00,92354.00,96117.00,92354,3763,45.00,61.00,106.00,61,45,0.00,0.00,0,0
1508092225,s2-eth1,84891.00,3314.00,88205.00,3314,84891,57.00,43.00,100.00,43,57,0.00,0.00,0,0
1508092225,lo,344.00,344.00,688.00,344,344,6.00,6.00,12.00,6,6,0.00,0.00,0,0
1508092225,total,344899.00,374430.00,719329.00,374430,344899,428.00,443.00,871.00,443,428,0.00,0.00,0,0
1508092226,s1,0.00,0.00,0.00,0,0,0.00,0.00,0.00,0,0,0.00,0.00,0,0
1508092226,eth0,0.00,0.00,0.00,0,0,0.00,0.00,0.00,0,0,0.00,0.00,0,0
1508092226,eth1,0.00,0.00,0.00,0,0,0.00,0.00,0.00,0,0,0.00,0.00,0,0
1508092226,s2,0.00,0.00,0.00,0,0,0.00,0.00,0.00,0,0,0.00,0.00,0,0
1508092226,s1-eth2,12281.72,257122.89,269404.59,257380,12294,160.84,169.83,330.67,170,161,0.00,0.00,0,0
1508092226,s1-eth1,249560.45,12281.72,261842.17,12294,249810,164.84,160.84,325.67,161,165,0.00,0.00,0,0
1508092226,s2-eth2,3902.10,92261.74,96163.84,92354,3906,50.95,60.94,111.89,61,51,0.00,0.00,0,0
1508092226,s2-eth1,92261.74,3976.02,96237.77,3980,92354,60.94,51.95,112.89,52,61,0.00,0.00,0,0
1508092226,lo,0.00,0.00,0.00,0,0,0.00,0.00,0.00,0,0,0.00,0.00,0,0
1508092226,total,358006.00,365642.38,723648.38,366008,358364,437.56,443.56,881.12,444,438,0.00,0.00,0,0
1508092227,s1,0.00,0.00,0.00,0,0,0.00,0.00,0.00,0,0,0.00,0.00,0,0
1508092227,eth0,0.00,0.00,0.00,0,0,0.00,0.00,0.00,0,0,0.00,0.00,0,0
1508092227,eth1,0.00,0.00,0.00,0,0,0.00,0.00,0.00,0,0,0.00,0.00,0,0
1508092227,s2,0.00,0.00,0.00,0,0,0.00,0.00,0.00,0,0,0.00,0.00,0,0
1508092227,s1-eth2,12666.00,255866.00,268532.00,255866,12666,161.00,169.00,330.00,169,161,0.00,0.00,0,0
1508092227,s1-eth1,249810.00,12324.00,262134.00,12324,249810,165.00,160.00,325.00,160,165,0.00,0.00,0,0
1508092227,s2-eth2,3108.00,92354.00,95462.00,92354,3108,42.00,61.00,103.00,61,42,0.00,0.00,0,0
1508092227,s2-eth1,89326.00,3034.00,92360.00,3034,89326,59.00,41.00,100.00,41,59,0.00,0.00,0,0
1508092227,lo,0.00,0.00,0.00,0,0,0.00,0.00,0.00,0,0,0.00,0.00,0,0
1508092227,total,354910.00,363578.00,718488.00,363578,354910,427.00,431.00,858.00,431,427,0.00,0.00,0,0
1508092228,s1,0.00,0.00,0.00,0,0,0.00,0.00,0.00,0,0,0.00,0.00,0,0
1508092228,eth0,0.00,0.00,0.00,0,0,0.00,0.00,0.00,0,0,0.00,0.00,0,0
1508092228,eth1,0.00,0.00,0.00,0,0,0.00,0.00,0.00,0,0,0.00,0.00,0,0
1508092228,s2,0.00,0.00,0.00,0,0,0.00,0.00,0.00,0,0,0.00,0.00,0,0
1508092228,s1-eth2,12550.00,257380.00,269930.00,257380,12550,161.00,170.00,331.00,170,161,0.00,0.00,0,0
1508092228,s1-eth1,251324.00,12624.00,263948.00,12624,251324,166.00,162.00,328.00,162,166,0.00,0.00,0,0
1508092228,s2-eth2,3576.00,72672.00,76248.00,72672,3576,44.00,48.00,92.00,48,44,0.00,0.00,0,0
1508092228,s2-eth1,77214.00,3576.00,80790.00,3576,77214,51.00,44.00,95.00,44,51,0.00,0.00,0,0
1508092228,lo,0.00,0.00,0.00,0,0,0.00,0.00,0.00,0,0,0.00,0.00,0,0
1508092228,total,344664.00,346252.00,690916.00,346252,344664,422.00,424.00,846.00,424,422,0.00,0.00,0,0
1508092229,s1,0.00,0.00,0.00,0,0,0.00,0.00,0.00,0,0,0.00,0.00,0,0
1508092229,eth0,0.00,0.00,0.00,0,0,0.00,0.00,0.00,0,0,0.00,0.00,0,0
1508092229,eth1,0.00,0.00,0.00,0,0,0.00,0.00,0.00,0,0,0.00,0.00,0,0
1508092229,s2,0.00,0.00,0.00,0,0,0.00,0.00,0.00,0,0,0.00,0.00,0,0
1508092229,s1-eth2,12085.91,258677.33,270763.25,258936,12098,160.84,171.83,332.67,172,161,0.00,0.00,0,0
1508092229,s1-eth1,249944.06,12011.99,261956.05,12024,250194,166.83,159.84,326.67,160,167,0.00,0.00,0,0
1508092229,s2-eth2,3150.85,77136.87,80287.71,77214,3154,40.96,50.95,91.91,51,41,0.00,0.00,0,0
1508092229,s2-eth1,68403.60,3150.85,71554.45,3154,68472,45.95,40.96,86.91,41,46,0.00,0.00,0,0
1508092229,lo,591.41,591.41,1182.82,592,592,5.99,5.99,11.99,6,6,0.00,0.00,0,0
1508092229,total,334175.84,351568.44,685744.25,351920,334510,420.58,429.57,850.15,430,421,0.00,0.00,0,0
1508092230,s1,0.00,0.00,0.00,0,0,0.00,0.00,0.00,0,0,0.00,0.00,0,0
1508092230,eth0,0.00,0.00,0.00,0,0,0.00,0.00,0.00,0,0,0.00,0.00,0,0
1508092230,eth1,0.00,0.00,0.00,0,0,0.00,0.00,0.00,0,0,0.00,0.00,0,0
1508092230,s2,0.00,0.00,0.00,0,0,0.00,0.00,0.00,0,0,0.00,0.00,0,0
1508092230,s1-eth2,12233.77,255610.39,267844.16,255866,12246,158.84,168.83,327.67,169,159,0.00,0.00,0,0
1508092230,s1-eth1,249560.45,12233.77,261794.22,12246,249810,164.84,158.84,323.68,159,165,0.00,0.00,0,0
1508092230,s2-eth2,2325.67,75624.38,77950.05,75700,2328,29.97,49.95,79.92,50,30,0.00,0.00,0,0
1508092230,s2-eth1,78649.35,2325.67,80975.02,2328,78728,51.95,29.97,81.92,30,52,0.00,0.00,0,0
1508092230,lo,171.83,171.83,343.66,172,172,3.00,3.00,5.99,3,3,0.00,0.00,0,0
1508092230,total,342941.06,345966.03,688907.12,346312,343284,408.59,410.59,819.18,411,409,0.00,0.00,0,0
1508092231,s1,0.00,0.00,0.00,0,0,0.00,0.00,0.00,0,0,0.00,0.00,0,0
1508092231,eth0,0.00,0.00,0.00,0,0,0.00,0.00,0.00,0,0,0.00,0.00,0,0
1508092231,eth1,0.00,0.00,0.00,0,0,0.00,0.00,0.00,0,0,0.00,0.00,0,0
1508092231,s2,0.00,0.00,0.00,0,0,0.00,0.00,0.00,0,0,0.00,0.00,0,0
1508092231,s1-eth2,12308.00,254352.00,266660.00,254352,12308,160.00,168.00,328.00,168,160,0.00,0.00,0,0
1508092231,s1-eth1,249810.00,12308.00,262118.00,12308,249810,165.00,160.00,325.00,160,165,0.00,0.00,0,0
1508092231,s2-eth2,2602.00,83270.00,85872.00,83270,2602,35.00,55.00,90.00,55,35,0.00,0.00,0,0
1508092231,s2-eth1,78728.00,2602.00,81330.00,2602,78728,52.00,35.00,87.00,35,52,0.00,0.00,0,0
1508092231,lo,0.00,0.00,0.00,0,0,0.00,0.00,0.00,0,0,0.00,0.00,0,0
1508092231,total,343448.00,352532.00,695980.00,352532,343448,412.00,418.00,830.00,418,412,0.00,0.00,0,0
1508092232,s1,0.00,0.00,0.00,0,0,0.00,0.00,0.00,0,0,0.00,0.00,0,0
1508092232,eth0,0.00,0.00,0.00,0,0,0.00,0.00,0.00,0,0,0.00,0.00,0,0
1508092232,eth1,0.00,0.00,0.00,0,0,0.00,0.00,0.00,0,0,0.00,0.00,0,0
1508092232,s2,0.00,0.00,0.00,0,0,0.00,0.00,0.00,0,0,0.00,0.00,0,0
1508092232,s1-eth2,11896.00,260408.00,272304.00,260408,11896,158.00,172.00,330.00,172,158,0.00,0.00,0,0
1508092232,s1-eth1,249810.00,11896.00,261706.00,11896,249810,165.00,158.00,323.00,158,165,0.00,0.00,0,0
1508092232,s2-eth2,3040.00,63588.00,66628.00,63588,3040,38.00,42.00,80.00,42,38,0.00,0.00,0,0
1508092232,s2-eth1,66616.00,3040.00,69656.00,3040,66616,44.00,38.00,82.00,38,44,0.00,0.00,0,0
1508092232,lo,0.00,0.00,0.00,0,0,0.00,0.00,0.00,0,0,0.00,0.00,0,0
1508092232,total,331362.00,338932.00,670294.00,338932,331362,405.00,410.00,815.00,410,405,0.00,0.00,0,0
1508092233,s1,0.00,0.00,0.00,0,0,0.00,0.00,0.00,0,0,0.00,0.00,0,0
1508092233,eth0,0.00,0.00,0.00,0,0,0.00,0.00,0.00,0,0,0.00,0.00,0,0
1508092233,eth1,0.00,0.00,0.00,0,0,0.00,0.00,0.00,0,0,0.00,0.00,0,0
1508092233,s2,0.00,0.00,0.00,0,0,0.00,0.00,0.00,0,0,0.00,0.00,0,0
1508092233,s1-eth2,12420.00,251324.00,263744.00,251324,12420,162.00,166.00,328.00,166,162,0.00,0.00,0,0
1508092233,s1-eth1,251324.00,12420.00,263744.00,12420,251324,166.00,162.00,328.00,162,166,0.00,0.00,0,0
1508092233,s2-eth2,3034.00,74186.00,77220.00,74186,3034,41.00,49.00,90.00,49,41,0.00,0.00,0,0
1508092233,s2-eth1,68130.00,3034.00,71164.00,3034,68130,45.00,41.00,86.00,41,45,0.00,0.00,0,0
1508092233,lo,172.00,172.00,344.00,172,172,3.00,3.00,6.00,3,3,0.00,0.00,0,0
1508092233,total,335080.00,341136.00,676216.00,341136,335080,417.00,421.00,838.00,421,417,0.00,0.00,0,0
1508092234,s1,0.00,0.00,0.00,0,0,0.00,0.00,0.00,0,0,0.00,0.00,0,0
1508092234,eth0,0.00,0.00,0.00,0,0,0.00,0.00,0.00,0,0,0.00,0.00,0,0
1508092234,eth1,0.00,0.00,0.00,0,0,0.00,0.00,0.00,0,0,0.00,0.00,0,0
1508092234,s2,0.00,0.00,0.00,0,0,0.00,0.00,0.00,0,0,0.00,0.00,0,0
1508092234,s1-eth2,12350.00,260408.00,272758.00,260408,12350,163.00,172.00,335.00,172,163,0.00,0.00,0,0
1508092234,s1-eth1,249810.00,12350.00,262160.00,12350,249810,165.00,163.00,328.00,163,165,0.00,0.00,0,0
1508092234,s2-eth2,2960.00,93868.00,96828.00,93868,2960,40.00,62.00,102.00,62,40,0.00,0.00,0,0
1508092234,s2-eth1,99924.00,3034.00,102958.00,3034,99924,66.00,41.00,107.00,41,66,0.00,0.00,0,0
1508092234,lo,0.00,0.00,0.00,0,0,0.00,0.00,0.00,0,0,0.00,0.00,0,0
1508092234,total,365044.00,369660.00,734704.00,369660,365044,434.00,438.00,872.00,438,434,0.00,0.00,0,0
1508092235,s1,0.00,0.00,0.00,0,0,0.00,0.00,0.00,0,0,0.00,0.00,0,0
1508092235,eth0,0.00,0.00,0.00,0,0,0.00,0.00,0.00,0,0,0.00,0.00,0,0
1508092235,eth1,0.00,0.00,0.00,0,0,0.00,0.00,0.00,0,0,0.00,0.00,0,0
1508092235,s2,0.00,0.00,0.00,0,0,0.00,0.00,0.00,0,0,0.00,0.00,0,0
1508092235,s1-eth2,12429.57,251072.94,263502.50,251324,12442,160.84,165.83,326.67,166,161,0.00,0.00,0,0
1508092235,s1-eth1,249560.45,12429.57,261990.02,12442,249810,164.84,160.84,325.67,161,165,0.00,0.00,0,0
1508092235,s2-eth2,5248.75,145198.81,150447.56,145344,5254,70.93,95.90,166.83,96,71,0.00,0.00,0,0
1508092235,s2-eth1,128561.45,5174.83,133736.27,5180,128690,84.92,69.93,154.85,70,85,0.00,0.00,0,0
1508092235,lo,171.83,171.83,343.66,172,172,3.00,3.00,5.99,3,3,0.00,0.00,0,0
1508092235,total,395972.03,414047.97,810020.00,414462,396368,484.52,495.50,980.02,496,485,0.00,0.00,0,0
1508092236,s1,0.00,0.00,0.00,0,0,0.00,0.00,0.00,0,0,0.00,0.00,0,0
1508092236,eth0,0.00,0.00,0.00,0,0,0.00,0.00,0.00,0,0,0.00,0.00,0,0
1508092236,eth1,0.00,0.00,0.00,0,0,0.00,0.00,0.00,0,0,0.00,0.00,0,0
1508092236,s2,0.00,0.00,0.00,0,0,0.00,0.00,0.00,0,0,0.00,0.00,0,0
1508092236,s1-eth2,12575.42,264685.31,277260.75,264950,12588,161.84,174.83,336.66,175,162,0.00,0.00,0,0
1508092236,s1-eth1,249560.45,12649.35,262209.81,12662,249810,164.84,162.84,327.67,163,165,0.00,0.00,0,0
1508092236,s2-eth2,7018.98,134611.39,141630.38,134746,7026,84.92,88.91,173.83,89,85,0.00,0.00,0,0
1508092236,s2-eth1,143686.31,6677.32,150363.64,6684,143830,94.91,83.92,178.82,84,95,0.00,0.00,0,0
1508092236,lo,0.00,0.00,0.00,0,0,0.00,0.00,0.00,0,0,0.00,0.00,0,0
1508092236,total,412841.16,418623.38,831464.56,419042,413254,506.49,510.49,1016.98,511,507,0.00,0.00,0,0
1508092237,s1,0.00,0.00,0.00,0,0,0.00,0.00,0.00,0,0,0.00,0.00,0,0
1508092237,eth0,0.00,0.00,0.00,0,0,0.00,0.00,0.00,0,0,0.00,0.00,0,0
1508092237,eth1,0.00,0.00,0.00,0,0,0.00,0.00,0.00,0,0,0.00,0.00,0,0
1508092237,s2,0.00,0.00,0.00,0,0,0.00,0.00,0.00,0,0,0.00,0.00,0,0
1508092237,s1-eth2,12164.00,254352.00,266516.00,254352,12164,160.00,168.00,328.00,168,160,0.00,0.00,0,0
1508092237,s1-eth1,251324.00,12090.00,263414.00,12090,251324,166.00,159.00,325.00,159,166,0.00,0.00,0,0
1508092237,s2-eth2,5146.00,99924.00,105070.00,99924,5146,65.00,66.00,131.00,66,65,0.00,0.00,0,0
1508092237,s2-eth1,97238.00,5146.00,102384.00,5146,97238,65.00,65.00,130.00,65,65,0.00,0.00,0,0
1508092237,lo,0.00,0.00,0.00,0,0,0.00,0.00,0.00,0,0,0.00,0.00,0,0
1508092237,total,365872.00,371512.00,737384.00,371512,365872,456.00,458.00,914.00,458,456,0.00,0.00,0,0
1508092238,s1,0.00,0.00,0.00,0,0,0.00,0.00,0.00,0,0,0.00,0.00,0,0
1508092238,eth0,0.00,0.00,0.00,0,0,0.00,0.00,0.00,0,0,0.00,0.00,0,0
1508092238,eth1,0.00,0.00,0.00,0,0,0.00,0.00,0.00,0,0,0.00,0.00,0,0
1508092238,s2,0.00,0.00,0.00,0,0,0.00,0.00,0.00,0,0,0.00,0.00,0,0
1508092238,s1-eth2,12302.00,258894.00,271196.00,258894,12302,161.00,171.00,332.00,171,161,0.00,0.00,0,0
1508092238,s1-eth1,249810.00,12302.00,262112.00,12302,249810,165.00,161.00,326.00,161,165,0.00,0.00,0,0
1508092238,s2-eth2,3462.00,87812.00,91274.00,87812,3462,45.00,58.00,103.00,58,45,0.00,0.00,0,0
1508092238,s2-eth1,89326.00,3462.00,92788.00,3462,89326,59.00,45.00,104.00,45,59,0.00,0.00,0,0
1508092238,lo,172.00,172.00,344.00,172,172,3.00,3.00,6.00,3,3,0.00,0.00,0,0
1508092238,total,355072.00,362642.00,717714.00,362642,355072,433.00,438.00,871.00,438,433,0.00,0.00,0,0
1508092239,s1,0.00,0.00,0.00,0,0,0.00,0.00,0.00,0,0,0.00,0.00,0,0
1508092239,eth0,0.00,0.00,0.00,0,0,0.00,0.00,0.00,0,0,0.00,0.00,0,0
1508092239,eth1,0.00,0.00,0.00,0,0,0.00,0.00,0.00,0,0,0.00,0.00,0,0
1508092239,s2,0.00,0.00,0.00,0,0,0.00,0.00,0.00,0,0,0.00,0.00,0,0
1508092239,s1-eth2,12202.00,251324.00,263526.00,251324,12202,161.00,166.00,327.00,166,161,0.00,0.00,0,0
1508092239,s1-eth1,250152.00,12276.00,262428.00,12276,250152,166.00,162.00,328.00,162,166,0.00,0.00,0,0
1508092239,s2-eth2,3552.00,98410.00,101962.00,98410,3552,48.00,65.00,113.00,65,48,0.00,0.00,0,0
1508092239,s2-eth1,92354.00,3700.00,96054.00,3700,92354,61.00,50.00,111.00,50,61,0.00,0.00,0,0
1508092239,lo,0.00,0.00,0.00,0,0,0.00,0.00,0.00,0,0,0.00,0.00,0,0
1508092239,total,358260.00,365710.00,723970.00,365710,358260,436.00,443.00,879.00,443,436,0.00,0.00,0,0
1508092240,s1,0.00,0.00,0.00,0,0,0.00,0.00,0.00,0,0,0.00,0.00,0,0
1508092240,eth0,0.00,0.00,0.00,0,0,0.00,0.00,0.00,0,0,0.00,0.00,0,0
1508092240,eth1,0.00,0.00,0.00,0,0,0.00,0.00,0.00,0,0,0.00,0.00,0,0
1508092240,s2,0.00,0.00,0.00,0,0,0.00,0.00,0.00,0,0,0.00,0.00,0,0
1508092240,s1-eth2,12291.00,254352.00,266643.00,254352,12291,159.00,168.00,327.00,168,159,0.00,0.00,0,0
1508092240,s1-eth1,249810.00,12110.00,261920.00,12110,249810,165.00,157.00,322.00,157,165,0.00,0.00,0,0
1508092240,s2-eth2,3890.00,72672.00,76562.00,72672,3890,49.00,48.00,97.00,48,49,0.00,0.00,0,0
1508092240,s2-eth1,74186.00,3742.00,77928.00,3742,74186,49.00,47.00,96.00,47,49,0.00,0.00,0,0
1508092240,lo,172.00,172.00,344.00,172,172,3.00,3.00,6.00,3,3,0.00,0.00,0,0
1508092240,total,340349.00,343048.00,683397.00,343048,340349,425.00,423.00,848.00,423,425,0.00,0.00,0,0
1508092241,s1,0.00,0.00,0.00,0,0,0.00,0.00,0.00,0,0,0.00,0.00,0,0
1508092241,eth0,0.00,0.00,0.00,0,0,0.00,0.00,0.00,0,0,0.00,0.00,0,0
1508092241,eth1,0.00,0.00,0.00,0,0,0.00,0.00,0.00,0,0,0.00,0.00,0,0
1508092241,s2,0.00,0.00,0.00,0,0,0.00,0.00,0.00,0,0,0.00,0.00,0,0
1508092241,s1-eth2,12276.00,258894.00,271170.00,258894,12276,162.00,171.00,333.00,171,162,0.00,0.00,0,0
1508092241,s1-eth1,249917.00,12276.00,262193.00,12276,249917,166.00,162.00,328.00,162,166,0.00,0.00,0,0
1508092241,s2-eth2,2359.00,40878.00,43237.00,40878,2359,29.00,27.00,56.00,27,29,0.00,0.00,0,0
1508092241,s2-eth1,37957.00,2252.00,40209.00,2252,37957,26.00,28.00,54.00,28,26,0.00,0.00,0,0
1508092241,lo,0.00,0.00,0.00,0,0,0.00,0.00,0.00,0,0,0.00,0.00,0,0
1508092241,total,302509.00,314300.00,616809.00,314300,302509,383.00,388.00,771.00,388,383,0.00,0.00,0,0
1508092242,s1,0.00,0.00,0.00,0,0,0.00,0.00,0.00,0,0,0.00,0.00,0,0
1508092242,eth0,0.00,0.00,0.00,0,0,0.00,0.00,0.00,0,0,0.00,0.00,0,0
1508092242,eth1,0.00,0.00,0.00,0,0,0.00,0.00,0.00,0,0,0.00,0.00,0,0
1508092242,s2,0.00,0.00,0.00,0,0,0.00,0.00,0.00,0,0,0.00,0.00,0,0
1508092242,s1-eth2,5312.00,96606.00,101918.00,96606,5312,70.00,67.00,137.00,67,70,0.00,0.00,0,0
1508092242,s1-eth1,107204.00,5312.00,112516.00,5312,107204,74.00,70.00,144.00,70,74,0.00,0.00,0,0
1508092242,s2-eth2,888.00,15288.00,16176.00,15288,888,12.00,12.00,24.00,12,12,0.00,0.00,0,0
1508092242,s2-eth1,21344.00,888.00,22232.00,888,21344,16.00,12.00,28.00,12,16,0.00,0.00,0,0
1508092242,lo,0.00,0.00,0.00,0,0,0.00,0.00,0.00,0,0,0.00,0.00,0,0
1508092242,total,134748.00,118094.00,252842.00,118094,134748,172.00,161.00,333.00,161,172,0.00,0.00,0,0
1508092243,s1,0.00,0.00,0.00,0,0,0.00,0.00,0.00,0,0,0.00,0.00,0,0
1508092243,eth0,0.00,0.00,0.00,0,0,0.00,0.00,0.00,0,0,0.00,0.00,0,0
1508092243,eth1,0.00,0.00,0.00,0,0,0.00,0.00,0.00,0,0,0.00,0.00,0,0
1508092243,s2,0.00,0.00,0.00,0,0,0.00,0.00,0.00,0,0,0.00,0.00,0,0
1508092243,s1-eth2,0.00,0.00,0.00,0,0,0.00,0.00,0.00,0,0,0.00,0.00,0,0
1508092243,s1-eth1,0.00,0.00,0.00,0,0,0.00,0.00,0.00,0,0,0.00,0.00,0,0
1508092243,s2-eth2,0.00,0.00,0.00,0,0,0.00,0.00,0.00,0,0,0.00,0.00,0,0
1508092243,s2-eth1,0.00,0.00,0.00,0,0,0.00,0.00,0.00,0,0,0.00,0.00,0,0
1508092243,lo,172.00,172.00,344.00,172,172,3.00,3.00,6.00,3,3,0.00,0.00,0,0
1508092243,total,172.00,172.00,344.00,172,172,3.00,3.00,6.00,3,3,0.00,0.00,0,0
1508092244,s1,0.00,0.00,0.00,0,0,0.00,0.00,0.00,0,0,0.00,0.00,0,0
1508092244,eth0,0.00,0.00,0.00,0,0,0.00,0.00,0.00,0,0,0.00,0.00,0,0
1508092244,eth1,0.00,0.00,0.00,0,0,0.00,0.00,0.00,0,0,0.00,0.00,0,0
1508092244,s2,0.00,0.00,0.00,0,0,0.00,0.00,0.00,0,0,0.00,0.00,0,0
1508092244,s1-eth2,342.00,0.00,342.00,0,342,1.00,0.00,1.00,0,1,0.00,0.00,0,0
1508092244,s1-eth1,0.00,0.00,0.00,0,0,0.00,0.00,0.00,0,0,0.00,0.00,0,0
1508092244,s2-eth2,0.00,0.00,0.00,0,0,0.00,0.00,0.00,0,0,0.00,0.00,0,0
1508092244,s2-eth1,0.00,0.00,0.00,0,0,0.00,0.00,0.00,0,0,0.00,0.00,0,0
1508092244,lo,0.00,0.00,0.00,0,0,0.00,0.00,0.00,0,0,0.00,0.00,0,0
1508092244,total,342.00,0.00,342.00,0,342,1.00,0.00,1.00,0,1,0.00,0.00,0,0
1508092245,s1,0.00,0.00,0.00,0,0,0.00,0.00,0.00,0,0,0.00,0.00,0,0
1508092245,eth0,0.00,0.00,0.00,0,0,0.00,0.00,0.00,0,0,0.00,0.00,0,0
1508092245,eth1,0.00,0.00,0.00,0,0,0.00,0.00,0.00,0,0,0.00,0.00,0,0
1508092245,s2,0.00,0.00,0.00,0,0,0.00,0.00,0.00,0,0,0.00,0.00,0,0
1508092245,s1-eth2,0.00,0.00,0.00,0,0,0.00,0.00,0.00,0,0,0.00,0.00,0,0
1508092245,s1-eth1,0.00,0.00,0.00,0,0,0.00,0.00,0.00,0,0,0.00,0.00,0,0
1508092245,s2-eth2,0.00,0.00,0.00,0,0,0.00,0.00,0.00,0,0,0.00,0.00,0,0
1508092245,s2-eth1,342.00,0.00,342.00,0,342,1.00,0.00,1.00,0,1,0.00,0.00,0,0
1508092245,lo,172.00,172.00,344.00,172,172,3.00,3.00,6.00,3,3,0.00,0.00,0,0
1508092245,total,514.00,172.00,686.00,172,514,4.00,3.00,7.00,3,4,0.00,0.00,0,0
1508092246,s1,0.00,0.00,0.00,0,0,0.00,0.00,0.00,0,0,0.00,0.00,0,0
1508092246,eth0,0.00,0.00,0.00,0,0,0.00,0.00,0.00,0,0,0.00,0.00,0,0
1508092246,eth1,0.00,0.00,0.00,0,0,0.00,0.00,0.00,0,0,0.00,0.00,0,0
1508092246,s2,0.00,0.00,0.00,0,0,0.00,0.00,0.00,0,0,0.00,0.00,0,0
1508092246,s1-eth2,0.00,0.00,0.00,0,0,0.00,0.00,0.00,0,0,0.00,0.00,0,0
1508092246,s1-eth1,0.00,0.00,0.00,0,0,0.00,0.00,0.00,0,0,0.00,0.00,0,0
1508092246,s2-eth2,0.00,0.00,0.00,0,0,0.00,0.00,0.00,0,0,0.00,0.00,0,0
1508092246,s2-eth1,0.00,0.00,0.00,0,0,0.00,0.00,0.00,0,0,0.00,0.00,0,0
1508092246,lo,0.00,0.00,0.00,0,0,0.00,0.00,0.00,0,0,0.00,0.00,0,0
1508092246,total,0.00,0.00,0.00,0,0,0.00,0.00,0.00,0,0,0.00,0.00,0,0
1508092247,s1,0.00,0.00,0.00,0,0,0.00,0.00,0.00,0,0,0.00,0.00,0,0
150809224