1508035742,s5,0.00,0.00,0.00,0,0,0.00,0.00,0.00,0,0,0.00,0.00,0,0
1508035742,s1,0.00,0.00,0.00,0,0,0.00,0.00,0.00,0,0,0.00,0.00,0,0
1508035742,eth0,0.00,0.00,0.00,0,0,0.00,0.00,0.00,0,0,0.00,0.00,0,0
1508035742,eth1,0.00,0.00,0.00,0,0,0.00,0.00,0.00,0,0,0.00,0.00,0,0
1508035742,s1-eth2,0.00,0.00,0.00,0,0,0.00,0.00,0.00,0,0,0.00,0.00,0,0
1508035742,s1-eth1,0.00,0.00,0.00,0,0,0.00,0.00,0.00,0,0,0.00,0.00,0,0
1508035742,lo,0.00,0.00,0.00,0,0,0.00,0.00,0.00,0,0,0.00,0.00,0,0
1508035742,s4,0.00,0.00,0.00,0,0,0.00,0.00,0.00,0,0,0.00,0.00,0,0
1508035742,total,0.00,0.00,0.00,0,0,0.00,0.00,0.00,0,0,0.00,0.00,0,0
1508035743,s5,0.00,0.00,0.00,0,0,0.00,0.00,0.00,0,0,0.00,0.00,0,0
1508035743,s1,249.75,499.50,749.25,500,250,3.00,5.99,8.99,6,3,0.00,0.00,0,0
1508035743,eth0,303.70,734.27,1037.96,735,304,4.00,5.99,9.99,6,4,0.00,0.00,0,0
1508035743,eth1,0.00,0.00,0.00,0,0,0.00,0.00,0.00,0,0,0.00,0.00,0,0
1508035743,s1-eth2,9181.82,230927.08,240108.89,231158,9191,113.89,100.90,214.79,101,114,0.00,0.00,0,0
1508035743,s1-eth1,246563.44,7088.91,253652.36,7096,246810,118.88,99.90,218.78,100,119,0.00,0.00,0,0
1508035743,lo,3427.57,3427.57,6855.15,3431,3431,36.96,36.96,73.93,37,37,0.00,0.00,0,0
1508035743,s4,0.00,0.00,0.00,0,0,0.00,0.00,0.00,0,0,0.00,0.00,0,0
1508035743,total,259726.28,242677.33,502403.62,242920,259986,276.72,249.75,526.47,250,277,0.00,0.00,0,0
1508035744,s5,0.00,0.00,0.00,0,0,0.00,0.00,0.00,0,0,0.00,0.00,0,0
1508035744,s1,0.00,0.00,0.00,0,0,0.00,0.00,0.00,0,0,0.00,0.00,0,0
1508035744,eth0,152.00,245.00,397.00,245,152,2.00,2.00,4.00,2,2,0.00,0.00,0,0
1508035744,eth1,0.00,0.00,0.00,0,0,0.00,0.00,0.00,0,0,0.00,0.00,0,0
1508035744,s1-eth2,7421.00,242888.00,250309.00,242888,7421,99.00,104.00,203.00,104,99,0.00,0.00,0,0
1508035744,s1-eth1,246354.00,6800.00,253154.00,6800,246354,106.00,96.00,202.00,96,106,0.00,0.00,0,0
1508035744,lo,341.00,341.00,682.00,341,341,4.00,4.00,8.00,4,4,0.00,0.00,0,0
1508035744,s4,0.00,0.00,0.00,0,0,0.00,0.00,0.00,0,0,0.00,0.00,0,0
1508035744,total,254268.00,250274.00,504542.00,250274,254268,211.00,206.00,417.00,206,211,0.00,0.00,0,0
1508035745,s5,0.00,0.00,0.00,0,0,0.00,0.00,0.00,0,0,0.00,0.00,0,0
1508035745,s1,0.00,0.00,0.00,0,0,0.00,0.00,0.00,0,0,0.00,0.00,0,0
1508035745,eth0,0.00,0.00,0.00,0,0,0.00,0.00,0.00,0,0,0.00,0.00,0,0
1508035745,eth1,0.00,0.00,0.00,0,0,0.00,0.00,0.00,0,0,0.00,0.00,0,0
1508035745,s1-eth2,6711.00,255260.00,261971.00,255260,6711,91.00,94.00,185.00,94,91,0.00,0.00,0,0
1508035745,s1-eth1,243805.00,6042.00,249847.00,6042,243805,92.00,89.00,181.00,89,92,0.00,0.00,0,0
1508035745,lo,0.00,0.00,0.00,0,0,0.00,0.00,0.00,0,0,0.00,0.00,0,0
1508035745,s4,0.00,0.00,0.00,0,0,0.00,0.00,0.00,0,0,0.00,0.00,0,0
1508035745,total,250516.00,261302.00,511818.00,261302,250516,183.00,183.00,366.00,183,183,0.00,0.00,0,0
1508035746,s5,0.00,0.00,0.00,0,0,0.00,0.00,0.00,0,0,0.00,0.00,0,0
1508035746,s1,0.00,0.00,0.00,0,0,0.00,0.00,0.00,0,0,0.00,0.00,0,0
1508035746,eth0,0.00,0.00,0.00,0,0,0.00,0.00,0.00,0,0,0.00,0.00,0,0
1508035746,eth1,0.00,0.00,0.00,0,0,0.00,0.00,0.00,0,0,0.00,0.00,0,0
1508035746,s1-eth2,6590.00,254076.00,260666.00,254076,6590,94.00,98.00,192.00,98,94,0.00,0.00,0,0
1508035746,s1-eth1,242602.00,6216.00,248818.00,6216,242602,96.00,92.00,188.00,92,96,0.00,0.00,0,0
1508035746,lo,0.00,0.00,0.00,0,0,0.00,0.00,0.00,0,0,0.00,0.00,0,0
1508035746,s4,0.00,0.00,0.00,0,0,0.00,0.00,0.00,0,0,0.00,0.00,0,0
1508035746,total,249192.00,260292.00,509484.00,260292,249192,190.00,190.00,380.00,190,190,0.00,0.00,0,0
1508035747,s5,0.00,0.00,0.00,0,0,0.00,0.00,0.00,0,0,0.00,0.00,0,0
1508035747,s1,70.00,140.00,210.00,140,70,1.00,2.00,3.00,2,1,0.00,0.00,0,0
1508035747,eth0,0.00,0.00,0.00,0,0,0.00,0.00,0.00,0,0,0.00,0.00,0,0
1508035747,eth1,0.00,0.00,0.00,0,0,0.00,0.00,0.00,0,0,0.00,0.00,0,0
1508035747,s1-eth2,6021.00,255066.00,261087.00,255066,6021,86.00,91.00,177.00,91,86,0.00,0.00,0,0
1508035747,s1-eth1,243615.00,5554.00,249169.00,5554,243615,89.00,83.00,172.00,83,89,0.00,0.00,0,0
1508035747,lo,1148.00,1148.00,2296.00,1148,1148,15.00,15.00,30.00,15,15,0.00,0.00,0,0
1508035747,s4,0.00,0.00,0.00,0,0,0.00,0.00,0.00,0,0,0.00,0.00,0,0
1508035747,total,250854.00,261908.00,512762.00,261908,250854,191.00,191.00,382.00,191,191,0.00,0.00,0,0
1508035748,s5,0.00,0.00,0.00,0,0,0.00,0.00,0.00,0,0,0.00,0.00,0,0
1508035748,s1,0.00,0.00,0.00,0,0,0.00,0.00,0.00,0,0,0.00,0.00,0,0
1508035748,eth0,0.00,0.00,0.00,0,0,0.00,0.00,0.00,0,0,0.00,0.00,0,0
1508035748,eth1,0.00,0.00,0.00,0,0,0.00,0.00,0.00,0,0,0.00,0.00,0,0
1508035748,s1-eth2,5904.10,247640.36,253544.47,247888,5910,86.91,91.91,178.82,92,87,0.00,0.00,0,0
1508035748,s1-eth1,246127.88,5904.10,252031.97,5910,246374,90.91,86.91,177.82,87,91,0.00,0.00,0,0
1508035748,lo,0.00,0.00,0.00,0,0,0.00,0.00,0.00,0,0,0.00,0.00,0,0
1508035748,s4,0.00,0.00,0.00,0,0,0.00,0.00,0.00,0,0,0.00,0.00,0,0
1508035748,total,252031.97,253544.47,505576.44,253798,252284,177.82,178.82,356.64,179,178,0.00,0.00,0,0
1508035749,s5,0.00,0.00,0.00,0,0,0.00,0.00,0.00,0,0,0.00,0.00,0,0
1508035749,s1,0.00,0.00,0.00,0,0,0.00,0.00,0.00,0,0,0.00,0.00,0,0
1508035749,eth0,0.00,0.00,0.00,0,0,0.00,0.00,0.00,0,0,0.00,0.00,0,0
1508035749,eth1,0.00,0.00,0.00,0,0,0.00,0.00,0.00,0,0,0.00,0.00,0,0
1508035749,s1-eth2,6114.00,252100.00,258214.00,252100,6114,87.00,90.00,177.00,90,87,0.00,0.00,0,0
1508035749,s1-eth1,243214.00,5772.00,248986.00,5772,243214,87.00,86.00,173.00,86,87,0.00,0.00,0,0
1508035749,lo,0.00,0.00,0.00,0,0,0.00,0.00,0.00,0,0,0.00,0.00,0,0
1508035749,s4,0.00,0.00,0.00,0,0,0.00,0.00,0.00,0,0,0.00,0.00,0,0
1508035749,total,249328.00,257872.00,507200.00,257872,249328,174.00,176.00,350.00,176,174,0.00,0.00,0,0
1508035750,s5,0.00,0.00,0.00,0,0,0.00,0.00,0.00,0,0,0.00,0.00,0,0
1508035750,s1,0.00,0.00,0.00,0,0,0.00,0.00,0.00,0,0,0.00,0.00,0,0
1508035750,eth0,0.00,0.00,0.00,0,0,0.00,0.00,0.00,0,0,0.00,0.00,0,0
1508035750,eth1,0.00,0.00,0.00,0,0,0.00,0.00,0.00,0,0,0.00,0.00,0,0
1508035750,s1-eth2,6244.76,259674.33,265919.09,259934,6251,90.91,98.90,189.81,99,91,0.00,0.00,0,0
1508035750,s1-eth1,246774.23,6203.80,252978.03,6210,247021,95.90,90.91,186.81,91,96,0.00,0.00,0,0
1508035750,lo,0.00,0.00,0.00,0,0,0.00,0.00,0.00,0,0,0.00,0.00,0,0
1508035750,s4,0.00,0.00,0.00,0,0,0.00,0.00,0.00,0,0,0.00,0.00,0,0
1508035750,total,253018.98,265878.12,518897.12,266144,253272,186.81,189.81,376.62,190,187,0.00,0.00,0,0
1508035751,s5,0.00,0.00,0.00,0,0,0.00,0.00,0.00,0,0,0.00,0.00,0,0
1508035751,s1,69.93,139.86,209.79,140,70,1.00,2.00,3.00,2,1,0.00,0.00,0,0
1508035751,eth0,0.00,0.00,0.00,0,0,0.00,0.00,0.00,0,0,0.00,0.00,0,0
1508035751,eth1,0.00,0.00,0.00,0,0,0.00,0.00,0.00,0,0,0.00,0.00,0,0
1508035751,s1-eth2,6219.78,249288.72,255508.50,249538,6226,90.91,94.91,185.81,95,91,0.00,0.00,0,0
1508035751,s1-eth1,246403.61,6079.92,252483.52,6086,246650,94.91,88.91,183.82,89,95,0.00,0.00,0,0
1508035751,lo,803.20,803.20,1606.39,804,804,8.99,8.99,17.98,9,9,0.00,0.00,0,0
1508035751,s4,0.00,0.00,0.00,0,0,0.00,0.00,0.00,0,0,0.00,0.00,0,0
1508035751,total,253496.52,256311.69,509808.22,256568,253750,195.80,194.81,390.61,195,196,0.00,0.00,0,0
1508035752,s5,0.00,0.00,0.00,0,0,0.00,0.00,0.00,0,0,0.00,0.00,0,0
1508035752,s1,0.00,0.00,0.00,0,0,0.00,0.00,0.00,0,0,0.00,0.00,0,0
1508035752,eth0,0.00,0.00,0.00,0,0,0.00,0.00,0.00,0,0,0.00,0.00,0,0
1508035752,eth1,0.00,0.00,0.00,0,0,0.00,0.00,0.00,0,0,0.00,0.00,0,0
1508035752,s1-eth2,6812.00,257698.00,264510.00,257698,6812,100.00,109.00,209.00,109,100,0.00,0.00,0,0
1508035752,s1-eth1,238346.00,6746.00,245092.00,6746,238346,101.00,99.00,200.00,99,101,0.00,0.00,0,0
1508035752,lo,344.00,344.00,688.00,344,344,6.00,6.00,12.00,6,6,0.00,0.00,0,0
1508035752,s4,0.00,0.00,0.00,0,0,0.00,0.00,0.00,0,0,0.00,0.00,0,0
1508035752,total,245502.00,264788.00,510290.00,264788,245502,207.00,214.00,421.00,214,207,0.00,0.00,0,0
1508035753,s5,0.00,0.00,0.00,0,0,0.00,0.00,0.00,0,0,0.00,0.00,0,0
1508035753,s1,0.00,0.00,0.00,0,0,0.00,0.00,0.00,0,0,0.00,0.00,0,0
1508035753,eth0,0.00,0.00,0.00,0,0,0.00,0.00,0.00,0,0,0.00,0.00,0,0
1508035753,eth1,0.00,0.00,0.00,0,0,0.00,0.00,0.00,0,0,0.00,0.00,0,0
1508035753,s1-eth2,5174.00,200892.00,206066.00,200892,5174,75.00,82.00,157.00,82,75,0.00,0.00,0,0
1508035753,s1-eth1,192006.00,5174.00,197180.00,5174,192006,79.00,75.00,154.00,75,79,0.00,0.00,0,0
1508035753,lo,0.00,0.00,0.00,0,0,0.00,0.00,0.00,0,0,0.00,0.00,0,0
1508035753,s4,0.00,0.00,0.00,0,0,0.00,0.00,0.00,0,0,0.00,0.00,0,0
1508035753,total,197180.00,206066.00,403246.00,206066,197180,154.00,157.00,311.00,157,154,0.00,0.00,0,0
1508035754,s5,0.00,0.00,0.00,0,0,0.00,0.00,0.00,0,0,0.00,0.00,0,0
1508035754,s1,0.00,0.00,0.00,0,0,0.00,0.00,0.00,0,0,0.00,0.00,0,0
1508035754,eth0,0.00,0.00,0.00,0,0,0.00,0.00,0.00,0,0,0.00,0.00,0,0
1508035754,eth1,0.00,0.00,0.00,0,0,0.00,0.00,0.00,0,0,0.00,0.00,0,0
1508035754,s1-eth2,5316.00,250586.00,255902.00,250586,5316,80.00,89.00,169.00,89,80,0.00,0.00,0,0
1508035754,s1-eth1,235776.00,5316.00,241092.00,5316,235776,84.00,80.00,164.00,80,84,0.00,0.00,0,0
1508035754,lo,0.00,0.00,0.00,0,0,0.00,0.00,0.00,0,0,0.00,0.00,0,0
1508035754,s4,0.00,0.00,0.00,0,0,0.00,0.00,0.00,0,0,0.00,0.00,0,0
1508035754,total,241092.00,255902.00,496994.00,255902,241092,164.00,169.00,333.00,169,164,0.00,0.00,0,0
1508035755,s5,0.00,0.00,0.00,0,0,0.00,0.00,0.00,0,0,0.00,0.00,0,0
1508035755,s1,0.00,0.00,0.00,0,0,0.00,0.00,0.00,0,0,0.00,0.00,0,0
1508035755,eth0,0.00,0.00,0.00,0,0,0.00,0.00,0.00,0,0,0.00,0.00,0,0
1508035755,eth1,0.00,0.00,0.00,0,0,0.00,0.00,0.00,0,0,0.00,0.00,0,0
1508035755,s1-eth2,5958.00,247954.00,253912.00,247954,5958,87.00,93.00,180.00,93,87,0.00,0.00,0,0
1508035755,s1-eth1,246440.00,5958.00,252398.00,5958,246440,92.00,87.00,179.00,87,92,0.00,0.00,0,0
1508035755,lo,0.00,0.00,0.00,0,0,0.00,0.00,0.00,0,0,0.00,0.00,0,0
1508035755,s4,0.00,0.00,0.00,0,0,0.00,0.00,0.00,0,0,0.00,0.00,0,0
1508035755,total,252398.00,253912.00,506310.00,253912,252398,179.00,180.00,359.00,180,179,0.00,0.00,0,0
1508035756,s5,0.00,0.00,0.00,0,0,0.00,0.00,0.00,0,0,0.00,0.00,0,0
1508035756,s1,0.00,0.00,0.00,0,0,0.00,0.00,0.00,0,0,0.00,0.00,0,0
1508035756,eth0,0.00,0.00,0.00,0,0,0.00,0.00,0.00,0,0,0.00,0.00,0,0
1508035756,eth1,0.00,0.00,0.00,0,0,0.00,0.00,0.00,0,0,0.00,0.00,0,0
1508035756,s1-eth2,6306.00,244204.00,250510.00,244204,6306,91.00,102.00,193.00,102,91,0.00,0.00,0,0
1508035756,s1-eth1,227748.00,6306.00,234054.00,6306,227748,94.00,91.00,185.00,91,94,0.00,0.00,0,0
1508035756,lo,172.00,172.00,344.00,172,172,3.00,3.00,6.00,3,3,0.00,0.00,0,0
1508035756,s4,0.00,0.00,0.00,0,0,0.00,0.00,0.00,0,0,0.00,0.00,0,0
1508035756,total,234226.00,250682.00,484908.00,250682,234226,188.00,196.00,384.00,196,188,0.00,0.00,0,0
1508035757,s5,0.00,0.00,0.00,0,0,0.00,0.00,0.00,0,0,0.00,0.00,0,0
1508035757,s1,0.00,0.00,0.00,0,0,0.00,0.00,0.00,0,0,0.00,0.00,0,0
1508035757,eth0,0.00,0.00,0.00,0,0,0.00,0.00,0.00,0,0,0.00,0.00,0,0
1508035757,eth1,0.00,0.00,0.00,0,0,0.00,0.00,0.00,0,0,0.00,0.00,0,0
1508035757,s1-eth2,6314.00,258552.00,264866.00,258552,6314,93.00,100.00,193.00,100,93,0.00,0.00,0,0
1508035757,s1-eth1,245256.00,6314.00,251570.00,6314,245256,96.00,93.00,189.00,93,96,0.00,0.00,0,0
1508035757,lo,344.00,344.00,688.00,344,344,6.00,6.00,12.00,6,6,0.00,0.00,0,0
1508035757,s4,0.00,0.00,0.00,0,0,0.00,0.00,0.00,0,0,0.00,0.00,0,0
1508035757,total,251914.00,265210.00,517124.00,265210,251914,195.00,199.00,394.00,199,195,0.00,0.00,0,0
1508035758,s5,0.00,0.00,0.00,0,0,0.00,0.00,0.00,0,0,0.00,0.00,0,0
1508035758,s1,0.00,0.00,0.00,0,0,0.00,0.00,0.00,0,0,0.00,0.00,0,0
1508035758,eth0,0.00,0.00,0.00,0,0,0.00,0.00,0.00,0,0,0.00,0.00,0,0
1508035758,eth1,0.00,0.00,0.00,0,0,0.00,0.00,0.00,0,0,0.00,0.00,0,0
1508035758,s1-eth2,5453.00,251770.00,257223.00,251770,5453,82.00,85.00,167.00,85,82,0.00,0.00,0,0
1508035758,s1-eth1,242991.00,5346.00,248337.00,5346,242991,83.00,81.00,164.00,81,83,0.00,0.00,0,0
1508035758,lo,0.00,0.00,0.00,0,0,0.00,0.00,0.00,0,0,0.00,0.00,0,0
1508035758,s4,0.00,0.00,0.00,0,0,0.00,0.00,0.00,0,0,0.00,0.00,0,0
1508035758,total,248444.00,257116.00,505560.00,257116,248444,165.00,166.00,331.00,166,165,0.00,0.00,0,0
1508035759,s5,0.00,0.00,0.00,0,0,0.00,0.00,0.00,0,0,0.00,0.00,0,0
1508035759,s1,0.00,0.00,0.00,0,0,0.00,0.00,0.00,0,0,0.00,0.00,0,0
1508035759,eth0,0.00,0.00,0.00,0,0,0.00,0.00,0.00,0,0,0.00,0.00,0,0
1508035759,eth1,0.00,0.00,0.00,0,0,0.00,0.00,0.00,0,0,0.00,0.00,0,0
1508035759,s1-eth2,5958.04,246127.88,252085.92,246374,5964,87.91,90.91,178.82,91,88,0.00,0.00,0,0
1508035759,s1-eth1,246061.94,5958.04,252019.98,5964,246308,89.91,87.91,177.82,88,90,0.00,0.00,0,0
1508035759,lo,0.00,0.00,0.00,0,0,0.00,0.00,0.00,0,0,0.00,0.00,0,0
1508035759,s4,0.00,0.00,0.00,0,0,0.00,0.00,0.00,0,0,0.00,0.00,0,0
1508035759,total,252019.98,252085.92,504105.91,252338,252272,177.82,178.82,356.64,179,178,0.00,0.00,0,0
1508035760,s5,0.00,0.00,0.00,0,0,0.00,0.00,0.00,0,0,0.00,0.00,0,0
1508035760,s1,0.00,0.00,0.00,0,0,0.00,0.00,0.00,0,0,0.00,0.00,0,0
1508035760,eth0,0.00,0.00,0.00,0,0,0.00,0.00,0.00,0,0,0.00,0.00,0,0
1508035760,eth1,0.00,0.00,0.00,0,0,0.00,0.00,0.00,0,0,0.00,0.00,0,0
1508035760,s1-eth2,6047.95,253558.45,259606.41,253812,6054,88.91,93.91,182.82,94,89,0.00,0.00,0,0
1508035760,s1-eth1,246193.81,6047.95,252241.77,6054,246440,91.91,88.91,180.82,89,92,0.00,0.00,0,0
1508035760,lo,0.00,0.00,0.00,0,0,0.00,0.00,0.00,0,0,0.00,0.00,0,0
1508035760,s4,0.00,0.00,0.00,0,0,0.00,0.00,0.00,0,0,0.00,0.00,0,0
1508035760,total,252241.77,259606.41,511848.16,259866,252494,180.82,182.82,363.64,183,181,0.00,0.00,0,0
1508035761,s5,0.00,0.00,0.00,0,0,0.00,0.00,0.00,0,0,0.00,0.00,0,0
1508035761,s1,0.00,0.00,0.00,0,0,0.00,0.00,0.00,0,0,0.00,0.00,0,0
1508035761,eth0,0.00,0.00,0.00,0,0,0.00,0.00,0.00,0,0,0.00,0.00,0,0
1508035761,eth1,0.00,0.00,0.00,0,0,0.00,0.00,0.00,0,0,0.00,0.00,0,0
1508035761,s1-eth2,5442.00,252100.00,257542.00,252100,5442,81.00,90.00,171.00,90,81,0.00,0.00,0,0
1508035761,s1-eth1,243082.00,5442.00,248524.00,5442,243082,85.00,81.00,166.00,81,85,0.00,0.00,0,0
1508035761,lo,172.00,172.00,344.00,172,172,3.00,3.00,6.00,3,3,0.00,0.00,0,0
1508035761,s4,0.00,0.00,0.00,0,0,0.00,0.00,0.00,0,0,0.00,0.00,0,0
1508035761,total,248696.00,257714.00,506410.00,257714,248696,169.00,174.00,343.00,174,169,0.00,0.00,0,0
1508035762,s5,0.00,0.00,0.00,0,0,0.00,0.00,0.00,0,0,0.00,0.00,0,0
1508035762,s1,0.00,0.00,0.00,0,0,0.00,0.00,0.00,0,0,0.00,0.00,0,0
1508035762,eth0,0.00,0.00,0.00,0,0,0.00,0.00,0.00,0,0,0.00,0.00,0,0
1508035762,eth1,0.00,0.00,0.00,0,0,0.00,0.00,0.00,0,0,0.00,0.00,0,0
1508035762,s1-eth2,6128.00,242690.00,248818.00,242690,6128,88.00,101.00,189.00,101,88,0.00,0.00,0,0
1508035762,s1-eth1,229802.00,6128.00,235930.00,6128,229802,99.00,88.00,187.00,88,99,0.00,0.00,0,0
1508035762,lo,344.00,344.00,688.00,344,344,6.00,6.00,12.00,6,6,0.00,0.00,0,0
1508035762,s4,0.00,0.00,0.00,0,0,0.00,0.00,0.00,0,0,0.00,0.00,0,0
1508035762,total,236274.00,249162.00,485436.00,249162,236274,193.00,195.00,388.00,195,193,0.00,0.00,0,0
1508035763,s5,0.00,0.00,0.00,0,0,0.00,0.00,0.00,0,0,0.00,0.00,0,0
1508035763,s1,0.00,0.00,0.00,0,0,0.00,0.00,0.00,0,0,0.00,0.00,0,0
1508035763,eth0,0.00,0.00,0.00,0,0,0.00,0.00,0.00,0,0,0.00,0.00,0,0
1508035763,eth1,0.00,0.00,0.00,0,0,0.00,0.00,0.00,0,0,0.00,0.00,0,0
1508035763,s1-eth2,6089.91,256451.56,262541.47,256708,6096,85.91,93.91,179.82,94,86,0.00,0.00,0,0
1508035763,s1-eth1,243102.91,5748.25,248851.16,5754,243346,88.91,84.92,173.83,85,89,0.00,0.00,0,0
1508035763,lo,0.00,0.00,0.00,0,0,0.00,0.00,0.00,0,0,0.00,0.00,0,0
1508035763,s4,0.00,0.00,0.00,0,0,0.00,0.00,0.00,0,0,0.00,0.00,0,0
1508035763,total,249192.81,262199.81,511392.62,262462,249442,174.83,178.82,353.65,179,175,0.00,0.00,0,0
1508035764,s5,0.00,0.00,0.00,0,0,0.00,0.00,0.00,0,0,0.00,0.00,0,0
1508035764,s1,0.00,0.00,0.00,0,0,0.00,0.00,0.00,0,0,0.00,0.00,0,0
1508035764,eth0,0.00,0.00,0.00,0,0,0.00,0.00,0.00,0,0,0.00,0.00,0,0
1508035764,eth1,0.00,0.00,0.00,0,0,0.00,0.00,0.00,0,0,0.00,0.00,0,0
1508035764,s1-eth2,6396.00,252628.00,259024.00,252628,6396,94.00,98.00,192.00,98,94,0.00,0.00,0,0
1508035764,s1-eth1,246704.00,6462.00,253166.00,6462,246704,96.00,95.00,191.00,95,96,0.00,0.00,0,0
1508035764,lo,0.00,0.00,0.00,0,0,0.00,0.00,0.00,0,0,0.00,0.00,0,0
1508035764,s4,0.00,0.00,0.00,0,0,0.00,0.00,0.00,0,0,0.00,0.00,0,0
1508035764,total,253100.00,259090.00,512190.00,259090,253100,190.00,193.00,383.00,193,190,0.00,0.00,0,0
1508035765,s5,0.00,0.00,0.00,0,0,0.00,0.00,0.00,0,0,0.00,0.00,0,0
1508035765,s1,0.00,0.00,0.00,0,0,0.00,0.00,0.00,0,0,0.00,0.00,0,0
1508035765,eth0,0.00,0.00,0.00,0,0,0.00,0.00,0.00,0,0,0.00,0.00,0,0
1508035765,eth1,0.00,0.00,0.00,0,0,0.00,0.00,0.00,0,0,0.00,0.00,0,0
1508035765,s1-eth2,4657.34,204701.30,209358.64,204906,4662,68.93,76.92,145.85,77,69,0.00,0.00,0,0
1508035765,s1-eth1,189906.09,4591.41,194497.50,4596,190096,71.93,67.93,139.86,68,72,0.00,0.00,0,0
1508035765,lo,0.00,0.00,0.00,0,0,0.00,0.00,0.00,0,0,0.00,0.00,0,0
1508035765,s4,0.00,0.00,0.00,0,0,0.00,0.00,0.00,0,0,0.00,0.00,0,0
1508035765,total,194563.44,209292.72,403856.16,209502,194758,140.86,144.86,285.71,145,141,0.00,0.00,0,0
1508035766,s5,0.00,0.00,0.00,0,0,0.00,0.00,0.00,0,0,0.00,0.00,0,0
1508035766,s1,0.00,0.00,0.00,0,0,0.00,0.00,0.00,0,0,0.00,0.00,0,0
1508035766,eth0,0.00,0.00,0.00,0,0,0.00,0.00,0.00,0,0,0.00,0.00,0,0
1508035766,eth1,0.00,0.00,0.00,0,0,0.00,0.00,0.00,0,0,0.00,0.00,0,0
1508035766,s1-eth2,5394.00,249072.00,254466.00,249072,5394,81.00,88.00,169.00,88,81,0.00,0.00,0,0
1508035766,s1-eth1,242950.00,5394.00,248344.00,5394,242950,83.00,81.00,164.00,81,83,0.00,0.00,0,0
1508035766,lo,172.00,172.00,344.00,172,172,3.00,3.00,6.00,3,3,0.00,0.00,0,0
1508035766,s4,0.00,0.00,0.00,0,0,0.00,0.00,0.00,0,0,0.00,0.00,0,0
1508035766,total,248516.00,254638.00,503154.00,254638,248516,167.00,172.00,339.00,172,167,0.00,0.00,0,0
1508035767,s5,0.00,0.00,0.00,0,0,0.00,0.00,0.00,0,0,0.00,0.00,0,0
1508035767,s1,0.00,0.00,0.00,0,0,0.00,0.00,0.00,0,0,0.00,0.00,0,0
1508035767,eth0,0.00,0.00,0.00,0,0,0.00,0.00,0.00,0,0,0.00,0.00,0,0
1508035767,eth1,0.00,0.00,0.00,0,0,0.00,0.00,0.00,0,0,0.00,0.00,0,0
1508035767,s1-eth2,6060.00,252166.00,258226.00,252166,6060,90.00,91.00,181.00,91,90,0.00,0.00,0,0
1508035767,s1-eth1,246440.00,6126.00,252566.00,6126,246440,92.00,91.00,183.00,91,92,0.00,0.00,0,0
1508035767,lo,344.00,344.00,688.00,344,344,6.00,6.00,12.00,6,6,0.00,0.00,0,0
1508035767,s4,0.00,0.00,0.00,0,0,0.00,0.00,0.00,0,0,0.00,0.00,0,0
1508035767,total,252844.00,258636.00,511480.00,258636,252844,188.00,188.00,376.00,188,188,0.00,0.00,0,0
1508035768,s5,0.00,0.00,0.00,0,0,0.00,0.00,0.00,0,0,0.00,0.00,0,0
1508035768,s1,0.00,0.00,0.00,0,0,0.00,0.00,0.00,0,0,0.00,0.00,0,0
1508035768,eth0,0.00,0.00,0.00,0,0,0.00,0.00,0.00,0,0,0.00,0.00,0,0
1508035768,eth1,0.00,0.00,0.00,0,0,0.00,0.00,0.00,0,0,0.00,0.00,0,0
1508035768,s1-eth2,6141.86,256517.48,262659.34,256774,6148,89.91,94.91,184.82,95,90,0.00,0.00,0,0
1508035768,s1-eth1,246127.88,6075.92,252203.80,6082,246374,90.91,88.91,179.82,89,91,0.00,0.00,0,0
1508035768,lo,0.00,0.00,0.00,0,0,0.00,0.00,0.00,0,0,0.00,0.00,0,0
1508035768,s4,0.00,0.00,0.00,0,0,0.00,0.00,0.00,0,0,0.00,0.00,0,0
1508035768,total,252269.73,262593.41,514863.16,262856,252522,180.82,183.82,364.64,184,181,0.00,0.00,0,0
1508035769,s5,0.00,0.00,0.00,0,0,0.00,0.00,0.00,0,0,0.00,0.00,0,0
1508035769,s1,0.00,0.00,0.00,0,0,0.00,0.00,0.00,0,0,0.00,0.00,0,0
1508035769,eth0,0.00,0.00,0.00,0,0,0.00,0.00,0.00,0,0,0.00,0.00,0,0
1508035769,eth1,0.00,0.00,0.00,0,0,0.00,0.00,0.00,0,0,0.00,0.00,0,0
1508035769,s1-eth2,5394.00,254864.00,260258.00,254864,5394,81.00,88.00,169.00,88,81,0.00,0.00,0,0
1508035769,s1-eth1,243016.00,5394.00,248410.00,5394,243016,84.00,81.00,165.00,81,84,0.00,0.00,0,0
1508035769,lo,0.00,0.00,0.00,0,0,0.00,0.00,0.00,0,0,0.00,0.00,0,0
1508035769,s4,0.00,0.00,0.00,0,0,0.00,0.00,0.00,0,0,0.00,0.00,0,0
1508035769,total,248410.00,260258.00,508668.00,260258,248410,165.00,169.00,334.00,169,165,0.00,0.00,0,0
1508035770,s5,0.00,0.00,0.00,0,0,0.00,0.00,0.00,0,0,0.00,0.00,0,0
1508035770,s1,0.00,0.00,0.00,0,0,0.00,0.00,0.00,0,0,0.00,0.00,0,0
1508035770,eth0,0.00,0.00,0.00,0,0,0.00,0.00,0.00,0,0,0.00,0.00,0,0
1508035770,eth1,0.00,0.00,0.00,0,0,0.00,0.00,0.00,0,0,0.00,0.00,0,0
1508035770,s1-eth2,5364.00,243082.00,248446.00,243082,5364,80.00,85.00,165.00,85,80,0.00,0.00,0,0
1508035770,s1-eth1,246044.00,5364.00,251408.00,5364,246044,86.00,80.00,166.00,80,86,0.00,0.00,0,0
1508035770,lo,0.00,0.00,0.00,0,0,0.00,0.00,0.00,0,0,0.00,0.00,0,0
1508035770,s4,0.00,0.00,0.00,0,0,0.00,0.00,0.00,0,0,0.00,0.00,0,0
1508035770,total,251408.00,248446.00,499854.00,248446,251408,166.00,165.00,331.00,165,166,0.00,0.00,0,0
1508035771,s5,0.00,0.00,0.00,0,0,0.00,0.00,0.00,0,0,0.00,0.00,0,0
1508035771,s1,0.00,0.00,0.00,0,0,0.00,0.00,0.00,0,0,0.00,0.00,0,0
1508035771,eth0,0.00,0.00,0.00,0,0,0.00,0.00,0.00,0,0,0.00,0.00,0,0
1508035771,eth1,0.00,0.00,0.00,0,0,0.00,0.00,0.00,0,0,0.00,0.00,0,0
1508035771,s1-eth2,6291.42,257970.06,264261.47,258486,6304,91.82,98.80,190.62,99,92,0.00,0.00,0,0
1508035771,s1-eth1,246145.72,6291.42,252437.12,6304,246638,94.81,91.82,186.63,92,95,0.00,0.00,0,0
1508035771,lo,171.66,171.66,343.31,172,172,2.99,2.99,5.99,3,3,0.00,0.00,0,0
1508035771,s4,0.00,0.00,0.00,0,0,0.00,0.00,0.00,0,0,0.00,0.00,0,0
1508035771,total,252608.80,264433.16,517041.94,264962,253114,189.62,193.61,383.23,194,190,0.00,0.00,0,0
1508035772,s5,0.00,0.00,0.00,0,0,0.00,0.00,0.00,0,0,0.00,0.00,0,0
1508035772,s1,0.00,0.00,0.00,0,0,0.00,0.00,0.00,0,0,0.00,0.00,0,0
1508035772,eth0,0.00,0.00,0.00,0,0,0.00,0.00,0.00,0,0,0.00,0.00,0,0
1508035772,eth1,0.00,0.00,0.00,0,0,0.00,0.00,0.00,0,0,0.00,0.00,0,0
1508035772,s1-eth2,6054.00,252430.00,258484.00,252430,6054,89.00,95.00,184.00,95,89,0.00,0.00,0,0
1508035772,s1-eth1,243544.00,6054.00,249598.00,6054,243544,92.00,89.00,181.00,89,92,0.00,0.00,0,0
1508035772,lo,344.00,344.00,688.00,344,344,6.00,6.00,12.00,6,6,0.00,0.00,0,0
1508035772,s4,0.00,0.00,0.00,0,0,0.00,0.00,0.00,0,0,0.00,0.00,0,0
1508035772,total,249942.00,258828.00,508770.00,258828,249942,187.00,190.00,377.00,190,187,0.00,0.00,0,0
1508035773,s5,0.00,0.00,0.00,0,0,0.00,0.00,0.00,0,0,0.00,0.00,0,0
1508035773,s1,0.00,0.00,0.00,0,0,0.00,0.00,0.00,0,0,0.00,0.00,0,0
1508035773,eth0,160.00,160.00,320.00,160,160,2.00,2.00,4.00,2,2,0.00,0.00,0,0
1508035773,eth1,0.00,0.00,0.00,0,0,0.00,0.00,0.00,0,0,0.00,0.00,0,0
1508035773,s1-eth2,6136.00,255392.00,261528.00,255392,6136,90.00,96.00,186.00,96,90,0.00,0.00,0,0
1508035773,s1-eth1,246506.00,6136.00,252642.00,6136,246506,93.00,90.00,183.00,90,93,0.00,0.00,0,0
1508035773,lo,0.00,0.00,0.00,0,0,0.00,0.00,0.00,0,0,0.00,0.00,0,0
1508035773,s4,0.00,0.00,0.00,0,0,0.00,0.00,0.00,0,0,0.00,0.00,0,0
1508035773,total,252802.00,261688.00,514490.00,261688,252802,185.00,188.00,373.00,188,185,0.00,0.00,0,0
1508035774,s5,0.00,0.00,0.00,0,0,0.00,0.00,0.00,0,0,0.00,0.00,0,0
1508035774,s1,0.00,0.00,0.00,0,0,0.00,0.00,0.00,0,0,0.00,0.00,0,0
1508035774,eth0,0.00,0.00,0.00,0,0,0.00,0.00,0.00,0,0,0.00,0.00,0,0
1508035774,eth1,0.00,0.00,0.00,0,0,0.00,0.00,0.00,0,0,0.00,0.00,0,0
1508035774,s1-eth2,6101.00,252232.00,258333.00,252232,6101,90.00,92.00,182.00,92,90,0.00,0.00,0,0
1508035774,s1-eth1,243795.00,5994.00,249789.00,5994,243795,91.00,89.00,180.00,89,91,0.00,0.00,0,0
1508035774,lo,0.00,0.00,0.00,0,0,0.00,0.00,0.00,0,0,0.00,0.00,0,0
1508035774,s4,0.00,0.00,0.00,0,0,0.00,0.00,0.00,0,0,0.00,0.00,0,0
1508035774,total,249896.00,258226.00,508122.00,258226,249896,181.00,181.00,362.00,181,181,0.00,0.00,0,0
1508035775,s5,0.00,0.00,0.00,0,0,0.00,0.00,0.00,0,0,0.00,0.00,0,0
1508035775,s1,0.00,0.00,0.00,0,0,0.00,0.00,0.00,0,0,0.00,0.00,0,0
1508035775,eth0,0.00,0.00,0.00,0,0,0.00,0.00,0.00,0,0,0.00,0.00,0,0
1508035775,eth1,0.00,0.00,0.00,0,0,0.00,0.00,0.00,0,0,0.00,0.00,0,0
1508035775,s1-eth2,5898.00,256774.00,262672.00,256774,5898,87.00,95.00,182.00,95,87,0.00,0.00,0,0
1508035775,s1-eth1,246374.00,5898.00,252272.00,5898,246374,91.00,87.00,178.00,87,91,0.00,0.00,0,0
1508035775,lo,0.00,0.00,0.00,0,0,0.00,0.00,0.00,0,0,0.00,0.00,0,0
1508035775,s4,0.00,0.00,0.00,0,0,0.00,0.00,0.00,0,0,0.00,0.00,0,0
1508035775,total,252272.00,262672.00,514944.00,262672,252272,178.00,182.00,360.00,182,178,0.00,0.00,0,0
1508035776,s5,0.00,0.00,0.00,0,0,0.00,0.00,0.00,0,0,0.00,0.00,0,0
1508035776,s1,0.00,0.00,0.00,0,0,0.00,0.00,0.00,0,0,0.00,0.00,0,0
1508035776,eth0,0.00,0.00,0.00,0,0,0.00,0.00,0.00,0,0,0.00,0.00,0,0
1508035776,eth1,0.00,0.00,0.00,0,0,0.00,0.00,0.00,0,0,0.00,0.00,0,0
1508035776,s1-eth2,5088.00,203788.00,208876.00,203788,5088,74.00,82.00,156.00,82,74,0.00,0.00,0,0
1508035776,s1-eth1,193388.00,5088.00,198476.00,5088,193388,78.00,74.00,152.00,74,78,0.00,0.00,0,0
1508035776,lo,172.00,172.00,344.00,172,172,3.00,3.00,6.00,3,3,0.00,0.00,0,0
1508035776,s4,0.00,0.00,0.00,0,0,0.00,0.00,0.00,0,0,0.00,0.00,0,0
1508035776,total,198648.00,209048.00,407696.00,209048,198648,155.00,159.00,314.00,159,155,0.00,0.00,0,0
1508035777,s5,0.00,0.00,0.00,0,0,0.00,0.00,0.00,0,0,0.00,0.00,0,0
1508035777,s1,0.00,0.00,0.00,0,0,0.00,0.00,0.00,0,0,0.00,0.00,0,0
1508035777,eth0,0.00,0.00,0.00,0,0,0.00,0.00,0.00,0,0,0.00,0.00,0,0
1508035777,eth1,0.00,0.00,0.00,0,0,0.00,0.00,0.00,0,0,0.00,0.00,0,0
1508035777,s1-eth2,5892.00,254996.00,260888.00,254996,5892,84.00,90.00,174.00,90,84,0.00,0.00,0,0
1508035777,s1-eth1,243148.00,5550.00,248698.00,5550,243148,86.00,83.00,169.00,83,86,0.00,0.00,0,0
1508035777,lo,344.00,344.00,688.00,344,344,6.00,6.00,12.00,6,6,0.00,0.00,0,0
1508035777,s4,0.00,0.00,0.00,0,0,0.00,0.00,0.00,0,0,0.00,0.00,0,0
1508035777,total,249384.00,260890.00,510274.00,260890,249384,176.00,179.00,355.00,179,176,0.00,0.00,0,0
1508035778,s5,0.00,0.00,0.00,0,0,0.00,0.00,0.00,0,0,0.00,0.00,0,0
1508035778,s1,0.00,0.00,0.00,0,0,0.00,0.00,0.00,0,0,0.00,0.00,0,0
1508035778,eth0,0.00,0.00,0.00,0,0,0.00,0.00,0.00,0,0,0.00,0.00,0,0
1508035778,eth1,0.00,0.00,0.00,0,0,0.00,0.00,0.00,0,0,0.00,0.00,0,0
1508035778,s1-eth2,5268.73,248823.19,254091.92,249072,5274,78.92,87.91,166.83,88,79,0.00,0.00,0,0
1508035778,s1-eth1,245864.14,5334.67,251198.81,5340,246110,86.91,79.92,166.83,80,87,0.00,0.00,0,0
1508035778,lo,0.00,0.00,0.00,0,0,0.00,0.00,0.00,0,0,0.00,0.00,0,0
1508035778,s4,0.00,0.00,0.00,0,0,0.00,0.00,0.00,0,0,0.00,0.00,0,0
1508035778,total,251132.88,254157.84,505290.72,254412,251384,165.83,167.83,333.67,168,166,0.00,0.00,0,0
1508035779,s5,0.00,0.00,0.00,0,0,0.00,0.00,0.00,0,0,0.00,0.00,0,0
1508035779,s1,0.00,0.00,0.00,0,0,0.00,0.00,0.00,0,0,0.00,0.00,0,0
1508035779,eth0,465.00,414.00,879.00,414,465,6.00,6.00,12.00,6,6,0.00,0.00,0,0
1508035779,eth1,0.00,0.00,0.00,0,0,0.00,0.00,0.00,0,0,0.00,0.00,0,0
1508035779,s1-eth2,5916.00,252232.00,258148.00,252232,5916,88.00,92.00,180.00,92,88,0.00,0.00,0,0
1508035779,s1-eth1,246308.00,5850.00,252158.00,5850,246308,90.00,87.00,177.00,87,90,0.00,0.00,0,0
1508035779,lo,0.00,0.00,0.00,0,0,0.00,0.00,0.00,0,0,0.00,0.00,0,0
1508035779,s4,0.00,0.00,0.00,0,0,0.00,0.00,0.00,0,0,0.00,0.00,0,0
1508035779,total,252689.00,258496.00,511185.00,258496,252689,184.00,185.00,369.00,185,184,0.00,0.00,0,0
1508035780,s5,0.00,0.00,0.00,0,0,0.00,0.00,0.00,0,0,0.00,0.00,0,0
1508035780,s1,0.00,0.00,0.00,0,0,0.00,0.00,0.00,0,0,0.00,0.00,0,0
1508035780,eth0,0.00,0.00,0.00,0,0,0.00,0.00,0.00,0,0,0.00,0.00,0,0
1508035780,eth1,0.00,0.00,0.00,0,0,0.00,0.00,0.00,0,0,0.00,0.00,0,0
1508035780,s1-eth2,5706.00,252034.00,257740.00,252034,5706,85.00,89.00,174.00,89,85,0.00,0.00,0,0
1508035780,s1-eth1,243148.00,5706.00,248854.00,5706,243148,86.00,85.00,171.00,85,86,0.00,0.00,0,0
1508035780,lo,0.00,0.00,0.00,0,0,0.00,0.00,0.00,0,0,0.00,0.00,0,0
1508035780,s4,0.00,0.00,0.00,0,0,0.00,0.00,0.00,0,0,0.00,0.00,0,0
1508035780,total,248854.00,257740.00,506594.00,257740,248854,171.00,174.00,345.00,174,171,0.00,0.00,0,0
1508035781,s5,0.00,0.00,0.00,0,0,0.00,0.00,0.00,0,0,0.00,0.00,0,0
1508035781,s1,0.00,0.00,0.00,0,0,0.00,0.00,0.00,0,0,0.00,0.00,0,0
1508035781,eth0,0.00,0.00,0.00,0,0,0.00,0.00,0.00,0,0,0.00,0.00,0,0
1508035781,eth1,0.00,0.00,0.00,0,0,0.00,0.00,0.00,0,0,0.00,0.00,0,0
1508035781,s1-eth2,5742.00,249270.00,255012.00,249270,5742,85.00,91.00,176.00,91,85,0.00,0.00,0,0
1508035781,s1-eth1,246308.00,5742.00,252050.00,5742,246308,90.00,85.00,175.00,85,90,0.00,0.00,0,0
1508035781,lo,172.00,172.00,344.00,172,172,3.00,3.00,6.00,3,3,0.00,0.00,0,0
1508035781,s4,0.00,0.00,0.00,0,0,0.00,0.00,0.00,0,0,0.00,0.00,0,0
1508035781,total,252222.00,255184.00,507406.00,255184,252222,178.00,179.00,357.00,179,178,0.00,0.00,0,0
1508035782,s5,0.00,0.00,0.00,0,0,0.00,0.00,0.00,0,0,0.00,0.00,0,0
1508035782,s1,0.00,0.00,0.00,0,0,0.00,0.00,0.00,0,0,0.00,0.00,0,0
1508035782,eth0,0.00,0.00,0.00,0,0,0.00,0.00,0.00,0,0,0.00,0.00,0,0
1508035782,eth1,0.00,0.00,0.00,0,0,0.00,0.00,0.00,0,0,0.00,0.00,0,0
1508035782,s1-eth2,6174.00,258288.00,264462.00,258288,6174,91.00,96.00,187.00,96,91,0.00,0.00,0,0
1508035782,s1-eth1,243478.00,6174.00,249652.00,6174,243478,91.00,91.00,182.00,91,91,0.00,0.00,0,0
1508035782,lo,344.00,344.00,688.00,344,344,6.00,6.00,12.00,6,6,0.00,0.00,0,0
1508035782,s4,0.00,0.00,0.00,0,0,0.00,0.00,0.00,0,0,0.00,0.00,0,0
1508035782,total,249996.00,264806.00,514802.00,264806,249996,188.00,193.00,381.00,193,188,0.00,0.00,0,0
1508035783,s5,0.00,0.00,0.00,0,0,0.00,0.00,0.00,0,0,0.00,0.00,0,0
1508035783,s1,0.00,0.00,0.00,0,0,0.00,0.00,0.00,0,0,0.00,0.00,0,0
1508035783,eth0,0.00,0.00,0.00,0,0,0.00,0.00,0.00,0,0,0.00,0.00,0,0
1508035783,eth1,0.00,0.00,0.00,0,0,0.00,0.00,0.00,0,0,0.00,0.00,0,0
1508035783,s1-eth2,6080.00,251048.00,257128.00,251048,6080,90.00,96.00,186.00,96,90,0.00,0.00,0,0
1508035783,s1-eth1,246572.00,6080.00,252652.00,6080,246572,94.00,90.00,184.00,90,94,0.00,0.00,0,0
1508035783,lo,0.00,0.00,0.00,0,0,0.00,0.00,0.00,0,0,0.00,0.00,0,0
1508035783,s4,0.00,0.00,0.00,0,0,0.00,0.00,0.00,0,0,0.00,0.00,0,0
1508035783,total,252652.00,257128.00,509780.00,257128,252652,184.00,186.00,370.00,186,184,0.00,0.00,0,0
1508035784,s5,0.00,0.00,0.00,0,0,0.00,0.00,0.00,0,0,0.00,0.00,0,0
1508035784,s1,0.00,0.00,0.00,0,0,0.00,0.00,0.00,0,0,0.00,0.00,0,0
1508035784,eth0,0.00,0.00,0.00,0,0,0.00,0.00,0.00,0,0,0.00,0.00,0,0
1508035784,eth1,0.00,0.00,0.00,0,0,0.00,0.00,0.00,0,0,0.00,0.00,0,0
1508035784,s1-eth2,5682.00,257958.00,263640.00,257958,5682,85.00,91.00,176.00,91,85,0.00,0.00,0,0
1508035784,s1-eth1,243148.00,5682.00,248830.00,5682,243148,86.00,85.00,171.00,85,86,0.00,0.00,0,0
1508035784,lo,0.00,0.00,0.00,0,0,0.00,0.00,0.00,0,0,0.00,0.00,0,0
1508035784,s4,0.00,0.00,0.00,0,0,0.00,0.00,0.00,0,0,0.00,0.00,0,0
1508035784,total,248830.00,263640.00,512470.00,263640,248830,171.00,176.00,347.00,176,171,0.00,0.00,0,0
1508035785,s5,0.00,0.00,0.00,0,0,0.00,0.00,0.00,0,0,0.00,0.00,0,0
1508035785,s1,0.00,0.00,0.00,0,0,0.00,0.00,0.00,0,0,0.00,0.00,0,0
1508035785,eth0,0.00,0.00,0.00,0,0,0.00,0.00,0.00,0,0,0.00,0.00,0,0
1508035785,eth1,0.00,0.00,0.00,0,0,0.00,0.00,0.00,0,0,0.00,0.00,0,0
1508035785,s1-eth2,6155.84,252177.83,258333.67,252430,6162,90.91,94.91,185.81,95,91,0.00,0.00,0,0
1508035785,s1-eth1,246259.75,6221.78,252481.53,6228,246506,92.91,91.91,184.82,92,93,0.00,0.00,0,0
1508035785,lo,0.00,0.00,0.00,0,0,0.00,0.00,0.00,0,0,0.00,0.00,0,0
1508035785,s4,0.00,0.00,0.00,0,0,0.00,0.00,0.00,0,0,0.00,0.00,0,0
1508035785,total,252415.59,258399.61,510815.19,258658,252668,183.82,186.81,370.63,187,184,0.00,0.00,0,0
1508035786,s5,0.00,0.00,0.00,0,0,0.00,0.00,0.00,0,0,0.00,0.00,0,0
1508035786,s1,0.00,0.00,0.00,0,0,0.00,0.00,0.00,0,0,0.00,0.00,0,0
1508035786,eth0,0.00,0.00,0.00,0,0,0.00,0.00,0.00,0,0,0.00,0.00,0,0
1508035786,eth1,0.00,0.00,0.00,0,0,0.00,0.00,0.00,0,0,0.00,0.00,0,0
1508035786,s1-eth2,6704.00,251576.00,258280.00,251576,6704,98.00,104.00,202.00,104,98,0.00,0.00,0,0
1508035786,s1-eth1,241176.00,6638.00,247814.00,6638,241176,100.00,97.00,197.00,97,100,0.00,0.00,0,0
1508035786,lo,172.00,172.00,344.00,172,172,3.00,3.00,6.00,3,3,0.00,0.00,0,0
1508035786,s4,0.00,0.00,0.00,0,0,0.00,0.00,0.00,0,0,0.00,0.00,0,0
1508035786,total,248052.00,258386.00,506438.00,258386,248052,201.00,204.00,405.00,204,201,0.00,0.00,0,0
1508035787,s5,0.00,0.00,0.00,0,0,0.00,0.00,0.00,0,0,0.00,0.00,0,0
1508035787,s1,0.00,0.00,0.00,0,0,0.00,0.00,0.00,0,0,0.00,0.00,0,0
1508035787,eth0,0.00,0.00,0.00,0,0,0.00,0.00,0.00,0,0,0.00,0.00,0,0
1508035787,eth1,0.00,0.00,0.00,0,0,0.00,0.00,0.00,0,0,0.00,0.00,0,0
1508035787,s1-eth2,5394.00,254864.00,260258.00,254864,5394,81.00,88.00,169.00,88,81,0.00,0.00,0,0
1508035787,s1-eth1,245978.00,5394.00,251372.00,5394,245978,85.00,81.00,166.00,81,85,0.00,0.00,0,0
1508035787,lo,344.00,344.00,688.00,344,344,6.00,6.00,12.00,6,6,0.00,0.00,0,0
1508035787,s4,0.00,0.00,0.00,0,0,0.00,0.00,0.00,0,0,0.00,0.00,0,0
1508035787,total,251716.00,260602.00,512318.00,260602,251716,172.00,175.00,347.00,175,172,0.00,0.00,0,0
1508035788,s5,0.00,0.00,0.00,0,0,0.00,0.00,0.00,0,0,0.00,0.00,0,0
1508035788,s1,0.00,0.00,0.00,0,0,0.00,0.00,0.00,0,0,0.00,0.00,0,0
1508035788,eth0,0.00,0.00,0.00,0,0,0.00,0.00,0.00,0,0,0.00,0.00,0,0
1508035788,eth1,0.00,0.00,0.00,0,0,0.00,0.00,0.00,0,0,0.00,0.00,0,0
1508035788,s1-eth2,5664.00,252232.00,257896.00,252232,5664,84.00,92.00,176.00,92,84,0.00,0.00,0,0
1508035788,s1-eth1,243280.00,5664.00,248944.00,5664,243280,88.00,84.00,172.00,84,88,0.00,0.00,0,0
1508035788,lo,0.00,0.00,0.00,0,0,0.00,0.00,0.00,0,0,0.00,0.00,0,0
1508035788,s4,0.00,0.00,0.00,0,0,0.00,0.00,0.00,0,0,0.00,0.00,0,0
1508035788,total,248944.00,257896.00,506840.00,257896,248944,172.00,176.00,348.00,176,172,0.00,0.00,0,0
1508035789,s5,0.00,0.00,0.00,0,0,0.00,0.00,0.00,0,0,0.00,0.00,0,0
1508035789,s1,0.00,0.00,0.00,0,0,0.00,0.00,0.00,0,0,0.00,0.00,0,0
1508035789,eth0,0.00,0.00,0.00,0,0,0.00,0.00,0.00,0,0,0.00,0.00,0,0
1508035789,eth1,0.00,0.00,0.00,0,0,0.00,0.00,0.00,0,0,0.00,0.00,0,0
1508035789,s1-eth2,5226.00,212740.00,217966.00,212740,5226,75.00,86.00,161.00,86,75,0.00,0.00,0,0
1508035789,s1-eth1,194902.00,5226.00,200128.00,5226,194902,79.00,75.00,154.00,75,79,0.00,0.00,0,0
1508035789,lo,0.00,0.00,0.00,0,0,0.00,0.00,0.00,0,0,0.00,0.00,0,0
1508035789,s4,0.00,0.00,0.00,0,0,0.00,0.00,0.00,0,0,0.00,0.00,0,0
1508035789,total,200128.00,217966.00,418094.00,217966,200128,154.00,161.00,315.00,161,154,0.00,0.00,0,0
1508035790,s5,0.00,0.00,0.00,0,0,0.00,0.00,0.00,0,0,0.00,0.00,0,0
1508035790,s1,0.00,0.00,0.00,0,0,0.00,0.00,0.00,0,0,0.00,0.00,0,0
1508035790,eth0,304.00,490.00,794.00,490,304,4.00,4.00,8.00,4,4,0.00,0.00,0,0
1508035790,eth1,0.00,0.00,0.00,0,0,0.00,0.00,0.00,0,0,0.00,0.00,0,0
1508035790,s1-eth2,5978.00,253416.00,259394.00,253416,5978,85.00,88.00,173.00,88,85,0.00,0.00,0,0
1508035790,s1-eth1,246672.00,5526.00,252198.00,5526,246672,90.00,83.00,173.00,83,90,0.00,0.00,0,0
1508035790,lo,682.00,682.00,1364.00,682,682,8.00,8.00,16.00,8,8,0.00,0.00,0,0
1508035790,s4,0.00,0.00,0.00,0,0,0.00,0.00,0.00,0,0,0.00,0.00,0,0
1508035790,total,253636.00,260114.00,513750.00,260114,253636,187.00,183.00,370.00,183,187,0.00,0.00,0,0
1508035791,s5,0.00,0.00,0.00,0,0,0.00,0.00,0.00,0,0,0.00,0.00,0,0
1508035791,s1,0.00,0.00,0.00,0,0,0.00,0.00,0.00,0,0,0.00,0.00,0,0
1508035791,eth0,304.00,490.00,794.00,490,304,4.00,4.00,8.00,4,4,0.00,0.00,0,0
1508035791,eth1,0.00,0.00,0.00,0,0,0.00,0.00,0.00,0,0,0.00,0.00,0,0
1508035791,s1-eth2,5918.00,249336.00,255254.00,249336,5918,87.00,92.00,179.00,92,87,0.00,0.00,0,0
1508035791,s1-eth1,243490.00,5730.00,249220.00,5730,243490,91.00,85.00,176.00,85,91,0.00,0.00,0,0
1508035791,lo,854.00,854.00,1708.00,854,854,11.00,11.00,22.00,11,11,0.00,0.00,0,0
1508035791,s4,0.00,0.00,0.00,0,0,0.00,0.00,0.00,0,0,0.00,0.00,0,0
1508035791,total,250566.00,256410.00,506976.00,256410,250566,193.00,192.00,385.00,192,193,0.00,0.00,0,0
1508035792,s5,0.00,0.00,0.00,0,0,0.00,0.00,0.00,0,0,0.00,0.00,0,0
1508035792,s1,0.00,0.00,0.00,0,0,0.00,0.00,0.00,0,0,0.00,0.00,0,0
1508035792,eth0,152.00,245.00,397.00,245,152,2.00,2.00,4.00,2,2,0.00,0.00,0,0
1508035792,eth1,0.00,0.00,0.00,0,0,0.00,0.00,0.00,0,0,0.00,0.00,0,0
1508035792,s1-eth2,7965.00,243652.00,251617.00,243652,7965,101.00,94.00,195.00,94,101,0.00,0.00,0,0
1508035792,s1-eth1,245692.00,6186.00,251878.00,6186,245692,104.00,91.00,195.00,91,104,0.00,0.00,0,0
1508035792,lo,981.00,981.00,1962.00,981,981,13.00,13.00,26.00,13,13,0.00,0.00,0,0
1508035792,s4,0.00,0.00,0.00,0,0,0.00,0.00,0.00,0,0,0.00,0.00,0,0
1508035792,total,254790.00,251064.00,505854.00,251064,254790,220.00,200.00,420.00,200,220,0.00,0.00,0,0
1508035793,s5,0.00,0.00,0.00,0,0,0.00,0.00,0.00,0,0,0.00,0.00,0,0
1508035793,s1,0.00,0.00,0.00,0,0,0.00,0.00,0.00,0,0,0.00,0.00,0,0
1508035793,eth0,152.00,245.00,397.00,245,152,2.00,2.00,4.00,2,2,0.00,0.00,0,0
1508035793,eth1,0.00,0.00,0.00,0,0,0.00,0.00,0.00,0,0,0.00,0.00,0,0
1508035793,s1-eth2,7451.00,261778.00,269229.00,261778,7451,98.00,105.00,203.00,105,98,0.00,0.00,0,0
1508035793,s1-eth1,244903.00,6488.00,251391.00,6488,244903,102.00,94.00,196.00,94,102,0.00,0.00,0,0
1508035793,lo,341.00,341.00,682.00,341,341,4.00,4.00,8.00,4,4,0.00,0.00,0,0
1508035793,s4,0.00,0.00,0.00,0,0,0.00,0.00,0.00,0,0,0.00,0.00,0,0
1508035793,total,252847.00,268852.00,521699.00,268852,252847,206.00,205.00,411.00,205,206,0.00,0.00,0,0
1508035794,s5,0.00,0.00,0.00,0,0,0.00,0.00,0.00,0,0,0.00,0.00,0,0
1508035794,s1,0.00,0.00,0.00,0,0,0.00,0.00,0.00,0,0,0.00,0.00,0,0
1508035794,eth0,0.00,0.00,0.00,0,0,0.00,0.00,0.00,0,0,0.00,0.00,0,0
1508035794,eth1,0.00,0.00,0.00,0,0,0.00,0.00,0.00,0,0,0.00,0.00,0,0
1508035794,s1-eth2,5931.00,252034.00,257965.00,252034,5931,85.00,89.00,174.00,89,85,0.00,0.00,0,0
1508035794,s1-eth1,243148.00,5604.00,248752.00,5604,243148,86.00,84.00,170.00,84,86,0.00,0.00,0,0
1508035794,lo,0.00,0.00,0.00,0,0,0.00,0.00,0.00,0,0,0.00,0.00,0,0
1508035794,s4,0.00,0.00,0.00,0,0,0.00,0.00,0.00,0,0,0.00,0.00,0,0
1508035794,total,249079.00,257638.00,506717.00,257638,249079,171.00,173.00,344.00,173,171,0.00,0.00,0,0
1508035795,s5,0.00,0.00,0.00,0,0,0.00,0.00,0.00,0,0,0.00,0.00,0,0
1508035795,s1,0.00,0.00,0.00,0,0,0.00,0.00,0.00,0,0,0.00,0.00,0,0
1508035795,eth0,0.00,0.00,0.00,0,0,0.00,0.00,0.00,0,0,0.00,0.00,0,0
1508035795,eth1,0.00,0.00,0.00,0,0,0.00,0.00,0.00,0,0,0.00,0.00,0,0
1508035795,s1-eth2,6888.00,252892.00,259780.00,252892,6888,95.00,102.00,197.00,102,95,0.00,0.00,0,0
1508035795,s1-eth1,247214.00,6514.00,253728.00,6514,247214,100.00,93.00,193.00,93,100,0.00,0.00,0,0
1508035795,lo,0.00,0.00,0.00,0,0,0.00,0.00,0.00,0,0,0.00,0.00,0,0
1508035795,s4,0.00,0.00,0.00,0,0,0.00,0.00,0.00,0,0,0.00,0.00,0,0
1508035795,total,254102.00,259406.00,513508.00,259406,254102,195.00,195.00,390.00,195,195,0.00,0.00,0,0
1508035796,s5,0.00,0.00,0.00,0,0,0.00,0.00,0.00,0,0,0.00,0.00,0,0
1508035796,s1,0.00,0.00,0.00,0,0,0.00,0.00,0.00,0,0,0.00,0.00,0,0
1508035796,eth0,0.00,0.00,0.00,0,0,0.00,0.00,0.00,0,0,0.00,0.00,0,0
1508035796,eth1,0.00,0.00,0.00,0,0,0.00,0.00,0.00,0,0,0.00,0.00,0,0
1508035796,s1-eth2,6247.00,255128.00,261375.00,255128,6247,89.00,92.00,181.00,92,89,0.00,0.00,0,0
1508035796,s1-eth1,243607.00,5850.00,249457.00,5850,243607,89.00,87.00,176.00,87,89,0.00,0.00,0,0
1508035796,lo,172.00,172.00,344.00,172,172,3.00,3.00,6.00,3,3,0.00,0.00,0,0
1508035796,s4,0.00,0.00,0.00,0,0,0.00,0.00,0.00,0,0,0.00,0.00,0,0
1508035796,total,250026.00,261150.00,511176.00,261150,250026,181.00,182.00,363.00,182,181,0.00,0.00,0,0
1508035797,s5,0.00,0.00,0.00,0,0,0.00,0.00,0.00,0,0,0.00,0.00,0,0
1508035797,s1,0.00,0.00,0.00,0,0,0.00,0.00,0.00,0,0,0.00,0.00,0,0
1508035797,eth0,0.00,0.00,0.00,0,0,0.00,0.00,0.00,0,0,0.00,0.00,0,0
1508035797,eth1,0.00,0.00,0.00,0,0,0.00,0.00,0.00,0,0,0.00,0.00,0,0
1508035797,s1-eth2,5346.00,251770.00,257116.00,251770,5346,81.00,85.00,166.00,85,81,0.00,0.00,0,0
1508035797,s1-eth1,245846.00,5346.00,251192.00,5346,245846,83.00,81.00,164.00,81,83,0.00,0.00,0,0
1508035797,lo,344.00,344.00,688.00,344,344,6.00,6.00,12.00,6,6,0.00,0.00,0,0
1508035797,s4,0.00,0.00,0.00,0,0,0.00,0.00,0.00,0,0,0.00,0.00,0,0
1508035797,total,251536.00,257460.00,508996.00,257460,251536,170.00,172.00,342.00,172,170,0.00,0.00,0,0
1508035798,s5,0.00,0.00,0.00,0,0,0.00,0.00,0.00,0,0,0.00,0.00,0,0
1508035798,s1,0.00,0.00,0.00,0,0,0.00,0.00,0.00,0,0,0.00,0.00,0,0
1508035798,eth0,0.00,0.00,0.00,0,0,0.00,0.00,0.00,0,0,0.00,0.00,0,0
1508035798,eth1,0.00,0.00,0.00,0,0,0.00,0.00,0.00,0,0,0.00,0.00,0,0
1508035798,s1-eth2,5568.43,245798.20,251366.64,246044,5574,82.92,85.91,168.83,86,83,0.00,0.00,0,0
1508035798,s1-eth1,245732.28,5568.43,251300.70,5574,245978,84.92,82.92,167.83,83,85,0.00,0.00,0,0
1508035798,lo,0.00,0.00,0.00,0,0,0.00,0.00,0.00,0,0,0.00,0.00,0,0
1508035798,s4,0.00,0.00,0.00,0,0,0.00,0.00,0.00,0,0,0.00,0.00,0,0
1508035798,total,251300.70,251366.64,502667.34,251618,251552,167.83,168.83,336.66,169,168,0.00,0.00,0,0
1508035799,s5,0.00,0.00,0.00,0,0,0.00,0.00,0.00,0,0,0.00,0.00,0,0
1508035799,s1,0.00,0.00,0.00,0,0,0.00,0.00,0.00,0,0,0.00,0.00,0,0
1508035799,eth0,0.00,0.00,0.00,0,0,0.00,0.00,0.00,0,0,0.00,0.00,0,0
1508035799,eth1,0.00,0.00,0.00,0,0,0.00,0.00,0.00,0,0,0.00,0.00,0,0
1508035799,s1-eth2,6017.00,244794.00,250811.00,244794,6017,88.00,89.00,177.00,89,88,0.00,0.00,0,0
1508035799,s1-eth1,243453.00,5976.00,249429.00,5976,243453,90.00,88.00,178.00,88,90,0.00,0.00,0,0
1508035799,lo,0.00,0.00,0.00,0,0,0.00,0.00,0.00,0,0,0.00,0.00,0,0
1508035799,s4,0.00,0.00,0.00,0,0,0.00,0.00,0.00,0,0,0.00,0.00,0,0
1508035799,total,249470.00,250770.00,500240.00,250770,249470,178.00,177.00,355.00,177,178,0.00,0.00,0,0
1508035800,s5,0.00,0.00,0.00,0,0,0.00,0.00,0.00,0,0,0.00,0.00,0,0
1508035800,s1,0.00,0.00,0.00,0,0,0.00,0.00,0.00,0,0,0.00,0.00,0,0
1508035800,eth0,0.00,0.00,0.00,0,0,0.00,0.00,0.00,0,0,0.00,0.00,0,0
1508035800,eth1,0.00,0.00,0.00,0,0,0.00,0.00,0.00,0,0,0.00,0.00,0,0
1508035800,s1-eth2,6123.88,255070.94,261194.81,255326,6130,90.91,94.91,185.81,95,91,0.00,0.00,0,0
1508035800,s1-eth1,245092.91,5988.01,251080.92,5994,245338,92.91,88.91,181.82,89,93,0.00,0.00,0,0
1508035800,lo,0.00,0.00,0.00,0,0,0.00,0.00,0.00,0,0,0.00,0.00,0,0
1508035800,s4,0.00,0.00,0.00,0,0,0.00,0.00,0.00,0,0,0.00,0.00,0,0
1508035800,total,251216.80,261058.95,512275.75,261320,251468,183.82,183.82,367.63,184,184,0.00,0.00,0,0
1508035801,s5,0.00,0.00,0.00,0,0,0.00,0.00,0.00,0,0,0.00,0.00,0,0
1508035801,s1,0.00,0.00,0.00,0,0,0.00,0.00,0.00,0,0,0.00,0.00,0,0
1508035801,eth0,0.00,0.00,0.00,0,0,0.00,0.00,0.00,0,0,0.00,0.00,0,0
1508035801,eth1,0.00,0.00,0.00,0,0,0.00,0.00,0.00,0,0,0.00,0.00,0,0
1508035801,s1-eth2,4988.00,179960.00,184948.00,179960,4988,68.00,72.00,140.00,72,68,0.00,0.00,0,0
1508035801,s1-eth1,178446.00,4646.00,183092.00,4646,178446,71.00,67.00,138.00,67,71,0.00,0.00,0,0
1508035801,lo,172.00,172.00,344.00,172,172,3.00,3.00,6.00,3,3,0.00,0.00,0,0
1508035801,s4,0.00,0.00,0.00,0,0,0.00,0.00,0.00,0,0,0.00,0.00,0,0
1508035801,total,183606.00,184778.00,368384.00,184778,183606,142.00,142.00,284.00,142,142,0.00,0.00,0,0
1508035802,s5,0.00,0.00,0.00,0,0,0.00,0.00,0.00,0,0,0.00,0.00,0,0
1508035802,s1,0.00,0.00,0.00,0,0,0.00,0.00,0.00,0,0,0.00,0.00,0,0
1508035802,eth0,0.00,0.00,0.00,0,0,0.00,0.00,0.00,0,0,0.00,0.00,0,0
1508035802,eth1,0.00,0.00,0.00,0,0,0.00,0.00,0.00,0,0,0.00,0.00,0,0
1508035802,s1-eth2,5952.05,252177.83,258129.88,252430,5958,88.91,94.91,183.82,95,89,0.00,0.00,0,0
1508035802,s1-eth1,243300.70,6029.97,249330.67,6036,243544,91.91,89.91,181.82,90,92,0.00,0.00,0,0
1508035802,lo,343.66,343.66,687.31,344,344,5.99,5.99,11.99,6,6,0.00,0.00,0,0
1508035802,s4,0.00,0.00,0.00,0,0,0.00,0.00,0.00,0,0,0.00,0.00,0,0
1508035802,total,249596.41,258551.45,508147.88,258810,249846,186.81,190.81,377.62,191,187,0.00,0.00,0,0
1508035803,s5,0.00,0.00,0.00,0,0,0.00,0.00,0.00,0,0,0.00,0.00,0,0
1508035803,s1,0.00,0.00,0.00,0,0,0.00,0.00,0.00,0,0,0.00,0.00,0,0
1508035803,eth0,0.00,0.00,0.00,0,0,0.00,0.00,0.00,0,0,0.00,0.00,0,0
1508035803,eth1,0.00,0.00,0.00,0,0,0.00,0.00,0.00,0,0,0.00,0.00,0,0
1508035803,s1-eth2,4728.00,200614.00,205342.00,200614,4728,70.00,75.00,145.00,75,70,0.00,0.00,0,0
1508035803,s1-eth1,196138.00,4650.00,200788.00,4650,196138,73.00,69.00,142.00,69,73,0.00,0.00,0,0
1508035803,lo,0.00,0.00,0.00,0,0,0.00,0.00,0.00,0,0,0.00,0.00,0,0
1508035803,s4,0.00,0.00,0.00,0,0,0.00,0.00,0.00,0,0,0.00,0.00,0,0
1508035803,total,200866.00,205264.00,406130.00,205264,200866,143.00,144.00,287.00,144,143,0.00,0.00,0,0
1508035804,s5,0.00,0.00,0.00,0,0,0.00,0.00,0.00,0,0,0.00,0.00,0,0
1508035804,s1,0.00,0.00,0.00,0,0,0.00,0.00,0.00,0,0,0.00,0.00,0,0
1508035804,eth0,0.00,0.00,0.00,0,0,0.00,0.00,0.00,0,0,0.00,0.00,0,0
1508035804,eth1,0.00,0.00,0.00,0,0,0.00,0.00,0.00,0,0,0.00,0.00,0,0
1508035804,s1-eth2,0.00,0.00,0.00,0,0,0.00,0.00,0.00,0,0,0.00,0.00,0,0
1508035804,s1-eth1,0.00,0.00,0.00,0,0,0.00,0.00,0.00,0,0,0.00,0.00,0,0
1508035804,lo,0.00,0.00,0.00,0,0,0.00,0.00,0.00,0,0,0.00,0.00,0,0
1508035804,s4,0.00,0.00,0.00,0,0,0.00,0.00,0.00,0,0,0.00,0.00,0,0
1508035804,total,0.00,0.00,0.00,0,0,0.00,0.00,0.00,0,0,0.00,0.00,0,0
1508035805,s5,0.00,0.00,0.00,0,0,0.00,0.00,0.00,0,0,0.00,0.00,0,0
1508035805,s1,0.00,0.00,0.00,0,0,0.00,0.00,0.00,0,0,0.00,0.00,0,0
1508035805,eth0,0.00,0.00,0.00,0,0,0.00,0.00,0.00,0,0,0.00,0.00,0,0
1508035805,eth1,0.00,0.00,0.00,0,0,0.00,0.00,0.00,0,0,0.00,0.00,0,0
1508035805,s1-eth2,0.00,0.00,0.00,0,0,0.00,0.00,0.00,0,0,0.00,0.00,0,0
1508035805,s1-eth1,0.00,0.00,0.00,0,0,0.00,0.00,0.00,0,0,0.00,0.00,0,0
1508035805,lo,0.00,0.00,0.00,0,0,0.00,0.00,0.00,0,0,0.00,0.00,0,0
1508035805,s4,0.00,0.00,0.00,0,0,0.00,0.00,0.00,0,0,0.00,0.00,0,0
1508035805,total,0.00,0.00,0.00,0,0,0.00,0.00,0.00,0,0,0.00,0.00,0,0
1508035806,s5,0.00,0.00,0.00,0,0,0.00,0.00,0.00,0,0,0.00,0.0