1508083056,s5,0.00,0.00,0.00,0,0,0.00,0.00,0.00,0,0,0.00,0.00,0,0
1508083056,s1,0.00,0.00,0.00,0,0,0.00,0.00,0.00,0,0,0.00,0.00,0,0
1508083056,eth0,0.00,0.00,0.00,0,0,0.00,0.00,0.00,0,0,0.00,0.00,0,0
1508083056,eth1,0.00,0.00,0.00,0,0,0.00,0.00,0.00,0,0,0.00,0.00,0,0
1508083056,s1-eth2,0.00,0.00,0.00,0,0,0.00,0.00,0.00,0,0,0.00,0.00,0,0
1508083056,s1-eth1,0.00,0.00,0.00,0,0,0.00,0.00,0.00,0,0,0.00,0.00,0,0
1508083056,lo,0.00,0.00,0.00,0,0,0.00,0.00,0.00,0,0,0.00,0.00,0,0
1508083056,s4,0.00,0.00,0.00,0,0,0.00,0.00,0.00,0,0,0.00,0.00,0,0
1508083056,total,0.00,0.00,0.00,0,0,0.00,0.00,0.00,0,0,0.00,0.00,0,0
1508083057,s5,0.00,0.00,0.00,0,0,0.00,0.00,0.00,0,0,0.00,0.00,0,0
1508083057,s1,159.84,319.68,479.52,320,160,2.00,4.00,5.99,4,2,0.00,0.00,0,0
1508083057,eth0,455.54,734.27,1189.81,735,456,5.99,5.99,11.99,6,6,0.00,0.00,0,0
1508083057,eth1,0.00,0.00,0.00,0,0,0.00,0.00,0.00,0,0,0.00,0.00,0,0
1508083057,s1-eth2,8851.15,228075.94,236927.08,228304,8860,109.89,101.90,211.79,102,110,0.00,0.00,0,0
1508083057,s1-eth1,245487.52,7536.46,253023.98,7544,245733,115.88,101.90,217.78,102,116,0.00,0.00,0,0
1508083057,lo,2688.31,2688.31,5376.62,2691,2691,29.97,29.97,59.94,30,30,0.00,0.00,0,0
1508083057,s4,0.00,0.00,0.00,0,0,0.00,0.00,0.00,0,0,0.00,0.00,0,0
1508083057,total,257642.36,239354.66,496997.03,239594,257900,263.74,243.76,507.49,244,264,0.00,0.00,0,0
1508083058,s5,0.00,0.00,0.00,0,0,0.00,0.00,0.00,0,0,0.00,0.00,0,0
1508083058,s1,90.00,180.00,270.00,180,90,1.00,2.00,3.00,2,1,0.00,0.00,0,0
1508083058,eth0,152.00,245.00,397.00,245,152,2.00,2.00,4.00,2,2,0.00,0.00,0,0
1508083058,eth1,0.00,0.00,0.00,0,0,0.00,0.00,0.00,0,0,0.00,0.00,0,0
1508083058,s1-eth2,7640.00,247450.00,255090.00,247450,7640,99.00,85.00,184.00,85,99,0.00,0.00,0,0
1508083058,s1-eth1,245245.00,5964.00,251209.00,5964,245245,98.00,90.00,188.00,90,98,0.00,0.00,0,0
1508083058,lo,1205.00,1205.00,2410.00,1205,1205,13.00,13.00,26.00,13,13,0.00,0.00,0,0
1508083058,s4,0.00,0.00,0.00,0,0,0.00,0.00,0.00,0,0,0.00,0.00,0,0
1508083058,total,254332.00,255044.00,509376.00,255044,254332,213.00,192.00,405.00,192,213,0.00,0.00,0,0
1508083059,s5,0.00,0.00,0.00,0,0,0.00,0.00,0.00,0,0,0.00,0.00,0,0
1508083059,s1,0.00,0.00,0.00,0,0,0.00,0.00,0.00,0,0,0.00,0.00,0,0
1508083059,eth0,0.00,0.00,0.00,0,0,0.00,0.00,0.00,0,0,0.00,0.00,0,0
1508083059,eth1,0.00,0.00,0.00,0,0,0.00,0.00,0.00,0,0,0.00,0.00,0,0
1508083059,s1-eth2,6681.00,240846.00,247527.00,240846,6681,94.00,95.00,189.00,95,94,0.00,0.00,0,0
1508083059,s1-eth1,247097.00,6354.00,253451.00,6354,247097,98.00,93.00,191.00,93,98,0.00,0.00,0,0
1508083059,lo,0.00,0.00,0.00,0,0,0.00,0.00,0.00,0,0,0.00,0.00,0,0
1508083059,s4,0.00,0.00,0.00,0,0,0.00,0.00,0.00,0,0,0.00,0.00,0,0
1508083059,total,253778.00,247200.00,500978.00,247200,253778,192.00,188.00,380.00,188,192,0.00,0.00,0,0
1508083060,s5,0.00,0.00,0.00,0,0,0.00,0.00,0.00,0,0,0.00,0.00,0,0
1508083060,s1,0.00,0.00,0.00,0,0,0.00,0.00,0.00,0,0,0.00,0.00,0,0
1508083060,eth0,0.00,0.00,0.00,0,0,0.00,0.00,0.00,0,0,0.00,0.00,0,0
1508083060,eth1,0.00,0.00,0.00,0,0,0.00,0.00,0.00,0,0,0.00,0.00,0,0
1508083060,s1-eth2,6613.39,249218.78,255832.17,249468,6620,92.91,93.91,186.81,94,93,0.00,0.00,0,0
1508083060,s1-eth1,246633.38,6239.76,252873.14,6246,246880,94.91,90.91,185.81,91,95,0.00,0.00,0,0
1508083060,lo,0.00,0.00,0.00,0,0,0.00,0.00,0.00,0,0,0.00,0.00,0,0
1508083060,s4,0.00,0.00,0.00,0,0,0.00,0.00,0.00,0,0,0.00,0.00,0,0
1508083060,total,253246.77,255458.55,508705.31,255714,253500,187.81,184.82,372.63,185,188,0.00,0.00,0,0
1508083061,s5,0.00,0.00,0.00,0,0,0.00,0.00,0.00,0,0,0.00,0.00,0,0
1508083061,s1,69.93,139.86,209.79,140,70,1.00,2.00,3.00,2,1,0.00,0.00,0,0
1508083061,eth0,0.00,0.00,0.00,0,0,0.00,0.00,0.00,0,0,0.00,0.00,0,0
1508083061,eth1,0.00,0.00,0.00,0,0,0.00,0.00,0.00,0,0,0.00,0.00,0,0
1508083061,s1-eth2,5613.39,248629.38,254242.77,248878,5619,80.92,84.92,165.83,85,81,0.00,0.00,0,0
1508083061,s1-eth1,243107.91,5146.85,248254.75,5152,243351,84.92,77.92,162.84,78,85,0.00,0.00,0,0
1508083061,lo,1146.85,1146.85,2293.71,1148,1148,14.99,14.99,29.97,15,15,0.00,0.00,0,0
1508083061,s4,0.00,0.00,0.00,0,0,0.00,0.00,0.00,0,0,0.00,0.00,0,0
1508083061,total,249938.06,255062.94,505001.00,255318,250188,181.82,179.82,361.64,180,182,0.00,0.00,0,0
1508083062,s5,0.00,0.00,0.00,0,0,0.00,0.00,0.00,0,0,0.00,0.00,0,0
1508083062,s1,0.00,0.00,0.00,0,0,0.00,0.00,0.00,0,0,0.00,0.00,0,0
1508083062,eth0,0.00,0.00,0.00,0,0,0.00,0.00,0.00,0,0,0.00,0.00,0,0
1508083062,eth1,0.00,0.00,0.00,0,0,0.00,0.00,0.00,0,0,0.00,0.00,0,0
1508083062,s1-eth2,6440.00,250916.00,257356.00,250916,6440,90.00,94.00,184.00,94,90,0.00,0.00,0,0
1508083062,s1-eth1,246440.00,6098.00,252538.00,6098,246440,92.00,89.00,181.00,89,92,0.00,0.00,0,0
1508083062,lo,0.00,0.00,0.00,0,0,0.00,0.00,0.00,0,0,0.00,0.00,0,0
1508083062,s4,0.00,0.00,0.00,0,0,0.00,0.00,0.00,0,0,0.00,0.00,0,0
1508083062,total,252880.00,257014.00,509894.00,257014,252880,182.00,183.00,365.00,183,182,0.00,0.00,0,0
1508083063,s5,0.00,0.00,0.00,0,0,0.00,0.00,0.00,0,0,0.00,0.00,0,0
1508083063,s1,0.00,0.00,0.00,0,0,0.00,0.00,0.00,0,0,0.00,0.00,0,0
1508083063,eth0,60.00,60.00,120.00,60,60,1.00,1.00,2.00,1,1,0.00,0.00,0,0
1508083063,eth1,0.00,0.00,0.00,0,0,0.00,0.00,0.00,0,0,0.00,0.00,0,0
1508083063,s1-eth2,5718.00,252166.00,257884.00,252166,5718,85.00,91.00,176.00,91,85,0.00,0.00,0,0
1508083063,s1-eth1,243280.00,5718.00,248998.00,5718,243280,88.00,85.00,173.00,85,88,0.00,0.00,0,0
1508083063,lo,0.00,0.00,0.00,0,0,0.00,0.00,0.00,0,0,0.00,0.00,0,0
1508083063,s4,0.00,0.00,0.00,0,0,0.00,0.00,0.00,0,0,0.00,0.00,0,0
1508083063,total,249058.00,257944.00,507002.00,257944,249058,174.00,177.00,351.00,177,174,0.00,0.00,0,0
1508083064,s5,0.00,0.00,0.00,0,0,0.00,0.00,0.00,0,0,0.00,0.00,0,0
1508083064,s1,0.00,0.00,0.00,0,0,0.00,0.00,0.00,0,0,0.00,0.00,0,0
1508083064,eth0,0.00,0.00,0.00,0,0,0.00,0.00,0.00,0,0,0.00,0.00,0,0
1508083064,eth1,0.00,0.00,0.00,0,0,0.00,0.00,0.00,0,0,0.00,0.00,0,0
1508083064,s1-eth2,6041.00,248086.00,254127.00,248086,6041,88.00,95.00,183.00,95,88,0.00,0.00,0,0
1508083064,s1-eth1,246679.00,5934.00,252613.00,5934,246679,95.00,87.00,182.00,87,95,0.00,0.00,0,0
1508083064,lo,0.00,0.00,0.00,0,0,0.00,0.00,0.00,0,0,0.00,0.00,0,0
1508083064,s4,0.00,0.00,0.00,0,0,0.00,0.00,0.00,0,0,0.00,0.00,0,0
1508083064,total,252720.00,254020.00,506740.00,254020,252720,183.00,182.00,365.00,182,183,0.00,0.00,0,0
1508083065,s5,0.00,0.00,0.00,0,0,0.00,0.00,0.00,0,0,0.00,0.00,0,0
1508083065,s1,70.00,70.00,140.00,70,70,1.00,1.00,2.00,1,1,0.00,0.00,0,0
1508083065,eth0,0.00,0.00,0.00,0,0,0.00,0.00,0.00,0,0,0.00,0.00,0,0
1508083065,eth1,0.00,0.00,0.00,0,0,0.00,0.00,0.00,0,0,0.00,0.00,0,0
1508083065,s1-eth2,6158.00,252368.00,258526.00,252368,6158,91.00,94.00,185.00,94,91,0.00,0.00,0,0
1508083065,s1-eth1,243964.00,6018.00,249982.00,6018,243964,94.00,89.00,183.00,89,94,0.00,0.00,0,0
1508083065,lo,536.00,536.00,1072.00,536,536,6.00,6.00,12.00,6,6,0.00,0.00,0,0
1508083065,s4,0.00,0.00,0.00,0,0,0.00,0.00,0.00,0,0,0.00,0.00,0,0
1508083065,total,250728.00,258992.00,509720.00,258992,250728,192.00,190.00,382.00,190,192,0.00,0.00,0,0
1508083066,s5,0.00,0.00,0.00,0,0,0.00,0.00,0.00,0,0,0.00,0.00,0,0
1508083066,s1,0.00,0.00,0.00,0,0,0.00,0.00,0.00,0,0,0.00,0.00,0,0
1508083066,eth0,0.00,0.00,0.00,0,0,0.00,0.00,0.00,0,0,0.00,0.00,0,0
1508083066,eth1,0.00,0.00,0.00,0,0,0.00,0.00,0.00,0,0,0.00,0.00,0,0
1508083066,s1-eth2,5880.00,247558.00,253438.00,247558,5880,84.00,87.00,171.00,87,84,0.00,0.00,0,0
1508083066,s1-eth1,245978.00,5538.00,251516.00,5538,245978,85.00,83.00,168.00,83,85,0.00,0.00,0,0
1508083066,lo,344.00,344.00,688.00,344,344,6.00,6.00,12.00,6,6,0.00,0.00,0,0
1508083066,s4,0.00,0.00,0.00,0,0,0.00,0.00,0.00,0,0,0.00,0.00,0,0
1508083066,total,252202.00,253440.00,505642.00,253440,252202,175.00,176.00,351.00,176,175,0.00,0.00,0,0
1508083067,s5,0.00,0.00,0.00,0,0,0.00,0.00,0.00,0,0,0.00,0.00,0,0
1508083067,s1,0.00,0.00,0.00,0,0,0.00,0.00,0.00,0,0,0.00,0.00,0,0
1508083067,eth0,0.00,0.00,0.00,0,0,0.00,0.00,0.00,0,0,0.00,0.00,0,0
1508083067,eth1,0.00,0.00,0.00,0,0,0.00,0.00,0.00,0,0,0.00,0.00,0,0
1508083067,s1-eth2,5862.00,255128.00,260990.00,255128,5862,87.00,92.00,179.00,92,87,0.00,0.00,0,0
1508083067,s1-eth1,243346.00,5862.00,249208.00,5862,243346,89.00,87.00,176.00,87,89,0.00,0.00,0,0
1508083067,lo,0.00,0.00,0.00,0,0,0.00,0.00,0.00,0,0,0.00,0.00,0,0
1508083067,s4,0.00,0.00,0.00,0,0,0.00,0.00,0.00,0,0,0.00,0.00,0,0
1508083067,total,249208.00,260990.00,510198.00,260990,249208,176.00,179.00,355.00,179,176,0.00,0.00,0,0
1508083068,s5,0.00,0.00,0.00,0,0,0.00,0.00,0.00,0,0,0.00,0.00,0,0
1508083068,s1,0.00,0.00,0.00,0,0,0.00,0.00,0.00,0,0,0.00,0.00,0,0
1508083068,eth0,0.00,0.00,0.00,0,0,0.00,0.00,0.00,0,0,0.00,0.00,0,0
1508083068,eth1,0.00,0.00,0.00,0,0,0.00,0.00,0.00,0,0,0.00,0.00,0,0
1508083068,s1-eth2,6306.00,252562.00,258868.00,252562,6306,93.00,97.00,190.00,97,93,0.00,0.00,0,0
1508083068,s1-eth1,246638.00,6372.00,253010.00,6372,246638,95.00,94.00,189.00,94,95,0.00,0.00,0,0
1508083068,lo,0.00,0.00,0.00,0,0,0.00,0.00,0.00,0,0,0.00,0.00,0,0
1508083068,s4,0.00,0.00,0.00,0,0,0.00,0.00,0.00,0,0,0.00,0.00,0,0
1508083068,total,252944.00,258934.00,511878.00,258934,252944,188.00,191.00,379.00,191,188,0.00,0.00,0,0
1508083069,s5,0.00,0.00,0.00,0,0,0.00,0.00,0.00,0,0,0.00,0.00,0,0
1508083069,s1,0.00,0.00,0.00,0,0,0.00,0.00,0.00,0,0,0.00,0.00,0,0
1508083069,eth0,0.00,0.00,0.00,0,0,0.00,0.00,0.00,0,0,0.00,0.00,0,0
1508083069,eth1,0.00,0.00,0.00,0,0,0.00,0.00,0.00,0,0,0.00,0.00,0,0
1508083069,s1-eth2,5640.00,250652.00,256292.00,250652,5640,84.00,90.00,174.00,90,84,0.00,0.00,0,0
1508083069,s1-eth1,244596.00,5652.00,250248.00,5652,244596,86.00,84.00,170.00,84,86,0.00,0.00,0,0
1508083069,lo,0.00,0.00,0.00,0,0,0.00,0.00,0.00,0,0,0.00,0.00,0,0
1508083069,s4,0.00,0.00,0.00,0,0,0.00,0.00,0.00,0,0,0.00,0.00,0,0
1508083069,total,250236.00,256304.00,506540.00,256304,250236,170.00,174.00,344.00,174,170,0.00,0.00,0,0
1508083070,s5,0.00,0.00,0.00,0,0,0.00,0.00,0.00,0,0,0.00,0.00,0,0
1508083070,s1,0.00,0.00,0.00,0,0,0.00,0.00,0.00,0,0,0.00,0.00,0,0
1508083070,eth0,0.00,0.00,0.00,0,0,0.00,0.00,0.00,0,0,0.00,0.00,0,0
1508083070,eth1,0.00,0.00,0.00,0,0,0.00,0.00,0.00,0,0,0.00,0.00,0,0
1508083070,s1-eth2,6108.00,253746.00,259854.00,253746,6108,90.00,93.00,183.00,93,90,0.00,0.00,0,0
1508083070,s1-eth1,244926.00,6030.00,250956.00,6030,244926,91.00,89.00,180.00,89,91,0.00,0.00,0,0
1508083070,lo,172.00,172.00,344.00,172,172,3.00,3.00,6.00,3,3,0.00,0.00,0,0
1508083070,s4,0.00,0.00,0.00,0,0,0.00,0.00,0.00,0,0,0.00,0.00,0,0
1508083070,total,251206.00,259948.00,511154.00,259948,251206,184.00,185.00,369.00,185,184,0.00,0.00,0,0
1508083071,s5,0.00,0.00,0.00,0,0,0.00,0.00,0.00,0,0,0.00,0.00,0,0
1508083071,s1,0.00,0.00,0.00,0,0,0.00,0.00,0.00,0,0,0.00,0.00,0,0
1508083071,eth0,0.00,0.00,0.00,0,0,0.00,0.00,0.00,0,0,0.00,0.00,0,0
1508083071,eth1,0.00,0.00,0.00,0,0,0.00,0.00,0.00,0,0,0.00,0.00,0,0
1508083071,s1-eth2,5466.53,248823.19,254289.72,249072,5472,81.92,87.91,169.83,88,82,0.00,0.00,0,0
1508083071,s1-eth1,245864.14,5466.53,251330.67,5472,246110,86.91,81.92,168.83,82,87,0.00,0.00,0,0
1508083071,lo,343.66,343.66,687.31,344,344,5.99,5.99,11.99,6,6,0.00,0.00,0,0
1508083071,s4,0.00,0.00,0.00,0,0,0.00,0.00,0.00,0,0,0.00,0.00,0,0
1508083071,total,251674.33,254633.38,506307.72,254888,251926,174.83,175.82,350.65,176,175,0.00,0.00,0,0
1508083072,s5,0.00,0.00,0.00,0,0,0.00,0.00,0.00,0,0,0.00,0.00,0,0
1508083072,s1,0.00,0.00,0.00,0,0,0.00,0.00,0.00,0,0,0.00,0.00,0,0
1508083072,eth0,0.00,0.00,0.00,0,0,0.00,0.00,0.00,0,0,0.00,0.00,0,0
1508083072,eth1,0.00,0.00,0.00,0,0,0.00,0.00,0.00,0,0,0.00,0.00,0,0
1508083072,s1-eth2,6569.00,255392.00,261961.00,255392,6569,92.00,96.00,188.00,96,92,0.00,0.00,0,0
1508083072,s1-eth1,243651.00,6120.00,249771.00,6120,243651,93.00,90.00,183.00,90,93,0.00,0.00,0,0
1508083072,lo,0.00,0.00,0.00,0,0,0.00,0.00,0.00,0,0,0.00,0.00,0,0
1508083072,s4,0.00,0.00,0.00,0,0,0.00,0.00,0.00,0,0,0.00,0.00,0,0
1508083072,total,250220.00,261512.00,511732.00,261512,250220,185.00,186.00,371.00,186,185,0.00,0.00,0,0
1508083073,s5,0.00,0.00,0.00,0,0,0.00,0.00,0.00,0,0,0.00,0.00,0,0
1508083073,s1,0.00,0.00,0.00,0,0,0.00,0.00,0.00,0,0,0.00,0.00,0,0
1508083073,eth0,0.00,0.00,0.00,0,0,0.00,0.00,0.00,0,0,0.00,0.00,0,0
1508083073,eth1,0.00,0.00,0.00,0,0,0.00,0.00,0.00,0,0,0.00,0.00,0,0
1508083073,s1-eth2,6024.00,252496.00,258520.00,252496,6024,88.00,96.00,184.00,96,88,0.00,0.00,0,0
1508083073,s1-eth1,246506.00,6090.00,252596.00,6090,246506,93.00,89.00,182.00,89,93,0.00,0.00,0,0
1508083073,lo,0.00,0.00,0.00,0,0,0.00,0.00,0.00,0,0,0.00,0.00,0,0
1508083073,s4,0.00,0.00,0.00,0,0,0.00,0.00,0.00,0,0,0.00,0.00,0,0
1508083073,total,252530.00,258586.00,511116.00,258586,252530,181.00,185.00,366.00,185,181,0.00,0.00,0,0
1508083074,s5,0.00,0.00,0.00,0,0,0.00,0.00,0.00,0,0,0.00,0.00,0,0
1508083074,s1,0.00,0.00,0.00,0,0,0.00,0.00,0.00,0,0,0.00,0.00,0,0
1508083074,eth0,0.00,0.00,0.00,0,0,0.00,0.00,0.00,0,0,0.00,0.00,0,0
1508083074,eth1,0.00,0.00,0.00,0,0,0.00,0.00,0.00,0,0,0.00,0.00,0,0
1508083074,s1-eth2,5826.00,255062.00,260888.00,255062,5826,87.00,91.00,178.00,91,87,0.00,0.00,0,0
1508083074,s1-eth1,246176.00,5760.00,251936.00,5760,246176,88.00,86.00,174.00,86,88,0.00,0.00,0,0
1508083074,lo,0.00,0.00,0.00,0,0,0.00,0.00,0.00,0,0,0.00,0.00,0,0
1508083074,s4,0.00,0.00,0.00,0,0,0.00,0.00,0.00,0,0,0.00,0.00,0,0
1508083074,total,252002.00,260822.00,512824.00,260822,252002,175.00,177.00,352.00,177,175,0.00,0.00,0,0
1508083075,s5,0.00,0.00,0.00,0,0,0.00,0.00,0.00,0,0,0.00,0.00,0,0
1508083075,s1,0.00,0.00,0.00,0,0,0.00,0.00,0.00,0,0,0.00,0.00,0,0
1508083075,eth0,0.00,0.00,0.00,0,0,0.00,0.00,0.00,0,0,0.00,0.00,0,0
1508083075,eth1,0.00,0.00,0.00,0,0,0.00,0.00,0.00,0,0,0.00,0.00,0,0
1508083075,s1-eth2,7082.00,253486.00,260568.00,253486,7082,103.00,111.00,214.00,111,103,0.00,0.00,0,0
1508083075,s1-eth1,239992.00,7148.00,247140.00,7148,239992,104.00,104.00,208.00,104,104,0.00,0.00,0,0
1508083075,lo,172.00,172.00,344.00,172,172,3.00,3.00,6.00,3,3,0.00,0.00,0,0
1508083075,s4,0.00,0.00,0.00,0,0,0.00,0.00,0.00,0,0,0.00,0.00,0,0
1508083075,total,247246.00,260806.00,508052.00,260806,247246,210.00,218.00,428.00,218,210,0.00,0.00,0,0
1508083076,s5,0.00,0.00,0.00,0,0,0.00,0.00,0.00,0,0,0.00,0.00,0,0
1508083076,s1,0.00,0.00,0.00,0,0,0.00,0.00,0.00,0,0,0.00,0.00,0,0
1508083076,eth0,0.00,0.00,0.00,0,0,0.00,0.00,0.00,0,0,0.00,0.00,0,0
1508083076,eth1,0.00,0.00,0.00,0,0,0.00,0.00,0.00,0,0,0.00,0.00,0,0
1508083076,s1-eth2,5814.00,258090.00,263904.00,258090,5814,87.00,93.00,180.00,93,87,0.00,0.00,0,0
1508083076,s1-eth1,247756.00,5748.00,253504.00,5748,247756,90.00,86.00,176.00,86,90,0.00,0.00,0,0
1508083076,lo,344.00,344.00,688.00,344,344,6.00,6.00,12.00,6,6,0.00,0.00,0,0
1508083076,s4,0.00,0.00,0.00,0,0,0.00,0.00,0.00,0,0,0.00,0.00,0,0
1508083076,total,253914.00,264182.00,518096.00,264182,253914,183.00,185.00,368.00,185,183,0.00,0.00,0,0
1508083077,s5,0.00,0.00,0.00,0,0,0.00,0.00,0.00,0,0,0.00,0.00,0,0
1508083077,s1,0.00,0.00,0.00,0,0,0.00,0.00,0.00,0,0,0.00,0.00,0,0
1508083077,eth0,0.00,0.00,0.00,0,0,0.00,0.00,0.00,0,0,0.00,0.00,0,0
1508083077,eth1,0.00,0.00,0.00,0,0,0.00,0.00,0.00,0,0,0.00,0.00,0,0
1508083077,s1-eth2,5808.00,250784.00,256592.00,250784,5808,86.00,92.00,178.00,92,86,0.00,0.00,0,0
1508083077,s1-eth1,243214.00,5808.00,249022.00,5808,243214,87.00,86.00,173.00,86,87,0.00,0.00,0,0
1508083077,lo,0.00,0.00,0.00,0,0,0.00,0.00,0.00,0,0,0.00,0.00,0,0
1508083077,s4,0.00,0.00,0.00,0,0,0.00,0.00,0.00,0,0,0.00,0.00,0,0
1508083077,total,249022.00,256592.00,505614.00,256592,249022,173.00,178.00,351.00,178,173,0.00,0.00,0,0
1508083078,s5,0.00,0.00,0.00,0,0,0.00,0.00,0.00,0,0,0.00,0.00,0,0
1508083078,s1,0.00,0.00,0.00,0,0,0.00,0.00,0.00,0,0,0.00,0.00,0,0
1508083078,eth0,0.00,0.00,0.00,0,0,0.00,0.00,0.00,0,0,0.00,0.00,0,0
1508083078,eth1,0.00,0.00,0.00,0,0,0.00,0.00,0.00,0,0,0.00,0.00,0,0
1508083078,s1-eth2,5742.26,251782.22,257524.48,252034,5748,85.91,88.91,174.83,89,86,0.00,0.00,0,0
1508083078,s1-eth1,245996.02,5742.26,251738.27,5748,246242,88.91,85.91,174.83,86,89,0.00,0.00,0,0
1508083078,lo,0.00,0.00,0.00,0,0,0.00,0.00,0.00,0,0,0.00,0.00,0,0
1508083078,s4,0.00,0.00,0.00,0,0,0.00,0.00,0.00,0,0,0.00,0.00,0,0
1508083078,total,251738.27,257524.48,509262.75,257782,251990,174.83,174.83,349.65,175,175,0.00,0.00,0,0
1508083079,s5,0.00,0.00,0.00,0,0,0.00,0.00,0.00,0,0,0.00,0.00,0,0
1508083079,s1,0.00,0.00,0.00,0,0,0.00,0.00,0.00,0,0,0.00,0.00,0,0
1508083079,eth0,0.00,0.00,0.00,0,0,0.00,0.00,0.00,0,0,0.00,0.00,0,0
1508083079,eth1,0.00,0.00,0.00,0,0,0.00,0.00,0.00,0,0,0.00,0.00,0,0
1508083079,s1-eth2,5664.00,249336.00,255000.00,249336,5664,84.00,92.00,176.00,92,84,0.00,0.00,0,0
1508083079,s1-eth1,243214.00,5730.00,248944.00,5730,243214,87.00,85.00,172.00,85,87,0.00,0.00,0,0
1508083079,lo,0.00,0.00,0.00,0,0,0.00,0.00,0.00,0,0,0.00,0.00,0,0
1508083079,s4,0.00,0.00,0.00,0,0,0.00,0.00,0.00,0,0,0.00,0.00,0,0
1508083079,total,248878.00,255066.00,503944.00,255066,248878,171.00,177.00,348.00,177,171,0.00,0.00,0,0
1508083080,s5,0.00,0.00,0.00,0,0,0.00,0.00,0.00,0,0,0.00,0.00,0,0
1508083080,s1,0.00,0.00,0.00,0,0,0.00,0.00,0.00,0,0,0.00,0.00,0,0
1508083080,eth0,0.00,0.00,0.00,0,0,0.00,0.00,0.00,0,0,0.00,0.00,0,0
1508083080,eth1,0.00,0.00,0.00,0,0,0.00,0.00,0.00,0,0,0.00,0.00,0,0
1508083080,s1-eth2,5934.00,251902.00,257836.00,251902,5934,85.00,87.00,172.00,87,85,0.00,0.00,0,0
1508083080,s1-eth1,246176.00,5592.00,251768.00,5592,246176,88.00,84.00,172.00,84,88,0.00,0.00,0,0
1508083080,lo,172.00,172.00,344.00,172,172,3.00,3.00,6.00,3,3,0.00,0.00,0,0
1508083080,s4,0.00,0.00,0.00,0,0,0.00,0.00,0.00,0,0,0.00,0.00,0,0
1508083080,total,252282.00,257666.00,509948.00,257666,252282,176.00,174.00,350.00,174,176,0.00,0.00,0,0
1508083081,s5,0.00,0.00,0.00,0,0,0.00,0.00,0.00,0,0,0.00,0.00,0,0
1508083081,s1,0.00,0.00,0.00,0,0,0.00,0.00,0.00,0,0,0.00,0.00,0,0
1508083081,eth0,0.00,0.00,0.00,0,0,0.00,0.00,0.00,0,0,0.00,0.00,0,0
1508083081,eth1,0.00,0.00,0.00,0,0,0.00,0.00,0.00,0,0,0.00,0.00,0,0
1508083081,s1-eth2,6086.00,250982.00,257068.00,250982,6086,89.00,95.00,184.00,95,89,0.00,0.00,0,0
1508083081,s1-eth1,246506.00,6020.00,252526.00,6020,246506,93.00,88.00,181.00,88,93,0.00,0.00,0,0
1508083081,lo,344.00,344.00,688.00,344,344,6.00,6.00,12.00,6,6,0.00,0.00,0,0
1508083081,s4,0.00,0.00,0.00,0,0,0.00,0.00,0.00,0,0,0.00,0.00,0,0
1508083081,total,252936.00,257346.00,510282.00,257346,252936,188.00,189.00,377.00,189,188,0.00,0.00,0,0
1508083082,s5,0.00,0.00,0.00,0,0,0.00,0.00,0.00,0,0,0.00,0.00,0,0
1508083082,s1,0.00,0.00,0.00,0,0,0.00,0.00,0.00,0,0,0.00,0.00,0,0
1508083082,eth0,0.00,0.00,0.00,0,0,0.00,0.00,0.00,0,0,0.00,0.00,0,0
1508083082,eth1,0.00,0.00,0.00,0,0,0.00,0.00,0.00,0,0,0.00,0.00,0,0
1508083082,s1-eth2,5664.00,250652.00,256316.00,250652,5664,84.00,90.00,174.00,90,84,0.00,0.00,0,0
1508083082,s1-eth1,243082.00,5664.00,248746.00,5664,243082,85.00,84.00,169.00,84,85,0.00,0.00,0,0
1508083082,lo,0.00,0.00,0.00,0,0,0.00,0.00,0.00,0,0,0.00,0.00,0,0
1508083082,s4,0.00,0.00,0.00,0,0,0.00,0.00,0.00,0,0,0.00,0.00,0,0
1508083082,total,248746.00,256316.00,505062.00,256316,248746,169.00,174.00,343.00,174,169,0.00,0.00,0,0
1508083083,s5,0.00,0.00,0.00,0,0,0.00,0.00,0.00,0,0,0.00,0.00,0,0
1508083083,s1,0.00,0.00,0.00,0,0,0.00,0.00,0.00,0,0,0.00,0.00,0,0
1508083083,eth0,0.00,0.00,0.00,0,0,0.00,0.00,0.00,0,0,0.00,0.00,0,0
1508083083,eth1,0.00,0.00,0.00,0,0,0.00,0.00,0.00,0,0,0.00,0.00,0,0
1508083083,s1-eth2,6119.88,250467.55,256587.42,250718,6126,90.91,90.91,181.82,91,91,0.00,0.00,0,0
1508083083,s1-eth1,246193.81,6185.81,252379.62,6192,246440,91.91,91.91,183.82,92,92,0.00,0.00,0,0
1508083083,lo,0.00,0.00,0.00,0,0,0.00,0.00,0.00,0,0,0.00,0.00,0,0
1508083083,s4,0.00,0.00,0.00,0,0,0.00,0.00,0.00,0,0,0.00,0.00,0,0
1508083083,total,252313.69,256653.36,508967.03,256910,252566,182.82,182.82,365.63,183,183,0.00,0.00,0,0
1508083084,s5,0.00,0.00,0.00,0,0,0.00,0.00,0.00,0,0,0.00,0.00,0,0
1508083084,s1,0.00,0.00,0.00,0,0,0.00,0.00,0.00,0,0,0.00,0.00,0,0
1508083084,eth0,0.00,0.00,0.00,0,0,0.00,0.00,0.00,0,0,0.00,0.00,0,0
1508083084,eth1,0.00,0.00,0.00,0,0,0.00,0.00,0.00,0,0,0.00,0.00,0,0
1508083084,s1-eth2,5886.00,252298.00,258184.00,252298,5886,87.00,93.00,180.00,93,87,0.00,0.00,0,0
1508083084,s1-eth1,246374.00,5820.00,252194.00,5820,246374,91.00,86.00,177.00,86,91,0.00,0.00,0,0
1508083084,lo,0.00,0.00,0.00,0,0,0.00,0.00,0.00,0,0,0.00,0.00,0,0
1508083084,s4,0.00,0.00,0.00,0,0,0.00,0.00,0.00,0,0,0.00,0.00,0,0
1508083084,total,252260.00,258118.00,510378.00,258118,252260,178.00,179.00,357.00,179,178,0.00,0.00,0,0
1508083085,s5,0.00,0.00,0.00,0,0,0.00,0.00,0.00,0,0,0.00,0.00,0,0
1508083085,s1,0.00,0.00,0.00,0,0,0.00,0.00,0.00,0,0,0.00,0.00,0,0
1508083085,eth0,0.00,0.00,0.00,0,0,0.00,0.00,0.00,0,0,0.00,0.00,0,0
1508083085,eth1,0.00,0.00,0.00,0,0,0.00,0.00,0.00,0,0,0.00,0.00,0,0
1508083085,s1-eth2,5748.25,257964.05,263712.28,258222,5754,84.92,94.91,179.82,95,85,0.00,0.00,0,0
1508083085,s1-eth1,243168.84,5748.25,248917.09,5754,243412,89.91,84.92,174.83,85,90,0.00,0.00,0,0
1508083085,lo,171.83,171.83,343.66,172,172,3.00,3.00,5.99,3,3,0.00,0.00,0,0
1508083085,s4,0.00,0.00,0.00,0,0,0.00,0.00,0.00,0,0,0.00,0.00,0,0
1508083085,total,249088.92,263884.12,512973.03,264148,249338,177.82,182.82,360.64,183,178,0.00,0.00,0,0
1508083086,s5,0.00,0.00,0.00,0,0,0.00,0.00,0.00,0,0,0.00,0.00,0,0
1508083086,s1,0.00,0.00,0.00,0,0,0.00,0.00,0.00,0,0,0.00,0.00,0,0
1508083086,eth0,0.00,0.00,0.00,0,0,0.00,0.00,0.00,0,0,0.00,0.00,0,0
1508083086,eth1,0.00,0.00,0.00,0,0,0.00,0.00,0.00,0,0,0.00,0.00,0,0
1508083086,s1-eth2,5472.00,249072.00,254544.00,249072,5472,82.00,88.00,170.00,88,82,0.00,0.00,0,0
1508083086,s1-eth1,244872.00,5472.00,250344.00,5472,244872,86.00,82.00,168.00,82,86,0.00,0.00,0,0
1508083086,lo,344.00,344.00,688.00,344,344,6.00,6.00,12.00,6,6,0.00,0.00,0,0
1508083086,s4,0.00,0.00,0.00,0,0,0.00,0.00,0.00,0,0,0.00,0.00,0,0
1508083086,total,250688.00,254888.00,505576.00,254888,250688,174.00,176.00,350.00,176,174,0.00,0.00,0,0
1508083087,s5,0.00,0.00,0.00,0,0,0.00,0.00,0.00,0,0,0.00,0.00,0,0
1508083087,s1,0.00,0.00,0.00,0,0,0.00,0.00,0.00,0,0,0.00,0.00,0,0
1508083087,eth0,0.00,0.00,0.00,0,0,0.00,0.00,0.00,0,0,0.00,0.00,0,0
1508083087,eth1,0.00,0.00,0.00,0,0,0.00,0.00,0.00,0,0,0.00,0.00,0,0
1508083087,s1-eth2,6562.00,255854.00,262416.00,255854,6562,95.00,103.00,198.00,103,95,0.00,0.00,0,0
1508083087,s1-eth1,245454.00,6562.00,252016.00,6562,245454,99.00,95.00,194.00,95,99,0.00,0.00,0,0
1508083087,lo,0.00,0.00,0.00,0,0,0.00,0.00,0.00,0,0,0.00,0.00,0,0
1508083087,s4,0.00,0.00,0.00,0,0,0.00,0.00,0.00,0,0,0.00,0.00,0,0
1508083087,total,252016.00,262416.00,514432.00,262416,252016,194.00,198.00,392.00,198,194,0.00,0.00,0,0
1508083088,s5,0.00,0.00,0.00,0,0,0.00,0.00,0.00,0,0,0.00,0.00,0,0
1508083088,s1,0.00,0.00,0.00,0,0,0.00,0.00,0.00,0,0,0.00,0.00,0,0
1508083088,eth0,0.00,0.00,0.00,0,0,0.00,0.00,0.00,0,0,0.00,0.00,0,0
1508083088,eth1,0.00,0.00,0.00,0,0,0.00,0.00,0.00,0,0,0.00,0.00,0,0
1508083088,s1-eth2,5855.15,251518.48,257373.64,251770,5861,83.92,84.92,168.83,85,84,0.00,0.00,0,0
1508083088,s1-eth1,245839.17,5406.59,251245.77,5412,246085,85.91,81.92,167.83,82,86,0.00,0.00,0,0
1508083088,lo,0.00,0.00,0.00,0,0,0.00,0.00,0.00,0,0,0.00,0.00,0,0
1508083088,s4,0.00,0.00,0.00,0,0,0.00,0.00,0.00,0,0,0.00,0.00,0,0
1508083088,total,251694.31,256925.08,508619.41,257182,251946,169.83,166.83,336.66,167,170,0.00,0.00,0,0
1508083089,s5,0.00,0.00,0.00,0,0,0.00,0.00,0.00,0,0,0.00,0.00,0,0
1508083089,s1,0.00,0.00,0.00,0,0,0.00,0.00,0.00,0,0,0.00,0.00,0,0
1508083089,eth0,0.00,0.00,0.00,0,0,0.00,0.00,0.00,0,0,0.00,0.00,0,0
1508083089,eth1,0.00,0.00,0.00,0,0,0.00,0.00,0.00,0,0,0.00,0.00,0,0
1508083089,s1-eth2,5886.00,247756.00,253642.00,247756,5886,87.00,90.00,177.00,90,87,0.00,0.00,0,0
1508083089,s1-eth1,243280.00,5886.00,249166.00,5886,243280,88.00,87.00,175.00,87,88,0.00,0.00,0,0
1508083089,lo,0.00,0.00,0.00,0,0,0.00,0.00,0.00,0,0,0.00,0.00,0,0
1508083089,s4,0.00,0.00,0.00,0,0,0.00,0.00,0.00,0,0,0.00,0.00,0,0
1508083089,total,249166.00,253642.00,502808.00,253642,249166,175.00,177.00,352.00,177,175,0.00,0.00,0,0
1508083090,s5,0.00,0.00,0.00,0,0,0.00,0.00,0.00,0,0,0.00,0.00,0,0
1508083090,s1,0.00,0.00,0.00,0,0,0.00,0.00,0.00,0,0,0.00,0.00,0,0
1508083090,eth0,0.00,0.00,0.00,0,0,0.00,0.00,0.00,0,0,0.00,0.00,0,0
1508083090,eth1,0.00,0.00,0.00,0,0,0.00,0.00,0.00,0,0,0.00,0.00,0,0
1508083090,s1-eth2,5730.00,249138.00,254868.00,249138,5730,85.00,89.00,174.00,89,85,0.00,0.00,0,0
1508083090,s1-eth1,246176.00,5796.00,251972.00,5796,246176,88.00,86.00,174.00,86,88,0.00,0.00,0,0
1508083090,lo,172.00,172.00,344.00,172,172,3.00,3.00,6.00,3,3,0.00,0.00,0,0
1508083090,s4,0.00,0.00,0.00,0,0,0.00,0.00,0.00,0,0,0.00,0.00,0,0
1508083090,total,252078.00,255106.00,507184.00,255106,252078,176.00,178.00,354.00,178,176,0.00,0.00,0,0
1508083091,s5,0.00,0.00,0.00,0,0,0.00,0.00,0.00,0,0,0.00,0.00,0,0
1508083091,s1,0.00,0.00,0.00,0,0,0.00,0.00,0.00,0,0,0.00,0.00,0,0
1508083091,eth0,0.00,0.00,0.00,0,0,0.00,0.00,0.00,0,0,0.00,0.00,0,0
1508083091,eth1,0.00,0.00,0.00,0,0,0.00,0.00,0.00,0,0,0.00,0.00,0,0
1508083091,s1-eth2,6704.00,258948.00,265652.00,258948,6704,98.00,106.00,204.00,106,98,0.00,0.00,0,0
1508083091,s1-eth1,247034.00,6638.00,253672.00,6638,247034,101.00,97.00,198.00,97,101,0.00,0.00,0,0
1508083091,lo,344.00,344.00,688.00,344,344,6.00,6.00,12.00,6,6,0.00,0.00,0,0
1508083091,s4,0.00,0.00,0.00,0,0,0.00,0.00,0.00,0,0,0.00,0.00,0,0
1508083091,total,254082.00,265930.00,520012.00,265930,254082,205.00,209.00,414.00,209,205,0.00,0.00,0,0
1508083092,s5,0.00,0.00,0.00,0,0,0.00,0.00,0.00,0,0,0.00,0.00,0,0
1508083092,s1,0.00,0.00,0.00,0,0,0.00,0.00,0.00,0,0,0.00,0.00,0,0
1508083092,eth0,0.00,0.00,0.00,0,0,0.00,0.00,0.00,0,0,0.00,0.00,0,0
1508083092,eth1,0.00,0.00,0.00,0,0,0.00,0.00,0.00,0,0,0.00,0.00,0,0
1508083092,s1-eth2,6724.00,258684.00,265408.00,258684,6724,98.00,102.00,200.00,102,98,0.00,0.00,0,0
1508083092,s1-eth1,243874.00,6724.00,250598.00,6724,243874,97.00,98.00,195.00,98,97,0.00,0.00,0,0
1508083092,lo,0.00,0.00,0.00,0,0,0.00,0.00,0.00,0,0,0.00,0.00,0,0
1508083092,s4,0.00,0.00,0.00,0,0,0.00,0.00,0.00,0,0,0.00,0.00,0,0
1508083092,total,250598.00,265408.00,516006.00,265408,250598,195.00,200.00,395.00,200,195,0.00,0.00,0,0
1508083093,s5,0.00,0.00,0.00,0,0,0.00,0.00,0.00,0,0,0.00,0.00,0,0
1508083093,s1,0.00,0.00,0.00,0,0,0.00,0.00,0.00,0,0,0.00,0.00,0,0
1508083093,eth0,0.00,0.00,0.00,0,0,0.00,0.00,0.00,0,0,0.00,0.00,0,0
1508083093,eth1,0.00,0.00,0.00,0,0,0.00,0.00,0.00,0,0,0.00,0.00,0,0
1508083093,s1-eth2,6372.00,255524.00,261896.00,255524,6372,94.00,98.00,192.00,98,94,0.00,0.00,0,0
1508083093,s1-eth1,246638.00,6372.00,253010.00,6372,246638,95.00,94.00,189.00,94,95,0.00,0.00,0,0
1508083093,lo,0.00,0.00,0.00,0,0,0.00,0.00,0.00,0,0,0.00,0.00,0,0
1508083093,s4,0.00,0.00,0.00,0,0,0.00,0.00,0.00,0,0,0.00,0.00,0,0
1508083093,total,253010.00,261896.00,514906.00,261896,253010,189.00,192.00,381.00,192,189,0.00,0.00,0,0
1508083094,s5,0.00,0.00,0.00,0,0,0.00,0.00,0.00,0,0,0.00,0.00,0,0
1508083094,s1,0.00,0.00,0.00,0,0,0.00,0.00,0.00,0,0,0.00,0.00,0,0
1508083094,eth0,0.00,0.00,0.00,0,0,0.00,0.00,0.00,0,0,0.00,0.00,0,0
1508083094,eth1,0.00,0.00,0.00,0,0,0.00,0.00,0.00,0,0,0.00,0.00,0,0
1508083094,s1-eth2,5442.56,251650.36,257092.92,251902,5448,81.92,86.91,168.83,87,82,0.00,0.00,0,0
1508083094,s1-eth1,245732.28,5442.56,251174.83,5448,245978,84.92,81.92,166.83,82,85,0.00,0.00,0,0
1508083094,lo,0.00,0.00,0.00,0,0,0.00,0.00,0.00,0,0,0.00,0.00,0,0
1508083094,s4,0.00,0.00,0.00,0,0,0.00,0.00,0.00,0,0,0.00,0.00,0,0
1508083094,total,251174.83,257092.92,508267.75,257350,251426,166.83,168.83,335.66,169,167,0.00,0.00,0,0
1508083095,s5,0.00,0.00,0.00,0,0,0.00,0.00,0.00,0,0,0.00,0.00,0,0
1508083095,s1,0.00,0.00,0.00,0,0,0.00,0.00,0.00,0,0,0.00,0.00,0,0
1508083095,eth0,0.00,0.00,0.00,0,0,0.00,0.00,0.00,0,0,0.00,0.00,0,0
1508083095,eth1,0.00,0.00,0.00,0,0,0.00,0.00,0.00,0,0,0.00,0.00,0,0
1508083095,s1-eth2,5688.00,253812.00,259500.00,253812,5688,84.00,94.00,178.00,94,84,0.00,0.00,0,0
1508083095,s1-eth1,243412.00,5688.00,249100.00,5688,243412,90.00,84.00,174.00,84,90,0.00,0.00,0,0
1508083095,lo,172.00,172.00,344.00,172,172,3.00,3.00,6.00,3,3,0.00,0.00,0,0
1508083095,s4,0.00,0.00,0.00,0,0,0.00,0.00,0.00,0,0,0.00,0.00,0,0
1508083095,total,249272.00,259672.00,508944.00,259672,249272,177.00,181.00,358.00,181,177,0.00,0.00,0,0
1508083096,s5,0.00,0.00,0.00,0,0,0.00,0.00,0.00,0,0,0.00,0.00,0,0
1508083096,s1,0.00,0.00,0.00,0,0,0.00,0.00,0.00,0,0,0.00,0.00,0,0
1508083096,eth0,0.00,0.00,0.00,0,0,0.00,0.00,0.00,0,0,0.00,0.00,0,0
1508083096,eth1,0.00,0.00,0.00,0,0,0.00,0.00,0.00,0,0,0.00,0.00,0,0
1508083096,s1-eth2,6245.75,249218.78,255464.55,249468,6252,91.91,93.91,185.81,94,92,0.00,0.00,0,0
1508083096,s1-eth1,246259.75,6245.75,252505.50,6252,246506,92.91,91.91,184.82,92,93,0.00,0.00,0,0
1508083096,lo,343.66,343.66,687.31,344,344,5.99,5.99,11.99,6,6,0.00,0.00,0,0
1508083096,s4,0.00,0.00,0.00,0,0,0.00,0.00,0.00,0,0,0.00,0.00,0,0
1508083096,total,252849.16,255808.20,508657.34,256064,253102,190.81,191.81,382.62,192,191,0.00,0.00,0,0
1508083097,s5,0.00,0.00,0.00,0,0,0.00,0.00,0.00,0,0,0.00,0.00,0,0
1508083097,s1,0.00,0.00,0.00,0,0,0.00,0.00,0.00,0,0,0.00,0.00,0,0
1508083097,eth0,0.00,0.00,0.00,0,0,0.00,0.00,0.00,0,0,0.00,0.00,0,0
1508083097,eth1,0.00,0.00,0.00,0,0,0.00,0.00,0.00,0,0,0.00,0.00,0,0
1508083097,s1-eth2,5526.00,257892.00,263418.00,257892,5526,83.00,90.00,173.00,90,83,0.00,0.00,0,0
1508083097,s1-eth1,243082.00,5526.00,248608.00,5526,243082,85.00,83.00,168.00,83,85,0.00,0.00,0,0
1508083097,lo,0.00,0.00,0.00,0,0,0.00,0.00,0.00,0,0,0.00,0.00,0,0
1508083097,s4,0.00,0.00,0.00,0,0,0.00,0.00,0.00,0,0,0.00,0.00,0,0
1508083097,total,248608.00,263418.00,512026.00,263418,248608,168.00,173.00,341.00,173,168,0.00,0.00,0,0
1508083098,s5,0.00,0.00,0.00,0,0,0.00,0.00,0.00,0,0,0.00,0.00,0,0
1508083098,s1,0.00,0.00,0.00,0,0,0.00,0.00,0.00,0,0,0.00,0.00,0,0
1508083098,eth0,0.00,0.00,0.00,0,0,0.00,0.00,0.00,0,0,0.00,0.00,0,0
1508083098,eth1,0.00,0.00,0.00,0,0,0.00,0.00,0.00,0,0,0.00,0.00,0,0
1508083098,s1-eth2,6024.00,246572.00,252596.00,246572,6024,88.00,94.00,182.00,94,88,0.00,0.00,0,0
1508083098,s1-eth1,246848.00,6024.00,252872.00,6024,246848,94.00,88.00,182.00,88,94,0.00,0.00,0,0
1508083098,lo,0.00,0.00,0.00,0,0,0.00,0.00,0.00,0,0,0.00,0.00,0,0
1508083098,s4,0.00,0.00,0.00,0,0,0.00,0.00,0.00,0,0,0.00,0.00,0,0
1508083098,total,252872.00,252596.00,505468.00,252596,252872,182.00,182.00,364.00,182,182,0.00,0.00,0,0
1508083099,s5,0.00,0.00,0.00,0,0,0.00,0.00,0.00,0,0,0.00,0.00,0,0
1508083099,s1,0.00,0.00,0.00,0,0,0.00,0.00,0.00,0,0,0.00,0.00,0,0
1508083099,eth0,0.00,0.00,0.00,0,0,0.00,0.00,0.00,0,0,0.00,0.00,0,0
1508083099,eth1,0.00,0.00,0.00,0,0,0.00,0.00,0.00,0,0,0.00,0.00,0,0
1508083099,s1-eth2,5694.00,254996.00,260690.00,254996,5694,85.00,90.00,175.00,90,85,0.00,0.00,0,0
1508083099,s1-eth1,243148.00,5694.00,248842.00,5694,243148,86.00,85.00,171.00,85,86,0.00,0.00,0,0
1508083099,lo,0.00,0.00,0.00,0,0,0.00,0.00,0.00,0,0,0.00,0.00,0,0
1508083099,s4,0.00,0.00,0.00,0,0,0.00,0.00,0.00,0,0,0.00,0.00,0,0
1508083099,total,248842.00,260690.00,509532.00,260690,248842,171.00,175.00,346.00,175,171,0.00,0.00,0,0
1508083100,s5,0.00,0.00,0.00,0,0,0.00,0.00,0.00,0,0,0.00,0.00,0,0
1508083100,s1,0.00,0.00,0.00,0,0,0.00,0.00,0.00,0,0,0.00,0.00,0,0
1508083100,eth0,0.00,0.00,0.00,0,0,0.00,0.00,0.00,0,0,0.00,0.00,0,0
1508083100,eth1,0.00,0.00,0.00,0,0,0.00,0.00,0.00,0,0,0.00,0.00,0,0
1508083100,s1-eth2,5526.00,253416.00,258942.00,253416,5526,83.00,88.00,171.00,88,83,0.00,0.00,0,0
1508083100,s1-eth1,246044.00,5592.00,251636.00,5592,246044,86.00,84.00,170.00,84,86,0.00,0.00,0,0
1508083100,lo,172.00,172.00,344.00,172,172,3.00,3.00,6.00,3,3,0.00,0.00,0,0
1508083100,s4,0.00,0.00,0.00,0,0,0.00,0.00,0.00,0,0,0.00,0.00,0,0
1508083100,total,251742.00,259180.00,510922.00,259180,251742,172.00,175.00,347.00,175,172,0.00,0.00,0,0
1508083101,s5,0.00,0.00,0.00,0,0,0.00,0.00,0.00,0,0,0.00,0.00,0,0
1508083101,s1,0.00,0.00,0.00,0,0,0.00,0.00,0.00,0,0,0.00,0.00,0,0
1508083101,eth0,0.00,0.00,0.00,0,0,0.00,0.00,0.00,0,0,0.00,0.00,0,0
1508083101,eth1,0.00,0.00,0.00,0,0,0.00,0.00,0.00,0,0,0.00,0.00,0,0
1508083101,s1-eth2,6048.00,249402.00,255450.00,249402,6048,90.00,93.00,183.00,93,90,0.00,0.00,0,0
1508083101,s1-eth1,246440.00,5982.00,252422.00,5982,246440,92.00,89.00,181.00,89,92,0.00,0.00,0,0
1508083101,lo,344.00,344.00,688.00,344,344,6.00,6.00,12.00,6,6,0.00,0.00,0,0
1508083101,s4,0.00,0.00,0.00,0,0,0.00,0.00,0.00,0,0,0.00,0.00,0,0
1508083101,total,252832.00,255728.00,508560.00,255728,252832,188.00,188.00,376.00,188,188,0.00,0.00,0,0
1508083102,s5,0.00,0.00,0.00,0,0,0.00,0.00,0.00,0,0,0.00,0.00,0,0
1508083102,s1,0.00,0.00,0.00,0,0,0.00,0.00,0.00,0,0,0.00,0.00,0,0
1508083102,eth0,0.00,0.00,0.00,0,0,0.00,0.00,0.00,0,0,0.00,0.00,0,0
1508083102,eth1,0.00,0.00,0.00,0,0,0.00,0.00,0.00,0,0,0.00,0.00,0,0
1508083102,s1-eth2,5484.00,254996.00,260480.00,254996,5484,82.00,90.00,172.00,90,82,0.00,0.00,0,0
1508083102,s1-eth1,243148.00,5484.00,248632.00,5484,243148,86.00,82.00,168.00,82,86,0.00,0.00,0,0
1508083102,lo,0.00,0.00,0.00,0,0,0.00,0.00,0.00,0,0,0.00,0.00,0,0
1508083102,s4,0.00,0.00,0.00,0,0,0.00,0.00,0.00,0,0,0.00,0.00,0,0
1508083102,total,248632.00,260480.00,509112.00,260480,248632,168.00,172.00,340.00,172,168,0.00,0.00,0,0
1508083103,s5,0.00,0.00,0.00,0,0,0.00,0.00,0.00,0,0,0.00,0.00,0,0
1508083103,s1,0.00,0.00,0.00,0,0,0.00,0.00,0.00,0,0,0.00,0.00,0,0
1508083103,eth0,304.00,490.00,794.00,490,304,4.00,4.00,8.00,4,4,0.00,0.00,0,0
1508083103,eth1,0.00,0.00,0.00,0,0,0.00,0.00,0.00,0,0,0.00,0.00,0,0
1508083103,s1-eth2,6682.00,246506.00,253188.00,246506,6682,93.00,93.00,186.00,93,93,0.00,0.00,0,0
1508083103,s1-eth1,247036.00,6120.00,253156.00,6120,247036,96.00,90.00,186.00,90,96,0.00,0.00,0,0
1508083103,lo,682.00,682.00,1364.00,682,682,8.00,8.00,16.00,8,8,0.00,0.00,0,0
1508083103,s4,0.00,0.00,0.00,0,0,0.00,0.00,0.00,0,0,0.00,0.00,0,0
1508083103,total,254704.00,253798.00,508502.00,253798,254704,201.00,195.00,396.00,195,201,0.00,0.00,0,0
1508083104,s5,0.00,0.00,0.00,0,0,0.00,0.00,0.00,0,0,0.00,0.00,0,0
1508083104,s1,0.00,0.00,0.00,0,0,0.00,0.00,0.00,0,0,0.00,0.00,0,0
1508083104,eth0,304.00,490.00,794.00,490,304,4.00,4.00,8.00,4,4,0.00,0.00,0,0
1508083104,eth1,0.00,0.00,0.00,0,0,0.00,0.00,0.00,0,0,0.00,0.00,0,0
1508083104,s1-eth2,5904.00,255236.00,261140.00,255236,5904,88.00,94.00,182.00,94,88,0.00,0.00,0,0
1508083104,s1-eth1,244024.00,5892.00,249916.00,5892,244024,94.00,88.00,182.00,88,94,0.00,0.00,0,0
1508083104,lo,978.00,978.00,1956.00,978,978,11.00,11.00,22.00,11,11,0.00,0.00,0,0
1508083104,s4,0.00,0.00,0.00,0,0,0.00,0.00,0.00,0,0,0.00,0.00,0,0
1508083104,total,251210.00,262596.00,513806.00,262596,251210,197.00,197.00,394.00,197,197,0.00,0.00,0,0
1508083105,s5,0.00,0.00,0.00,0,0,0.00,0.00,0.00,0,0,0.00,0.00,0,0
1508083105,s1,0.00,0.00,0.00,0,0,0.00,0.00,0.00,0,0,0.00,0.00,0,0
1508083105,eth0,152.00,0.00,152.00,0,152,2.00,0.00,2.00,0,2,0.00,0.00,0,0
1508083105,eth1,0.00,0.00,0.00,0,0,0.00,0.00,0.00,0,0,0.00,0.00,0,0
1508083105,s1-eth2,7104.00,249072.00,256176.00,249072,7104,94.00,88.00,182.00,88,94,0.00,0.00,0,0
1508083105,s1-eth1,244549.00,5604.00,250153.00,5604,244549,92.00,84.00,176.00,84,92,0.00,0.00,0,0
1508083105,lo,124.00,124.00,248.00,124,124,2.00,2.00,4.00,2,2,0.00,0.00,0,0
1508083105,s4,0.00,0.00,0.00,0,0,0.00,0.00,0.00,0,0,0.00,0.00,0,0
1508083105,total,251929.00,254800.00,506729.00,254800,251929,190.00,174.00,364.00,174,190,0.00,0.00,0,0
1508083106,s5,0.00,0.00,0.00,0,0,0.00,0.00,0.00,0,0,0.00,0.00,0,0
1508083106,s1,0.00,0.00,0.00,0,0,0.00,0.00,0.00,0,0,0.00,0.00,0,0
1508083106,eth0,0.00,0.00,0.00,0,0,0.00,0.00,0.00,0,0,0.00,0.00,0,0
1508083106,eth1,0.00,0.00,0.00,0,0,0.00,0.00,0.00,0,0,0.00,0.00,0,0
1508083106,s1-eth2,7830.17,249614.39,257444.56,249864,7838,97.90,99.90,197.80,100,98,0.00,0.00,0,0
1508083106,s1-eth1,246012.00,6443.56,252455.55,6450,246258,99.90,92.91,192.81,93,100,0.00,0.00,0,0
1508083106,lo,343.66,343.66,687.31,344,344,5.99,5.99,11.99,6,6,0.00,0.00,0,0
1508083106,s4,0.00,0.00,0.00,0,0,0.00,0.00,0.00,0,0,0.00,0.00,0,0
1508083106,total,254185.83,256401.61,510587.44,256658,254440,203.80,198.80,402.60,199,204,0.00,0.00,0,0
1508083107,s5,0.00,0.00,0.00,0,0,0.00,0.00,0.00,0,0,0.00,0.00,0,0
1508083107,s1,0.00,0.00,0.00,0,0,0.00,0.00,0.00,0,0,0.00,0.00,0,0
1508083107,eth0,0.00,0.00,0.00,0,0,0.00,0.00,0.00,0,0,0.00,0.00,0,0
1508083107,eth1,0.00,0.00,0.00,0,0,0.00,0.00,0.00,0,0,0.00,0.00,0,0
1508083107,s1-eth2,5379.00,201024.00,206403.00,201024,5379,75.00,84.00,159.00,84,75,0.00,0.00,0,0
1508083107,s1-eth1,184741.00,5052.00,189793.00,5052,184741,78.00,74.00,152.00,74,78,0.00,0.00,0,0
1508083107,lo,0.00,0.00,0.00,0,0,0.00,0.00,0.00,0,0,0.00,0.00,0,0
1508083107,s4,0.00,0.00,0.00,0,0,0.00,0.00,0.00,0,0,0.00,0.00,0,0
1508083107,total,190120.00,206076.00,396196.00,206076,190120,153.00,158.00,311.00,158,153,0.00,0.00,0,0
1508083108,s5,0.00,0.00,0.00,0,0,0.00,0.00,0.00,0,0,0.00,0.00,0,0
1508083108,s1,0.00,0.00,0.00,0,0,0.00,0.00,0.00,0,0,0.00,0.00,0,0
1508083108,eth0,60.00,60.00,120.00,60,60,1.00,1.00,2.00,1,1,0.00,0.00,0,0
1508083108,eth1,0.00,0.00,0.00,0,0,0.00,0.00,0.00,0,0,0.00,0.00,0,0
1508083108,s1-eth2,6335.00,255392.00,261727.00,255392,6335,93.00,96.00,189.00,96,93,0.00,0.00,0,0
1508083108,s1-eth1,245395.00,6228.00,251623.00,6228,245395,95.00,92.00,187.00,92,95,0.00,0.00,0,0
1508083108,lo,172.00,172.00,344.00,172,172,3.00,3.00,6.00,3,3,0.00,0.00,0,0
1508083108,s4,0.00,0.00,0.00,0,0,0.00,0.00,0.00,0,0,0.00,0.00,0,0
1508083108,total,251962.00,261852.00,513814.00,261852,251962,192.00,192.00,384.00,192,192,0.00,0.00,0,0
1508083109,s5,0.00,0.00,0.00,0,0,0.00,0.00,0.00,0,0,0.00,0.00,0,0
1508083109,s1,0.00,0.00,0.00,0,0,0.00,0.00,0.00,0,0,0.00,0.00,0,0
1508083109,eth0,0.00,0.00,0.00,0,0,0.00,0.00,0.00,0,0,0.00,0.00,0,0
1508083109,eth1,0.00,0.00,0.00,0,0,0.00,0.00,0.00,0,0,0.00,0.00,0,0
1508083109,s1-eth2,6148.00,254996.00,261144.00,254996,6148,85.00,90.00,175.00,90,85,0.00,0.00,0,0
1508083109,s1-eth1,246437.00,5484.00,251921.00,5484,246437,88.00,82.00,170.00,82,88,0.00,0.00,0,0
1508083109,lo,0.00,0.00,0.00,0,0,0.00,0.00,0.00,0,0,0.00,0.00,0,0
1508083109,s4,0.00,0.00,0.00,0,0,0.00,0.00,0.00,0,0,0.00,0.00,0,0
1508083109,total,252585.00,260480.00,513065.00,260480,252585,173.00,172.00,345.00,172,173,0.00,0.00,0,0
1508083110,s5,0.00,0.00,0.00,0,0,0.00,0.00,0.00,0,0,0.00,0.00,0,0
1508083110,s1,0.00,0.00,0.00,0,0,0.00,0.00,0.00,0,0,0.00,0.00,0,0
1508083110,eth0,304.00,490.00,794.00,490,304,4.00,4.00,8.00,4,4,0.00,0.00,0,0
1508083110,eth1,0.00,0.00,0.00,0,0,0.00,0.00,0.00,0,0,0.00,0.00,0,0
1508083110,s1-eth2,5130.00,249006.00,254136.00,249006,5130,77.00,87.00,164.00,87,77,0.00,0.00,0,0
1508083110,s1-eth1,243082.00,5130.00,248212.00,5130,243082,85.00,77.00,162.00,77,85,0.00,0.00,0,0
1508083110,lo,682.00,682.00,1364.00,682,682,8.00,8.00,16.00,8,8,0.00,0.00,0,0
1508083110,s4,0.00,0.00,0.00,0,0,0.00,0.00,0.00,0,0,0.00,0.00,0,0
1508083110,total,249198.00,255308.00,504506.00,255308,249198,174.00,176.00,350.00,176,174,0.00,0.00,0,0
1508083111,s5,0.00,0.00,0.00,0,0,0.00,0.00,0.00,0,0,0.00,0.00,0,0
1508083111,s1,0.00,0.00,0.00,0,0,0.00,0.00,0.00,0,0,0.00,0.00,0,0
1508083111,eth0,0.00,0.00,0.00,0,0,0.00,0.00,0.00,0,0,0.00,0.00,0,0
1508083111,eth1,0.00,0.00,0.00,0,0,0.00,0.00,0.00,0,0,0.00,0.00,0,0
1508083111,s1-eth2,5874.13,251782.22,257656.34,252034,5880,83.92,88.91,172.83,89,84,0.00,0.00,0,0
1508083111,s1-eth1,245971.03,5532.47,251503.50,5538,246217,87.91,82.92,170.83,83,88,0.00,0.00,0,0
1508083111,lo,343.66,343.66,687.31,344,344,5.99,5.99,11.99,6,6,0.00,0.00,0,0
1508083111,s4,0.00,0.00,0.00,0,0,0.00,0.00,0.00,0,0,0.00,0.00,0,0
1508083111,total,252188.81,257658.34,509847.16,257916,252441,177.82,177.82,355.64,178,178,0.00,0.00,0,0
1508083112,s5,0.00,0.00,0.00,0,0,0.00,0.00,0.00,0,0,0.00,0.00,0,0
1508083112,s1,0.00,0.00,0.00,0,0,0.00,0.00,0.00,0,0,0.00,0.00,0,0
1508083112,eth0,0.00,0.00,0.00,0,0,0.00,0.00,0.00,0,0,0.00,0.00,0,0
1508083112,eth1,0.00,0.00,0.00,0,0,0.00,0.00,0.00,0,0,0.00,0.00,0,0
1508083112,s1-eth2,6387.00,252562.00,258949.00,252562,6387,93.00,97.00,190.00,97,93,0.00,0.00,0,0
1508083112,s1-eth1,243746.00,6280.00,250026.00,6280,243746,95.00,92.00,187.00,92,95,0.00,0.00,0,0
1508083112,lo,0.00,0.00,0.00,0,0,0.00,0.00,0.00,0,0,0.00,0.00,0,0
1508083112,s4,0.00,0.00,0.00,0,0,0.00,0.00,0.00,0,0,0.00,0.00,0,0
1508083112,total,250133.00,258842.00,508975.00,258842,250133,188.00,189.00,377.00,189,188,0.00,0.00,0,0
1508083113,s5,0.00,0.00,0.00,0,0,0.00,0.00,0.00,0,0,0.00,0.00,0,0
1508083113,s1,0.00,0.00,0.00,0,0,0.00,0.00,0.00,0,0,0.00,0.00,0,0
1508083113,eth0,0.00,0.00,0.00,0,0,0.00,0.00,0.00,0,0,0.00,0.00,0,0
1508083113,eth1,0.00,0.00,0.00,0,0,0.00,0.00,0.00,0,0,0.00,0.00,0,0
1508083113,s1-eth2,5590.00,252100.00,257690.00,252100,5590,83.00,90.00,173.00,90,83,0.00,0.00,0,0
1508083113,s1-eth1,246518.00,5520.00,252038.00,5520,246518,89.00,82.00,171.00,82,89,0.00,0.00,0,0
1508083113,lo,172.00,172.00,344.00,172,172,3.00,3.00,6.00,3,3,0.00,0.00,0,0
1508083113,s4,0.00,0.00,0.00,0,0,0.00,0.00,0.00,0,0,0.00,0.00,0,0
1508083113,total,252280.00,257792.00,510072.00,257792,252280,175.00,175.00,350.00,175,175,0.00,0.00,0,0
1508083114,s5,0.00,0.00,0.00,0,0,0.00,0.00,0.00,0,0,0.00,0.00,0,0
1508083114,s1,0.00,0.00,0.00,0,0,0.00,0.00,0.00,0,0,0.00,0.00,0,0
1508083114,eth0,0.00,0.00,0.00,0,0,0.00,0.00,0.00,0,0,0.00,0.00,0,0
1508083114,eth1,0.00,0.00,0.00,0,0,0.00,0.00,0.00,0,0,0.00,0.00,0,0
1508083114,s1-eth2,5148.00,251770.00,256918.00,251770,5148,78.00,85.00,163.00,85,78,0.00,0.00,0,0
1508083114,s1-eth1,245846.00,5148.00,250994.00,5148,245846,83.00,78.00,161.00,78,83,0.00,0.00,0,0
1508083114,lo,0.00,0.00,0.00,0,0,0.00,0.00,0.00,0,0,0.00,0.00,0,0
1508083114,s4,0.00,0.00,0.00,0,0,0.00,0.00,0.00,0,0,0.00,0.00,0,0
1508083114,total,250994.00,256918.00,507912.00,256918,250994,161.00,163.00,324.00,163,161,0.00,0.00,0,0
1508083115,s5,0.00,0.00,0.00,0,0,0.00,0.00,0.00,0,0,0.00,0.00,0,0
1508083115,s1,0.00,0.00,0.00,0,0,0.00,0.00,0.00,0,0,0.00,0.00,0,0
1508083115,eth0,0.00,0.00,0.00,0,0,0.00,0.00,0.00,0,0,0.00,0.00,0,0
1508083115,eth1,0.00,0.00,0.00,0,0,0.00,0.00,0.00,0,0,0.00,0.00,0,0
1508083115,s1-eth2,5976.00,245058.00,251034.00,245058,5976,88.00,93.00,181.00,93,88,0.00,0.00,0,0
1508083115,s1-eth1,243346.00,5976.00,249322.00,5976,243346,89.00,88.00,177.00,88,89,0.00,0.00,0,0
1508083115,lo,0.00,0.00,0.00,0,0,0.00,0.00,0.00,0,0,0.00,0.00,0,0
1508083115,s4,0.00,0.00,0.00,0,0,0.00,0.00,0.00,0,0,0.00,0.00,0,0
1508083115,total,249322.00,251034.00,500356.00,251034,249322,177.00,181.00,358.00,181,177,0.00,0.00,0,0
1508083116,s5,0.00,0.00,0.00,0,0,0.00,0.00,0.00,0,0,0.00,0.00,0,0
1508083116,s1,0.00,0.00,0.00,0,0,0.00,0.00,0.00,0,0,0.00,0.00,0,0
1508083116,eth0,0.00,0.00,0.00,0,0,0.00,0.00,0.00,0,0,0.00,0.00,0,0
1508083116,eth1,0.00,0.00,0.00,0,0,0.00,0.00,0.00,0,0,0.00,0.00,0,0
1508083116,s1-eth2,7234.77,261516.48,268751.25,261778,7242,100.90,104.90,205.79,105,101,0.00,0.00,0,0
1508083116,s1-eth1,245406.59,6893.11,252299.70,6900,245652,101.90,99.90,201.80,100,102,0.00,0.00,0,0
1508083116,lo,343.66,343.66,687.31,344,344,5.99,5.99,11.99,6,6,0.00,0.00,0,0
1508083116,s4,0.00,0.00,0.00,0,0,0.00,0.00,0.00,0,0,0.00,0.00,0,0
1508083116,total,252985.02,268753.25,521738.28,269022,253238,208.79,210.79,419.58,211,209,0.00,0.00,0,0
1508083117,s5,0.00,0.00,0.00,0,0,0.00,0.00,0.00,0,0,0.00,0.00,0,0
1508083117,s1,0.00,0.00,0.00,0,0,0.00,0.00,0.00,0,0,0.00,0.00,0,0
1508083117,eth0,0.00,0.00,0.00,0,0,0.00,0.00,0.00,0,0,0.00,0.00,0,0
1508083117,eth1,0.00,0.00,0.00,0,0,0.00,0.00,0.00,0,0,0.00,0.00,0,0
1508083117,s1-eth2,4638.00,188756.00,193394.00,188756,4638,69.00,70.00,139.00,70,69,0.00,0.00,0,0
1508083117,s1-eth1,187308.00,4638.00,191946.00,4638,187308,70.00,69.00,139.00,69,70,0.00,0.00,0,0
1508083117,lo,0.00,0.00,0.00,0,0,0.00,0.00,0.00,0,0,0.00,0.00,0,0
1508083117,s4,0.00,0.00,0.00,0,0,0.00,0.00,0.00,0,0,0.00,0.00,0,0
1508083117,total,191946.00,193394.00,385340.00,193394,191946,139.00,139.00,278.00,139,139,0.00,0.00,0,0
1508083118,s5,0.00,0.00,0.00,0,0,0.00,0.00,0.00,0,0,0.00,0.00,0,0
1508083118,s1,0.00,0.00,0.00,0,0,0.00,0.00,0.00,0,0,0.00,0.00,0,0
1508083118,eth0,0.00,0.00,0.00,0,0,0.00,0.00,0.00,0,0,0.00,0.00,0,0
1508083118,eth1,0.00,0.00,0.00,0,0,0.00,0.00,0.00,0,0,0.00,0.00,0,0
1508083118,s1-eth2,0.00,0.00,0.00,0,0,0.00,0.00,0.00,0,0,0.00,0.00,0,0
1508083118,s1-eth1,0.00,0.00,0.00,0,0,0.00,0.00,0.00,0,0,0.00,0.00,0,0
1508083118,lo,171.83,171.83,343.66,172,172,3.00,3.00,5.99,3,3,0.00,0.00,0,0
1508083118,s4,0.00,0.00,0.00,0,0,0.00,0.00,0.00,0,0,0.00,0.00,0,0
1508083118,total,171.83,171.83,343.66,172,172,3.00,3.00,5.99,3,3,0.00,0.00,0,0
1508083119,s5,0.00,0.00,0.00,0,0,0.00,0.00,0.00,0,0,0.00,0.00,0,0
1508083119,s1,0.00,0.00,0.00,0,0,0.00,0.00,0.00,0,0,0.00,0.00,0,0
1508083119,eth0,0.00,0.00,0.00,0,0,0.00,0.00,0.00,0,0,0.00,0.00,0,0
1508083119,eth1,0.00,0.00,0.00,0,0,0.00,0.00,0.00,0,0,0.00,0.00,0,0
1508083119,s1-eth2,0.00,0.00,0.00,0,0,0.00,0.00,0.00,0,0,0.00,0.00,0,0
1508083119,s1-eth1,107.00,0.00,107.00,0,107,1.00,0.00,1.00,0,1,0.00,0.00,0,0
1508083119,lo,0.00,0.00,0.00,0,0,0.00,0.00,0.00,0,0,0.00,0.00,0,0
1508083119,s4,0.00,0.00,0.00,0,0,0.00,0.00,0.00,0,0,0.00,0.00,0,0
1508083119,total,107.00,0.00,107.00,0,107,1.00,0.00,1.00,0,1,0.00,0.00,0,0
1508083120,s5,0.00,0.00