1508082769,s5,0.00,0.00,0.00,0,0,0.00,0.00,0.00,0,0,0.00,0.00,0,0
1508082769,s1,0.00,0.00,0.00,0,0,0.00,0.00,0.00,0,0,0.00,0.00,0,0
1508082769,eth0,0.00,0.00,0.00,0,0,0.00,0.00,0.00,0,0,0.00,0.00,0,0
1508082769,eth1,0.00,0.00,0.00,0,0,0.00,0.00,0.00,0,0,0.00,0.00,0,0
1508082769,s2,0.00,0.00,0.00,0,0,0.00,0.00,0.00,0,0,0.00,0.00,0,0
1508082769,s1-eth2,0.00,0.00,0.00,0,0,0.00,0.00,0.00,0,0,0.00,0.00,0,0
1508082769,s1-eth1,0.00,0.00,0.00,0,0,0.00,0.00,0.00,0,0,0.00,0.00,0,0
1508082769,s2-eth2,0.00,0.00,0.00,0,0,0.00,0.00,0.00,0,0,0.00,0.00,0,0
1508082769,s2-eth1,0.00,0.00,0.00,0,0,0.00,0.00,0.00,0,0,0.00,0.00,0,0
1508082769,lo,0.00,0.00,0.00,0,0,0.00,0.00,0.00,0,0,0.00,0.00,0,0
1508082769,s4,0.00,0.00,0.00,0,0,0.00,0.00,0.00,0,0,0.00,0.00,0,0
1508082769,total,0.00,0.00,0.00,0,0,0.00,0.00,0.00,0,0,0.00,0.00,0,0
1508082770,s5,0.00,0.00,0.00,0,0,0.00,0.00,0.00,0,0,0.00,0.00,0,0
1508082770,s1,0.00,42.00,42.00,42,0,0.00,1.00,1.00,1,0,0.00,0.00,0,0
1508082770,eth0,0.00,0.00,0.00,0,0,0.00,0.00,0.00,0,0,0.00,0.00,0,0
1508082770,eth1,0.00,0.00,0.00,0,0,0.00,0.00,0.00,0,0,0.00,0.00,0,0
1508082770,s2,0.00,84.00,84.00,84,0,0.00,2.00,2.00,2,0,0.00,0.00,0,0
1508082770,s1-eth2,12838.00,260822.00,273660.00,260822,12838,153.00,177.00,330.00,177,153,0.00,0.00,0,0
1508082770,s1-eth1,236598.00,12838.00,249436.00,12838,236598,161.00,153.00,314.00,153,161,0.00,0.00,0,0
1508082770,s2-eth2,42.00,170.00,212.00,170,42,1.00,3.00,4.00,3,1,0.00,0.00,0,0
1508082770,s2-eth1,170.00,42.00,212.00,42,170,3.00,1.00,4.00,1,3,0.00,0.00,0,0
1508082770,lo,1696.00,1696.00,3392.00,1696,1696,18.00,18.00,36.00,18,18,0.00,0.00,0,0
1508082770,s4,0.00,0.00,0.00,0,0,0.00,0.00,0.00,0,0,0.00,0.00,0,0
1508082770,total,251344.00,275694.00,527038.00,275694,251344,336.00,355.00,691.00,355,336,0.00,0.00,0,0
1508082771,s5,0.00,0.00,0.00,0,0,0.00,0.00,0.00,0,0,0.00,0.00,0,0
1508082771,s1,0.00,42.00,42.00,42,0,0.00,1.00,1.00,1,0,0.00,0.00,0,0
1508082771,eth0,0.00,0.00,0.00,0,0,0.00,0.00,0.00,0,0,0.00,0.00,0,0
1508082771,eth1,0.00,0.00,0.00,0,0,0.00,0.00,0.00,0,0,0.00,0.00,0,0
1508082771,s2,0.00,42.00,42.00,42,0,0.00,1.00,1.00,1,0,0.00,0.00,0,0
1508082771,s1-eth2,12360.00,255908.00,268268.00,255908,12360,160.00,170.00,330.00,170,160,0.00,0.00,0,0
1508082771,s1-eth1,249852.00,12360.00,262212.00,12360,249852,166.00,160.00,326.00,160,166,0.00,0.00,0,0
1508082771,s2-eth2,3198.00,177356.00,180554.00,177356,3198,43.00,120.00,163.00,120,43,0.00,0.00,0,0
1508082771,s2-eth1,109226.00,3198.00,112424.00,3198,109226,75.00,43.00,118.00,43,75,0.00,0.00,0,0
1508082771,lo,824.00,824.00,1648.00,824,824,9.00,9.00,18.00,9,9,0.00,0.00,0,0
1508082771,s4,0.00,0.00,0.00,0,0,0.00,0.00,0.00,0,0,0.00,0.00,0,0
1508082771,total,375460.00,449730.00,825190.00,449730,375460,453.00,504.00,957.00,504,453,0.00,0.00,0,0
1508082772,s5,0.00,0.00,0.00,0,0,0.00,0.00,0.00,0,0,0.00,0.00,0,0
1508082772,s1,0.00,42.00,42.00,42,0,0.00,1.00,1.00,1,0,0.00,0.00,0,0
1508082772,eth0,0.00,0.00,0.00,0,0,0.00,0.00,0.00,0,0,0.00,0.00,0,0
1508082772,eth1,0.00,0.00,0.00,0,0,0.00,0.00,0.00,0,0,0.00,0.00,0,0
1508082772,s2,0.00,42.00,42.00,42,0,0.00,1.00,1.00,1,0,0.00,0.00,0,0
1508082772,s1-eth2,12032.00,257422.00,269454.00,257422,12032,156.00,171.00,327.00,171,156,0.00,0.00,0,0
1508082772,s1-eth1,249852.00,12032.00,261884.00,12032,249852,166.00,156.00,322.00,156,166,0.00,0.00,0,0
1508082772,s2-eth2,10874.00,221086.00,231960.00,221086,10874,133.00,147.00,280.00,147,133,0.00,0.00,0,0
1508082772,s2-eth1,249852.00,10874.00,260726.00,10874,249852,166.00,133.00,299.00,133,166,0.00,0.00,0,0
1508082772,lo,480.00,480.00,960.00,480,480,6.00,6.00,12.00,6,6,0.00,0.00,0,0
1508082772,s4,0.00,0.00,0.00,0,0,0.00,0.00,0.00,0,0,0.00,0.00,0,0
1508082772,total,523090.00,501978.00,1025068.00,501978,523090,627.00,615.00,1242.00,615,627,0.00,0.00,0,0
1508082773,s5,0.00,0.00,0.00,0,0,0.00,0.00,0.00,0,0,0.00,0.00,0,0
1508082773,s1,0.00,42.00,42.00,42,0,0.00,1.00,1.00,1,0,0.00,0.00,0,0
1508082773,eth0,0.00,0.00,0.00,0,0,0.00,0.00,0.00,0,0,0.00,0.00,0,0
1508082773,eth1,0.00,0.00,0.00,0,0,0.00,0.00,0.00,0,0,0.00,0.00,0,0
1508082773,s2,0.00,42.00,42.00,42,0,0.00,1.00,1.00,1,0,0.00,0.00,0,0
1508082773,s1-eth2,12536.00,260450.00,272986.00,260450,12536,162.00,173.00,335.00,173,162,0.00,0.00,0,0
1508082773,s1-eth1,249852.00,12610.00,262462.00,12610,249852,166.00,163.00,329.00,163,166,0.00,0.00,0,0
1508082773,s2-eth2,12398.00,208974.00,221372.00,208974,12398,149.00,139.00,288.00,139,149,0.00,0.00,0,0
1508082773,s2-eth1,225628.00,12398.00,238026.00,12398,225628,150.00,149.00,299.00,149,150,0.00,0.00,0,0
1508082773,lo,480.00,480.00,960.00,480,480,6.00,6.00,12.00,6,6,0.00,0.00,0,0
1508082773,s4,0.00,0.00,0.00,0,0,0.00,0.00,0.00,0,0,0.00,0.00,0,0
1508082773,total,500894.00,494996.00,995890.00,494996,500894,633.00,632.00,1265.00,632,633,0.00,0.00,0,0
1508082774,s5,0.00,0.00,0.00,0,0,0.00,0.00,0.00,0,0,0.00,0.00,0,0
1508082774,s1,0.00,42.00,42.00,42,0,0.00,1.00,1.00,1,0,0.00,0.00,0,0
1508082774,eth0,0.00,0.00,0.00,0,0,0.00,0.00,0.00,0,0,0.00,0.00,0,0
1508082774,eth1,0.00,0.00,0.00,0,0,0.00,0.00,0.00,0,0,0.00,0.00,0,0
1508082774,s2,0.00,42.00,42.00,42,0,0.00,1.00,1.00,1,0,0.00,0.00,0,0
1508082774,s1-eth2,12112.00,249852.00,261964.00,249852,12112,158.00,166.00,324.00,166,158,0.00,0.00,0,0
1508082774,s1-eth1,251366.00,12112.00,263478.00,12112,251366,167.00,158.00,325.00,158,167,0.00,0.00,0,0
1508082774,s2-eth2,6512.00,196862.00,203374.00,196862,6512,88.00,131.00,219.00,131,88,0.00,0.00,0,0
1508082774,s2-eth1,192320.00,6512.00,198832.00,6512,192320,128.00,88.00,216.00,88,128,0.00,0.00,0,0
1508082774,lo,824.00,824.00,1648.00,824,824,12.00,12.00,24.00,12,12,0.00,0.00,0,0
1508082774,s4,0.00,0.00,0.00,0,0,0.00,0.00,0.00,0,0,0.00,0.00,0,0
1508082774,total,463134.00,466246.00,929380.00,466246,463134,553.00,557.00,1110.00,557,553,0.00,0.00,0,0
1508082775,s5,0.00,0.00,0.00,0,0,0.00,0.00,0.00,0,0,0.00,0.00,0,0
1508082775,s1,0.00,42.00,42.00,42,0,0.00,1.00,1.00,1,0,0.00,0.00,0,0
1508082775,eth0,0.00,0.00,0.00,0,0,0.00,0.00,0.00,0,0,0.00,0.00,0,0
1508082775,eth1,0.00,0.00,0.00,0,0,0.00,0.00,0.00,0,0,0.00,0.00,0,0
1508082775,s2,0.00,42.00,42.00,42,0,0.00,1.00,1.00,1,0,0.00,0.00,0,0
1508082775,s1-eth2,12057.00,252880.00,264937.00,252880,12057,156.00,168.00,324.00,168,156,0.00,0.00,0,0
1508082775,s1-eth1,239254.00,11876.00,251130.00,11876,239254,159.00,154.00,313.00,154,159,0.00,0.00,0,0
1508082775,s2-eth2,7309.00,149928.00,157237.00,149928,7309,90.00,100.00,190.00,100,90,0.00,0.00,0,0
1508082775,s2-eth1,160633.00,7202.00,167835.00,7202,160633,108.00,89.00,197.00,89,108,0.00,0.00,0,0
1508082775,lo,480.00,480.00,960.00,480,480,6.00,6.00,12.00,6,6,0.00,0.00,0,0
1508082775,s4,0.00,0.00,0.00,0,0,0.00,0.00,0.00,0,0,0.00,0.00,0,0
1508082775,total,419733.00,422450.00,842183.00,422450,419733,519.00,519.00,1038.00,519,519,0.00,0.00,0,0
1508082776,s5,0.00,0.00,0.00,0,0,0.00,0.00,0.00,0,0,0.00,0.00,0,0
1508082776,s1,0.00,0.00,0.00,0,0,0.00,0.00,0.00,0,0,0.00,0.00,0,0
1508082776,eth0,0.00,0.00,0.00,0,0,0.00,0.00,0.00,0,0,0.00,0.00,0,0
1508082776,eth1,0.00,0.00,0.00,0,0,0.00,0.00,0.00,0,0,0.00,0.00,0,0
1508082776,s2,0.00,0.00,0.00,0,0,0.00,0.00,0.00,0,0,0.00,0.00,0,0
1508082776,s1-eth2,12414.00,255866.00,268280.00,255866,12414,161.00,169.00,330.00,169,161,0.00,0.00,0,0
1508082776,s1-eth1,246782.00,12414.00,259196.00,12414,246782,163.00,161.00,324.00,161,163,0.00,0.00,0,0
1508082776,s2-eth2,4684.00,95382.00,100066.00,95382,4684,58.00,63.00,121.00,63,58,0.00,0.00,0,0
1508082776,s2-eth1,83270.00,4684.00,87954.00,4684,83270,55.00,58.00,113.00,58,55,0.00,0.00,0,0
1508082776,lo,0.00,0.00,0.00,0,0,0.00,0.00,0.00,0,0,0.00,0.00,0,0
1508082776,s4,0.00,0.00,0.00,0,0,0.00,0.00,0.00,0,0,0.00,0.00,0,0
1508082776,total,347150.00,368346.00,715496.00,368346,347150,437.00,451.00,888.00,451,437,0.00,0.00,0,0
1508082777,s5,0.00,0.00,0.00,0,0,0.00,0.00,0.00,0,0,0.00,0.00,0,0
1508082777,s1,0.00,0.00,0.00,0,0,0.00,0.00,0.00,0,0,0.00,0.00,0,0
1508082777,eth0,0.00,0.00,0.00,0,0,0.00,0.00,0.00,0,0,0.00,0.00,0,0
1508082777,eth1,0.00,0.00,0.00,0,0,0.00,0.00,0.00,0,0,0.00,0.00,0,0
1508082777,s2,0.00,0.00,0.00,0,0,0.00,0.00,0.00,0,0,0.00,0.00,0,0
1508082777,s1-eth2,12202.00,261922.00,274124.00,261922,12202,161.00,173.00,334.00,173,161,0.00,0.00,0,0
1508082777,s1-eth1,249810.00,12202.00,262012.00,12202,249810,165.00,161.00,326.00,161,165,0.00,0.00,0,0
1508082777,s2-eth2,3410.00,72672.00,76082.00,72672,3410,43.00,48.00,91.00,48,43,0.00,0.00,0,0
1508082777,s2-eth1,78728.00,3496.00,82224.00,3496,78728,52.00,44.00,96.00,44,52,0.00,0.00,0,0
1508082777,lo,0.00,0.00,0.00,0,0,0.00,0.00,0.00,0,0,0.00,0.00,0,0
1508082777,s4,0.00,0.00,0.00,0,0,0.00,0.00,0.00,0,0,0.00,0.00,0,0
1508082777,total,344150.00,350292.00,694442.00,350292,344150,421.00,426.00,847.00,426,421,0.00,0.00,0,0
1508082778,s5,0.00,0.00,0.00,0,0,0.00,0.00,0.00,0,0,0.00,0.00,0,0
1508082778,s1,0.00,0.00,0.00,0,0,0.00,0.00,0.00,0,0,0.00,0.00,0,0
1508082778,eth0,0.00,0.00,0.00,0,0,0.00,0.00,0.00,0,0,0.00,0.00,0,0
1508082778,eth1,0.00,0.00,0.00,0,0,0.00,0.00,0.00,0,0,0.00,0.00,0,0
1508082778,s2,0.00,0.00,0.00,0,0,0.00,0.00,0.00,0,0,0.00,0.00,0,0
1508082778,s1-eth2,12764.00,255866.00,268630.00,255866,12764,164.00,169.00,333.00,169,164,0.00,0.00,0,0
1508082778,s1-eth1,249810.00,12764.00,262574.00,12764,249810,165.00,164.00,329.00,164,165,0.00,0.00,0,0
1508082778,s2-eth2,2946.00,80242.00,83188.00,80242,2946,39.00,53.00,92.00,53,39,0.00,0.00,0,0
1508082778,s2-eth1,66616.00,2860.00,69476.00,2860,66616,44.00,38.00,82.00,38,44,0.00,0.00,0,0
1508082778,lo,0.00,0.00,0.00,0,0,0.00,0.00,0.00,0,0,0.00,0.00,0,0
1508082778,s4,0.00,0.00,0.00,0,0,0.00,0.00,0.00,0,0,0.00,0.00,0,0
1508082778,total,332136.00,351732.00,683868.00,351732,332136,412.00,424.00,836.00,424,412,0.00,0.00,0,0
1508082779,s5,0.00,0.00,0.00,0,0,0.00,0.00,0.00,0,0,0.00,0.00,0,0
1508082779,s1,0.00,0.00,0.00,0,0,0.00,0.00,0.00,0,0,0.00,0.00,0,0
1508082779,eth0,0.00,0.00,0.00,0,0,0.00,0.00,0.00,0,0,0.00,0.00,0,0
1508082779,eth1,0.00,0.00,0.00,0,0,0.00,0.00,0.00,0,0,0.00,0.00,0,0
1508082779,s2,0.00,0.00,0.00,0,0,0.00,0.00,0.00,0,0,0.00,0.00,0,0
1508082779,s1-eth2,11944.00,258894.00,270838.00,258894,11944,158.00,171.00,329.00,171,158,0.00,0.00,0,0
1508082779,s1-eth1,249810.00,11944.00,261754.00,11944,249810,165.00,158.00,323.00,158,165,0.00,0.00,0,0
1508082779,s2-eth2,3182.00,92354.00,95536.00,92354,3182,43.00,61.00,104.00,61,43,0.00,0.00,0,0
1508082779,s2-eth1,101438.00,3182.00,104620.00,3182,101438,67.00,43.00,110.00,43,67,0.00,0.00,0,0
1508082779,lo,688.00,688.00,1376.00,688,688,12.00,12.00,24.00,12,12,0.00,0.00,0,0
1508082779,s4,0.00,0.00,0.00,0,0,0.00,0.00,0.00,0,0,0.00,0.00,0,0
1508082779,total,367062.00,367062.00,734124.00,367062,367062,445.00,445.00,890.00,445,445,0.00,0.00,0,0
1508082780,s5,0.00,0.00,0.00,0,0,0.00,0.00,0.00,0,0,0.00,0.00,0,0
1508082780,s1,0.00,0.00,0.00,0,0,0.00,0.00,0.00,0,0,0.00,0.00,0,0
1508082780,eth0,0.00,0.00,0.00,0,0,0.00,0.00,0.00,0,0,0.00,0.00,0,0
1508082780,eth1,0.00,0.00,0.00,0,0,0.00,0.00,0.00,0,0,0.00,0.00,0,0
1508082780,s2,0.00,0.00,0.00,0,0,0.00,0.00,0.00,0,0,0.00,0.00,0,0
1508082780,s1-eth2,12261.74,254097.91,266359.66,254352,12274,160.84,167.83,328.67,168,161,0.00,0.00,0,0
1508082780,s1-eth1,249560.45,12261.74,261822.19,12274,249810,164.84,160.84,325.67,161,165,0.00,0.00,0,0
1508082780,s2-eth2,5438.56,137678.33,143116.89,137816,5444,73.93,91.91,165.83,92,74,0.00,0.00,0,0
1508082780,s2-eth1,122553.45,5438.56,127992.01,5444,122676,81.92,73.93,155.84,74,82,0.00,0.00,0,0
1508082780,lo,591.41,591.41,1182.82,592,592,5.99,5.99,11.99,6,6,0.00,0.00,0,0
1508082780,s4,0.00,0.00,0.00,0,0,0.00,0.00,0.00,0,0,0.00,0.00,0,0
1508082780,total,390405.59,410067.94,800473.56,410478,390796,487.51,500.50,988.01,501,488,0.00,0.00,0,0
1508082781,s5,0.00,0.00,0.00,0,0,0.00,0.00,0.00,0,0,0.00,0.00,0,0
1508082781,s1,0.00,0.00,0.00,0,0,0.00,0.00,0.00,0,0,0.00,0.00,0,0
1508082781,eth0,0.00,0.00,0.00,0,0,0.00,0.00,0.00,0,0,0.00,0.00,0,0
1508082781,eth1,0.00,0.00,0.00,0,0,0.00,0.00,0.00,0,0,0.00,0.00,0,0
1508082781,s2,0.00,0.00,0.00,0,0,0.00,0.00,0.00,0,0,0.00,0.00,0,0
1508082781,s1-eth2,12295.71,255610.39,267906.09,255866,12308,159.84,168.83,328.67,169,160,0.00,0.00,0,0
1508082781,s1-eth1,251072.94,12369.63,263442.56,12382,251324,165.83,160.84,326.67,161,166,0.00,0.00,0,0
1508082781,s2-eth2,5292.71,134611.39,139904.09,134746,5298,68.93,88.91,157.84,89,69,0.00,0.00,0,0
1508082781,s2-eth1,140661.34,5292.71,145954.05,5298,140802,92.91,68.93,161.84,69,93,0.00,0.00,0,0
1508082781,lo,0.00,0.00,0.00,0,0,0.00,0.00,0.00,0,0,0.00,0.00,0,0
1508082781,s4,0.00,0.00,0.00,0,0,0.00,0.00,0.00,0,0,0.00,0.00,0,0
1508082781,total,409322.69,407884.12,817206.81,408292,409732,487.51,487.51,975.03,488,488,0.00,0.00,0,0
1508082782,s5,0.00,0.00,0.00,0,0,0.00,0.00,0.00,0,0,0.00,0.00,0,0
1508082782,s1,0.00,0.00,0.00,0,0,0.00,0.00,0.00,0,0,0.00,0.00,0,0
1508082782,eth0,0.00,0.00,0.00,0,0,0.00,0.00,0.00,0,0,0.00,0.00,0,0
1508082782,eth1,0.00,0.00,0.00,0,0,0.00,0.00,0.00,0,0,0.00,0.00,0,0
1508082782,s2,0.00,0.00,0.00,0,0,0.00,0.00,0.00,0,0,0.00,0.00,0,0
1508082782,s1-eth2,12742.00,260408.00,273150.00,260408,12742,165.00,172.00,337.00,172,165,0.00,0.00,0,0
1508082782,s1-eth1,249810.00,12326.00,262136.00,12326,249810,165.00,163.00,328.00,163,165,0.00,0.00,0,0
1508082782,s2-eth2,5100.00,149886.00,154986.00,149886,5100,66.00,99.00,165.00,99,66,0.00,0.00,0,0
1508082782,s2-eth1,151400.00,5174.00,156574.00,5174,151400,100.00,67.00,167.00,67,100,0.00,0.00,0,0
1508082782,lo,0.00,0.00,0.00,0,0,0.00,0.00,0.00,0,0,0.00,0.00,0,0
1508082782,s4,0.00,0.00,0.00,0,0,0.00,0.00,0.00,0,0,0.00,0.00,0,0
1508082782,total,419052.00,427794.00,846846.00,427794,419052,496.00,501.00,997.00,501,496,0.00,0.00,0,0
1508082783,s5,0.00,0.00,0.00,0,0,0.00,0.00,0.00,0,0,0.00,0.00,0,0
1508082783,s1,0.00,0.00,0.00,0,0,0.00,0.00,0.00,0,0,0.00,0.00,0,0
1508082783,eth0,0.00,0.00,0.00,0,0,0.00,0.00,0.00,0,0,0.00,0.00,0,0
1508082783,eth1,0.00,0.00,0.00,0,0,0.00,0.00,0.00,0,0,0.00,0.00,0,0
1508082783,s2,0.00,0.00,0.00,0,0,0.00,0.00,0.00,0,0,0.00,0.00,0,0
1508082783,s1-eth2,12394.00,254352.00,266746.00,254352,12394,161.00,168.00,329.00,168,161,0.00,0.00,0,0
1508082783,s1-eth1,249810.00,12394.00,262204.00,12394,249810,165.00,161.00,326.00,161,165,0.00,0.00,0,0
1508082783,s2-eth2,6022.00,137774.00,143796.00,137774,6022,75.00,91.00,166.00,91,75,0.00,0.00,0,0
1508082783,s2-eth1,134746.00,5606.00,140352.00,5606,134746,89.00,73.00,162.00,73,89,0.00,0.00,0,0
1508082783,lo,0.00,0.00,0.00,0,0,0.00,0.00,0.00,0,0,0.00,0.00,0,0
1508082783,s4,0.00,0.00,0.00,0,0,0.00,0.00,0.00,0,0,0.00,0.00,0,0
1508082783,total,402972.00,410126.00,813098.00,410126,402972,490.00,493.00,983.00,493,490,0.00,0.00,0,0
1508082784,s5,0.00,0.00,0.00,0,0,0.00,0.00,0.00,0,0,0.00,0.00,0,0
1508082784,s1,0.00,0.00,0.00,0,0,0.00,0.00,0.00,0,0,0.00,0.00,0,0
1508082784,eth0,0.00,0.00,0.00,0,0,0.00,0.00,0.00,0,0,0.00,0.00,0,0
1508082784,eth1,0.00,0.00,0.00,0,0,0.00,0.00,0.00,0,0,0.00,0.00,0,0
1508082784,s2,0.00,0.00,0.00,0,0,0.00,0.00,0.00,0,0,0.00,0.00,0,0
1508082784,s1-eth2,11882.00,255866.00,267748.00,255866,11882,157.00,169.00,326.00,169,157,0.00,0.00,0,0
1508082784,s1-eth1,249810.00,11882.00,261692.00,11882,249810,165.00,157.00,322.00,157,165,0.00,0.00,0,0
1508082784,s2-eth2,4392.00,113550.00,117942.00,113550,4392,56.00,75.00,131.00,75,56,0.00,0.00,0,0
1508082784,s2-eth1,109008.00,4392.00,113400.00,4392,109008,72.00,56.00,128.00,56,72,0.00,0.00,0,0
1508082784,lo,516.00,516.00,1032.00,516,516,9.00,9.00,18.00,9,9,0.00,0.00,0,0
1508082784,s4,0.00,0.00,0.00,0,0,0.00,0.00,0.00,0,0,0.00,0.00,0,0
1508082784,total,375608.00,386206.00,761814.00,386206,375608,459.00,466.00,925.00,466,459,0.00,0.00,0,0
1508082785,s5,0.00,0.00,0.00,0,0,0.00,0.00,0.00,0,0,0.00,0.00,0,0
1508082785,s1,0.00,0.00,0.00,0,0,0.00,0.00,0.00,0,0,0.00,0.00,0,0
1508082785,eth0,0.00,0.00,0.00,0,0,0.00,0.00,0.00,0,0,0.00,0.00,0,0
1508082785,eth1,0.00,0.00,0.00,0,0,0.00,0.00,0.00,0,0,0.00,0.00,0,0
1508082785,s2,0.00,0.00,0.00,0,0,0.00,0.00,0.00,0,0,0.00,0.00,0,0
1508082785,s1-eth2,12138.00,255866.00,268004.00,255866,12138,159.00,169.00,328.00,169,159,0.00,0.00,0,0
1508082785,s1-eth1,249810.00,12212.00,262022.00,12212,249810,165.00,160.00,325.00,160,165,0.00,0.00,0,0
1508082785,s2-eth2,5052.00,113550.00,118602.00,113550,5052,66.00,75.00,141.00,75,66,0.00,0.00,0,0
1508082785,s2-eth1,112036.00,5052.00,117088.00,5052,112036,74.00,66.00,140.00,66,74,0.00,0.00,0,0
1508082785,lo,172.00,172.00,344.00,172,172,3.00,3.00,6.00,3,3,0.00,0.00,0,0
1508082785,s4,0.00,0.00,0.00,0,0,0.00,0.00,0.00,0,0,0.00,0.00,0,0
1508082785,total,379208.00,386852.00,766060.00,386852,379208,467.00,473.00,940.00,473,467,0.00,0.00,0,0
1508082786,s5,0.00,0.00,0.00,0,0,0.00,0.00,0.00,0,0,0.00,0.00,0,0
1508082786,s1,0.00,0.00,0.00,0,0,0.00,0.00,0.00,0,0,0.00,0.00,0,0
1508082786,eth0,0.00,0.00,0.00,0,0,0.00,0.00,0.00,0,0,0.00,0.00,0,0
1508082786,eth1,0.00,0.00,0.00,0,0,0.00,0.00,0.00,0,0,0.00,0.00,0,0
1508082786,s2,0.00,0.00,0.00,0,0,0.00,0.00,0.00,0,0,0.00,0.00,0,0
1508082786,s1-eth2,12540.00,257380.00,269920.00,257380,12540,162.00,170.00,332.00,170,162,0.00,0.00,0,0
1508082786,s1-eth1,251324.00,12466.00,263790.00,12466,251324,166.00,161.00,327.00,161,166,0.00,0.00,0,0
1508082786,s2-eth2,3922.00,122634.00,126556.00,122634,3922,53.00,81.00,134.00,81,53,0.00,0.00,0,0
1508082786,s2-eth1,124148.00,3922.00,128070.00,3922,124148,82.00,53.00,135.00,53,82,0.00,0.00,0,0
1508082786,lo,0.00,0.00,0.00,0,0,0.00,0.00,0.00,0,0,0.00,0.00,0,0
1508082786,s4,0.00,0.00,0.00,0,0,0.00,0.00,0.00,0,0,0.00,0.00,0,0
1508082786,total,391934.00,396402.00,788336.00,396402,391934,463.00,465.00,928.00,465,463,0.00,0.00,0,0
1508082787,s5,0.00,0.00,0.00,0,0,0.00,0.00,0.00,0,0,0.00,0.00,0,0
1508082787,s1,0.00,0.00,0.00,0,0,0.00,0.00,0.00,0,0,0.00,0.00,0,0
1508082787,eth0,0.00,0.00,0.00,0,0,0.00,0.00,0.00,0,0,0.00,0.00,0,0
1508082787,eth1,0.00,0.00,0.00,0,0,0.00,0.00,0.00,0,0,0.00,0.00,0,0
1508082787,s2,0.00,0.00,0.00,0,0,0.00,0.00,0.00,0,0,0.00,0.00,0,0
1508082787,s1-eth2,12418.00,257380.00,269798.00,257380,12418,161.00,170.00,331.00,170,161,0.00,0.00,0,0
1508082787,s1-eth1,249810.00,12418.00,262228.00,12418,249810,165.00,161.00,326.00,161,165,0.00,0.00,0,0
1508082787,s2-eth2,4530.00,84784.00,89314.00,84784,4530,57.00,56.00,113.00,56,57,0.00,0.00,0,0
1508082787,s2-eth1,81756.00,4530.00,86286.00,4530,81756,54.00,57.00,111.00,57,54,0.00,0.00,0,0
1508082787,lo,0.00,0.00,0.00,0,0,0.00,0.00,0.00,0,0,0.00,0.00,0,0
1508082787,s4,0.00,0.00,0.00,0,0,0.00,0.00,0.00,0,0,0.00,0.00,0,0
1508082787,total,348514.00,359112.00,707626.00,359112,348514,437.00,444.00,881.00,444,437,0.00,0.00,0,0
1508082788,s5,0.00,0.00,0.00,0,0,0.00,0.00,0.00,0,0,0.00,0.00,0,0
1508082788,s1,0.00,0.00,0.00,0,0,0.00,0.00,0.00,0,0,0.00,0.00,0,0
1508082788,eth0,0.00,0.00,0.00,0,0,0.00,0.00,0.00,0,0,0.00,0.00,0,0
1508082788,eth1,0.00,0.00,0.00,0,0,0.00,0.00,0.00,0,0,0.00,0.00,0,0
1508082788,s2,0.00,0.00,0.00,0,0,0.00,0.00,0.00,0,0,0.00,0.00,0,0
1508082788,s1-eth2,12370.00,257380.00,269750.00,257380,12370,161.00,170.00,331.00,170,161,0.00,0.00,0,0
1508082788,s1-eth1,249810.00,12370.00,262180.00,12370,249810,165.00,161.00,326.00,161,165,0.00,0.00,0,0
1508082788,s2-eth2,3034.00,96896.00,99930.00,96896,3034,41.00,64.00,105.00,64,41,0.00,0.00,0,0
1508082788,s2-eth1,101438.00,3034.00,104472.00,3034,101438,67.00,41.00,108.00,41,67,0.00,0.00,0,0
1508082788,lo,0.00,0.00,0.00,0,0,0.00,0.00,0.00,0,0,0.00,0.00,0,0
1508082788,s4,0.00,0.00,0.00,0,0,0.00,0.00,0.00,0,0,0.00,0.00,0,0
1508082788,total,366652.00,369680.00,736332.00,369680,366652,434.00,436.00,870.00,436,434,0.00,0.00,0,0
1508082789,s5,0.00,0.00,0.00,0,0,0.00,0.00,0.00,0,0,0.00,0.00,0,0
1508082789,s1,0.00,0.00,0.00,0,0,0.00,0.00,0.00,0,0,0.00,0.00,0,0
1508082789,eth0,0.00,0.00,0.00,0,0,0.00,0.00,0.00,0,0,0.00,0.00,0,0
1508082789,eth1,0.00,0.00,0.00,0,0,0.00,0.00,0.00,0,0,0.00,0.00,0,0
1508082789,s2,0.00,0.00,0.00,0,0,0.00,0.00,0.00,0,0,0.00,0.00,0,0
1508082789,s1-eth2,11950.00,257380.00,269330.00,257380,11950,157.00,170.00,327.00,170,157,0.00,0.00,0,0
1508082789,s1-eth1,249810.00,11950.00,261760.00,11950,249810,165.00,157.00,322.00,157,165,0.00,0.00,0,0
1508082789,s2-eth2,4518.00,95382.00,99900.00,95382,4518,57.00,63.00,120.00,63,57,0.00,0.00,0,0
1508082789,s2-eth1,84784.00,4518.00,89302.00,4518,84784,56.00,57.00,113.00,57,56,0.00,0.00,0,0
1508082789,lo,516.00,516.00,1032.00,516,516,9.00,9.00,18.00,9,9,0.00,0.00,0,0
1508082789,s4,0.00,0.00,0.00,0,0,0.00,0.00,0.00,0,0,0.00,0.00,0,0
1508082789,total,351578.00,369746.00,721324.00,369746,351578,444.00,456.00,900.00,456,444,0.00,0.00,0,0
1508082790,s5,0.00,0.00,0.00,0,0,0.00,0.00,0.00,0,0,0.00,0.00,0,0
1508082790,s1,0.00,0.00,0.00,0,0,0.00,0.00,0.00,0,0,0.00,0.00,0,0
1508082790,eth0,0.00,0.00,0.00,0,0,0.00,0.00,0.00,0,0,0.00,0.00,0,0
1508082790,eth1,0.00,0.00,0.00,0,0,0.00,0.00,0.00,0,0,0.00,0.00,0,0
1508082790,s2,0.00,0.00,0.00,0,0,0.00,0.00,0.00,0,0,0.00,0.00,0,0
1508082790,s1-eth2,12160.00,254352.00,266512.00,254352,12160,158.00,168.00,326.00,168,158,0.00,0.00,0,0
1508082790,s1-eth1,249917.00,12234.00,262151.00,12234,249917,166.00,159.00,325.00,159,166,0.00,0.00,0,0
1508082790,s2-eth2,4054.00,81756.00,85810.00,81756,4054,53.00,54.00,107.00,54,53,0.00,0.00,0,0
1508082790,s2-eth1,93868.00,4054.00,97922.00,4054,93868,62.00,53.00,115.00,53,62,0.00,0.00,0,0
1508082790,lo,172.00,172.00,344.00,172,172,3.00,3.00,6.00,3,3,0.00,0.00,0,0
1508082790,s4,0.00,0.00,0.00,0,0,0.00,0.00,0.00,0,0,0.00,0.00,0,0
1508082790,total,360171.00,352568.00,712739.00,352568,360171,442.00,437.00,879.00,437,442,0.00,0.00,0,0
1508082791,s5,0.00,0.00,0.00,0,0,0.00,0.00,0.00,0,0,0.00,0.00,0,0
1508082791,s1,0.00,0.00,0.00,0,0,0.00,0.00,0.00,0,0,0.00,0.00,0,0
1508082791,eth0,0.00,0.00,0.00,0,0,0.00,0.00,0.00,0,0,0.00,0.00,0,0
1508082791,eth1,0.00,0.00,0.00,0,0,0.00,0.00,0.00,0,0,0.00,0.00,0,0
1508082791,s2,0.00,0.00,0.00,0,0,0.00,0.00,0.00,0,0,0.00,0.00,0,0
1508082791,s1-eth2,12462.54,254097.91,266560.44,254352,12475,160.84,167.83,328.67,168,161,0.00,0.00,0,0
1508082791,s1-eth1,251072.94,12355.64,263428.59,12368,251324,165.83,159.84,325.67,160,166,0.00,0.00,0,0
1508082791,s2-eth2,3331.67,75624.38,78956.05,75700,3335,42.96,49.95,92.91,50,43,0.00,0.00,0,0
1508082791,s2-eth1,62118.88,3224.78,65343.66,3228,62181,41.96,41.96,83.92,42,42,0.00,0.00,0,0
1508082791,lo,0.00,0.00,0.00,0,0,0.00,0.00,0.00,0,0,0.00,0.00,0,0
1508082791,s4,0.00,0.00,0.00,0,0,0.00,0.00,0.00,0,0,0.00,0.00,0,0
1508082791,total,328986.03,345302.72,674288.75,345648,329315,411.59,419.58,831.17,420,412,0.00,0.00,0,0
1508082792,s5,0.00,0.00,0.00,0,0,0.00,0.00,0.00,0,0,0.00,0.00,0,0
1508082792,s1,0.00,0.00,0.00,0,0,0.00,0.00,0.00,0,0,0.00,0.00,0,0
1508082792,eth0,0.00,0.00,0.00,0,0,0.00,0.00,0.00,0,0,0.00,0.00,0,0
1508082792,eth1,0.00,0.00,0.00,0,0,0.00,0.00,0.00,0,0,0.00,0.00,0,0
1508082792,s2,0.00,0.00,0.00,0,0,0.00,0.00,0.00,0,0,0.00,0.00,0,0
1508082792,s1-eth2,12442.00,257380.00,269822.00,257380,12442,163.00,170.00,333.00,170,163,0.00,0.00,0,0
1508082792,s1-eth1,249810.00,12368.00,262178.00,12368,249810,165.00,162.00,327.00,162,165,0.00,0.00,0,0
1508082792,s2-eth2,2516.00,83270.00,85786.00,83270,2516,34.00,55.00,89.00,55,34,0.00,0.00,0,0
1508082792,s2-eth1,95382.00,2516.00,97898.00,2516,95382,63.00,34.00,97.00,34,63,0.00,0.00,0,0
1508082792,lo,0.00,0.00,0.00,0,0,0.00,0.00,0.00,0,0,0.00,0.00,0,0
1508082792,s4,0.00,0.00,0.00,0,0,0.00,0.00,0.00,0,0,0.00,0.00,0,0
1508082792,total,360150.00,355534.00,715684.00,355534,360150,425.00,421.00,846.00,421,425,0.00,0.00,0,0
1508082793,s5,0.00,0.00,0.00,0,0,0.00,0.00,0.00,0,0,0.00,0.00,0,0
1508082793,s1,0.00,0.00,0.00,0,0,0.00,0.00,0.00,0,0,0.00,0.00,0,0
1508082793,eth0,0.00,0.00,0.00,0,0,0.00,0.00,0.00,0,0,0.00,0.00,0,0
1508082793,eth1,0.00,0.00,0.00,0,0,0.00,0.00,0.00,0,0,0.00,0.00,0,0
1508082793,s2,0.00,0.00,0.00,0,0,0.00,0.00,0.00,0,0,0.00,0.00,0,0
1508082793,s1-eth2,12362.00,264950.00,277312.00,264950,12362,161.00,175.00,336.00,175,161,0.00,0.00,0,0
1508082793,s1-eth1,249810.00,12362.00,262172.00,12362,249810,165.00,161.00,326.00,161,165,0.00,0.00,0,0
1508082793,s2-eth2,3552.00,121120.00,124672.00,121120,3552,48.00,80.00,128.00,80,48,0.00,0.00,0,0
1508082793,s2-eth1,104466.00,3552.00,108018.00,3552,104466,69.00,48.00,117.00,48,69,0.00,0.00,0,0
1508082793,lo,0.00,0.00,0.00,0,0,0.00,0.00,0.00,0,0,0.00,0.00,0,0
1508082793,s4,0.00,0.00,0.00,0,0,0.00,0.00,0.00,0,0,0.00,0.00,0,0
1508082793,total,370190.00,401984.00,772174.00,401984,370190,443.00,464.00,907.00,464,443,0.00,0.00,0,0
1508082794,s5,0.00,0.00,0.00,0,0,0.00,0.00,0.00,0,0,0.00,0.00,0,0
1508082794,s1,0.00,0.00,0.00,0,0,0.00,0.00,0.00,0,0,0.00,0.00,0,0
1508082794,eth0,0.00,0.00,0.00,0,0,0.00,0.00,0.00,0,0,0.00,0.00,0,0
1508082794,eth1,0.00,0.00,0.00,0,0,0.00,0.00,0.00,0,0,0.00,0.00,0,0
1508082794,s2,0.00,0.00,0.00,0,0,0.00,0.00,0.00,0,0,0.00,0.00,0,0
1508082794,s1-eth2,12275.72,254097.91,266373.62,254352,12288,159.84,167.83,327.67,168,160,0.00,0.00,0,0
1508082794,s1-eth1,251072.94,12349.65,263422.59,12362,251324,165.83,160.84,326.67,161,166,0.00,0.00,0,0
1508082794,s2-eth2,4691.31,92261.74,96953.05,92354,4696,57.94,60.94,118.88,61,58,0.00,0.00,0,0
1508082794,s2-eth1,101336.66,4691.31,106027.98,4696,101438,66.93,57.94,124.88,58,67,0.00,0.00,0,0
1508082794,lo,515.48,515.48,1030.97,516,516,8.99,8.99,17.98,9,9,0.00,0.00,0,0
1508082794,s4,0.00,0.00,0.00,0,0,0.00,0.00,0.00,0,0,0.00,0.00,0,0
1508082794,total,369892.12,363916.09,733808.19,364280,370262,459.54,456.54,916.08,457,460,0.00,0.00,0,0
1508082795,s5,0.00,0.00,0.00,0,0,0.00,0.00,0.00,0,0,0.00,0.00,0,0
1508082795,s1,0.00,0.00,0.00,0,0,0.00,0.00,0.00,0,0,0.00,0.00,0,0
1508082795,eth0,0.00,0.00,0.00,0,0,0.00,0.00,0.00,0,0,0.00,0.00,0,0
1508082795,eth1,0.00,0.00,0.00,0,0,0.00,0.00,0.00,0,0,0.00,0.00,0,0
1508082795,s2,0.00,0.00,0.00,0,0,0.00,0.00,0.00,0,0,0.00,0.00,0,0
1508082795,s1-eth2,12582.00,255866.00,268448.00,255866,12582,161.00,169.00,330.00,169,161,0.00,0.00,0,0
1508082795,s1-eth1,249810.00,12166.00,261976.00,12166,249810,165.00,159.00,324.00,159,165,0.00,0.00,0,0
1508082795,s2-eth2,3996.00,102952.00,106948.00,102952,3996,54.00,68.00,122.00,68,54,0.00,0.00,0,0
1508082795,s2-eth1,96896.00,3996.00,100892.00,3996,96896,64.00,54.00,118.00,54,64,0.00,0.00,0,0
1508082795,lo,172.00,172.00,344.00,172,172,3.00,3.00,6.00,3,3,0.00,0.00,0,0
1508082795,s4,0.00,0.00,0.00,0,0,0.00,0.00,0.00,0,0,0.00,0.00,0,0
1508082795,total,363456.00,375152.00,738608.00,375152,363456,447.00,453.00,900.00,453,447,0.00,0.00,0,0
1508082796,s5,0.00,0.00,0.00,0,0,0.00,0.00,0.00,0,0,0.00,0.00,0,0
1508082796,s1,0.00,0.00,0.00,0,0,0.00,0.00,0.00,0,0,0.00,0.00,0,0
1508082796,eth0,0.00,0.00,0.00,0,0,0.00,0.00,0.00,0,0,0.00,0.00,0,0
1508082796,eth1,0.00,0.00,0.00,0,0,0.00,0.00,0.00,0,0,0.00,0.00,0,0
1508082796,s2,0.00,0.00,0.00,0,0,0.00,0.00,0.00,0,0,0.00,0.00,0,0
1508082796,s1-eth2,12408.00,255866.00,268274.00,255866,12408,162.00,169.00,331.00,169,162,0.00,0.00,0,0
1508082796,s1-eth1,249810.00,12408.00,262218.00,12408,249810,165.00,162.00,327.00,162,165,0.00,0.00,0,0
1508082796,s2-eth2,4164.00,112036.00,116200.00,112036,4164,54.00,74.00,128.00,74,54,0.00,0.00,0,0
1508082796,s2-eth1,112036.00,4164.00,116200.00,4164,112036,74.00,54.00,128.00,54,74,0.00,0.00,0,0
1508082796,lo,0.00,0.00,0.00,0,0,0.00,0.00,0.00,0,0,0.00,0.00,0,0
1508082796,s4,0.00,0.00,0.00,0,0,0.00,0.00,0.00,0,0,0.00,0.00,0,0
1508082796,total,378418.00,384474.00,762892.00,384474,378418,455.00,459.00,914.00,459,455,0.00,0.00,0,0
1508082797,s5,0.00,0.00,0.00,0,0,0.00,0.00,0.00,0,0,0.00,0.00,0,0
1508082797,s1,0.00,0.00,0.00,0,0,0.00,0.00,0.00,0,0,0.00,0.00,0,0
1508082797,eth0,0.00,0.00,0.00,0,0,0.00,0.00,0.00,0,0,0.00,0.00,0,0
1508082797,eth1,0.00,0.00,0.00,0,0,0.00,0.00,0.00,0,0,0.00,0.00,0,0
1508082797,s2,0.00,0.00,0.00,0,0,0.00,0.00,0.00,0,0,0.00,0.00,0,0
1508082797,s1-eth2,11874.00,258894.00,270768.00,258894,11874,159.00,171.00,330.00,171,159,0.00,0.00,0,0
1508082797,s1-eth1,249810.00,11874.00,261684.00,11874,249810,165.00,159.00,324.00,159,165,0.00,0.00,0,0
1508082797,s2-eth2,4862.00,116578.00,121440.00,116578,4862,63.00,77.00,140.00,77,63,0.00,0.00,0,0
1508082797,s2-eth1,110864.00,4862.00,115726.00,4862,110864,74.00,63.00,137.00,63,74,0.00,0.00,0,0
1508082797,lo,0.00,0.00,0.00,0,0,0.00,0.00,0.00,0,0,0.00,0.00,0,0
1508082797,s4,0.00,0.00,0.00,0,0,0.00,0.00,0.00,0,0,0.00,0.00,0,0
1508082797,total,377410.00,392208.00,769618.00,392208,377410,461.00,470.00,931.00,470,461,0.00,0.00,0,0
1508082798,s5,0.00,0.00,0.00,0,0,0.00,0.00,0.00,0,0,0.00,0.00,0,0
1508082798,s1,0.00,0.00,0.00,0,0,0.00,0.00,0.00,0,0,0.00,0.00,0,0
1508082798,eth0,0.00,0.00,0.00,0,0,0.00,0.00,0.00,0,0,0.00,0.00,0,0
1508082798,eth1,0.00,0.00,0.00,0,0,0.00,0.00,0.00,0,0,0.00,0.00,0,0
1508082798,s2,0.00,0.00,0.00,0,0,0.00,0.00,0.00,0,0,0.00,0.00,0,0
1508082798,s1-eth2,12626.00,249810.00,262436.00,249810,12626,161.00,165.00,326.00,165,161,0.00,0.00,0,0
1508082798,s1-eth1,249810.00,12700.00,262510.00,12700,249810,165.00,162.00,327.00,162,165,0.00,0.00,0,0
1508082798,s2-eth2,4738.00,87812.00,92550.00,87812,4738,57.00,58.00,115.00,58,57,0.00,0.00,0,0
1508082798,s2-eth1,95382.00,4396.00,99778.00,4396,95382,63.00,56.00,119.00,56,63,0.00,0.00,0,0
1508082798,lo,0.00,0.00,0.00,0,0,0.00,0.00,0.00,0,0,0.00,0.00,0,0
1508082798,s4,0.00,0.00,0.00,0,0,0.00,0.00,0.00,0,0,0.00,0.00,0,0
1508082798,total,362556.00,354718.00,717274.00,354718,362556,446.00,441.00,887.00,441,446,0.00,0.00,0,0
1508082799,s5,0.00,0.00,0.00,0,0,0.00,0.00,0.00,0,0,0.00,0.00,0,0
1508082799,s1,0.00,0.00,0.00,0,0,0.00,0.00,0.00,0,0,0.00,0.00,0,0
1508082799,eth0,0.00,0.00,0.00,0,0,0.00,0.00,0.00,0,0,0.00,0.00,0,0
1508082799,eth1,0.00,0.00,0.00,0,0,0.00,0.00,0.00,0,0,0.00,0.00,0,0
1508082799,s2,0.00,0.00,0.00,0,0,0.00,0.00,0.00,0,0,0.00,0.00,0,0
1508082799,s1-eth2,12276.00,261922.00,274198.00,261922,12276,160.00,173.00,333.00,173,160,0.00,0.00,0,0
1508082799,s1-eth1,251324.00,12202.00,263526.00,12202,251324,166.00,159.00,325.00,159,166,0.00,0.00,0,0
1508082799,s2-eth2,3446.00,65102.00,68548.00,65102,3446,43.00,43.00,86.00,43,43,0.00,0.00,0,0
1508082799,s2-eth1,54504.00,3446.00,57950.00,3446,54504,36.00,43.00,79.00,43,36,0.00,0.00,0,0
1508082799,lo,516.00,516.00,1032.00,516,516,9.00,9.00,18.00,9,9,0.00,0.00,0,0
1508082799,s4,0.00,0.00,0.00,0,0,0.00,0.00,0.00,0,0,0.00,0.00,0,0
1508082799,total,322066.00,343188.00,665254.00,343188,322066,414.00,427.00,841.00,427,414,0.00,0.00,0,0
1508082800,s5,0.00,0.00,0.00,0,0,0.00,0.00,0.00,0,0,0.00,0.00,0,0
1508082800,s1,0.00,0.00,0.00,0,0,0.00,0.00,0.00,0,0,0.00,0.00,0,0
1508082800,eth0,0.00,0.00,0.00,0,0,0.00,0.00,0.00,0,0,0.00,0.00,0,0
1508082800,eth1,0.00,0.00,0.00,0,0,0.00,0.00,0.00,0,0,0.00,0.00,0,0
1508082800,s2,0.00,0.00,0.00,0,0,0.00,0.00,0.00,0,0,0.00,0.00,0,0
1508082800,s1-eth2,12400.00,260408.00,272808.00,260408,12400,160.00,172.00,332.00,172,160,0.00,0.00,0,0
1508082800,s1-eth1,250152.00,12486.00,262638.00,12486,250152,166.00,161.00,327.00,161,166,0.00,0.00,0,0
1508082800,s2-eth2,1390.00,24224.00,25614.00,24224,1390,17.00,16.00,33.00,16,17,0.00,0.00,0,0
1508082800,s2-eth1,27252.00,1390.00,28642.00,1390,27252,18.00,17.00,35.00,17,18,0.00,0.00,0,0
1508082800,lo,172.00,172.00,344.00,172,172,3.00,3.00,6.00,3,3,0.00,0.00,0,0
1508082800,s4,0.00,0.00,0.00,0,0,0.00,0.00,0.00,0,0,0.00,0.00,0,0
1508082800,total,291366.00,298680.00,590046.00,298680,291366,364.00,369.00,733.00,369,364,0.00,0.00,0,0
1508082801,s5,0.00,0.00,0.00,0,0,0.00,0.00,0.00,0,0,0.00,0.00,0,0
1508082801,s1,0.00,0.00,0.00,0,0,0.00,0.00,0.00,0,0,0.00,0.00,0,0
1508082801,eth0,0.00,0.00,0.00,0,0,0.00,0.00,0.00,0,0,0.00,0.00,0,0
1508082801,eth1,0.00,0.00,0.00,0,0,0.00,0.00,0.00,0,0,0.00,0.00,0,0
1508082801,s2,0.00,0.00,0.00,0,0,0.00,0.00,0.00,0,0,0.00,0.00,0,0
1508082801,s1-eth2,11596.00,254352.00,265948.00,254352,11596,152.00,168.00,320.00,168,152,0.00,0.00,0,0
1508082801,s1-eth1,249810.00,11584.00,261394.00,11584,249810,165.00,152.00,317.00,152,165,0.00,0.00,0,0
1508082801,s2-eth2,542.00,18168.00,18710.00,18168,542,7.00,12.00,19.00,12,7,0.00,0.00,0,0
1508082801,s2-eth1,15140.00,542.00,15682.00,542,15140,10.00,7.00,17.00,7,10,0.00,0.00,0,0
1508082801,lo,0.00,0.00,0.00,0,0,0.00,0.00,0.00,0,0,0.00,0.00,0,0
1508082801,s4,0.00,0.00,0.00,0,0,0.00,0.00,0.00,0,0,0.00,0.00,0,0
1508082801,total,277088.00,284646.00,561734.00,284646,277088,334.00,339.00,673.00,339,334,0.00,0.00,0,0
1508082802,s5,0.00,0.00,0.00,0,0,0.00,0.00,0.00,0,0,0.00,0.00,0,0
1508082802,s1,0.00,0.00,0.00,0,0,0.00,0.00,0.00,0,0,0.00,0.00,0,0
1508082802,eth0,0.00,0.00,0.00,0,0,0.00,0.00,0.00,0,0,0.00,0.00,0,0
1508082802,eth1,0.00,0.00,0.00,0,0,0.00,0.00,0.00,0,0,0.00,0.00,0,0
1508082802,s2,0.00,0.00,0.00,0,0,0.00,0.00,0.00,0,0,0.00,0.00,0,0
1508082802,s1-eth2,11830.17,255610.39,267440.56,255866,11842,154.85,168.83,323.68,169,155,0.00,0.00,0,0
1508082802,s1-eth1,249560.45,11756.24,261316.69,11768,249810,164.84,153.85,318.68,154,165,0.00,0.00,0,0
1508082802,s2-eth2,1922.08,45374.62,47296.70,45420,1924,25.97,29.97,55.94,30,26,0.00,0.00,0,0
1508082802,s2-eth1,36299.70,1922.08,38221.78,1924,36336,23.98,25.97,49.95,26,24,0.00,0.00,0,0
1508082802,lo,0.00,0.00,0.00,0,0,0.00,0.00,0.00,0,0,0.00,0.00,0,0
1508082802,s4,0.00,0.00,0.00,0,0,0.00,0.00,0.00,0,0,0.00,0.00,0,0
1508082802,total,299612.41,314663.34,614275.75,314978,299912,369.63,378.62,748.25,379,370,0.00,0.00,0,0
1508082803,s5,0.00,0.00,0.00,0,0,0.00,0.00,0.00,0,0,0.00,0.00,0,0
1508082803,s1,0.00,0.00,0.00,0,0,0.00,0.00,0.00,0,0,0.00,0.00,0,0
1508082803,eth0,0.00,0.00,0.00,0,0,0.00,0.00,0.00,0,0,0.00,0.00,0,0
1508082803,eth1,0.00,0.00,0.00,0,0,0.00,0.00,0.00,0,0,0.00,0.00,0,0
1508082803,s2,0.00,0.00,0.00,0,0,0.00,0.00,0.00,0,0,0.00,0.00,0,0
1508082803,s1-eth2,12228.00,255866.00,268094.00,255866,12228,158.00,169.00,327.00,169,158,0.00,0.00,0,0
1508082803,s1-eth1,249810.00,12228.00,262038.00,12228,249810,165.00,158.00,323.00,158,165,0.00,0.00,0,0
1508082803,s2-eth2,2442.00,72672.00,75114.00,72672,2442,33.00,48.00,81.00,48,33,0.00,0.00,0,0
1508082803,s2-eth1,77214.00,2442.00,79656.00,2442,77214,51.00,33.00,84.00,33,51,0.00,0.00,0,0
1508082803,lo,0.00,0.00,0.00,0,0,0.00,0.00,0.00,0,0,0.00,0.00,0,0
1508082803,s4,0.00,0.00,0.00,0,0,0.00,0.00,0.00,0,0,0.00,0.00,0,0
1508082803,total,341694.00,343208.00,684902.00,343208,341694,407.00,408.00,815.00,408,407,0.00,0.00,0,0
1508082804,s5,0.00,0.00,0.00,0,0,0.00,0.00,0.00,0,0,0.00,0.00,0,0
1508082804,s1,0.00,0.00,0.00,0,0,0.00,0.00,0.00,0,0,0.00,0.00,0,0
1508082804,eth0,0.00,0.00,0.00,0,0,0.00,0.00,0.00,0,0,0.00,0.00,0,0
1508082804,eth1,0.00,0.00,0.00,0,0,0.00,0.00,0.00,0,0,0.00,0.00,0,0
1508082804,s2,0.00,0.00,0.00,0,0,0.00,0.00,0.00,0,0,0.00,0.00,0,0
1508082804,s1-eth2,12112.00,258894.00,271006.00,258894,12112,156.00,171.00,327.00,171,156,0.00,0.00,0,0
1508082804,s1-eth1,243754.00,12112.00,255866.00,12112,243754,161.00,156.00,317.00,156,161,0.00,0.00,0,0
1508082804,s2-eth2,3474.00,98410.00,101884.00,98410,3474,45.00,65.00,110.00,65,45,0.00,0.00,0,0
1508082804,s2-eth1,92354.00,3474.00,95828.00,3474,92354,61.00,45.00,106.00,45,61,0.00,0.00,0,0
1508082804,lo,516.00,516.00,1032.00,516,516,9.00,9.00,18.00,9,9,0.00,0.00,0,0
1508082804,s4,0.00,0.00,0.00,0,0,0.00,0.00,0.00,0,0,0.00,0.00,0,0
1508082804,total,352210.00,373406.00,725616.00,373406,352210,432.00,446.00,878.00,446,432,0.00,0.00,0,0
1508082805,s5,0.00,0.00,0.00,0,0,0.00,0.00,0.00,0,0,0.00,0.00,0,0
1508082805,s1,0.00,0.00,0.00,0,0,0.00,0.00,0.00,0,0,0.00,0.00,0,0
1508082805,eth0,0.00,0.00,0.00,0,0,0.00,0.00,0.00,0,0,0.00,0.00,0,0
1508082805,eth1,0.00,0.00,0.00,0,0,0.00,0.00,0.00,0,0,0.00,0.00,0,0
1508082805,s2,0.00,0.00,0.00,0,0,0.00,0.00,0.00,0,0,0.00,0.00,0,0
1508082805,s1-eth2,11788.00,264950.00,276738.00,264950,11788,158.00,175.00,333.00,175,158,0.00,0.00,0,0
1508082805,s1-eth1,249810.00,11788.00,261598.00,11788,249810,165.00,158.00,323.00,158,165,0.00,0.00,0,0
1508082805,s2-eth2,3518.00,69644.00,73162.00,69644,3518,43.00,46.00,89.00,46,43,0.00,0.00,0,0
1508082805,s2-eth1,71158.00,3518.00,74676.00,3518,71158,47.00,43.00,90.00,43,47,0.00,0.00,0,0
1508082805,lo,172.00,172.00,344.00,172,172,3.00,3.00,6.00,3,3,0.00,0.00,0,0
1508082805,s4,0.00,0.00,0.00,0,0,0.00,0.00,0.00,0,0,0.00,0.00,0,0
1508082805,total,336446.00,350072.00,686518.00,350072,336446,416.00,425.00,841.00,425,416,0.00,0.00,0,0
1508082806,s5,0.00,0.00,0.00,0,0,0.00,0.00,0.00,0,0,0.00,0.00,0,0
1508082806,s1,0.00,0.00,0.00,0,0,0.00,0.00,0.00,0,0,0.00,0.00,0,0
1508082806,eth0,0.00,0.00,0.00,0,0,0.00,0.00,0.00,0,0,0.00,0.00,0,0
1508082806,eth1,0.00,0.00,0.00,0,0,0.00,0.00,0.00,0,0,0.00,0.00,0,0
1508082806,s2,0.00,0.00,0.00,0,0,0.00,0.00,0.00,0,0,0.00,0.00,0,0
1508082806,s1-eth2,12412.00,254352.00,266764.00,254352,12412,160.00,168.00,328.00,168,160,0.00,0.00,0,0
1508082806,s1-eth1,249810.00,12412.00,262222.00,12412,249810,165.00,160.00,325.00,160,165,0.00,0.00,0,0
1508082806,s2-eth2,2230.00,52990.00,55220.00,52990,2230,29.00,35.00,64.00,35,29,0.00,0.00,0,0
1508082806,s2-eth1,45420.00,2230.00,47650.00,2230,45420,30.00,29.00,59.00,29,30,0.00,0.00,0,0
1508082806,lo,0.00,0.00,0.00,0,0,0.00,0.00,0.00,0,0,0.00,0.00,0,0
1508082806,s4,0.00,0.00,0.00,0,0,0.00,0.00,0.00,0,0,0.00,0.00,0,0
1508082806,total,309872.00,321984.00,631856.00,321984,309872,384.00,392.00,776.00,392,384,0.00,0.00,0,0
1508082807,s5,0.00,0.00,0.00,0,0,0.00,0.00,0.00,0,0,0.00,0.00,0,0
1508082807,s1,0.00,0.00,0.00,0,0,0.00,0.00,0.00,0,0,0.00,0.00,0,0
1508082807,eth0,608.00,980.00,1588.00,980,608,8.00,8.00,16.00,8,8,0.00,0.00,0,0
1508082807,eth1,0.00,0.00,0.00,0,0,0.00,0.00,0.00,0,0,0.00,0.00,0,0
1508082807,s2,0.00,0.00,0.00,0,0,0.00,0.00,0.00,0,0,0.00,0.00,0,0
1508082807,s1-eth2,12578.00,257380.00,269958.00,257380,12578,161.00,170.00,331.00,170,161,0.00,0.00,0,0
1508082807,s1-eth1,250450.00,11938.00,262388.00,11938,250450,169.00,157.00,326.00,157,169,0.00,0.00,0,0
1508082807,s2-eth2,2342.00,68130.00,70472.00,68130,2342,27.00,45.00,72.00,45,27,0.00,0.00,0,0
1508082807,s2-eth1,73234.00,1702.00,74936.00,1702,73234,51.00,23.00,74.00,23,51,0.00,0.00,0,0
1508082807,lo,1364.00,1364.00,2728.00,1364,1364,16.00,16.00,32.00,16,16,0.00,0.00,0,0
1508082807,s4,0.00,0.00,0.00,0,0,0.00,0.00,0.00,0,0,0.00,0.00,0,0
1508082807,total,340576.00,341494.00,682070.00,341494,340576,432.00,419.00,851.00,419,432,0.00,0.00,0,0
1508082808,s5,0.00,0.00,0.00,0,0,0.00,0.00,0.00,0,0,0.00,0.00,0,0
1508082808,s1,0.00,0.00,0.00,0,0,0.00,0.00,0.00,0,0,0.00,0.00,0,0
1508082808,eth0,760.00,980.00,1740.00,980,760,10.00,8.00,18.00,8,10,0.00,0.00,0,0
1508082808,eth1,0.00,0.00,0.00,0,0,0.00,0.00,0.00,0,0,0.00,0.00,0,0
1508082808,s2,0.00,0.00,0.00,0,0,0.00,0.00,0.00,0,0,0.00,0.00,0,0
1508082808,s1-eth2,10070.00,193792.00,203862.00,193792,10070,127.00,128.00,255.00,128,127,0.00,0.00,0,0
1508082808,s1-eth1,195026.00,9820.00,204846.00,9820,195026,135.00,124.00,259.00,124,135,0.00,0.00,0,0
1508082808,s2-eth2,3883.00,69644.00,73527.00,69644,3883,45.00,46.00,91.00,46,45,0.00,0.00,0,0
1508082808,s2-eth1,65180.00,2994.00,68174.00,2994,65180,44.00,39.00,83.00,39,44,0.00,0.00,0,0
1508082808,lo,1488.00,1488.00,2976.00,1488,1488,18.00,18.00,36.00,18,18,0.00,0.00,0,0
1508082808,s4,0.00,0.00,0.00,0,0,0.00,0.00,0.00,0,0,0.00,0.00,0,0
1508082808,total,276407.00,278718.00,555125.00,278718,276407,379.00,363.00,742.00,363,379,0.00,0.00,0,0
1508082809,s5,0.00,0.00,0.00,0,0,0.00,0.00,0.00,0,0,0.00,0.00,0,0
1508082809,s1,0.00,0.00,0.00,0,0,0.00,0.00,0.00,0,0,0.00,0.00,0,0
1508082809,eth0,152.00,245.00,397.00,245,152,2.00,2.00,4.00,2,2,0.00,0.00,0,0
1508082809,eth1,0.00,0.00,0.00,0,0,0.00,0.00,0.00,0,0,0.00,0.00,0,0
1508082809,s2,0.00,0.00,0.00,0,0,0.00,0.00,0.00,0,0,0.00,0.00,0,0
1508082809,s1-eth2,13748.00,258894.00,272642.00,258894,13748,162.00,171.00,333.00,171,162,0.00,0.00,0,0
1508082809,s1-eth1,243061.00,11892.00,254953.00,11892,243061,165.00,154.00,319.00,154,165,0.00,0.00,0,0
1508082809,s2-eth2,3953.00,74186.00,78139.00,74186,3953,40.00,49.00,89.00,49,40,0.00,0.00,0,0
1508082809,s2-eth1,83752.00,2442.00,86194.00,2442,83752,64.00,33.00,97.00,33,64,0.00,0.00,0,0
1508082809,lo,857.00,857.00,1714.00,857,857,13.00,13.00,26.00,13,13,0.00,0.00,0,0
1508082809,s4,0.00,0.00,0.00,0,0,0.00,0.00,0.00,0,0,0.00,0.00,0,0
1508082809,total,345523.00,348516.00,694039.00,348516,345523,446.00,422.00,868.00,422,446,0.00,0.00,0,0
1508082810,s5,0.00,0.00,0.00,0,0,0.00,0.00,0.00,0,0,0.00,0.00,0,0
1508082810,s1,0.00,0.00,0.00,0,0,0.00,0.00,0.00,0,0,0.00,0.00,0,0
1508082810,eth0,0.00,245.00,245.00,245,0,0.00,2.00,2.00,2,0,0.00,0.00,0,0
1508082810,eth1,0.00,0.00,0.00,0,0,0.00,0.00,0.00,0,0,0.00,0.00,0,0
1508082810,s2,0.00,0.00,0.00,0,0,0.00,0.00,0.00,0,0,0.00,0.00,0,0
1508082810,s1-eth2,13117.00,257380.00,270497.00,257380,13117,165.00,170.00,335.00,170,165,0.00,0.00,0,0
1508082810,s1-eth1,250479.00,12154.00,262633.00,12154,250479,167.00,161.00,328.00,161,167,0.00,0.00,0,0
1508082810,s2-eth2,3897.00,96896.00,100793.00,96896,3897,44.00,64.00,108.00,64,44,0.00,0.00,0,0
1508082810,s2-eth1,85530.00,3228.00,88758.00,3228,85530,60.00,42.00,102.00,42,60,0.00,0.00,0,0
1508082810,lo,389.00,389.00,778.00,389,389,5.00,5.00,10.00,5,5,0.00,0.00,0,0
1508082810,s4,0.00,0.00,0.00,0,0,0.00,0.00,0.00,0,0,0.00,0.00,0,0
1508082810,total,353412.00,370292.00,723704.00,370292,353412,441.00,444.00,885.00,444,441,0.00,0.00,0,0
1508082811,s5,0.00,0.00,0.00,0,0,0.00,0.00,0.00,0,0,0.00,0.00,0,0
1508082811,s1,0.00,0.00,0.00,0,0,0.00,0.00,0.00,0,0,0.00,0.00,0,0
1508082811,eth0,0.00,0.00,0.00,0,0,0.00,0.00,0.00,0,0,0.00,0.00,0,0
1508082811,eth1,0.00,0.00,0.00,0,0,0.00,0.00,0.00,0,0,0.00,0.00,0,0
1508082811,s2,0.00,0.00,0.00,0,0,0.00,0.00,0.00,0,0,0.00,0.00,0,0
1508082811,s1-eth2,12266.00,255908.00,268174.00,255908,12266,161.00,170.00,331.00,170,161,0.00,0.00,0,0
1508082811,s1-eth1,250119.00,12266.00,262385.00,12266,250119,167.00,161.00,328.00,161,167,0.00,0.00,0,0
1508082811,s2-eth2,3836.00,83270.00,87106.00,83270,3836,47.00,55.00,102.00,55,47,0.00,0.00,0,0
1508082811,s2-eth1,88139.00,3462.00,91601.00,3462,88139,59.00,45.00,104.00,45,59,0.00,0.00,0,0
1508082811,lo,296.00,296.00,592.00,296,296,3.00,3.00,6.00,3,3,0.00,0.00,0,0
1508082811,s4,0.00,0.00,0.00,0,0,0.00,0.00,0.00,0,0,0.00,0.00,0,0
1508082811,total,354656.00,355202.00,709858.00,355202,354656,437.00,434.00,871.00,434,437,0.00,0.00,0,0
1508082812,s5,0.00,0.00,0.00,0,0,0.00,0.00,0.00,0,0,0.00,0.00,0,0
1508082812,s1,0.00,0.00,0.00,0,0,0.00,0.00,0.00,0,0,0.00,0.00,0,0
1508082812,eth0,60.00,60.00,120.00,60,60,1.00,1.00,2.00,1,1,0.00,0.00,0,0
1508082812,eth1,0.00,0.00,0.00,0,0,0.00,0.00,0.00,0,0,0.00,0.00,0,0
1508082812,s2,0.00,0.00,0.00,0,0,0.00,0.00,0.00,0,0,0.00,0.00,0,0
1508082812,s1-eth2,13337.00,257380.00,270717.00,257380,13337,165.00,170.00,335.00,170,165,0.00,0.00,0,0
1508082812,s1-eth1,250207.00,12566.00,262773.00,12566,250207,167.00,161.00,328.00,161,167,0.00,0.00,0,0
1508082812,s2-eth2,4081.00,87812.00,91893.00,87812,4081,50.00,58.00,108.00,58,50,0.00,0.00,0,0
1508082812,s2-eth1,85158.00,3684.00,88842.00,3684,85158,58.00,48.00,106.00,48,58,0.00,0.00,0,0
1508082812,lo,0.00,0.00,0.00,0,0,0.00,0.00,0.00,0,0,0.00,0.00,0,0
1508082812,s4,0.00,0.00,0.00,0,0,0.00,0.00,0.00,0,0,0.00,0.00,0,0
1508082812,total,352843.00,361502.00,714345.00,361502,352843,441.00,438.00,879.00,438,441,0.00,0.00,0,0
1508082813,s5,0.00,0.00,0.00,0,0,0.00,0.00,0.00,0,0,0.00,0.00,0,0
1508082813,s1,0.00,0.00,0.00,0,0,0.00,0.00,0.00,0,0,0.00,0.00,0,0
1508082813,eth0,0.00,0.00,0.00,0,0,0.00,0.00,0.00,0,0,0.00,0.00,0,0
1508082813,eth1,0.00,0.00,0.00,0,0,0.00,0.00,0.00,0,0,0.00,0.00,0,0
1508082813,s2,0.00,0.00,0.00,0,0,0.00,0.00,0.00,0,0,0.00,0.00,0,0
1508082813,s1-eth2,11678.00,261922.00,273600.00,261922,11678,157.00,173.00,330.00,173,157,0.00,0.00,0,0
1508082813,s1-eth1,249810.00,11678.00,261488.00,11678,249810,165.00,157.00,322.00,157,165,0.00,0.00,0,0
1508082813,s2-eth2,2796.00,92354.00,95150.00,92354,2796,36.00,61.00,97.00,61,36,0.00,0.00,0,0
1508082813,s2-eth1,91237.00,2796.00,94033.00,2796,91237,62.00,36.00,98.00,36,62,0.00,0.00,0,0
1508082813,lo,0.00,0.00,0.00,0,0,0.00,0.00,0.00,0,0,0.00,0.00,0,0
1508082813,s4,0.00,0.00,0.00,0,0,0.00,0.00,0.00,0,0,0.00,0.00,0,0
1508082813,total,355521.00,368750.00,724271.00,368750,355521,420.00,427.00,847.00,427,420,0.00,0.00,0,0
1508082814,s5,0.00,0.00,0.00,0,0,0.00,0.00,0.00,0,0,0.00,0.00,0,0
1508082814,s1,0.00,0.00,0.00,0,0,0.00,0.00,0.00,0,0,0.00,0.00,0,0
1508082814,eth0,0.00,0.00,0.00,0,0,0.00,0.00,0.00,0,0,0.00,0.00,0,0
1508082814,eth1,0.00,0.00,0.00,0,0,0.00,0.00,0.00,0,0,0.00,0.00,0,0
1508082814,s2,0.00,0.00,0.00,0,0,0.00,0.00,0.00,0,0,0.00,0.00,0,0
1508082814,s1-eth2,11144.86,252585.42,263730.28,252838,11156,147.85,166.83,314.69,167,148,0.00,0.00,0,0
1508082814,s1-eth1,249560.45,11218.78,260779.23,11230,249810,164.84,148.85,313.69,149,165,0.00,0.00,0,0
1508082814,s2-eth2,4287.71,93774.23,98061.94,93868,4292,57.94,61.94,119.88,62,58,0.00,0.00,0,0
1508082814,s2-eth1,92261.74,4287.71,96549.45,4292,92354,60.94,57.94,118.88,58,61,0.00,0.00,0,0
1508082814,lo,343.66,343.66,687.31,344,344,5.99,5.99,11.99,6,6,0.00,0.00,0,0
1508082814,s4,0.00,0.00,0.00,0,0,0.00,0.00,0.00,0,0,0.00,0.00,0,0
1508082814,total,357598.41,362209.81,719808.19,362572,357956,437.56,441.56,879.12,442,438,0.00,0.00,0,0
1508082815,s5,0.00,0.00,0.00,0,0,0.00,0.00,0.00,0,0,0.00,0.00,0,0
1508082815,s1,0.00,0.00,0.00,0,0,0.00,0.00,0.00,0,0,0.00,0.00,0,0
1508082815,eth0,0.00,0.00,0.00,0,0,0.00,0.00,0.00,0,0,0.00,0.00,0,0
1508082815,eth1,0.00,0.00,0.00,0,0,0.00,0.00,0.00,0,0,0.00,0.00,0,0
1508082815,s2,0.00,0.00,0.00,0,0,0.00,0.00,0.00,0,0,0.00,0.00,0,0
1508082815,s1-eth2,12225.77,249560.45,261786.22,249810,12238,156.84,164.84,321.68,165,157,0.00,0.00,0,0
1508082815,s1-eth1,250009.00,12225.77,262234.78,12238,250259,166.83,156.84,323.68,157,167,0.00,0.00,0,0
1508082815,s2-eth2,5301.70,110411.59,115713.29,110522,5307,68.93,72.93,141.86,73,69,0.00,0.00,0,0
1508082815,s2-eth1,108899.10,5194.81,114093.91,5200,109008,71.93,67.93,139.86,68,72,0.00,0.00,0,0
1508082815,lo,171.83,171.83,343.66,172,172,3.00,3.00,5.99,3,3,0.00,0.00,0,0
1508082815,s4,0.00,0.00,0.00,0,0,0.00,0.00,0.00,0,0,0.00,0.00,0,0
1508082815,total,376607.41,377564.44,754171.88,377942,376984,467.53,465.53,933.07,466,468,0.00,0.00,0,0
1508082816,s5,0.00,0.00,0.00,0,0,0.00,0.00,0.00,0,0,0.00,0.00,0,0
1508082816,s1,0.00,0.00,0.00,0,0,0.00,0.00,0.00,0,0,0.00,0.00,0,0
1508082816,eth0,0.00,0.00,0.00,0,0,0.00,0.00,0.00,0,0,0.00,0.00,0,0
1508082816,eth1,0.00,0.00,0.00,0,0,0.00,0.00,0.00,0,0,0.00,0.00,0,0
1508082816,s2,0.00,0.00,0.00,0,0,0.00,0.00,0.00,0,0,0.00,0.00,0,0
1508082816,s1-eth2,12871.00,254352.00,267223.00,254352,12871,163.00,168.00,331.00,168,163,0.00,0.00,0,0
1508082816,s1-eth1,251394.00,12278.00,263672.00,12278,251394,167.00,159.00,326.00,159,167,0.00,0.00,0,0
1508082816,s2-eth2,4488.00,95382.00,99870.00,95382,4488,54.00,63.00,117.00,63,54,0.00,0.00,0,0
1508082816,s2-eth1,95489.00,4076.00,99565.00,4076,95489,64.00,52.00,116.00,52,64,0.00,0.00,0,0
1508082816,lo,172.00,172.00,344.00,172,172,3.00,3.00,6.00,3,3,0.00,0.00,0,0
1508082816,s4,0.00,0.00,0.00,0,0,0.00,0.00,0.00,0,0,0.00,0.00,0,0
1508082816,total,364414.00,366260.00,730674.00,366260,364414,451.00,445.00,896.00,445,451,0.00,0.00,0,0
1508082817,s5,0.00,0.00,0.00,0,0,0.00,0.00,0.00,0,0,0.00,0.00,0,0
1508082817,s1,0.00,0.00,0.00,0,0,0.00,0.00,0.00,0,0,0.00,0.00,0,0
1508082817,eth0,0.00,0.00,0.00,0,0,0.00,0.00,0.00,0,0,0.00,0.00,0,0
1508082817,eth1,0.00,0.00,0.00,0,0,0.00,0.00,0.00,0,0,0.00,0.00,0,0
1508082817,s2,0.00,0.00,0.00,0,0,0.00,0.00,0.00,0,0,0.00,0.00,0,0
1508082817,s1-eth2,12290.00,260408.00,272698.00,260408,12290,159.00,172.00,331.00,172,159,0.00,0.00,0,0
1508082817,s1-eth1,249810.00,12290.00,262100.00,12290,249810,165.00,159.00,324.00,159,165,0.00,0.00,0,0
1508082817,s2-eth2,2946.00,92354.00,95300.00,92354,2946,39.00,61.00,100.00,61,39,0.00,0.00,0,0
1508082817,s2-eth1,90910.00,2946.00,93856.00,2946,90910,61.00,39.00,100.00,39,61,0.00,0.00,0,0
1508082817,lo,0.00,0.00,0.00,0,0,0.00,0.00,0.00,0,0,0.00,0.00,0,0
1508082817,s4,0.00,0.00,0.00,0,0,0.00,0.00,0.00,0,0,0.00,0.00,0,0
1508082817,total,355956.00,367998.00,723954.00,367998,355956,424.00,431.00,855.00,431,424,0.00,0.00,0,0
1508082818,s5,0.00,0.00,0.00,0,0,0.00,0.00,0.00,0,0,0.00,0.00,0,0
1508082818,s1,0.00,0.00,0.00,0,0,0.00,0.00,0.00,0,0,0.00,0.00,0,0
1508082818,eth0,0.00,0.00,0.00,0,0,0.00,0.00,0.00,0,0,0.00,0.00,0,0
1508082818,eth1,0.00,0.00,0.00,0,0,0.00,0.00,0.00,0,0,0.00,0.00,0,0
1508082818,s2,0.00,0.00,0.00,0,0,0.00,0.00,0.00,0,0,0.00,0.00,0,0
1508082818,s1-eth2,11942.00,260408.00,272350.00,260408,11942,157.00,172.00,329.00,172,157,0.00,0.00,0,0
1508082818,s1-eth1,249810.00,11942.00,261752.00,11942,249810,165.00,157.00,322.00,157,165,0.00,0.00,0,0
1508082818,s2-eth2,3582.00,81756.00,85338.00,81756,3582,45.00,54.00,99.00,54,45,0.00,0.00,0,0
1508082818,s2-eth1,77556.00,3582.00,81138.00,3582,77556,52.00,45.00,97.00,45,52,0.00,0.00,0,0
1508082818,lo,0.00,0.00,0.00,0,0,0.00,0.00,0.00,0,0,0.00,0.00,0,0
1508082818,s4,0.00,0.00,0.00,0,0,0.00,0.00,0.00,0,0,0.00,0.00,0,0
1508082818,total,342890.00,357688.00,700578.00,357688,342890,419.00,428.00,847.00,428,419,0.00,0.00,0,0
1508082819,s5,0.00,0.00,0.00,0,0,0.00,0.00,0.00,0,0,0.00,0.00,0,0
1508082819,s1,0.00,0.00,0.00,0,0,0.00,0.00,0.00,0,0,0.00,0.00,0,0
1508082819,eth0,0.00,0.00,0.00,0,0,0.00,0.00,0.00,0,0,0.00,0.00,0,0
1508082819,eth1,0.00,0.00,0.00,0,0,0.00,0.00,0.00,0,0,0.00,0.00,0,0
1508082819,s2,0.00,0.00,0.00,0,0,0.00,0.00,0.00,0,0,0.00,0.00,0,0
1508082819,s1-eth2,12390.00,258894.00,271284.00,258894,12390,161.00,171.00,332.00,171,161,0.00,0.00,0,0
1508082819,s1-eth1,249810.00,12390.00,262200.00,12390,249810,165.00,161.00,326.00,161,165,0.00,0.00,0,0
1508082819,s2-eth2,3142.00,66616.00,69758.00,66616,3142,41.00,44.00,85.00,44,41,0.00,0.00,0,0
1508082819,s2-eth1,65102.00,3142.00,68244.00,3142,65102,43.00,41.00,84.00,41,43,0.00,0.00,0,0
1508082819,lo,344.00,344.00,688.00,344,344,6.00,6.00,12.00,6,6,0.00,0.00,0,0
1508082819,s4,0.00,0.00,0.00,0,0,0.00,0.00,0.00,0,0,0.00,0.00,0,0
1508082819,total,330788.00,341386.00,672174.00,341386,330788,416.00,423.00,839.00,423,416,0.00,0.00,0,0
1508082820,s5,0.00,0.00,0.00,0,0,0.00,0.00,0.00,0,0,0.00,0.00,0,0
1508082820,s1,0.00,0.00,0.00,0,0,0.00,0.00,0.00,0,0,0.00,0.00,0,0
1508082820,eth0,0.00,0.00,0.00,0,0,0.00,0.00,0.00,0,0,0.00,0.00,0,0
1508082820,eth1,0.00,0.00,0.00,0,0,0.00,0.00,0.00,0,0,0.00,0.00,0,0
1508082820,s2,0.00,0.00,0.00,0,0,0.00,0.00,0.00,0,0,0.00,0.00,0,0
1508082820,s1-eth2,11946.00,263436.00,275382.00,263436,11946,157.00,174.00,331.00,174,157,0.00,0.00,0,0
1508082820,s1-eth1,249810.00,11946.00,261756.00,11946,249810,165.00,157.00,322.00,157,165,0.00,0.00,0,0
1508082820,s2-eth2,2664.00,80242.00,82906.00,80242,2664,36.00,53.00,89.00,53,36,0.00,0.00,0,0
1508082820,s2-eth1,81756.00,2664.00,84420.00,2664,81756,54.00,36.00,90.00,36,54,0.00,0.00,0,0
1508082820,lo,172.00,172.00,344.00,172,172,3.00,3.00,6.00,3,3,0.00,0.00,0,0
1508082820,s4,0.00,0.00,0.00,0,0,0.00,0.00,0.00,0,0,0.00,0.00,0,0
1508082820,total,346348.00,358460.00,704808.00,358460,346348,415.00,423.00,838.00,423,415,0.00,0.00,0,0
1508082821,s5,0.00,0.00,0.00,0,0,0.00,0.00,0.00,0,0,0.00,0.00,0,0
1508082821,s1,0.00,0.00,0.00,0,0,0.00,0.00,0.00,0,0,0.00,0.00,0,0
1508082821,eth0,0.00,0.00,0.00,0,0,0.00,0.00,0.00,0,0,0.00,0.00,0,0
1508082821,eth1,0.00,0.00,0.00,0,0,0.00,0.00,0.00,0,0,0.00,0.00,0,0
1508082821,s2,0.00,0.00,0.00,0,0,0.00,0.00,0.00,0,0,0.00,0.00,0,0
1508082821,s1-eth2,12697.30,251072.94,263770.25,251324,12710,162.84,165.83,328.67,166,163,0.00,0.00,0,0
1508082821,s1-eth1,251072.94,12697.30,263770.25,12710,251324,165.83,162.84,328.67,163,166,0.00,0.00,0,0
1508082821,s2-eth2,3030.97,98311.69,101342.66,98410,3034,40.96,64.94,105.89,65,41,0.00,0.00,0,0
1508082821,s2-eth1,96799.20,3030.97,99830.17,3034,96896,63.94,40.96,104.90,41,64,0.00,0.00,0,0
1508082821,lo,171.83,171.83,343.66,172,172,3.00,3.00,5.99,3,3,0.00,0.00,0,0
1508082821,s4,0.00,0.00,0.00,0,0,0.00,0.00,0.00,0,0,0.00,0.00,0,0
1508082821,total,363772.25,365284.72,729056.94,365650,364136,436.56,437.56,874.13,438,437,0.00,0.00,0,0
1508082822,s5,0.00,0.00,0.00,0,0,0.00,0.00,0.00,0,0,0.00,0.00,0,0
1508082822,s1,0.00,0.00,0.00,0,0,0.00,0.00,0.00,0,0,0.00,0.00,0,0
1508082822,eth0,0.00,0.00,0.00,0,0,0.00,0.00,0.00,0,0,0.00,0.00,0,0
1508082822,eth1,0.00,0.00,0.00,0,0,0.00,0.00,0.00,0,0,0.00,0.00,0,0
1508082822,s2,0.00,0.00,0.00,0,0,0.00,0.00,0.00,0,0,0.00,0.00,0,0
1508082822,s1-eth2,12296.00,257380.00,269676.00,257380,12296,160.00,170.00,330.00,170,160,0.00,0.00,0,0
1508082822,s1-eth1,248296.00,12296.00,260592.00,12296,248296,164.00,160.00,324.00,160,164,0.00,0.00,0,0
1508082822,s2-eth2,4214.00,93868.00,98082.00,93868,4214,55.00,62.00,117.00,62,55,0.00,0.00,0,0
1508082822,s2-eth1,92354.00,4214.00,96568.00,4214,92354,61.00,55.00,116.00,55,61,0.00,0.00,0,0
1508082822,lo,0.00,0.00,0.00,0,0,0.00,0.00,0.00,0,0,0.00,0.00,0,0
1508082822,s4,0.00,0.00,0.00,0,0,0.00,0.00,0.00,0,0,0.00,0.00,0,0
1508082822,total,357160.00,367758.00,724918.00,367758,357160,440.00,447.00,887.00,447,440,0.00,0.00,0,0
1508082823,s5,0.00,0.00,0.00,0,0,0.00,0.00,0.00,0,0,0.00,0.00,0,0
1508082823,s1,0.00,0.00,0.00,0,0,0.00,0.00,0.00,0,0,0.00,0.00,0,0
1508082823,eth0,0.00,0.00,0.00,0,0,0.00,0.00,0.00,0,0,0.00,0.00,0,0
1508082823,eth1,0.00,0.00,0.00,0,0,0.00,0.00,0.00,0,0,0.00,0.00,0,0
1508082823,s2,0.00,0.00,0.00,0,0,0.00,0.00,0.00,0,0,0.00,0.00,0,0
1508082823,s1-eth2,12100.00,263436.00,275536.00,263436,12100,160.00,174.00,334.00,174,160,0.00,0.00,0,0
1508082823,s1-eth1,249917.00,12100.00,262017.00,12100,249917,166.00,160.00,326.00,160,166,0.00,0.00,0,0
1508082823,s2-eth2,2823.00,101438.00,104261.00,101438,2823,37.00,67.00,104.00,67,37,0.00,0.00,0,0
1508082823,s2-eth1,101438.00,2716.00,104154.00,2716,101438,67.00,36.00,103.00,36,67,0.00,0.00,0,0
1508082823,lo,0.00,0.00,0.00,0,0,0.00,0.00,0.00,0,0,0.00,0.00,0,0
1508082823,s4,0.00,0.00,0.00,0,0,0.00,0.00,0.00,0,0,0.00,0.00,0,0
1508082823,total,366278.00,379690.00,745968.00,379690,366278,430.00,437.00,867.00,437,430,0.00,0.00,0,0
1508082824,s5,0.00,0.00,0.00,0,0,0.00,0.00,0.00,0,0,0.00,0.00,0,0
1508082824,s1,0.00,0.00,0.00,0,0,0.00,0.00,0.00,0,0,0.00,0.00,0,0
1508082824,eth0,0.00,0.00,0.00,0,0,0.00,0.00,0.00,0,0,0.00,0.00,0,0
1508082824,eth1,0.00,0.00,0.00,0,0,0.00,0.00,0.00,0,0,0.00,0.00,0,0
1508082824,s2,0.00,0.00,0.00,0,0,0.00,0.00,0.00,0,0,0.00,0.00,0,0
1508082824,s1-eth2,12348.65,257122.89,269471.53,257380,12361,161.84,169.83,331.67,170,162,0.00,0.00,0,0
1508082824,s1-eth1,249560.45,12241.76,261802.20,12254,249810,164.84,160.84,325.67,161,165,0.00,0.00,0,0
1508082824,s2-eth2,4509.49,87724.28,92233.77,87812,4514,56.94,57.94,114.89,58,57,0.00,0.00,0,0
1508082824,s2-eth1,81863.00,4514.00,86377.00,4514,81863,55.00,57.00,112.00,57,55,0.00,0.00,0,0
1508082824,lo,344.00,344.00,688.00,344,344,6.00,6.00,12.00,6,6,0.00,0.00,0,0
1508082824,s4,0.00,0.00,0.00,0,0,0.00,0.00,0.00,0,0,0.00,0.00,0,0
1508082824,total,348892.00,362304.00,711196.00,362304,348892,445.00,452.00,897.00,452,445,0.00,0.00,0,0
1508082825,s5,0.00,0.00,0.00,0,0,0.00,0.00,0.00,0,0,0.00,0.00,0,0
1508082825,s1,0.00,0.00,0.00,0,0,0.00,0.00,0.00,0,0,0.00,0.00,0,0
1508082825,eth0,0.00,0.00,0.00,0,0,0.00,0.00,0.00,0,0,0.00,0.00,0,0
1508082825,eth1,0.00,0.00,0.00,0,0,0.00,0.00,0.00,0,0,0.00,0.00,0,0
1508082825,s2,0.00,0.00,0.00,0,0,0.00,0.00,0.00,0,0,0.00,0.00,0,0
1508082825,s1-eth2,12458.00,252838.00,265296.00,252838,12458,163.00,167.00,330.00,167,163,0.00,0.00,0,0
1508082825,s1-eth1,249810.00,12532.00,262342.00,12532,249810,165.00,164.00,329.00,164,165,0.00,0.00,0,0
1508082825,s2-eth2,3964.00,99966.00,103930.00,99966,3964,54.00,67.00,121.00,67,54,0.00,0.00,0,0
1508082825,s2-eth1,99966.00,3964.00,103930.00,3964,99966,67.00,54.00,121.00,54,67,0.00,0.00,0,0
1508082825,lo,172.00,172.00,344.00,172,172,3.00,3.00,6.00,3,3,0.00,0.00,0,0
1508082825,s4,0.00,0.00,0.00,0,0,0.00,0.00,0.00,0,0,0.00,0.00,0,0
1508082825,total,366370.00,369472.00,735842.00,369472,366370,452.00,455.00,907.00,455,452,0.00,0.00,0,0
1508082826,s5,0.00,0.00,0.00,0,0,0.00,0.00,0.00,0,0,0.00,0.00,0,0
1508082826,s1,0.00,0.00,0.00,0,0,0.00,0.00,0.00,0,0,0.00,0.00,0,0
1508082826,eth0,0.00,0.00,0.00,0,0,0.00,0.00,0.00,0,0,0.00,0.00,0,0
1508082826,eth1,0.00,0.00,0.00,0,0,0.00,0.00,0.00,0,0,0.00,0.00,0,0
1508082826,s2,0.00,0.00,0.00,0,0,0.00,0.00,0.00,0,0,0.00,0.00,0,0
1508082826,s1-eth2,12392.00,255866.00,268258.00,255866,12392,160.00,169.00,329.00,169,160,0.00,0.00,0,0
1508082826,s1-eth1,251324.00,12318.00,263642.00,12318,251324,166.00,159.00,325.00,159,166,0.00,0.00,0,0
1508082826,s2-eth2,4112.00,86298.00,90410.00,86298,4112,52.00,57.00,109.00,57,52,0.00,0.00,0,0
1508082826,s2-eth1,86298.00,4112.00,90410.00,4112,86298,57.00,52.00,109.00,52,57,0.00,0.00,0,0
1508082826,lo,172.00,172.00,344.00,172,172,3.00,3.00,6.00,3,3,0.00,0.00,0,0
1508082826,s4,0.00,0.00,0.00,0,0,0.00,0.00,0.00,0,0,0.00,0.00,0,0
1508082826,total,354298.00,358766.00,713064.00,358766,354298,438.00,440.00,878.00,440,438,0.00,0.00,0,0
1508082827,s5,0.00,0.00,0.00,0,0,0.00,0.00,0.00,0,0,0.00,0.00,0,0
1508082827,s1,0.00,0.00,0.00,0,0,0.00,0.00,0.00,0,0,0.00,0.00,0,0
1508082827,eth0,0.00,0.00,0.00,0,0,0.00,0.00,0.00,0,0,0.00,0.00,0,0
1508082827,eth1,0.00,0.00,0.00,0,0,0.00,0.00,0.00,0,0,0.00,0.00,0,0
1508082827,s2,0.00,0.00,0.00,0,0,0.00,0.00,0.00,0,0,0.00,0.00,0,0
1508082827,s1-eth2,12027.94,258377.25,270405.19,258894,12052,157.68,170.66,328.34,171,158,0.00,0.00,0,0
1508082827,s1-eth1,249652.70,12027.94,261680.64,12052,250152,165.67,157.68,323.35,158,166,0.00,0.00,0,0
1508082827,s2-eth2,3039.92,83103.80,86143.72,83270,3046,40.92,54.89,95.81,55,41,0.00,0.00,0,0
1508082827,s2-eth1,84614.77,3039.92,87654.70,3046,84784,55.89,40.92,96.81,41,56,0.00,0.00,0,0
1508082827,lo,0.00,0.00,0.00,0,0,0.00,0.00,0.00,0,0,0.00,0.00,0,0
1508082827,s4,0.00,0.00,0.00,0,0,0.00,0.00,0.00,0,0,0.00,0.00,0,0
1508082827,total,349335.34,356548.91,705884.25,357262,350034,420.16,424.15,844.31,425,421,0.00,0.00,0,0
1508082828,s5,0.00,0.00,0.00,0,0,0.00,0.00,0.00,0,0,0.00,0.00,0,0
1508082828,s1,0.00,0.00,0.00,0,0,0.00,0.00,0.00,0,0,0.00,0.00,0,0
1508082828,eth0,0.00,0.00,0.00,0,0,0.00,0.00,0.00,0,0,0.00,0.00,0,0
1508082828,eth1,0.00,0.00,0.00,0,0,0.00,0.00,0.00,0,0,0.00,0.00,0,0
1508082828,s2,0.00,0.00,0.00,0,0,0.00,0.00,0.00,0,0,0.00,0.00,0,0
1508082828,s1-eth2,12161.84,257122.89,269284.72,257380,12174,158.84,169.83,328.67,170,159,0.00,0.00,0,0
1508082828,s1-eth1,249560.45,12161.84,261722.28,12174,249810,164.84,158.84,323.68,159,165,0.00,0.00,0,0
1508082828,s2-eth2,3622.38,108899.10,112521.48,109008,3626,48.95,71.93,120.88,72,49,0.00,0.00,0,0
1508082828,s2-eth1,101678.33,3622.38,105300.70,3626,101780,67.93,48.95,116.88,49,68,0.00,0.00,0,0
1508082828,lo,0.00,0.00,0.00,0,0,0.00,0.00,0.00,0,0,0.00,0.00,0,0
1508082828,s4,0.00,0.00,0.00,0,0,0.00,0.00,0.00,0,0,0.00,0.00,0,0
1508082828,total,367023.00,381806.22,748829.19,382188,367390,440.56,449.55,890.11,450,441,0.00,0.00,0,0
1508082829,s5,0.00,0.00,0.00,0,0,0.00,0.00,0.00,0,0,0.00,0.00,0,0
1508082829,s1,0.00,0.00,0.00,0,0,0.00,0.00,0.00,0,0,0.00,0.00,0,0
1508082829,eth0,0.00,0.00,0.00,0,0,0.00,0.00,0.00,0,0,0.00,0.00,0,0
1508082829,eth1,0.00,0.00,0.00,0,0,0.00,0.00,0.00,0,0,0.00,0.00,0,0
1508082829,s2,0.00,0.00,0.00,0,0,0.00,0.00,0.00,0,0,0.00,0.00,0,0
1508082829,s1-eth2,12480.00,255866.00,268346.00,255866,12480,162.00,169.00,331.00,169,162,0.00,0.00,0,0
1508082829,s1-eth1,249810.00,12566.00,262376.00,12566,249810,165.00,163.00,328.00,163,165,0.00,0.00,0,0
1508082829,s2-eth2,4210.00,80242.00,84452.00,80242,4210,53.00,53.00,106.00,53,53,0.00,0.00,0,0
1508082829,s2-eth1,81756.00,4210.00,85966.00,4210,81756,54.00,53.00,107.00,53,54,0.00,0.00,0,0
1508082829,lo,344.00,344.00,688.00,344,344,6.00,6.00,12.00,6,6,0.00,0.00,0,0
1508082829,s4,0.00,0.00,0.00,0,0,0.00,0.00,0.00,0,0,0.00,0.00,0,0
1508082829,total,348600.00,353228.00,701828.00,353228,348600,440.00,444.00,884.00,444,440,0.00,0.00,0,0
1508082830,s5,0.00,0.00,0.00,0,0,0.00,0.00,0.00,0,0,0.00,0.00,0,0
1508082830,s1,0.00,0.00,0.00,0,0,0.00,0.00,0.00,0,0,0.00,0.00,0,0
1508082830,eth0,0.00,0.00,0.00,0,0,0.00,0.00,0.00,0,0,0.00,0.00,0,0
1508082830,eth1,0.00,0.00,0.00,0,0,0.00,0.00,0.00,0,0,0.00,0.00,0,0
1508082830,s2,0.00,0.00,0.00,0,0,0.00,0.00,0.00,0,0,0.00,0.00,0,0
1508082830,s1-eth2,13076.00,260408.00,273484.00,260408,13076,164.00,172.00,336.00,172,164,0.00,0.00,0,0
1508082830,s1-eth1,249810.00,12648.00,262458.00,12648,249810,165.00,162.00,327.00,162,165,0.00,0.00,0,0
1508082830,s2-eth2,2738.00,93868.00,96606.00,93868,2738,37.00,62.00,99.00,62,37,0.00,0.00,0,0
1508082830,s2-eth1,95382.00,2738.00,98120.00,2738,95382,63.00,37.00,100.00,37,63,0.00,0.00,0,0
1508082830,lo,172.00,172.00,344.00,172,172,3.00,3.00,6.00,3,3,0.00,0.00,0,0
1508082830,s4,0.00,0.00,0.00,0,0,0.00,0.00,0.00,0,0,0.00,0.00,0,0
1508082830,total,361178.00,369834.00,731012.00,369834,361178,432.00,436.00,868.00,436,432,0.00,0.00,0,0
1508082831,s5,0.00,0.00,0.00,0,0,0.00,0.00,0.00,0,0,0.00,0.00,0,0
1508082831,s1,0.00,0.00,0.00,0,0,0.00,0.00,0.00,0,0,0.00,0.00,0,0
1508082831,eth0,0.00,0.00,0.00,0,0,0.00,0.00,0.00,0,0,0.00,0.00,0,0
1508082831,eth1,0.00,0.00,0.00,0,0,0.00,0.00,0.00,0,0,0.00,0.00,0,0
1508082831,s2,0.00,0.00,0.00,0,0,0.00,0.00,0.00,0,0,0.00,0.00,0,0
1508082831,s1-eth2,11632.00,258894.00,270526.00,258894,11632,152.00,171.00,323.00,171,152,0.00,0.00,0,0
1508082831,s1-eth1,242240.00,11706.00,253946.00,11706,242240,160.00,153.00,313.00,153,160,0.00,0.00,0,0
1508082831,s2-eth2,3376.00,121120.00,124496.00,121120,3376,42.00,80.00,122.00,80,42,0.00,0.00,0,0
1508082831,s2-eth1,113550.00,3034.00,116584.00,3034,113550,75.00,41.00,116.00,41,75,0.00,0.00,0,0
1508082831,lo,172.00,172.00,344.00,172,172,3.00,3.00,6.00,3,3,0.00,0.00,0,0
1508082831,s4,0.00,0.00,0.00,0,0,0.00,0.00,0.00,0,0,0.00,0.00,0,0
1508082831,total,370970.00,394926.00,765896.00,394926,370970,432.00,448.00,880.00,448,432,0.00,0.00,0,0
1508082832,s5,0.00,0.00,0.00,0,0,0.00,0.00,0.00,0,0,0.00,0.00,0,0
1508082832,s1,0.00,0.00,0.00,0,0,0.00,0.00,0.00,0,0,0.00,0.00,0,0
1508082832,eth0,0.00,0.00,0.00,0,0,0.00,0.00,0.00,0,0,0.00,0.00,0,0
1508082832,eth1,0.00,0.00,0.00,0,0,0.00,0.00,0.00,0,0,0.00,0.00,0,0
1508082832,s2,0.00,0.00,0.00,0,0,0.00,0.00,0.00,0,0,0.00,0.00,0,0
1508082832,s1-eth2,2454.00,34970.00,37424.00,34970,2454,33.00,25.00,58.00,25,33,0.00,0.00,0,0
1508082832,s1-eth1,44054.00,2380.00,46434.00,2380,44054,31.00,32.00,63.00,32,31,0.00,0.00,0,0
1508082832,s2-eth2,1048.00,15756.00,16804.00,15756,1048,14.00,14.00,28.00,14,14,0.00,0.00,0,0
1508082832,s2-eth1,29382.00,1048.00,30430.00,1048,29382,23.00,14.00,37.00,14,23,0.00,0.00,0,0
1508082832,lo,0.00,0.00,0.00,0,0,0.00,0.00,0.00,0,0,0.00,0.00,0,0
1508082832,s4,0.00,0.00,0.00,0,0,0.00,0.00,0.00,0,0,0.00,0.00,0,0
1508082832,total,76938.00,54154.00,131092.00,54154,76938,101.00,85.00,186.00,85,101,0.00,0.00,0,0
1508082833,s5,0.00,0.00,0.00,0,0,0.00,0.00,0.00,0,0,0.00,0.00,0,0
1508082833,s1,0.00,0.00,0.00,0,0,0.00,0.00,0.00,0,0,0.00,0.00,0,0
1508082833,eth0,0.00,0.00,0.00,0,0,0.00,0.00,0.00,0,0,0.00,0.00,0,0
1508082833,eth1,0.00,0.00,0.00,0,0,0.00,0.00,0.00,0,0,0.00,0.00,0,0
1508082833,s2,0.00,0.00,0.00,0,0,0.00,0.00,0.00,0,0,0.00,0.00,0,0
1508082833,s1-eth2,0.00,0.00,0.00,0,0,0.00,0.00,0.00,0,0,0.00,0.00,0,0
1508082833,s1-eth1,0.00,0.00,0.00,0,0,0.00,0.00,0.00,0,0,0.00,0.00,0,0
1508082833,s2-eth2,0.00,0.00,0.00,0,0,0.00,0.00,0.00,0,0,0.00,0.00,0,0
1508082833,s2-eth1,0.00,0.00,0.00,0,0,0.00,0.00,0.00,0,0,0.00,0.00,0,0
1508082833,lo,0.00,0.00,0.00,0,0,0.00,0.00,0.00,0,0,0.00,0.00,0,0
1508082833,s4,0.00,0.00,0.00,0,0,0.00,0.00,0.00,0,0,0.00,0.00,0,0
1508082833,total,0.00,0.00,0.00,0,0,0.00,0.00,0.00,0,0,0.00,0.00,0,0
1508082834,s5,0.00,0.00,0.00,0,0,0.00,0.00,0.00,0,0,0.00,0.00,0,0
1508082834,s1,0.00,0.00,0.00,0,0,0.00,0.00,0.00,0,0,0.00,0.00,0,0
1508082834,eth0,0.00,0.00,0.00,0,0,0.00,0.00,0.00,0,0,0.00,0.00,0,0
1508082834,eth1,0.00,0.00,0.00,0,0,0.00,0.00,0.00,0,0,0.00,0.00,0,0
1508082834,s2,0.00,0.00,0.00,0,0,0.00,0.00,0.00,0,0,0.00,0.00,0,0
1508082834,s1-eth2,0.00,0.00,0.00,0,0,0.00,0.00,0.00,0,0,0.00,0.00,0,0
1508082834,s1-eth1,0.00,0.00,0.00,0,0,0.00,0.00,0.00,0,0,0.00,0.00,0,0
1508082834,s2-eth2,0.00,0.00,0.00,0,0,0.00,0.00,0.00,0,0,0.00,0.00,0,0
1508082834,s2-eth1,0.00,0.00,0.00,0,0,0.00,0.00,0.00,0,0,0.00,0.00,0,0
1508082834,lo,344.00,344.00,688.00,344,344,6.00,6.00,12.00,6,6,0.00,0.00,0,0
1508082834,s4,0.00,0.00,0.00,0,0,0.00,0.00,0.00,0,0,0.00,0.00,0,0
1508082834,total,344.00,344.00,688.00,344,344,6.00,6.00,12.00,6,6,0.00,0.00,0,0
1508082835,s5,0.00,0.00,0.00,0,0,0.00,0.00,0.00,0,0,0.00,0.00,0,0
1508082835,s1,0.00,0.00,0.00,0,0,0.00,0.00,0.00,0,0,0.00,0.00,0,0
1508082835,eth0,0.00,0.00,0.00,0,0,0.00,0.00,0.00,0,0,0.00,0.00,0,0
1508082835,eth1,0.00,0.00,0.00,0,0,0.00,0.00,0.00,0,0,0.00,0.00,0,0
1508082835,s2,0.00,0.00,0.00,0,0,0.00,0.00,0.00,0,0,0.00,0.00,0,0
1508082835,s1-eth2,0.00,0.00,0.00,0,0,0.00,0.00,0.00,0,0,0.00,0.00,0,0
1508082835,s1-eth1,0.00,0.00,0.00,0,0,0.00,0.00,0.00,0,0,0.00,0.00,0,0
1508082835,s2-eth2,0.00,0.00,0.00,0,0,0.00,0.00,0.00,0,0,0.00,0.00,0,0
1508082835,s2-eth1,0.00,0.00,0.00,0,0,0.00,0.00,0.00,0,0,0.00,0.00,0,0
1508082835,lo,172.00,172.00,344.00,172,172,3.00,3.00,6.00,3,3,0.00,0.00,0,0
1508082835,s4,0.00,0.00,0.00,0,0,0.00,0.00,0.00,0,0,0.00,0.00,0,0
1508082835,total,172.00,172.00,344.00,172,172,3.00,3.00,6.00,3,3,0.00,0.00,0,0
1508082836,s5,0.00,0.00,0.00,0,0,0.00,0.00,0.00,0,0,0.00,0.00,0,0
1508082836,s1,0.00,0.00,0.00,0,0,0.00,0.00,0.00,0,0,0.00,0.00,0,0
1508082836,eth0,0.00,0.00,0.00,0,0,0.00,0.00,0.00,0,0,0.00,0.00,0,0
1508082836,eth1,0.00,0.00,0.00,0,0,0.00,0.00,0.00,0,0,0.00,0.00,0,0
1508082836,s2,0.00,0.00,0.00,0,0,0.00,0.00,0.00,0,0,0.00,0.00,0,0
1508082836,s1-eth2,0.00,0.00,0.00,0,0,0.00,0.00,0.00,0,0,0.00,0.00,0,0
1508082836,s1-eth1,0.00,0.00,0.00,0,0,0.00,0.00,0.00,0,0,0.00,0.00,0,0
1508082836,s2-eth2,0.00,0.00,0.00,0,0,0.00,0.00,0.00,0,0,0.00,0.00,0,0
1508082836,s2-eth1,0.00,0.00,0.00,0,0,0.00,0.00,0.00,0,0,0.00,0.00,0,0
1508082836,lo,171.83,171.83,343.66,172,172,3.00