1508084391,s5,0.00,0.00,0.00,0,0,0.00,0.00,0.00,0,0,0.00,0.00,0,0
1508084391,s1,0.00,0.00,0.00,0,0,0.00,0.00,0.00,0,0,0.00,0.00,0,0
1508084391,eth0,0.00,0.00,0.00,0,0,0.00,0.00,0.00,0,0,0.00,0.00,0,0
1508084391,eth1,0.00,0.00,0.00,0,0,0.00,0.00,0.00,0,0,0.00,0.00,0,0
1508084391,s1-eth2,0.00,0.00,0.00,0,0,0.00,0.00,0.00,0,0,0.00,0.00,0,0
1508084391,s1-eth1,0.00,0.00,0.00,0,0,0.00,0.00,0.00,0,0,0.00,0.00,0,0
1508084391,lo,0.00,0.00,0.00,0,0,0.00,0.00,0.00,0,0,0.00,0.00,0,0
1508084391,s4,0.00,0.00,0.00,0,0,0.00,0.00,0.00,0,0,0.00,0.00,0,0
1508084391,total,0.00,0.00,0.00,0,0,0.00,0.00,0.00,0,0,0.00,0.00,0,0
1508084392,s5,0.00,0.00,0.00,0,0,0.00,0.00,0.00,0,0,0.00,0.00,0,0
1508084392,s1,250.00,500.00,750.00,500,250,3.00,6.00,9.00,6,3,0.00,0.00,0,0
1508084392,eth0,516.00,795.00,1311.00,795,516,7.00,7.00,14.00,7,7,0.00,0.00,0,0
1508084392,eth1,0.00,0.00,0.00,0,0,0.00,0.00,0.00,0,0,0.00,0.00,0,0
1508084392,s1-eth2,7493.00,246096.00,253589.00,246096,7493,95.00,86.00,181.00,86,95,0.00,0.00,0,0
1508084392,s1-eth1,244658.00,5464.00,250122.00,5464,244658,95.00,82.00,177.00,82,95,0.00,0.00,0,0
1508084392,lo,3555.00,3555.00,7110.00,3555,3555,39.00,39.00,78.00,39,39,0.00,0.00,0,0
1508084392,s4,0.00,0.00,0.00,0,0,0.00,0.00,0.00,0,0,0.00,0.00,0,0
1508084392,total,256472.00,256410.00,512882.00,256410,256472,239.00,220.00,459.00,220,239,0.00,0.00,0,0
1508084393,s5,0.00,0.00,0.00,0,0,0.00,0.00,0.00,0,0,0.00,0.00,0,0
1508084393,s1,0.00,0.00,0.00,0,0,0.00,0.00,0.00,0,0,0.00,0.00,0,0
1508084393,eth0,151.85,244.76,396.60,245,152,2.00,2.00,4.00,2,2,0.00,0.00,0,0
1508084393,eth1,0.00,0.00,0.00,0,0,0.00,0.00,0.00,0,0,0.00,0.00,0,0
1508084393,s1-eth2,6298.70,244285.72,250584.42,244530,6305,82.92,84.92,167.83,85,83,0.00,0.00,0,0
1508084393,s1-eth1,244117.89,5334.67,249452.55,5340,244362,87.91,79.92,167.83,80,88,0.00,0.00,0,0
1508084393,lo,340.66,340.66,681.32,341,341,4.00,4.00,7.99,4,4,0.00,0.00,0,0
1508084393,s4,0.00,0.00,0.00,0,0,0.00,0.00,0.00,0,0,0.00,0.00,0,0
1508084393,total,250909.09,250205.80,501114.91,250456,251160,176.82,170.83,347.65,171,177,0.00,0.00,0,0
1508084394,s5,0.00,0.00,0.00,0,0,0.00,0.00,0.00,0,0,0.00,0.00,0,0
1508084394,s1,0.00,0.00,0.00,0,0,0.00,0.00,0.00,0,0,0.00,0.00,0,0
1508084394,eth0,0.00,0.00,0.00,0,0,0.00,0.00,0.00,0,0,0.00,0.00,0,0
1508084394,eth1,0.00,0.00,0.00,0,0,0.00,0.00,0.00,0,0,0.00,0.00,0,0
1508084394,s1-eth2,7489.51,252837.17,260326.69,253090,7497,103.90,104.90,208.79,105,104,0.00,0.00,0,0
1508084394,s1-eth1,247377.62,7084.92,254462.55,7092,247625,105.89,101.90,207.79,102,106,0.00,0.00,0,0
1508084394,lo,0.00,0.00,0.00,0,0,0.00,0.00,0.00,0,0,0.00,0.00,0,0
1508084394,s4,0.00,0.00,0.00,0,0,0.00,0.00,0.00,0,0,0.00,0.00,0,0
1508084394,total,254867.14,259922.08,514789.22,260182,255122,209.79,206.79,416.58,207,210,0.00,0.00,0,0
1508084395,s5,0.00,0.00,0.00,0,0,0.00,0.00,0.00,0,0,0.00,0.00,0,0
1508084395,s1,0.00,0.00,0.00,0,0,0.00,0.00,0.00,0,0,0.00,0.00,0,0
1508084395,eth0,0.00,0.00,0.00,0,0,0.00,0.00,0.00,0,0,0.00,0.00,0,0
1508084395,eth1,0.00,0.00,0.00,0,0,0.00,0.00,0.00,0,0,0.00,0.00,0,0
1508084395,s1-eth2,5918.08,254741.27,260659.34,254996,5924,84.92,89.91,174.83,90,85,0.00,0.00,0,0
1508084395,s1-eth1,243012.00,5544.46,248556.45,5550,243255,86.91,82.92,169.83,83,87,0.00,0.00,0,0
1508084395,lo,0.00,0.00,0.00,0,0,0.00,0.00,0.00,0,0,0.00,0.00,0,0
1508084395,s4,0.00,0.00,0.00,0,0,0.00,0.00,0.00,0,0,0.00,0.00,0,0
1508084395,total,248930.08,260285.72,509215.81,260546,249179,171.83,172.83,344.66,173,172,0.00,0.00,0,0
1508084396,s5,0.00,0.00,0.00,0,0,0.00,0.00,0.00,0,0,0.00,0.00,0,0
1508084396,s1,70.00,140.00,210.00,140,70,1.00,2.00,3.00,2,1,0.00,0.00,0,0
1508084396,eth0,0.00,0.00,0.00,0,0,0.00,0.00,0.00,0,0,0.00,0.00,0,0
1508084396,eth1,0.00,0.00,0.00,0,0,0.00,0.00,0.00,0,0,0.00,0.00,0,0
1508084396,s1-eth2,6147.00,247826.00,253973.00,247826,6147,87.00,91.00,178.00,91,87,0.00,0.00,0,0
1508084396,s1-eth1,247046.00,5680.00,252726.00,5680,247046,94.00,84.00,178.00,84,94,0.00,0.00,0,0
1508084396,lo,1252.00,1252.00,2504.00,1252,1252,17.00,17.00,34.00,17,17,0.00,0.00,0,0
1508084396,s4,0.00,0.00,0.00,0,0,0.00,0.00,0.00,0,0,0.00,0.00,0,0
1508084396,total,254515.00,254898.00,509413.00,254898,254515,199.00,194.00,393.00,194,199,0.00,0.00,0,0
1508084397,s5,0.00,0.00,0.00,0,0,0.00,0.00,0.00,0,0,0.00,0.00,0,0
1508084397,s1,0.00,0.00,0.00,0,0,0.00,0.00,0.00,0,0,0.00,0.00,0,0
1508084397,eth0,0.00,0.00,0.00,0,0,0.00,0.00,0.00,0,0,0.00,0.00,0,0
1508084397,eth1,0.00,0.00,0.00,0,0,0.00,0.00,0.00,0,0,0.00,0.00,0,0
1508084397,s1-eth2,5784.00,249204.00,254988.00,249204,5784,86.00,90.00,176.00,90,86,0.00,0.00,0,0
1508084397,s1-eth1,243214.00,5784.00,248998.00,5784,243214,87.00,86.00,173.00,86,87,0.00,0.00,0,0
1508084397,lo,0.00,0.00,0.00,0,0,0.00,0.00,0.00,0,0,0.00,0.00,0,0
1508084397,s4,0.00,0.00,0.00,0,0,0.00,0.00,0.00,0,0,0.00,0.00,0,0
1508084397,total,248998.00,254988.00,503986.00,254988,248998,173.00,176.00,349.00,176,173,0.00,0.00,0,0
1508084398,s5,0.00,0.00,0.00,0,0,0.00,0.00,0.00,0,0,0.00,0.00,0,0
1508084398,s1,0.00,0.00,0.00,0,0,0.00,0.00,0.00,0,0,0.00,0.00,0,0
1508084398,eth0,0.00,0.00,0.00,0,0,0.00,0.00,0.00,0,0,0.00,0.00,0,0
1508084398,eth1,0.00,0.00,0.00,0,0,0.00,0.00,0.00,0,0,0.00,0.00,0,0
1508084398,s1-eth2,6336.00,253680.00,260016.00,253680,6336,90.00,92.00,182.00,92,90,0.00,0.00,0,0
1508084398,s1-eth1,246308.00,5994.00,252302.00,5994,246308,90.00,89.00,179.00,89,90,0.00,0.00,0,0
1508084398,lo,0.00,0.00,0.00,0,0,0.00,0.00,0.00,0,0,0.00,0.00,0,0
1508084398,s4,0.00,0.00,0.00,0,0,0.00,0.00,0.00,0,0,0.00,0.00,0,0
1508084398,total,252644.00,259674.00,512318.00,259674,252644,180.00,181.00,361.00,181,180,0.00,0.00,0,0
1508084399,s5,0.00,0.00,0.00,0,0,0.00,0.00,0.00,0,0,0.00,0.00,0,0
1508084399,s1,0.00,0.00,0.00,0,0,0.00,0.00,0.00,0,0,0.00,0.00,0,0
1508084399,eth0,0.00,0.00,0.00,0,0,0.00,0.00,0.00,0,0,0.00,0.00,0,0
1508084399,eth1,0.00,0.00,0.00,0,0,0.00,0.00,0.00,0,0,0.00,0.00,0,0
1508084399,s1-eth2,5807.19,251782.22,257589.42,252034,5813,85.91,88.91,174.83,89,86,0.00,0.00,0,0
1508084399,s1-eth1,242905.09,5700.30,248605.41,5706,243148,85.91,84.92,170.83,85,86,0.00,0.00,0,0
1508084399,lo,0.00,0.00,0.00,0,0,0.00,0.00,0.00,0,0,0.00,0.00,0,0
1508084399,s4,0.00,0.00,0.00,0,0,0.00,0.00,0.00,0,0,0.00,0.00,0,0
1508084399,total,248712.30,257482.53,506194.81,257740,248961,171.83,173.83,345.65,174,172,0.00,0.00,0,0
1508084400,s5,0.00,0.00,0.00,0,0,0.00,0.00,0.00,0,0,0.00,0.00,0,0
1508084400,s1,70.00,140.00,210.00,140,70,1.00,2.00,3.00,2,1,0.00,0.00,0,0
1508084400,eth0,0.00,0.00,0.00,0,0,0.00,0.00,0.00,0,0,0.00,0.00,0,0
1508084400,eth1,0.00,0.00,0.00,0,0,0.00,0.00,0.00,0,0,0.00,0.00,0,0
1508084400,s1-eth2,5424.00,248878.00,254302.00,248878,5424,82.00,85.00,167.00,85,82,0.00,0.00,0,0
1508084400,s1-eth1,246398.00,5284.00,251682.00,5284,246398,87.00,80.00,167.00,80,87,0.00,0.00,0,0
1508084400,lo,804.00,804.00,1608.00,804,804,9.00,9.00,18.00,9,9,0.00,0.00,0,0
1508084400,s4,0.00,0.00,0.00,0,0,0.00,0.00,0.00,0,0,0.00,0.00,0,0
1508084400,total,252696.00,255106.00,507802.00,255106,252696,179.00,176.00,355.00,176,179,0.00,0.00,0,0
1508084401,s5,0.00,0.00,0.00,0,0,0.00,0.00,0.00,0,0,0.00,0.00,0,0
1508084401,s1,0.00,0.00,0.00,0,0,0.00,0.00,0.00,0,0,0.00,0.00,0,0
1508084401,eth0,0.00,0.00,0.00,0,0,0.00,0.00,0.00,0,0,0.00,0.00,0,0
1508084401,eth1,0.00,0.00,0.00,0,0,0.00,0.00,0.00,0,0,0.00,0.00,0,0
1508084401,s1-eth2,5560.00,252232.00,257792.00,252232,5560,82.00,92.00,174.00,92,82,0.00,0.00,0,0
1508084401,s1-eth1,243346.00,5560.00,248906.00,5560,243346,89.00,82.00,171.00,82,89,0.00,0.00,0,0
1508084401,lo,344.00,344.00,688.00,344,344,6.00,6.00,12.00,6,6,0.00,0.00,0,0
1508084401,s4,0.00,0.00,0.00,0,0,0.00,0.00,0.00,0,0,0.00,0.00,0,0
1508084401,total,249250.00,258136.00,507386.00,258136,249250,177.00,180.00,357.00,180,177,0.00,0.00,0,0
1508084402,s5,0.00,0.00,0.00,0,0,0.00,0.00,0.00,0,0,0.00,0.00,0,0
1508084402,s1,0.00,0.00,0.00,0,0,0.00,0.00,0.00,0,0,0.00,0.00,0,0
1508084402,eth0,60.00,60.00,120.00,60,60,1.00,1.00,2.00,1,1,0.00,0.00,0,0
1508084402,eth1,0.00,0.00,0.00,0,0,0.00,0.00,0.00,0,0,0.00,0.00,0,0
1508084402,s1-eth2,5280.00,245846.00,251126.00,245846,5280,80.00,83.00,163.00,83,80,0.00,0.00,0,0
1508084402,s1-eth1,245846.00,5346.00,251192.00,5346,245846,83.00,81.00,164.00,81,83,0.00,0.00,0,0
1508084402,lo,0.00,0.00,0.00,0,0,0.00,0.00,0.00,0,0,0.00,0.00,0,0
1508084402,s4,0.00,0.00,0.00,0,0,0.00,0.00,0.00,0,0,0.00,0.00,0,0
1508084402,total,251186.00,251252.00,502438.00,251252,251186,164.00,165.00,329.00,165,164,0.00,0.00,0,0
1508084403,s5,0.00,0.00,0.00,0,0,0.00,0.00,0.00,0,0,0.00,0.00,0,0
1508084403,s1,0.00,0.00,0.00,0,0,0.00,0.00,0.00,0,0,0.00,0.00,0,0
1508084403,eth0,0.00,0.00,0.00,0,0,0.00,0.00,0.00,0,0,0.00,0.00,0,0
1508084403,eth1,0.00,0.00,0.00,0,0,0.00,0.00,0.00,0,0,0.00,0.00,0,0
1508084403,s1-eth2,5790.00,244926.00,250716.00,244926,5790,85.00,91.00,176.00,91,85,0.00,0.00,0,0
1508084403,s1-eth1,246374.00,5724.00,252098.00,5724,246374,91.00,84.00,175.00,84,91,0.00,0.00,0,0
1508084403,lo,0.00,0.00,0.00,0,0,0.00,0.00,0.00,0,0,0.00,0.00,0,0
1508084403,s4,0.00,0.00,0.00,0,0,0.00,0.00,0.00,0,0,0.00,0.00,0,0
1508084403,total,252164.00,250650.00,502814.00,250650,252164,176.00,175.00,351.00,175,176,0.00,0.00,0,0
1508084404,s5,0.00,0.00,0.00,0,0,0.00,0.00,0.00,0,0,0.00,0.00,0,0
1508084404,s1,0.00,0.00,0.00,0,0,0.00,0.00,0.00,0,0,0.00,0.00,0,0
1508084404,eth0,0.00,0.00,0.00,0,0,0.00,0.00,0.00,0,0,0.00,0.00,0,0
1508084404,eth1,0.00,0.00,0.00,0,0,0.00,0.00,0.00,0,0,0.00,0.00,0,0
1508084404,s1-eth2,5736.00,249072.00,254808.00,249072,5736,86.00,88.00,174.00,88,86,0.00,0.00,0,0
1508084404,s1-eth1,243148.00,5736.00,248884.00,5736,243148,86.00,86.00,172.00,86,86,0.00,0.00,0,0
1508084404,lo,0.00,0.00,0.00,0,0,0.00,0.00,0.00,0,0,0.00,0.00,0,0
1508084404,s4,0.00,0.00,0.00,0,0,0.00,0.00,0.00,0,0,0.00,0.00,0,0
1508084404,total,248884.00,254808.00,503692.00,254808,248884,172.00,174.00,346.00,174,172,0.00,0.00,0,0
1508084405,s5,0.00,0.00,0.00,0,0,0.00,0.00,0.00,0,0,0.00,0.00,0,0
1508084405,s1,0.00,0.00,0.00,0,0,0.00,0.00,0.00,0,0,0.00,0.00,0,0
1508084405,eth0,0.00,0.00,0.00,0,0,0.00,0.00,0.00,0,0,0.00,0.00,0,0
1508084405,eth1,0.00,0.00,0.00,0,0,0.00,0.00,0.00,0,0,0.00,0.00,0,0
1508084405,s1-eth2,5832.17,195498.50,201330.67,195694,5838,82.92,90.91,173.83,91,83,0.00,0.00,0,0
1508084405,s1-eth1,187936.06,5832.17,193768.23,5838,188124,85.91,82.92,168.83,83,86,0.00,0.00,0,0
1508084405,lo,171.83,171.83,343.66,172,172,3.00,3.00,5.99,3,3,0.00,0.00,0,0
1508084405,s4,0.00,0.00,0.00,0,0,0.00,0.00,0.00,0,0,0.00,0.00,0,0
1508084405,total,193940.06,201502.50,395442.56,201704,194134,171.83,176.82,348.65,177,172,0.00,0.00,0,0
1508084406,s5,0.00,0.00,0.00,0,0,0.00,0.00,0.00,0,0,0.00,0.00,0,0
1508084406,s1,0.00,0.00,0.00,0,0,0.00,0.00,0.00,0,0,0.00,0.00,0,0
1508084406,eth0,0.00,0.00,0.00,0,0,0.00,0.00,0.00,0,0,0.00,0.00,0,0
1508084406,eth1,0.00,0.00,0.00,0,0,0.00,0.00,0.00,0,0,0.00,0.00,0,0
1508084406,s1-eth2,6042.00,256840.00,262882.00,256840,6042,89.00,96.00,185.00,96,89,0.00,0.00,0,0
1508084406,s1-eth1,243478.00,6042.00,249520.00,6042,243478,91.00,89.00,180.00,89,91,0.00,0.00,0,0
1508084406,lo,344.00,344.00,688.00,344,344,6.00,6.00,12.00,6,6,0.00,0.00,0,0
1508084406,s4,0.00,0.00,0.00,0,0,0.00,0.00,0.00,0,0,0.00,0.00,0,0
1508084406,total,249864.00,263226.00,513090.00,263226,249864,186.00,191.00,377.00,191,186,0.00,0.00,0,0
1508084407,s5,0.00,0.00,0.00,0,0,0.00,0.00,0.00,0,0,0.00,0.00,0,0
1508084407,s1,0.00,0.00,0.00,0,0,0.00,0.00,0.00,0,0,0.00,0.00,0,0
1508084407,eth0,0.00,0.00,0.00,0,0,0.00,0.00,0.00,0,0,0.00,0.00,0,0
1508084407,eth1,0.00,0.00,0.00,0,0,0.00,0.00,0.00,0,0,0.00,0.00,0,0
1508084407,s1-eth2,6557.00,255458.00,262015.00,255458,6557,92.00,97.00,189.00,97,92,0.00,0.00,0,0
1508084407,s1-eth1,246613.00,6108.00,252721.00,6108,246613,94.00,90.00,184.00,90,94,0.00,0.00,0,0
1508084407,lo,0.00,0.00,0.00,0,0,0.00,0.00,0.00,0,0,0.00,0.00,0,0
1508084407,s4,0.00,0.00,0.00,0,0,0.00,0.00,0.00,0,0,0.00,0.00,0,0
1508084407,total,253170.00,261566.00,514736.00,261566,253170,186.00,187.00,373.00,187,186,0.00,0.00,0,0
1508084408,s5,0.00,0.00,0.00,0,0,0.00,0.00,0.00,0,0,0.00,0.00,0,0
1508084408,s1,0.00,0.00,0.00,0,0,0.00,0.00,0.00,0,0,0.00,0.00,0,0
1508084408,eth0,0.00,0.00,0.00,0,0,0.00,0.00,0.00,0,0,0.00,0.00,0,0
1508084408,eth1,0.00,0.00,0.00,0,0,0.00,0.00,0.00,0,0,0.00,0.00,0,0
1508084408,s1-eth2,5676.32,254741.27,260417.59,254996,5682,84.92,89.91,174.83,90,85,0.00,0.00,0,0
1508084408,s1-eth1,245864.14,5676.32,251540.47,5682,246110,86.91,84.92,171.83,85,87,0.00,0.00,0,0
1508084408,lo,0.00,0.00,0.00,0,0,0.00,0.00,0.00,0,0,0.00,0.00,0,0
1508084408,s4,0.00,0.00,0.00,0,0,0.00,0.00,0.00,0,0,0.00,0.00,0,0
1508084408,total,251540.47,260417.59,511958.06,260678,251792,171.83,174.83,346.65,175,172,0.00,0.00,0,0
1508084409,s5,0.00,0.00,0.00,0,0,0.00,0.00,0.00,0,0,0.00,0.00,0,0
1508084409,s1,0.00,0.00,0.00,0,0,0.00,0.00,0.00,0,0,0.00,0.00,0,0
1508084409,eth0,0.00,0.00,0.00,0,0,0.00,0.00,0.00,0,0,0.00,0.00,0,0
1508084409,eth1,0.00,0.00,0.00,0,0,0.00,0.00,0.00,0,0,0.00,0.00,0,0
1508084409,s1-eth2,6060.00,252364.00,258424.00,252364,6060,90.00,94.00,184.00,94,90,0.00,0.00,0,0
1508084409,s1-eth1,243478.00,6060.00,249538.00,6060,243478,91.00,90.00,181.00,90,91,0.00,0.00,0,0
1508084409,lo,0.00,0.00,0.00,0,0,0.00,0.00,0.00,0,0,0.00,0.00,0,0
1508084409,s4,0.00,0.00,0.00,0,0,0.00,0.00,0.00,0,0,0.00,0.00,0,0
1508084409,total,249538.00,258424.00,507962.00,258424,249538,181.00,184.00,365.00,184,181,0.00,0.00,0,0
1508084410,s5,0.00,0.00,0.00,0,0,0.00,0.00,0.00,0,0,0.00,0.00,0,0
1508084410,s1,0.00,0.00,0.00,0,0,0.00,0.00,0.00,0,0,0.00,0.00,0,0
1508084410,eth0,0.00,0.00,0.00,0,0,0.00,0.00,0.00,0,0,0.00,0.00,0,0
1508084410,eth1,0.00,0.00,0.00,0,0,0.00,0.00,0.00,0,0,0.00,0.00,0,0
1508084410,s1-eth2,6312.00,248350.00,254662.00,248350,6312,92.00,99.00,191.00,99,92,0.00,0.00,0,0
1508084410,s1-eth1,245322.00,6378.00,251700.00,6378,245322,97.00,93.00,190.00,93,97,0.00,0.00,0,0
1508084410,lo,172.00,172.00,344.00,172,172,3.00,3.00,6.00,3,3,0.00,0.00,0,0
1508084410,s4,0.00,0.00,0.00,0,0,0.00,0.00,0.00,0,0,0.00,0.00,0,0
1508084410,total,251806.00,254900.00,506706.00,254900,251806,192.00,195.00,387.00,195,192,0.00,0.00,0,0
1508084411,s5,0.00,0.00,0.00,0,0,0.00,0.00,0.00,0,0,0.00,0.00,0,0
1508084411,s1,0.00,0.00,0.00,0,0,0.00,0.00,0.00,0,0,0.00,0.00,0,0
1508084411,eth0,0.00,0.00,0.00,0,0,0.00,0.00,0.00,0,0,0.00,0.00,0,0
1508084411,eth1,0.00,0.00,0.00,0,0,0.00,0.00,0.00,0,0,0.00,0.00,0,0
1508084411,s1-eth2,5670.33,257568.44,263238.78,257826,5676,85.91,88.91,174.83,89,86,0.00,0.00,0,0
1508084411,s1-eth1,244285.72,5604.40,249890.11,5610,244530,84.92,84.92,169.83,85,85,0.00,0.00,0,0
1508084411,lo,343.66,343.66,687.31,344,344,5.99,5.99,11.99,6,6,0.00,0.00,0,0
1508084411,s4,0.00,0.00,0.00,0,0,0.00,0.00,0.00,0,0,0.00,0.00,0,0
1508084411,total,250299.70,263516.50,513816.19,263780,250550,176.82,179.82,356.64,180,177,0.00,0.00,0,0
1508084412,s5,0.00,0.00,0.00,0,0,0.00,0.00,0.00,0,0,0.00,0.00,0,0
1508084412,s1,0.00,0.00,0.00,0,0,0.00,0.00,0.00,0,0,0.00,0.00,0,0
1508084412,eth0,60.00,60.00,120.00,60,60,1.00,1.00,2.00,1,1,0.00,0.00,0,0
1508084412,eth1,0.00,0.00,0.00,0,0,0.00,0.00,0.00,0,0,0.00,0.00,0,0
1508084412,s1-eth2,6138.00,249732.00,255870.00,249732,6138,89.00,98.00,187.00,98,89,0.00,0.00,0,0
1508084412,s1-eth1,245124.00,6138.00,251262.00,6138,245124,94.00,89.00,183.00,89,94,0.00,0.00,0,0
1508084412,lo,0.00,0.00,0.00,0,0,0.00,0.00,0.00,0,0,0.00,0.00,0,0
1508084412,s4,0.00,0.00,0.00,0,0,0.00,0.00,0.00,0,0,0.00,0.00,0,0
1508084412,total,251322.00,255930.00,507252.00,255930,251322,184.00,188.00,372.00,188,184,0.00,0.00,0,0
1508084413,s5,0.00,0.00,0.00,0,0,0.00,0.00,0.00,0,0,0.00,0.00,0,0
1508084413,s1,0.00,0.00,0.00,0,0,0.00,0.00,0.00,0,0,0.00,0.00,0,0
1508084413,eth0,0.00,0.00,0.00,0,0,0.00,0.00,0.00,0,0,0.00,0.00,0,0
1508084413,eth1,0.00,0.00,0.00,0,0,0.00,0.00,0.00,0,0,0.00,0.00,0,0
1508084413,s1-eth2,5670.00,256444.00,262114.00,256444,5670,85.00,90.00,175.00,90,85,0.00,0.00,0,0
1508084413,s1-eth1,244662.00,5670.00,250332.00,5670,244662,87.00,85.00,172.00,85,87,0.00,0.00,0,0
1508084413,lo,0.00,0.00,0.00,0,0,0.00,0.00,0.00,0,0,0.00,0.00,0,0
1508084413,s4,0.00,0.00,0.00,0,0,0.00,0.00,0.00,0,0,0.00,0.00,0,0
1508084413,total,250332.00,262114.00,512446.00,262114,250332,172.00,175.00,347.00,175,172,0.00,0.00,0,0
1508084414,s5,0.00,0.00,0.00,0,0,0.00,0.00,0.00,0,0,0.00,0.00,0,0
1508084414,s1,0.00,0.00,0.00,0,0,0.00,0.00,0.00,0,0,0.00,0.00,0,0
1508084414,eth0,0.00,0.00,0.00,0,0,0.00,0.00,0.00,0,0,0.00,0.00,0,0
1508084414,eth1,0.00,0.00,0.00,0,0,0.00,0.00,0.00,0,0,0.00,0.00,0,0
1508084414,s1-eth2,5394.00,248940.00,254334.00,248940,5394,81.00,86.00,167.00,86,81,0.00,0.00,0,0
1508084414,s1-eth1,245978.00,5394.00,251372.00,5394,245978,85.00,81.00,166.00,81,85,0.00,0.00,0,0
1508084414,lo,0.00,0.00,0.00,0,0,0.00,0.00,0.00,0,0,0.00,0.00,0,0
1508084414,s4,0.00,0.00,0.00,0,0,0.00,0.00,0.00,0,0,0.00,0.00,0,0
1508084414,total,251372.00,254334.00,505706.00,254334,251372,166.00,167.00,333.00,167,166,0.00,0.00,0,0
1508084415,s5,0.00,0.00,0.00,0,0,0.00,0.00,0.00,0,0,0.00,0.00,0,0
1508084415,s1,0.00,0.00,0.00,0,0,0.00,0.00,0.00,0,0,0.00,0.00,0,0
1508084415,eth0,0.00,0.00,0.00,0,0,0.00,0.00,0.00,0,0,0.00,0.00,0,0
1508084415,eth1,0.00,0.00,0.00,0,0,0.00,0.00,0.00,0,0,0.00,0.00,0,0
1508084415,s1-eth2,6168.00,248284.00,254452.00,248284,6168,90.00,98.00,188.00,98,90,0.00,0.00,0,0
1508084415,s1-eth1,245532.00,6168.00,251700.00,6168,245532,96.00,90.00,186.00,90,96,0.00,0.00,0,0
1508084415,lo,172.00,172.00,344.00,172,172,3.00,3.00,6.00,3,3,0.00,0.00,0,0
1508084415,s4,0.00,0.00,0.00,0,0,0.00,0.00,0.00,0,0,0.00,0.00,0,0
1508084415,total,251872.00,254624.00,506496.00,254624,251872,189.00,191.00,380.00,191,189,0.00,0.00,0,0
1508084416,s5,0.00,0.00,0.00,0,0,0.00,0.00,0.00,0,0,0.00,0.00,0,0
1508084416,s1,0.00,0.00,0.00,0,0,0.00,0.00,0.00,0,0,0.00,0.00,0,0
1508084416,eth0,0.00,0.00,0.00,0,0,0.00,0.00,0.00,0,0,0.00,0.00,0,0
1508084416,eth1,0.00,0.00,0.00,0,0,0.00,0.00,0.00,0,0,0.00,0.00,0,0
1508084416,s1-eth2,5556.00,256312.00,261868.00,256312,5556,84.00,88.00,172.00,88,84,0.00,0.00,0,0
1508084416,s1-eth1,244530.00,5556.00,250086.00,5556,244530,85.00,84.00,169.00,84,85,0.00,0.00,0,0
1508084416,lo,344.00,344.00,688.00,344,344,6.00,6.00,12.00,6,6,0.00,0.00,0,0
1508084416,s4,0.00,0.00,0.00,0,0,0.00,0.00,0.00,0,0,0.00,0.00,0,0
1508084416,total,250430.00,262212.00,512642.00,262212,250430,175.00,178.00,353.00,178,175,0.00,0.00,0,0
1508084417,s5,0.00,0.00,0.00,0,0,0.00,0.00,0.00,0,0,0.00,0.00,0,0
1508084417,s1,0.00,0.00,0.00,0,0,0.00,0.00,0.00,0,0,0.00,0.00,0,0
1508084417,eth0,0.00,0.00,0.00,0,0,0.00,0.00,0.00,0,0,0.00,0.00,0,0
1508084417,eth1,0.00,0.00,0.00,0,0,0.00,0.00,0.00,0,0,0.00,0.00,0,0
1508084417,s1-eth2,5280.00,248808.00,254088.00,248808,5280,80.00,84.00,164.00,84,80,0.00,0.00,0,0
1508084417,s1-eth1,245846.00,5280.00,251126.00,5280,245846,83.00,80.00,163.00,80,83,0.00,0.00,0,0
1508084417,lo,0.00,0.00,0.00,0,0,0.00,0.00,0.00,0,0,0.00,0.00,0,0
1508084417,s4,0.00,0.00,0.00,0,0,0.00,0.00,0.00,0,0,0.00,0.00,0,0
1508084417,total,251126.00,254088.00,505214.00,254088,251126,163.00,164.00,327.00,164,163,0.00,0.00,0,0
1508084418,s5,0.00,0.00,0.00,0,0,0.00,0.00,0.00,0,0,0.00,0.00,0,0
1508084418,s1,0.00,0.00,0.00,0,0,0.00,0.00,0.00,0,0,0.00,0.00,0,0
1508084418,eth0,0.00,0.00,0.00,0,0,0.00,0.00,0.00,0,0,0.00,0.00,0,0
1508084418,eth1,0.00,0.00,0.00,0,0,0.00,0.00,0.00,0,0,0.00,0.00,0,0
1508084418,s1-eth2,5976.02,246061.94,252037.97,246308,5982,88.91,89.91,178.82,90,89,0.00,0.00,0,0
1508084418,s1-eth1,243102.91,5976.02,249078.92,5982,243346,88.91,88.91,177.82,89,89,0.00,0.00,0,0
1508084418,lo,0.00,0.00,0.00,0,0,0.00,0.00,0.00,0,0,0.00,0.00,0,0
1508084418,s4,0.00,0.00,0.00,0,0,0.00,0.00,0.00,0,0,0.00,0.00,0,0
1508084418,total,249078.92,252037.97,501116.91,252290,249328,177.82,178.82,356.64,179,178,0.00,0.00,0,0
1508084419,s5,0.00,0.00,0.00,0,0,0.00,0.00,0.00,0,0,0.00,0.00,0,0
1508084419,s1,0.00,0.00,0.00,0,0,0.00,0.00,0.00,0,0,0.00,0.00,0,0
1508084419,eth0,0.00,0.00,0.00,0,0,0.00,0.00,0.00,0,0,0.00,0.00,0,0
1508084419,eth1,0.00,0.00,0.00,0,0,0.00,0.00,0.00,0,0,0.00,0.00,0,0
1508084419,s1-eth2,6228.00,249732.00,255960.00,249732,6228,90.00,98.00,188.00,98,90,0.00,0.00,0,0
1508084419,s1-eth1,246704.00,6294.00,252998.00,6294,246704,96.00,91.00,187.00,91,96,0.00,0.00,0,0
1508084419,lo,0.00,0.00,0.00,0,0,0.00,0.00,0.00,0,0,0.00,0.00,0,0
1508084419,s4,0.00,0.00,0.00,0,0,0.00,0.00,0.00,0,0,0.00,0.00,0,0
1508084419,total,252932.00,256026.00,508958.00,256026,252932,186.00,189.00,375.00,189,186,0.00,0.00,0,0
1508084420,s5,0.00,0.00,0.00,0,0,0.00,0.00,0.00,0,0,0.00,0.00,0,0
1508084420,s1,0.00,0.00,0.00,0,0,0.00,0.00,0.00,0,0,0.00,0.00,0,0
1508084420,eth0,0.00,0.00,0.00,0,0,0.00,0.00,0.00,0,0,0.00,0.00,0,0
1508084420,eth1,0.00,0.00,0.00,0,0,0.00,0.00,0.00,0,0,0.00,0.00,0,0
1508084420,s1-eth2,6252.00,256972.00,263224.00,256972,6252,92.00,98.00,190.00,98,92,0.00,0.00,0,0
1508084420,s1-eth1,246572.00,6186.00,252758.00,6186,246572,94.00,91.00,185.00,91,94,0.00,0.00,0,0
1508084420,lo,172.00,172.00,344.00,172,172,3.00,3.00,6.00,3,3,0.00,0.00,0,0
1508084420,s4,0.00,0.00,0.00,0,0,0.00,0.00,0.00,0,0,0.00,0.00,0,0
1508084420,total,252996.00,263330.00,516326.00,263330,252996,189.00,192.00,381.00,192,189,0.00,0.00,0,0
1508084421,s5,0.00,0.00,0.00,0,0,0.00,0.00,0.00,0,0,0.00,0.00,0,0
1508084421,s1,0.00,0.00,0.00,0,0,0.00,0.00,0.00,0,0,0.00,0.00,0,0
1508084421,eth0,0.00,0.00,0.00,0,0,0.00,0.00,0.00,0,0,0.00,0.00,0,0
1508084421,eth1,0.00,0.00,0.00,0,0,0.00,0.00,0.00,0,0,0.00,0.00,0,0
1508084421,s1-eth2,5700.30,254873.14,260573.44,255128,5706,84.92,91.91,176.82,92,85,0.00,0.00,0,0
1508084421,s1-eth1,243036.97,5700.30,248737.27,5706,243280,87.91,84.92,172.83,85,88,0.00,0.00,0,0
1508084421,lo,343.66,343.66,687.31,344,344,5.99,5.99,11.99,6,6,0.00,0.00,0,0
1508084421,s4,0.00,0.00,0.00,0,0,0.00,0.00,0.00,0,0,0.00,0.00,0,0
1508084421,total,249080.92,260917.09,509998.03,261178,249330,178.82,182.82,361.64,183,179,0.00,0.00,0,0
1508084422,s5,0.00,0.00,0.00,0,0,0.00,0.00,0.00,0,0,0.00,0.00,0,0
1508084422,s1,0.00,0.00,0.00,0,0,0.00,0.00,0.00,0,0,0.00,0.00,0,0
1508084422,eth0,60.00,60.00,120.00,60,60,1.00,1.00,2.00,1,1,0.00,0.00,0,0
1508084422,eth1,0.00,0.00,0.00,0,0,0.00,0.00,0.00,0,0,0.00,0.00,0,0
1508084422,s1-eth2,6180.00,247690.00,253870.00,247690,6180,88.00,89.00,177.00,89,88,0.00,0.00,0,0
1508084422,s1-eth1,246176.00,5838.00,252014.00,5838,246176,88.00,87.00,175.00,87,88,0.00,0.00,0,0
1508084422,lo,0.00,0.00,0.00,0,0,0.00,0.00,0.00,0,0,0.00,0.00,0,0
1508084422,s4,0.00,0.00,0.00,0,0,0.00,0.00,0.00,0,0,0.00,0.00,0,0
1508084422,total,252416.00,253588.00,506004.00,253588,252416,177.00,177.00,354.00,177,177,0.00,0.00,0,0
1508084423,s5,0.00,0.00,0.00,0,0,0.00,0.00,0.00,0,0,0.00,0.00,0,0
1508084423,s1,0.00,0.00,0.00,0,0,0.00,0.00,0.00,0,0,0.00,0.00,0,0
1508084423,eth0,0.00,0.00,0.00,0,0,0.00,0.00,0.00,0,0,0.00,0.00,0,0
1508084423,eth1,0.00,0.00,0.00,0,0,0.00,0.00,0.00,0,0,0.00,0.00,0,0
1508084423,s1-eth2,6035.00,255128.00,261163.00,255128,6035,89.00,92.00,181.00,92,89,0.00,0.00,0,0
1508084423,s1-eth1,246349.00,5928.00,252277.00,5928,246349,90.00,88.00,178.00,88,90,0.00,0.00,0,0
1508084423,lo,0.00,0.00,0.00,0,0,0.00,0.00,0.00,0,0,0.00,0.00,0,0
1508084423,s4,0.00,0.00,0.00,0,0,0.00,0.00,0.00,0,0,0.00,0.00,0,0
1508084423,total,252384.00,261056.00,513440.00,261056,252384,179.00,180.00,359.00,180,179,0.00,0.00,0,0
1508084424,s5,0.00,0.00,0.00,0,0,0.00,0.00,0.00,0,0,0.00,0.00,0,0
1508084424,s1,0.00,0.00,0.00,0,0,0.00,0.00,0.00,0,0,0.00,0.00,0,0
1508084424,eth0,0.00,0.00,0.00,0,0,0.00,0.00,0.00,0,0,0.00,0.00,0,0
1508084424,eth1,0.00,0.00,0.00,0,0,0.00,0.00,0.00,0,0,0.00,0.00,0,0
1508084424,s1-eth2,5472.53,254477.53,259950.06,254732,5478,82.92,85.91,168.83,86,83,0.00,0.00,0,0
1508084424,s1-eth1,242641.36,5472.53,248113.89,5478,242884,81.92,82.92,164.84,83,82,0.00,0.00,0,0
1508084424,lo,0.00,0.00,0.00,0,0,0.00,0.00,0.00,0,0,0.00,0.00,0,0
1508084424,s4,0.00,0.00,0.00,0,0,0.00,0.00,0.00,0,0,0.00,0.00,0,0
1508084424,total,248113.89,259950.06,508063.94,260210,248362,164.84,168.83,333.67,169,165,0.00,0.00,0,0
1508084425,s5,0.00,0.00,0.00,0,0,0.00,0.00,0.00,0,0,0.00,0.00,0,0
1508084425,s1,0.00,0.00,0.00,0,0,0.00,0.00,0.00,0,0,0.00,0.00,0,0
1508084425,eth0,0.00,0.00,0.00,0,0,0.00,0.00,0.00,0,0,0.00,0.00,0,0
1508084425,eth1,0.00,0.00,0.00,0,0,0.00,0.00,0.00,0,0,0.00,0.00,0,0
1508084425,s1-eth2,5166.83,242707.30,247874.12,242950,5172,77.92,82.92,160.84,83,78,0.00,0.00,0,0
1508084425,s1-eth1,245942.06,5166.83,251108.89,5172,246188,83.92,77.92,161.84,78,84,0.00,0.00,0,0
1508084425,lo,171.83,171.83,343.66,172,172,3.00,3.00,5.99,3,3,0.00,0.00,0,0
1508084425,s4,0.00,0.00,0.00,0,0,0.00,0.00,0.00,0,0,0.00,0.00,0,0
1508084425,total,251280.72,248045.95,499326.69,248294,251532,164.84,163.84,328.67,164,165,0.00,0.00,0,0
1508084426,s5,0.00,0.00,0.00,0,0,0.00,0.00,0.00,0,0,0.00,0.00,0,0
1508084426,s1,0.00,0.00,0.00,0,0,0.00,0.00,0.00,0,0,0.00,0.00,0,0
1508084426,eth0,0.00,0.00,0.00,0,0,0.00,0.00,0.00,0,0,0.00,0.00,0,0
1508084426,eth1,0.00,0.00,0.00,0,0,0.00,0.00,0.00,0,0,0.00,0.00,0,0
1508084426,s1-eth2,5826.17,251848.16,257674.33,252100,5832,85.91,89.91,175.82,90,86,0.00,0.00,0,0
1508084426,s1-eth1,243036.97,5826.17,248863.14,5832,243280,87.91,85.91,173.83,86,88,0.00,0.00,0,0
1508084426,lo,343.66,343.66,687.31,344,344,5.99,5.99,11.99,6,6,0.00,0.00,0,0
1508084426,s4,0.00,0.00,0.00,0,0,0.00,0.00,0.00,0,0,0.00,0.00,0,0
1508084426,total,249206.80,258017.98,507224.78,258276,249456,179.82,181.82,361.64,182,180,0.00,0.00,0,0
1508084427,s5,0.00,0.00,0.00,0,0,0.00,0.00,0.00,0,0,0.00,0.00,0,0
1508084427,s1,0.00,0.00,0.00,0,0,0.00,0.00,0.00,0,0,0.00,0.00,0,0
1508084427,eth0,59.94,59.94,119.88,60,60,1.00,1.00,2.00,1,1,0.00,0.00,0,0
1508084427,eth1,0.00,0.00,0.00,0,0,0.00,0.00,0.00,0,0,0.00,0.00,0,0
1508084427,s1-eth2,5850.15,249152.86,255003.00,249402,5856,85.91,92.91,178.82,93,86,0.00,0.00,0,0
1508084427,s1-eth1,246193.81,5916.08,252109.89,5922,246440,91.91,86.91,178.82,87,92,0.00,0.00,0,0
1508084427,lo,0.00,0.00,0.00,0,0,0.00,0.00,0.00,0,0,0.00,0.00,0,0
1508084427,s4,0.00,0.00,0.00,0,0,0.00,0.00,0.00,0,0,0.00,0.00,0,0
1508084427,total,252103.91,255128.88,507232.78,255384,252356,178.82,180.82,359.64,181,179,0.00,0.00,0,0
1508084428,s5,0.00,0.00,0.00,0,0,0.00,0.00,0.00,0,0,0.00,0.00,0,0
1508084428,s1,0.00,0.00,0.00,0,0,0.00,0.00,0.00,0,0,0.00,0.00,0,0
1508084428,eth0,0.00,0.00,0.00,0,0,0.00,0.00,0.00,0,0,0.00,0.00,0,0
1508084428,eth1,0.00,0.00,0.00,0,0,0.00,0.00,0.00,0,0,0.00,0.00,0,0
1508084428,s1-eth2,5364.00,251968.00,257332.00,251968,5364,80.00,88.00,168.00,88,80,0.00,0.00,0,0
1508084428,s1-eth1,246044.00,5298.00,251342.00,5298,246044,86.00,79.00,165.00,79,86,0.00,0.00,0,0
1508084428,lo,0.00,0.00,0.00,0,0,0.00,0.00,0.00,0,0,0.00,0.00,0,0
1508084428,s4,0.00,0.00,0.00,0,0,0.00,0.00,0.00,0,0,0.00,0.00,0,0
1508084428,total,251408.00,257266.00,508674.00,257266,251408,166.00,167.00,333.00,167,166,0.00,0.00,0,0
1508084429,s5,0.00,0.00,0.00,0,0,0.00,0.00,0.00,0,0,0.00,0.00,0,0
1508084429,s1,0.00,0.00,0.00,0,0,0.00,0.00,0.00,0,0,0.00,0.00,0,0
1508084429,eth0,0.00,0.00,0.00,0,0,0.00,0.00,0.00,0,0,0.00,0.00,0,0
1508084429,eth1,0.00,0.00,0.00,0,0,0.00,0.00,0.00,0,0,0.00,0.00,0,0
1508084429,s1-eth2,6090.00,247954.00,254044.00,247954,6090,89.00,93.00,182.00,93,89,0.00,0.00,0,0
1508084429,s1-eth1,243478.00,6090.00,249568.00,6090,243478,91.00,89.00,180.00,89,91,0.00,0.00,0,0
1508084429,lo,0.00,0.00,0.00,0,0,0.00,0.00,0.00,0,0,0.00,0.00,0,0
1508084429,s4,0.00,0.00,0.00,0,0,0.00,0.00,0.00,0,0,0.00,0.00,0,0
1508084429,total,249568.00,254044.00,503612.00,254044,249568,180.00,182.00,362.00,182,180,0.00,0.00,0,0
1508084430,s5,0.00,0.00,0.00,0,0,0.00,0.00,0.00,0,0,0.00,0.00,0,0
1508084430,s1,0.00,0.00,0.00,0,0,0.00,0.00,0.00,0,0,0.00,0.00,0,0
1508084430,eth0,0.00,0.00,0.00,0,0,0.00,0.00,0.00,0,0,0.00,0.00,0,0
1508084430,eth1,0.00,0.00,0.00,0,0,0.00,0.00,0.00,0,0,0.00,0.00,0,0
1508084430,s1-eth2,5596.40,251914.09,257510.50,252166,5602,82.92,90.91,173.83,91,83,0.00,0.00,0,0
1508084430,s1-eth1,245996.02,5662.34,251658.34,5668,246242,88.91,83.92,172.83,84,89,0.00,0.00,0,0
1508084430,lo,171.83,171.83,343.66,172,172,3.00,3.00,5.99,3,3,0.00,0.00,0,0
1508084430,s4,0.00,0.00,0.00,0,0,0.00,0.00,0.00,0,0,0.00,0.00,0,0
1508084430,total,251764.25,257748.27,509512.50,258006,252016,174.83,177.82,352.65,178,175,0.00,0.00,0,0
1508084431,s5,0.00,0.00,0.00,0,0,0.00,0.00,0.00,0,0,0.00,0.00,0,0
1508084431,s1,0.00,0.00,0.00,0,0,0.00,0.00,0.00,0,0,0.00,0.00,0,0
1508084431,eth0,0.00,0.00,0.00,0,0,0.00,0.00,0.00,0,0,0.00,0.00,0,0
1508084431,eth1,0.00,0.00,0.00,0,0,0.00,0.00,0.00,0,0,0.00,0.00,0,0
1508084431,s1-eth2,5862.00,249336.00,255198.00,249336,5862,87.00,92.00,179.00,92,87,0.00,0.00,0,0
1508084431,s1-eth1,244860.00,5796.00,250656.00,5796,244860,90.00,86.00,176.00,86,90,0.00,0.00,0,0
1508084431,lo,344.00,344.00,688.00,344,344,6.00,6.00,12.00,6,6,0.00,0.00,0,0
1508084431,s4,0.00,0.00,0.00,0,0,0.00,0.00,0.00,0,0,0.00,0.00,0,0
1508084431,total,251066.00,255476.00,506542.00,255476,251066,183.00,184.00,367.00,184,183,0.00,0.00,0,0
1508084432,s5,0.00,0.00,0.00,0,0,0.00,0.00,0.00,0,0,0.00,0.00,0,0
1508084432,s1,0.00,0.00,0.00,0,0,0.00,0.00,0.00,0,0,0.00,0.00,0,0
1508084432,eth0,60.00,60.00,120.00,60,60,1.00,1.00,2.00,1,1,0.00,0.00,0,0
1508084432,eth1,0.00,0.00,0.00,0,0,0.00,0.00,0.00,0,0,0.00,0.00,0,0
1508084432,s1-eth2,5604.00,252100.00,257704.00,252100,5604,84.00,90.00,174.00,90,84,0.00,0.00,0,0
1508084432,s1-eth1,244728.00,5604.00,250332.00,5604,244728,88.00,84.00,172.00,84,88,0.00,0.00,0,0
1508084432,lo,0.00,0.00,0.00,0,0,0.00,0.00,0.00,0,0,0.00,0.00,0,0
1508084432,s4,0.00,0.00,0.00,0,0,0.00,0.00,0.00,0,0,0.00,0.00,0,0
1508084432,total,250392.00,257764.00,508156.00,257764,250392,173.00,175.00,348.00,175,173,0.00,0.00,0,0
1508084433,s5,0.00,0.00,0.00,0,0,0.00,0.00,0.00,0,0,0.00,0.00,0,0
1508084433,s1,0.00,0.00,0.00,0,0,0.00,0.00,0.00,0,0,0.00,0.00,0,0
1508084433,eth0,0.00,0.00,0.00,0,0,0.00,0.00,0.00,0,0,0.00,0.00,0,0
1508084433,eth1,0.00,0.00,0.00,0,0,0.00,0.00,0.00,0,0,0.00,0.00,0,0
1508084433,s1-eth2,6119.88,249020.98,255140.86,249270,6126,86.91,90.91,177.82,91,87,0.00,0.00,0,0
1508084433,s1-eth1,246061.94,5778.22,251840.17,5784,246308,89.91,85.91,175.82,86,90,0.00,0.00,0,0
1508084433,lo,0.00,0.00,0.00,0,0,0.00,0.00,0.00,0,0,0.00,0.00,0,0
1508084433,s4,0.00,0.00,0.00,0,0,0.00,0.00,0.00,0,0,0.00,0.00,0,0
1508084433,total,252181.83,254799.20,506981.03,255054,252434,176.82,176.82,353.65,177,177,0.00,0.00,0,0
1508084434,s5,0.00,0.00,0.00,0,0,0.00,0.00,0.00,0,0,0.00,0.00,0,0
1508084434,s1,0.00,0.00,0.00,0,0,0.00,0.00,0.00,0,0,0.00,0.00,0,0
1508084434,eth0,0.00,0.00,0.00,0,0,0.00,0.00,0.00,0,0,0.00,0.00,0,0
1508084434,eth1,0.00,0.00,0.00,0,0,0.00,0.00,0.00,0,0,0.00,0.00,0,0
1508084434,s1-eth2,5412.00,251770.00,257182.00,251770,5412,82.00,85.00,167.00,85,82,0.00,0.00,0,0
1508084434,s1-eth1,242884.00,5412.00,248296.00,5412,242884,82.00,82.00,164.00,82,82,0.00,0.00,0,0
1508084434,lo,0.00,0.00,0.00,0,0,0.00,0.00,0.00,0,0,0.00,0.00,0,0
1508084434,s4,0.00,0.00,0.00,0,0,0.00,0.00,0.00,0,0,0.00,0.00,0,0
1508084434,total,248296.00,257182.00,505478.00,257182,248296,164.00,167.00,331.00,167,164,0.00,0.00,0,0
1508084435,s5,0.00,0.00,0.00,0,0,0.00,0.00,0.00,0,0,0.00,0.00,0,0
1508084435,s1,0.00,0.00,0.00,0,0,0.00,0.00,0.00,0,0,0.00,0.00,0,0
1508084435,eth0,0.00,0.00,0.00,0,0,0.00,0.00,0.00,0,0,0.00,0.00,0,0
1508084435,eth1,0.00,0.00,0.00,0,0,0.00,0.00,0.00,0,0,0.00,0.00,0,0
1508084435,s1-eth2,5748.00,246284.00,252032.00,246284,5748,86.00,90.00,176.00,90,86,0.00,0.00,0,0
1508084435,s1-eth1,246284.00,5748.00,252032.00,5748,246284,90.00,86.00,176.00,86,90,0.00,0.00,0,0
1508084435,lo,468.00,468.00,936.00,468,468,6.00,6.00,12.00,6,6,0.00,0.00,0,0
1508084435,s4,0.00,0.00,0.00,0,0,0.00,0.00,0.00,0,0,0.00,0.00,0,0
1508084435,total,252500.00,252500.00,505000.00,252500,252500,182.00,182.00,364.00,182,182,0.00,0.00,0,0
1508084436,s5,0.00,0.00,0.00,0,0,0.00,0.00,0.00,0,0,0.00,0.00,0,0
1508084436,s1,0.00,0.00,0.00,0,0,0.00,0.00,0.00,0,0,0.00,0.00,0,0
1508084436,eth0,0.00,0.00,0.00,0,0,0.00,0.00,0.00,0,0,0.00,0.00,0,0
1508084436,eth1,0.00,0.00,0.00,0,0,0.00,0.00,0.00,0,0,0.00,0.00,0,0
1508084436,s1-eth2,5242.00,196416.00,201658.00,196416,5242,75.00,80.00,155.00,80,75,0.00,0.00,0,0
1508084436,s1-eth1,194902.00,5308.00,200210.00,5308,194902,79.00,76.00,155.00,76,79,0.00,0.00,0,0
1508084436,lo,344.00,344.00,688.00,344,344,6.00,6.00,12.00,6,6,0.00,0.00,0,0
1508084436,s4,0.00,0.00,0.00,0,0,0.00,0.00,0.00,0,0,0.00,0.00,0,0
1508084436,total,200488.00,202068.00,402556.00,202068,200488,160.00,162.00,322.00,162,160,0.00,0.00,0,0
1508084437,s5,0.00,0.00,0.00,0,0,0.00,0.00,0.00,0,0,0.00,0.00,0,0
1508084437,s1,0.00,0.00,0.00,0,0,0.00,0.00,0.00,0,0,0.00,0.00,0,0
1508084437,eth0,2096.00,1826.00,3922.00,1826,2096,15.00,14.00,29.00,14,15,0.00,0.00,0,0
1508084437,eth1,0.00,0.00,0.00,0,0,0.00,0.00,0.00,0,0,0.00,0.00,0,0
1508084437,s1-eth2,6386.00,256972.00,263358.00,256972,6386,93.00,98.00,191.00,98,93,0.00,0.00,0,0
1508084437,s1-eth1,246572.00,6320.00,252892.00,6320,246572,94.00,92.00,186.00,92,94,0.00,0.00,0,0
1508084437,lo,1811.00,1811.00,3622.00,1811,1811,18.00,18.00,36.00,18,18,0.00,0.00,0,0
1508084437,s4,0.00,0.00,0.00,0,0,0.00,0.00,0.00,0,0,0.00,0.00,0,0
1508084437,total,256865.00,266929.00,523794.00,266929,256865,220.00,222.00,442.00,222,220,0.00,0.00,0,0
1508084438,s5,0.00,0.00,0.00,0,0,0.00,0.00,0.00,0,0,0.00,0.00,0,0
1508084438,s1,0.00,0.00,0.00,0,0,0.00,0.00,0.00,0,0,0.00,0.00,0,0
1508084438,eth0,9962.00,21327.00,31289.00,21327,9962,58.00,65.00,123.00,65,58,0.00,0.00,0,0
1508084438,eth1,0.00,0.00,0.00,0,0,0.00,0.00,0.00,0,0,0.00,0.00,0,0
1508084438,s1-eth2,6426.00,254274.00,260700.00,254274,6426,93.00,101.00,194.00,101,93,0.00,0.00,0,0
1508084438,s1-eth1,243742.00,6426.00,250168.00,6426,243742,95.00,93.00,188.00,93,95,0.00,0.00,0,0
1508084438,lo,1647.00,1647.00,3294.00,1647,1647,16.00,16.00,32.00,16,16,0.00,0.00,0,0
1508084438,s4,0.00,0.00,0.00,0,0,0.00,0.00,0.00,0,0,0.00,0.00,0,0
1508084438,total,261777.00,283674.00,545451.00,283674,261777,262.00,275.00,537.00,275,262,0.00,0.00,0,0
1508084439,s5,0.00,0.00,0.00,0,0,0.00,0.00,0.00,0,0,0.00,0.00,0,0
1508084439,s1,0.00,0.00,0.00,0,0,0.00,0.00,0.00,0,0,0.00,0.00,0,0
1508084439,eth0,624.00,810.00,1434.00,810,624,8.00,8.00,16.00,8,8,0.00,0.00,0,0
1508084439,eth1,0.00,0.00,0.00,0,0,0.00,0.00,0.00,0,0,0.00,0.00,0,0
1508084439,s1-eth2,6850.00,254076.00,260926.00,254076,6850,95.00,98.00,193.00,98,95,0.00,0.00,0,0
1508084439,s1-eth1,247300.00,6210.00,253510.00,6210,247300,100.00,91.00,191.00,91,100,0.00,0.00,0,0
1508084439,lo,682.00,682.00,1364.00,682,682,8.00,8.00,16.00,8,8,0.00,0.00,0,0
1508084439,s4,0.00,0.00,0.00,0,0,0.00,0.00,0.00,0,0,0.00,0.00,0,0
1508084439,total,255456.00,261778.00,517234.00,261778,255456,211.00,205.00,416.00,205,211,0.00,0.00,0,0
1508084440,s5,0.00,0.00,0.00,0,0,0.00,0.00,0.00,0,0,0.00,0.00,0,0
1508084440,s1,0.00,0.00,0.00,0,0,0.00,0.00,0.00,0,0,0.00,0.00,0,0
1508084440,eth0,456.00,735.00,1191.00,735,456,6.00,6.00,12.00,6,6,0.00,0.00,0,0
1508084440,eth1,0.00,0.00,0.00,0,0,0.00,0.00,0.00,0,0,0.00,0.00,0,0
1508084440,s1-eth2,6010.00,258090.00,264100.00,258090,6010,89.00,93.00,182.00,93,89,0.00,0.00,0,0
1508084440,s1-eth1,245059.00,5760.00,250819.00,5760,245059,98.00,86.00,184.00,86,98,0.00,0.00,0,0
1508084440,lo,1195.00,1195.00,2390.00,1195,1195,15.00,15.00,30.00,15,15,0.00,0.00,0,0
1508084440,s4,0.00,0.00,0.00,0,0,0.00,0.00,0.00,0,0,0.00,0.00,0,0
1508084440,total,252720.00,265780.00,518500.00,265780,252720,208.00,200.00,408.00,200,208,0.00,0.00,0,0
1508084441,s5,0.00,0.00,0.00,0,0,0.00,0.00,0.00,0,0,0.00,0.00,0,0
1508084441,s1,0.00,0.00,0.00,0,0,0.00,0.00,0.00,0,0,0.00,0.00,0,0
1508084441,eth0,151.85,244.76,396.60,245,152,2.00,2.00,4.00,2,2,0.00,0.00,0,0
1508084441,eth1,0.00,0.00,0.00,0,0,0.00,0.00,0.00,0,0,0.00,0.00,0,0
1508084441,s1-eth2,7518.48,245864.14,253382.62,246110,7526,92.91,86.91,179.82,87,93,0.00,0.00,0,0
1508084441,s1-eth1,243715.30,5742.26,249457.55,5748,243959,89.91,85.91,175.82,86,90,0.00,0.00,0,0
1508084441,lo,684.32,684.32,1368.63,685,685,9.99,9.99,19.98,10,10,0.00,0.00,0,0
1508084441,s4,0.00,0.00,0.00,0,0,0.00,0.00,0.00,0,0,0.00,0.00,0,0
1508084441,total,252069.94,252535.47,504605.41,252788,252322,194.81,184.82,379.62,185,195,0.00,0.00,0,0
1508084442,s5,0.00,0.00,0.00,0,0,0.00,0.00,0.00,0,0,0.00,0.00,0,0
1508084442,s1,0.00,0.00,0.00,0,0,0.00,0.00,0.00,0,0,0.00,0.00,0,0
1508084442,eth0,180.00,287.00,467.00,287,180,3.00,4.00,7.00,4,3,0.00,0.00,0,0
1508084442,eth1,0.00,0.00,0.00,0,0,0.00,0.00,0.00,0,0,0.00,0.00,0,0
1508084442,s1-eth2,6968.00,252430.00,259398.00,252430,6968,95.00,95.00,190.00,95,95,0.00,0.00,0,0
1508084442,s1-eth1,244213.00,6174.00,250387.00,6174,244213,94.00,91.00,185.00,91,94,0.00,0.00,0,0
1508084442,lo,0.00,0.00,0.00,0,0,0.00,0.00,0.00,0,0,0.00,0.00,0,0
1508084442,s4,0.00,0.00,0.00,0,0,0.00,0.00,0.00,0,0,0.00,0.00,0,0
1508084442,total,251361.00,258891.00,510252.00,258891,251361,192.00,190.00,382.00,190,192,0.00,0.00,0,0
1508084443,s5,0.00,0.00,0.00,0,0,0.00,0.00,0.00,0,0,0.00,0.00,0,0
1508084443,s1,0.00,0.00,0.00,0,0,0.00,0.00,0.00,0,0,0.00,0.00,0,0
1508084443,eth0,179.82,204.80,384.62,205,180,3.00,3.00,5.99,3,3,0.00,0.00,0,0
1508084443,eth1,0.00,0.00,0.00,0,0,0.00,0.00,0.00,0,0,0.00,0.00,0,0
1508084443,s1-eth2,6116.88,254939.06,261055.95,255194,6123,86.91,92.91,179.82,93,87,0.00,0.00,0,0
1508084443,s1-eth1,246435.58,5790.21,252225.78,5796,246682,91.91,85.91,177.82,86,92,0.00,0.00,0,0
1508084443,lo,0.00,0.00,0.00,0,0,0.00,0.00,0.00,0,0,0.00,0.00,0,0
1508084443,s4,0.00,0.00,0.00,0,0,0.00,0.00,0.00,0,0,0.00,0.00,0,0
1508084443,total,252732.28,260934.08,513666.34,261195,252985,181.82,181.82,363.64,182,182,0.00,0.00,0,0
1508084444,s5,0.00,0.00,0.00,0,0,0.00,0.00,0.00,0,0,0.00,0.00,0,0
1508084444,s1,0.00,0.00,0.00,0,0,0.00,0.00,0.00,0,0,0.00,0.00,0,0
1508084444,eth0,0.00,0.00,0.00,0,0,0.00,0.00,0.00,0,0,0.00,0.00,0,0
1508084444,eth1,0.00,0.00,0.00,0,0,0.00,0.00,0.00,0,0,0.00,0.00,0,0
1508084444,s1-eth2,5838.00,250454.00,256292.00,250454,5838,84.00,87.00,171.00,87,84,0.00,0.00,0,0
1508084444,s1-eth1,243413.00,5394.00,248807.00,5394,243413,86.00,81.00,167.00,81,86,0.00,0.00,0,0
1508084444,lo,0.00,0.00,0.00,0,0,0.00,0.00,0.00,0,0,0.00,0.00,0,0
1508084444,s4,0.00,0.00,0.00,0,0,0.00,0.00,0.00,0,0,0.00,0.00,0,0
1508084444,total,249251.00,255848.00,505099.00,255848,249251,170.00,168.00,338.00,168,170,0.00,0.00,0,0
1508084445,s5,0.00,0.00,0.00,0,0,0.00,0.00,0.00,0,0,0.00,0.00,0,0
1508084445,s1,0.00,0.00,0.00,0,0,0.00,0.00,0.00,0,0,0.00,0.00,0,0
1508084445,eth0,0.00,0.00,0.00,0,0,0.00,0.00,0.00,0,0,0.00,0.00,0,0
1508084445,eth1,0.00,0.00,0.00,0,0,0.00,0.00,0.00,0,0,0.00,0.00,0,0
1508084445,s1-eth2,6806.19,253756.25,260562.44,254010,6813,91.91,96.90,188.81,97,92,0.00,0.00,0,0
1508084445,s1-eth1,246325.69,6137.86,252463.55,6144,246572,93.91,89.91,183.82,90,94,0.00,0.00,0,0
1508084445,lo,171.83,171.83,343.66,172,172,3.00,3.00,5.99,3,3,0.00,0.00,0,0
1508084445,s4,0.00,0.00,0.00,0,0,0.00,0.00,0.00,0,0,0.00,0.00,0,0
1508084445,total,253303.70,260065.94,513369.66,260326,253557,188.81,189.81,378.62,190,189,0.00,0.00,0,0
1508084446,s5,0.00,0.00,0.00,0,0,0.00,0.00,0.00,0,0,0.00,0.00,0,0
1508084446,s1,0.00,0.00,0.00,0,0,0.00,0.00,0.00,0,0,0.00,0.00,0,0
1508084446,eth0,0.00,0.00,0.00,0,0,0.00,0.00,0.00,0,0,0.00,0.00,0,0
1508084446,eth1,0.00,0.00,0.00,0,0,0.00,0.00,0.00,0,0,0.00,0.00,0,0
1508084446,s1-eth2,6072.00,258222.00,264294.00,258222,6072,90.00,95.00,185.00,95,90,0.00,0.00,0,0
1508084446,s1-eth1,246440.00,6072.00,252512.00,6072,246440,92.00,90.00,182.00,90,92,0.00,0.00,0,0
1508084446,lo,344.00,344.00,688.00,344,344,6.00,6.00,12.00,6,6,0.00,0.00,0,0
1508084446,s4,0.00,0.00,0.00,0,0,0.00,0.00,0.00,0,0,0.00,0.00,0,0
1508084446,total,252856.00,264638.00,517494.00,264638,252856,188.00,191.00,379.00,191,188,0.00,0.00,0,0
1508084447,s5,0.00,0.00,0.00,0,0,0.00,0.00,0.00,0,0,0.00,0.00,0,0
1508084447,s1,0.00,0.00,0.00,0,0,0.00,0.00,0.00,0,0,0.00,0.00,0,0
1508084447,eth0,0.00,0.00,0.00,0,0,0.00,0.00,0.00,0,0,0.00,0.00,0,0
1508084447,eth1,0.00,0.00,0.00,0,0,0.00,0.00,0.00,0,0,0.00,0.00,0,0
1508084447,s1-eth2,4260.00,201548.00,205808.00,201548,4260,64.00,70.00,134.00,70,64,0.00,0.00,0,0
1508084447,s1-eth1,189807.00,4260.00,194067.00,4260,189807,67.00,64.00,131.00,64,67,0.00,0.00,0,0
1508084447,lo,0.00,0.00,0.00,0,0,0.00,0.00,0.00,0,0,0.00,0.00,0,0
1508084447,s4,0.00,0.00,0.00,0,0,0.00,0.00,0.00,0,0,0.00,0.00,0,0
1508084447,total,194067.00,205808.00,399875.00,205808,194067,131.00,134.00,265.00,134,131,0.00,0.00,0,0
1508084448,s5,0.00,0.00,0.00,0,0,0.00,0.00,0.00,0,0,0.00,0.00,0,0
1508084448,s1,0.00,0.00,0.00,0,0,0.00,0.00,0.00,0,0,0.00,0.00,0,0
1508084448,eth0,180.00,180.00,360.00,180,180,3.00,3.00,6.00,3,3,0.00,0.00,0,0
1508084448,eth1,0.00,0.00,0.00,0,0,0.00,0.00,0.00,0,0,0.00,0.00,0,0
1508084448,s1-eth2,6027.00,249270.00,255297.00,249270,6027,89.00,91.00,180.00,91,89,0.00,0.00,0,0
1508084448,s1-eth1,246378.00,5850.00,252228.00,5850,246378,91.00,87.00,178.00,87,91,0.00,0.00,0,0
1508084448,lo,0.00,0.00,0.00,0,0,0.00,0.00,0.00,0,0,0.00,0.00,0,0
1508084448,s4,0.00,0.00,0.00,0,0,0.00,0.00,0.00,0,0,0.00,0.00,0,0
1508084448,total,252585.00,255300.00,507885.00,255300,252585,183.00,181.00,364.00,181,183,0.00,0.00,0,0
1508084449,s5,0.00,0.00,0.00,0,0,0.00,0.00,0.00,0,0,0.00,0.00,0,0
1508084449,s1,0.00,0.00,0.00,0,0,0.00,0.00,0.00,0,0,0.00,0.00,0,0
1508084449,eth0,0.00,0.00,0.00,0,0,0.00,0.00,0.00,0,0,0.00,0.00,0,0
1508084449,eth1,0.00,0.00,0.00,0,0,0.00,0.00,0.00,0,0,0.00,0.00,0,0
1508084449,s1-eth2,6202.00,258420.00,264622.00,258420,6202,91.00,98.00,189.00,98,91,0.00,0.00,0,0
1508084449,s1-eth1,243544.00,6202.00,249746.00,6202,243544,92.00,91.00,183.00,91,92,0.00,0.00,0,0
1508084449,lo,0.00,0.00,0.00,0,0,0.00,0.00,0.00,0,0,0.00,0.00,0,0
1508084449,s4,0.00,0.00,0.00,0,0,0.00,0.00,0.00,0,0,0.00,0.00,0,0
1508084449,total,249746.00,264622.00,514368.00,264622,249746,183.00,189.00,372.00,189,183,0.00,0.00,0,0
1508084450,s5,0.00,0.00,0.00,0,0,0.00,0.00,0.00,0,0,0.00,0.00,0,0
1508084450,s1,0.00,0.00,0.00,0,0,0.00,0.00,0.00,0,0,0.00,0.00,0,0
1508084450,eth0,0.00,0.00,0.00,0,0,0.00,0.00,0.00,0,0,0.00,0.00,0,0
1508084450,eth1,0.00,0.00,0.00,0,0,0.00,0.00,0.00,0,0,0.00,0.00,0,0
1508084450,s1-eth2,5490.51,248889.12,254379.62,249138,5496,81.92,88.91,170.83,89,82,0.00,0.00,0,0
1508084450,s1-eth1,245930.08,5490.51,251420.59,5496,246176,87.91,81.92,169.83,82,88,0.00,0.00,0,0
1508084450,lo,171.83,171.83,343.66,172,172,3.00,3.00,5.99,3,3,0.00,0.00,0,0
1508084450,s4,0.00,0.00,0.00,0,0,0.00,0.00,0.00,0,0,0.00,0.00,0,0
1508084450,total,251592.42,254551.45,506143.88,254806,251844,172.83,173.83,346.65,174,173,0.00,0.00,0,0
1508084451,s5,0.00,0.00,0.00,0,0,0.00,0.00,0.00,0,0,0.00,0.00,0,0
1508084451,s1,0.00,0.00,0.00,0,0,0.00,0.00,0.00,0,0,0.00,0.00,0,0
1508084451,eth0,0.00,0.00,0.00,0,0,0.00,0.00,0.00,0,0,0.00,0.00,0,0
1508084451,eth1,0.00,0.00,0.00,0,0,0.00,0.00,0.00,0,0,0.00,0.00,0,0
1508084451,s1-eth2,6374.00,254142.00,260516.00,254142,6374,93.00,99.00,192.00,99,93,0.00,0.00,0,0
1508084451,s1-eth1,246704.00,6374.00,253078.00,6374,246704,96.00,93.00,189.00,93,96,0.00,0.00,0,0
1508084451,lo,344.00,344.00,688.00,344,344,6.00,6.00,12.00,6,6,0.00,0.00,0,0
1508084451,s4,0.00,0.00,0.00,0,0,0.00,0.00,0.00,0,0,0.00,0.00,0,0
1508084451,total,253422.00,260860.00,514282.00,260860,253422,195.00,198.00,393.00,198,195,0.00,0.00,0,0
1508084452,s5,0.00,0.00,0.00,0,0,0.00,0.00,0.00,0,0,0.00,0.00,0,0
1508084452,s1,0.00,0.00,0.00,0,0,0.00,0.00,0.00,0,0,0.00,0.00,0,0
1508084452,eth0,0.00,0.00,0.00,0,0,0.00,0.00,0.00,0,0,0.00,0.00,0,0
1508084452,eth1,0.00,0.00,0.00,0,0,0.00,0.00,0.00,0,0,0.00,0.00,0,0
1508084452,s1-eth2,803.20,9192.81,9996.00,9202,804,7.99,5.00,12.99,5,8,0.00,0.00,0,0
1508084452,s1-eth1,15110.89,461.54,15572.43,462,15126,6.99,6.99,13.99,7,7,0.00,0.00,0,0
1508084452,lo,0.00,0.00,0.00,0,0,0.00,0.00,0.00,0,0,0.00,0.00,0,0
1508084452,s4,0.00,0.00,0.00,0,0,0.00,0.00,0.00,0,0,0.00,0.00,0,0
1508084452,total,15914.09,9654.35,25568.43,9664,15930,14.99,11.99,26.97,12,15,0.00,0.00,0,0
1508084453,s5,0.00,0.00,0.00,0,0,0.00,0.00,0.00,0,0,0.00,0.00,0,0
1508084453,s1,0.00,0.00,0.00,0,0,0.00,0.00,0.00,0,0,0.00,0.00,0,0
1508084453,eth0,0.00,0.00,0.00,0,0,0.00,0.00,0.00,0,0,0.00,0.00,0,0
1508084453,eth1,0.00,0.00,0.00,0,0,0.00,0.00,0.00,0,0,0.00,0.00,0,0
1508084453,s1-eth2,0.00,0.00,0.00,0,0,0.00,0.00,0.00,0,0,0.00,0.00,0,0
1508084453,s1-eth1,0.00,0.00,0.00,0,0,0.00,0.00,0.00,0,0,0.00,0.00,0,0
1508084453,lo,0.00,0.00,0.00,0,0,0.00,0.00,0.00,0,0,0.00,0.00,0,0
1508084453,s4,0.00,0.00,0.00,0,0,0.00,0.00,0.00,0,0,0.00,0.00,0,0
1508084453,total,0.00,0.00,0.00,0,0,0.00,0.00,0.00,0,0,0.00,0.00,0,0
1508084454,s5,0.00,0.00,0.00,0,0,0.00,0.00,0.00,0,0,0.00,0.00,0,0
1508084454,s1,0.00,0.00,0.00,0,0,0.00,0.00,0.00,0,0,0.00,0.00,0,0
1508084454,eth0,0.00,0.00,0.00,0,0,0.00,0.00,0.00,0,0,0.00,0.00,0,0
1508084454,eth1,0.00,0.00,0.00,0,0,0.00,0.00,0.00,0,0,0.00,0.00,0,0
1508084454,s1-eth2,0.00,0.00,0.00,0,0,0.00,0.00,0.00,0,0,0.00,0.00,0,0
1508084454,s1-eth1,0.00,0.00,0.00,0,0,0.00,0.00,0.00,0,0,0.00,0.00,0,0
1508084454,lo,0.00,0.00,0.00,0,0,0.00,0.00,0.00,0,0,0.00,0.00,0,0
1508084454,s4,0.00,0.00,0.00,0,0,0.00,0.00,0.00,0,0,0.00,0.00,0,0
1508084454,total,0.00,0.00,0.00,0,0,0.00,0.00,0.00,0,0,0.00,0.00,0,0
1508084455,