1508083416,s5,0.00,0.00,0.00,0,0,0.00,0.00,0.00,0,0,0.00,0.00,0,0
1508083416,eth0,0.00,0.00,0.00,0,0,0.00,0.00,0.00,0,0,0.00,0.00,0,0
1508083416,eth1,0.00,0.00,0.00,0,0,0.00,0.00,0.00,0,0,0.00,0.00,0,0
1508083416,s2,0.00,0.00,0.00,0,0,0.00,0.00,0.00,0,0,0.00,0.00,0,0
1508083416,s2-eth2,0.00,0.00,0.00,0,0,0.00,0.00,0.00,0,0,0.00,0.00,0,0
1508083416,s2-eth1,0.00,0.00,0.00,0,0,0.00,0.00,0.00,0,0,0.00,0.00,0,0
1508083416,lo,0.00,0.00,0.00,0,0,0.00,0.00,0.00,0,0,0.00,0.00,0,0
1508083416,s4,0.00,0.00,0.00,0,0,0.00,0.00,0.00,0,0,0.00,0.00,0,0
1508083416,total,0.00,0.00,0.00,0,0,0.00,0.00,0.00,0,0,0.00,0.00,0,0
1508083417,s5,0.00,0.00,0.00,0,0,0.00,0.00,0.00,0,0,0.00,0.00,0,0
1508083417,eth0,152.00,245.00,397.00,245,152,2.00,2.00,4.00,2,2,0.00,0.00,0,0
1508083417,eth1,0.00,0.00,0.00,0,0,0.00,0.00,0.00,0,0,0.00,0.00,0,0
1508083417,s2,0.00,0.00,0.00,0,0,0.00,0.00,0.00,0,0,0.00,0.00,0,0
1508083417,s2-eth2,7478.00,250454.00,257932.00,250454,7478,96.00,87.00,183.00,87,96,0.00,0.00,0,0
1508083417,s2-eth1,244589.00,6060.00,250649.00,6060,244589,100.00,90.00,190.00,90,100,0.00,0.00,0,0
1508083417,lo,341.00,341.00,682.00,341,341,4.00,4.00,8.00,4,4,0.00,0.00,0,0
1508083417,s4,0.00,0.00,0.00,0,0,0.00,0.00,0.00,0,0,0.00,0.00,0,0
1508083417,total,252560.00,257100.00,509660.00,257100,252560,202.00,183.00,385.00,183,202,0.00,0.00,0,0
1508083418,s5,0.00,0.00,0.00,0,0,0.00,0.00,0.00,0,0,0.00,0.00,0,0
1508083418,eth0,152.00,245.00,397.00,245,152,2.00,2.00,4.00,2,2,0.00,0.00,0,0
1508083418,eth1,0.00,0.00,0.00,0,0,0.00,0.00,0.00,0,0,0.00,0.00,0,0
1508083418,s2,0.00,0.00,0.00,0,0,0.00,0.00,0.00,0,0,0.00,0.00,0,0
1508083418,s2-eth2,5673.00,251770.00,257443.00,251770,5673,82.00,85.00,167.00,85,82,0.00,0.00,0,0
1508083418,s2-eth1,244392.00,5346.00,249738.00,5346,244392,89.00,81.00,170.00,81,89,0.00,0.00,0,0
1508083418,lo,341.00,341.00,682.00,341,341,4.00,4.00,8.00,4,4,0.00,0.00,0,0
1508083418,s4,0.00,0.00,0.00,0,0,0.00,0.00,0.00,0,0,0.00,0.00,0,0
1508083418,total,250558.00,257702.00,508260.00,257702,250558,177.00,172.00,349.00,172,177,0.00,0.00,0,0
1508083419,s5,0.00,0.00,0.00,0,0,0.00,0.00,0.00,0,0,0.00,0.00,0,0
1508083419,eth0,0.00,0.00,0.00,0,0,0.00,0.00,0.00,0,0,0.00,0.00,0,0
1508083419,eth1,0.00,0.00,0.00,0,0,0.00,0.00,0.00,0,0,0.00,0.00,0,0
1508083419,s2,0.00,0.00,0.00,0,0,0.00,0.00,0.00,0,0,0.00,0.00,0,0
1508083419,s2-eth2,6307.69,228505.50,234813.19,228734,6314,87.91,86.91,174.83,87,88,0.00,0.00,0,0
1508083419,s2-eth1,246520.48,5934.07,252454.55,5940,246767,92.91,85.91,178.82,86,93,0.00,0.00,0,0
1508083419,lo,0.00,0.00,0.00,0,0,0.00,0.00,0.00,0,0,0.00,0.00,0,0
1508083419,s4,0.00,0.00,0.00,0,0,0.00,0.00,0.00,0,0,0.00,0.00,0,0
1508083419,total,252828.17,234439.56,487267.75,234674,253081,180.82,172.83,353.65,173,181,0.00,0.00,0,0
1508083420,s5,0.00,0.00,0.00,0,0,0.00,0.00,0.00,0,0,0.00,0.00,0,0
1508083420,eth0,0.00,0.00,0.00,0,0,0.00,0.00,0.00,0,0,0.00,0.00,0,0
1508083420,eth1,0.00,0.00,0.00,0,0,0.00,0.00,0.00,0,0,0.00,0.00,0,0
1508083420,s2,70.00,140.00,210.00,140,70,1.00,2.00,3.00,2,1,0.00,0.00,0,0
1508083420,s2-eth2,6081.00,257764.00,263845.00,257764,6081,88.00,88.00,176.00,88,88,0.00,0.00,0,0
1508083420,s2-eth1,243464.00,5614.00,249078.00,5614,243464,87.00,85.00,172.00,85,87,0.00,0.00,0,0
1508083420,lo,1148.00,1148.00,2296.00,1148,1148,15.00,15.00,30.00,15,15,0.00,0.00,0,0
1508083420,s4,0.00,0.00,0.00,0,0,0.00,0.00,0.00,0,0,0.00,0.00,0,0
1508083420,total,250763.00,264666.00,515429.00,264666,250763,191.00,190.00,381.00,190,191,0.00,0.00,0,0
1508083421,s5,0.00,0.00,0.00,0,0,0.00,0.00,0.00,0,0,0.00,0.00,0,0
1508083421,eth0,0.00,0.00,0.00,0,0,0.00,0.00,0.00,0,0,0.00,0.00,0,0
1508083421,eth1,0.00,0.00,0.00,0,0,0.00,0.00,0.00,0,0,0.00,0.00,0,0
1508083421,s2,0.00,0.00,0.00,0,0,0.00,0.00,0.00,0,0,0.00,0.00,0,0
1508083421,s2-eth2,5280.00,251770.00,257050.00,251770,5280,80.00,85.00,165.00,85,80,0.00,0.00,0,0
1508083421,s2-eth1,246243.00,5280.00,251523.00,5280,246243,85.00,80.00,165.00,80,85,0.00,0.00,0,0
1508083421,lo,0.00,0.00,0.00,0,0,0.00,0.00,0.00,0,0,0.00,0.00,0,0
1508083421,s4,0.00,0.00,0.00,0,0,0.00,0.00,0.00,0,0,0.00,0.00,0,0
1508083421,total,251523.00,257050.00,508573.00,257050,251523,165.00,165.00,330.00,165,165,0.00,0.00,0,0
1508083422,s5,0.00,0.00,0.00,0,0,0.00,0.00,0.00,0,0,0.00,0.00,0,0
1508083422,eth0,0.00,0.00,0.00,0,0,0.00,0.00,0.00,0,0,0.00,0.00,0,0
1508083422,eth1,0.00,0.00,0.00,0,0,0.00,0.00,0.00,0,0,0.00,0.00,0,0
1508083422,s2,0.00,0.00,0.00,0,0,0.00,0.00,0.00,0,0,0.00,0.00,0,0
1508083422,s2-eth2,5988.01,237382.62,243370.64,237620,5994,86.91,89.91,176.82,90,87,0.00,0.00,0,0
1508083422,s2-eth1,246601.41,5988.01,252589.42,5994,246848,93.91,86.91,180.82,87,94,0.00,0.00,0,0
1508083422,lo,0.00,0.00,0.00,0,0,0.00,0.00,0.00,0,0,0.00,0.00,0,0
1508083422,s4,0.00,0.00,0.00,0,0,0.00,0.00,0.00,0,0,0.00,0.00,0,0
1508083422,total,252589.42,243370.64,495960.06,243614,252842,180.82,176.82,357.64,177,181,0.00,0.00,0,0
1508083423,s5,0.00,0.00,0.00,0,0,0.00,0.00,0.00,0,0,0.00,0.00,0,0
1508083423,eth0,0.00,0.00,0.00,0,0,0.00,0.00,0.00,0,0,0.00,0.00,0,0
1508083423,eth1,0.00,0.00,0.00,0,0,0.00,0.00,0.00,0,0,0.00,0.00,0,0
1508083423,s2,0.00,0.00,0.00,0,0,0.00,0.00,0.00,0,0,0.00,0.00,0,0
1508083423,s2-eth2,6148.85,243168.84,249317.69,243412,6155,88.91,89.91,178.82,90,89,0.00,0.00,0,0
1508083423,s2-eth1,243168.84,6041.96,249210.80,6048,243412,89.91,87.91,177.82,88,90,0.00,0.00,0,0
1508083423,lo,0.00,0.00,0.00,0,0,0.00,0.00,0.00,0,0,0.00,0.00,0,0
1508083423,s4,0.00,0.00,0.00,0,0,0.00,0.00,0.00,0,0,0.00,0.00,0,0
1508083423,total,249317.69,249210.80,498528.50,249460,249567,178.82,177.82,356.64,178,179,0.00,0.00,0,0
1508083424,s5,0.00,0.00,0.00,0,0,0.00,0.00,0.00,0,0,0.00,0.00,0,0
1508083424,eth0,0.00,0.00,0.00,0,0,0.00,0.00,0.00,0,0,0.00,0.00,0,0
1508083424,eth1,0.00,0.00,0.00,0,0,0.00,0.00,0.00,0,0,0.00,0.00,0,0
1508083424,s2,70.00,140.00,210.00,140,70,1.00,2.00,3.00,2,1,0.00,0.00,0,0
1508083424,s2-eth2,5826.00,222748.00,228574.00,222748,5826,85.00,84.00,169.00,84,85,0.00,0.00,0,0
1508083424,s2-eth1,231811.00,5686.00,237497.00,5686,231811,89.00,83.00,172.00,83,89,0.00,0.00,0,0
1508083424,lo,804.00,804.00,1608.00,804,804,9.00,9.00,18.00,9,9,0.00,0.00,0,0
1508083424,s4,0.00,0.00,0.00,0,0,0.00,0.00,0.00,0,0,0.00,0.00,0,0
1508083424,total,238511.00,229378.00,467889.00,229378,238511,184.00,178.00,362.00,178,184,0.00,0.00,0,0
1508083425,s5,0.00,0.00,0.00,0,0,0.00,0.00,0.00,0,0,0.00,0.00,0,0
1508083425,eth0,0.00,0.00,0.00,0,0,0.00,0.00,0.00,0,0,0.00,0.00,0,0
1508083425,eth1,0.00,0.00,0.00,0,0,0.00,0.00,0.00,0,0,0.00,0.00,0,0
1508083425,s2,0.00,0.00,0.00,0,0,0.00,0.00,0.00,0,0,0.00,0.00,0,0
1508083425,s2-eth2,4986.00,207604.00,212590.00,207604,4986,73.00,74.00,147.00,74,73,0.00,0.00,0,0
1508083425,s2-eth1,204712.00,4986.00,209698.00,4986,204712,74.00,73.00,147.00,73,74,0.00,0.00,0,0
1508083425,lo,344.00,344.00,688.00,344,344,6.00,6.00,12.00,6,6,0.00,0.00,0,0
1508083425,s4,0.00,0.00,0.00,0,0,0.00,0.00,0.00,0,0,0.00,0.00,0,0
1508083425,total,210042.00,212934.00,422976.00,212934,210042,153.00,153.00,306.00,153,153,0.00,0.00,0,0
1508083426,s5,0.00,0.00,0.00,0,0,0.00,0.00,0.00,0,0,0.00,0.00,0,0
1508083426,eth0,0.00,0.00,0.00,0,0,0.00,0.00,0.00,0,0,0.00,0.00,0,0
1508083426,eth1,0.00,0.00,0.00,0,0,0.00,0.00,0.00,0,0,0.00,0.00,0,0
1508083426,s2,0.00,0.00,0.00,0,0,0.00,0.00,0.00,0,0,0.00,0.00,0,0
1508083426,s2-eth2,5460.00,207604.00,213064.00,207604,5460,76.00,74.00,150.00,74,76,0.00,0.00,0,0
1508083426,s2-eth1,210566.00,5118.00,215684.00,5118,210566,75.00,75.00,150.00,75,75,0.00,0.00,0,0
1508083426,lo,0.00,0.00,0.00,0,0,0.00,0.00,0.00,0,0,0.00,0.00,0,0
1508083426,s4,0.00,0.00,0.00,0,0,0.00,0.00,0.00,0,0,0.00,0.00,0,0
1508083426,total,216026.00,212722.00,428748.00,212722,216026,151.00,149.00,300.00,149,151,0.00,0.00,0,0
1508083427,s5,0.00,0.00,0.00,0,0,0.00,0.00,0.00,0,0,0.00,0.00,0,0
1508083427,eth0,0.00,0.00,0.00,0,0,0.00,0.00,0.00,0,0,0.00,0.00,0,0
1508083427,eth1,0.00,0.00,0.00,0,0,0.00,0.00,0.00,0,0,0.00,0.00,0,0
1508083427,s2,0.00,0.00,0.00,0,0,0.00,0.00,0.00,0,0,0.00,0.00,0,0
1508083427,s2-eth2,4278.00,150340.00,154618.00,150340,4278,61.00,62.00,123.00,62,61,0.00,0.00,0,0
1508083427,s2-eth1,147246.00,4278.00,151524.00,4278,147246,59.00,61.00,120.00,61,59,0.00,0.00,0,0
1508083427,lo,0.00,0.00,0.00,0,0,0.00,0.00,0.00,0,0,0.00,0.00,0,0
1508083427,s4,0.00,0.00,0.00,0,0,0.00,0.00,0.00,0,0,0.00,0.00,0,0
1508083427,total,151524.00,154618.00,306142.00,154618,151524,120.00,123.00,243.00,123,120,0.00,0.00,0,0
1508083428,s5,0.00,0.00,0.00,0,0,0.00,0.00,0.00,0,0,0.00,0.00,0,0
1508083428,eth0,0.00,0.00,0.00,0,0,0.00,0.00,0.00,0,0,0.00,0.00,0,0
1508083428,eth1,0.00,0.00,0.00,0,0,0.00,0.00,0.00,0,0,0.00,0.00,0,0
1508083428,s2,0.00,0.00,0.00,0,0,0.00,0.00,0.00,0,0,0.00,0.00,0,0
1508083428,s2-eth2,2337.66,87588.41,89926.08,87676,2340,33.97,33.97,67.93,34,34,0.00,0.00,0,0
1508083428,s2-eth1,87588.41,2337.66,89926.08,2340,87676,33.97,33.97,67.93,34,34,0.00,0.00,0,0
1508083428,lo,0.00,0.00,0.00,0,0,0.00,0.00,0.00,0,0,0.00,0.00,0,0
1508083428,s4,0.00,0.00,0.00,0,0,0.00,0.00,0.00,0,0,0.00,0.00,0,0
1508083428,total,89926.08,89926.08,179852.16,90016,90016,67.93,67.93,135.86,68,68,0.00,0.00,0,0
1508083429,s5,0.00,0.00,0.00,0,0,0.00,0.00,0.00,0,0,0.00,0.00,0,0
1508083429,eth0,0.00,0.00,0.00,0,0,0.00,0.00,0.00,0,0,0.00,0.00,0,0
1508083429,eth1,0.00,0.00,0.00,0,0,0.00,0.00,0.00,0,0,0.00,0.00,0,0
1508083429,s2,0.00,0.00,0.00,0,0,0.00,0.00,0.00,0,0,0.00,0.00,0,0
1508083429,s2-eth2,1572.00,44760.00,46332.00,44760,1572,22.00,20.00,42.00,20,22,0.00,0.00,0,0
1508083429,s2-eth1,41864.00,1572.00,43436.00,1572,41864,20.00,22.00,42.00,22,20,0.00,0.00,0,0
1508083429,lo,172.00,172.00,344.00,172,172,3.00,3.00,6.00,3,3,0.00,0.00,0,0
1508083429,s4,0.00,0.00,0.00,0,0,0.00,0.00,0.00,0,0,0.00,0.00,0,0
1508083429,total,43608.00,46504.00,90112.00,46504,43608,45.00,45.00,90.00,45,45,0.00,0.00,0,0
1508083430,s5,0.00,0.00,0.00,0,0,0.00,0.00,0.00,0,0,0.00,0.00,0,0
1508083430,eth0,0.00,0.00,0.00,0,0,0.00,0.00,0.00,0,0,0.00,0.00,0,0
1508083430,eth1,0.00,0.00,0.00,0,0,0.00,0.00,0.00,0,0,0.00,0.00,0,0
1508083430,s2,0.00,0.00,0.00,0,0,0.00,0.00,0.00,0,0,0.00,0.00,0,0
1508083430,s2-eth2,1066.93,48857.14,49924.08,48906,1068,15.98,16.98,32.97,17,16,0.00,0.00,0,0
1508083430,s2-eth1,51816.18,1066.93,52883.12,1068,51868,17.98,15.98,33.97,16,18,0.00,0.00,0,0
1508083430,lo,343.66,343.66,687.31,344,344,5.99,5.99,11.99,6,6,0.00,0.00,0,0
1508083430,s4,0.00,0.00,0.00,0,0,0.00,0.00,0.00,0,0,0.00,0.00,0,0
1508083430,total,53226.77,50267.73,103494.51,50318,53280,39.96,38.96,78.92,39,40,0.00,0.00,0,0
1508083431,s5,0.00,0.00,0.00,0,0,0.00,0.00,0.00,0,0,0.00,0.00,0,0
1508083431,eth0,0.00,0.00,0.00,0,0,0.00,0.00,0.00,0,0,0.00,0.00,0,0
1508083431,eth1,0.00,0.00,0.00,0,0,0.00,0.00,0.00,0,0,0.00,0.00,0,0
1508083431,s2,0.00,0.00,0.00,0,0,0.00,0.00,0.00,0,0,0.00,0.00,0,0
1508083431,s2-eth2,1385.00,57858.00,59243.00,57858,1385,20.00,21.00,41.00,21,20,0.00,0.00,0,0
1508083431,s2-eth1,48972.00,1278.00,50250.00,1278,48972,18.00,19.00,37.00,19,18,0.00,0.00,0,0
1508083431,lo,0.00,0.00,0.00,0,0,0.00,0.00,0.00,0,0,0.00,0.00,0,0
1508083431,s4,0.00,0.00,0.00,0,0,0.00,0.00,0.00,0,0,0.00,0.00,0,0
1508083431,total,50357.00,59136.00,109493.00,59136,50357,38.00,40.00,78.00,40,38,0.00,0.00,0,0
1508083432,s5,0.00,0.00,0.00,0,0,0.00,0.00,0.00,0,0,0.00,0.00,0,0
1508083432,eth0,0.00,0.00,0.00,0,0,0.00,0.00,0.00,0,0,0.00,0.00,0,0
1508083432,eth1,0.00,0.00,0.00,0,0,0.00,0.00,0.00,0,0,0.00,0.00,0,0
1508083432,s2,0.00,0.00,0.00,0,0,0.00,0.00,0.00,0,0,0.00,0.00,0,0
1508083432,s2-eth2,1186.81,53262.74,54449.55,53316,1188,17.98,17.98,35.96,18,18,0.00,0.00,0,0
1508083432,s2-eth1,62588.41,1186.81,63775.23,1188,62651,22.98,17.98,40.96,18,23,0.00,0.00,0,0
1508083432,lo,0.00,0.00,0.00,0,0,0.00,0.00,0.00,0,0,0.00,0.00,0,0
1508083432,s4,0.00,0.00,0.00,0,0,0.00,0.00,0.00,0,0,0.00,0.00,0,0
1508083432,total,63775.23,54449.55,118224.78,54504,63839,40.96,35.96,76.92,36,41,0.00,0.00,0,0
1508083433,s5,0.00,0.00,0.00,0,0,0.00,0.00,0.00,0,0,0.00,0.00,0,0
1508083433,eth0,0.00,0.00,0.00,0,0,0.00,0.00,0.00,0,0,0.00,0.00,0,0
1508083433,eth1,0.00,0.00,0.00,0,0,0.00,0.00,0.00,0,0,0.00,0.00,0,0
1508083433,s2,0.00,0.00,0.00,0,0,0.00,0.00,0.00,0,0,0.00,0.00,0,0
1508083433,s2-eth2,1158.00,50486.00,51644.00,50486,1158,17.00,19.00,36.00,19,17,0.00,0.00,0,0
1508083433,s2-eth1,38638.00,1158.00,39796.00,1158,38638,15.00,17.00,32.00,17,15,0.00,0.00,0,0
1508083433,lo,0.00,0.00,0.00,0,0,0.00,0.00,0.00,0,0,0.00,0.00,0,0
1508083433,s4,0.00,0.00,0.00,0,0,0.00,0.00,0.00,0,0,0.00,0.00,0,0
1508083433,total,39796.00,51644.00,91440.00,51644,39796,32.00,36.00,68.00,36,32,0.00,0.00,0,0
1508083434,s5,0.00,0.00,0.00,0,0,0.00,0.00,0.00,0,0,0.00,0.00,0,0
1508083434,eth0,0.00,0.00,0.00,0,0,0.00,0.00,0.00,0,0,0.00,0.00,0,0
1508083434,eth1,0.00,0.00,0.00,0,0,0.00,0.00,0.00,0,0,0.00,0.00,0,0
1508083434,s2,0.00,0.00,0.00,0,0,0.00,0.00,0.00,0,0,0.00,0.00,0,0
1508083434,s2-eth2,1056.00,50354.00,51410.00,50354,1056,16.00,17.00,33.00,17,16,0.00,0.00,0,0
1508083434,s2-eth1,59240.00,1056.00,60296.00,1056,59240,20.00,16.00,36.00,16,20,0.00,0.00,0,0
1508083434,lo,172.00,172.00,344.00,172,172,3.00,3.00,6.00,3,3,0.00,0.00,0,0
1508083434,s4,0.00,0.00,0.00,0,0,0.00,0.00,0.00,0,0,0.00,0.00,0,0
1508083434,total,60468.00,51582.00,112050.00,51582,60468,39.00,36.00,75.00,36,39,0.00,0.00,0,0
1508083435,s5,0.00,0.00,0.00,0,0,0.00,0.00,0.00,0,0,0.00,0.00,0,0
1508083435,eth0,0.00,0.00,0.00,0,0,0.00,0.00,0.00,0,0,0.00,0.00,0,0
1508083435,eth1,0.00,0.00,0.00,0,0,0.00,0.00,0.00,0,0,0.00,0.00,0,0
1508083435,s2,0.00,0.00,0.00,0,0,0.00,0.00,0.00,0,0,0.00,0.00,0,0
1508083435,s2-eth2,1252.75,62139.86,63392.61,62202,1254,18.98,20.98,39.96,21,19,0.00,0.00,0,0
1508083435,s2-eth1,50303.70,1252.75,51556.45,1254,50354,16.98,18.98,35.96,19,17,0.00,0.00,0,0
1508083435,lo,343.66,343.66,687.31,344,344,5.99,5.99,11.99,6,6,0.00,0.00,0,0
1508083435,s4,0.00,0.00,0.00,0,0,0.00,0.00,0.00,0,0,0.00,0.00,0,0
1508083435,total,51900.10,63736.27,115636.37,63800,51952,41.96,45.95,87.91,46,42,0.00,0.00,0,0
1508083436,s5,0.00,0.00,0.00,0,0,0.00,0.00,0.00,0,0,0.00,0.00,0,0
1508083436,eth0,0.00,0.00,0.00,0,0,0.00,0.00,0.00,0,0,0.00,0.00,0,0
1508083436,eth1,0.00,0.00,0.00,0,0,0.00,0.00,0.00,0,0,0.00,0.00,0,0
1508083436,s2,0.00,0.00,0.00,0,0,0.00,0.00,0.00,0,0,0.00,0.00,0,0
1508083436,s2-eth2,1582.42,71016.98,72599.41,71088,1584,23.98,23.98,47.95,24,24,0.00,0.00,0,0
1508083436,s2-eth1,82853.15,1582.42,84435.57,1584,82936,27.97,23.98,51.95,24,28,0.00,0.00,0,0
1508083436,lo,0.00,0.00,0.00,0,0,0.00,0.00,0.00,0,0,0.00,0.00,0,0
1508083436,s4,0.00,0.00,0.00,0,0,0.00,0.00,0.00,0,0,0.00,0.00,0,0
1508083436,total,84435.57,72599.41,157034.97,72672,84520,51.95,47.95,99.90,48,52,0.00,0.00,0,0
1508083437,s5,0.00,0.00,0.00,0,0,0.00,0.00,0.00,0,0,0.00,0.00,0,0
1508083437,eth0,0.00,0.00,0.00,0,0,0.00,0.00,0.00,0,0,0.00,0.00,0,0
1508083437,eth1,0.00,0.00,0.00,0,0,0.00,0.00,0.00,0,0,0.00,0.00,0,0
1508083437,s2,0.00,0.00,0.00,0,0,0.00,0.00,0.00,0,0,0.00,0.00,0,0
1508083437,s2-eth2,2514.00,106962.00,109476.00,106962,2514,37.00,41.00,78.00,41,37,0.00,0.00,0,0
1508083437,s2-eth1,87676.00,2514.00,90190.00,2514,87676,34.00,37.00,71.00,37,34,0.00,0.00,0,0
1508083437,lo,0.00,0.00,0.00,0,0,0.00,0.00,0.00,0,0,0.00,0.00,0,0
1508083437,s4,0.00,0.00,0.00,0,0,0.00,0.00,0.00,0,0,0.00,0.00,0,0
1508083437,total,90190.00,109476.00,199666.00,109476,90190,71.00,78.00,149.00,78,71,0.00,0.00,0,0
1508083438,s5,0.00,0.00,0.00,0,0,0.00,0.00,0.00,0,0,0.00,0.00,0,0
1508083438,eth0,0.00,0.00,0.00,0,0,0.00,0.00,0.00,0,0,0.00,0.00,0,0
1508083438,eth1,0.00,0.00,0.00,0,0,0.00,0.00,0.00,0,0,0.00,0.00,0,0
1508083438,s2,0.00,0.00,0.00,0,0,0.00,0.00,0.00,0,0,0.00,0.00,0,0
1508083438,s2-eth2,2175.82,103566.44,105742.26,103670,2178,32.97,34.97,67.93,35,33,0.00,0.00,0,0
1508083438,s2-eth1,116915.09,2175.82,119090.91,2178,117032,39.96,32.97,72.93,33,40,0.00,0.00,0,0
1508083438,lo,0.00,0.00,0.00,0,0,0.00,0.00,0.00,0,0,0.00,0.00,0,0
1508083438,s4,0.00,0.00,0.00,0,0,0.00,0.00,0.00,0,0,0.00,0.00,0,0
1508083438,total,119090.91,105742.26,224833.17,105848,119210,72.93,67.93,140.86,68,73,0.00,0.00,0,0
1508083439,s5,0.00,0.00,0.00,0,0,0.00,0.00,0.00,0,0,0.00,0.00,0,0
1508083439,eth0,0.00,0.00,0.00,0,0,0.00,0.00,0.00,0,0,0.00,0.00,0,0
1508083439,eth1,0.00,0.00,0.00,0,0,0.00,0.00,0.00,0,0,0.00,0.00,0,0
1508083439,s2,0.00,0.00,0.00,0,0,0.00,0.00,0.00,0,0,0.00,0.00,0,0
1508083439,s2-eth2,2535.46,102515.48,105050.95,102618,2538,36.96,40.96,77.92,41,37,0.00,0.00,0,0
1508083439,s2-eth1,89166.84,2613.39,91780.22,2616,89256,35.96,37.96,73.93,38,36,0.00,0.00,0,0
1508083439,lo,171.83,171.83,343.66,172,172,3.00,3.00,5.99,3,3,0.00,0.00,0,0
1508083439,s4,0.00,0.00,0.00,0,0,0.00,0.00,0.00,0,0,0.00,0.00,0,0
1508083439,total,91874.12,105300.70,197174.83,105406,91966,75.92,81.92,157.84,82,76,0.00,0.00,0,0
1508083440,s5,0.00,0.00,0.00,0,0,0.00,0.00,0.00,0,0,0.00,0.00,0,0
1508083440,eth0,0.00,0.00,0.00,0,0,0.00,0.00,0.00,0,0,0.00,0.00,0,0
1508083440,eth1,0.00,0.00,0.00,0,0,0.00,0.00,0.00,0,0,0.00,0.00,0,0
1508083440,s2,0.00,0.00,0.00,0,0,0.00,0.00,0.00,0,0,0.00,0.00,0,0
1508083440,s2-eth2,2832.00,105382.00,108214.00,105382,2832,38.00,39.00,77.00,39,38,0.00,0.00,0,0
1508083440,s2-eth1,106896.00,2412.00,109308.00,2412,106896,40.00,36.00,76.00,36,40,0.00,0.00,0,0
1508083440,lo,344.00,344.00,688.00,344,344,6.00,6.00,12.00,6,6,0.00,0.00,0,0
1508083440,s4,0.00,0.00,0.00,0,0,0.00,0.00,0.00,0,0,0.00,0.00,0,0
1508083440,total,110072.00,108138.00,218210.00,108138,110072,84.00,81.00,165.00,81,84,0.00,0.00,0,0
1508083441,s5,0.00,0.00,0.00,0,0,0.00,0.00,0.00,0,0,0.00,0.00,0,0
1508083441,eth0,0.00,0.00,0.00,0,0,0.00,0.00,0.00,0,0,0.00,0.00,0,0
1508083441,eth1,0.00,0.00,0.00,0,0,0.00,0.00,0.00,0,0,0.00,0.00,0,0
1508083441,s2,0.00,0.00,0.00,0,0,0.00,0.00,0.00,0,0,0.00,0.00,0,0
1508083441,s2-eth2,2778.00,109924.00,112702.00,109924,2778,41.00,42.00,83.00,42,41,0.00,0.00,0,0
1508083441,s2-eth1,101038.00,2778.00,103816.00,2778,101038,39.00,41.00,80.00,41,39,0.00,0.00,0,0
1508083441,lo,0.00,0.00,0.00,0,0,0.00,0.00,0.00,0,0,0.00,0.00,0,0
1508083441,s4,0.00,0.00,0.00,0,0,0.00,0.00,0.00,0,0,0.00,0.00,0,0
1508083441,total,103816.00,112702.00,216518.00,112702,103816,80.00,83.00,163.00,83,80,0.00,0.00,0,0
1508083442,s5,0.00,0.00,0.00,0,0,0.00,0.00,0.00,0,0,0.00,0.00,0,0
1508083442,eth0,0.00,0.00,0.00,0,0,0.00,0.00,0.00,0,0,0.00,0.00,0,0
1508083442,eth1,0.00,0.00,0.00,0,0,0.00,0.00,0.00,0,0,0.00,0.00,0,0
1508083442,s2,0.00,0.00,0.00,0,0,0.00,0.00,0.00,0,0,0.00,0.00,0,0
1508083442,s2-eth2,2505.49,112443.56,114949.05,112556,2508,37.96,37.96,75.92,38,38,0.00,0.00,0,0
1508083442,s2-eth1,118361.64,2505.49,120867.13,2508,118480,39.96,37.96,77.92,38,40,0.00,0.00,0,0
1508083442,lo,0.00,0.00,0.00,0,0,0.00,0.00,0.00,0,0,0.00,0.00,0,0
1508083442,s4,0.00,0.00,0.00,0,0,0.00,0.00,0.00,0,0,0.00,0.00,0,0
1508083442,total,120867.13,114949.05,235816.19,115064,120988,77.92,75.92,153.85,76,78,0.00,0.00,0,0
1508083443,s5,0.00,0.00,0.00,0,0,0.00,0.00,0.00,0,0,0.00,0.00,0,0
1508083443,eth0,0.00,0.00,0.00,0,0,0.00,0.00,0.00,0,0,0.00,0.00,0,0
1508083443,eth1,0.00,0.00,0.00,0,0,0.00,0.00,0.00,0,0,0.00,0.00,0,0
1508083443,s2,0.00,0.00,0.00,0,0,0.00,0.00,0.00,0,0,0.00,0.00,0,0
1508083443,s2-eth2,2505.49,118361.64,120867.13,118480,2508,37.96,39.96,77.92,40,38,0.00,0.00,0,0
1508083443,s2-eth1,115744.26,2505.49,118249.75,2508,115860,39.96,37.96,77.92,38,40,0.00,0.00,0,0
1508083443,lo,0.00,0.00,0.00,0,0,0.00,0.00,0.00,0,0,0.00,0.00,0,0
1508083443,s4,0.00,0.00,0.00,0,0,0.00,0.00,0.00,0,0,0.00,0.00,0,0
1508083443,total,118249.75,120867.13,239116.89,120988,118368,77.92,77.92,155.84,78,78,0.00,0.00,0,0
1508083444,s5,0.00,0.00,0.00,0,0,0.00,0.00,0.00,0,0,0.00,0.00,0,0
1508083444,eth0,0.00,0.00,0.00,0,0,0.00,0.00,0.00,0,0,0.00,0.00,0,0
1508083444,eth1,0.00,0.00,0.00,0,0,0.00,0.00,0.00,0,0,0.00,0.00,0,0
1508083444,s2,0.00,0.00,0.00,0,0,0.00,0.00,0.00,0,0,0.00,0.00,0,0
1508083444,s2-eth2,3078.00,136294.00,139372.00,136294,3078,47.00,47.00,94.00,47,47,0.00,0.00,0,0
1508083444,s2-eth1,133332.00,3078.00,136410.00,3078,133332,46.00,47.00,93.00,47,46,0.00,0.00,0,0
1508083444,lo,296.00,296.00,592.00,296,296,3.00,3.00,6.00,3,3,0.00,0.00,0,0
1508083444,s4,0.00,0.00,0.00,0,0,0.00,0.00,0.00,0,0,0.00,0.00,0,0
1508083444,total,136706.00,139668.00,276374.00,139668,136706,96.00,97.00,193.00,97,96,0.00,0.00,0,0
1508083445,s5,0.00,0.00,0.00,0,0,0.00,0.00,0.00,0,0,0.00,0.00,0,0
1508083445,eth0,0.00,0.00,0.00,0,0,0.00,0.00,0.00,0,0,0.00,0.00,0,0
1508083445,eth1,0.00,0.00,0.00,0,0,0.00,0.00,0.00,0,0,0.00,0.00,0,0
1508083445,s2,0.00,0.00,0.00,0,0,0.00,0.00,0.00,0,0,0.00,0.00,0,0
1508083445,s2-eth2,3144.00,121904.00,125048.00,121904,3144,46.00,48.00,94.00,48,46,0.00,0.00,0,0
1508083445,s2-eth1,124866.00,3144.00,128010.00,3144,124866,49.00,46.00,95.00,46,49,0.00,0.00,0,0
1508083445,lo,344.00,344.00,688.00,344,344,6.00,6.00,12.00,6,6,0.00,0.00,0,0
1508083445,s4,0.00,0.00,0.00,0,0,0.00,0.00,0.00,0,0,0.00,0.00,0,0
1508083445,total,128354.00,125392.00,253746.00,125392,128354,101.00,100.00,201.00,100,101,0.00,0.00,0,0
1508083446,s5,0.00,0.00,0.00,0,0,0.00,0.00,0.00,0,0,0.00,0.00,0,0
1508083446,eth0,0.00,0.00,0.00,0,0,0.00,0.00,0.00,0,0,0.00,0.00,0,0
1508083446,eth1,0.00,0.00,0.00,0,0,0.00,0.00,0.00,0,0,0.00,0.00,0,0
1508083446,s2,0.00,0.00,0.00,0,0,0.00,0.00,0.00,0,0,0.00,0.00,0,0
1508083446,s2-eth2,3408.00,133752.00,137160.00,133752,3408,50.00,52.00,102.00,52,50,0.00,0.00,0,0
1508083446,s2-eth1,124866.00,3408.00,128274.00,3408,124866,49.00,50.00,99.00,50,49,0.00,0.00,0,0
1508083446,lo,0.00,0.00,0.00,0,0,0.00,0.00,0.00,0,0,0.00,0.00,0,0
1508083446,s4,0.00,0.00,0.00,0,0,0.00,0.00,0.00,0,0,0.00,0.00,0,0
1508083446,total,128274.00,137160.00,265434.00,137160,128274,99.00,102.00,201.00,102,99,0.00,0.00,0,0
1508083447,s5,0.00,0.00,0.00,0,0,0.00,0.00,0.00,0,0,0.00,0.00,0,0
1508083447,eth0,0.00,0.00,0.00,0,0,0.00,0.00,0.00,0,0,0.00,0.00,0,0
1508083447,eth1,0.00,0.00,0.00,0,0,0.00,0.00,0.00,0,0,0.00,0.00,0,0
1508083447,s2,0.00,0.00,0.00,0,0,0.00,0.00,0.00,0,0,0.00,0.00,0,0
1508083447,s2-eth2,3643.00,122300.00,125943.00,122300,3643,51.00,54.00,105.00,54,51,0.00,0.00,0,0
1508083447,s2-eth1,122300.00,3536.00,125836.00,3536,122300,54.00,50.00,104.00,50,54,0.00,0.00,0,0
1508083447,lo,0.00,0.00,0.00,0,0,0.00,0.00,0.00,0,0,0.00,0.00,0,0
1508083447,s4,0.00,0.00,0.00,0,0,0.00,0.00,0.00,0,0,0.00,0.00,0,0
1508083447,total,125943.00,125836.00,251779.00,125836,125943,105.00,104.00,209.00,104,105,0.00,0.00,0,0
1508083448,s5,0.00,0.00,0.00,0,0,0.00,0.00,0.00,0,0,0.00,0.00,0,0
1508083448,eth0,0.00,0.00,0.00,0,0,0.00,0.00,0.00,0,0,0.00,0.00,0,0
1508083448,eth1,0.00,0.00,0.00,0,0,0.00,0.00,0.00,0,0,0.00,0.00,0,0
1508083448,s2,0.00,0.00,0.00,0,0,0.00,0.00,0.00,0,0,0.00,0.00,0,0
1508083448,s2-eth2,3642.00,148100.00,151742.00,148100,3642,51.00,50.00,101.00,50,51,0.00,0.00,0,0
1508083448,s2-eth1,139321.00,3300.00,142621.00,3300,139321,48.00,50.00,98.00,50,48,0.00,0.00,0,0
1508083448,lo,172.00,172.00,344.00,172,172,3.00,3.00,6.00,3,3,0.00,0.00,0,0
1508083448,s4,0.00,0.00,0.00,0,0,0.00,0.00,0.00,0,0,0.00,0.00,0,0
1508083448,total,143135.00,151572.00,294707.00,151572,143135,102.00,103.00,205.00,103,102,0.00,0.00,0,0
1508083449,s5,0.00,0.00,0.00,0,0,0.00,0.00,0.00,0,0,0.00,0.00,0,0
1508083449,eth0,0.00,0.00,0.00,0,0,0.00,0.00,0.00,0,0,0.00,0.00,0,0
1508083449,eth1,0.00,0.00,0.00,0,0,0.00,0.00,0.00,0,0,0.00,0.00,0,0
1508083449,s2,0.00,0.00,0.00,0,0,0.00,0.00,0.00,0,0,0.00,0.00,0,0
1508083449,s2-eth2,3186.00,141058.00,144244.00,141058,3186,47.00,53.00,100.00,53,47,0.00,0.00,0,0
1508083449,s2-eth1,140794.00,3186.00,143980.00,3186,140794,49.00,47.00,96.00,47,49,0.00,0.00,0,0
1508083449,lo,0.00,0.00,0.00,0,0,0.00,0.00,0.00,0,0,0.00,0.00,0,0
1508083449,s4,0.00,0.00,0.00,0,0,0.00,0.00,0.00,0,0,0.00,0.00,0,0
1508083449,total,143836.17,144099.91,287936.06,144244,143980,95.90,99.90,195.80,100,96,0.00,0.00,0,0
1508083450,s5,0.00,0.00,0.00,0,0,0.00,0.00,0.00,0,0,0.00,0.00,0,0
1508083450,eth0,0.00,0.00,0.00,0,0,0.00,0.00,0.00,0,0,0.00,0.00,0,0
1508083450,eth1,0.00,0.00,0.00,0,0,0.00,0.00,0.00,0,0,0.00,0.00,0,0
1508083450,s2,0.00,0.00,0.00,0,0,0.00,0.00,0.00,0,0,0.00,0.00,0,0
1508083450,s2-eth2,2964.07,95055.89,98019.96,95246,2970,42.91,38.92,81.84,39,43,0.00,0.00,0,0
1508083450,s2-eth1,93808.38,2964.07,96772.46,2970,93996,41.92,42.91,84.83,43,42,0.00,0.00,0,0
1508083450,lo,344.00,344.00,688.00,344,344,6.00,6.00,12.00,6,6,0.00,0.00,0,0
1508083450,s4,0.00,0.00,0.00,0,0,0.00,0.00,0.00,0,0,0.00,0.00,0,0
1508083450,total,97310.00,98560.00,195870.00,98560,97310,91.00,88.00,179.00,88,91,0.00,0.00,0,0
1508083451,s5,0.00,0.00,0.00,0,0,0.00,0.00,0.00,0,0,0.00,0.00,0,0
1508083451,eth0,0.00,0.00,0.00,0,0,0.00,0.00,0.00,0,0,0.00,0.00,0,0
1508083451,eth1,0.00,0.00,0.00,0,0,0.00,0.00,0.00,0,0,0.00,0.00,0,0
1508083451,s2,0.00,0.00,0.00,0,0,0.00,0.00,0.00,0,0,0.00,0.00,0,0
1508083451,s2-eth2,1984.02,75752.25,77736.27,75828,1986,28.97,29.97,58.94,30,29,0.00,0.00,0,0
1508083451,s2-eth1,80157.84,1984.02,82141.86,1986,80238,30.97,28.97,59.94,29,31,0.00,0.00,0,0
1508083451,lo,0.00,0.00,0.00,0,0,0.00,0.00,0.00,0,0,0.00,0.00,0,0
1508083451,s4,0.00,0.00,0.00,0,0,0.00,0.00,0.00,0,0,0.00,0.00,0,0
1508083451,total,82141.86,77736.27,159878.12,77814,82224,59.94,58.94,118.88,59,60,0.00,0.00,0,0
1508083452,s5,0.00,0.00,0.00,0,0,0.00,0.00,0.00,0,0,0.00,0.00,0,0
1508083452,eth0,0.00,0.00,0.00,0,0,0.00,0.00,0.00,0,0,0.00,0.00,0,0
1508083452,eth1,0.00,0.00,0.00,0,0,0.00,0.00,0.00,0,0,0.00,0.00,0,0
1508083452,s2,0.00,0.00,0.00,0,0,0.00,0.00,0.00,0,0,0.00,0.00,0,0
1508083452,s2-eth2,2049.95,83182.82,85232.77,83266,2052,29.97,32.97,62.94,33,30,0.00,0.00,0,0
1508083452,s2-eth1,77198.80,2127.87,79326.67,2130,77276,29.97,30.97,60.94,31,30,0.00,0.00,0,0
1508083452,lo,0.00,0.00,0.00,0,0,0.00,0.00,0.00,0,0,0.00,0.00,0,0
1508083452,s4,0.00,0.00,0.00,0,0,0.00,0.00,0.00,0,0,0.00,0.00,0,0
1508083452,total,79248.75,85310.70,164559.44,85396,79328,59.94,63.94,123.88,64,60,0.00,0.00,0,0
1508083453,s5,0.00,0.00,0.00,0,0,0.00,0.00,0.00,0,0,0.00,0.00,0,0
1508083453,eth0,0.00,0.00,0.00,0,0,0.00,0.00,0.00,0,0,0.00,0.00,0,0
1508083453,eth1,0.00,0.00,0.00,0,0,0.00,0.00,0.00,0,0,0.00,0.00,0,0
1508083453,s2,0.00,0.00,0.00,0,0,0.00,0.00,0.00,0,0,0.00,0.00,0,0
1508083453,s2-eth2,2082.00,87544.00,89626.00,87544,2082,31.00,32.00,63.00,32,31,0.00,0.00,0,0
1508083453,s2-eth1,83200.00,2004.00,85204.00,2004,83200,32.00,30.00,62.00,30,32,0.00,0.00,0,0
1508083453,lo,172.00,172.00,344.00,172,172,3.00,3.00,6.00,3,3,0.00,0.00,0,0
1508083453,s4,0.00,0.00,0.00,0,0,0.00,0.00,0.00,0,0,0.00,0.00,0,0
1508083453,total,85454.00,89720.00,175174.00,89720,85454,66.00,65.00,131.00,65,66,0.00,0.00,0,0
1508083454,s5,0.00,0.00,0.00,0,0,0.00,0.00,0.00,0,0,0.00,0.00,0,0
1508083454,eth0,0.00,0.00,0.00,0,0,0.00,0.00,0.00,0,0,0.00,0.00,0,0
1508083454,eth1,0.00,0.00,0.00,0,0,0.00,0.00,0.00,0,0,0.00,0.00,0,0
1508083454,s2,0.00,0.00,0.00,0,0,0.00,0.00,0.00,0,0,0.00,0.00,0,0
1508083454,s2-eth2,2112.00,94784.00,96896.00,94784,2112,32.00,32.00,64.00,32,32,0.00,0.00,0,0
1508083454,s2-eth1,97746.00,2112.00,99858.00,2112,97746,33.00,32.00,65.00,32,33,0.00,0.00,0,0
1508083454,lo,0.00,0.00,0.00,0,0,0.00,0.00,0.00,0,0,0.00,0.00,0,0
1508083454,s4,0.00,0.00,0.00,0,0,0.00,0.00,0.00,0,0,0.00,0.00,0,0
1508083454,total,99858.00,96896.00,196754.00,96896,99858,65.00,64.00,129.00,64,65,0.00,0.00,0,0
1508083455,s5,0.00,0.00,0.00,0,0,0.00,0.00,0.00,0,0,0.00,0.00,0,0
1508083455,eth0,0.00,0.00,0.00,0,0,0.00,0.00,0.00,0,0,0.00,0.00,0,0
1508083455,eth1,0.00,0.00,0.00,0,0,0.00,0.00,0.00,0,0,0.00,0.00,0,0
1508083455,s2,0.00,0.00,0.00,0,0,0.00,0.00,0.00,0,0,0.00,0.00,0,0
1508083455,s2-eth2,2235.76,100739.27,102975.03,100840,2238,32.97,35.96,68.93,36,33,0.00,0.00,0,0
1508083455,s2-eth1,94755.25,2235.76,96991.01,2238,94850,32.97,32.97,65.93,33,33,0.00,0.00,0,0
1508083455,lo,343.66,343.66,687.31,344,344,5.99,5.99,11.99,6,6,0.00,0.00,0,0
1508083455,s4,0.00,0.00,0.00,0,0,0.00,0.00,0.00,0,0,0.00,0.00,0,0
1508083455,total,97334.67,103318.69,200653.36,103422,97432,71.93,74.93,146.85,75,72,0.00,0.00,0,0
1508083456,s5,0.00,0.00,0.00,0,0,0.00,0.00,0.00,0,0,0.00,0.00,0,0
1508083456,eth0,0.00,0.00,0.00,0,0,0.00,0.00,0.00,0,0,0.00,0.00,0,0
1508083456,eth1,0.00,0.00,0.00,0,0,0.00,0.00,0.00,0,0,0.00,0.00,0,0
1508083456,s2,0.00,0.00,0.00,0,0,0.00,0.00,0.00,0,0,0.00,0.00,0,0
1508083456,s2-eth2,2628.00,86162.00,88790.00,86162,2628,34.00,33.00,67.00,33,34,0.00,0.00,0,0
1508083456,s2-eth1,89190.00,2352.00,91542.00,2352,89190,35.00,34.00,69.00,34,35,0.00,0.00,0,0
1508083456,lo,0.00,0.00,0.00,0,0,0.00,0.00,0.00,0,0,0.00,0.00,0,0
1508083456,s4,0.00,0.00,0.00,0,0,0.00,0.00,0.00,0,0,0.00,0.00,0,0
1508083456,total,91818.00,88514.00,180332.00,88514,91818,69.00,67.00,136.00,67,69,0.00,0.00,0,0
1508083457,s5,0.00,0.00,0.00,0,0,0.00,0.00,0.00,0,0,0.00,0.00,0,0
1508083457,eth0,0.00,0.00,0.00,0,0,0.00,0.00,0.00,0,0,0.00,0.00,0,0
1508083457,eth1,0.00,0.00,0.00,0,0,0.00,0.00,0.00,0,0,0.00,0.00,0,0
1508083457,s2,0.00,0.00,0.00,0,0,0.00,0.00,0.00,0,0,0.00,0.00,0,0
1508083457,s2-eth2,2172.00,83200.00,85372.00,83200,2172,32.00,32.00,64.00,32,32,0.00,0.00,0,0
1508083457,s2-eth1,74656.00,2106.00,76762.00,2106,74656,30.00,31.00,61.00,31,30,0.00,0.00,0,0
1508083457,lo,0.00,0.00,0.00,0,0,0.00,0.00,0.00,0,0,0.00,0.00,0,0
1508083457,s4,0.00,0.00,0.00,0,0,0.00,0.00,0.00,0,0,0.00,0.00,0,0
1508083457,total,76828.00,85306.00,162134.00,85306,76828,62.00,63.00,125.00,63,62,0.00,0.00,0,0
1508083458,s5,0.00,0.00,0.00,0,0,0.00,0.00,0.00,0,0,0.00,0.00,0,0
1508083458,eth0,0.00,0.00,0.00,0,0,0.00,0.00,0.00,0,0,0.00,0.00,0,0
1508083458,eth1,0.00,0.00,0.00,0,0,0.00,0.00,0.00,0,0,0.00,0.00,0,0
1508083458,s2,0.00,0.00,0.00,0,0,0.00,0.00,0.00,0,0,0.00,0.00,0,0
1508083458,s2-eth2,1584.00,77012.00,78596.00,77012,1584,24.00,26.00,50.00,26,24,0.00,0.00,0,0
1508083458,s2-eth1,82936.00,1584.00,84520.00,1584,82936,28.00,24.00,52.00,24,28,0.00,0.00,0,0
1508083458,lo,172.00,172.00,344.00,172,172,3.00,3.00,6.00,3,3,0.00,0.00,0,0
1508083458,s4,0.00,0.00,0.00,0,0,0.00,0.00,0.00,0,0,0.00,0.00,0,0
1508083458,total,84692.00,78768.00,163460.00,78768,84692,55.00,53.00,108.00,53,55,0.00,0.00,0,0
1508083459,s5,0.00,0.00,0.00,0,0,0.00,0.00,0.00,0,0,0.00,0.00,0,0
1508083459,eth0,0.00,0.00,0.00,0,0,0.00,0.00,0.00,0,0,0.00,0.00,0,0
1508083459,eth1,0.00,0.00,0.00,0,0,0.00,0.00,0.00,0,0,0.00,0.00,0,0
1508083459,s2,0.00,0.00,0.00,0,0,0.00,0.00,0.00,0,0,0.00,0.00,0,0
1508083459,s2-eth2,1978.02,97648.35,99626.38,97746,1980,29.97,32.97,62.94,33,30,0.00,0.00,0,0
1508083459,s2-eth1,85812.19,1978.02,87790.21,1980,85898,28.97,29.97,58.94,30,29,0.00,0.00,0,0
1508083459,lo,0.00,0.00,0.00,0,0,0.00,0.00,0.00,0,0,0.00,0.00,0,0
1508083459,s4,0.00,0.00,0.00,0,0,0.00,0.00,0.00,0,0,0.00,0.00,0,0
1508083459,total,87790.21,99626.38,187416.59,99726,87878,58.94,62.94,121.88,63,59,0.00,0.00,0,0
1508083460,s5,0.00,0.00,0.00,0,0,0.00,0.00,0.00,0,0,0.00,0.00,0,0
1508083460,eth0,0.00,0.00,0.00,0,0,0.00,0.00,0.00,0,0,0.00,0.00,0,0
1508083460,eth1,0.00,0.00,0.00,0,0,0.00,0.00,0.00,0,0,0.00,0.00,0,0
1508083460,s2,0.00,0.00,0.00,0,0,0.00,0.00,0.00,0,0,0.00,0.00,0,0
1508083460,s2-eth2,2109.89,100607.40,102717.29,100708,2112,31.97,33.97,65.93,34,32,0.00,0.00,0,0
1508083460,s2-eth1,112443.56,2109.89,114553.45,2112,112556,37.96,31.97,69.93,32,38,0.00,0.00,0,0
1508083460,lo,343.66,343.66,687.31,344,344,5.99,5.99,11.99,6,6,0.00,0.00,0,0
1508083460,s4,0.00,0.00,0.00,0,0,0.00,0.00,0.00,0,0,0.00,0.00,0,0
1508083460,total,114897.11,103060.95,217958.05,103164,115012,75.92,71.93,147.85,72,76,0.00,0.00,0,0
1508083461,s5,0.00,0.00,0.00,0,0,0.00,0.00,0.00,0,0,0.00,0.00,0,0
1508083461,eth0,0.00,0.00,0.00,0,0,0.00,0.00,0.00,0,0,0.00,0.00,0,0
1508083461,eth1,0.00,0.00,0.00,0,0,0.00,0.00,0.00,0,0,0.00,0.00,0,0
1508083461,s2,0.00,0.00,0.00,0,0,0.00,0.00,0.00,0,0,0.00,0.00,0,0
1508083461,s2-eth2,3230.77,156829.17,160059.94,156986,3234,48.95,52.95,101.90,53,49,0.00,0.00,0,0
1508083461,s2-eth1,139074.92,3230.77,142305.70,3234,139214,46.95,48.95,95.90,49,47,0.00,0.00,0,0
1508083461,lo,0.00,0.00,0.00,0,0,0.00,0.00,0.00,0,0,0.00,0.00,0,0
1508083461,s4,0.00,0.00,0.00,0,0,0.00,0.00,0.00,0,0,0.00,0.00,0,0
1508083461,total,142305.70,160059.94,302365.66,160220,142448,95.90,101.90,197.80,102,96,0.00,0.00,0,0
1508083462,s5,0.00,0.00,0.00,0,0,0.00,0.00,0.00,0,0,0.00,0.00,0,0
1508083462,eth0,0.00,0.00,0.00,0,0,0.00,0.00,0.00,0,0,0.00,0.00,0,0
1508083462,eth1,0.00,0.00,0.00,0,0,0.00,0.00,0.00,0,0,0.00,0.00,0,0
1508083462,s2,0.00,0.00,0.00,0,0,0.00,0.00,0.00,0,0,0.00,0.00,0,0
1508083462,s2-eth2,4698.00,190162.00,194860.00,190162,4698,69.00,73.00,142.00,73,69,0.00,0.00,0,0
1508083462,s2-eth1,190162.00,4698.00,194860.00,4698,190162,73.00,69.00,142.00,69,73,0.00,0.00,0,0
1508083462,lo,0.00,0.00,0.00,0,0,0.00,0.00,0.00,0,0,0.00,0.00,0,0
1508083462,s4,0.00,0.00,0.00,0,0,0.00,0.00,0.00,0,0,0.00,0.00,0,0
1508083462,total,194860.00,194860.00,389720.00,194860,194860,142.00,142.00,284.00,142,142,0.00,0.00,0,0
1508083463,s5,0.00,0.00,0.00,0,0,0.00,0.00,0.00,0,0,0.00,0.00,0,0
1508083463,eth0,303.39,489.02,792.42,490,304,3.99,3.99,7.98,4,4,0.00,0.00,0,0
1508083463,eth1,0.00,0.00,0.00,0,0,0.00,0.00,0.00,0,0,0.00,0.00,0,0
1508083463,s2,0.00,0.00,0.00,0,0,0.00,0.00,0.00,0,0,0.00,0.00,0,0
1508083463,s2-eth2,4620.76,121005.99,125626.75,121248,4630,58.88,59.88,118.76,60,59,0.00,0.00,0,0
1508083463,s2-eth1,127303.40,4169.66,131473.06,4178,127558,62.87,56.89,119.76,57,63,0.00,0.00,0,0
1508083463,lo,852.30,852.30,1704.59,854,854,10.98,10.98,21.96,11,11,0.00,0.00,0,0
1508083463,s4,0.00,0.00,0.00,0,0,0.00,0.00,0.00,0,0,0.00,0.00,0,0
1508083463,total,133079.84,126516.97,259596.81,126770,133346,136.73,131.74,268.46,132,137,0.00,0.00,0,0
1508083464,s5,0.00,0.00,0.00,0,0,0.00,0.00,0.00,0,0,0.00,0.00,0,0
1508083464,eth0,303.70,244.76,548.45,245,304,4.00,2.00,5.99,2,4,0.00,0.00,0,0
1508083464,eth1,0.00,0.00,0.00,0,0,0.00,0.00,0.00,0,0,0.00,0.00,0,0
1508083464,s2,0.00,0.00,0.00,0,0,0.00,0.00,0.00,0,0,0.00,0.00,0,0
1508083464,s2-eth2,3058.94,115534.47,118593.41,115650,3062,44.96,40.96,85.91,41,45,0.00,0.00,0,0
1508083464,s2-eth1,102439.56,2871.13,105310.70,2874,102542,38.96,42.96,81.92,43,39,0.00,0.00,0,0
1508083464,lo,464.54,464.54,929.07,465,465,5.99,5.99,11.99,6,6,0.00,0.00,0,0
1508083464,s4,0.00,0.00,0.00,0,0,0.00,0.00,0.00,0,0,0.00,0.00,0,0
1508083464,total,106266.73,119114.89,225381.62,119234,106373,93.91,91.91,185.81,92,94,0.00,0.00,0,0
1508083465,s5,0.00,0.00,0.00,0,0,0.00,0.00,0.00,0,0,0.00,0.00,0,0
1508083465,eth0,152.00,490.00,642.00,490,152,2.00,4.00,6.00,4,2,0.00,0.00,0,0
1508083465,eth1,0.00,0.00,0.00,0,0,0.00,0.00,0.00,0,0,0.00,0.00,0,0
1508083465,s2,0.00,0.00,0.00,0,0,0.00,0.00,0.00,0,0,0.00,0.00,0,0
1508083465,s2-eth2,3823.00,106632.00,110455.00,106632,3823,42.00,36.00,78.00,36,42,0.00,0.00,0,0
1508083465,s2-eth1,120586.00,2244.00,122830.00,2244,120586,51.00,34.00,85.00,34,51,0.00,0.00,0,0
1508083465,lo,902.00,902.00,1804.00,902,902,12.00,12.00,24.00,12,12,0.00,0.00,0,0
1508083465,s4,0.00,0.00,0.00,0,0,0.00,0.00,0.00,0,0,0.00,0.00,0,0
1508083465,total,125463.00,110268.00,235731.00,110268,125463,107.00,86.00,193.00,86,107,0.00,0.00,0,0
1508083466,s5,0.00,0.00,0.00,0,0,0.00,0.00,0.00,0,0,0.00,0.00,0,0
1508083466,eth0,152.00,245.00,397.00,245,152,2.00,2.00,4.00,2,2,0.00,0.00,0,0
1508083466,eth1,0.00,0.00,0.00,0,0,0.00,0.00,0.00,0,0,0.00,0.00,0,0
1508083466,s2,0.00,0.00,0.00,0,0,0.00,0.00,0.00,0,0,0.00,0.00,0,0
1508083466,s2-eth2,4031.00,118876.00,122907.00,118876,4031,48.00,46.00,94.00,46,48,0.00,0.00,0,0
1508083466,s2-eth1,105886.00,2868.00,108754.00,2868,105886,40.00,42.00,82.00,42,40,0.00,0.00,0,0
1508083466,lo,341.00,341.00,682.00,341,341,4.00,4.00,8.00,4,4,0.00,0.00,0,0
1508083466,s4,0.00,0.00,0.00,0,0,0.00,0.00,0.00,0,0,0.00,0.00,0,0
1508083466,total,110410.00,122330.00,232740.00,122330,110410,94.00,94.00,188.00,94,94,0.00,0.00,0,0
1508083467,s5,0.00,0.00,0.00,0,0,0.00,0.00,0.00,0,0,0.00,0.00,0,0
1508083467,eth0,0.00,0.00,0.00,0,0,0.00,0.00,0.00,0,0,0.00,0.00,0,0
1508083467,eth1,0.00,0.00,0.00,0,0,0.00,0.00,0.00,0,0,0.00,0.00,0,0
1508083467,s2,0.00,0.00,0.00,0,0,0.00,0.00,0.00,0,0,0.00,0.00,0,0
1508083467,s2-eth2,2361.00,66876.00,69237.00,66876,2361,30.00,26.00,56.00,26,30,0.00,0.00,0,0
1508083467,s2-eth1,76353.00,2034.00,78387.00,2034,76353,34.00,29.00,63.00,29,34,0.00,0.00,0,0
1508083467,lo,0.00,0.00,0.00,0,0,0.00,0.00,0.00,0,0,0.00,0.00,0,0
1508083467,s4,0.00,0.00,0.00,0,0,0.00,0.00,0.00,0,0,0.00,0.00,0,0
1508083467,total,78714.00,68910.00,147624.00,68910,78714,64.00,55.00,119.00,55,64,0.00,0.00,0,0
1508083468,s5,0.00,0.00,0.00,0,0,0.00,0.00,0.00,0,0,0.00,0.00,0,0
1508083468,eth0,59.94,59.94,119.88,60,60,1.00,1.00,2.00,1,1,0.00,0.00,0,0
1508083468,eth1,0.00,0.00,0.00,0,0,0.00,0.00,0.00,0,0,0.00,0.00,0,0
1508083468,s2,0.00,0.00,0.00,0,0,0.00,0.00,0.00,0,0,0.00,0.00,0,0
1508083468,s2-eth2,2087.91,79894.11,81982.02,79974,2090,27.97,26.97,54.95,27,28,0.00,0.00,0,0
1508083468,s2-eth1,68431.57,1714.29,70145.86,1716,68500,24.98,25.97,50.95,26,25,0.00,0.00,0,0
1508083468,lo,171.83,171.83,343.66,172,172,3.00,3.00,5.99,3,3,0.00,0.00,0,0
1508083468,s4,0.00,0.00,0.00,0,0,0.00,0.00,0.00,0,0,0.00,0.00,0,0
1508083468,total,70751.25,81840.16,152591.41,81922,70822,56.94,56.94,113.89,57,57,0.00,0.00,0,0
1508083469,s5,0.00,0.00,0.00,0,0,0.00,0.00,0.00,0,0,0.00,0.00,0,0
1508083469,eth0,0.00,0.00,0.00,0,0,0.00,0.00,0.00,0,0,0.00,0.00,0,0
1508083469,eth1,0.00,0.00,0.00,0,0,0.00,0.00,0.00,0,0,0.00,0.00,0,0
1508083469,s2,0.00,0.00,0.00,0,0,0.00,0.00,0.00,0,0,0.00,0.00,0,0
1508083469,s2-eth2,1897.00,62334.00,64231.00,62334,1897,24.00,23.00,47.00,23,24,0.00,0.00,0,0
1508083469,s2-eth1,71617.00,1500.00,73117.00,1500,71617,28.00,22.00,50.00,22,28,0.00,0.00,0,0
1508083469,lo,0.00,0.00,0.00,0,0,0.00,0.00,0.00,0,0,0.00,0.00,0,0
1508083469,s4,0.00,0.00,0.00,0,0,0.00,0.00,0.00,0,0,0.00,0.00,0,0
1508083469,total,73514.00,63834.00,137348.00,63834,73514,52.00,45.00,97.00,45,52,0.00,0.00,0,0
1508083470,s5,0.00,0.00,0.00,0,0,0.00,0.00,0.00,0,0,0.00,0.00,0,0
1508083470,eth0,0.00,0.00,0.00,0,0,0.00,0.00,0.00,0,0,0.00,0.00,0,0
1508083470,eth1,0.00,0.00,0.00,0,0,0.00,0.00,0.00,0,0,0.00,0.00,0,0
1508083470,s2,0.00,0.00,0.00,0,0,0.00,0.00,0.00,0,0,0.00,0.00,0,0
1508083470,s2-eth2,1846.15,82853.15,84699.30,82936,1848,27.97,27.97,55.94,28,28,0.00,0.00,0,0
1508083470,s2-eth1,71016.98,1846.15,72863.14,1848,71088,23.98,27.97,51.95,28,24,0.00,0.00,0,0
1508083470,lo,343.66,343.66,687.31,344,344,5.99,5.99,11.99,6,6,0.00,0.00,0,0
1508083470,s4,0.00,0.00,0.00,0,0,0.00,0.00,0.00,0,0,0.00,0.00,0,0
1508083470,total,73206.80,85042.96,158249.75,85128,73280,57.94,61.94,119.88,62,58,0.00,0.00,0,0
1508083471,s5,0.00,0.00,0.00,0,0,0.00,0.00,0.00,0,0,0.00,0.00,0,0
1508083471,eth0,0.00,0.00,0.00,0,0,0.00,0.00,0.00,0,0,0.00,0.00,0,0
1508083471,eth1,0.00,0.00,0.00,0,0,0.00,0.00,0.00,0,0,0.00,0.00,0,0
1508083471,s2,0.00,0.00,0.00,0,0,0.00,0.00,0.00,0,0,0.00,0.00,0,0
1508083471,s2-eth2,1758.00,82978.00,84736.00,82978,1758,27.00,29.00,56.00,29,27,0.00,0.00,0,0
1508083471,s2-eth1,91864.00,1758.00,93622.00,1758,91864,32.00,27.00,59.00,27,32,0.00,0.00,0,0
1508083471,lo,0.00,0.00,0.00,0,0,0.00,0.00,0.00,0,0,0.00,0.00,0,0
1508083471,s4,0.00,0.00,0.00,0,0,0.00,0.00,0.00,0,0,0.00,0.00,0,0
1508083471,total,93622.00,84736.00,178358.00,84736,93622,59.00,56.00,115.00,56,59,0.00,0.00,0,0
1508083472,s5,0.00,0.00,0.00,0,0,0.00,0.00,0.00,0,0,0.00,0.00,0,0
1508083472,eth0,0.00,0.00,0.00,0,0,0.00,0.00,0.00,0,0,0.00,0.00,0,0
1508083472,eth1,0.00,0.00,0.00,0,0,0.00,0.00,0.00,0,0,0.00,0.00,0,0
1508083472,s2,0.00,0.00,0.00,0,0,0.00,0.00,0.00,0,0,0.00,0.00,0,0
1508083472,s2-eth2,2624.38,100607.40,103231.77,100708,2627,34.97,33.97,68.93,34,35,0.00,0.00,0,0
1508083472,s2-eth1,91837.16,2175.82,94012.99,2178,91929,31.97,32.97,64.94,33,32,0.00,0.00,0,0
1508083472,lo,0.00,0.00,0.00,0,0,0.00,0.00,0.00,0,0,0.00,0.00,0,0
1508083472,s4,0.00,0.00,0.00,0,0,0.00,0.00,0.00,0,0,0.00,0.00,0,0
1508083472,total,94461.54,102783.22,197244.77,102886,94556,66.93,66.93,133.87,67,67,0.00,0.00,0,0
1508083473,s5,0.00,0.00,0.00,0,0,0.00,0.00,0.00,0,0,0.00,0.00,0,0
1508083473,eth0,0.00,0.00,0.00,0,0,0.00,0.00,0.00,0,0,0.00,0.00,0,0
1508083473,eth1,0.00,0.00,0.00,0,0,0.00,0.00,0.00,0,0,0.00,0.00,0,0
1508083473,s2,0.00,0.00,0.00,0,0,0.00,0.00,0.00,0,0,0.00,0.00,0,0
1508083473,s2-eth2,2263.74,91928.08,94191.81,92020,2266,32.97,33.97,66.93,34,33,0.00,0.00,0,0
1508083473,s2-eth1,94957.05,2193.81,97150.85,2196,95052,35.96,31.97,67.93,32,36,0.00,0.00,0,0
1508083473,lo,171.83,171.83,343.66,172,172,3.00,3.00,5.99,3,3,0.00,0.00,0,0
1508083473,s4,0.00,0.00,0.00,0,0,0.00,0.00,0.00,0,0,0.00,0.00,0,0
1508083473,total,97392.61,94293.71,191686.31,94388,97490,71.93,68.93,140.86,69,72,0.00,0.00,0,0
1508083474,s5,0.00,0.00,0.00,0,0,0.00,0.00,0.00,0,0,0.00,0.00,0,0
1508083474,eth0,0.00,0.00,0.00,0,0,0.00,0.00,0.00,0,0,0.00,0.00,0,0
1508083474,eth1,0.00,0.00,0.00,0,0,0.00,0.00,0.00,0,0,0.00,0.00,0,0
1508083474,s2,0.00,0.00,0.00,0,0,0.00,0.00,0.00,0,0,0.00,0.00,0,0
1508083474,s2-eth2,2262.00,97944.00,100206.00,97944,2262,33.00,36.00,69.00,36,33,0.00,0.00,0,0
1508083474,s2-eth1,95324.00,2328.00,97652.00,2328,95324,36.00,34.00,70.00,34,36,0.00,0.00,0,0
1508083474,lo,0.00,0.00,0.00,0,0,0.00,0.00,0.00,0,0,0.00,0.00,0,0
1508083474,s4,0.00,0.00,0.00,0,0,0.00,0.00,0.00,0,0,0.00,0.00,0,0
1508083474,total,97586.00,100272.00,197858.00,100272,97586,69.00,70.00,139.00,70,69,0.00,0.00,0,0
1508083475,s5,0.00,0.00,0.00,0,0,0.00,0.00,0.00,0,0,0.00,0.00,0,0
1508083475,eth0,0.00,0.00,0.00,0,0,0.00,0.00,0.00,0,0,0.00,0.00,0,0
1508083475,eth1,0.00,0.00,0.00,0,0,0.00,0.00,0.00,0,0,0.00,0.00,0,0
1508083475,s2,0.00,0.00,0.00,0,0,0.00,0.00,0.00,0,0,0.00,0.00,0,0
1508083475,s2-eth2,2391.61,100805.20,103196.80,100906,2394,34.97,36.96,71.93,37,35,0.00,0.00,0,0
1508083475,s2-eth1,97846.16,2325.67,100171.83,2328,97944,35.96,33.97,69.93,34,36,0.00,0.00,0,0
1508083475,lo,343.66,343.66,687.31,344,344,5.99,5.99,11.99,6,6,0.00,0.00,0,0
1508083475,s4,0.00,0.00,0.00,0,0,0.00,0.00,0.00,0,0,0.00,0.00,0,0
1508083475,total,100581.42,103474.53,204055.95,103578,100682,76.92,76.92,153.85,77,77,0.00,0.00,0,0
1508083476,s5,0.00,0.00,0.00,0,0,0.00,0.00,0.00,0,0,0.00,0.00,0,0
1508083476,eth0,0.00,0.00,0.00,0,0,0.00,0.00,0.00,0,0,0.00,0.00,0,0
1508083476,eth1,0.00,0.00,0.00,0,0,0.00,0.00,0.00,0,0,0.00,0.00,0,0
1508083476,s2,0.00,0.00,0.00,0,0,0.00,0.00,0.00,0,0,0.00,0.00,0,0
1508083476,s2-eth2,2244.00,106632.00,108876.00,106632,2244,34.00,36.00,70.00,36,34,0.00,0.00,0,0
1508083476,s2-eth1,106632.00,2244.00,108876.00,2244,106632,36.00,34.00,70.00,34,36,0.00,0.00,0,0
1508083476,lo,0.00,0.00,0.00,0,0,0.00,0.00,0.00,0,0,0.00,0.00,0,0
1508083476,s4,0.00,0.00,0.00,0,0,0.00,0.00,0.00,0,0,0.00,0.00,0,0
1508083476,total,108876.00,108876.00,217752.00,108876,108876,70.00,70.00,140.00,70,70,0.00,0.00,0,0
1508083477,s5,0.00,0.00,0.00,0,0,0.00,0.00,0.00,0,0,0.00,0.00,0,0
1508083477,eth0,0.00,0.00,0.00,0,0,0.00,0.00,0.00,0,0,0.00,0.00,0,0
1508083477,eth1,0.00,0.00,0.00,0,0,0.00,0.00,0.00,0,0,0.00,0.00,0,0
1508083477,s2,0.00,0.00,0.00,0,0,0.00,0.00,0.00,0,0,0.00,0.00,0,0
1508083477,s2-eth2,2571.43,118361.64,120933.07,118480,2574,38.96,39.96,78.92,40,39,0.00,0.00,0,0
1508083477,s2-eth1,112443.56,2571.43,115014.98,2574,112556,37.96,38.96,76.92,39,38,0.00,0.00,0,0
1508083477,lo,0.00,0.00,0.00,0,0,0.00,0.00,0.00,0,0,0.00,0.00,0,0
1508083477,s4,0.00,0.00,0.00,0,0,0.00,0.00,0.00,0,0,0.00,0.00,0,0
1508083477,total,115014.98,120933.07,235948.06,121054,115130,76.92,78.92,155.84,79,77,0.00,0.00,0,0
1508083478,s5,0.00,0.00,0.00,0,0,0.00,0.00,0.00,0,0,0.00,0.00,0,0
1508083478,eth0,0.00,0.00,0.00,0,0,0.00,0.00,0.00,0,0,0.00,0.00,0,0
1508083478,eth1,0.00,0.00,0.00,0,0,0.00,0.00,0.00,0,0,0.00,0.00,0,0
1508083478,s2,0.00,0.00,0.00,0,0,0.00,0.00,0.00,0,0,0.00,0.00,0,0
1508083478,s2-eth2,2508.00,112556.00,115064.00,112556,2508,38.00,38.00,76.00,38,38,0.00,0.00,0,0
1508083478,s2-eth1,118480.00,2508.00,120988.00,2508,118480,40.00,38.00,78.00,38,40,0.00,0.00,0,0
1508083478,lo,172.00,172.00,344.00,172,172,3.00,3.00,6.00,3,3,0.00,0.00,0,0
1508083478,s4,0.00,0.00,0.00,0,0,0.00,0.00,0.00,0,0,0.00,0.00,0,0
1508083478,total,121160.00,115236.00,236396.00,115236,121160,81.00,79.00,160.00,79,81,0.00,0.00,0,0
1508083479,s5,0.00,0.00,0.00,0,0,0.00,0.00,0.00,0,0,0.00,0.00,0,0
1508083479,eth0,0.00,0.00,0.00,0,0,0.00,0.00,0.00,0,0,0.00,0.00,0,0
1508083479,eth1,0.00,0.00,0.00,0,0,0.00,0.00,0.00,0,0,0.00,0.00,0,0
1508083479,s2,0.00,0.00,0.00,0,0,0.00,0.00,0.00,0,0,0.00,0.00,0,0
1508083479,s2-eth2,2994.01,127309.38,130303.40,127564,3000,43.91,45.91,89.82,46,44,0.00,0.00,0,0
1508083479,s2-eth1,118441.12,2994.01,121435.13,3000,118678,42.91,43.91,86.83,44,43,0.00,0.00,0,0
1508083479,lo,0.00,0.00,0.00,0,0,0.00,0.00,0.00,0,0,0.00,0.00,0,0
1508083479,s4,0.00,0.00,0.00,0,0,0.00,0.00,0.00,0,0,0.00,0.00,0,0
1508083479,total,121435.13,130303.40,251738.53,130564,121678,86.83,89.82,176.65,90,87,0.00,0.00,0,0
1508083480,s5,0.00,0.00,0.00,0,0,0.00,0.00,0.00,0,0,0.00,0.00,0,0
1508083480,eth0,0.00,0.00,0.00,0,0,0.00,0.00,0.00,0,0,0.00,0.00,0,0
1508083480,eth1,0.00,0.00,0.00,0,0,0.00,0.00,0.00,0,0,0.00,0.00,0,0
1508083480,s2,0.00,0.00,0.00,0,0,0.00,0.00,0.00,0,0,0.00,0.00,0,0
1508083480,s2-eth2,963.07,18738.52,19701.60,18776,965,13.97,7.98,21.96,8,14,0.00,0.00,0,0
1508083480,s2-eth1,30669.66,856.29,31525.95,858,30731,12.97,12.97,25.95,13,13,0.00,0.00,0,0
1508083480,lo,343.31,343.31,686.63,344,344,5.99,5.9