1508086196,s1,0.00,0.00,0.00,0,0,0.00,0.00,0.00,0,0,0.00,0.00,0,0
1508086196,eth0,0.00,0.00,0.00,0,0,0.00,0.00,0.00,0,0,0.00,0.00,0,0
1508086196,eth1,0.00,0.00,0.00,0,0,0.00,0.00,0.00,0,0,0.00,0.00,0,0
1508086196,s2,0.00,0.00,0.00,0,0,0.00,0.00,0.00,0,0,0.00,0.00,0,0
1508086196,s1-eth2,0.00,0.00,0.00,0,0,0.00,0.00,0.00,0,0,0.00,0.00,0,0
1508086196,s1-eth1,0.00,0.00,0.00,0,0,0.00,0.00,0.00,0,0,0.00,0.00,0,0
1508086196,s2-eth2,0.00,0.00,0.00,0,0,0.00,0.00,0.00,0,0,0.00,0.00,0,0
1508086196,s2-eth1,0.00,0.00,0.00,0,0,0.00,0.00,0.00,0,0,0.00,0.00,0,0
1508086196,lo,0.00,0.00,0.00,0,0,0.00,0.00,0.00,0,0,0.00,0.00,0,0
1508086196,total,0.00,0.00,0.00,0,0,0.00,0.00,0.00,0,0,0.00,0.00,0,0
1508086197,s1,250.00,90.00,340.00,90,250,3.00,1.00,4.00,1,3,0.00,0.00,0,0
1508086197,eth0,456.00,735.00,1191.00,735,456,6.00,6.00,12.00,6,6,0.00,0.00,0,0
1508086197,eth1,0.00,0.00,0.00,0,0,0.00,0.00,0.00,0,0,0.00,0.00,0,0
1508086197,s2,160.00,250.00,410.00,250,160,2.00,3.00,5.00,3,2,0.00,0.00,0,0
1508086197,s1-eth2,10361.00,251324.00,261685.00,251324,10361,121.00,166.00,287.00,166,121,0.00,0.00,0,0
1508086197,s1-eth1,250492.00,8332.00,258824.00,8332,250492,176.00,108.00,284.00,108,176,0.00,0.00,0,0
1508086197,s2-eth2,2016.00,250.00,2266.00,250,2016,10.00,3.00,13.00,3,10,0.00,0.00,0,0
1508086197,s2-eth1,2266.00,0.00,2266.00,0,2266,13.00,0.00,13.00,0,13,0.00,0.00,0,0
1508086197,lo,3503.00,3503.00,7006.00,3503,3503,38.00,38.00,76.00,38,38,0.00,0.00,0,0
1508086197,total,269504.00,264484.00,533988.00,264484,269504,369.00,325.00,694.00,325,369,0.00,0.00,0,0
1508086198,s1,0.00,0.00,0.00,0,0,0.00,0.00,0.00,0,0,0.00,0.00,0,0
1508086198,eth0,152.00,245.00,397.00,245,152,2.00,2.00,4.00,2,2,0.00,0.00,0,0
1508086198,eth1,0.00,0.00,0.00,0,0,0.00,0.00,0.00,0,0,0.00,0.00,0,0
1508086198,s2,90.00,0.00,90.00,0,90,1.00,0.00,1.00,0,1,0.00,0.00,0,0
1508086198,s1-eth2,8813.00,252838.00,261651.00,252838,8813,107.00,167.00,274.00,167,107,0.00,0.00,0,0
1508086198,s1-eth1,250773.00,7850.00,258623.00,7850,250773,169.00,103.00,272.00,103,169,0.00,0.00,0,0
1508086198,s2-eth2,1053.00,0.00,1053.00,0,1053,5.00,0.00,5.00,0,5,0.00,0.00,0,0
1508086198,s2-eth1,946.00,0.00,946.00,0,946,4.00,0.00,4.00,0,4,0.00,0.00,0,0
1508086198,lo,629.00,629.00,1258.00,629,629,7.00,7.00,14.00,7,7,0.00,0.00,0,0
1508086198,total,262456.00,261562.00,524018.00,261562,262456,295.00,279.00,574.00,279,295,0.00,0.00,0,0
1508086199,s1,0.00,0.00,0.00,0,0,0.00,0.00,0.00,0,0,0.00,0.00,0,0
1508086199,eth0,0.00,0.00,0.00,0,0,0.00,0.00,0.00,0,0,0.00,0.00,0,0
1508086199,eth1,0.00,0.00,0.00,0,0,0.00,0.00,0.00,0,0,0.00,0.00,0,0
1508086199,s2,0.00,0.00,0.00,0,0,0.00,0.00,0.00,0,0,0.00,0.00,0,0
1508086199,s1-eth2,10460.54,258635.38,269095.91,258894,10471,130.87,170.83,301.70,171,131,0.00,0.00,0,0
1508086199,s1-eth1,249560.45,10133.87,259694.31,10144,249810,164.84,129.87,294.71,130,165,0.00,0.00,0,0
1508086199,s2-eth2,0.00,0.00,0.00,0,0,0.00,0.00,0.00,0,0,0.00,0.00,0,0
1508086199,s2-eth1,106.89,0.00,106.89,0,107,1.00,0.00,1.00,0,1,0.00,0.00,0,0
1508086199,lo,0.00,0.00,0.00,0,0,0.00,0.00,0.00,0,0,0.00,0.00,0,0
1508086199,total,260127.88,268769.25,528897.12,269038,260388,296.70,300.70,597.40,301,297,0.00,0.00,0,0
1508086200,s1,0.00,140.00,140.00,140,0,0.00,2.00,2.00,2,0,0.00,0.00,0,0
1508086200,eth0,60.00,60.00,120.00,60,60,1.00,1.00,2.00,1,1,0.00,0.00,0,0
1508086200,eth1,0.00,0.00,0.00,0,0,0.00,0.00,0.00,0,0,0.00,0.00,0,0
1508086200,s2,0.00,70.00,70.00,70,0,0.00,1.00,1.00,1,0,0.00,0.00,0,0
1508086200,s1-eth2,9940.00,257450.00,267390.00,257450,9940,125.00,171.00,296.00,171,125,0.00,0.00,0,0
1508086200,s1-eth1,250324.00,9566.00,259890.00,9566,250324,169.00,123.00,292.00,123,169,0.00,0.00,0,0
1508086200,s2-eth2,514.00,0.00,514.00,0,514,4.00,0.00,4.00,0,4,0.00,0.00,0,0
1508086200,s2-eth1,664.00,70.00,734.00,70,664,3.00,1.00,4.00,1,3,0.00,0.00,0,0
1508086200,lo,804.00,804.00,1608.00,804,804,9.00,9.00,18.00,9,9,0.00,0.00,0,0
1508086200,total,262306.00,268160.00,530466.00,268160,262306,311.00,308.00,619.00,308,311,0.00,0.00,0,0
1508086201,s1,69.93,0.00,69.93,0,70,1.00,0.00,1.00,0,1,0.00,0.00,0,0
1508086201,eth0,0.00,0.00,0.00,0,0,0.00,0.00,0.00,0,0,0.00,0.00,0,0
1508086201,eth1,0.00,0.00,0.00,0,0,0.00,0.00,0.00,0,0,0.00,0.00,0,0
1508086201,s2,69.93,69.93,139.86,70,70,1.00,1.00,2.00,1,1,0.00,0.00,0,0
1508086201,s1-eth2,9841.16,260147.86,269989.03,260408,9851,124.88,171.83,296.70,172,125,0.00,0.00,0,0
1508086201,s1-eth1,249630.38,9448.55,259078.92,9458,249880,165.83,122.88,288.71,123,166,0.00,0.00,0,0
1508086201,s2-eth2,396.60,69.93,466.53,70,397,2.00,1.00,3.00,1,2,0.00,0.00,0,0
1508086201,s2-eth1,139.86,0.00,139.86,0,140,2.00,0.00,2.00,0,2,0.00,0.00,0,0
1508086201,lo,803.20,803.20,1606.39,804,804,8.99,8.99,17.98,9,9,0.00,0.00,0,0
1508086201,total,260951.06,270539.47,531490.50,270810,261212,305.69,305.69,611.39,306,306,0.00,0.00,0,0
1508086202,s1,0.00,0.00,0.00,0,0,0.00,0.00,0.00,0,0,0.00,0.00,0,0
1508086202,eth0,0.00,0.00,0.00,0,0,0.00,0.00,0.00,0,0,0.00,0.00,0,0
1508086202,eth1,0.00,0.00,0.00,0,0,0.00,0.00,0.00,0,0,0.00,0.00,0,0
1508086202,s2,0.00,0.00,0.00,0,0,0.00,0.00,0.00,0,0,0.00,0.00,0,0
1508086202,s1-eth2,11064.94,264685.31,275750.25,264950,11076,139.86,174.83,314.69,175,140,0.00,0.00,0,0
1508086202,s1-eth1,251072.94,10991.01,262063.94,11002,251324,165.83,138.86,304.70,139,166,0.00,0.00,0,0
1508086202,s2-eth2,0.00,0.00,0.00,0,0,0.00,0.00,0.00,0,0,0.00,0.00,0,0
1508086202,s2-eth1,341.66,0.00,341.66,0,342,1.00,0.00,1.00,0,1,0.00,0.00,0,0
1508086202,lo,0.00,0.00,0.00,0,0,0.00,0.00,0.00,0,0,0.00,0.00,0,0
1508086202,total,262479.53,275676.34,538155.88,275952,262742,306.69,313.69,620.38,314,307,0.00,0.00,0,0
1508086203,s1,0.00,0.00,0.00,0,0,0.00,0.00,0.00,0,0,0.00,0.00,0,0
1508086203,eth0,0.00,0.00,0.00,0,0,0.00,0.00,0.00,0,0,0.00,0.00,0,0
1508086203,eth1,0.00,0.00,0.00,0,0,0.00,0.00,0.00,0,0,0.00,0.00,0,0
1508086203,s2,0.00,0.00,0.00,0,0,0.00,0.00,0.00,0,0,0.00,0.00,0,0
1508086203,s1-eth2,8868.00,258894.00,267762.00,258894,8868,116.00,171.00,287.00,171,116,0.00,0.00,0,0
1508086203,s1-eth1,249810.00,8868.00,258678.00,8868,249810,165.00,116.00,281.00,116,165,0.00,0.00,0,0
1508086203,s2-eth2,342.00,0.00,342.00,0,342,1.00,0.00,1.00,0,1,0.00,0.00,0,0
1508086203,s2-eth1,107.00,0.00,107.00,0,107,1.00,0.00,1.00,0,1,0.00,0.00,0,0
1508086203,lo,0.00,0.00,0.00,0,0,0.00,0.00,0.00,0,0,0.00,0.00,0,0
1508086203,total,259127.00,267762.00,526889.00,267762,259127,283.00,287.00,570.00,287,283,0.00,0.00,0,0
1508086204,s1,0.00,140.00,140.00,140,0,0.00,2.00,2.00,2,0,0.00,0.00,0,0
1508086204,eth0,0.00,0.00,0.00,0,0,0.00,0.00,0.00,0,0,0.00,0.00,0,0
1508086204,eth1,0.00,0.00,0.00,0,0,0.00,0.00,0.00,0,0,0.00,0.00,0,0
1508086204,s2,0.00,70.00,70.00,70,0,0.00,1.00,1.00,1,0,0.00,0.00,0,0
1508086204,s1-eth2,9203.00,254422.00,263625.00,254422,9203,119.00,169.00,288.00,169,119,0.00,0.00,0,0
1508086204,s1-eth1,250399.00,9096.00,259495.00,9096,250399,169.00,118.00,287.00,118,169,0.00,0.00,0,0
1508086204,s2-eth2,247.00,0.00,247.00,0,247,3.00,0.00,3.00,0,3,0.00,0.00,0,0
1508086204,s2-eth1,70.00,70.00,140.00,70,70,1.00,1.00,2.00,1,1,0.00,0.00,0,0
1508086204,lo,804.00,804.00,1608.00,804,804,9.00,9.00,18.00,9,9,0.00,0.00,0,0
1508086204,total,260723.00,264602.00,525325.00,264602,260723,301.00,300.00,601.00,300,301,0.00,0.00,0,0
1508086205,s1,69.93,0.00,69.93,0,70,1.00,0.00,1.00,0,1,0.00,0.00,0,0
1508086205,eth0,0.00,0.00,0.00,0,0,0.00,0.00,0.00,0,0,0.00,0.00,0,0
1508086205,eth1,0.00,0.00,0.00,0,0,0.00,0.00,0.00,0,0,0.00,0.00,0,0
1508086205,s2,69.93,69.93,139.86,70,70,1.00,1.00,2.00,1,1,0.00,0.00,0,0
1508086205,s1-eth2,9154.85,260147.86,269302.72,260408,9164,117.88,171.83,289.71,172,118,0.00,0.00,0,0
1508086205,s1-eth1,249630.38,9088.91,258719.28,9098,249880,165.83,116.88,282.72,117,166,0.00,0.00,0,0
1508086205,s2-eth2,69.93,69.93,139.86,70,70,1.00,1.00,2.00,1,1,0.00,0.00,0,0
1508086205,s2-eth1,139.86,0.00,139.86,0,140,2.00,0.00,2.00,0,2,0.00,0.00,0,0
1508086205,lo,803.20,803.20,1606.39,804,804,8.99,8.99,17.98,9,9,0.00,0.00,0,0
1508086205,total,259938.06,270179.81,530117.88,270450,260198,297.70,299.70,597.40,300,298,0.00,0.00,0,0
1508086206,s1,0.00,0.00,0.00,0,0,0.00,0.00,0.00,0,0,0.00,0.00,0,0
1508086206,eth0,0.00,0.00,0.00,0,0,0.00,0.00,0.00,0,0,0.00,0.00,0,0
1508086206,eth1,0.00,0.00,0.00,0,0,0.00,0.00,0.00,0,0,0.00,0.00,0,0
1508086206,s2,0.00,0.00,0.00,0,0,0.00,0.00,0.00,0,0,0.00,0.00,0,0
1508086206,s1-eth2,9220.00,260408.00,269628.00,260408,9220,116.00,172.00,288.00,172,116,0.00,0.00,0,0
1508086206,s1-eth1,249810.00,8878.00,258688.00,8878,249810,165.00,115.00,280.00,115,165,0.00,0.00,0,0
1508086206,s2-eth2,0.00,0.00,0.00,0,0,0.00,0.00,0.00,0,0,0.00,0.00,0,0
1508086206,s2-eth1,0.00,0.00,0.00,0,0,0.00,0.00,0.00,0,0,0.00,0.00,0,0
1508086206,lo,0.00,0.00,0.00,0,0,0.00,0.00,0.00,0,0,0.00,0.00,0,0
1508086206,total,259030.00,269286.00,528316.00,269286,259030,281.00,287.00,568.00,287,281,0.00,0.00,0,0
1508086207,s1,0.00,0.00,0.00,0,0,0.00,0.00,0.00,0,0,0.00,0.00,0,0
1508086207,eth0,0.00,0.00,0.00,0,0,0.00,0.00,0.00,0,0,0.00,0.00,0,0
1508086207,eth1,0.00,0.00,0.00,0,0,0.00,0.00,0.00,0,0,0.00,0.00,0,0
1508086207,s2,0.00,0.00,0.00,0,0,0.00,0.00,0.00,0,0,0.00,0.00,0,0
1508086207,s1-eth2,8072.00,252838.00,260910.00,252838,8072,106.00,167.00,273.00,167,106,0.00,0.00,0,0
1508086207,s1-eth1,242240.00,7998.00,250238.00,7998,242240,160.00,105.00,265.00,105,160,0.00,0.00,0,0
1508086207,s2-eth2,0.00,0.00,0.00,0,0,0.00,0.00,0.00,0,0,0.00,0.00,0,0
1508086207,s2-eth1,0.00,0.00,0.00,0,0,0.00,0.00,0.00,0,0,0.00,0.00,0,0
1508086207,lo,0.00,0.00,0.00,0,0,0.00,0.00,0.00,0,0,0.00,0.00,0,0
1508086207,total,250312.00,260836.00,511148.00,260836,250312,266.00,272.00,538.00,272,266,0.00,0.00,0,0
1508086208,s1,0.00,0.00,0.00,0,0,0.00,0.00,0.00,0,0,0.00,0.00,0,0
1508086208,eth0,0.00,0.00,0.00,0,0,0.00,0.00,0.00,0,0,0.00,0.00,0,0
1508086208,eth1,0.00,0.00,0.00,0,0,0.00,0.00,0.00,0,0,0.00,0.00,0,0
1508086208,s2,0.00,0.00,0.00,0,0,0.00,0.00,0.00,0,0,0.00,0.00,0,0
1508086208,s1-eth2,7704.00,251324.00,259028.00,251324,7704,100.00,166.00,266.00,166,100,0.00,0.00,0,0
1508086208,s1-eth1,251324.00,7704.00,259028.00,7704,251324,166.00,100.00,266.00,100,166,0.00,0.00,0,0
1508086208,s2-eth2,0.00,0.00,0.00,0,0,0.00,0.00,0.00,0,0,0.00,0.00,0,0
1508086208,s2-eth1,0.00,0.00,0.00,0,0,0.00,0.00,0.00,0,0,0.00,0.00,0,0
1508086208,lo,0.00,0.00,0.00,0,0,0.00,0.00,0.00,0,0,0.00,0.00,0,0
1508086208,total,259028.00,259028.00,518056.00,259028,259028,266.00,266.00,532.00,266,266,0.00,0.00,0,0
1508086209,s1,0.00,0.00,0.00,0,0,0.00,0.00,0.00,0,0,0.00,0.00,0,0
1508086209,eth0,0.00,0.00,0.00,0,0,0.00,0.00,0.00,0,0,0.00,0.00,0,0
1508086209,eth1,0.00,0.00,0.00,0,0,0.00,0.00,0.00,0,0,0.00,0.00,0,0
1508086209,s2,0.00,0.00,0.00,0,0,0.00,0.00,0.00,0,0,0.00,0.00,0,0
1508086209,s1-eth2,9990.00,254352.00,264342.00,254352,9990,129.00,168.00,297.00,168,129,0.00,0.00,0,0
1508086209,s1-eth1,249810.00,9990.00,259800.00,9990,249810,165.00,129.00,294.00,129,165,0.00,0.00,0,0
1508086209,s2-eth2,0.00,0.00,0.00,0,0,0.00,0.00,0.00,0,0,0.00,0.00,0,0
1508086209,s2-eth1,342.00,0.00,342.00,0,342,1.00,0.00,1.00,0,1,0.00,0.00,0,0
1508086209,lo,344.00,344.00,688.00,344,344,6.00,6.00,12.00,6,6,0.00,0.00,0,0
1508086209,total,260486.00,264686.00,525172.00,264686,260486,301.00,303.00,604.00,303,301,0.00,0.00,0,0
1508086210,s1,0.00,0.00,0.00,0,0,0.00,0.00,0.00,0,0,0.00,0.00,0,0
1508086210,eth0,0.00,0.00,0.00,0,0,0.00,0.00,0.00,0,0,0.00,0.00,0,0
1508086210,eth1,0.00,0.00,0.00,0,0,0.00,0.00,0.00,0,0,0.00,0.00,0,0
1508086210,s2,0.00,0.00,0.00,0,0,0.00,0.00,0.00,0,0,0.00,0.00,0,0
1508086210,s1-eth2,7388.00,261922.00,269310.00,261922,7388,98.00,173.00,271.00,173,98,0.00,0.00,0,0
1508086210,s1-eth1,247124.00,7474.00,254598.00,7474,247124,164.00,99.00,263.00,99,164,0.00,0.00,0,0
1508086210,s2-eth2,0.00,0.00,0.00,0,0,0.00,0.00,0.00,0,0,0.00,0.00,0,0
1508086210,s2-eth1,0.00,0.00,0.00,0,0,0.00,0.00,0.00,0,0,0.00,0.00,0,0
1508086210,lo,0.00,0.00,0.00,0,0,0.00,0.00,0.00,0,0,0.00,0.00,0,0
1508086210,total,254512.00,269396.00,523908.00,269396,254512,262.00,272.00,534.00,272,262,0.00,0.00,0,0
1508086211,s1,0.00,0.00,0.00,0,0,0.00,0.00,0.00,0,0,0.00,0.00,0,0
1508086211,eth0,0.00,0.00,0.00,0,0,0.00,0.00,0.00,0,0,0.00,0.00,0,0
1508086211,eth1,0.00,0.00,0.00,0,0,0.00,0.00,0.00,0,0,0.00,0.00,0,0
1508086211,s2,0.00,0.00,0.00,0,0,0.00,0.00,0.00,0,0,0.00,0.00,0,0
1508086211,s1-eth2,9374.00,252838.00,262212.00,252838,9374,121.00,167.00,288.00,167,121,0.00,0.00,0,0
1508086211,s1-eth1,249810.00,9288.00,259098.00,9288,249810,165.00,120.00,285.00,120,165,0.00,0.00,0,0
1508086211,s2-eth2,0.00,0.00,0.00,0,0,0.00,0.00,0.00,0,0,0.00,0.00,0,0
1508086211,s2-eth1,107.00,0.00,107.00,0,107,1.00,0.00,1.00,0,1,0.00,0.00,0,0
1508086211,lo,0.00,0.00,0.00,0,0,0.00,0.00,0.00,0,0,0.00,0.00,0,0
1508086211,total,259291.00,262126.00,521417.00,262126,259291,287.00,287.00,574.00,287,287,0.00,0.00,0,0
1508086212,s1,0.00,0.00,0.00,0,0,0.00,0.00,0.00,0,0,0.00,0.00,0,0
1508086212,eth0,0.00,0.00,0.00,0,0,0.00,0.00,0.00,0,0,0.00,0.00,0,0
1508086212,eth1,0.00,0.00,0.00,0,0,0.00,0.00,0.00,0,0,0.00,0.00,0,0
1508086212,s2,0.00,0.00,0.00,0,0,0.00,0.00,0.00,0,0,0.00,0.00,0,0
1508086212,s1-eth2,8645.00,255866.00,264511.00,255866,8645,112.00,169.00,281.00,169,112,0.00,0.00,0,0
1508086212,s1-eth1,249917.00,8538.00,258455.00,8538,249917,166.00,111.00,277.00,111,166,0.00,0.00,0,0
1508086212,s2-eth2,107.00,0.00,107.00,0,107,1.00,0.00,1.00,0,1,0.00,0.00,0,0
1508086212,s2-eth1,0.00,0.00,0.00,0,0,0.00,0.00,0.00,0,0,0.00,0.00,0,0
1508086212,lo,0.00,0.00,0.00,0,0,0.00,0.00,0.00,0,0,0.00,0.00,0,0
1508086212,total,258669.00,264404.00,523073.00,264404,258669,279.00,280.00,559.00,280,279,0.00,0.00,0,0
1508086213,s1,0.00,0.00,0.00,0,0,0.00,0.00,0.00,0,0,0.00,0.00,0,0
1508086213,eth0,0.00,0.00,0.00,0,0,0.00,0.00,0.00,0,0,0.00,0.00,0,0
1508086213,eth1,0.00,0.00,0.00,0,0,0.00,0.00,0.00,0,0,0.00,0.00,0,0
1508086213,s2,0.00,0.00,0.00,0,0,0.00,0.00,0.00,0,0,0.00,0.00,0,0
1508086213,s1-eth2,10016.00,254352.00,264368.00,254352,10016,128.00,168.00,296.00,168,128,0.00,0.00,0,0
1508086213,s1-eth1,248296.00,10016.00,258312.00,10016,248296,164.00,128.00,292.00,128,164,0.00,0.00,0,0
1508086213,s2-eth2,0.00,0.00,0.00,0,0,0.00,0.00,0.00,0,0,0.00,0.00,0,0
1508086213,s2-eth1,0.00,0.00,0.00,0,0,0.00,0.00,0.00,0,0,0.00,0.00,0,0
1508086213,lo,0.00,0.00,0.00,0,0,0.00,0.00,0.00,0,0,0.00,0.00,0,0
1508086213,total,258312.00,264368.00,522680.00,264368,258312,292.00,296.00,588.00,296,292,0.00,0.00,0,0
1508086214,s1,0.00,0.00,0.00,0,0,0.00,0.00,0.00,0,0,0.00,0.00,0,0
1508086214,eth0,0.00,0.00,0.00,0,0,0.00,0.00,0.00,0,0,0.00,0.00,0,0
1508086214,eth1,0.00,0.00,0.00,0,0,0.00,0.00,0.00,0,0,0.00,0.00,0,0
1508086214,s2,0.00,0.00,0.00,0,0,0.00,0.00,0.00,0,0,0.00,0.00,0,0
1508086214,s1-eth2,8134.00,260408.00,268542.00,260408,8134,107.00,172.00,279.00,172,107,0.00,0.00,0,0
1508086214,s1-eth1,249810.00,8134.00,257944.00,8134,249810,165.00,107.00,272.00,107,165,0.00,0.00,0,0
1508086214,s2-eth2,342.00,0.00,342.00,0,342,1.00,0.00,1.00,0,1,0.00,0.00,0,0
1508086214,s2-eth1,0.00,0.00,0.00,0,0,0.00,0.00,0.00,0,0,0.00,0.00,0,0
1508086214,lo,344.00,344.00,688.00,344,344,6.00,6.00,12.00,6,6,0.00,0.00,0,0
1508086214,total,258630.00,268886.00,527516.00,268886,258630,279.00,285.00,564.00,285,279,0.00,0.00,0,0
1508086215,s1,0.00,0.00,0.00,0,0,0.00,0.00,0.00,0,0,0.00,0.00,0,0
1508086215,eth0,0.00,0.00,0.00,0,0,0.00,0.00,0.00,0,0,0.00,0.00,0,0
1508086215,eth1,0.00,0.00,0.00,0,0,0.00,0.00,0.00,0,0,0.00,0.00,0,0
1508086215,s2,0.00,0.00,0.00,0,0,0.00,0.00,0.00,0,0,0.00,0.00,0,0
1508086215,s1-eth2,6890.00,255866.00,262756.00,255866,6890,91.00,169.00,260.00,169,91,0.00,0.00,0,0
1508086215,s1-eth1,249810.00,6890.00,256700.00,6890,249810,165.00,91.00,256.00,91,165,0.00,0.00,0,0
1508086215,s2-eth2,0.00,0.00,0.00,0,0,0.00,0.00,0.00,0,0,0.00,0.00,0,0
1508086215,s2-eth1,0.00,0.00,0.00,0,0,0.00,0.00,0.00,0,0,0.00,0.00,0,0
1508086215,lo,0.00,0.00,0.00,0,0,0.00,0.00,0.00,0,0,0.00,0.00,0,0
1508086215,total,256700.00,262756.00,519456.00,262756,256700,256.00,260.00,516.00,260,256,0.00,0.00,0,0
1508086216,s1,0.00,0.00,0.00,0,0,0.00,0.00,0.00,0,0,0.00,0.00,0,0
1508086216,eth0,0.00,0.00,0.00,0,0,0.00,0.00,0.00,0,0,0.00,0.00,0,0
1508086216,eth1,0.00,0.00,0.00,0,0,0.00,0.00,0.00,0,0,0.00,0.00,0,0
1508086216,s2,0.00,0.00,0.00,0,0,0.00,0.00,0.00,0,0,0.00,0.00,0,0
1508086216,s1-eth2,10076.00,251324.00,261400.00,251324,10076,130.00,166.00,296.00,166,130,0.00,0.00,0,0
1508086216,s1-eth1,249810.00,10076.00,259886.00,10076,249810,165.00,130.00,295.00,130,165,0.00,0.00,0,0
1508086216,s2-eth2,0.00,0.00,0.00,0,0,0.00,0.00,0.00,0,0,0.00,0.00,0,0
1508086216,s2-eth1,0.00,0.00,0.00,0,0,0.00,0.00,0.00,0,0,0.00,0.00,0,0
1508086216,lo,0.00,0.00,0.00,0,0,0.00,0.00,0.00,0,0,0.00,0.00,0,0
1508086216,total,259886.00,261400.00,521286.00,261400,259886,295.00,296.00,591.00,296,295,0.00,0.00,0,0
1508086217,s1,0.00,0.00,0.00,0,0,0.00,0.00,0.00,0,0,0.00,0.00,0,0
1508086217,eth0,0.00,0.00,0.00,0,0,0.00,0.00,0.00,0,0,0.00,0.00,0,0
1508086217,eth1,0.00,0.00,0.00,0,0,0.00,0.00,0.00,0,0,0.00,0.00,0,0
1508086217,s2,0.00,0.00,0.00,0,0,0.00,0.00,0.00,0,0,0.00,0.00,0,0
1508086217,s1-eth2,7802.00,257380.00,265182.00,257380,7802,103.00,170.00,273.00,170,103,0.00,0.00,0,0
1508086217,s1-eth1,249810.00,7802.00,257612.00,7802,249810,165.00,103.00,268.00,103,165,0.00,0.00,0,0
1508086217,s2-eth2,0.00,0.00,0.00,0,0,0.00,0.00,0.00,0,0,0.00,0.00,0,0
1508086217,s2-eth1,0.00,0.00,0.00,0,0,0.00,0.00,0.00,0,0,0.00,0.00,0,0
1508086217,lo,0.00,0.00,0.00,0,0,0.00,0.00,0.00,0,0,0.00,0.00,0,0
1508086217,total,257612.00,265182.00,522794.00,265182,257612,268.00,273.00,541.00,273,268,0.00,0.00,0,0
1508086218,s1,0.00,0.00,0.00,0,0,0.00,0.00,0.00,0,0,0.00,0.00,0,0
1508086218,eth0,0.00,0.00,0.00,0,0,0.00,0.00,0.00,0,0,0.00,0.00,0,0
1508086218,eth1,0.00,0.00,0.00,0,0,0.00,0.00,0.00,0,0,0.00,0.00,0,0
1508086218,s2,0.00,0.00,0.00,0,0,0.00,0.00,0.00,0,0,0.00,0.00,0,0
1508086218,s1-eth2,8168.00,252838.00,261006.00,252838,8168,106.00,167.00,273.00,167,106,0.00,0.00,0,0
1508086218,s1-eth1,251324.00,8242.00,259566.00,8242,251324,166.00,107.00,273.00,107,166,0.00,0.00,0,0
1508086218,s2-eth2,0.00,0.00,0.00,0,0,0.00,0.00,0.00,0,0,0.00,0.00,0,0
1508086218,s2-eth1,0.00,0.00,0.00,0,0,0.00,0.00,0.00,0,0,0.00,0.00,0,0
1508086218,lo,0.00,0.00,0.00,0,0,0.00,0.00,0.00,0,0,0.00,0.00,0,0
1508086218,total,259492.00,261080.00,520572.00,261080,259492,272.00,274.00,546.00,274,272,0.00,0.00,0,0
1508086219,s1,0.00,0.00,0.00,0,0,0.00,0.00,0.00,0,0,0.00,0.00,0,0
1508086219,eth0,0.00,0.00,0.00,0,0,0.00,0.00,0.00,0,0,0.00,0.00,0,0
1508086219,eth1,0.00,0.00,0.00,0,0,0.00,0.00,0.00,0,0,0.00,0.00,0,0
1508086219,s2,0.00,0.00,0.00,0,0,0.00,0.00,0.00,0,0,0.00,0.00,0,0
1508086219,s1-eth2,10027.97,251072.94,261100.91,251324,10038,128.87,165.83,294.71,166,129,0.00,0.00,0,0
1508086219,s1-eth1,249902.11,10027.97,259930.08,10038,250152,165.83,128.87,294.71,129,166,0.00,0.00,0,0
1508086219,s2-eth2,0.00,0.00,0.00,0,0,0.00,0.00,0.00,0,0,0.00,0.00,0,0
1508086219,s2-eth1,0.00,0.00,0.00,0,0,0.00,0.00,0.00,0,0,0.00,0.00,0,0
1508086219,lo,343.66,343.66,687.31,344,344,5.99,5.99,11.99,6,6,0.00,0.00,0,0
1508086219,total,260273.73,261444.56,521718.28,261706,260534,300.70,300.70,601.40,301,301,0.00,0.00,0,0
1508086220,s1,0.00,0.00,0.00,0,0,0.00,0.00,0.00,0,0,0.00,0.00,0,0
1508086220,eth0,0.00,0.00,0.00,0,0,0.00,0.00,0.00,0,0,0.00,0.00,0,0
1508086220,eth1,0.00,0.00,0.00,0,0,0.00,0.00,0.00,0,0,0.00,0.00,0,0
1508086220,s2,0.00,0.00,0.00,0,0,0.00,0.00,0.00,0,0,0.00,0.00,0,0
1508086220,s1-eth2,8754.00,255908.00,264662.00,255908,8754,115.00,170.00,285.00,170,115,0.00,0.00,0,0
1508086220,s1-eth1,249852.00,8680.00,258532.00,8680,249852,166.00,114.00,280.00,114,166,0.00,0.00,0,0
1508086220,s2-eth2,0.00,0.00,0.00,0,0,0.00,0.00,0.00,0,0,0.00,0.00,0,0
1508086220,s2-eth1,0.00,0.00,0.00,0,0,0.00,0.00,0.00,0,0,0.00,0.00,0,0
1508086220,lo,296.00,296.00,592.00,296,296,3.00,3.00,6.00,3,3,0.00,0.00,0,0
1508086220,total,258902.00,264884.00,523786.00,264884,258902,284.00,287.00,571.00,287,284,0.00,0.00,0,0
1508086221,s1,0.00,0.00,0.00,0,0,0.00,0.00,0.00,0,0,0.00,0.00,0,0
1508086221,eth0,0.00,0.00,0.00,0,0,0.00,0.00,0.00,0,0,0.00,0.00,0,0
1508086221,eth1,0.00,0.00,0.00,0,0,0.00,0.00,0.00,0,0,0.00,0.00,0,0
1508086221,s2,0.00,0.00,0.00,0,0,0.00,0.00,0.00,0,0,0.00,0.00,0,0
1508086221,s1-eth2,8734.00,257380.00,266114.00,257380,8734,113.00,170.00,283.00,170,113,0.00,0.00,0,0
1508086221,s1-eth1,249810.00,8734.00,258544.00,8734,249810,165.00,113.00,278.00,113,165,0.00,0.00,0,0
1508086221,s2-eth2,0.00,0.00,0.00,0,0,0.00,0.00,0.00,0,0,0.00,0.00,0,0
1508086221,s2-eth1,0.00,0.00,0.00,0,0,0.00,0.00,0.00,0,0,0.00,0.00,0,0
1508086221,lo,0.00,0.00,0.00,0,0,0.00,0.00,0.00,0,0,0.00,0.00,0,0
1508086221,total,258544.00,266114.00,524658.00,266114,258544,278.00,283.00,561.00,283,278,0.00,0.00,0,0
1508086222,s1,0.00,0.00,0.00,0,0,0.00,0.00,0.00,0,0,0.00,0.00,0,0
1508086222,eth0,0.00,0.00,0.00,0,0,0.00,0.00,0.00,0,0,0.00,0.00,0,0
1508086222,eth1,0.00,0.00,0.00,0,0,0.00,0.00,0.00,0,0,0.00,0.00,0,0
1508086222,s2,0.00,0.00,0.00,0,0,0.00,0.00,0.00,0,0,0.00,0.00,0,0
1508086222,s1-eth2,7770.23,249560.45,257330.67,249810,7778,102.90,164.84,267.73,165,103,0.00,0.00,0,0
1508086222,s1-eth1,241998.02,7770.23,249768.23,7778,242240,159.84,102.90,262.74,103,160,0.00,0.00,0,0
1508086222,s2-eth2,0.00,0.00,0.00,0,0,0.00,0.00,0.00,0,0,0.00,0.00,0,0
1508086222,s2-eth1,341.66,0.00,341.66,0,342,1.00,0.00,1.00,0,1,0.00,0.00,0,0
1508086222,lo,0.00,0.00,0.00,0,0,0.00,0.00,0.00,0,0,0.00,0.00,0,0
1508086222,total,250109.89,257330.67,507440.56,257588,250360,263.74,267.73,531.47,268,264,0.00,0.00,0,0
1508086223,s1,0.00,0.00,0.00,0,0,0.00,0.00,0.00,0,0,0.00,0.00,0,0
1508086223,eth0,0.00,0.00,0.00,0,0,0.00,0.00,0.00,0,0,0.00,0.00,0,0
1508086223,eth1,0.00,0.00,0.00,0,0,0.00,0.00,0.00,0,0,0.00,0.00,0,0
1508086223,s2,0.00,0.00,0.00,0,0,0.00,0.00,0.00,0,0,0.00,0.00,0,0
1508086223,s1-eth2,9104.90,251072.94,260177.83,251324,9114,114.89,165.83,280.72,166,115,0.00,0.00,0,0
1508086223,s1-eth1,249560.45,8837.16,258397.61,8846,249810,164.84,114.89,279.72,115,165,0.00,0.00,0,0
1508086223,s2-eth2,0.00,0.00,0.00,0,0,0.00,0.00,0.00,0,0,0.00,0.00,0,0
1508086223,s2-eth1,0.00,0.00,0.00,0,0,0.00,0.00,0.00,0,0,0.00,0.00,0,0
1508086223,lo,0.00,0.00,0.00,0,0,0.00,0.00,0.00,0,0,0.00,0.00,0,0
1508086223,total,258665.34,259910.09,518575.44,260170,258924,279.72,280.72,560.44,281,280,0.00,0.00,0,0
1508086224,s1,0.00,0.00,0.00,0,0,0.00,0.00,0.00,0,0,0.00,0.00,0,0
1508086224,eth0,0.00,0.00,0.00,0,0,0.00,0.00,0.00,0,0,0.00,0.00,0,0
1508086224,eth1,0.00,0.00,0.00,0,0,0.00,0.00,0.00,0,0,0.00,0.00,0,0
1508086224,s2,0.00,0.00,0.00,0,0,0.00,0.00,0.00,0,0,0.00,0.00,0,0
1508086224,s1-eth2,9692.00,255866.00,265558.00,255866,9692,124.00,169.00,293.00,169,124,0.00,0.00,0,0
1508086224,s1-eth1,248296.00,9618.00,257914.00,9618,248296,164.00,123.00,287.00,123,164,0.00,0.00,0,0
1508086224,s2-eth2,0.00,0.00,0.00,0,0,0.00,0.00,0.00,0,0,0.00,0.00,0,0
1508086224,s2-eth1,0.00,0.00,0.00,0,0,0.00,0.00,0.00,0,0,0.00,0.00,0,0
1508086224,lo,344.00,344.00,688.00,344,344,6.00,6.00,12.00,6,6,0.00,0.00,0,0
1508086224,total,258332.00,265828.00,524160.00,265828,258332,294.00,298.00,592.00,298,294,0.00,0.00,0,0
1508086225,s1,0.00,0.00,0.00,0,0,0.00,0.00,0.00,0,0,0.00,0.00,0,0
1508086225,eth0,0.00,0.00,0.00,0,0,0.00,0.00,0.00,0,0,0.00,0.00,0,0
1508086225,eth1,0.00,0.00,0.00,0,0,0.00,0.00,0.00,0,0,0.00,0.00,0,0
1508086225,s2,0.00,0.00,0.00,0,0,0.00,0.00,0.00,0,0,0.00,0.00,0,0
1508086225,s1-eth2,8880.00,258894.00,267774.00,258894,8880,116.00,171.00,287.00,171,116,0.00,0.00,0,0
1508086225,s1-eth1,249810.00,8880.00,258690.00,8880,249810,165.00,116.00,281.00,116,165,0.00,0.00,0,0
1508086225,s2-eth2,0.00,0.00,0.00,0,0,0.00,0.00,0.00,0,0,0.00,0.00,0,0
1508086225,s2-eth1,0.00,0.00,0.00,0,0,0.00,0.00,0.00,0,0,0.00,0.00,0,0
1508086225,lo,0.00,0.00,0.00,0,0,0.00,0.00,0.00,0,0,0.00,0.00,0,0
1508086225,total,258690.00,267774.00,526464.00,267774,258690,281.00,287.00,568.00,287,281,0.00,0.00,0,0
1508086226,s1,0.00,0.00,0.00,0,0,0.00,0.00,0.00,0,0,0.00,0.00,0,0
1508086226,eth0,0.00,0.00,0.00,0,0,0.00,0.00,0.00,0,0,0.00,0.00,0,0
1508086226,eth1,0.00,0.00,0.00,0,0,0.00,0.00,0.00,0,0,0.00,0.00,0,0
1508086226,s2,0.00,0.00,0.00,0,0,0.00,0.00,0.00,0,0,0.00,0.00,0,0
1508086226,s1-eth2,9192.81,255610.39,264803.22,255866,9202,118.88,168.83,287.71,169,119,0.00,0.00,0,0
1508086226,s1-eth1,249560.45,9192.81,258753.25,9202,249810,164.84,118.88,283.72,119,165,0.00,0.00,0,0
1508086226,s2-eth2,341.66,0.00,341.66,0,342,1.00,0.00,1.00,0,1,0.00,0.00,0,0
1508086226,s2-eth1,0.00,0.00,0.00,0,0,0.00,0.00,0.00,0,0,0.00,0.00,0,0
1508086226,lo,0.00,0.00,0.00,0,0,0.00,0.00,0.00,0,0,0.00,0.00,0,0
1508086226,total,259094.91,264803.22,523898.12,265068,259354,284.72,287.71,572.43,288,285,0.00,0.00,0,0
1508086227,s1,0.00,0.00,0.00,0,0,0.00,0.00,0.00,0,0,0.00,0.00,0,0
1508086227,eth0,0.00,0.00,0.00,0,0,0.00,0.00,0.00,0,0,0.00,0.00,0,0
1508086227,eth1,0.00,0.00,0.00,0,0,0.00,0.00,0.00,0,0,0.00,0.00,0,0
1508086227,s2,0.00,0.00,0.00,0,0,0.00,0.00,0.00,0,0,0.00,0.00,0,0
1508086227,s1-eth2,7844.16,257122.89,264967.03,257380,7852,103.90,169.83,273.73,170,104,0.00,0.00,0,0
1508086227,s1-eth1,249560.45,7844.16,257404.61,7852,249810,164.84,103.90,268.73,104,165,0.00,0.00,0,0
1508086227,s2-eth2,0.00,0.00,0.00,0,0,0.00,0.00,0.00,0,0,0.00,0.00,0,0
1508086227,s2-eth1,106.89,0.00,106.89,0,107,1.00,0.00,1.00,0,1,0.00,0.00,0,0
1508086227,lo,0.00,0.00,0.00,0,0,0.00,0.00,0.00,0,0,0.00,0.00,0,0
1508086227,total,257511.50,264967.03,522478.53,265232,257769,269.73,273.73,543.46,274,270,0.00,0.00,0,0
1508086228,s1,0.00,0.00,0.00,0,0,0.00,0.00,0.00,0,0,0.00,0.00,0,0
1508086228,eth0,0.00,0.00,0.00,0,0,0.00,0.00,0.00,0,0,0.00,0.00,0,0
1508086228,eth1,0.00,0.00,0.00,0,0,0.00,0.00,0.00,0,0,0.00,0.00,0,0
1508086228,s2,0.00,0.00,0.00,0,0,0.00,0.00,0.00,0,0,0.00,0.00,0,0
1508086228,s1-eth2,9087.00,254352.00,263439.00,254352,9087,117.00,168.00,285.00,168,117,0.00,0.00,0,0
1508086228,s1-eth1,251431.00,8980.00,260411.00,8980,251431,167.00,116.00,283.00,116,167,0.00,0.00,0,0
1508086228,s2-eth2,107.00,0.00,107.00,0,107,1.00,0.00,1.00,0,1,0.00,0.00,0,0
1508086228,s2-eth1,0.00,0.00,0.00,0,0,0.00,0.00,0.00,0,0,0.00,0.00,0,0
1508086228,lo,0.00,0.00,0.00,0,0,0.00,0.00,0.00,0,0,0.00,0.00,0,0
1508086228,total,260625.00,263332.00,523957.00,263332,260625,285.00,284.00,569.00,284,285,0.00,0.00,0,0
1508086229,s1,0.00,0.00,0.00,0,0,0.00,0.00,0.00,0,0,0.00,0.00,0,0
1508086229,eth0,0.00,0.00,0.00,0,0,0.00,0.00,0.00,0,0,0.00,0.00,0,0
1508086229,eth1,0.00,0.00,0.00,0,0,0.00,0.00,0.00,0,0,0.00,0.00,0,0
1508086229,s2,0.00,0.00,0.00,0,0,0.00,0.00,0.00,0,0,0.00,0.00,0,0
1508086229,s1-eth2,9602.00,257380.00,266982.00,257380,9602,123.00,170.00,293.00,170,123,0.00,0.00,0,0
1508086229,s1-eth1,245268.00,9602.00,254870.00,9602,245268,162.00,123.00,285.00,123,162,0.00,0.00,0,0
1508086229,s2-eth2,0.00,0.00,0.00,0,0,0.00,0.00,0.00,0,0,0.00,0.00,0,0
1508086229,s2-eth1,342.00,0.00,342.00,0,342,1.00,0.00,1.00,0,1,0.00,0.00,0,0
1508086229,lo,344.00,344.00,688.00,344,344,6.00,6.00,12.00,6,6,0.00,0.00,0,0
1508086229,total,255556.00,267326.00,522882.00,267326,255556,292.00,299.00,591.00,299,292,0.00,0.00,0,0
1508086230,s1,0.00,0.00,0.00,0,0,0.00,0.00,0.00,0,0,0.00,0.00,0,0
1508086230,eth0,0.00,0.00,0.00,0,0,0.00,0.00,0.00,0,0,0.00,0.00,0,0
1508086230,eth1,0.00,0.00,0.00,0,0,0.00,0.00,0.00,0,0,0.00,0.00,0,0
1508086230,s2,0.00,0.00,0.00,0,0,0.00,0.00,0.00,0,0,0.00,0.00,0,0
1508086230,s1-eth2,8564.00,254352.00,262916.00,254352,8564,112.00,168.00,280.00,168,112,0.00,0.00,0,0
1508086230,s1-eth1,249810.00,8564.00,258374.00,8564,249810,165.00,112.00,277.00,112,165,0.00,0.00,0,0
1508086230,s2-eth2,0.00,0.00,0.00,0,0,0.00,0.00,0.00,0,0,0.00,0.00,0,0
1508086230,s2-eth1,0.00,0.00,0.00,0,0,0.00,0.00,0.00,0,0,0.00,0.00,0,0
1508086230,lo,0.00,0.00,0.00,0,0,0.00,0.00,0.00,0,0,0.00,0.00,0,0
1508086230,total,258374.00,262916.00,521290.00,262916,258374,277.00,280.00,557.00,280,277,0.00,0.00,0,0
1508086231,s1,0.00,0.00,0.00,0,0,0.00,0.00,0.00,0,0,0.00,0.00,0,0
1508086231,eth0,0.00,0.00,0.00,0,0,0.00,0.00,0.00,0,0,0.00,0.00,0,0
1508086231,eth1,0.00,0.00,0.00,0,0,0.00,0.00,0.00,0,0,0.00,0.00,0,0
1508086231,s2,0.00,0.00,0.00,0,0,0.00,0.00,0.00,0,0,0.00,0.00,0,0
1508086231,s1-eth2,9744.00,258894.00,268638.00,258894,9744,126.00,171.00,297.00,171,126,0.00,0.00,0,0
1508086231,s1-eth1,251324.00,9744.00,261068.00,9744,251324,166.00,126.00,292.00,126,166,0.00,0.00,0,0
1508086231,s2-eth2,0.00,0.00,0.00,0,0,0.00,0.00,0.00,0,0,0.00,0.00,0,0
1508086231,s2-eth1,0.00,0.00,0.00,0,0,0.00,0.00,0.00,0,0,0.00,0.00,0,0
1508086231,lo,0.00,0.00,0.00,0,0,0.00,0.00,0.00,0,0,0.00,0.00,0,0
1508086231,total,261068.00,268638.00,529706.00,268638,261068,292.00,297.00,589.00,297,292,0.00,0.00,0,0
1508086232,s1,0.00,0.00,0.00,0,0,0.00,0.00,0.00,0,0,0.00,0.00,0,0
1508086232,eth0,0.00,0.00,0.00,0,0,0.00,0.00,0.00,0,0,0.00,0.00,0,0
1508086232,eth1,0.00,0.00,0.00,0,0,0.00,0.00,0.00,0,0,0.00,0.00,0,0
1508086232,s2,0.00,0.00,0.00,0,0,0.00,0.00,0.00,0,0,0.00,0.00,0,0
1508086232,s1-eth2,8440.00,257380.00,265820.00,257380,8440,110.00,170.00,280.00,170,110,0.00,0.00,0,0
1508086232,s1-eth1,249810.00,8440.00,258250.00,8440,249810,165.00,110.00,275.00,110,165,0.00,0.00,0,0
1508086232,s2-eth2,0.00,0.00,0.00,0,0,0.00,0.00,0.00,0,0,0.00,0.00,0,0
1508086232,s2-eth1,0.00,0.00,0.00,0,0,0.00,0.00,0.00,0,0,0.00,0.00,0,0
1508086232,lo,0.00,0.00,0.00,0,0,0.00,0.00,0.00,0,0,0.00,0.00,0,0
1508086232,total,258250.00,265820.00,524070.00,265820,258250,275.00,280.00,555.00,280,275,0.00,0.00,0,0
1508086233,s1,0.00,0.00,0.00,0,0,0.00,0.00,0.00,0,0,0.00,0.00,0,0
1508086233,eth0,0.00,0.00,0.00,0,0,0.00,0.00,0.00,0,0,0.00,0.00,0,0
1508086233,eth1,0.00,0.00,0.00,0,0,0.00,0.00,0.00,0,0,0.00,0.00,0,0
1508086233,s2,0.00,0.00,0.00,0,0,0.00,0.00,0.00,0,0,0.00,0.00,0,0
1508086233,s1-eth2,10212.00,257380.00,267592.00,257380,10212,132.00,170.00,302.00,170,132,0.00,0.00,0,0
1508086233,s1-eth1,246782.00,10212.00,256994.00,10212,246782,163.00,132.00,295.00,132,163,0.00,0.00,0,0
1508086233,s2-eth2,0.00,0.00,0.00,0,0,0.00,0.00,0.00,0,0,0.00,0.00,0,0
1508086233,s2-eth1,0.00,0.00,0.00,0,0,0.00,0.00,0.00,0,0,0.00,0.00,0,0
1508086233,lo,0.00,0.00,0.00,0,0,0.00,0.00,0.00,0,0,0.00,0.00,0,0
1508086233,total,256994.00,267592.00,524586.00,267592,256994,295.00,302.00,597.00,302,295,0.00,0.00,0,0
1508086234,s1,0.00,0.00,0.00,0,0,0.00,0.00,0.00,0,0,0.00,0.00,0,0
1508086234,eth0,0.00,0.00,0.00,0,0,0.00,0.00,0.00,0,0,0.00,0.00,0,0
1508086234,eth1,0.00,0.00,0.00,0,0,0.00,0.00,0.00,0,0,0.00,0.00,0,0
1508086234,s2,0.00,0.00,0.00,0,0,0.00,0.00,0.00,0,0,0.00,0.00,0,0
1508086234,s1-eth2,8762.00,254352.00,263114.00,254352,8762,115.00,168.00,283.00,168,115,0.00,0.00,0,0
1508086234,s1-eth1,249810.00,8762.00,258572.00,8762,249810,165.00,115.00,280.00,115,165,0.00,0.00,0,0
1508086234,s2-eth2,0.00,0.00,0.00,0,0,0.00,0.00,0.00,0,0,0.00,0.00,0,0
1508086234,s2-eth1,0.00,0.00,0.00,0,0,0.00,0.00,0.00,0,0,0.00,0.00,0,0
1508086234,lo,344.00,344.00,688.00,344,344,6.00,6.00,12.00,6,6,0.00,0.00,0,0
1508086234,total,258916.00,263458.00,522374.00,263458,258916,286.00,289.00,575.00,289,286,0.00,0.00,0,0
1508086235,s1,0.00,0.00,0.00,0,0,0.00,0.00,0.00,0,0,0.00,0.00,0,0
1508086235,eth0,0.00,0.00,0.00,0,0,0.00,0.00,0.00,0,0,0.00,0.00,0,0
1508086235,eth1,0.00,0.00,0.00,0,0,0.00,0.00,0.00,0,0,0.00,0.00,0,0
1508086235,s2,0.00,0.00,0.00,0,0,0.00,0.00,0.00,0,0,0.00,0.00,0,0
1508086235,s1-eth2,8908.00,255866.00,264774.00,255866,8908,116.00,169.00,285.00,169,116,0.00,0.00,0,0
1508086235,s1-eth1,249810.00,8994.00,258804.00,8994,249810,165.00,117.00,282.00,117,165,0.00,0.00,0,0
1508086235,s2-eth2,342.00,0.00,342.00,0,342,1.00,0.00,1.00,0,1,0.00,0.00,0,0
1508086235,s2-eth1,0.00,0.00,0.00,0,0,0.00,0.00,0.00,0,0,0.00,0.00,0,0
1508086235,lo,0.00,0.00,0.00,0,0,0.00,0.00,0.00,0,0,0.00,0.00,0,0
1508086235,total,259060.00,264860.00,523920.00,264860,259060,282.00,286.00,568.00,286,282,0.00,0.00,0,0
1508086236,s1,0.00,0.00,0.00,0,0,0.00,0.00,0.00,0,0,0.00,0.00,0,0
1508086236,eth0,0.00,0.00,0.00,0,0,0.00,0.00,0.00,0,0,0.00,0.00,0,0
1508086236,eth1,0.00,0.00,0.00,0,0,0.00,0.00,0.00,0,0,0.00,0.00,0,0
1508086236,s2,0.00,0.00,0.00,0,0,0.00,0.00,0.00,0,0,0.00,0.00,0,0
1508086236,s1-eth2,10080.00,257380.00,267460.00,257380,10080,130.00,170.00,300.00,170,130,0.00,0.00,0,0
1508086236,s1-eth1,250152.00,9994.00,260146.00,9994,250152,166.00,129.00,295.00,129,166,0.00,0.00,0,0
1508086236,s2-eth2,0.00,0.00,0.00,0,0,0.00,0.00,0.00,0,0,0.00,0.00,0,0
1508086236,s2-eth1,0.00,0.00,0.00,0,0,0.00,0.00,0.00,0,0,0.00,0.00,0,0
1508086236,lo,0.00,0.00,0.00,0,0,0.00,0.00,0.00,0,0,0.00,0.00,0,0
1508086236,total,260232.00,267374.00,527606.00,267374,260232,296.00,299.00,595.00,299,296,0.00,0.00,0,0
1508086237,s1,0.00,0.00,0.00,0,0,0.00,0.00,0.00,0,0,0.00,0.00,0,0
1508086237,eth0,0.00,0.00,0.00,0,0,0.00,0.00,0.00,0,0,0.00,0.00,0,0
1508086237,eth1,0.00,0.00,0.00,0,0,0.00,0.00,0.00,0,0,0.00,0.00,0,0
1508086237,s2,0.00,0.00,0.00,0,0,0.00,0.00,0.00,0,0,0.00,0.00,0,0
1508086237,s1-eth2,7200.00,258894.00,266094.00,258894,7200,96.00,171.00,267.00,171,96,0.00,0.00,0,0
1508086237,s1-eth1,249810.00,7200.00,257010.00,7200,249810,165.00,96.00,261.00,96,165,0.00,0.00,0,0
1508086237,s2-eth2,0.00,0.00,0.00,0,0,0.00,0.00,0.00,0,0,0.00,0.00,0,0
1508086237,s2-eth1,0.00,0.00,0.00,0,0,0.00,0.00,0.00,0,0,0.00,0.00,0,0
1508086237,lo,0.00,0.00,0.00,0,0,0.00,0.00,0.00,0,0,0.00,0.00,0,0
1508086237,total,257010.00,266094.00,523104.00,266094,257010,261.00,267.00,528.00,267,261,0.00,0.00,0,0
1508086238,s1,0.00,0.00,0.00,0,0,0.00,0.00,0.00,0,0,0.00,0.00,0,0
1508086238,eth0,0.00,0.00,0.00,0,0,0.00,0.00,0.00,0,0,0.00,0.00,0,0
1508086238,eth1,0.00,0.00,0.00,0,0,0.00,0.00,0.00,0,0,0.00,0.00,0,0
1508086238,s2,0.00,0.00,0.00,0,0,0.00,0.00,0.00,0,0,0.00,0.00,0,0
1508086238,s1-eth2,10316.00,258894.00,269210.00,258894,10316,130.00,171.00,301.00,171,130,0.00,0.00,0,0
1508086238,s1-eth1,249810.00,10316.00,260126.00,10316,249810,165.00,130.00,295.00,130,165,0.00,0.00,0,0
1508086238,s2-eth2,0.00,0.00,0.00,0,0,0.00,0.00,0.00,0,0,0.00,0.00,0,0
1508086238,s2-eth1,0.00,0.00,0.00,0,0,0.00,0.00,0.00,0,0,0.00,0.00,0,0
1508086238,lo,0.00,0.00,0.00,0,0,0.00,0.00,0.00,0,0,0.00,0.00,0,0
1508086238,total,260126.00,269210.00,529336.00,269210,260126,295.00,301.00,596.00,301,295,0.00,0.00,0,0
1508086239,s1,0.00,0.00,0.00,0,0,0.00,0.00,0.00,0,0,0.00,0.00,0,0
1508086239,eth0,0.00,0.00,0.00,0,0,0.00,0.00,0.00,0,0,0.00,0.00,0,0
1508086239,eth1,0.00,0.00,0.00,0,0,0.00,0.00,0.00,0,0,0.00,0.00,0,0
1508086239,s2,0.00,0.00,0.00,0,0,0.00,0.00,0.00,0,0,0.00,0.00,0,0
1508086239,s1-eth2,9220.00,258894.00,268114.00,258894,9220,120.00,171.00,291.00,171,120,0.00,0.00,0,0
1508086239,s1-eth1,251324.00,9220.00,260544.00,9220,251324,166.00,120.00,286.00,120,166,0.00,0.00,0,0
1508086239,s2-eth2,0.00,0.00,0.00,0,0,0.00,0.00,0.00,0,0,0.00,0.00,0,0
1508086239,s2-eth1,0.00,0.00,0.00,0,0,0.00,0.00,0.00,0,0,0.00,0.00,0,0
1508086239,lo,344.00,344.00,688.00,344,344,6.00,6.00,12.00,6,6,0.00,0.00,0,0
1508086239,total,260888.00,268458.00,529346.00,268458,260888,292.00,297.00,589.00,297,292,0.00,0.00,0,0
1508086240,s1,0.00,0.00,0.00,0,0,0.00,0.00,0.00,0,0,0.00,0.00,0,0
1508086240,eth0,0.00,0.00,0.00,0,0,0.00,0.00,0.00,0,0,0.00,0.00,0,0
1508086240,eth1,0.00,0.00,0.00,0,0,0.00,0.00,0.00,0,0,0.00,0.00,0,0
1508086240,s2,0.00,0.00,0.00,0,0,0.00,0.00,0.00,0,0,0.00,0.00,0,0
1508086240,s1-eth2,9450.55,252585.42,262035.97,252838,9460,121.88,166.83,288.71,167,122,0.00,0.00,0,0
1508086240,s1-eth1,249560.45,9450.55,259011.00,9460,249810,164.84,121.88,286.71,122,165,0.00,0.00,0,0
1508086240,s2-eth2,0.00,0.00,0.00,0,0,0.00,0.00,0.00,0,0,0.00,0.00,0,0
1508086240,s2-eth1,0.00,0.00,0.00,0,0,0.00,0.00,0.00,0,0,0.00,0.00,0,0
1508086240,lo,0.00,0.00,0.00,0,0,0.00,0.00,0.00,0,0,0.00,0.00,0,0
1508086240,total,259011.00,262035.97,521046.97,262298,259270,286.71,288.71,575.42,289,287,0.00,0.00,0,0
1508086241,s1,0.00,0.00,0.00,0,0,0.00,0.00,0.00,0,0,0.00,0.00,0,0
1508086241,eth0,0.00,0.00,0.00,0,0,0.00,0.00,0.00,0,0,0.00,0.00,0,0
1508086241,eth1,0.00,0.00,0.00,0,0,0.00,0.00,0.00,0,0,0.00,0.00,0,0
1508086241,s2,0.00,0.00,0.00,0,0,0.00,0.00,0.00,0,0,0.00,0.00,0,0
1508086241,s1-eth2,9414.00,260408.00,269822.00,260408,9414,123.00,172.00,295.00,172,123,0.00,0.00,0,0
1508086241,s1-eth1,248296.00,9488.00,257784.00,9488,248296,164.00,124.00,288.00,124,164,0.00,0.00,0,0
1508086241,s2-eth2,0.00,0.00,0.00,0,0,0.00,0.00,0.00,0,0,0.00,0.00,0,0
1508086241,s2-eth1,0.00,0.00,0.00,0,0,0.00,0.00,0.00,0,0,0.00,0.00,0,0
1508086241,lo,0.00,0.00,0.00,0,0,0.00,0.00,0.00,0,0,0.00,0.00,0,0
1508086241,total,257710.00,269896.00,527606.00,269896,257710,287.00,296.00,583.00,296,287,0.00,0.00,0,0
1508086242,s1,0.00,0.00,0.00,0,0,0.00,0.00,0.00,0,0,0.00,0.00,0,0
1508086242,eth0,0.00,0.00,0.00,0,0,0.00,0.00,0.00,0,0,0.00,0.00,0,0
1508086242,eth1,0.00,0.00,0.00,0,0,0.00,0.00,0.00,0,0,0.00,0.00,0,0
1508086242,s2,0.00,0.00,0.00,0,0,0.00,0.00,0.00,0,0,0.00,0.00,0,0
1508086242,s1-eth2,9094.91,255610.39,264705.31,255866,9104,117.88,168.83,286.71,169,118,0.00,0.00,0,0
1508086242,s1-eth1,246535.47,9020.98,255556.45,9030,246782,162.84,116.88,279.72,117,163,0.00,0.00,0,0
1508086242,s2-eth2,0.00,0.00,0.00,0,0,0.00,0.00,0.00,0,0,0.00,0.00,0,0
1508086242,s2-eth1,0.00,0.00,0.00,0,0,0.00,0.00,0.00,0,0,0.00,0.00,0,0
1508086242,lo,0.00,0.00,0.00,0,0,0.00,0.00,0.00,0,0,0.00,0.00,0,0
1508086242,total,255630.38,264631.38,520261.75,264896,255886,280.72,285.71,566.43,286,281,0.00,0.00,0,0
1508086243,s1,0.00,0.00,0.00,0,0,0.00,0.00,0.00,0,0,0.00,0.00,0,0
1508086243,eth0,455.09,489.02,944.11,490,456,5.99,3.99,9.98,4,6,0.00,0.00,0,0
1508086243,eth1,0.00,0.00,0.00,0,0,0.00,0.00,0.00,0,0,0.00,0.00,0,0
1508086243,s2,0.00,0.00,0.00,0,0,0.00,0.00,0.00,0,0,0.00,0.00,0,0
1508086243,s1-eth2,10926.15,256866.28,267792.44,257380,10948,139.72,169.66,309.38,170,140,0.00,0.00,0,0
1508086243,s1-eth1,250932.14,10902.20,261834.34,10924,251434,166.67,139.72,306.39,140,167,0.00,0.00,0,0
1508086243,s2-eth2,109.78,0.00,109.78,0,110,1.00,0.00,1.00,0,1,0.00,0.00,0,0
1508086243,s2-eth1,0.00,0.00,0.00,0,0,0.00,0.00,0.00,0,0,0.00,0.00,0,0
1508086243,lo,804.39,804.39,1608.78,806,806,9.98,9.98,19.96,10,10,0.00,0.00,0,0
1508086243,total,263227.56,269061.88,532289.44,269600,263754,323.35,323.35,646.71,324,324,0.00,0.00,0,0
1508086244,s1,0.00,0.00,0.00,0,0,0.00,0.00,0.00,0,0,0.00,0.00,0,0
1508086244,eth0,151.85,244.76,396.60,245,152,2.00,2.00,4.00,2,2,0.00,0.00,0,0
1508086244,eth1,0.00,0.00,0.00,0,0,0.00,0.00,0.00,0,0,0.00,0.00,0,0
1508086244,s2,0.00,0.00,0.00,0,0,0.00,0.00,0.00,0,0,0.00,0.00,0,0
1508086244,s1-eth2,11300.70,267710.31,279011.00,267978,11312,141.86,176.82,318.68,177,142,0.00,0.00,0,0
1508086244,s1-eth1,248499.50,10685.32,259184.83,10696,248748,165.83,137.86,303.70,138,166,0.00,0.00,0,0
1508086244,s2-eth2,529.47,0.00,529.47,0,530,3.00,0.00,3.00,0,3,0.00,0.00,0,0
1508086244,s2-eth1,639.36,0.00,639.36,0,640,4.00,0.00,4.00,0,4,0.00,0.00,0,0
1508086244,lo,684.32,684.32,1368.63,685,685,9.99,9.99,19.98,10,10,0.00,0.00,0,0
1508086244,total,261805.20,279324.69,541129.88,279604,262067,326.67,326.67,653.35,327,327,0.00,0.00,0,0
1508086245,s1,0.00,0.00,0.00,0,0,0.00,0.00,0.00,0,0,0.00,0.00,0,0
1508086245,eth0,304.00,490.00,794.00,490,304,4.00,4.00,8.00,4,4,0.00,0.00,0,0
1508086245,eth1,0.00,0.00,0.00,0,0,0.00,0.00,0.00,0,0,0.00,0.00,0,0
1508086245,s2,0.00,0.00,0.00,0,0,0.00,0.00,0.00,0,0,0.00,0.00,0,0
1508086245,s1-eth2,8634.00,254394.00,263028.00,254394,8634,113.00,169.00,282.00,169,113,0.00,0.00,0,0
1508086245,s1-eth1,250851.00,8384.00,259235.00,8384,250851,173.00,110.00,283.00,110,173,0.00,0.00,0,0
1508086245,s2-eth2,1689.00,0.00,1689.00,0,1689,9.00,0.00,9.00,0,9,0.00,0.00,0,0
1508086245,s2-eth1,250.00,0.00,250.00,0,250,3.00,0.00,3.00,0,3,0.00,0.00,0,0
1508086245,lo,682.00,682.00,1364.00,682,682,8.00,8.00,16.00,8,8,0.00,0.00,0,0
1508086245,total,262410.00,263950.00,526360.00,263950,262410,310.00,291.00,601.00,291,310,0.00,0.00,0,0
1508086246,s1,0.00,0.00,0.00,0,0,0.00,0.00,0.00,0,0,0.00,0.00,0,0
1508086246,eth0,0.00,0.00,0.00,0,0,0.00,0.00,0.00,0,0,0.00,0.00,0,0
1508086246,eth1,0.00,0.00,0.00,0,0,0.00,0.00,0.00,0,0,0.00,0.00,0,0
1508086246,s2,0.00,0.00,0.00,0,0,0.00,0.00,0.00,0,0,0.00,0.00,0,0
1508086246,s1-eth2,9068.00,254352.00,263420.00,254352,9068,104.00,168.00,272.00,168,104,0.00,0.00,0,0
1508086246,s1-eth1,249697.00,7212.00,256909.00,7212,249697,170.00,96.00,266.00,96,170,0.00,0.00,0,0
1508086246,s2-eth2,711.00,0.00,711.00,0,711,4.00,0.00,4.00,0,4,0.00,0.00,0,0
1508086246,s2-eth1,1856.00,0.00,1856.00,0,1856,8.00,0.00,8.00,0,8,0.00,0.00,0,0
1508086246,lo,0.00,0.00,0.00,0,0,0.00,0.00,0.00,0,0,0.00,0.00,0,0
1508086246,total,261332.00,261564.00,522896.00,261564,261332,286.00,264.00,550.00,264,286,0.00,0.00,0,0
1508086247,s1,0.00,0.00,0.00,0,0,0.00,0.00,0.00,0,0,0.00,0.00,0,0
1508086247,eth0,0.00,0.00,0.00,0,0,0.00,0.00,0.00,0,0,0.00,0.00,0,0
1508086247,eth1,0.00,0.00,0.00,0,0,0.00,0.00,0.00,0,0,0.00,0.00,0,0
1508086247,s2,0.00,0.00,0.00,0,0,0.00,0.00,0.00,0,0,0.00,0.00,0,0
1508086247,s1-eth2,10126.87,254097.91,264224.78,254352,10137,120.88,167.83,288.71,168,121,0.00,0.00,0,0
1508086247,s1-eth1,250228.78,9164.83,259393.61,9174,250479,166.83,116.88,283.72,117,167,0.00,0.00,0,0
1508086247,s2-eth2,668.33,0.00,668.33,0,669,2.00,0.00,2.00,0,2,0.00,0.00,0,0
1508086247,s2-eth1,962.04,0.00,962.04,0,963,4.00,0.00,4.00,0,4,0.00,0.00,0,0
1508086247,lo,0.00,0.00,0.00,0,0,0.00,0.00,0.00,0,0,0.00,0.00,0,0
1508086247,total,261986.02,263262.75,525248.75,263526,262248,293.71,284.72,578.42,285,294,0.00,0.00,0,0
1508086248,s1,0.00,0.00,0.00,0,0,0.00,0.00,0.00,0,0,0.00,0.00,0,0
1508086248,eth0,59.94,59.94,119.88,60,60,1.00,1.00,2.00,1,1,0.00,0.00,0,0
1508086248,eth1,0.00,0.00,0.00,0,0,0.00,0.00,0.00,0,0,0.00,0.00,0,0
1508086248,s2,0.00,0.00,0.00,0,0,0.00,0.00,0.00,0,0,0.00,0.00,0,0
1508086248,s1-eth2,9490.51,255610.39,265100.91,255866,9500,121.88,168.83,290.71,169,122,0.00,0.00,0,0
1508086248,s1-eth1,249667.34,9490.51,259157.84,9500,249917,165.83,121.88,287.71,122,166,0.00,0.00,0,0
1508086248,s2-eth2,373.63,0.00,373.63,0,374,2.00,0.00,2.00,0,2,0.00,0.00,0,0
1508086248,s2-eth1,0.00,0.00,0.00,0,0,0.00,0.00,0.00,0,0,0.00,0.00,0,0
1508086248,lo,0.00,0.00,0.00,0,0,0.00,0.00,0.00,0,0,0.00,0.00,0,0
1508086248,total,259591.42,265160.84,524752.25,265426,259851,290.71,291.71,582.42,292,291,0.00,0.00,0,0
1508086249,s1,0.00,0.00,0.00,0,0,0.00,0.00,0.00,0,0,0.00,0.00,0,0
1508086249,eth0,0.00,0.00,0.00,0,0,0.00,0.00,0.00,0,0,0.00,0.00,0,0
1508086249,eth1,0.00,0.00,0.00,0,0,0.00,0.00,0.00,0,0,0.00,0.00,0,0
1508086249,s2,0.00,0.00,0.00,0,0,0.00,0.00,0.00,0,0,0.00,0.00,0,0
1508086249,s1-eth2,9076.00,261922.00,270998.00,261922,9076,115.00,173.00,288.00,173,115,0.00,0.00,0,0
1508086249,s1-eth1,250474.00,8632.00,259106.00,8632,250474,168.00,112.00,280.00,112,168,0.00,0.00,0,0
1508086249,s2-eth2,397.00,0.00,397.00,0,397,2.00,0.00,2.00,0,2,0.00,0.00,0,0
1508086249,s2-eth1,444.00,0.00,444.00,0,444,3.00,0.00,3.00,0,3,0.00,0.00,0,0
1508086249,lo,344.00,344.00,688.00,344,344,6.00,6.00,12.00,6,6,0.00,0.00,0,0
1508086249,total,260735.00,270898.00,531633.00,270898,260735,294.00,291.00,585.00,291,294,0.00,0.00,0,0
1508086250,s1,0.00,0.00,0.00,0,0,0.00,0.00,0.00,0,0,0.00,0.00,0,0
1508086250,eth0,303.70,489.51,793.21,490,304,4.00,4.00,7.99,4,4,0.00,0.00,0,0
1508086250,eth1,0.00,0.00,0.00,0,0,0.00,0.00,0.00,0,0,0.00,0.00,0,0
1508086250,s2,0.00,0.00,0.00,0,0,0.00,0.00,0.00,0,0,0.00,0.00,0,0
1508086250,s1-eth2,9065.93,254097.91,263163.84,254352,9075,114.89,167.83,282.72,168,115,0.00,0.00,0,0
1508086250,s1-eth1,249560.45,8825.17,258385.62,8834,249810,164.84,114.89,279.72,115,165,0.00,0.00,0,0
1508086250,s2-eth2,341.66,0.00,341.66,0,342,1.00,0.00,1.00,0,1,0.00,0.00,0,0
1508086250,s2-eth1,326.67,0.00,326.67,0,327,1.00,0.00,1.00,0,1,0.00,0.00,0,0
1508086250,lo,681.32,681.32,1362.64,682,682,7.99,7.99,15.98,8,8,0.00,0.00,0,0
1508086250,total,260279.73,264093.91,524373.62,264358,260540,293.71,294.71,588.41,295,294,0.00,0.00,0,0
1508086251,s1,0.00,0.00,0.00,0,0,0.00,0.00,0.00,0,0,0.00,0.00,0,0
1508086251,eth0,0.00,0.00,0.00,0,0,0.00,0.00,0.00,0,0,0.00,0.00,0,0
1508086251,eth1,0.00,0.00,0.00,0,0,0.00,0.00,0.00,0,0,0.00,0.00,0,0
1508086251,s2,0.00,0.00,0.00,0,0,0.00,0.00,0.00,0,0,0.00,0.00,0,0
1508086251,s1-eth2,10262.00,257380.00,267642.00,257380,10262,129.00,170.00,299.00,170,129,0.00,0.00,0,0
1508086251,s1-eth1,251324.00,9834.00,261158.00,9834,251324,166.00,127.00,293.00,127,166,0.00,0.00,0,0
1508086251,s2-eth2,0.00,0.00,0.00,0,0,0.00,0.00,0.00,0,0,0.00,0.00,0,0
1508086251,s2-eth1,0.00,0.00,0.00,0,0,0.00,0.00,0.00,0,0,0.00,0.00,0,0
1508086251,lo,0.00,0.00,0.00,0,0,0.00,0.00,0.00,0,0,0.00,0.00,0,0
1508086251,total,261586.00,267214.00,528800.00,267214,261586,295.00,297.00,592.00,297,295,0.00,0.00,0,0
1508086252,s1,0.00,0.00,0.00,0,0,0.00,0.00,0.00,0,0,0.00,0.00,0,0
1508086252,eth0,0.00,0.00,0.00,0,0,0.00,0.00,0.00,0,0,0.00,0.00,0,0
1508086252,eth1,0.00,0.00,0.00,0,0,0.00,0.00,0.00,0,0,0.00,0.00,0,0
1508086252,s2,0.00,0.00,0.00,0,0,0.00,0.00,0.00,0,0,0.00,0.00,0,0
1508086252,s1-eth2,9794.00,261922.00,271716.00,261922,9794,127.00,173.00,300.00,173,127,0.00,0.00,0,0
1508086252,s1-eth1,249917.00,9794.00,259711.00,9794,249917,166.00,127.00,293.00,127,166,0.00,0.00,0,0
1508086252,s2-eth2,107.00,0.00,107.00,0,107,1.00,0.00,1.00,0,1,0.00,0.00,0,0
1508086252,s2-eth1,0.00,0.00,0.00,0,0,0.00,0.00,0.00,0,0,0.00,0.00,0,0
1508086252,lo,0.00,0.00,0.00,0,0,0.00,0.00,0.00,0,0,0.00,0.00,0,0
1508086252,total,259818.00,271716.00,531534.00,271716,259818,294.00,300.00,594.00,300,294,0.00,0.00,0,0
1508086253,s1,0.00,0.00,0.00,0,0,0.00,0.00,0.00,0,0,0.00,0.00,0,0
1508086253,eth0,0.00,0.00,0.00,0,0,0.00,0.00,0.00,0,0,0.00,0.00,0,0
1508086253,eth1,0.00,0.00,0.00,0,0,0.00,0.00,0.00,0,0,0.00,0.00,0,0
1508086253,s2,0.00,0.00,0.00,0,0,0.00,0.00,0.00,0,0,0.00,0.00,0,0
1508086253,s1-eth2,9515.48,257122.89,266638.38,257380,9525,121.88,169.83,291.71,170,122,0.00,0.00,0,0
1508086253,s1-eth1,245434.58,9338.66,254773.23,9348,245680,163.84,119.88,283.72,120,164,0.00,0.00,0,0
1508086253,s2-eth2,69.93,0.00,69.93,0,70,1.00,0.00,1.00,0,1,0.00,0.00,0,0
1508086253,s2-eth1,176.82,0.00,176.82,0,177,2.00,0.00,2.00,0,2,0.00,0.00,0,0
1508086253,lo,0.00,0.00,0.00,0,0,0.00,0.00,0.00,0,0,0.00,0.00,0,0
1508086253,total,255196.81,266461.53,521658.34,266728,255452,288.71,289.71,578.42,290,289,0.00,0.00,0,0
1508086254,s1,0.00,0.00,0.00,0,0,0.00,0.00,0.00,0,0,0.00,0.00,0,0
1508086254,eth0,0.00,0.00,0.00,0,0,0.00,0.00,0.00,0,0,0.00,0.00,0,0
1508086254,eth1,0.00,0.00,0.00,0,0,0.00,0.00,0.00,0,0,0.00,0.00,0,0
1508086254,s2,0.00,0.00,0.00,0,0,0.00,0.00,0.00,0,0,0.00,0.00,0,0
1508086254,s1-eth2,9788.00,258894.00,268682.00,258894,9788,126.00,171.00,297.00,171,126,0.00,0.00,0,0
1508086254,s1-eth1,249810.00,9788.00,259598.00,9788,249810,165.00,126.00,291.00,126,165,0.00,0.00,0,0
1508086254,s2-eth2,0.00,0.00,0.00,0,0,0.00,0.00,0.00,0,0,0.00,0.00,0,0
1508086254,s2-eth1,0.00,0.00,0.00,0,0,0.00,0.00,0.00,0,0,0.00,0.00,0,0
1508086254,lo,344.00,344.00,688.00,344,344,6.00,6.00,12.00,6,6,0.00,0.00,0,0
1508086254,total,259942.00,269026.00,528968.00,269026,259942,297.00,303.00,600.00,303,297,0.00,0.00,0,0
1508086255,s1,0.00,0.00,0.00,0,0,0.00,0.00,0.00,0,0,0.00,0.00,0,0
1508086255,eth0,0.00,0.00,0.00,0,0,0.00,0.00,0.00,0,0,0.00,0.00,0,0
1508086255,eth1,0.00,0.00,0.00,0,0,0.00,0.00,0.00,0,0,0.00,0.00,0,0
1508086255,s2,0.00,0.00,0.00,0,0,0.00,0.00,0.00,0,0,0.00,0.00,0,0
1508086255,s1-eth2,10863.14,257122.89,267986.03,257380,10874,134.87,169.83,304.70,170,135,0.00,0.00,0,0
1508086255,s1-eth1,248047.95,10669.33,258717.30,10680,248296,163.84,135.86,299.70,136,164,0.00,0.00,0,0
1508086255,s2-eth2,341.66,0.00,341.66,0,342,1.00,0.00,1.00,0,1,0.00,0.00,0,0
1508086255,s2-eth1,341.66,0.00,341.66,0,342,1.00,0.00,1.00,0,1,0.00,0.00,0,0
1508086255,lo,0.00,0.00,0.00,0,0,0.00,0.00,0.00,0,0,0.00,0.00,0,0
1508086255,total,259594.41,267792.22,527386.62,268060,259854,300.70,305.69,606.39,306,301,0.00,0.00,0,0
1508086256,s1,0.00,0.00,0.00,0,0,0.00,0.00,0.00,0,0,0.00,0.00,0,0
1508086256,eth0,0.00,0.00,0.00,0,0,0.00,0.00,0.00,0,0,0.00,0.00,0,0
1508086256,eth1,0.00,0.00,0.00,0,0,0.00,0.00,0.00,0,0,0.00,0.00,0,0
1508086256,s2,0.00,0.00,0.00,0,0,0.00,0.00,0.00,0,0,0.00,0.00,0,0
1508086256,s1-eth2,8638.00,216358.00,224996.00,216358,8638,113.00,145.00,258.00,145,113,0.00,0.00,0,0
1508086256,s1-eth1,211742.00,8490.00,220232.00,8490,211742,141.00,111.00,252.00,111,141,0.00,0.00,0,0
1508086256,s2-eth2,0.00,0.00,0.00,0,0,0.00,0.00,0.00,0,0,0.00,0.00,0,0
1508086256,s2-eth1,0.00,0.00,0.00,0,0,0.00,0.00,0.00,0,0,0.00,0.00,0,0
1508086256,lo,0.00,0.00,0.00,0,0,0.00,0.00,0.00,0,0,0.00,0.00,0,0
1508086256,total,220380.00,224848.00,445228.00,224848,220380,254.00,256.00,510.00,256,254,0.00,0.00,0,0
1508086257,s1,0.00,0.00,0.00,0,0,0.00,0.00,0.00,0,0,0.00,0.00,0,0
1508086257,eth0,0.00,0.00,0.00,0,0,0.00,0.00,0.00,0,0,0.00,0.00,0,0
1508086257,eth1,0.00,0.00,0.00,0,0,0.00,0.00,0.00,0,0,0.00,0.00,0,0
1508086257,s2,0.00,0.00,0.00,0,0,0.00,0.00,0.00,0,0,0.00,0.00,0,0
1508086257,s1-eth2,74.00,148.00,222.00,148,74,1.00,2.00,3.00,2,1,0.00,0.00,0,0
1508086257,s1-eth1,148.00,74.00,222.00,74,148,2.00,1.00,3.00,1,2,0.00,0.00,0,0
1508086257,s2-eth2,0.00,0.00,0.00,0,0,0.00,0.00,0.00,0,0,0.00,0.00,0,0
1508086257,s2-eth1,0.00,0.00,0.00,0,0,0.00,0.00,0.00,0,0,0.00,0.00,0,0
1508086257,lo,0.00,0.00,0.00,0,0,0.00,0.00,0.00,0,0,0.00,0.00,0,0
1508086257,total,222.00,222.00,444.00,222,222,3.00,3.00,6.00,3,3,0.00,0.00,0,0
1508086258,s1,0.00,0.00,0.00,0,0,0.00,0.00,0.00,0,0,0.00,0.00,0,0
1508086258,eth0,0.00,0.00,0.00,0,0,0.00,0.00,0.00,0,0,0.00,0.00,0,0
1508086258,eth1,0.00,0.00,0.00,0,0,0.00,0.00,0.00,0,0,0.00,0.00,0,0
1508086258,s2,0.00,0.00,0.00,0,0,0.00,0.00,0.00,0,0,0.00,0.00,0,0
1508086258,s1-eth2,0.00,0.00,0.00,0,0,0.00,0.00,0.00,0,0,0.00,0.00,0,0
1508086258,s1-eth1,0.00,0.00,0.00,0,0,0.00,0.00,0.00,0,0,0.00,0.00,0,0
1508086258,s2-eth2,0.00,0.00,0.00,0,0,0.00,0.00,0.00,0,0,0.00,0.00,0,0
1508086258,s2-eth1,0.00,0.00,0.00,0,0,0.00,0.00,0.00,0,0,0.00,0.00,0,0
1508086258,lo,0.00,0.00,0.00,0,0,0.00,0.00,0.00,0,0,0.00,0.00,0,0
1508086258,total,0.00,0.00,0.00,0,0,0.00,0.00,0.00,0,0,0.00,0.00,0,0
1508086259,s1,0.00,0.00,0.00,0,0,0.00,0.00,0.00,0,0,0.00,0.00,0,0
1508086259,eth0,0.00,0.00,0.00,0,0,0.00,0.00,0.00,0,0,0.00,0.00,0,0
1508086259,eth1,0.00,0.00,0.00,0,0,0.00,0.00,0.00,0,0,0.00,0.00,0,0
1508086259,s2,0.00,0.00,0.00,0,0,0.00,0.00,0.00,0,0,0.00,0.00,0,0
1508086259,s1-eth2,0.00,0.00,0.00,0,0,0.00,0.00,0.00,0,0,0.00,0.00,0,0
1508086259,s1-eth1,0.00,0.00,0.00,0,0,0.00,0.00,0.00,0,0,0.00,0.00,0,0
1508086259,s2-eth2,0.00,0.00,0.00,0,0,0.00,0.00,0.00,0,0,0.00,0.00,0,0
1508086259,s2-eth1,0.00,0.00,0.00,0,0,0.00,0.00,0.00,0,0,0.00,0.00,0,0
1508086259,lo,344.00,344.00,688.00,344,344,6.00,6.00,12.00,6,6,0.00,0.00,0,0
1508086259,total,344.00,344.00,688.00,344,344,6.00,6.00,12.00,6,6,0.00,0.00,0,0
1508086260,s1,0.00,0.00,0.00,0,0,0.00,0.00,0.00,0,0,0.00,0.00,0,0
1508086260,eth0,0.00,0.00,0.00,0,0,0.00,0.00,0.00,0,0,0.00,0.00,0,0
1508086260,eth1,0.00,0.00,0.00,0,0,0.00,0.00,0.00,0,0,0.00,0.00,0,0
1508086260,s2,0.00,0.00,0.00,0,0,0.00,0.00,0.00,0,0,0.00,0.00,0,0
1508086260,s1-eth2,0.00,0.00,0.00,0,0,0.00,0.00,0.00,0,0,0.00,0.00,0,0
1508086260,s1-eth1,107.00,0.00,107.00,0,107,1.00,0.00,1.00,0,1,0.00,0.00,0,0
1508086260,s2-eth2,107.00,0.00,107.00,0,107,1.00,0.00,1.00,0,1,0.00,0.00,0,0
1508086260,s2-eth1,0.00,0.00,0.00,0,0,0.00,0.00,0.00,0,0,0.00,0.00,0,0
1508086260,lo,0.00,0.00,0.00,0,0,0.00,0.00,0.00,0,0,0.00,0.00,0,0
1508086260,total,214.00,0.00,214.00,0,214,2.00,0.00,2.00,0,2,0.00,0.00,0,0
1508086261,s1,0.00,0.00,0.00,0,0,0.00,0.00,0.00,0,0,0.00,0.00,0,0
1508086261,eth0,0.00,0.00,0.00,0,0,0.00,0.00,0.00,0,0,0.00,0.00,0,0
1508086261,eth1,0.00,0.00,0.00,0,0,0.00,0.00,0.00,0,0,0.00,0.00,0,0
1508086261,s2,0.00,0.00,0.00,0,0,0.00,0.00,0.00,0,0,0.00,0.00,0,0
1508086261,s1-eth2,106.89,0.00,106.89,0,107,1.00,0.00,1.00,0,1,0.00,0.00,0,0
1508086261,s1-eth1,0.00,0.00,0.00,0,0,0.00,0.00,0.00,0,0,0.00,0.00,0,0
1508086261,s2-eth2,0.00,0.00,0.00,0,0,0.00,0.00,0.00,0,0,0.00,0.00,0,0
1508086261,s2-eth1,106.89,0.00,106.89,0,107,1.00,0.00,1.00,0,1,0.00,0.00,0,0
1508086261,lo,0.00,0.00,0.00,0,0,0.00,0.00,0.00,0,0,0.00,0.00,0,0
1508086261,total,213.79,0.00,213.79,0,214,2.00,0.00,2.00,0,2,0.00,0.00,0,0
1508086262,s1,0.00,0.00,0.00,0,0,0.00,0.00,0.00,0,0,0.00,0.00,0,0
1508086262,eth0,0.00,0.00,0.00,0,0,0.00,0.00,0.00,0,0,0.00,0.00,0,0
1508086262,eth1,0.00,0.00,0.00,0,0,0.00,0.00,0.00,0,0,0.00,0.00,0,0
1508086262,s2,0.00,0.00,0.00,0,0,0.00,0.00,0.00,0,0,0.00,0.00,0,0
1508086262,s1-eth2,0.00,0.00,0.00,0,0,0.00,0.00,0.00,0,0,0.00,0.00,0,0
1508086262,s1-eth1,0.00,0.00,0.00,0,0,0.00,0.00,0.00,0,0,0.00,0.00,0,0
1508086262,s2-eth2,0.00,0.00,0.00,0,0,0.00,0.00,0.00,0,0,0.00,0.00,0,0
1508086262,s2-eth1,0.00,0.00,0.00,0,0,0.00,0.00,0.00,0,0,0.00,0.00,0,0
1508086262,lo,0.00,0.00,0.00,0,0,0.00,0.00,0.00,0,0,0.00,0.00,0,0
1508086262,total,0.00,0.00,0.00,0,0,0.00,0.00,0.00,0,0,0.00,0.00,0,0
1508086263,s1,0.00,0.00,0.00,0,0,0.00,0.00,0.00,0,0,0.00,0.00,0,0
1508086263,eth0,0.00,0.00,0.00,0,0,0.00,0.00,0.00,0,0,0.00,0.00,0,0
1508086263,eth1,0.00,0.00,0.00,0,0,0.00,0.00,0.00,0,0,0.00,0.00,0,0
1508086263,s2,0.00,0.00,0.00,0,0,0.00,0.00,0.00,0,0,0.00,0.00,0,0
1508086263,s1-eth2,0.00,0.00,0.00,0,0,0.00,0.00,0.00,0,0,0.00,0.00,0,0
1508086263,s1-eth1,0.00,0.00,0.00,0,0,0.00,0.00,0.00,0,0,0.00,0.00,0,0
1508086263,s2-eth2,0.00,0.00,0.00,0,0,0.00,0.00,0.00,0,0,0.00,0.00,0,0
1508086263,s2-eth1,0.00,0.00,0.00,0,0,0.00,0.00,0.00,0,0,0.00,0.00,0,0
1508086263,lo,0.00,0.00,0.00,0,0,0.00,0.00,0.00,0,0,0.00,0.00