1508083200,s5,0.00,0.00,0.00,0,0,0.00,0.00,0.00,0,0,0.00,0.00,0,0
1508083200,eth0,0.00,0.00,0.00,0,0,0.00,0.00,0.00,0,0,0.00,0.00,0,0
1508083200,eth1,0.00,0.00,0.00,0,0,0.00,0.00,0.00,0,0,0.00,0.00,0,0
1508083200,s2,0.00,0.00,0.00,0,0,0.00,0.00,0.00,0,0,0.00,0.00,0,0
1508083200,s2-eth2,0.00,0.00,0.00,0,0,0.00,0.00,0.00,0,0,0.00,0.00,0,0
1508083200,s2-eth1,0.00,0.00,0.00,0,0,0.00,0.00,0.00,0,0,0.00,0.00,0,0
1508083200,lo,0.00,0.00,0.00,0,0,0.00,0.00,0.00,0,0,0.00,0.00,0,0
1508083200,s4,0.00,0.00,0.00,0,0,0.00,0.00,0.00,0,0,0.00,0.00,0,0
1508083200,total,0.00,0.00,0.00,0,0,0.00,0.00,0.00,0,0,0.00,0.00,0,0
1508083201,s5,0.00,0.00,0.00,0,0,0.00,0.00,0.00,0,0,0.00,0.00,0,0
1508083201,eth0,152.00,245.00,397.00,245,152,2.00,2.00,4.00,2,2,0.00,0.00,0,0
1508083201,eth1,0.00,0.00,0.00,0,0,0.00,0.00,0.00,0,0,0.00,0.00,0,0
1508083201,s2,250.00,340.00,590.00,340,250,3.00,4.00,7.00,4,3,0.00,0.00,0,0
1508083201,s2-eth2,9374.00,215136.00,224510.00,215136,9374,116.00,100.00,216.00,100,116,0.00,0.00,0,0
1508083201,s2-eth1,232539.00,8078.00,240617.00,8078,232539,123.00,109.00,232.00,109,123,0.00,0.00,0,0
1508083201,lo,2317.00,2317.00,4634.00,2317,2317,25.00,25.00,50.00,25,25,0.00,0.00,0,0
1508083201,s4,0.00,0.00,0.00,0,0,0.00,0.00,0.00,0,0,0.00,0.00,0,0
1508083201,total,244632.00,226116.00,470748.00,226116,244632,269.00,240.00,509.00,240,269,0.00,0.00,0,0
1508083202,s5,0.00,0.00,0.00,0,0,0.00,0.00,0.00,0,0,0.00,0.00,0,0
1508083202,eth0,151.70,244.51,396.21,245,152,2.00,2.00,3.99,2,2,0.00,0.00,0,0
1508083202,eth1,0.00,0.00,0.00,0,0,0.00,0.00,0.00,0,0,0.00,0.00,0,0
1508083202,s2,0.00,0.00,0.00,0,0,0.00,0.00,0.00,0,0,0.00,0.00,0,0
1508083202,s2-eth2,4917.17,151353.30,156270.47,151656,4927,62.87,59.88,122.75,60,63,0.00,0.00,0,0
1508083202,s2-eth1,152011.98,4315.37,156327.34,4324,152316,62.87,61.88,124.75,62,63,0.00,0.00,0,0
1508083202,lo,340.32,340.32,680.64,341,341,3.99,3.99,7.98,4,4,0.00,0.00,0,0
1508083202,s4,0.00,0.00,0.00,0,0,0.00,0.00,0.00,0,0,0.00,0.00,0,0
1508083202,total,157421.16,156253.50,313674.66,156566,157736,131.74,127.74,259.48,128,132,0.00,0.00,0,0
1508083203,s5,0.00,0.00,0.00,0,0,0.00,0.00,0.00,0,0,0.00,0.00,0,0
1508083203,eth0,0.00,0.00,0.00,0,0,0.00,0.00,0.00,0,0,0.00,0.00,0,0
1508083203,eth1,0.00,0.00,0.00,0,0,0.00,0.00,0.00,0,0,0.00,0.00,0,0
1508083203,s2,0.00,0.00,0.00,0,0,0.00,0.00,0.00,0,0,0.00,0.00,0,0
1508083203,s2-eth2,3341.00,154024.00,157365.00,154024,3341,50.00,52.00,102.00,52,50,0.00,0.00,0,0
1508083203,s2-eth1,148207.00,3168.00,151375.00,3168,148207,51.00,48.00,99.00,48,51,0.00,0.00,0,0
1508083203,lo,0.00,0.00,0.00,0,0,0.00,0.00,0.00,0,0,0.00,0.00,0,0
1508083203,s4,0.00,0.00,0.00,0,0,0.00,0.00,0.00,0,0,0.00,0.00,0,0
1508083203,total,151548.00,157192.00,308740.00,157192,151548,101.00,100.00,201.00,100,101,0.00,0.00,0,0
1508083204,s5,0.00,0.00,0.00,0,0,0.00,0.00,0.00,0,0,0.00,0.00,0,0
1508083204,eth0,0.00,0.00,0.00,0,0,0.00,0.00,0.00,0,0,0.00,0.00,0,0
1508083204,eth1,0.00,0.00,0.00,0,0,0.00,0.00,0.00,0,0,0.00,0.00,0,0
1508083204,s2,0.00,70.00,70.00,70,0,0.00,1.00,1.00,1,0,0.00,0.00,0,0
1508083204,s2-eth2,4294.00,162980.00,167274.00,162980,4294,58.00,56.00,114.00,56,58,0.00,0.00,0,0
1508083204,s2-eth1,169241.00,3630.00,172871.00,3630,169241,60.00,55.00,115.00,55,60,0.00,0.00,0,0
1508083204,lo,268.00,268.00,536.00,268,268,3.00,3.00,6.00,3,3,0.00,0.00,0,0
1508083204,s4,0.00,0.00,0.00,0,0,0.00,0.00,0.00,0,0,0.00,0.00,0,0
1508083204,total,173803.00,166948.00,340751.00,166948,173803,121.00,115.00,236.00,115,121,0.00,0.00,0,0
1508083205,s5,0.00,0.00,0.00,0,0,0.00,0.00,0.00,0,0,0.00,0.00,0,0
1508083205,eth0,0.00,0.00,0.00,0,0,0.00,0.00,0.00,0,0,0.00,0.00,0,0
1508083205,eth1,0.00,0.00,0.00,0,0,0.00,0.00,0.00,0,0,0.00,0.00,0,0
1508083205,s2,70.00,70.00,140.00,70,70,1.00,1.00,2.00,1,1,0.00,0.00,0,0
1508083205,s2-eth2,4304.00,150274.00,154578.00,150274,4304,60.00,61.00,121.00,61,60,0.00,0.00,0,0
1508083205,s2-eth1,149091.00,4234.00,153325.00,4234,149091,61.00,59.00,120.00,59,61,0.00,0.00,0,0
1508083205,lo,880.00,880.00,1760.00,880,880,12.00,12.00,24.00,12,12,0.00,0.00,0,0
1508083205,s4,0.00,0.00,0.00,0,0,0.00,0.00,0.00,0,0,0.00,0.00,0,0
1508083205,total,154345.00,155458.00,309803.00,155458,154345,134.00,133.00,267.00,133,134,0.00,0.00,0,0
1508083206,s5,0.00,0.00,0.00,0,0,0.00,0.00,0.00,0,0,0.00,0.00,0,0
1508083206,eth0,0.00,0.00,0.00,0,0,0.00,0.00,0.00,0,0,0.00,0.00,0,0
1508083206,eth1,0.00,0.00,0.00,0,0,0.00,0.00,0.00,0,0,0.00,0.00,0,0
1508083206,s2,0.00,0.00,0.00,0,0,0.00,0.00,0.00,0,0,0.00,0.00,0,0
1508083206,s2-eth2,2388.00,100774.00,103162.00,100774,2388,36.00,35.00,71.00,35,36,0.00,0.00,0,0
1508083206,s2-eth1,92296.00,2388.00,94684.00,2388,92296,34.00,36.00,70.00,36,34,0.00,0.00,0,0
1508083206,lo,0.00,0.00,0.00,0,0,0.00,0.00,0.00,0,0,0.00,0.00,0,0
1508083206,s4,0.00,0.00,0.00,0,0,0.00,0.00,0.00,0,0,0.00,0.00,0,0
1508083206,total,94684.00,103162.00,197846.00,103162,94684,70.00,71.00,141.00,71,70,0.00,0.00,0,0
1508083207,s5,0.00,0.00,0.00,0,0,0.00,0.00,0.00,0,0,0.00,0.00,0,0
1508083207,eth0,0.00,0.00,0.00,0,0,0.00,0.00,0.00,0,0,0.00,0.00,0,0
1508083207,eth1,0.00,0.00,0.00,0,0,0.00,0.00,0.00,0,0,0.00,0.00,0,0
1508083207,s2,0.00,0.00,0.00,0,0,0.00,0.00,0.00,0,0,0.00,0.00,0,0
1508083207,s2-eth2,2417.00,106632.00,109049.00,106632,2417,36.00,36.00,72.00,36,36,0.00,0.00,0,0
1508083207,s2-eth1,115625.00,2310.00,117935.00,2310,115625,40.00,35.00,75.00,35,40,0.00,0.00,0,0
1508083207,lo,0.00,0.00,0.00,0,0,0.00,0.00,0.00,0,0,0.00,0.00,0,0
1508083207,s4,0.00,0.00,0.00,0,0,0.00,0.00,0.00,0,0,0.00,0.00,0,0
1508083207,total,118042.00,108942.00,226984.00,108942,118042,76.00,71.00,147.00,71,76,0.00,0.00,0,0
1508083208,s5,0.00,0.00,0.00,0,0,0.00,0.00,0.00,0,0,0.00,0.00,0,0
1508083208,eth0,0.00,0.00,0.00,0,0,0.00,0.00,0.00,0,0,0.00,0.00,0,0
1508083208,eth1,0.00,0.00,0.00,0,0,0.00,0.00,0.00,0,0,0.00,0.00,0,0
1508083208,s2,0.00,70.00,70.00,70,0,0.00,1.00,1.00,1,0,0.00,0.00,0,0
1508083208,s2-eth2,3116.00,123224.00,126340.00,123224,3116,42.00,46.00,88.00,46,42,0.00,0.00,0,0
1508083208,s2-eth1,106772.00,2704.00,109476.00,2704,106772,38.00,40.00,78.00,40,38,0.00,0.00,0,0
1508083208,lo,268.00,268.00,536.00,268,268,3.00,3.00,6.00,3,3,0.00,0.00,0,0
1508083208,s4,0.00,0.00,0.00,0,0,0.00,0.00,0.00,0,0,0.00,0.00,0,0
1508083208,total,110156.00,126266.00,236422.00,126266,110156,83.00,90.00,173.00,90,83,0.00,0.00,0,0
1508083209,s5,0.00,0.00,0.00,0,0,0.00,0.00,0.00,0,0,0.00,0.00,0,0
1508083209,eth0,0.00,0.00,0.00,0,0,0.00,0.00,0.00,0,0,0.00,0.00,0,0
1508083209,eth1,0.00,0.00,0.00,0,0,0.00,0.00,0.00,0,0,0.00,0.00,0,0
1508083209,s2,70.00,70.00,140.00,70,70,1.00,1.00,2.00,1,1,0.00,0.00,0,0
1508083209,s2-eth2,2922.00,80898.00,83820.00,80898,2922,39.00,41.00,80.00,41,39,0.00,0.00,0,0
1508083209,s2-eth1,82614.00,2852.00,85466.00,2852,82614,45.00,38.00,83.00,38,45,0.00,0.00,0,0
1508083209,lo,536.00,536.00,1072.00,536,536,6.00,6.00,12.00,6,6,0.00,0.00,0,0
1508083209,s4,0.00,0.00,0.00,0,0,0.00,0.00,0.00,0,0,0.00,0.00,0,0
1508083209,total,86142.00,84356.00,170498.00,84356,86142,91.00,86.00,177.00,86,91,0.00,0.00,0,0
1508083210,s5,0.00,0.00,0.00,0,0,0.00,0.00,0.00,0,0,0.00,0.00,0,0
1508083210,eth0,0.00,0.00,0.00,0,0,0.00,0.00,0.00,0,0,0.00,0.00,0,0
1508083210,eth1,0.00,0.00,0.00,0,0,0.00,0.00,0.00,0,0,0.00,0.00,0,0
1508083210,s2,0.00,0.00,0.00,0,0,0.00,0.00,0.00,0,0,0.00,0.00,0,0
1508083210,s2-eth2,2466.00,74512.00,76978.00,74512,2466,35.00,32.00,67.00,32,35,0.00,0.00,0,0
1508083210,s2-eth1,67074.00,2466.00,69540.00,2466,67074,29.00,35.00,64.00,35,29,0.00,0.00,0,0
1508083210,lo,344.00,344.00,688.00,344,344,6.00,6.00,12.00,6,6,0.00,0.00,0,0
1508083210,s4,0.00,0.00,0.00,0,0,0.00,0.00,0.00,0,0,0.00,0.00,0,0
1508083210,total,69884.00,77322.00,147206.00,77322,69884,70.00,73.00,143.00,73,70,0.00,0.00,0,0
1508083211,s5,0.00,0.00,0.00,0,0,0.00,0.00,0.00,0,0,0.00,0.00,0,0
1508083211,eth0,0.00,0.00,0.00,0,0,0.00,0.00,0.00,0,0,0.00,0.00,0,0
1508083211,eth1,0.00,0.00,0.00,0,0,0.00,0.00,0.00,0,0,0.00,0.00,0,0
1508083211,s2,0.00,0.00,0.00,0,0,0.00,0.00,0.00,0,0,0.00,0.00,0,0
1508083211,s2-eth2,924.00,41468.00,42392.00,41468,924,14.00,14.00,28.00,14,14,0.00,0.00,0,0
1508083211,s2-eth1,47458.00,924.00,48382.00,924,47458,17.00,14.00,31.00,14,17,0.00,0.00,0,0
1508083211,lo,0.00,0.00,0.00,0,0,0.00,0.00,0.00,0,0,0.00,0.00,0,0
1508083211,s4,0.00,0.00,0.00,0,0,0.00,0.00,0.00,0,0,0.00,0.00,0,0
1508083211,total,48382.00,42392.00,90774.00,42392,48382,31.00,28.00,59.00,28,31,0.00,0.00,0,0
1508083212,s5,0.00,0.00,0.00,0,0,0.00,0.00,0.00,0,0,0.00,0.00,0,0
1508083212,eth0,0.00,0.00,0.00,0,0,0.00,0.00,0.00,0,0,0.00,0.00,0,0
1508083212,eth1,0.00,0.00,0.00,0,0,0.00,0.00,0.00,0,0,0.00,0.00,0,0
1508083212,s2,0.00,0.00,0.00,0,0,0.00,0.00,0.00,0,0,0.00,0.00,0,0
1508083212,s2-eth2,1384.62,65098.90,66483.52,65164,1386,20.98,21.98,42.96,22,21,0.00,0.00,0,0
1508083212,s2-eth1,53604.40,1384.62,54989.01,1386,53658,18.98,20.98,39.96,21,19,0.00,0.00,0,0
1508083212,lo,0.00,0.00,0.00,0,0,0.00,0.00,0.00,0,0,0.00,0.00,0,0
1508083212,s4,0.00,0.00,0.00,0,0,0.00,0.00,0.00,0,0,0.00,0.00,0,0
1508083212,total,54989.01,66483.52,121472.53,66550,55044,39.96,42.96,82.92,43,40,0.00,0.00,0,0
1508083213,s5,0.00,0.00,0.00,0,0,0.00,0.00,0.00,0,0,0.00,0.00,0,0
1508083213,eth0,0.00,0.00,0.00,0,0,0.00,0.00,0.00,0,0,0.00,0.00,0,0
1508083213,eth1,0.00,0.00,0.00,0,0,0.00,0.00,0.00,0,0,0.00,0.00,0,0
1508083213,s2,0.00,0.00,0.00,0,0,0.00,0.00,0.00,0,0,0.00,0.00,0,0
1508083213,s2-eth2,1846.15,91730.27,93576.43,91822,1848,27.97,30.97,58.94,31,28,0.00,0.00,0,0
1508083213,s2-eth1,103566.44,1846.15,105412.59,1848,103670,34.97,27.97,62.94,28,35,0.00,0.00,0,0
1508083213,lo,171.83,171.83,343.66,172,172,3.00,3.00,5.99,3,3,0.00,0.00,0,0
1508083213,s4,0.00,0.00,0.00,0,0,0.00,0.00,0.00,0,0,0.00,0.00,0,0
1508083213,total,105584.42,93748.26,199332.67,93842,105690,65.93,61.94,127.87,62,66,0.00,0.00,0,0
1508083214,s5,0.00,0.00,0.00,0,0,0.00,0.00,0.00,0,0,0.00,0.00,0,0
1508083214,eth0,0.00,0.00,0.00,0,0,0.00,0.00,0.00,0,0,0.00,0.00,0,0
1508083214,eth1,0.00,0.00,0.00,0,0,0.00,0.00,0.00,0,0,0.00,0.00,0,0
1508083214,s2,0.00,0.00,0.00,0,0,0.00,0.00,0.00,0,0,0.00,0.00,0,0
1508083214,s2-eth2,3900.00,189766.00,193666.00,189766,3900,58.00,67.00,125.00,67,58,0.00,0.00,0,0
1508083214,s2-eth1,174758.00,3900.00,178658.00,3900,174758,59.00,58.00,117.00,58,59,0.00,0.00,0,0
1508083214,lo,0.00,0.00,0.00,0,0,0.00,0.00,0.00,0,0,0.00,0.00,0,0
1508083214,s4,0.00,0.00,0.00,0,0,0.00,0.00,0.00,0,0,0.00,0.00,0,0
1508083214,total,178658.00,193666.00,372324.00,193666,178658,117.00,125.00,242.00,125,117,0.00,0.00,0,0
1508083215,s5,0.00,0.00,0.00,0,0,0.00,0.00,0.00,0,0,0.00,0.00,0,0
1508083215,eth0,0.00,0.00,0.00,0,0,0.00,0.00,0.00,0,0,0.00,0.00,0,0
1508083215,eth1,0.00,0.00,0.00,0,0,0.00,0.00,0.00,0,0,0.00,0.00,0,0
1508083215,s2,0.00,0.00,0.00,0,0,0.00,0.00,0.00,0,0,0.00,0.00,0,0
1508083215,s2-eth2,4241.00,154354.00,158595.00,154354,4241,60.00,57.00,117.00,57,60,0.00,0.00,0,0
1508083215,s2-eth1,151697.00,4134.00,155831.00,4134,151697,60.00,59.00,119.00,59,60,0.00,0.00,0,0
1508083215,lo,344.00,344.00,688.00,344,344,6.00,6.00,12.00,6,6,0.00,0.00,0,0
1508083215,s4,0.00,0.00,0.00,0,0,0.00,0.00,0.00,0,0,0.00,0.00,0,0
1508083215,total,156282.00,158832.00,315114.00,158832,156282,126.00,122.00,248.00,122,126,0.00,0.00,0,0
1508083216,s5,0.00,0.00,0.00,0,0,0.00,0.00,0.00,0,0,0.00,0.00,0,0
1508083216,eth0,0.00,0.00,0.00,0,0,0.00,0.00,0.00,0,0,0.00,0.00,0,0
1508083216,eth1,0.00,0.00,0.00,0,0,0.00,0.00,0.00,0,0,0.00,0.00,0,0
1508083216,s2,0.00,0.00,0.00,0,0,0.00,0.00,0.00,0,0,0.00,0.00,0,0
1508083216,s2-eth2,3612.39,130791.21,134403.59,130922,3616,51.95,52.95,104.90,53,52,0.00,0.00,0,0
1508083216,s2-eth1,127832.17,3612.39,131444.56,3616,127960,51.95,51.95,103.90,52,52,0.00,0.00,0,0
1508083216,lo,0.00,0.00,0.00,0,0,0.00,0.00,0.00,0,0,0.00,0.00,0,0
1508083216,s4,0.00,0.00,0.00,0,0,0.00,0.00,0.00,0,0,0.00,0.00,0,0
1508083216,total,131444.56,134403.59,265848.16,134538,131576,103.90,104.90,208.79,105,104,0.00,0.00,0,0
1508083217,s5,0.00,0.00,0.00,0,0,0.00,0.00,0.00,0,0,0.00,0.00,0,0
1508083217,eth0,0.00,0.00,0.00,0,0,0.00,0.00,0.00,0,0,0.00,0.00,0,0
1508083217,eth1,0.00,0.00,0.00,0,0,0.00,0.00,0.00,0,0,0.00,0.00,0,0
1508083217,s2,0.00,0.00,0.00,0,0,0.00,0.00,0.00,0,0,0.00,0.00,0,0
1508083217,s2-eth2,3342.00,127828.00,131170.00,127828,3342,49.00,50.00,99.00,50,49,0.00,0.00,0,0
1508083217,s2-eth1,127828.00,3342.00,131170.00,3342,127828,50.00,49.00,99.00,49,50,0.00,0.00,0,0
1508083217,lo,0.00,0.00,0.00,0,0,0.00,0.00,0.00,0,0,0.00,0.00,0,0
1508083217,s4,0.00,0.00,0.00,0,0,0.00,0.00,0.00,0,0,0.00,0.00,0,0
1508083217,total,131170.00,131170.00,262340.00,131170,131170,99.00,99.00,198.00,99,99,0.00,0.00,0,0
1508083218,s5,0.00,0.00,0.00,0,0,0.00,0.00,0.00,0,0,0.00,0.00,0,0
1508083218,eth0,0.00,0.00,0.00,0,0,0.00,0.00,0.00,0,0,0.00,0.00,0,0
1508083218,eth1,0.00,0.00,0.00,0,0,0.00,0.00,0.00,0,0,0.00,0.00,0,0
1508083218,s2,0.00,0.00,0.00,0,0,0.00,0.00,0.00,0,0,0.00,0.00,0,0
1508083218,s2-eth2,2730.00,92350.00,95080.00,92350,2730,39.00,39.00,78.00,39,39,0.00,0.00,0,0
1508083218,s2-eth1,86426.00,2730.00,89156.00,2730,86426,37.00,39.00,76.00,39,37,0.00,0.00,0,0
1508083218,lo,172.00,172.00,344.00,172,172,3.00,3.00,6.00,3,3,0.00,0.00,0,0
1508083218,s4,0.00,0.00,0.00,0,0,0.00,0.00,0.00,0,0,0.00,0.00,0,0
1508083218,total,89328.00,95252.00,184580.00,95252,89328,79.00,81.00,160.00,81,79,0.00,0.00,0,0
1508083219,s5,0.00,0.00,0.00,0,0,0.00,0.00,0.00,0,0,0.00,0.00,0,0
1508083219,eth0,0.00,0.00,0.00,0,0,0.00,0.00,0.00,0,0,0.00,0.00,0,0
1508083219,eth1,0.00,0.00,0.00,0,0,0.00,0.00,0.00,0,0,0.00,0.00,0,0
1508083219,s2,0.00,0.00,0.00,0,0,0.00,0.00,0.00,0,0,0.00,0.00,0,0
1508083219,s2-eth2,2043.96,94689.31,96733.27,94784,2046,30.97,31.97,62.94,32,31,0.00,0.00,0,0
1508083219,s2-eth1,91730.27,2043.96,93774.23,2046,91822,30.97,30.97,61.94,31,31,0.00,0.00,0,0
1508083219,lo,0.00,0.00,0.00,0,0,0.00,0.00,0.00,0,0,0.00,0.00,0,0
1508083219,s4,0.00,0.00,0.00,0,0,0.00,0.00,0.00,0,0,0.00,0.00,0,0
1508083219,total,93774.23,96733.27,190507.50,96830,93868,61.94,62.94,124.88,63,62,0.00,0.00,0,0
1508083220,s5,0.00,0.00,0.00,0,0,0.00,0.00,0.00,0,0,0.00,0.00,0,0
1508083220,eth0,0.00,0.00,0.00,0,0,0.00,0.00,0.00,0,0,0.00,0.00,0,0
1508083220,eth1,0.00,0.00,0.00,0,0,0.00,0.00,0.00,0,0,0.00,0.00,0,0
1508083220,s2,0.00,0.00,0.00,0,0,0.00,0.00,0.00,0,0,0.00,0.00,0,0
1508083220,s2-eth2,1962.00,83134.00,85096.00,83134,1962,29.00,31.00,60.00,31,29,0.00,0.00,0,0
1508083220,s2-eth1,77210.00,1962.00,79172.00,1962,77210,29.00,29.00,58.00,29,29,0.00,0.00,0,0
1508083220,lo,344.00,344.00,688.00,344,344,6.00,6.00,12.00,6,6,0.00,0.00,0,0
1508083220,s4,0.00,0.00,0.00,0,0,0.00,0.00,0.00,0,0,0.00,0.00,0,0
1508083220,total,79516.00,85440.00,164956.00,85440,79516,64.00,66.00,130.00,66,64,0.00,0.00,0,0
1508083221,s5,0.00,0.00,0.00,0,0,0.00,0.00,0.00,0,0,0.00,0.00,0,0
1508083221,eth0,0.00,0.00,0.00,0,0,0.00,0.00,0.00,0,0,0.00,0.00,0,0
1508083221,eth1,0.00,0.00,0.00,0,0,0.00,0.00,0.00,0,0,0.00,0.00,0,0
1508083221,s2,0.00,0.00,0.00,0,0,0.00,0.00,0.00,0,0,0.00,0.00,0,0
1508083221,s2-eth2,2277.72,80199.80,82477.52,80280,2280,29.97,31.97,61.94,32,30,0.00,0.00,0,0
1508083221,s2-eth1,80541.46,1936.06,82477.52,1938,80622,32.97,28.97,61.94,29,33,0.00,0.00,0,0
1508083221,lo,295.70,295.70,591.41,296,296,3.00,3.00,5.99,3,3,0.00,0.00,0,0
1508083221,s4,0.00,0.00,0.00,0,0,0.00,0.00,0.00,0,0,0.00,0.00,0,0
1508083221,total,83114.89,82431.57,165546.45,82514,83198,65.93,63.94,129.87,64,66,0.00,0.00,0,0
1508083222,s5,0.00,0.00,0.00,0,0,0.00,0.00,0.00,0,0,0.00,0.00,0,0
1508083222,eth0,0.00,0.00,0.00,0,0,0.00,0.00,0.00,0,0,0.00,0.00,0,0
1508083222,eth1,0.00,0.00,0.00,0,0,0.00,0.00,0.00,0,0,0.00,0.00,0,0
1508083222,s2,0.00,0.00,0.00,0,0,0.00,0.00,0.00,0,0,0.00,0.00,0,0
1508083222,s2-eth2,1980.00,91822.00,93802.00,91822,1980,30.00,31.00,61.00,31,30,0.00,0.00,0,0
1508083222,s2-eth1,94784.00,1980.00,96764.00,1980,94784,32.00,30.00,62.00,30,32,0.00,0.00,0,0
1508083222,lo,0.00,0.00,0.00,0,0,0.00,0.00,0.00,0,0,0.00,0.00,0,0
1508083222,s4,0.00,0.00,0.00,0,0,0.00,0.00,0.00,0,0,0.00,0.00,0,0
1508083222,total,96764.00,93802.00,190566.00,93802,96764,62.00,61.00,123.00,61,62,0.00,0.00,0,0
1508083223,s5,0.00,0.00,0.00,0,0,0.00,0.00,0.00,0,0,0.00,0.00,0,0
1508083223,eth0,0.00,0.00,0.00,0,0,0.00,0.00,0.00,0,0,0.00,0.00,0,0
1508083223,eth1,0.00,0.00,0.00,0,0,0.00,0.00,0.00,0,0,0.00,0.00,0,0
1508083223,s2,0.00,0.00,0.00,0,0,0.00,0.00,0.00,0,0,0.00,0.00,0,0
1508083223,s2-eth2,2028.00,83200.00,85228.00,83200,2028,30.00,32.00,62.00,32,30,0.00,0.00,0,0
1508083223,s2-eth1,77276.00,2028.00,79304.00,2028,77276,30.00,30.00,60.00,30,30,0.00,0.00,0,0
1508083223,lo,0.00,0.00,0.00,0,0,0.00,0.00,0.00,0,0,0.00,0.00,0,0
1508083223,s4,0.00,0.00,0.00,0,0,0.00,0.00,0.00,0,0,0.00,0.00,0,0
1508083223,total,79304.00,85228.00,164532.00,85228,79304,60.00,62.00,122.00,62,60,0.00,0.00,0,0
1508083224,s5,0.00,0.00,0.00,0,0,0.00,0.00,0.00,0,0,0.00,0.00,0,0
1508083224,eth0,0.00,0.00,0.00,0,0,0.00,0.00,0.00,0,0,0.00,0.00,0,0
1508083224,eth1,0.00,0.00,0.00,0,0,0.00,0.00,0.00,0,0,0.00,0.00,0,0
1508083224,s2,0.00,0.00,0.00,0,0,0.00,0.00,0.00,0,0,0.00,0.00,0,0
1508083224,s2-eth2,1896.00,80172.00,82068.00,80172,1896,28.00,30.00,58.00,30,28,0.00,0.00,0,0
1508083224,s2-eth1,77210.00,1896.00,79106.00,1896,77210,29.00,28.00,57.00,28,29,0.00,0.00,0,0
1508083224,lo,0.00,0.00,0.00,0,0,0.00,0.00,0.00,0,0,0.00,0.00,0,0
1508083224,s4,0.00,0.00,0.00,0,0,0.00,0.00,0.00,0,0,0.00,0.00,0,0
1508083224,total,79106.00,82068.00,161174.00,82068,79106,57.00,58.00,115.00,58,57,0.00,0.00,0,0
1508083225,s5,0.00,0.00,0.00,0,0,0.00,0.00,0.00,0,0,0.00,0.00,0,0
1508083225,eth0,0.00,0.00,0.00,0,0,0.00,0.00,0.00,0,0,0.00,0.00,0,0
1508083225,eth1,0.00,0.00,0.00,0,0,0.00,0.00,0.00,0,0,0.00,0.00,0,0
1508083225,s2,0.00,0.00,0.00,0,0,0.00,0.00,0.00,0,0,0.00,0.00,0,0
1508083225,s2-eth2,1962.00,87610.00,89572.00,87610,1962,29.00,33.00,62.00,33,29,0.00,0.00,0,0
1508083225,s2-eth1,90506.00,2040.00,92546.00,2040,90506,33.00,30.00,63.00,30,33,0.00,0.00,0,0
1508083225,lo,344.00,344.00,688.00,344,344,6.00,6.00,12.00,6,6,0.00,0.00,0,0
1508083225,s4,0.00,0.00,0.00,0,0,0.00,0.00,0.00,0,0,0.00,0.00,0,0
1508083225,total,92812.00,89994.00,182806.00,89994,92812,68.00,69.00,137.00,69,68,0.00,0.00,0,0
1508083226,s5,0.00,0.00,0.00,0,0,0.00,0.00,0.00,0,0,0.00,0.00,0,0
1508083226,eth0,0.00,0.00,0.00,0,0,0.00,0.00,0.00,0,0,0.00,0.00,0,0
1508083226,eth1,0.00,0.00,0.00,0,0,0.00,0.00,0.00,0,0,0.00,0.00,0,0
1508083226,s2,0.00,0.00,0.00,0,0,0.00,0.00,0.00,0,0,0.00,0.00,0,0
1508083226,s2-eth2,2130.00,74380.00,76510.00,74380,2130,31.00,30.00,61.00,30,31,0.00,0.00,0,0
1508083226,s2-eth1,69970.00,2052.00,72022.00,2052,69970,29.00,30.00,59.00,30,29,0.00,0.00,0,0
1508083226,lo,172.00,172.00,344.00,172,172,3.00,3.00,6.00,3,3,0.00,0.00,0,0
1508083226,s4,0.00,0.00,0.00,0,0,0.00,0.00,0.00,0,0,0.00,0.00,0,0
1508083226,total,72272.00,76604.00,148876.00,76604,72272,63.00,63.00,126.00,63,63,0.00,0.00,0,0
1508083227,s5,0.00,0.00,0.00,0,0,0.00,0.00,0.00,0,0,0.00,0.00,0,0
1508083227,eth0,0.00,0.00,0.00,0,0,0.00,0.00,0.00,0,0,0.00,0.00,0,0
1508083227,eth1,0.00,0.00,0.00,0,0,0.00,0.00,0.00,0,0,0.00,0.00,0,0
1508083227,s2,0.00,0.00,0.00,0,0,0.00,0.00,0.00,0,0,0.00,0.00,0,0
1508083227,s2-eth2,1356.00,60820.00,62176.00,60820,1356,20.00,22.00,42.00,22,20,0.00,0.00,0,0
1508083227,s2-eth1,59372.00,1356.00,60728.00,1356,59372,22.00,20.00,42.00,20,22,0.00,0.00,0,0
1508083227,lo,0.00,0.00,0.00,0,0,0.00,0.00,0.00,0,0,0.00,0.00,0,0
1508083227,s4,0.00,0.00,0.00,0,0,0.00,0.00,0.00,0,0,0.00,0.00,0,0
1508083227,total,60728.00,62176.00,122904.00,62176,60728,42.00,42.00,84.00,42,42,0.00,0.00,0,0
1508083228,s5,0.00,0.00,0.00,0,0,0.00,0.00,0.00,0,0,0.00,0.00,0,0
1508083228,eth0,0.00,0.00,0.00,0,0,0.00,0.00,0.00,0,0,0.00,0.00,0,0
1508083228,eth1,0.00,0.00,0.00,0,0,0.00,0.00,0.00,0,0,0.00,0.00,0,0
1508083228,s2,0.00,0.00,0.00,0,0,0.00,0.00,0.00,0,0,0.00,0.00,0,0
1508083228,s2-eth2,1764.00,68324.00,70088.00,68324,1764,26.00,26.00,52.00,26,26,0.00,0.00,0,0
1508083228,s2-eth1,59438.00,1764.00,61202.00,1764,59438,23.00,26.00,49.00,26,23,0.00,0.00,0,0
1508083228,lo,0.00,0.00,0.00,0,0,0.00,0.00,0.00,0,0,0.00,0.00,0,0
1508083228,s4,0.00,0.00,0.00,0,0,0.00,0.00,0.00,0,0,0.00,0.00,0,0
1508083228,total,61202.00,70088.00,131290.00,70088,61202,49.00,52.00,101.00,52,49,0.00,0.00,0,0
1508083229,s5,0.00,0.00,0.00,0,0,0.00,0.00,0.00,0,0,0.00,0.00,0,0
1508083229,eth0,0.00,0.00,0.00,0,0,0.00,0.00,0.00,0,0,0.00,0.00,0,0
1508083229,eth1,0.00,0.00,0.00,0,0,0.00,0.00,0.00,0,0,0.00,0.00,0,0
1508083229,s2,0.00,0.00,0.00,0,0,0.00,0.00,0.00,0,0,0.00,0.00,0,0
1508083229,s2-eth2,1368.00,56476.00,57844.00,56476,1368,20.00,22.00,42.00,22,20,0.00,0.00,0,0
1508083229,s2-eth1,62400.00,1368.00,63768.00,1368,62400,24.00,20.00,44.00,20,24,0.00,0.00,0,0
1508083229,lo,0.00,0.00,0.00,0,0,0.00,0.00,0.00,0,0,0.00,0.00,0,0
1508083229,s4,0.00,0.00,0.00,0,0,0.00,0.00,0.00,0,0,0.00,0.00,0,0
1508083229,total,63768.00,57844.00,121612.00,57844,63768,44.00,42.00,86.00,42,44,0.00,0.00,0,0
1508083230,s5,0.00,0.00,0.00,0,0,0.00,0.00,0.00,0,0,0.00,0.00,0,0
1508083230,eth0,0.00,0.00,0.00,0,0,0.00,0.00,0.00,0,0,0.00,0.00,0,0
1508083230,eth1,0.00,0.00,0.00,0,0,0.00,0.00,0.00,0,0,0.00,0.00,0,0
1508083230,s2,0.00,0.00,0.00,0,0,0.00,0.00,0.00,0,0,0.00,0.00,0,0
1508083230,s2-eth2,1848.00,82936.00,84784.00,82936,1848,28.00,28.00,56.00,28,28,0.00,0.00,0,0
1508083230,s2-eth1,71088.00,1848.00,72936.00,1848,71088,24.00,28.00,52.00,28,24,0.00,0.00,0,0
1508083230,lo,344.00,344.00,688.00,344,344,6.00,6.00,12.00,6,6,0.00,0.00,0,0
1508083230,s4,0.00,0.00,0.00,0,0,0.00,0.00,0.00,0,0,0.00,0.00,0,0
1508083230,total,73280.00,85128.00,158408.00,85128,73280,58.00,62.00,120.00,62,58,0.00,0.00,0,0
1508083231,s5,0.00,0.00,0.00,0,0,0.00,0.00,0.00,0,0,0.00,0.00,0,0
1508083231,eth0,0.00,0.00,0.00,0,0,0.00,0.00,0.00,0,0,0.00,0.00,0,0
1508083231,eth1,0.00,0.00,0.00,0,0,0.00,0.00,0.00,0,0,0.00,0.00,0,0
1508083231,s2,0.00,0.00,0.00,0,0,0.00,0.00,0.00,0,0,0.00,0.00,0,0
1508083231,s2-eth2,1607.00,65362.00,66969.00,65362,1607,23.00,25.00,48.00,25,23,0.00,0.00,0,0
1508083231,s2-eth1,74355.00,1500.00,75855.00,1500,74355,29.00,22.00,51.00,22,29,0.00,0.00,0,0
1508083231,lo,172.00,172.00,344.00,172,172,3.00,3.00,6.00,3,3,0.00,0.00,0,0
1508083231,s4,0.00,0.00,0.00,0,0,0.00,0.00,0.00,0,0,0.00,0.00,0,0
1508083231,total,76134.00,67034.00,143168.00,67034,76134,55.00,50.00,105.00,50,55,0.00,0.00,0,0
1508083232,s5,0.00,0.00,0.00,0,0,0.00,0.00,0.00,0,0,0.00,0.00,0,0
1508083232,eth0,0.00,0.00,0.00,0,0,0.00,0.00,0.00,0,0,0.00,0.00,0,0
1508083232,eth1,0.00,0.00,0.00,0,0,0.00,0.00,0.00,0,0,0.00,0.00,0,0
1508083232,s2,0.00,0.00,0.00,0,0,0.00,0.00,0.00,0,0,0.00,0.00,0,0
1508083232,s2-eth2,1716.00,79974.00,81690.00,79974,1716,26.00,27.00,53.00,27,26,0.00,0.00,0,0
1508083232,s2-eth1,68126.00,1716.00,69842.00,1716,68126,23.00,26.00,49.00,26,23,0.00,0.00,0,0
1508083232,lo,0.00,0.00,0.00,0,0,0.00,0.00,0.00,0,0,0.00,0.00,0,0
1508083232,s4,0.00,0.00,0.00,0,0,0.00,0.00,0.00,0,0,0.00,0.00,0,0
1508083232,total,69842.00,81690.00,151532.00,81690,69842,49.00,53.00,102.00,53,49,0.00,0.00,0,0
1508083233,s5,0.00,0.00,0.00,0,0,0.00,0.00,0.00,0,0,0.00,0.00,0,0
1508083233,eth0,0.00,0.00,0.00,0,0,0.00,0.00,0.00,0,0,0.00,0.00,0,0
1508083233,eth1,0.00,0.00,0.00,0,0,0.00,0.00,0.00,0,0,0.00,0.00,0,0
1508083233,s2,0.00,0.00,0.00,0,0,0.00,0.00,0.00,0,0,0.00,0.00,0,0
1508083233,s2-eth2,1518.00,74050.00,75568.00,74050,1518,23.00,25.00,48.00,25,23,0.00,0.00,0,0
1508083233,s2-eth1,85898.00,1518.00,87416.00,1518,85898,29.00,23.00,52.00,23,29,0.00,0.00,0,0
1508083233,lo,0.00,0.00,0.00,0,0,0.00,0.00,0.00,0,0,0.00,0.00,0,0
1508083233,s4,0.00,0.00,0.00,0,0,0.00,0.00,0.00,0,0,0.00,0.00,0,0
1508083233,total,87416.00,75568.00,162984.00,75568,87416,52.00,48.00,100.00,48,52,0.00,0.00,0,0
1508083234,s5,0.00,0.00,0.00,0,0,0.00,0.00,0.00,0,0,0.00,0.00,0,0
1508083234,eth0,0.00,0.00,0.00,0,0,0.00,0.00,0.00,0,0,0.00,0.00,0,0
1508083234,eth1,0.00,0.00,0.00,0,0,0.00,0.00,0.00,0,0,0.00,0.00,0,0
1508083234,s2,0.00,0.00,0.00,0,0,0.00,0.00,0.00,0,0,0.00,0.00,0,0
1508083234,s2-eth2,2172.00,89124.00,91296.00,89124,2172,32.00,34.00,66.00,34,32,0.00,0.00,0,0
1508083234,s2-eth1,74656.00,2172.00,76828.00,2172,74656,30.00,32.00,62.00,32,30,0.00,0.00,0,0
1508083234,lo,0.00,0.00,0.00,0,0,0.00,0.00,0.00,0,0,0.00,0.00,0,0
1508083234,s4,0.00,0.00,0.00,0,0,0.00,0.00,0.00,0,0,0.00,0.00,0,0
1508083234,total,76828.00,91296.00,168124.00,91296,76828,62.00,66.00,128.00,66,62,0.00,0.00,0,0
1508083235,s5,0.00,0.00,0.00,0,0,0.00,0.00,0.00,0,0,0.00,0.00,0,0
1508083235,eth0,0.00,0.00,0.00,0,0,0.00,0.00,0.00,0,0,0.00,0.00,0,0
1508083235,eth1,0.00,0.00,0.00,0,0,0.00,0.00,0.00,0,0,0.00,0.00,0,0
1508083235,s2,0.00,0.00,0.00,0,0,0.00,0.00,0.00,0,0,0.00,0.00,0,0
1508083235,s2-eth2,2046.00,91822.00,93868.00,91822,2046,31.00,31.00,62.00,31,31,0.00,0.00,0,0
1508083235,s2-eth1,100708.00,2046.00,102754.00,2046,100708,34.00,31.00,65.00,31,34,0.00,0.00,0,0
1508083235,lo,344.00,344.00,688.00,344,344,6.00,6.00,12.00,6,6,0.00,0.00,0,0
1508083235,s4,0.00,0.00,0.00,0,0,0.00,0.00,0.00,0,0,0.00,0.00,0,0
1508083235,total,103098.00,94212.00,197310.00,94212,103098,71.00,68.00,139.00,68,71,0.00,0.00,0,0
1508083236,s5,0.00,0.00,0.00,0,0,0.00,0.00,0.00,0,0,0.00,0.00,0,0
1508083236,eth0,0.00,0.00,0.00,0,0,0.00,0.00,0.00,0,0,0.00,0.00,0,0
1508083236,eth1,0.00,0.00,0.00,0,0,0.00,0.00,0.00,0,0,0.00,0.00,0,0
1508083236,s2,0.00,0.00,0.00,0,0,0.00,0.00,0.00,0,0,0.00,0.00,0,0
1508083236,s2-eth2,2310.00,106632.00,108942.00,106632,2310,35.00,36.00,71.00,36,35,0.00,0.00,0,0
1508083236,s2-eth1,94784.00,2310.00,97094.00,2310,94784,32.00,35.00,67.00,35,32,0.00,0.00,0,0
1508083236,lo,172.00,172.00,344.00,172,172,3.00,3.00,6.00,3,3,0.00,0.00,0,0
1508083236,s4,0.00,0.00,0.00,0,0,0.00,0.00,0.00,0,0,0.00,0.00,0,0
1508083236,total,97266.00,109114.00,206380.00,109114,97266,70.00,74.00,144.00,74,70,0.00,0.00,0,0
1508083237,s5,0.00,0.00,0.00,0,0,0.00,0.00,0.00,0,0,0.00,0.00,0,0
1508083237,eth0,0.00,0.00,0.00,0,0,0.00,0.00,0.00,0,0,0.00,0.00,0,0
1508083237,eth1,0.00,0.00,0.00,0,0,0.00,0.00,0.00,0,0,0.00,0.00,0,0
1508083237,s2,0.00,0.00,0.00,0,0,0.00,0.00,0.00,0,0,0.00,0.00,0,0
1508083237,s2-eth2,2520.00,106632.00,109152.00,106632,2520,34.00,36.00,70.00,36,34,0.00,0.00,0,0
1508083237,s2-eth1,118480.00,2178.00,120658.00,2178,118480,40.00,33.00,73.00,33,40,0.00,0.00,0,0
1508083237,lo,0.00,0.00,0.00,0,0,0.00,0.00,0.00,0,0,0.00,0.00,0,0
1508083237,s4,0.00,0.00,0.00,0,0,0.00,0.00,0.00,0,0,0.00,0.00,0,0
1508083237,total,121000.00,108810.00,229810.00,108810,121000,74.00,69.00,143.00,69,74,0.00,0.00,0,0
1508083238,s5,0.00,0.00,0.00,0,0,0.00,0.00,0.00,0,0,0.00,0.00,0,0
1508083238,eth0,0.00,0.00,0.00,0,0,0.00,0.00,0.00,0,0,0.00,0.00,0,0
1508083238,eth1,0.00,0.00,0.00,0,0,0.00,0.00,0.00,0,0,0.00,0.00,0,0
1508083238,s2,0.00,0.00,0.00,0,0,0.00,0.00,0.00,0,0,0.00,0.00,0,0
1508083238,s2-eth2,2982.00,145204.00,148186.00,145204,2982,45.00,50.00,95.00,50,45,0.00,0.00,0,0
1508083238,s2-eth1,124404.00,2982.00,127386.00,2982,124404,42.00,45.00,87.00,45,42,0.00,0.00,0,0
1508083238,lo,0.00,0.00,0.00,0,0,0.00,0.00,0.00,0,0,0.00,0.00,0,0
1508083238,s4,0.00,0.00,0.00,0,0,0.00,0.00,0.00,0,0,0.00,0.00,0,0
1508083238,total,127386.00,148186.00,275572.00,148186,127386,87.00,95.00,182.00,95,87,0.00,0.00,0,0
1508083239,s5,0.00,0.00,0.00,0,0,0.00,0.00,0.00,0,0,0.00,0.00,0,0
1508083239,eth0,0.00,0.00,0.00,0,0,0.00,0.00,0.00,0,0,0.00,0.00,0,0
1508083239,eth1,0.00,0.00,0.00,0,0,0.00,0.00,0.00,0,0,0.00,0.00,0,0
1508083239,s2,0.00,0.00,0.00,0,0,0.00,0.00,0.00,0,0,0.00,0.00,0,0
1508083239,s2-eth2,2982.00,92416.00,95398.00,92416,2982,41.00,40.00,81.00,40,41,0.00,0.00,0,0
1508083239,s2-eth1,104330.00,2982.00,107312.00,2982,104330,45.00,41.00,86.00,41,45,0.00,0.00,0,0
1508083239,lo,0.00,0.00,0.00,0,0,0.00,0.00,0.00,0,0,0.00,0.00,0,0
1508083239,s4,0.00,0.00,0.00,0,0,0.00,0.00,0.00,0,0,0.00,0.00,0,0
1508083239,total,107312.00,95398.00,202710.00,95398,107312,86.00,81.00,167.00,81,86,0.00,0.00,0,0
1508083240,s5,0.00,0.00,0.00,0,0,0.00,0.00,0.00,0,0,0.00,0.00,0,0
1508083240,eth0,0.00,0.00,0.00,0,0,0.00,0.00,0.00,0,0,0.00,0.00,0,0
1508083240,eth1,0.00,0.00,0.00,0,0,0.00,0.00,0.00,0,0,0.00,0.00,0,0
1508083240,s2,0.00,0.00,0.00,0,0,0.00,0.00,0.00,0,0,0.00,0.00,0,0
1508083240,s2-eth2,1684.32,71082.92,72767.23,71154,1686,24.98,24.98,49.95,25,25,0.00,0.00,0,0
1508083240,s2-eth1,65164.84,1684.32,66849.16,1686,65230,22.98,24.98,47.95,25,23,0.00,0.00,0,0
1508083240,lo,343.66,343.66,687.31,344,344,5.99,5.99,11.99,6,6,0.00,0.00,0,0
1508083240,s4,0.00,0.00,0.00,0,0,0.00,0.00,0.00,0,0,0.00,0.00,0,0
1508083240,total,67192.81,73110.89,140303.70,73184,67260,53.95,55.94,109.89,56,54,0.00,0.00,0,0
1508083241,s5,0.00,0.00,0.00,0,0,0.00,0.00,0.00,0,0,0.00,0.00,0,0
1508083241,eth0,0.00,0.00,0.00,0,0,0.00,0.00,0.00,0,0,0.00,0.00,0,0
1508083241,eth1,0.00,0.00,0.00,0,0,0.00,0.00,0.00,0,0,0.00,0.00,0,0
1508083241,s2,0.00,0.00,0.00,0,0,0.00,0.00,0.00,0,0,0.00,0.00,0,0
1508083241,s2-eth2,1758.00,77054.00,78812.00,77054,1758,27.00,27.00,54.00,27,27,0.00,0.00,0,0
1508083241,s2-eth1,80016.00,1758.00,81774.00,1758,80016,28.00,27.00,55.00,27,28,0.00,0.00,0,0
1508083241,lo,172.00,172.00,344.00,172,172,3.00,3.00,6.00,3,3,0.00,0.00,0,0
1508083241,s4,0.00,0.00,0.00,0,0,0.00,0.00,0.00,0,0,0.00,0.00,0,0
1508083241,total,81946.00,78984.00,160930.00,78984,81946,58.00,57.00,115.00,57,58,0.00,0.00,0,0
1508083242,s5,0.00,0.00,0.00,0,0,0.00,0.00,0.00,0,0,0.00,0.00,0,0
1508083242,eth0,0.00,0.00,0.00,0,0,0.00,0.00,0.00,0,0,0.00,0.00,0,0
1508083242,eth1,0.00,0.00,0.00,0,0,0.00,0.00,0.00,0,0,0.00,0.00,0,0
1508083242,s2,0.00,0.00,0.00,0,0,0.00,0.00,0.00,0,0,0.00,0.00,0,0
1508083242,s2-eth2,2046.00,94784.00,96830.00,94784,2046,31.00,32.00,63.00,32,31,0.00,0.00,0,0
1508083242,s2-eth1,85898.00,2046.00,87944.00,2046,85898,29.00,31.00,60.00,31,29,0.00,0.00,0,0
1508083242,lo,0.00,0.00,0.00,0,0,0.00,0.00,0.00,0,0,0.00,0.00,0,0
1508083242,s4,0.00,0.00,0.00,0,0,0.00,0.00,0.00,0,0,0.00,0.00,0,0
1508083242,total,87944.00,96830.00,184774.00,96830,87944,60.00,63.00,123.00,63,60,0.00,0.00,0,0
1508083243,s5,0.00,0.00,0.00,0,0,0.00,0.00,0.00,0,0,0.00,0.00,0,0
1508083243,eth0,0.00,0.00,0.00,0,0,0.00,0.00,0.00,0,0,0.00,0.00,0,0
1508083243,eth1,0.00,0.00,0.00,0,0,0.00,0.00,0.00,0,0,0.00,0.00,0,0
1508083243,s2,0.00,0.00,0.00,0,0,0.00,0.00,0.00,0,0,0.00,0.00,0,0
1508083243,s2-eth2,2175.82,100607.40,102783.22,100708,2178,32.97,33.97,66.93,34,33,0.00,0.00,0,0
1508083243,s2-eth1,106525.48,2175.82,108701.30,2178,106632,35.96,32.97,68.93,33,36,0.00,0.00,0,0
1508083243,lo,0.00,0.00,0.00,0,0,0.00,0.00,0.00,0,0,0.00,0.00,0,0
1508083243,s4,0.00,0.00,0.00,0,0,0.00,0.00,0.00,0,0,0.00,0.00,0,0
1508083243,total,108701.30,102783.22,211484.52,102886,108810,68.93,66.93,135.86,67,69,0.00,0.00,0,0
1508083244,s5,0.00,0.00,0.00,0,0,0.00,0.00,0.00,0,0,0.00,0.00,0,0
1508083244,eth0,0.00,0.00,0.00,0,0,0.00,0.00,0.00,0,0,0.00,0.00,0,0
1508083244,eth1,0.00,0.00,0.00,0,0,0.00,0.00,0.00,0,0,0.00,0.00,0,0
1508083244,s2,0.00,0.00,0.00,0,0,0.00,0.00,0.00,0,0,0.00,0.00,0,0
1508083244,s2-eth2,2901.10,142033.97,144935.06,142176,2904,43.96,47.95,91.91,48,44,0.00,0.00,0,0
1508083244,s2-eth1,130197.80,2901.10,133098.91,2904,130328,43.96,43.96,87.91,44,44,0.00,0.00,0,0
1508083244,lo,0.00,0.00,0.00,0,0,0.00,0.00,0.00,0,0,0.00,0.00,0,0
1508083244,s4,0.00,0.00,0.00,0,0,0.00,0.00,0.00,0,0,0.00,0.00,0,0
1508083244,total,133098.91,144935.06,278033.97,145080,133232,87.91,91.91,179.82,92,88,0.00,0.00,0,0
1508083245,s5,0.00,0.00,0.00,0,0,0.00,0.00,0.00,0,0,0.00,0.00,0,0
1508083245,eth0,0.00,0.00,0.00,0,0,0.00,0.00,0.00,0,0,0.00,0.00,0,0
1508083245,eth1,0.00,0.00,0.00,0,0,0.00,0.00,0.00,0,0,0.00,0.00,0,0
1508083245,s2,0.00,0.00,0.00,0,0,0.00,0.00,0.00,0,0,0.00,0.00,0,0
1508083245,s2-eth2,4554.00,225112.00,229666.00,225112,4554,69.00,76.00,145.00,76,69,0.00,0.00,0,0
1508083245,s2-eth1,216226.00,4554.00,220780.00,4554,216226,73.00,69.00,142.00,69,73,0.00,0.00,0,0
1508083245,lo,344.00,344.00,688.00,344,344,6.00,6.00,12.00,6,6,0.00,0.00,0,0
1508083245,s4,0.00,0.00,0.00,0,0,0.00,0.00,0.00,0,0,0.00,0.00,0,0
1508083245,total,221124.00,230010.00,451134.00,230010,221124,148.00,151.00,299.00,151,148,0.00,0.00,0,0
1508083246,s5,0.00,0.00,0.00,0,0,0.00,0.00,0.00,0,0,0.00,0.00,0,0
1508083246,eth0,0.00,0.00,0.00,0,0,0.00,0.00,0.00,0,0,0.00,0.00,0,0
1508083246,eth1,0.00,0.00,0.00,0,0,0.00,0.00,0.00,0,0,0.00,0.00,0,0
1508083246,s2,0.00,0.00,0.00,0,0,0.00,0.00,0.00,0,0,0.00,0.00,0,0
1508083246,s2-eth2,6402.00,226036.00,232438.00,226036,6402,91.00,90.00,181.00,90,91,0.00,0.00,0,0
1508083246,s2-eth1,233408.00,6402.00,239810.00,6402,233408,92.00,91.00,183.00,91,92,0.00,0.00,0,0
1508083246,lo,172.00,172.00,344.00,172,172,3.00,3.00,6.00,3,3,0.00,0.00,0,0
1508083246,s4,0.00,0.00,0.00,0,0,0.00,0.00,0.00,0,0,0.00,0.00,0,0
1508083246,total,239982.00,232610.00,472592.00,232610,239982,186.00,184.00,370.00,184,186,0.00,0.00,0,0
1508083247,s5,0.00,0.00,0.00,0,0,0.00,0.00,0.00,0,0,0.00,0.00,0,0
1508083247,eth0,304.00,490.00,794.00,490,304,4.00,4.00,8.00,4,4,0.00,0.00,0,0
1508083247,eth1,0.00,0.00,0.00,0,0,0.00,0.00,0.00,0,0,0.00,0.00,0,0
1508083247,s2,0.00,0.00,0.00,0,0,0.00,0.00,0.00,0,0,0.00,0.00,0,0
1508083247,s2-eth2,4780.00,128488.00,133268.00,128488,4780,62.00,60.00,122.00,60,62,0.00,0.00,0,0
1508083247,s2-eth1,130498.00,4218.00,134716.00,4218,130498,63.00,59.00,122.00,59,63,0.00,0.00,0,0
1508083247,lo,682.00,682.00,1364.00,682,682,8.00,8.00,16.00,8,8,0.00,0.00,0,0
1508083247,s4,0.00,0.00,0.00,0,0,0.00,0.00,0.00,0,0,0.00,0.00,0,0
1508083247,total,136264.00,133878.00,270142.00,133878,136264,137.00,131.00,268.00,131,137,0.00,0.00,0,0
1508083248,s5,0.00,0.00,0.00,0,0,0.00,0.00,0.00,0,0,0.00,0.00,0,0
1508083248,eth0,303.70,489.51,793.21,490,304,4.00,4.00,7.99,4,4,0.00,0.00,0,0
1508083248,eth1,0.00,0.00,0.00,0,0,0.00,0.00,0.00,0,0,0.00,0.00,0,0
1508083248,s2,0.00,0.00,0.00,0,0,0.00,0.00,0.00,0,0,0.00,0.00,0,0
1508083248,s2-eth2,2385.61,97648.35,100033.97,97746,2388,35.96,32.97,68.93,33,36,0.00,0.00,0,0
1508083248,s2-eth1,95667.34,2307.69,97975.03,2310,95763,38.96,34.97,73.93,35,39,0.00,0.00,0,0
1508083248,lo,681.32,681.32,1362.64,682,682,7.99,7.99,15.98,8,8,0.00,0.00,0,0
1508083248,s4,0.00,0.00,0.00,0,0,0.00,0.00,0.00,0,0,0.00,0.00,0,0
1508083248,total,99037.96,101126.88,200164.84,101228,99137,86.91,79.92,166.83,80,87,0.00,0.00,0,0
1508083249,s5,0.00,0.00,0.00,0,0,0.00,0.00,0.00,0,0,0.00,0.00,0,0
1508083249,eth0,152.00,245.00,397.00,245,152,2.00,2.00,4.00,2,2,0.00,0.00,0,0
1508083249,eth1,0.00,0.00,0.00,0,0,0.00,0.00,0.00,0,0,0.00,0.00,0,0
1508083249,s2,0.00,0.00,0.00,0,0,0.00,0.00,0.00,0,0,0.00,0.00,0,0
1508083249,s2-eth2,4023.00,78988.00,83011.00,78988,4023,42.00,34.00,76.00,34,42,0.00,0.00,0,0
1508083249,s2-eth1,78708.00,2244.00,80952.00,2244,78708,38.00,32.00,70.00,32,38,0.00,0.00,0,0
1508083249,lo,341.00,341.00,682.00,341,341,4.00,4.00,8.00,4,4,0.00,0.00,0,0
1508083249,s4,0.00,0.00,0.00,0,0,0.00,0.00,0.00,0,0,0.00,0.00,0,0
1508083249,total,83224.00,81818.00,165042.00,81818,83224,86.00,72.00,158.00,72,86,0.00,0.00,0,0
1508083250,s5,0.00,0.00,0.00,0,0,0.00,0.00,0.00,0,0,0.00,0.00,0,0
1508083250,eth0,152.00,245.00,397.00,245,152,2.00,2.00,4.00,2,2,0.00,0.00,0,0
1508083250,eth1,0.00,0.00,0.00,0,0,0.00,0.00,0.00,0,0,0.00,0.00,0,0
1508083250,s2,0.00,0.00,0.00,0,0,0.00,0.00,0.00,0,0,0.00,0.00,0,0
1508083250,s2-eth2,3009.00,94784.00,97793.00,94784,3009,35.00,32.00,67.00,32,35,0.00,0.00,0,0
1508083250,s2-eth1,92416.00,2046.00,94462.00,2046,92416,33.00,31.00,64.00,31,33,0.00,0.00,0,0
1508083250,lo,685.00,685.00,1370.00,685,685,10.00,10.00,20.00,10,10,0.00,0.00,0,0
1508083250,s4,0.00,0.00,0.00,0,0,0.00,0.00,0.00,0,0,0.00,0.00,0,0
1508083250,total,96262.00,97760.00,194022.00,97760,96262,80.00,75.00,155.00,75,80,0.00,0.00,0,0
1508083251,s5,0.00,0.00,0.00,0,0,0.00,0.00,0.00,0,0,0.00,0.00,0,0
1508083251,eth0,0.00,0.00,0.00,0,0,0.00,0.00,0.00,0,0,0.00,0.00,0,0
1508083251,eth1,0.00,0.00,0.00,0,0,0.00,0.00,0.00,0,0,0.00,0.00,0,0
1508083251,s2,0.00,0.00,0.00,0,0,0.00,0.00,0.00,0,0,0.00,0.00,0,0
1508083251,s2-eth2,2505.00,97746.00,100251.00,97746,2505,34.00,33.00,67.00,33,34,0.00,0.00,0,0
1508083251,s2-eth1,98195.00,2178.00,100373.00,2178,98195,35.00,33.00,68.00,33,35,0.00,0.00,0,0
1508083251,lo,172.00,172.00,344.00,172,172,3.00,3.00,6.00,3,3,0.00,0.00,0,0
1508083251,s4,0.00,0.00,0.00,0,0,0.00,0.00,0.00,0,0,0.00,0.00,0,0
1508083251,total,100872.00,100096.00,200968.00,100096,100872,72.00,69.00,141.00,69,72,0.00,0.00,0,0
1508083252,s5,0.00,0.00,0.00,0,0,0.00,0.00,0.00,0,0,0.00,0.00,0,0
1508083252,eth0,60.00,60.00,120.00,60,60,1.00,1.00,2.00,1,1,0.00,0.00,0,0
1508083252,eth1,0.00,0.00,0.00,0,0,0.00,0.00,0.00,0,0,0.00,0.00,0,0
1508083252,s2,0.00,0.00,0.00,0,0,0.00,0.00,0.00,0,0,0.00,0.00,0,0
1508083252,s2-eth2,2768.00,100906.00,103674.00,100906,2768,37.00,37.00,74.00,37,37,0.00,0.00,0,0
1508083252,s2-eth1,101504.00,2394.00,103898.00,2394,101504,39.00,35.00,74.00,35,39,0.00,0.00,0,0
1508083252,lo,0.00,0.00,0.00,0,0,0.00,0.00,0.00,0,0,0.00,0.00,0,0
1508083252,s4,0.00,0.00,0.00,0,0,0.00,0.00,0.00,0,0,0.00,0.00,0,0
1508083252,total,104332.00,103360.00,207692.00,103360,104332,77.00,73.00,150.00,73,77,0.00,0.00,0,0
1508083253,s5,0.00,0.00,0.00,0,0,0.00,0.00,0.00,0,0,0.00,0.00,0,0
1508083253,eth0,0.00,0.00,0.00,0,0,0.00,0.00,0.00,0,0,0.00,0.00,0,0
1508083253,eth1,0.00,0.00,0.00,0,0,0.00,0.00,0.00,0,0,0.00,0.00,0,0
1508083253,s2,0.00,0.00,0.00,0,0,0.00,0.00,0.00,0,0,0.00,0.00,0,0
1508083253,s2-eth2,2500.50,88903.10,91403.60,88992,2503,32.97,31.97,64.94,32,33,0.00,0.00,0,0
1508083253,s2-eth1,86009.99,2103.90,88113.89,2106,86096,31.97,30.97,62.94,31,32,0.00,0.00,0,0
1508083253,lo,0.00,0.00,0.00,0,0,0.00,0.00,0.00,0,0,0.00,0.00,0,0
1508083253,s4,0.00,0.00,0.00,0,0,0.00,0.00,0.00,0,0,0.00,0.00,0,0
1508083253,total,88510.49,91006.99,179517.48,91098,88599,64.94,62.94,127.87,63,65,0.00,0.00,0,0
1508083254,s5,0.00,0.00,0.00,0,0,0.00,0.00,0.00,0,0,0.00,0.00,0,0
1508083254,eth0,0.00,0.00,0.00,0,0,0.00,0.00,0.00,0,0,0.00,0.00,0,0
1508083254,eth1,0.00,0.00,0.00,0,0,0.00,0.00,0.00,0,0,0.00,0.00,0,0
1508083254,s2,0.00,0.00,0.00,0,0,0.00,0.00,0.00,0,0,0.00,0.00,0,0
1508083254,s2-eth2,2310.00,109594.00,111904.00,109594,2310,35.00,37.00,72.00,37,35,0.00,0.00,0,0
1508083254,s2-eth1,100708.00,2310.00,103018.00,2310,100708,34.00,35.00,69.00,35,34,0.00,0.00,0,0
1508083254,lo,0.00,0.00,0.00,0,0,0.00,0.00,0.00,0,0,0.00,0.00,0,0
1508083254,s4,0.00,0.00,0.00,0,0,0.00,0.00,0.00,0,0,0.00,0.00,0,0
1508083254,total,103018.00,111904.00,214922.00,111904,103018,69.00,72.00,141.00,72,69,0.00,0.00,0,0
1508083255,s5,0.00,0.00,0.00,0,0,0.00,0.00,0.00,0,0,0.00,0.00,0,0
1508083255,eth0,0.00,0.00,0.00,0,0,0.00,0.00,0.00,0,0,0.00,0.00,0,0
1508083255,eth1,0.00,0.00,0.00,0,0,0.00,0.00,0.00,0,0,0.00,0.00,0,0
1508083255,s2,0.00,0.00,0.00,0,0,0.00,0.00,0.00,0,0,0.00,0.00,0,0
1508083255,s2-eth2,2604.00,89058.00,91662.00,89058,2604,34.00,33.00,67.00,33,34,0.00,0.00,0,0
1508083255,s2-eth1,98393.00,2262.00,100655.00,2262,98393,38.00,33.00,71.00,33,38,0.00,0.00,0,0
1508083255,lo,344.00,344.00,688.00,344,344,6.00,6.00,12.00,6,6,0.00,0.00,0,0
1508083255,s4,0.00,0.00,0.00,0,0,0.00,0.00,0.00,0,0,0.00,0.00,0,0
1508083255,total,101341.00,91664.00,193005.00,91664,101341,78.00,72.00,150.00,72,78,0.00,0.00,0,0
1508083256,s5,0.00,0.00,0.00,0,0,0.00,0.00,0.00,0,0,0.00,0.00,0,0
1508083256,eth0,0.00,0.00,0.00,0,0,0.00,0.00,0.00,0,0,0.00,0.00,0,0
1508083256,eth1,0.00,0.00,0.00,0,0,0.00,0.00,0.00,0,0,0.00,0.00,0,0
1508083256,s2,0.00,0.00,0.00,0,0,0.00,0.00,0.00,0,0,0.00,0.00,0,0
1508083256,s2-eth2,2369.00,97944.00,100313.00,97944,2369,34.00,36.00,70.00,36,34,0.00,0.00,0,0
1508083256,s2-eth1,86166.00,2262.00,88428.00,2262,86166,33.00,33.00,66.00,33,33,0.00,0.00,0,0
1508083256,lo,172.00,172.00,344.00,172,172,3.00,3.00,6.00,3,3,0.00,0.00,0,0
1508083256,s4,0.00,0.00,0.00,0,0,0.00,0.00,0.00,0,0,0.00,0.00,0,0
1508083256,total,88707.00,100378.00,189085.00,100378,88707,70.00,72.00,142.00,72,70,0.00,0.00,0,0
1508083257,s5,0.00,0.00,0.00,0,0,0.00,0.00,0.00,0,0,0.00,0.00,0,0
1508083257,eth0,0.00,0.00,0.00,0,0,0.00,0.00,0.00,0,0,0.00,0.00,0,0
1508083257,eth1,0.00,0.00,0.00,0,0,0.00,0.00,0.00,0,0,0.00,0.00,0,0
1508083257,s2,0.00,0.00,0.00,0,0,0.00,0.00,0.00,0,0,0.00,0.00,0,0
1508083257,s2-eth2,2248.00,106632.00,108880.00,106632,2248,34.00,36.00,70.00,36,34,0.00,0.00,0,0
1508083257,s2-eth1,118480.00,2244.00,120724.00,2244,118480,40.00,34.00,74.00,34,40,0.00,0.00,0,0
1508083257,lo,0.00,0.00,0.00,0,0,0.00,0.00,0.00,0,0,0.00,0.00,0,0
1508083257,s4,0.00,0.00,0.00,0,0,0.00,0.00,0.00,0,0,0.00,0.00,0,0
1508083257,total,120728.00,108876.00,229604.00,108876,120728,74.00,70.00,144.00,70,74,0.00,0.00,0,0
1508083258,s5,0.00,0.00,0.00,0,0,0.00,0.00,0.00,0,0,0.00,0.00,0,0
1508083258,eth0,0.00,0.00,0.00,0,0,0.00,0.00,0.00,0,0,0.00,0.00,0,0
1508083258,eth1,0.00,0.00,0.00,0,0,0.00,0.00,0.00,0,0,0.00,0.00,0,0
1508083258,s2,0.00,0.00,0.00,0,0,0.00,0.00,0.00,0,0,0.00,0.00,0,0
1508083258,s2-eth2,2640.00,124404.00,127044.00,124404,2640,40.00,42.00,82.00,42,40,0.00,0.00,0,0
1508083258,s2-eth1,106632.00,2574.00,109206.00,2574,106632,36.00,39.00,75.00,39,36,0.00,0.00,0,0
1508083258,lo,0.00,0.00,0.00,0,0,0.00,0.00,0.00,0,0,0.00,0.00,0,0
1508083258,s4,0.00,0.00,0.00,0,0,0.00,0.00,0.00,0,0,0.00,0.00,0,0
1508083258,total,109272.00,126978.00,236250.00,126978,109272,76.00,81.00,157.00,81,76,0.00,0.00,0,0
1508083259,s5,0.00,0.00,0.00,0,0,0.00,0.00,0.00,0,0,0.00,0.00,0,0
1508083259,eth0,0.00,0.00,0.00,0,0,0.00,0.00,0.00,0,0,0.00,0.00,0,0
1508083259,eth1,0.00,0.00,0.00,0,0,0.00,0.00,0.00,0,0,0.00,0.00,0,0
1508083259,s2,0.00,0.00,0.00,0,0,0.00,0.00,0.00,0,0,0.00,0.00,0,0
1508083259,s2-eth2,2307.69,109484.52,111792.21,109594,2310,34.97,36.96,71.93,37,35,0.00,0.00,0,0
1508083259,s2-eth1,127238.77,2307.69,129546.46,2310,127366,42.96,34.97,77.92,35,43,0.00,0.00,0,0
1508083259,lo,0.00,0.00,0.00,0,0,0.00,0.00,0.00,0,0,0.00,0.00,0,0
1508083259,s4,0.00,0.00,0.00,0,0,0.00,0.00,0.00,0,0,0.00,0.00,0,0
1508083259,total,129546.46,111792.21,241338.67,111904,129676,77.92,71.93,149.85,72,78,0.00,0.00,0,0
1508083260,s5,0.00,0.00,0.00,0,0,0.00,0.00,0.00,0,0,0.00,0.00,0,0
1508083260,eth0,0.00,0.00,0.00,0,0,0.00,0.00,0.00,0,0,0.00,0.00,0,0
1508083260,eth1,0.00,0.00,0.00,0,0,0.00,0.00,0.00,0,0,0.00,0.00,0,0
1508083260,s2,0.00,0.00,0.00,0,0,0.00,0.00,0.00,0,0,0.00,0.00,0,0
1508083260,s2-eth2,3300.00,154024.00,157324.00,154024,3300,50.00,52.00,102.00,52,50,0.00,0.00,0,0
1508083260,s2-eth1,130328.00,3300.00,133628.00,3300,130328,44.00,50.00,94.00,50,44,0.00,0.00,0,0
1508083260,lo,344.00,344.00,688.00,344,344,6.00,6.00,12.00,6,6,0.00,0.00,0,0
1508083260,s4,0.00,0.00,0.00,0,0,0.00,0.00,0.00,0,0,0.00,0.00,0,0
1508083260,total,133972.00,157668.00,291640.00,157668,133972,100.00,108.00,208.00,108,100,0.00,0.00,0,0
1508083261,s5,0.00,0.00,0.00,0,0,0.00,0.00,0.00,0,0,0.00,0.00,0,0
1508083261,eth0,0.00,0.00,0.00,0,0,0.00,0.00,0.00,0,0,0.00,0.00,0,0
1508083261,eth1,0.00,0.00,0.00,0,0,0.00,0.00,0.00,0,0,0.00,0.00,0,0
1508083261,s2,0.00,0.00,0.00,0,0,0.00,0.00,0.00,0,0,0.00,0.00,0,0
1508083261,s2-eth2,4302.00,166400.00,170702.00,166400,4302,59.00,64.00,123.00,64,59,0.00,0.00,0,0
1508083261,s2-eth1,178590.00,3960.00,182550.00,3960,178590,69.00,58.00,127.00,58,69,0.00,0.00,0,0
1508083261,lo,172.00,172.00,344.00,172,172,3.00,3.00,6.00,3,3,0.00,0.00,0,0
1508083261,s4,0.00,0.00,0.00,0,0,0.00,0.00,0.00,0,0,0.00,0.00,0,0
1508083261,total,183064.00,170532.00,353596.00,170532,183064,131.00,125.00,256.00,125,131,0.00,0.00,0,0
1508083262,s5,0.00,0.00,0.00,0,0,0.00,0.00,0.00,0,0,0.00,0.00,0,0
1508083262,eth0,0.00,0.00,0.00,0,0,0.00,0.00,0.00,0,0,0.00,0.00,0,0
1508083262,eth1,0.00,0.00,0.00,0,0,0.00,0.00,0.00,0,0,0.00,0.00,0,0
1508083262,s2,0.00,0.00,0.00,0,0,0.00,0.00,0.00,0,0,0.00,0.00,0,0
1508083262,s2-eth2,3144.00,117092.00,120236.00,117092,3144,48.00,42.00,90.00,42,48,0.00,0.00,0,0
1508083262,s2-eth1,125978.00,3144.00,129122.00,3144,125978,45.00,48.00,93.00,48,45,0.00,0.00,0,0
1508083262,lo,0.00,0.00,0.00,0,0,0.00,0.00,0.00,0,0,0.00,0.00,0,0
1508083262,s4,0.00,0.00,0.00,0,0,0.00,0.00,0.00,0,0,0.00,0.00,0,0
1508083262,total,129122.00,120236.00,249358.00,120236,129122,93.00,90.00,183.00,90,93,0.00,0.00,0,0
1508083263,s5,0.00,0.00,0.00,0,0,0.00,0.00,0.00,0,0,0.00,0.00,0,0
1508083263,eth0,0.00,0.00,0.00,0,0,0.00,0.00,0.00,0,0,0.00,0.00,0,0
1508083263,eth1,0.00,0.00,0.00,0,0,0.00,0.00,0.00,0,0,0.00,0.00,0,0
1508083263,s2,0.00,0.00,0.00,0,0,0.00,0.00,0.00,0,0,0.00,0.00,0,0
1508083263,s2-eth2,0.00,0.00,0.00,0,0,0.00,0.00,0.00,0,0,0.00,0.00,0,0
1508083263,s2-eth1,0.00,0.00,0.00,0,0,0.00,0.00,0.00,0,0,0.00,0.00,0,0
1508083263,lo,0.00,0.00,0.00,0,0,0.00,0.00,0.00,0,0,0.00,0.00,0,0
1508083263,s4,0.00,0.00,0.00,0,0,0.00,0.00,0.00,0,0,0.00,0.00,0,0
1508083263,total,0.00,0.00,0.00,0,0,0.00,0.00,0.00,0,0,0.00,0.00,0,0
1508083264,s5,0.00,0.00,0.00,0,0,0.00,0.00,0.00,0,0,0.00,0.00,0,0
1508083264,eth0,0.00,0.00,0.00,0,0,0.00,0.00,0.00,0,0,0.00,0.00,0,0
1508083264,eth1,0.00,0.00,0.00,0,0,0.00,0.00,0.00,0,0,0.00,0.00,0,0
1508083264,s2,0.00,0.00,0.00,0,0,0.00,0.00,0.00,0,0,0.00,0.00,0,0
1508083264,s2-eth2,107.00,0.00,107.00,0,107,1.00,0.00,1.00,0,1,0.00,0.00,0,0
1508083264,s2-eth1,0.00,0.00,0.00,0,0,0.00,0.00,0.00,0,0,0.00,0.00,0,0
1508083264,lo,0.00,0.00,0.00,0,0,0.00,0.00,0.00,0,0,0.00,0.00,0,0
1508083264,s4,0.00,0.00,0.00,0,0,0.00,0.00,0.00,0,0,0.00,0.00,0,0
1508083264,total,107.00,0.00,107.00,0,107,1.00,0.00,1.00,0,1,