1508087338,s1,0.00,0.00,0.00,0,0,0.00,0.00,0.00,0,0,0.00,0.00,0,0
1508087338,eth0,0.00,0.00,0.00,0,0,0.00,0.00,0.00,0,0,0.00,0.00,0,0
1508087338,eth1,0.00,0.00,0.00,0,0,0.00,0.00,0.00,0,0,0.00,0.00,0,0
1508087338,s2,0.00,0.00,0.00,0,0,0.00,0.00,0.00,0,0,0.00,0.00,0,0
1508087338,s1-eth2,0.00,0.00,0.00,0,0,0.00,0.00,0.00,0,0,0.00,0.00,0,0
1508087338,s1-eth1,0.00,0.00,0.00,0,0,0.00,0.00,0.00,0,0,0.00,0.00,0,0
1508087338,s2-eth2,0.00,0.00,0.00,0,0,0.00,0.00,0.00,0,0,0.00,0.00,0,0
1508087338,s2-eth1,0.00,0.00,0.00,0,0,0.00,0.00,0.00,0,0,0.00,0.00,0,0
1508087338,lo,0.00,0.00,0.00,0,0,0.00,0.00,0.00,0,0,0.00,0.00,0,0
1508087338,total,0.00,0.00,0.00,0,0,0.00,0.00,0.00,0,0,0.00,0.00,0,0
1508087339,s1,160.00,340.00,500.00,340,160,2.00,4.00,6.00,4,2,0.00,0.00,0,0
1508087339,eth0,0.00,0.00,0.00,0,0,0.00,0.00,0.00,0,0,0.00,0.00,0,0
1508087339,eth1,0.00,0.00,0.00,0,0,0.00,0.00,0.00,0,0,0.00,0.00,0,0
1508087339,s2,250.00,250.00,500.00,250,250,3.00,3.00,6.00,3,3,0.00,0.00,0,0
1508087339,s1-eth2,2263.00,90.00,2353.00,90,2263,13.00,1.00,14.00,1,13,0.00,0.00,0,0
1508087339,s1-eth1,1684.00,250.00,1934.00,250,1684,12.00,3.00,15.00,3,12,0.00,0.00,0,0
1508087339,s2-eth2,2266.00,90.00,2356.00,90,2266,13.00,1.00,14.00,1,13,0.00,0.00,0,0
1508087339,s2-eth1,1684.00,160.00,1844.00,160,1684,12.00,2.00,14.00,2,12,0.00,0.00,0,0
1508087339,lo,3376.00,3376.00,6752.00,3376,3376,36.00,36.00,72.00,36,36,0.00,0.00,0,0
1508087339,total,11683.00,4556.00,16239.00,4556,11683,91.00,50.00,141.00,50,91,0.00,0.00,0,0
1508087340,s1,90.00,0.00,90.00,0,90,1.00,0.00,1.00,0,1,0.00,0.00,0,0
1508087340,eth0,0.00,0.00,0.00,0,0,0.00,0.00,0.00,0,0,0.00,0.00,0,0
1508087340,eth1,0.00,0.00,0.00,0,0,0.00,0.00,0.00,0,0,0.00,0.00,0,0
1508087340,s2,0.00,90.00,90.00,90,0,0.00,1.00,1.00,1,0,0.00,0.00,0,0
1508087340,s1-eth2,684.00,0.00,684.00,0,684,3.00,0.00,3.00,0,3,0.00,0.00,0,0
1508087340,s1-eth1,1478.00,0.00,1478.00,0,1478,6.00,0.00,6.00,0,6,0.00,0.00,0,0
1508087340,s2-eth2,699.00,0.00,699.00,0,699,3.00,0.00,3.00,0,3,0.00,0.00,0,0
1508087340,s2-eth1,1478.00,90.00,1568.00,90,1478,6.00,1.00,7.00,1,6,0.00,0.00,0,0
1508087340,lo,576.00,576.00,1152.00,576,576,6.00,6.00,12.00,6,6,0.00,0.00,0,0
1508087340,total,5005.00,756.00,5761.00,756,5005,25.00,8.00,33.00,8,25,0.00,0.00,0,0
1508087341,s1,0.00,0.00,0.00,0,0,0.00,0.00,0.00,0,0,0.00,0.00,0,0
1508087341,eth0,0.00,0.00,0.00,0,0,0.00,0.00,0.00,0,0,0.00,0.00,0,0
1508087341,eth1,0.00,0.00,0.00,0,0,0.00,0.00,0.00,0,0,0.00,0.00,0,0
1508087341,s2,0.00,0.00,0.00,0,0,0.00,0.00,0.00,0,0,0.00,0.00,0,0
1508087341,s1-eth2,106.89,0.00,106.89,0,107,1.00,0.00,1.00,0,1,0.00,0.00,0,0
1508087341,s1-eth1,326.67,0.00,326.67,0,327,1.00,0.00,1.00,0,1,0.00,0.00,0,0
1508087341,s2-eth2,433.57,0.00,433.57,0,434,2.00,0.00,2.00,0,2,0.00,0.00,0,0
1508087341,s2-eth1,326.67,0.00,326.67,0,327,1.00,0.00,1.00,0,1,0.00,0.00,0,0
1508087341,lo,0.00,0.00,0.00,0,0,0.00,0.00,0.00,0,0,0.00,0.00,0,0
1508087341,total,1193.81,0.00,1193.81,0,1195,5.00,0.00,5.00,0,5,0.00,0.00,0,0
1508087342,s1,0.00,70.00,70.00,70,0,0.00,1.00,1.00,1,0,0.00,0.00,0,0
1508087342,eth0,60.00,60.00,120.00,60,60,1.00,1.00,2.00,1,1,0.00,0.00,0,0
1508087342,eth1,0.00,0.00,0.00,0,0,0.00,0.00,0.00,0,0,0.00,0.00,0,0
1508087342,s2,0.00,70.00,70.00,70,0,0.00,1.00,1.00,1,0,0.00,0.00,0,0
1508087342,s1-eth2,379.00,112.00,491.00,112,379,3.00,2.00,5.00,2,3,0.00,0.00,0,0
1508087342,s1-eth1,219.00,42.00,261.00,42,219,3.00,1.00,4.00,1,3,0.00,0.00,0,0
1508087342,s2-eth2,337.00,70.00,407.00,70,337,2.00,1.00,3.00,1,2,0.00,0.00,0,0
1508087342,s2-eth1,177.00,0.00,177.00,0,177,2.00,0.00,2.00,0,2,0.00,0.00,0,0
1508087342,lo,1076.00,1076.00,2152.00,1076,1076,11.00,11.00,22.00,11,11,0.00,0.00,0,0
1508087342,total,2248.00,1500.00,3748.00,1500,2248,22.00,18.00,40.00,18,22,0.00,0.00,0,0
1508087343,s1,70.00,70.00,140.00,70,70,1.00,1.00,2.00,1,1,0.00,0.00,0,0
1508087343,eth0,304.00,490.00,794.00,490,304,4.00,4.00,8.00,4,4,0.00,0.00,0,0
1508087343,eth1,0.00,0.00,0.00,0,0,0.00,0.00,0.00,0,0,0.00,0.00,0,0
1508087343,s2,70.00,70.00,140.00,70,70,1.00,1.00,2.00,1,1,0.00,0.00,0,0
1508087343,s1-eth2,467.00,0.00,467.00,0,467,3.00,0.00,3.00,0,3,0.00,0.00,0,0
1508087343,s1-eth1,734.00,70.00,804.00,70,734,4.00,1.00,5.00,1,4,0.00,0.00,0,0
1508087343,s2-eth2,467.00,0.00,467.00,0,467,3.00,0.00,3.00,0,3,0.00,0.00,0,0
1508087343,s2-eth1,734.00,70.00,804.00,70,734,4.00,1.00,5.00,1,4,0.00,0.00,0,0
1508087343,lo,1806.00,1806.00,3612.00,1806,1806,21.00,21.00,42.00,21,21,0.00,0.00,0,0
1508087343,total,4652.00,2576.00,7228.00,2576,4652,41.00,29.00,70.00,29,41,0.00,0.00,0,0
1508087344,s1,0.00,0.00,0.00,0,0,0.00,0.00,0.00,0,0,0.00,0.00,0,0
1508087344,eth0,0.00,0.00,0.00,0,0,0.00,0.00,0.00,0,0,0.00,0.00,0,0
1508087344,eth1,0.00,0.00,0.00,0,0,0.00,0.00,0.00,0,0,0.00,0.00,0,0
1508087344,s2,0.00,0.00,0.00,0,0,0.00,0.00,0.00,0,0,0.00,0.00,0,0
1508087344,s1-eth2,0.00,0.00,0.00,0,0,0.00,0.00,0.00,0,0,0.00,0.00,0,0
1508087344,s1-eth1,0.00,0.00,0.00,0,0,0.00,0.00,0.00,0,0,0.00,0.00,0,0
1508087344,s2-eth2,342.00,0.00,342.00,0,342,1.00,0.00,1.00,0,1,0.00,0.00,0,0
1508087344,s2-eth1,342.00,0.00,342.00,0,342,1.00,0.00,1.00,0,1,0.00,0.00,0,0
1508087344,lo,0.00,0.00,0.00,0,0,0.00,0.00,0.00,0,0,0.00,0.00,0,0
1508087344,total,684.00,0.00,684.00,0,684,2.00,0.00,2.00,0,2,0.00,0.00,0,0
1508087345,s1,0.00,0.00,0.00,0,0,0.00,0.00,0.00,0,0,0.00,0.00,0,0
1508087345,eth0,0.00,0.00,0.00,0,0,0.00,0.00,0.00,0,0,0.00,0.00,0,0
1508087345,eth1,0.00,0.00,0.00,0,0,0.00,0.00,0.00,0,0,0.00,0.00,0,0
1508087345,s2,0.00,0.00,0.00,0,0,0.00,0.00,0.00,0,0,0.00,0.00,0,0
1508087345,s1-eth2,107.00,0.00,107.00,0,107,1.00,0.00,1.00,0,1,0.00,0.00,0,0
1508087345,s1-eth1,0.00,0.00,0.00,0,0,0.00,0.00,0.00,0,0,0.00,0.00,0,0
1508087345,s2-eth2,107.00,0.00,107.00,0,107,1.00,0.00,1.00,0,1,0.00,0.00,0,0
1508087345,s2-eth1,0.00,0.00,0.00,0,0,0.00,0.00,0.00,0,0,0.00,0.00,0,0
1508087345,lo,0.00,0.00,0.00,0,0,0.00,0.00,0.00,0,0,0.00,0.00,0,0
1508087345,total,214.00,0.00,214.00,0,214,2.00,0.00,2.00,0,2,0.00,0.00,0,0
1508087346,s1,0.00,70.00,70.00,70,0,0.00,1.00,1.00,1,0,0.00,0.00,0,0
1508087346,eth0,0.00,0.00,0.00,0,0,0.00,0.00,0.00,0,0,0.00,0.00,0,0
1508087346,eth1,0.00,0.00,0.00,0,0,0.00,0.00,0.00,0,0,0.00,0.00,0,0
1508087346,s2,0.00,70.00,70.00,70,0,0.00,1.00,1.00,1,0,0.00,0.00,0,0
1508087346,s1-eth2,412.00,70.00,482.00,70,412,2.00,1.00,3.00,1,2,0.00,0.00,0,0
1508087346,s1-eth1,177.00,0.00,177.00,0,177,2.00,0.00,2.00,0,2,0.00,0.00,0,0
1508087346,s2-eth2,70.00,70.00,140.00,70,70,1.00,1.00,2.00,1,1,0.00,0.00,0,0
1508087346,s2-eth1,177.00,0.00,177.00,0,177,2.00,0.00,2.00,0,2,0.00,0.00,0,0
1508087346,lo,536.00,536.00,1072.00,536,536,6.00,6.00,12.00,6,6,0.00,0.00,0,0
1508087346,total,1372.00,816.00,2188.00,816,1372,13.00,10.00,23.00,10,13,0.00,0.00,0,0
1508087347,s1,70.00,70.00,140.00,70,70,1.00,1.00,2.00,1,1,0.00,0.00,0,0
1508087347,eth0,0.00,0.00,0.00,0,0,0.00,0.00,0.00,0,0,0.00,0.00,0,0
1508087347,eth1,0.00,0.00,0.00,0,0,0.00,0.00,0.00,0,0,0.00,0.00,0,0
1508087347,s2,70.00,70.00,140.00,70,70,1.00,1.00,2.00,1,1,0.00,0.00,0,0
1508087347,s1-eth2,140.00,0.00,140.00,0,140,2.00,0.00,2.00,0,2,0.00,0.00,0,0
1508087347,s1-eth1,482.00,70.00,552.00,70,482,3.00,1.00,4.00,1,3,0.00,0.00,0,0
1508087347,s2-eth2,140.00,0.00,140.00,0,140,2.00,0.00,2.00,0,2,0.00,0.00,0,0
1508087347,s2-eth1,140.00,70.00,210.00,70,140,2.00,1.00,3.00,1,2,0.00,0.00,0,0
1508087347,lo,1072.00,1072.00,2144.00,1072,1072,12.00,12.00,24.00,12,12,0.00,0.00,0,0
1508087347,total,2114.00,1352.00,3466.00,1352,2114,23.00,16.00,39.00,16,23,0.00,0.00,0,0
1508087348,s1,0.00,0.00,0.00,0,0,0.00,0.00,0.00,0,0,0.00,0.00,0,0
1508087348,eth0,0.00,0.00,0.00,0,0,0.00,0.00,0.00,0,0,0.00,0.00,0,0
1508087348,eth1,0.00,0.00,0.00,0,0,0.00,0.00,0.00,0,0,0.00,0.00,0,0
1508087348,s2,0.00,0.00,0.00,0,0,0.00,0.00,0.00,0,0,0.00,0.00,0,0
1508087348,s1-eth2,0.00,0.00,0.00,0,0,0.00,0.00,0.00,0,0,0.00,0.00,0,0
1508087348,s1-eth1,0.00,0.00,0.00,0,0,0.00,0.00,0.00,0,0,0.00,0.00,0,0
1508087348,s2-eth2,0.00,0.00,0.00,0,0,0.00,0.00,0.00,0,0,0.00,0.00,0,0
1508087348,s2-eth1,0.00,0.00,0.00,0,0,0.00,0.00,0.00,0,0,0.00,0.00,0,0
1508087348,lo,0.00,0.00,0.00,0,0,0.00,0.00,0.00,0,0,0.00,0.00,0,0
1508087348,total,0.00,0.00,0.00,0,0,0.00,0.00,0.00,0,0,0.00,0.00,0,0
1508087349,s1,0.00,0.00,0.00,0,0,0.00,0.00,0.00,0,0,0.00,0.00,0,0
1508087349,eth0,0.00,0.00,0.00,0,0,0.00,0.00,0.00,0,0,0.00,0.00,0,0
1508087349,eth1,0.00,0.00,0.00,0,0,0.00,0.00,0.00,0,0,0.00,0.00,0,0
1508087349,s2,0.00,0.00,0.00,0,0,0.00,0.00,0.00,0,0,0.00,0.00,0,0
1508087349,s1-eth2,0.00,0.00,0.00,0,0,0.00,0.00,0.00,0,0,0.00,0.00,0,0
1508087349,s1-eth1,0.00,0.00,0.00,0,0,0.00,0.00,0.00,0,0,0.00,0.00,0,0
1508087349,s2-eth2,0.00,0.00,0.00,0,0,0.00,0.00,0.00,0,0,0.00,0.00,0,0
1508087349,s2-eth1,0.00,0.00,0.00,0,0,0.00,0.00,0.00,0,0,0.00,0.00,0,0
1508087349,lo,0.00,0.00,0.00,0,0,0.00,0.00,0.00,0,0,0.00,0.00,0,0
1508087349,total,0.00,0.00,0.00,0,0,0.00,0.00,0.00,0,0,0.00,0.00,0,0
1508087350,s1,0.00,0.00,0.00,0,0,0.00,0.00,0.00,0,0,0.00,0.00,0,0
1508087350,eth0,0.00,0.00,0.00,0,0,0.00,0.00,0.00,0,0,0.00,0.00,0,0
1508087350,eth1,0.00,0.00,0.00,0,0,0.00,0.00,0.00,0,0,0.00,0.00,0,0
1508087350,s2,0.00,0.00,0.00,0,0,0.00,0.00,0.00,0,0,0.00,0.00,0,0
1508087350,s1-eth2,0.00,0.00,0.00,0,0,0.00,0.00,0.00,0,0,0.00,0.00,0,0
1508087350,s1-eth1,0.00,0.00,0.00,0,0,0.00,0.00,0.00,0,0,0.00,0.00,0,0
1508087350,s2-eth2,0.00,0.00,0.00,0,0,0.00,0.00,0.00,0,0,0.00,0.00,0,0
1508087350,s2-eth1,0.00,0.00,0.00,0,0,0.00,0.00,0.00,0,0,0.00,0.00,0,0
1508087350,lo,0.00,0.00,0.00,0,0,0.00,0.00,0.00,0,0,0.00,0.00,0,0
1508087350,total,0.00,0.00,0.00,0,0,0.00,0.00,0.00,0,0,0.00,0.00,0,0
1508087351,s1,0.00,0.00,0.00,0,0,0.00,0.00,0.00,0,0,0.00,0.00,0,0
1508087351,eth0,0.00,0.00,0.00,0,0,0.00,0.00,0.00,0,0,0.00,0.00,0,0
1508087351,eth1,0.00,0.00,0.00,0,0,0.00,0.00,0.00,0,0,0.00,0.00,0,0
1508087351,s2,0.00,0.00,0.00,0,0,0.00,0.00,0.00,0,0,0.00,0.00,0,0
1508087351,s1-eth2,0.00,0.00,0.00,0,0,0.00,0.00,0.00,0,0,0.00,0.00,0,0
1508087351,s1-eth1,0.00,0.00,0.00,0,0,0.00,0.00,0.00,0,0,0.00,0.00,0,0
1508087351,s2-eth2,341.66,0.00,341.66,0,342,1.00,0.00,1.00,0,1,0.00,0.00,0,0
1508087351,s2-eth1,0.00,0.00,0.00,0,0,0.00,0.00,0.00,0,0,0.00,0.00,0,0
1508087351,lo,343.66,343.66,687.31,344,344,5.99,5.99,11.99,6,6,0.00,0.00,0,0
1508087351,total,685.31,343.66,1028.97,344,686,6.99,5.99,12.99,6,7,0.00,0.00,0,0
1508087352,s1,0.00,0.00,0.00,0,0,0.00,0.00,0.00,0,0,0.00,0.00,0,0
1508087352,eth0,0.00,0.00,0.00,0,0,0.00,0.00,0.00,0,0,0.00,0.00,0,0
1508087352,eth1,0.00,0.00,0.00,0,0,0.00,0.00,0.00,0,0,0.00,0.00,0,0
1508087352,s2,0.00,0.00,0.00,0,0,0.00,0.00,0.00,0,0,0.00,0.00,0,0
1508087352,s1-eth2,0.00,0.00,0.00,0,0,0.00,0.00,0.00,0,0,0.00,0.00,0,0
1508087352,s1-eth1,0.00,0.00,0.00,0,0,0.00,0.00,0.00,0,0,0.00,0.00,0,0
1508087352,s2-eth2,0.00,0.00,0.00,0,0,0.00,0.00,0.00,0,0,0.00,0.00,0,0
1508087352,s2-eth1,0.00,0.00,0.00,0,0,0.00,0.00,0.00,0,0,0.00,0.00,0,0
1508087352,lo,0.00,0.00,0.00,0,0,0.00,0.00,0.00,0,0,0.00,0.00,0,0
1508087352,total,0.00,0.00,0.00,0,0,0.00,0.00,0.00,0,0,0.00,0.00,0,0
1508087353,s1,0.00,0.00,0.00,0,0,0.00,0.00,0.00,0,0,0.00,0.00,0,0
1508087353,eth0,0.00,0.00,0.00,0,0,0.00,0.00,0.00,0,0,0.00,0.00,0,0
1508087353,eth1,0.00,0.00,0.00,0,0,0.00,0.00,0.00,0,0,0.00,0.00,0,0
1508087353,s2,0.00,0.00,0.00,0,0,0.00,0.00,0.00,0,0,0.00,0.00,0,0
1508087353,s1-eth2,106.89,0.00,106.89,0,107,1.00,0.00,1.00,0,1,0.00,0.00,0,0
1508087353,s1-eth1,0.00,0.00,0.00,0,0,0.00,0.00,0.00,0,0,0.00,0.00,0,0
1508087353,s2-eth2,106.89,0.00,106.89,0,107,1.00,0.00,1.00,0,1,0.00,0.00,0,0
1508087353,s2-eth1,341.66,0.00,341.66,0,342,1.00,0.00,1.00,0,1,0.00,0.00,0,0
1508087353,lo,0.00,0.00,0.00,0,0,0.00,0.00,0.00,0,0,0.00,0.00,0,0
1508087353,total,555.44,0.00,555.44,0,556,3.00,0.00,3.00,0,3,0.00,0.00,0,0
1508087354,s1,0.00,0.00,0.00,0,0,0.00,0.00,0.00,0,0,0.00,0.00,0,0
1508087354,eth0,0.00,0.00,0.00,0,0,0.00,0.00,0.00,0,0,0.00,0.00,0,0
1508087354,eth1,0.00,0.00,0.00,0,0,0.00,0.00,0.00,0,0,0.00,0.00,0,0
1508087354,s2,0.00,0.00,0.00,0,0,0.00,0.00,0.00,0,0,0.00,0.00,0,0
1508087354,s1-eth2,0.00,0.00,0.00,0,0,0.00,0.00,0.00,0,0,0.00,0.00,0,0
1508087354,s1-eth1,107.00,0.00,107.00,0,107,1.00,0.00,1.00,0,1,0.00,0.00,0,0
1508087354,s2-eth2,0.00,0.00,0.00,0,0,0.00,0.00,0.00,0,0,0.00,0.00,0,0
1508087354,s2-eth1,107.00,0.00,107.00,0,107,1.00,0.00,1.00,0,1,0.00,0.00,0,0
1508087354,lo,0.00,0.00,0.00,0,0,0.00,0.00,0.00,0,0,0.00,0.00,0,0
1508087354,total,214.00,0.00,214.00,0,214,2.00,0.00,2.00,0,2,0.00,0.00,0,0
1508087355,s1,0.00,0.00,0.00,0,0,0.00,0.00,0.00,0,0,0.00,0.00,0,0
1508087355,eth0,0.00,0.00,0.00,0,0,0.00,0.00,0.00,0,0,0.00,0.00,0,0
1508087355,eth1,0.00,0.00,0.00,0,0,0.00,0.00,0.00,0,0,0.00,0.00,0,0
1508087355,s2,0.00,0.00,0.00,0,0,0.00,0.00,0.00,0,0,0.00,0.00,0,0
1508087355,s1-eth2,342.00,0.00,342.00,0,342,1.00,0.00,1.00,0,1,0.00,0.00,0,0
1508087355,s1-eth1,0.00,0.00,0.00,0,0,0.00,0.00,0.00,0,0,0.00,0.00,0,0
1508087355,s2-eth2,0.00,0.00,0.00,0,0,0.00,0.00,0.00,0,0,0.00,0.00,0,0
1508087355,s2-eth1,0.00,0.00,0.00,0,0,0.00,0.00,0.00,0,0,0.00,0.00,0,0
1508087355,lo,0.00,0.00,0.00,0,0,0.00,0.00,0.00,0,0,0.00,0.00,0,0
1508087355,total,342.00,0.00,342.00,0,342,1.00,0.00,1.00,0,1,0.00,0.00,0,0
1508087356,s1,0.00,0.00,0.00,0,0,0.00,0.00,0.00,0,0,0.00,0.00,0,0
1508087356,eth0,0.00,0.00,0.00,0,0,0.00,0.00,0.00,0,0,0.00,0.00,0,0
1508087356,eth1,0.00,0.00,0.00,0,0,0.00,0.00,0.00,0,0,0.00,0.00,0,0
1508087356,s2,0.00,0.00,0.00,0,0,0.00,0.00,0.00,0,0,0.00,0.00,0,0
1508087356,s1-eth2,0.00,0.00,0.00,0,0,0.00,0.00,0.00,0,0,0.00,0.00,0,0
1508087356,s1-eth1,0.00,0.00,0.00,0,0,0.00,0.00,0.00,0,0,0.00,0.00,0,0
1508087356,s2-eth2,0.00,0.00,0.00,0,0,0.00,0.00,0.00,0,0,0.00,0.00,0,0
1508087356,s2-eth1,0.00,0.00,0.00,0,0,0.00,0.00,0.00,0,0,0.00,0.00,0,0
1508087356,lo,344.00,344.00,688.00,344,344,6.00,6.00,12.00,6,6,0.00,0.00,0,0
1508087356,total,344.00,344.00,688.00,344,344,6.00,6.00,12.00,6,6,0.00,0.00,0,0
1508087357,s1,0.00,0.00,0.00,0,0,0.00,0.00,0.00,0,0,0.00,0.00,0,0
1508087357,eth0,0.00,0.00,0.00,0,0,0.00,0.00,0.00,0,0,0.00,0.00,0,0
1508087357,eth1,0.00,0.00,0.00,0,0,0.00,0.00,0.00,0,0,0.00,0.00,0,0
1508087357,s2,0.00,0.00,0.00,0,0,0.00,0.00,0.00,0,0,0.00,0.00,0,0
1508087357,s1-eth2,0.00,0.00,0.00,0,0,0.00,0.00,0.00,0,0,0.00,0.00,0,0
1508087357,s1-eth1,0.00,0.00,0.00,0,0,0.00,0.00,0.00,0,0,0.00,0.00,0,0
1508087357,s2-eth2,0.00,0.00,0.00,0,0,0.00,0.00,0.00,0,0,0.00,0.00,0,0
1508087357,s2-eth1,0.00,0.00,0.00,0,0,0.00,0.00,0.00,0,0,0.00,0.00,0,0
1508087357,lo,0.00,0.00,0.00,0,0,0.00,0.00,0.00,0,0,0.00,0.00,0,0
1508087357,total,0.00,0.00,0.00,0,0,0.00,0.00,0.00,0,0,0.00,0.00,0,0
1508087358,s1,0.00,42.00,42.00,42,0,0.00,1.00,1.00,1,0,0.00,0.00,0,0
1508087358,eth0,0.00,0.00,0.00,0,0,0.00,0.00,0.00,0,0,0.00,0.00,0,0
1508087358,eth1,0.00,0.00,0.00,0,0,0.00,0.00,0.00,0,0,0.00,0.00,0,0
1508087358,s2,0.00,84.00,84.00,84,0,0.00,2.00,2.00,2,0,0.00,0.00,0,0
1508087358,s1-eth2,11854.00,267374.00,279228.00,267374,11854,147.00,187.00,334.00,187,147,0.00,0.00,0,0
1508087358,s1-eth1,231380.00,11854.00,243234.00,11854,231380,164.00,147.00,311.00,147,164,0.00,0.00,0,0
1508087358,s2-eth2,2352.00,106240.00,108592.00,106240,2352,32.00,74.00,106.00,74,32,0.00,0.00,0,0
1508087358,s2-eth1,63806.00,2352.00,66158.00,2352,63806,45.00,32.00,77.00,32,45,0.00,0.00,0,0
1508087358,lo,4684.00,4684.00,9368.00,4684,4684,41.00,41.00,82.00,41,41,0.00,0.00,0,0
1508087358,total,314076.00,392630.00,706706.00,392630,314076,429.00,484.00,913.00,484,429,0.00,0.00,0,0
1508087359,s1,0.00,42.00,42.00,42,0,0.00,1.00,1.00,1,0,0.00,0.00,0,0
1508087359,eth0,0.00,0.00,0.00,0,0,0.00,0.00,0.00,0,0,0.00,0.00,0,0
1508087359,eth1,0.00,0.00,0.00,0,0,0.00,0.00,0.00,0,0,0.00,0.00,0,0
1508087359,s2,0.00,42.00,42.00,42,0,0.00,1.00,1.00,1,0,0.00,0.00,0,0
1508087359,s1-eth2,12928.00,243796.00,256724.00,243796,12928,162.00,162.00,324.00,162,162,0.00,0.00,0,0
1508087359,s1-eth1,249852.00,12928.00,262780.00,12928,249852,166.00,162.00,328.00,162,166,0.00,0.00,0,0
1508087359,s2-eth2,12766.00,224114.00,236880.00,224114,12766,157.00,149.00,306.00,149,157,0.00,0.00,0,0
1508087359,s2-eth1,246824.00,12766.00,259590.00,12766,246824,164.00,157.00,321.00,157,164,0.00,0.00,0,0
1508087359,lo,480.00,480.00,960.00,480,480,6.00,6.00,12.00,6,6,0.00,0.00,0,0
1508087359,total,522850.00,494168.00,1017018.00,494168,522850,655.00,638.00,1293.00,638,655,0.00,0.00,0,0
1508087360,s1,0.00,42.00,42.00,42,0,0.00,1.00,1.00,1,0,0.00,0.00,0,0
1508087360,eth0,0.00,0.00,0.00,0,0,0.00,0.00,0.00,0,0,0.00,0.00,0,0
1508087360,eth1,0.00,0.00,0.00,0,0,0.00,0.00,0.00,0,0,0.00,0.00,0,0
1508087360,s2,0.00,42.00,42.00,42,0,0.00,1.00,1.00,1,0,0.00,0.00,0,0
1508087360,s1-eth2,12250.00,251366.00,263616.00,251366,12250,161.00,167.00,328.00,167,161,0.00,0.00,0,0
1508087360,s1-eth1,249852.00,12250.00,262102.00,12250,249852,166.00,161.00,327.00,161,166,0.00,0.00,0,0
1508087360,s2-eth2,9360.00,216544.00,225904.00,216544,9360,118.00,144.00,262.00,144,118,0.00,0.00,0,0
1508087360,s2-eth1,216544.00,9360.00,225904.00,9360,216544,144.00,118.00,262.00,118,144,0.00,0.00,0,0
1508087360,lo,480.00,480.00,960.00,480,480,6.00,6.00,12.00,6,6,0.00,0.00,0,0
1508087360,total,488486.00,490084.00,978570.00,490084,488486,595.00,598.00,1193.00,598,595,0.00,0.00,0,0
1508087361,s1,0.00,41.96,41.96,42,0,0.00,1.00,1.00,1,0,0.00,0.00,0,0
1508087361,eth0,0.00,0.00,0.00,0,0,0.00,0.00,0.00,0,0,0.00,0.00,0,0
1508087361,eth1,0.00,0.00,0.00,0,0,0.00,0.00,0.00,0,0,0.00,0.00,0,0
1508087361,s2,0.00,41.96,41.96,42,0,0.00,1.00,1.00,1,0,0.00,0.00,0,0
1508087361,s1-eth2,12381.62,249602.41,261984.02,249852,12394,160.84,165.83,326.67,166,161,0.00,0.00,0,0
1508087361,s1-eth1,251114.89,12467.53,263582.44,12480,251366,166.83,161.84,328.67,162,167,0.00,0.00,0,0
1508087361,s2-eth2,6433.57,140703.30,147136.86,140844,6440,81.92,93.91,175.82,94,82,0.00,0.00,0,0
1508087361,s2-eth1,136507.50,6433.57,142941.06,6440,136644,91.91,81.92,173.83,82,92,0.00,0.00,0,0
1508087361,lo,479.52,479.52,959.04,480,480,5.99,5.99,11.99,6,6,0.00,0.00,0,0
1508087361,total,406917.09,409770.25,816687.31,410180,407324,507.49,511.49,1018.98,512,508,0.00,0.00,0,0
1508087362,s1,0.00,42.00,42.00,42,0,0.00,1.00,1.00,1,0,0.00,0.00,0,0
1508087362,eth0,0.00,0.00,0.00,0,0,0.00,0.00,0.00,0,0,0.00,0.00,0,0
1508087362,eth1,0.00,0.00,0.00,0,0,0.00,0.00,0.00,0,0,0.00,0.00,0,0
1508087362,s2,0.00,42.00,42.00,42,0,0.00,1.00,1.00,1,0,0.00,0.00,0,0
1508087362,s1-eth2,12474.00,263478.00,275952.00,263478,12474,161.00,175.00,336.00,175,161,0.00,0.00,0,0
1508087362,s1-eth1,249852.00,12388.00,262240.00,12388,249852,166.00,160.00,326.00,160,166,0.00,0.00,0,0
1508087362,s2-eth2,4796.00,155984.00,160780.00,155984,4796,64.00,104.00,168.00,104,64,0.00,0.00,0,0
1508087362,s2-eth1,157498.00,4796.00,162294.00,4796,157498,105.00,64.00,169.00,64,105,0.00,0.00,0,0
1508087362,lo,480.00,480.00,960.00,480,480,6.00,6.00,12.00,6,6,0.00,0.00,0,0
1508087362,total,425100.00,437210.00,862310.00,437210,425100,502.00,511.00,1013.00,511,502,0.00,0.00,0,0
1508087363,s1,0.00,42.00,42.00,42,0,0.00,1.00,1.00,1,0,0.00,0.00,0,0
1508087363,eth0,0.00,0.00,0.00,0,0,0.00,0.00,0.00,0,0,0.00,0.00,0,0
1508087363,eth1,0.00,0.00,0.00,0,0,0.00,0.00,0.00,0,0,0.00,0.00,0,0
1508087363,s2,0.00,42.00,42.00,42,0,0.00,1.00,1.00,1,0,0.00,0.00,0,0
1508087363,s1-eth2,12450.00,257422.00,269872.00,257422,12450,161.00,171.00,332.00,171,161,0.00,0.00,0,0
1508087363,s1-eth1,249852.00,12450.00,262302.00,12450,249852,166.00,161.00,327.00,161,166,0.00,0.00,0,0
1508087363,s2-eth2,4752.00,96938.00,101690.00,96938,4752,60.00,65.00,125.00,65,60,0.00,0.00,0,0
1508087363,s2-eth1,96938.00,4752.00,101690.00,4752,96938,65.00,60.00,125.00,60,65,0.00,0.00,0,0
1508087363,lo,480.00,480.00,960.00,480,480,6.00,6.00,12.00,6,6,0.00,0.00,0,0
1508087363,total,364472.00,372126.00,736598.00,372126,364472,458.00,465.00,923.00,465,458,0.00,0.00,0,0
1508087364,s1,0.00,0.00,0.00,0,0,0.00,0.00,0.00,0,0,0.00,0.00,0,0
1508087364,eth0,0.00,0.00,0.00,0,0,0.00,0.00,0.00,0,0,0.00,0.00,0,0
1508087364,eth1,0.00,0.00,0.00,0,0,0.00,0.00,0.00,0,0,0.00,0.00,0,0
1508087364,s2,0.00,0.00,0.00,0,0,0.00,0.00,0.00,0,0,0.00,0.00,0,0
1508087364,s1-eth2,12343.66,260147.86,272491.53,260408,12356,159.84,171.83,331.67,172,160,0.00,0.00,0,0
1508087364,s1-eth1,249560.45,12343.66,261904.11,12356,249810,164.84,159.84,324.68,160,165,0.00,0.00,0,0
1508087364,s2-eth2,4243.76,87724.28,91968.03,87812,4248,51.95,57.94,109.89,58,52,0.00,0.00,0,0
1508087364,s2-eth1,90749.25,3902.10,94651.35,3906,90840,59.94,50.95,110.89,51,60,0.00,0.00,0,0
1508087364,lo,0.00,0.00,0.00,0,0,0.00,0.00,0.00,0,0,0.00,0.00,0,0
1508087364,total,356897.12,364117.91,721015.00,364482,357254,436.56,440.56,877.12,441,437,0.00,0.00,0,0
1508087365,s1,0.00,0.00,0.00,0,0,0.00,0.00,0.00,0,0,0.00,0.00,0,0
1508087365,eth0,0.00,0.00,0.00,0,0,0.00,0.00,0.00,0,0,0.00,0.00,0,0
1508087365,eth1,0.00,0.00,0.00,0,0,0.00,0.00,0.00,0,0,0.00,0.00,0,0
1508087365,s2,0.00,0.00,0.00,0,0,0.00,0.00,0.00,0,0,0.00,0.00,0,0
1508087365,s1-eth2,12235.76,257122.89,269358.66,257380,12248,159.84,169.83,329.67,170,160,0.00,0.00,0,0
1508087365,s1-eth1,251072.94,12309.69,263382.62,12322,251324,165.83,160.84,326.67,161,166,0.00,0.00,0,0
1508087365,s2-eth2,2809.19,95286.72,98095.91,95382,2812,37.96,62.94,100.90,63,38,0.00,0.00,0,0
1508087365,s2-eth1,92261.74,2809.19,95070.93,2812,92354,60.94,37.96,98.90,38,61,0.00,0.00,0,0
1508087365,lo,0.00,0.00,0.00,0,0,0.00,0.00,0.00,0,0,0.00,0.00,0,0
1508087365,total,358379.62,367528.47,725908.12,367896,358738,424.58,431.57,856.14,432,425,0.00,0.00,0,0
1508087366,s1,0.00,0.00,0.00,0,0,0.00,0.00,0.00,0,0,0.00,0.00,0,0
1508087366,eth0,0.00,0.00,0.00,0,0,0.00,0.00,0.00,0,0,0.00,0.00,0,0
1508087366,eth1,0.00,0.00,0.00,0,0,0.00,0.00,0.00,0,0,0.00,0.00,0,0
1508087366,s2,0.00,0.00,0.00,0,0,0.00,0.00,0.00,0,0,0.00,0.00,0,0
1508087366,s1-eth2,12632.00,266464.00,279096.00,266464,12632,162.00,176.00,338.00,176,162,0.00,0.00,0,0
1508087366,s1-eth1,248296.00,12558.00,260854.00,12558,248296,164.00,161.00,325.00,161,164,0.00,0.00,0,0
1508087366,s2-eth2,3848.00,124148.00,127996.00,124148,3848,52.00,82.00,134.00,82,52,0.00,0.00,0,0
1508087366,s2-eth1,122634.00,3848.00,126482.00,3848,122634,81.00,52.00,133.00,52,81,0.00,0.00,0,0
1508087366,lo,0.00,0.00,0.00,0,0,0.00,0.00,0.00,0,0,0.00,0.00,0,0
1508087366,total,387410.00,407018.00,794428.00,407018,387410,459.00,471.00,930.00,471,459,0.00,0.00,0,0
1508087367,s1,0.00,0.00,0.00,0,0,0.00,0.00,0.00,0,0,0.00,0.00,0,0
1508087367,eth0,0.00,0.00,0.00,0,0,0.00,0.00,0.00,0,0,0.00,0.00,0,0
1508087367,eth1,0.00,0.00,0.00,0,0,0.00,0.00,0.00,0,0,0.00,0.00,0,0
1508087367,s2,0.00,0.00,0.00,0,0,0.00,0.00,0.00,0,0,0.00,0.00,0,0
1508087367,s1-eth2,12301.70,258635.38,270937.06,258894,12314,162.84,170.83,333.67,171,163,0.00,0.00,0,0
1508087367,s1-eth1,249902.11,12301.70,262203.81,12314,250152,165.83,162.84,328.67,163,166,0.00,0.00,0,0
1508087367,s2-eth2,4827.17,89236.77,94063.94,89326,4832,59.94,58.94,118.88,59,60,0.00,0.00,0,0
1508087367,s2-eth1,86211.79,4901.10,91112.89,4906,86298,56.94,60.94,117.88,61,57,0.00,0.00,0,0
1508087367,lo,343.66,343.66,687.31,344,344,5.99,5.99,11.99,6,6,0.00,0.00,0,0
1508087367,total,353586.44,365418.59,719005.00,365784,353940,451.55,459.54,911.09,460,452,0.00,0.00,0,0
1508087368,s1,0.00,0.00,0.00,0,0,0.00,0.00,0.00,0,0,0.00,0.00,0,0
1508087368,eth0,0.00,0.00,0.00,0,0,0.00,0.00,0.00,0,0,0.00,0.00,0,0
1508087368,eth1,0.00,0.00,0.00,0,0,0.00,0.00,0.00,0,0,0.00,0.00,0,0
1508087368,s2,0.00,0.00,0.00,0,0,0.00,0.00,0.00,0,0,0.00,0.00,0,0
1508087368,s1-eth2,12225.77,251072.94,263298.72,251324,12238,160.84,165.83,326.67,166,161,0.00,0.00,0,0
1508087368,s1-eth1,251072.94,12311.69,263384.62,12324,251324,165.83,161.84,327.67,162,166,0.00,0.00,0,0
1508087368,s2-eth2,3636.36,78691.31,82327.67,78770,3640,47.95,52.95,100.90,53,48,0.00,0.00,0,0
1508087368,s2-eth1,77178.82,3562.44,80741.26,3566,77256,51.95,46.95,98.90,47,52,0.00,0.00,0,0
1508087368,lo,591.41,591.41,1182.82,592,592,5.99,5.99,11.99,6,6,0.00,0.00,0,0
1508087368,total,344705.31,346229.78,690935.06,346576,345050,432.57,433.57,866.13,434,433,0.00,0.00,0,0
1508087369,s1,0.00,0.00,0.00,0,0,0.00,0.00,0.00,0,0,0.00,0.00,0,0
1508087369,eth0,0.00,0.00,0.00,0,0,0.00,0.00,0.00,0,0,0.00,0.00,0,0
1508087369,eth1,0.00,0.00,0.00,0,0,0.00,0.00,0.00,0,0,0.00,0.00,0,0
1508087369,s2,0.00,0.00,0.00,0,0,0.00,0.00,0.00,0,0,0.00,0.00,0,0
1508087369,s1-eth2,12803.00,255866.00,268669.00,255866,12803,165.00,169.00,334.00,169,165,0.00,0.00,0,0
1508087369,s1-eth1,249810.00,12610.00,262420.00,12610,249810,165.00,163.00,328.00,163,165,0.00,0.00,0,0
1508087369,s2-eth2,3167.00,60560.00,63727.00,60560,3167,39.00,40.00,79.00,40,39,0.00,0.00,0,0
1508087369,s2-eth1,60560.00,3060.00,63620.00,3060,60560,40.00,38.00,78.00,38,40,0.00,0.00,0,0
1508087369,lo,0.00,0.00,0.00,0,0,0.00,0.00,0.00,0,0,0.00,0.00,0,0
1508087369,total,326340.00,332096.00,658436.00,332096,326340,409.00,410.00,819.00,410,409,0.00,0.00,0,0
1508087370,s1,0.00,0.00,0.00,0,0,0.00,0.00,0.00,0,0,0.00,0.00,0,0
1508087370,eth0,0.00,0.00,0.00,0,0,0.00,0.00,0.00,0,0,0.00,0.00,0,0
1508087370,eth1,0.00,0.00,0.00,0,0,0.00,0.00,0.00,0,0,0.00,0.00,0,0
1508087370,s2,0.00,0.00,0.00,0,0,0.00,0.00,0.00,0,0,0.00,0.00,0,0
1508087370,s1-eth2,11988.00,258894.00,270882.00,258894,11988,156.00,171.00,327.00,171,156,0.00,0.00,0,0
1508087370,s1-eth1,249917.00,12062.00,261979.00,12062,249917,166.00,157.00,323.00,157,166,0.00,0.00,0,0
1508087370,s2-eth2,2664.00,69644.00,72308.00,69644,2664,36.00,46.00,82.00,46,36,0.00,0.00,0,0
1508087370,s2-eth1,71265.00,2664.00,73929.00,2664,71265,48.00,36.00,84.00,36,48,0.00,0.00,0,0
1508087370,lo,0.00,0.00,0.00,0,0,0.00,0.00,0.00,0,0,0.00,0.00,0,0
1508087370,total,335834.00,343264.00,679098.00,343264,335834,406.00,410.00,816.00,410,406,0.00,0.00,0,0
1508087371,s1,0.00,0.00,0.00,0,0,0.00,0.00,0.00,0,0,0.00,0.00,0,0
1508087371,eth0,0.00,0.00,0.00,0,0,0.00,0.00,0.00,0,0,0.00,0.00,0,0
1508087371,eth1,0.00,0.00,0.00,0,0,0.00,0.00,0.00,0,0,0.00,0.00,0,0
1508087371,s2,0.00,0.00,0.00,0,0,0.00,0.00,0.00,0,0,0.00,0.00,0,0
1508087371,s1-eth2,12613.39,257122.89,269736.28,257380,12626,162.84,169.83,332.67,170,163,0.00,0.00,0,0
1508087371,s1-eth1,249560.45,12539.46,262099.91,12552,249810,164.84,161.84,326.67,162,165,0.00,0.00,0,0
1508087371,s2-eth2,3840.16,99824.18,103664.34,99924,3844,49.95,65.93,115.88,66,50,0.00,0.00,0,0
1508087371,s2-eth1,87724.28,3840.16,91564.44,3844,87812,57.94,49.95,107.89,50,58,0.00,0.00,0,0
1508087371,lo,0.00,0.00,0.00,0,0,0.00,0.00,0.00,0,0,0.00,0.00,0,0
1508087371,total,353738.28,373326.69,727064.94,373700,354092,435.56,447.55,883.12,448,436,0.00,0.00,0,0
1508087372,s1,0.00,0.00,0.00,0,0,0.00,0.00,0.00,0,0,0.00,0.00,0,0
1508087372,eth0,0.00,0.00,0.00,0,0,0.00,0.00,0.00,0,0,0.00,0.00,0,0
1508087372,eth1,0.00,0.00,0.00,0,0,0.00,0.00,0.00,0,0,0.00,0.00,0,0
1508087372,s2,0.00,0.00,0.00,0,0,0.00,0.00,0.00,0,0,0.00,0.00,0,0
1508087372,s1-eth2,12552.00,261922.00,274474.00,261922,12552,160.00,173.00,333.00,173,160,0.00,0.00,0,0
1508087372,s1-eth1,249810.00,12284.00,262094.00,12284,249810,165.00,160.00,325.00,160,165,0.00,0.00,0,0
1508087372,s2-eth2,3092.00,74186.00,77278.00,74186,3092,40.00,49.00,89.00,49,40,0.00,0.00,0,0
1508087372,s2-eth1,85126.00,3092.00,88218.00,3092,85126,57.00,40.00,97.00,40,57,0.00,0.00,0,0
1508087372,lo,344.00,344.00,688.00,344,344,6.00,6.00,12.00,6,6,0.00,0.00,0,0
1508087372,total,350924.00,351828.00,702752.00,351828,350924,428.00,428.00,856.00,428,428,0.00,0.00,0,0
1508087373,s1,0.00,0.00,0.00,0,0,0.00,0.00,0.00,0,0,0.00,0.00,0,0
1508087373,eth0,0.00,0.00,0.00,0,0,0.00,0.00,0.00,0,0,0.00,0.00,0,0
1508087373,eth1,0.00,0.00,0.00,0,0,0.00,0.00,0.00,0,0,0.00,0.00,0,0
1508087373,s2,0.00,0.00,0.00,0,0,0.00,0.00,0.00,0,0,0.00,0.00,0,0
1508087373,s1-eth2,12226.00,261922.00,274148.00,261922,12226,163.00,173.00,336.00,173,163,0.00,0.00,0,0
1508087373,s1-eth1,251324.00,12152.00,263476.00,12152,251324,166.00,162.00,328.00,162,166,0.00,0.00,0,0
1508087373,s2-eth2,2960.00,96896.00,99856.00,96896,2960,40.00,64.00,104.00,64,40,0.00,0.00,0,0
1508087373,s2-eth1,84784.00,2960.00,87744.00,2960,84784,56.00,40.00,96.00,40,56,0.00,0.00,0,0
1508087373,lo,0.00,0.00,0.00,0,0,0.00,0.00,0.00,0,0,0.00,0.00,0,0
1508087373,total,351294.00,373930.00,725224.00,373930,351294,425.00,439.00,864.00,439,425,0.00,0.00,0,0
1508087374,s1,0.00,0.00,0.00,0,0,0.00,0.00,0.00,0,0,0.00,0.00,0,0
1508087374,eth0,0.00,0.00,0.00,0,0,0.00,0.00,0.00,0,0,0.00,0.00,0,0
1508087374,eth1,0.00,0.00,0.00,0,0,0.00,0.00,0.00,0,0,0.00,0.00,0,0
1508087374,s2,0.00,0.00,0.00,0,0,0.00,0.00,0.00,0,0,0.00,0.00,0,0
1508087374,s1-eth2,11876.00,249810.00,261686.00,249810,11876,154.00,165.00,319.00,165,154,0.00,0.00,0,0
1508087374,s1-eth1,249810.00,11876.00,261686.00,11876,249810,165.00,154.00,319.00,154,165,0.00,0.00,0,0
1508087374,s2-eth2,3178.00,87812.00,90990.00,87812,3178,41.00,58.00,99.00,58,41,0.00,0.00,0,0
1508087374,s2-eth1,93868.00,3178.00,97046.00,3178,93868,62.00,41.00,103.00,41,62,0.00,0.00,0,0
1508087374,lo,0.00,0.00,0.00,0,0,0.00,0.00,0.00,0,0,0.00,0.00,0,0
1508087374,total,358732.00,352676.00,711408.00,352676,358732,422.00,418.00,840.00,418,422,0.00,0.00,0,0
1508087375,s1,0.00,0.00,0.00,0,0,0.00,0.00,0.00,0,0,0.00,0.00,0,0
1508087375,eth0,0.00,0.00,0.00,0,0,0.00,0.00,0.00,0,0,0.00,0.00,0,0
1508087375,eth1,0.00,0.00,0.00,0,0,0.00,0.00,0.00,0,0,0.00,0.00,0,0
1508087375,s2,0.00,0.00,0.00,0,0,0.00,0.00,0.00,0,0,0.00,0.00,0,0
1508087375,s1-eth2,12125.87,252585.42,264711.28,252838,12138,158.84,166.83,325.67,167,159,0.00,0.00,0,0
1508087375,s1-eth1,249560.45,12125.87,261686.33,12138,249810,164.84,158.84,323.68,159,165,0.00,0.00,0,0
1508087375,s2-eth2,3918.08,108899.10,112817.19,109008,3922,52.95,71.93,124.88,72,53,0.00,0.00,0,0
1508087375,s2-eth1,102849.16,3918.08,106767.23,3922,102952,67.93,52.95,120.88,53,68,0.00,0.00,0,0
1508087375,lo,0.00,0.00,0.00,0,0,0.00,0.00,0.00,0,0,0.00,0.00,0,0
1508087375,total,368453.56,377528.47,745982.06,377906,368822,444.56,450.55,895.10,451,445,0.00,0.00,0,0
1508087376,s1,0.00,0.00,0.00,0,0,0.00,0.00,0.00,0,0,0.00,0.00,0,0
1508087376,eth0,0.00,0.00,0.00,0,0,0.00,0.00,0.00,0,0,0.00,0.00,0,0
1508087376,eth1,0.00,0.00,0.00,0,0,0.00,0.00,0.00,0,0,0.00,0.00,0,0
1508087376,s2,0.00,0.00,0.00,0,0,0.00,0.00,0.00,0,0,0.00,0.00,0,0
1508087376,s1-eth2,12278.00,260408.00,272686.00,260408,12278,159.00,172.00,331.00,172,159,0.00,0.00,0,0
1508087376,s1-eth1,249810.00,12278.00,262088.00,12278,249810,165.00,159.00,324.00,159,165,0.00,0.00,0,0
1508087376,s2-eth2,4744.00,110522.00,115266.00,110522,4744,62.00,73.00,135.00,73,62,0.00,0.00,0,0
1508087376,s2-eth1,107494.00,4744.00,112238.00,4744,107494,71.00,62.00,133.00,62,71,0.00,0.00,0,0
1508087376,lo,0.00,0.00,0.00,0,0,0.00,0.00,0.00,0,0,0.00,0.00,0,0
1508087376,total,374326.00,387952.00,762278.00,387952,374326,457.00,466.00,923.00,466,457,0.00,0.00,0,0
1508087377,s1,0.00,0.00,0.00,0,0,0.00,0.00,0.00,0,0,0.00,0.00,0,0
1508087377,eth0,0.00,0.00,0.00,0,0,0.00,0.00,0.00,0,0,0.00,0.00,0,0
1508087377,eth1,0.00,0.00,0.00,0,0,0.00,0.00,0.00,0,0,0.00,0.00,0,0
1508087377,s2,0.00,0.00,0.00,0,0,0.00,0.00,0.00,0,0,0.00,0.00,0,0
1508087377,s1-eth2,12058.00,258894.00,270952.00,258894,12058,161.00,171.00,332.00,171,161,0.00,0.00,0,0
1508087377,s1-eth1,251324.00,12132.00,263456.00,12132,251324,166.00,162.00,328.00,162,166,0.00,0.00,0,0
1508087377,s2-eth2,3404.00,113550.00,116954.00,113550,3404,46.00,75.00,121.00,75,46,0.00,0.00,0,0
1508087377,s2-eth1,125662.00,3478.00,129140.00,3478,125662,83.00,47.00,130.00,47,83,0.00,0.00,0,0
1508087377,lo,344.00,344.00,688.00,344,344,6.00,6.00,12.00,6,6,0.00,0.00,0,0
1508087377,total,392792.00,388398.00,781190.00,388398,392792,462.00,461.00,923.00,461,462,0.00,0.00,0,0
1508087378,s1,0.00,0.00,0.00,0,0,0.00,0.00,0.00,0,0,0.00,0.00,0,0
1508087378,eth0,0.00,0.00,0.00,0,0,0.00,0.00,0.00,0,0,0.00,0.00,0,0
1508087378,eth1,0.00,0.00,0.00,0,0,0.00,0.00,0.00,0,0,0.00,0.00,0,0
1508087378,s2,0.00,0.00,0.00,0,0,0.00,0.00,0.00,0,0,0.00,0.00,0,0
1508087378,s1-eth2,12598.00,252838.00,265436.00,252838,12598,163.00,167.00,330.00,167,163,0.00,0.00,0,0
1508087378,s1-eth1,249810.00,12524.00,262334.00,12524,249810,165.00,162.00,327.00,162,165,0.00,0.00,0,0
1508087378,s2-eth2,5200.00,125662.00,130862.00,125662,5200,68.00,83.00,151.00,83,68,0.00,0.00,0,0
1508087378,s2-eth1,105980.00,5126.00,111106.00,5126,105980,70.00,67.00,137.00,67,70,0.00,0.00,0,0
1508087378,lo,0.00,0.00,0.00,0,0,0.00,0.00,0.00,0,0,0.00,0.00,0,0
1508087378,total,373588.00,396150.00,769738.00,396150,373588,466.00,479.00,945.00,479,466,0.00,0.00,0,0
1508087379,s1,0.00,0.00,0.00,0,0,0.00,0.00,0.00,0,0,0.00,0.00,0,0
1508087379,eth0,0.00,0.00,0.00,0,0,0.00,0.00,0.00,0,0,0.00,0.00,0,0
1508087379,eth1,0.00,0.00,0.00,0,0,0.00,0.00,0.00,0,0,0.00,0.00,0,0
1508087379,s2,0.00,0.00,0.00,0,0,0.00,0.00,0.00,0,0,0.00,0.00,0,0
1508087379,s1-eth2,11554.00,246782.00,258336.00,246782,11554,149.00,163.00,312.00,163,149,0.00,0.00,0,0
1508087379,s1-eth1,240726.00,11554.00,252280.00,11554,240726,159.00,149.00,308.00,149,159,0.00,0.00,0,0
1508087379,s2-eth2,4226.00,109008.00,113234.00,109008,4226,55.00,72.00,127.00,72,55,0.00,0.00,0,0
1508087379,s2-eth1,119606.00,4226.00,123832.00,4226,119606,79.00,55.00,134.00,55,79,0.00,0.00,0,0
1508087379,lo,0.00,0.00,0.00,0,0,0.00,0.00,0.00,0,0,0.00,0.00,0,0
1508087379,total,376112.00,371570.00,747682.00,371570,376112,442.00,439.00,881.00,439,442,0.00,0.00,0,0
1508087380,s1,0.00,0.00,0.00,0,0,0.00,0.00,0.00,0,0,0.00,0.00,0,0
1508087380,eth0,0.00,0.00,0.00,0,0,0.00,0.00,0.00,0,0,0.00,0.00,0,0
1508087380,eth1,0.00,0.00,0.00,0,0,0.00,0.00,0.00,0,0,0.00,0.00,0,0
1508087380,s2,0.00,0.00,0.00,0,0,0.00,0.00,0.00,0,0,0.00,0.00,0,0
1508087380,s1-eth2,11914.00,264950.00,276864.00,264950,11914,161.00,175.00,336.00,175,161,0.00,0.00,0,0
1508087380,s1-eth1,249810.00,11914.00,261724.00,11914,249810,165.00,161.00,326.00,161,165,0.00,0.00,0,0
1508087380,s2-eth2,4664.00,99924.00,104588.00,99924,4664,58.00,66.00,124.00,66,58,0.00,0.00,0,0
1508087380,s2-eth1,98410.00,4664.00,103074.00,4664,98410,65.00,58.00,123.00,58,65,0.00,0.00,0,0
1508087380,lo,0.00,0.00,0.00,0,0,0.00,0.00,0.00,0,0,0.00,0.00,0,0
1508087380,total,364798.00,381452.00,746250.00,381452,364798,449.00,460.00,909.00,460,449,0.00,0.00,0,0
1508087381,s1,0.00,0.00,0.00,0,0,0.00,0.00,0.00,0,0,0.00,0.00,0,0
1508087381,eth0,0.00,0.00,0.00,0,0,0.00,0.00,0.00,0,0,0.00,0.00,0,0
1508087381,eth1,0.00,0.00,0.00,0,0,0.00,0.00,0.00,0,0,0.00,0.00,0,0
1508087381,s2,0.00,0.00,0.00,0,0,0.00,0.00,0.00,0,0,0.00,0.00,0,0
1508087381,s1-eth2,11592.00,243754.00,255346.00,243754,11592,150.00,161.00,311.00,161,150,0.00,0.00,0,0
1508087381,s1-eth1,249810.00,11666.00,261476.00,11666,249810,165.00,151.00,316.00,151,165,0.00,0.00,0,0
1508087381,s2-eth2,2832.00,57532.00,60364.00,57532,2832,36.00,38.00,74.00,38,36,0.00,0.00,0,0
1508087381,s2-eth1,57532.00,2832.00,60364.00,2832,57532,38.00,36.00,74.00,36,38,0.00,0.00,0,0
1508087381,lo,0.00,0.00,0.00,0,0,0.00,0.00,0.00,0,0,0.00,0.00,0,0
1508087381,total,321766.00,315784.00,637550.00,315784,321766,389.00,386.00,775.00,386,389,0.00,0.00,0,0
1508087382,s1,0.00,0.00,0.00,0,0,0.00,0.00,0.00,0,0,0.00,0.00,0,0
1508087382,eth0,0.00,0.00,0.00,0,0,0.00,0.00,0.00,0,0,0.00,0.00,0,0
1508087382,eth1,0.00,0.00,0.00,0,0,0.00,0.00,0.00,0,0,0.00,0.00,0,0
1508087382,s2,0.00,0.00,0.00,0,0,0.00,0.00,0.00,0,0,0.00,0.00,0,0
1508087382,s1-eth2,12800.00,255866.00,268666.00,255866,12800,164.00,169.00,333.00,169,164,0.00,0.00,0,0
1508087382,s1-eth1,251324.00,12726.00,264050.00,12726,251324,166.00,163.00,329.00,163,166,0.00,0.00,0,0
1508087382,s2-eth2,2898.00,71158.00,74056.00,71158,2898,39.00,47.00,86.00,47,39,0.00,0.00,0,0
1508087382,s2-eth1,65102.00,2898.00,68000.00,2898,65102,43.00,39.00,82.00,39,43,0.00,0.00,0,0
1508087382,lo,344.00,344.00,688.00,344,344,6.00,6.00,12.00,6,6,0.00,0.00,0,0
1508087382,total,332468.00,342992.00,675460.00,342992,332468,418.00,424.00,842.00,424,418,0.00,0.00,0,0
1508087383,s1,0.00,0.00,0.00,0,0,0.00,0.00,0.00,0,0,0.00,0.00,0,0
1508087383,eth0,0.00,0.00,0.00,0,0,0.00,0.00,0.00,0,0,0.00,0.00,0,0
1508087383,eth1,0.00,0.00,0.00,0,0,0.00,0.00,0.00,0,0,0.00,0.00,0,0
1508087383,s2,0.00,0.00,0.00,0,0,0.00,0.00,0.00,0,0,0.00,0.00,0,0
1508087383,s1-eth2,11982.00,263436.00,275418.00,263436,11982,157.00,174.00,331.00,174,157,0.00,0.00,0,0
1508087383,s1-eth1,249810.00,11982.00,261792.00,11982,249810,165.00,157.00,322.00,157,165,0.00,0.00,0,0
1508087383,s2-eth2,3162.00,68130.00,71292.00,68130,3162,41.00,45.00,86.00,45,41,0.00,0.00,0,0
1508087383,s2-eth1,62074.00,3162.00,65236.00,3162,62074,41.00,41.00,82.00,41,41,0.00,0.00,0,0
1508087383,lo,0.00,0.00,0.00,0,0,0.00,0.00,0.00,0,0,0.00,0.00,0,0
1508087383,total,327028.00,346710.00,673738.00,346710,327028,404.00,417.00,821.00,417,404,0.00,0.00,0,0
1508087384,s1,0.00,0.00,0.00,0,0,0.00,0.00,0.00,0,0,0.00,0.00,0,0
1508087384,eth0,0.00,0.00,0.00,0,0,0.00,0.00,0.00,0,0,0.00,0.00,0,0
1508087384,eth1,0.00,0.00,0.00,0,0,0.00,0.00,0.00,0,0,0.00,0.00,0,0
1508087384,s2,0.00,0.00,0.00,0,0,0.00,0.00,0.00,0,0,0.00,0.00,0,0
1508087384,s1-eth2,12472.00,258894.00,271366.00,258894,12472,164.00,171.00,335.00,171,164,0.00,0.00,0,0
1508087384,s1-eth1,249810.00,12472.00,262282.00,12472,249810,165.00,164.00,329.00,164,165,0.00,0.00,0,0
1508087384,s2-eth2,2760.00,65102.00,67862.00,65102,2760,36.00,43.00,79.00,43,36,0.00,0.00,0,0
1508087384,s2-eth1,71158.00,2760.00,73918.00,2760,71158,47.00,36.00,83.00,36,47,0.00,0.00,0,0
1508087384,lo,0.00,0.00,0.00,0,0,0.00,0.00,0.00,0,0,0.00,0.00,0,0
1508087384,total,336200.00,339228.00,675428.00,339228,336200,412.00,414.00,826.00,414,412,0.00,0.00,0,0
1508087385,s1,0.00,0.00,0.00,0,0,0.00,0.00,0.00,0,0,0.00,0.00,0,0
1508087385,eth0,456.00,735.00,1191.00,735,456,6.00,6.00,12.00,6,6,0.00,0.00,0,0
1508087385,eth1,0.00,0.00,0.00,0,0,0.00,0.00,0.00,0,0,0.00,0.00,0,0
1508087385,s2,0.00,0.00,0.00,0,0,0.00,0.00,0.00,0,0,0.00,0.00,0,0
1508087385,s1-eth2,12744.00,255866.00,268610.00,255866,12744,162.00,169.00,331.00,169,162,0.00,0.00,0,0
1508087385,s1-eth1,250450.00,12292.00,262742.00,12292,250450,169.00,160.00,329.00,160,169,0.00,0.00,0,0
1508087385,s2-eth2,3560.00,87812.00,91372.00,87812,3560,44.00,58.00,102.00,58,44,0.00,0.00,0,0
1508087385,s2-eth1,82208.00,3108.00,85316.00,3108,82208,56.00,42.00,98.00,42,56,0.00,0.00,0,0
1508087385,lo,1023.00,1023.00,2046.00,1023,1023,12.00,12.00,24.00,12,12,0.00,0.00,0,0
1508087385,total,350441.00,360836.00,711277.00,360836,350441,449.00,447.00,896.00,447,449,0.00,0.00,0,0
1508087386,s1,0.00,0.00,0.00,0,0,0.00,0.00,0.00,0,0,0.00,0.00,0,0
1508087386,eth0,456.00,735.00,1191.00,735,456,6.00,6.00,12.00,6,6,0.00,0.00,0,0
1508087386,eth1,0.00,0.00,0.00,0,0,0.00,0.00,0.00,0,0,0.00,0.00,0,0
1508087386,s2,0.00,0.00,0.00,0,0,0.00,0.00,0.00,0,0,0.00,0.00,0,0
1508087386,s1-eth2,12490.00,258894.00,271384.00,258894,12490,165.00,171.00,336.00,171,165,0.00,0.00,0,0
1508087386,s1-eth1,250060.00,12302.00,262362.00,12302,250060,168.00,163.00,331.00,163,168,0.00,0.00,0,0
1508087386,s2-eth2,3814.00,107494.00,111308.00,107494,3814,51.00,71.00,122.00,71,51,0.00,0.00,0,0
1508087386,s2-eth1,106168.00,3626.00,109794.00,3626,106168,72.00,49.00,121.00,49,72,0.00,0.00,0,0
1508087386,lo,1023.00,1023.00,2046.00,1023,1023,12.00,12.00,24.00,12,12,0.00,0.00,0,0
1508087386,total,374011.00,384074.00,758085.00,384074,374011,474.00,472.00,946.00,472,474,0.00,0.00,0,0
1508087387,s1,0.00,0.00,0.00,0,0,0.00,0.00,0.00,0,0,0.00,0.00,0,0
1508087387,eth0,304.00,490.00,794.00,490,304,4.00,4.00,8.00,4,4,0.00,0.00,0,0
1508087387,eth1,0.00,0.00,0.00,0,0,0.00,0.00,0.00,0,0,0.00,0.00,0,0
1508087387,s2,0.00,0.00,0.00,0,0,0.00,0.00,0.00,0,0,0.00,0.00,0,0
1508087387,s1-eth2,12855.00,251324.00,264179.00,251324,12855,165.00,166.00,331.00,166,165,0.00,0.00,0,0
1508087387,s1-eth1,250062.00,12498.00,262560.00,12498,250062,171.00,161.00,332.00,161,171,0.00,0.00,0,0
1508087387,s2-eth2,5867.00,118092.00,123959.00,118092,5867,71.00,78.00,149.00,78,71,0.00,0.00,0,0
1508087387,s2-eth1,115656.00,4978.00,120634.00,4978,115656,86.00,65.00,151.00,65,86,0.00,0.00,0,0
1508087387,lo,1026.00,1026.00,2052.00,1026,1026,14.00,14.00,28.00,14,14,0.00,0.00,0,0
1508087387,total,385770.00,388408.00,774178.00,388408,385770,511.00,488.00,999.00,488,511,0.00,0.00,0,0
1508087388,s1,0.00,0.00,0.00,0,0,0.00,0.00,0.00,0,0,0.00,0.00,0,0
1508087388,eth0,152.00,245.00,397.00,245,152,2.00,2.00,4.00,2,2,0.00,0.00,0,0
1508087388,eth1,0.00,0.00,0.00,0,0,0.00,0.00,0.00,0,0,0.00,0.00,0,0
1508087388,s2,0.00,0.00,0.00,0,0,0.00,0.00,0.00,0,0,0.00,0.00,0,0
1508087388,s1-eth2,13860.00,257380.00,271240.00,257380,13860,166.00,170.00,336.00,170,166,0.00,0.00,0,0
1508087388,s1-eth1,248917.00,12078.00,260995.00,12078,248917,167.00,159.00,326.00,159,167,0.00,0.00,0,0
1508087388,s2-eth2,5819.00,95382.00,101201.00,95382,5819,61.00,63.00,124.00,63,61,0.00,0.00,0,0
1508087388,s2-eth1,97532.00,4308.00,101840.00,4308,97532,67.00,54.00,121.00,54,67,0.00,0.00,0,0
1508087388,lo,341.00,341.00,682.00,341,341,4.00,4.00,8.00,4,4,0.00,0.00,0,0
1508087388,total,366621.00,369734.00,736355.00,369734,366621,467.00,452.00,919.00,452,467,0.00,0.00,0,0
1508087389,s1,0.00,0.00,0.00,0,0,0.00,0.00,0.00,0,0,0.00,0.00,0,0
1508087389,eth0,0.00,0.00,0.00,0,0,0.00,0.00,0.00,0,0,0.00,0.00,0,0
1508087389,eth1,0.00,0.00,0.00,0,0,0.00,0.00,0.00,0,0,0.00,0.00,0,0
1508087389,s2,0.00,0.00,0.00,0,0,0.00,0.00,0.00,0,0,0.00,0.00,0,0
1508087389,s1-eth2,13066.00,249810.00,262876.00,249810,13066,162.00,165.00,327.00,165,162,0.00,0.00,0,0
1508087389,s1-eth1,250152.00,12222.00,262374.00,12222,250152,166.00,159.00,325.00,159,166,0.00,0.00,0,0
1508087389,s2-eth2,4147.00,96896.00,101043.00,96896,4147,49.00,64.00,113.00,64,49,0.00,0.00,0,0
1508087389,s2-eth1,100251.00,3478.00,103729.00,3478,100251,67.00,47.00,114.00,47,67,0.00,0.00,0,0
1508087389,lo,0.00,0.00,0.00,0,0,0.00,0.00,0.00,0,0,0.00,0.00,0,0
1508087389,total,367616.00,362406.00,730022.00,362406,367616,444.00,435.00,879.00,435,444,0.00,0.00,0,0
1508087390,s1,0.00,0.00,0.00,0,0,0.00,0.00,0.00,0,0,0.00,0.00,0,0
1508087390,eth0,60.00,60.00,120.00,60,60,1.00,1.00,2.00,1,1,0.00,0.00,0,0
1508087390,eth1,0.00,0.00,0.00,0,0,0.00,0.00,0.00,0,0,0.00,0.00,0,0
1508087390,s2,0.00,0.00,0.00,0,0,0.00,0.00,0.00,0,0,0.00,0.00,0,0
1508087390,s1-eth2,12103.00,257380.00,269483.00,257380,12103,161.00,170.00,331.00,170,161,0.00,0.00,0,0
1508087390,s1-eth1,250184.00,11910.00,262094.00,11910,250184,167.00,159.00,326.00,159,167,0.00,0.00,0,0
1508087390,s2-eth2,4070.00,92354.00,96424.00,92354,4070,50.00,61.00,111.00,61,50,0.00,0.00,0,0
1508087390,s2-eth1,88186.00,3696.00,91882.00,3696,88186,60.00,48.00,108.00,48,60,0.00,0.00,0,0
1508087390,lo,0.00,0.00,0.00,0,0,0.00,0.00,0.00,0,0,0.00,0.00,0,0
1508087390,total,354603.00,365400.00,720003.00,365400,354603,439.00,439.00,878.00,439,439,0.00,0.00,0,0
1508087391,s1,0.00,0.00,0.00,0,0,0.00,0.00,0.00,0,0,0.00,0.00,0,0
1508087391,eth0,0.00,0.00,0.00,0,0,0.00,0.00,0.00,0,0,0.00,0.00,0,0
1508087391,eth1,0.00,0.00,0.00,0,0,0.00,0.00,0.00,0,0,0.00,0.00,0,0
1508087391,s2,0.00,0.00,0.00,0,0,0.00,0.00,0.00,0,0,0.00,0.00,0,0
1508087391,s1-eth2,12795.21,249560.45,262355.66,249810,12808,158.84,164.84,323.68,165,159,0.00,0.00,0,0
1508087391,s1-eth1,251469.53,12205.79,263675.34,12218,251721,167.83,156.84,324.68,157,168,0.00,0.00,0,0
1508087391,s2-eth2,4752.25,90749.25,95501.50,90840,4757,57.94,59.94,117.88,60,58,0.00,0.00,0,0
1508087391,s2-eth1,91145.86,4355.64,95501.50,4360,91237,61.94,55.94,117.88,56,62,0.00,0.00,0,0
1508087391,lo,0.00,0.00,0.00,0,0,0.00,0.00,0.00,0,0,0.00,0.00,0,0
1508087391,total,360162.84,356871.12,717034.00,357228,360523,446.55,437.56,884.12,438,447,0.00,0.00,0,0
1508087392,s1,0.00,0.00,0.00,0,0,0.00,0.00,0.00,0,0,0.00,0.00,0,0
1508087392,eth0,0.00,0.00,0.00,0,0,0.00,0.00,0.00,0,0,0.00,0.00,0,0
1508087392,eth1,0.00,0.00,0.00,0,0,0.00,0.00,0.00,0,0,0.00,0.00,0,0
1508087392,s2,0.00,0.00,0.00,0,0,0.00,0.00,0.00,0,0,0.00,0.00,0,0
1508087392,s1-eth2,12262.00,257380.00,269642.00,257380,12262,161.00,170.00,331.00,170,161,0.00,0.00,0,0
1508087392,s1-eth1,249810.00,12188.00,261998.00,12188,249810,165.00,160.00,325.00,160,165,0.00,0.00,0,0
1508087392,s2-eth2,4546.00,92354.00,96900.00,92354,4546,55.00,61.00,116.00,61,55,0.00,0.00,0,0
1508087392,s2-eth1,87812.00,4204.00,92016.00,4204,87812,58.00,54.00,112.00,54,58,0.00,0.00,0,0
1508087392,lo,344.00,344.00,688.00,344,344,6.00,6.00,12.00,6,6,0.00,0.00,0,0
1508087392,total,354774.00,366470.00,721244.00,366470,354774,445.00,451.00,896.00,451,445,0.00,0.00,0,0
1508087393,s1,0.00,0.00,0.00,0,0,0.00,0.00,0.00,0,0,0.00,0.00,0,0
1508087393,eth0,0.00,0.00,0.00,0,0,0.00,0.00,0.00,0,0,0.00,0.00,0,0
1508087393,eth1,0.00,0.00,0.00,0,0,0.00,0.00,0.00,0,0,0.00,0.00,0,0
1508087393,s2,0.00,0.00,0.00,0,0,0.00,0.00,0.00,0,0,0.00,0.00,0,0
1508087393,s1-eth2,12307.69,257122.89,269430.56,257380,12320,159.84,169.83,329.67,170,160,0.00,0.00,0,0
1508087393,s1-eth1,249560.45,12307.69,261868.14,12320,249810,164.84,159.84,324.68,160,165,0.00,0.00,0,0
1508087393,s2-eth2,3424.58,80161.84,83586.41,80242,3428,43.96,52.95,96.90,53,44,0.00,0.00,0,0
1508087393,s2-eth1,77136.87,3424.58,80561.44,3428,77214,50.95,43.96,94.91,44,51,0.00,0.00,0,0
1508087393,lo,0.00,0.00,0.00,0,0,0.00,0.00,0.00,0,0,0.00,0.00,0,0
1508087393,total,342429.59,353017.00,695446.56,353370,342772,419.58,426.57,846.15,427,420,0.00,0.00,0,0
1508087394,s1,0.00,0.00,0.00,0,0,0.00,0.00,0.00,0,0,0.00,0.00,0,0
1508087394,eth0,0.00,0.00,0.00,0,0,0.00,0.00,0.00,0,0,0.00,0.00,0,0
1508087394,eth1,0.00,0.00,0.00,0,0,0.00,0.00,0.00,0,0,0.00,0.00,0,0
1508087394,s2,0.00,0.00,0.00,0,0,0.00,0.00,0.00,0,0,0.00,0.00,0,0
1508087394,s1-eth2,12379.00,255866.00,268245.00,255866,12379,161.00,169.00,330.00,169,161,0.00,0.00,0,0
1508087394,s1-eth1,249987.00,12272.00,262259.00,12272,249987,167.00,160.00,327.00,160,167,0.00,0.00,0,0
1508087394,s2-eth2,3581.00,89326.00,92907.00,89326,3581,46.00,59.00,105.00,59,46,0.00,0.00,0,0
1508087394,s2-eth1,90947.00,3474.00,94421.00,3474,90947,61.00,45.00,106.00,45,61,0.00,0.00,0,0
1508087394,lo,0.00,0.00,0.00,0,0,0.00,0.00,0.00,0,0,0.00,0.00,0,0
1508087394,total,356894.00,360938.00,717832.00,360938,356894,435.00,433.00,868.00,433,435,0.00,0.00,0,0
1508087395,s1,0.00,0.00,0.00,0,0,0.00,0.00,0.00,0,0,0.00,0.00,0,0
1508087395,eth0,0.00,0.00,0.00,0,0,0.00,0.00,0.00,0,0,0.00,0.00,0,0
1508087395,eth1,0.00,0.00,0.00,0,0,0.00,0.00,0.00,0,0,0.00,0.00,0,0
1508087395,s2,0.00,0.00,0.00,0,0,0.00,0.00,0.00,0,0,0.00,0.00,0,0
1508087395,s1-eth2,12334.00,258894.00,271228.00,258894,12334,161.00,171.00,332.00,171,161,0.00,0.00,0,0
1508087395,s1-eth1,250152.00,11922.00,262074.00,11922,250152,166.00,159.00,325.00,159,166,0.00,0.00,0,0
1508087395,s2-eth2,3262.00,98410.00,101672.00,98410,3262,43.00,65.00,108.00,65,43,0.00,0.00,0,0
1508087395,s2-eth1,97308.00,3192.00,100500.00,3192,97308,66.00,42.00,108.00,42,66,0.00,0.00,0,0
1508087395,lo,0.00,0.00,0.00,0,0,0.00,0.00,0.00,0,0,0.00,0.00,0,0
1508087395,total,363056.00,372418.00,735474.00,372418,363056,436.00,437.00,873.00,437,436,0.00,0.00,0,0
1508087396,s1,0.00,0.00,0.00,0,0,0.00,0.00,0.00,0,0,0.00,0.00,0,0
1508087396,eth0,0.00,0.00,0.00,0,0,0.00,0.00,0.00,0,0,0.00,0.00,0,0
1508087396,eth1,0.00,0.00,0.00,0,0,0.00,0.00,0.00,0,0,0.00,0.00,0,0
1508087396,s2,0.00,0.00,0.00,0,0,0.00,0.00,0.00,0,0,0.00,0.00,0,0
1508087396,s1-eth2,11760.00,255866.00,267626.00,255866,11760,156.00,169.00,325.00,169,156,0.00,0.00,0,0
1508087396,s1-eth1,249810.00,11760.00,261570.00,11760,249810,165.00,156.00,321.00,156,165,0.00,0.00,0,0
1508087396,s2-eth2,4222.00,78728.00,82950.00,78728,4222,53.00,52.00,105.00,52,53,0.00,0.00,0,0
1508087396,s2-eth1,74186.00,4222.00,78408.00,4222,74186,49.00,53.00,102.00,53,49,0.00,0.00,0,0
1508087396,lo,0.00,0.00,0.00,0,0,0.00,0.00,0.00,0,0,0.00,0.00,0,0
1508087396,total,339978.00,350576.00,690554.00,350576,339978,423.00,430.00,853.00,430,423,0.00,0.00,0,0
1508087397,s1,0.00,0.00,0.00,0,0,0.00,0.00,0.00,0,0,0.00,0.00,0,0
1508087397,eth0,0.00,0.00,0.00,0,0,0.00,0.00,0.00,0,0,0.00,0.00,0,0
1508087397,eth1,0.00,0.00,0.00,0,0,0.00,0.00,0.00,0,0,0.00,0.00,0,0
1508087397,s2,0.00,0.00,0.00,0,0,0.00,0.00,0.00,0,0,0.00,0.00,0,0
1508087397,s1-eth2,12365.63,248047.95,260413.59,248296,12378,158.84,163.84,322.68,164,159,0.00,0.00,0,0
1508087397,s1-eth1,251072.94,12439.56,263512.50,12452,251324,165.83,159.84,325.67,160,166,0.00,0.00,0,0
1508087397,s2-eth2,3386.61,71086.91,74473.53,71158,3390,44.96,46.95,91.91,47,45,0.00,0.00,0,0
1508087397,s2-eth1,72599.41,3386.61,75986.02,3390,72672,47.95,44.96,92.91,45,48,0.00,0.00,0,0
1508087397,lo,343.66,343.66,687.31,344,344,5.99,5.99,11.99,6,6,0.00,0.00,0,0
1508087397,total,339768.25,335304.72,675072.94,335640,340108,423.58,421.58,845.15,422,424,0.00,0.00,0,0
1508087398,s1,0.00,0.00,0.00,0,0,0.00,0.00,0.00,0,0,0.00,0.00,0,0
1508087398,eth0,0.00,0.00,0.00,0,0,0.00,0.00,0.00,0,0,0.00,0.00,0,0
1508087398,eth1,0.00,0.00,0.00,0,0,0.00,0.00,0.00,0,0,0.00,0.00,0,0
1508087398,s2,0.00,0.00,0.00,0,0,0.00,0.00,0.00,0,0,0.00,0.00,0,0
1508087398,s1-eth2,12370.00,261922.00,274292.00,261922,12370,161.00,173.00,334.00,173,161,0.00,0.00,0,0
1508087398,s1-eth1,249810.00,12296.00,262106.00,12296,249810,165.00,160.00,325.00,160,165,0.00,0.00,0,0
1508087398,s2-eth2,2758.00,66616.00,69374.00,66616,2758,33.00,44.00,77.00,44,33,0.00,0.00,0,0
1508087398,s2-eth1,66616.00,2416.00,69032.00,2416,66616,44.00,32.00,76.00,32,44,0.00,0.00,0,0
1508087398,lo,0.00,0.00,0.00,0,0,0.00,0.00,0.00,0,0,0.00,0.00,0,0
1508087398,total,331554.00,343250.00,674804.00,343250,331554,403.00,409.00,812.00,409,403,0.00,0.00,0,0
1508087399,s1,0.00,0.00,0.00,0,0,0.00,0.00,0.00,0,0,0.00,0.00,0,0
1508087399,eth0,0.00,0.00,0.00,0,0,0.00,0.00,0.00,0,0,0.00,0.00,0,0
1508087399,eth1,0.00,0.00,0.00,0,0,0.00,0.00,0.00,0,0,0.00,0.00,0,0
1508087399,s2,0.00,0.00,0.00,0,0,0.00,0.00,0.00,0,0,0.00,0.00,0,0
1508087399,s1-eth2,11650.35,260147.86,271798.22,260408,11662,154.85,171.83,326.67,172,155,0.00,0.00,0,0
1508087399,s1-eth1,249560.45,11650.35,261210.80,11662,249810,164.84,154.85,319.68,155,165,0.00,0.00,0,0
1508087399,s2-eth2,1922.08,80161.84,82083.92,80242,1924,25.97,52.95,78.92,53,26,0.00,0.00,0,0
1508087399,s2-eth1,75624.38,1922.08,77546.45,1924,75700,49.95,25.97,75.92,26,50,0.00,0.00,0,0
1508087399,lo,0.00,0.00,0.00,0,0,0.00,0.00,0.00,0,0,0.00,0.00,0,0
1508087399,total,338757.25,353882.12,692639.38,354236,339096,395.60,405.59,801.20,406,396,0.00,0.00,0,0
1508087400,s1,0.00,0.00,0.00,0,0,0.00,0.00,0.00,0,0,0.00,0.00,0,0
1508087400,eth0,0.00,0.00,0.00,0,0,0.00,0.00,0.00,0,0,0.00,0.00,0,0
1508087400,eth1,0.00,0.00,0.00,0,0,0.00,0.00,0.00,0,0,0.00,0.00,0,0
1508087400,s2,0.00,0.00,0.00,0,0,0.00,0.00,0.00,0,0,0.00,0.00,0,0
1508087400,s1-eth2,12722.00,254352.00,267074.00,254352,12722,163.00,168.00,331.00,168,163,0.00,0.00,0,0
1508087400,s1-eth1,249810.00,12808.00,262618.00,12808,249810,165.00,164.00,329.00,164,165,0.00,0.00,0,0
1508087400,s2-eth2,2960.00,98410.00,101370.00,98410,2960,40.00,65.00,105.00,65,40,0.00,0.00,0,0
1508087400,s2-eth1,99924.00,2960.00,102884.00,2960,99924,66.00,40.00,106.00,40,66,0.00,0.00,0,0
1508087400,lo,0.00,0.00,0.00,0,0,0.00,0.00,0.00,0,0,0.00,0.00,0,0
1508087400,total,365416.00,368530.00,733946.00,368530,365416,434.00,437.00,871.00,437,434,0.00,0.00,0,0
1508087401,s1,0.00,0.00,0.00,0,0,0.00,0.00,0.00,0,0,0.00,0.00,0,0
1508087401,eth0,0.00,0.00,0.00,0,0,0.00,0.00,0.00,0,0,0.00,0.00,0,0
1508087401,eth1,0.00,0.00,0.00,0,0,0.00,0.00,0.00,0,0,0.00,0.00,0,0
1508087401,s2,0.00,0.00,0.00,0,0,0.00,0.00,0.00,0,0,0.00,0.00,0,0
1508087401,s1-eth2,12997.00,257122.89,270119.88,257380,13010,164.84,169.83,334.67,170,165,0.00,0.00,0,0
1508087401,s1-eth1,251072.94,12569.43,263642.38,12582,251324,165.83,162.84,328.67,163,166,0.00,0.00,0,0
1508087401,s2-eth2,3778.22,102849.16,106627.38,102952,3782,48.95,67.93,116.88,68,49,0.00,0.00,0,0
1508087401,s2-eth1,101336.66,3778.22,105114.89,3782,101438,66.93,48.95,115.88,49,67,0.00,0.00,0,0
1508087401,lo,0.00,0.00,0.00,0,0,0.00,0.00,0.00,0,0,0.00,0.00,0,0
1508087401,total,369184.81,376319.69,745504.50,376696,369554,446.55,449.55,896.10,450,447,0.00,0.00,0,0
1508087402,s1,0.00,0.00,0.00,0,0,0.00,0.00,0.00,0,0,0.00,0.00,0,0
1508087402,eth0,0.00,0.00,0.00,0,0,0.00,0.00,0.00,0,0,0.00,0.00,0,0
1508087402,eth1,0.00,0.00,0.00,0,0,0.00,0.00,0.00,0,0,0.00,0.00,0,0
1508087402,s2,0.00,0.00,0.00,0,0,0.00,0.00,0.00,0,0,0.00,0.00,0,0
1508087402,s1-eth2,12532.47,261660.34,274192.81,261922,12545,163.84,172.83,336.66,173,164,0.00,0.00,0,0
1508087402,s1-eth1,249560.45,12425.58,261986.02,12438,249810,164.84,162.84,327.67,163,165,0.00,0.00,0,0
1508087402,s2-eth2,4566.43,117974.03,122540.46,118092,4571,60.94,77.92,138.86,78,61,0.00,0.00,0,0
1508087402,s2-eth1,110518.48,4459.54,114978.02,4464,110629,73.93,59.94,133.87,60,74,0.00,0.00,0,0
1508087402,lo,343.66,343.66,687.31,344,344,5.99,5.99,11.99,6,6,0.00,0.00,0,0
1508087402,total,377521.50,396863.16,774384.62,397260,377899,469.53,479.52,949.05,480,470,0.00,0.00,0,0
1508087403,s1,0.00,0.00,0.00,0,0,0.00,0.00,0.00,0,0,0.00,0.00,0,0
1508087403,eth0,0.00,0.00,0.00,0,0,0.00,0.00,0.00,0,0,0.00,0.00,0,0
1508087403,eth1,0.00,0.00,0.00,0,0,0.00,0.00,0.00,0,0,0.00,0.00,0,0
1508087403,s2,0.00,0.00,0.00,0,0,0.00,0.00,0.00,0,0,0.00,0.00,0,0
1508087403,s1-eth2,12166.00,255866.00,268032.00,255866,12166,159.00,169.00,328.00,169,159,0.00,0.00,0,0
1508087403,s1-eth1,249810.00,12166.00,261976.00,12166,249810,165.00,159.00,324.00,159,165,0.00,0.00,0,0
1508087403,s2-eth2,4424.00,101438.00,105862.00,101438,4424,58.00,67.00,125.00,67,58,0.00,0.00,0,0
1508087403,s2-eth1,105980.00,4424.00,110404.00,4424,105980,70.00,58.00,128.00,58,70,0.00,0.00,0,0
1508087403,lo,0.00,0.00,0.00,0,0,0.00,0.00,0.00,0,0,0.00,0.00,0,0
1508087403,total,372380.00,373894.00,746274.00,373894,372380,452.00,453.00,905.00,453,452,0.00,0.00,0,0
1508087404,s1,0.00,0.00,0.00,0,0,0.00,0.00,0.00,0,0,0.00,0.00,0,0
1508087404,eth0,0.00,0.00,0.00,0,0,0.00,0.00,0.00,0,0,0.00,0.00,0,0
1508087404,eth1,0.00,0.00,0.00,0,0,0.00,0.00,0.00,0,0,0.00,0.00,0,0
1508087404,s2,0.00,0.00,0.00,0,0,0.00,0.00,0.00,0,0,0.00,0.00,0,0
1508087404,s1-eth2,12110.00,260408.00,272518.00,260408,12110,157.00,172.00,329.00,172,157,0.00,0.00,0,0
1508087404,s1-eth1,249810.00,12110.00,261920.00,12110,249810,165.00,157.00,322.00,157,165,0.00,0.00,0,0
1508087404,s2-eth2,4574.00,99924.00,104498.00,99924,4574,55.00,66.00,121.00,66,55,0.00,0.00,0,0
1508087404,s2-eth1,98410.00,4232.00,102642.00,4232,98410,65.00,54.00,119.00,54,65,0.00,0.00,0,0
1508087404,lo,0.00,0.00,0.00,0,0,0.00,0.00,0.00,0,0,0.00,0.00,0,0
1508087404,total,364904.00,376674.00,741578.00,376674,364904,442.00,449.00,891.00,449,442,0.00,0.00,0,0
1508087405,s1,0.00,0.00,0.00,0,0,0.00,0.00,0.00,0,0,0.00,0.00,0,0
1508087405,eth0,0.00,0.00,0.00,0,0,0.00,0.00,0.00,0,0,0.00,0.00,0,0
1508087405,eth1,0.00,0.00,0.00,0,0,0.00,0.00,0.00,0,0,0.00,0.00,0,0
1508087405,s2,0.00,0.00,0.00,0,0,0.00,0.00,0.00,0,0,0.00,0.00,0,0
1508087405,s1-eth2,12382.00,260408.00,272790.00,260408,12382,161.00,172.00,333.00,172,161,0.00,0.00,0,0
1508087405,s1-eth1,246782.00,12382.00,259164.00,12382,246782,163.00,161.00,324.00,161,163,0.00,0.00,0,0
1508087405,s2-eth2,4080.00,93868.00,97948.00,93868,4080,50.00,62.00,112.00,62,50,0.00,0.00,0,0
1508087405,s2-eth1,88154.00,4080.00,92234.00,4080,88154,59.00,50.00,109.00,50,59,0.00,0.00,0,0
1508087405,lo,0.00,0.00,0.00,0,0,0.00,0.00,0.00,0,0,0.00,0.00,0,0
1508087405,total,351398.00,370738.00,722136.00,370738,351398,433.00,445.00,878.00,445,433,0.00,0.00,0,0
1508087406,s1,0.00,0.00,0.00,0,0,0.00,0.00,0.00,0,0,0.00,0.00,0,0
1508087406,eth0,0.00,0.00,0.00,0,0,0.00,0.00,0.00,0,0,0.00,0.00,0,0
1508087406,eth1,0.00,0.00,0.00,0,0,0.00,0.00,0.00,0,0,0.00,0.00,0,0
1508087406,s2,0.00,0.00,0.00,0,0,0.00,0.00,0.00,0,0,0.00,0.00,0,0
1508087406,s1-eth2,12394.00,261964.00,274358.00,261964,12394,165.00,174.00,339.00,174,165,0.00,0.00,0,0
1508087406,s1-eth1,249852.00,12394.00,262246.00,12394,249852,166.00,165.00,331.00,165,166,0.00,0.00,0,0
1508087406,s2-eth2,3210.00,77214.00,80424.00,77214,3210,41.00,51.00,92.00,51,41,0.00,0.00,0,0
1508087406,s2-eth1,72672.00,3210.00,75882.00,3210,72672,48.00,41.00,89.00,41,48,0.00,0.00,0,0
1508087406,lo,592.00,592.00,1184.00,592,592,6.00,6.00,12.00,6,6,0.00,0.00,0,0
1508087406,total,338720.00,355374.00,694094.00,355374,338720,426.00,437.00,863.00,437,426,0.00,0.00,0,0
1508087407,s1,0.00,0.00,0.00,0,0,0.00,0.00,0.00,0,0,0.00,0.00,0,0
1508087407,eth0,0.00,0.00,0.00,0,0,0.00,0.00,0.00,0,0,0.00,0.00,0,0
1508087407,eth1,0.00,0.00,0.00,0,0,0.00,0.00,0.00,0,0,0.00,0.00,0,0
1508087407,s2,0.00,0.00,0.00,0,0,0.00,0.00,0.00,0,0,0.00,0.00,0,0
1508087407,s1-eth2,12164.00,249810.00,261974.00,249810,12164,156.00,165.00,321.00,165,156,0.00,0.00,0,0
1508087407,s1-eth1,250152.00,12164.00,262316.00,12164,250152,166.00,156.00,322.00,156,166,0.00,0.00,0,0
1508087407,s2-eth2,3824.00,78770.00,82594.00,78770,3824,50.00,53.00,103.00,53,50,0.00,0.00,0,0
1508087407,s2-eth1,78770.00,3824.00,82594.00,3824,78770,53.00,50.00,103.00,50,53,0.00,0.00,0,0
1508087407,lo,172.00,172.00,344.00,172,172,3.00,3.00,6.00,3,3,0.00,0.00,0,0
1508087407,total,345082.00,344740.00,689822.00,344740,345082,428.00,427.00,855.00,427,428,0.00,0.00,0,0
1508087408,s1,0.00,0.00,0.00,0,0,0.00,0.00,0.00,0,0,0.00,0.00,0,0
1508087408,eth0,0.00,0.00,0.00,0,0,0.00,0.00,0.00,0,0,0.00,0.00,0,0
1508087408,eth1,0.00,0.00,0.00,0,0,0.00,0.00,0.00,0,0,0.00,0.00,0,0
1508087408,s2,0.00,0.00,0.00,0,0,0.00,0.00,0.00,0,0,0.00,0.00,0,0
1508087408,s1-eth2,12506.00,257380.00,269886.00,257380,12506,163.00,170.00,333.00,170,163,0.00,0.00,0,0
1508087408,s1-eth1,249810.00,12506.00,262316.00,12506,249810,165.00,163.00,328.00,163,165,0.00,0.00,0,0
1508087408,s2-eth2,3784.00,83270.00,87054.00,83270,3784,50.00,55.00,105.00,55,50,0.00,0.00,0,0
1508087408,s2-eth1,81756.00,3784.00,85540.00,3784,81756,54.00,50.00,104.00,50,54,0.00,0.00,0,0
1508087408,lo,0.00,0.00,0.00,0,0,0.00,0.00,0.00,0,0,0.00,0.00,0,0
1508087408,total,347856.00,356940.00,704796.00,356940,347856,432.00,438.00,870.00,438,432,0.00,0.00,0,0
1508087409,s1,0.00,0.00,0.00,0,0,0.00,0.00,0.00,0,0,0.00,0.00,0,0
1508087409,eth0,0.00,0.00,0.00,0,0,0.00,0.00,0.00,0,0,0.00,0.00,0,0
1508087409,eth1,0.00,0.00,0.00,0,0,0.00,0.00,0.00,0,0,0.00,0.00,0,0
1508087409,s2,0.00,0.00,0.00,0,0,0.00,0.00,0.00,0,0,0.00,0.00,0,0
1508087409,s1-eth2,12432.00,258894.00,271326.00,258894,12432,160.00,171.00,331.00,171,160,0.00,0.00,0,0
1508087409,s1-eth1,249810.00,12432.00,262242.00,12432,249810,165.00,160.00,325.00,160,165,0.00,0.00,0,0
1508087409,s2-eth2,3070.00,86298.00,89368.00,86298,3070,39.00,57.00,96.00,57,39,0.00,0.00,0,0
1508087409,s2-eth1,80242.00,3070.00,83312.00,3070,80242,53.00,39.00,92.00,39,53,0.00,0.00,0,0
1508087409,lo,0.00,0.00,0.00,0,0,0.00,0.00,0.00,0,0,0.00,0.00,0,0
1508087409,total,345554.00,360694.00,706248.00,360694,345554,417.00,427.00,844.00,427,417,0.00,0.00,0,0
1508087410,s1,0.00,0.00,0.00,0,0,0.00,0.00,0.00,0,0,0.00,0.00,0,0
1508087410,eth0,0.00,0.00,0.00,0,0,0.00,0.00,0.00,0,0,0.00,0.00,0,0
1508087410,eth1,0.00,0.00,0.00,0,0,0.00,0.00,0.00,0,0,0.00,0.00,0,0
1508087410,s2,0.00,0.00,0.00,0,0,0.00,0.00,0.00,0,0,0.00,0.00,0,0
1508087410,s1-eth2,12176.00,258894.00,271070.00,258894,12176,160.00,171.00,331.00,171,160,0.00,0.00,0,0
1508087410,s1-eth1,249810.00,12176.00,261986.00,12176,249810,165.00,160.00,325.00,160,165,0.00,0.00,0,0
1508087410,s2-eth2,2486.00,46934.00,49420.00,46934,2486,31.00,31.00,62.00,31,31,0.00,0.00,0,0
1508087410,s2-eth1,54504.00,2486.00,56990.00,2486,54504,36.00,31.00,67.00,31,36,0.00,0.00,0,0
1508087410,lo,0.00,0.00,0.00,0,0,0.00,0.00,0.00,0,0,0.00,0.00,0,0
1508087410,total,318976.00,320490.00,639466.00,320490,318976,392.00,393.00,785.00,393,392,0.00,0.00,0,0
1508087411,s1,0.00,0.00,0.00,0,0,0.00,0.00,0.00,0,0,0.00,0.00,0,0
1508087411,eth0,0.00,0.00,0.00,0,0,0.00,0.00,0.00,0,0,0.00,0.00,0,0
1508087411,eth1,0.00,0.00,0.00,0,0,0.00,0.00,0.00,0,0,0.00,0.00,0,0
1508087411,s2,0.00,0.00,0.00,0,0,0.00,0.00,0.00,0,0,0.00,0.00,0,0
1508087411,s1-eth2,12482.00,260408.00,272890.00,260408,12482,161.00,172.00,333.00,172,161,0.00,0.00,0,0
1508087411,s1-eth1,249810.00,12556.00,262366.00,12556,249810,165.00,162.00,327.00,162,165,0.00,0.00,0,0
1508087411,s2-eth2,2994.00,68130.00,71124.00,68130,2994,39.00,45.00,84.00,45,39,0.00,0.00,0,0
1508087411,s2-eth1,57532.00,2994.00,60526.00,2994,57532,38.00,39.00,77.00,39,38,0.00,0.00,0,0
1508087411,lo,172.00,172.00,344.00,172,172,3.00,3.00,6.00,3,3,0.00,0.00,0,0
1508087411,total,322990.00,344260.00,667250.00,344260,322990,406.00,421.00,827.00,421,406,0.00,0.00,0,0
1508087412,s1,0.00,0.00,0.00,0,0,0.00,0.00,0.00,0,0,0.00,0.00,0,0
1508087412,eth0,0.00,0.00,0.00,0,0,0.00,0.00,0.00,0,0,0.00,0.00,0,0
1508087412,eth1,0.00,0.00,0.00,0,0,0.00,0.00,0.00,0,0,0.00,0.00,0,0
1508087412,s2,0.00,0.00,0.00,0,0,0.00,0.00,0.00,0,0,0.00,0.00,0,0
1508087412,s1-eth2,12468.00,258894.00,271362.00,258894,12468,160.00,171.00,331.00,171,160,0.00,0.00,0,0
1508087412,s1-eth1,249810.00,12480.00,262290.00,12480,249810,165.00,160.00,325.00,160,165,0.00,0.00,0,0
1508087412,s2-eth2,2886.00,69644.00,72530.00,69644,2886,39.00,46.00,85.00,46,39,0.00,0.00,0,0
1508087412,s2-eth1,77214.00,2886.00,80100.00,2886,77214,51.00,39.00,90.00,39,51,0.00,0.00,0,0
1508087412,lo,172.00,172.00,344.00,172,172,3.00,3.00,6.00,3,3,0.00,0.00,0,0
1508087412,total,342550.00,344076.00,686626.00,344076,342550,418.00,419.00,837.00,419,418,0.00,0.00,0,0
1508087413,s1,0.00,0.00,0.00,0,0,0.00,0.00,0.00,0,0,0.00,0.00,0,0
1508087413,eth0,0.00,0.00,0.00,0,0,0.00,0.00,0.00,0,0,0.00,0.00,0,0
1508087413,eth1,0.00,0.00,0.00,0,0,0.00,0.00,0.00,0,0,0.00,0.00,0,0
1508087413,s2,0.00,0.00,0.00,0,0,0.00,0.00,0.00,0,0,0.00,0.00,0,0
1508087413,s1-eth2,12224.00,266464.00,278688.00,266464,12224,160.00,176.00,336.00,176,160,0.00,0.00,0,0
1508087413,s1-eth1,249810.00,12138.00,261948.00,12138,249810,165.00,159.00,324.00,159,165,0.00,0.00,0,0
1508087413,s2-eth2,3450.00,81756.00,85206.00,81756,3450,45.00,54.00,99.00,54,45,0.00,0.00,0,0
1508087413,s2-eth1,71158.00,3450.00,74608.00,3450,71158,47.00,45.00,92.00,45,47,0.00,0.00,0,0
1508087413,lo,0.00,0.00,0.00,0,0,0.00,0.00,0.00,0,0,0.00,0.00,0,0
1508087413,total,336642.00,363808.00,700450.00,363808,336642,417.00,434.00,851.00,434,417,0.00,0.00,0,0
1508087414,s1,0.00,0.00,0.00,0,0,0.00,0.00,0.00,0,0,0.00,0.00,0,0
1508087414,eth0,0.00,0.00,0.00,0,0,0.00,0.00,0.00,0,0,0.00,0.00,0,0
1508087414,eth1,0.00,0.00,0.00,0,0,0.00,0.00,0.00,0,0,0.00,0.00,0,0
1508087414,s2,0.00,0.00,0.00,0,0,0.00,0.00,0.00,0,0,0.00,0.00,0,0
1508087414,s1-eth2,12436.00,258894.00,271330.00,258894,12436,158.00,171.00,329.00,171,158,0.00,0.00,0,0
1508087414,s1-eth1,249810.00,12094.00,261904.00,12094,249810,165.00,157.00,322.00,157,165,0.00,0.00,0,0
1508087414,s2-eth2,2858.00,74186.00,77044.00,74186,2858,37.00,49.00,86.00,49,37,0.00,0.00,0,0
1508087414,s2-eth1,80242.00,2858.00,83100.00,2858,80242,53.00,37.00,90.00,37,53,0.00,0.00,0,0
1508087414,lo,0.00,0.00,0.00,0,0,0.00,0.00,0.00,0,0,0.00,0.00,0,0
1508087414,total,345346.00,348032.00,693378.00,348032,345346,413.00,414.00,827.00,414,413,0.00,0.00,0,0
1508087415,s1,0.00,0.00,0.00,0,0,0.00,0.00,0.00,0,0,0.00,0.00,0,0
1508087415,eth0,0.00,0.00,0.00,0,0,0.00,0.00,0.00,0,0,0.00,0.00,0,0
1508087415,eth1,0.00,0.00,0.00,0,0,0.00,0.00,0.00,0,0,0.00,0.00,0,0
1508087415,s2,0.00,0.00,0.00,0,0,0.00,0.00,0.00,0,0,0.00,0.00,0,0
1508087415,s1-eth2,11994.01,255610.39,267604.41,255866,12006,158.84,168.83,327.67,169,159,0.00,0.00,0,0
1508087415,s1-eth1,251072.94,12067.93,263140.88,12080,251324,165.83,159.84,325.67,160,166,0.00,0.00,0,0
1508087415,s2-eth2,2967.03,87724.28,90691.31,87812,2970,38.96,57.94,96.90,58,39,0.00,0.00,0,0
1508087415,s2-eth1,81674.33,2967.03,84641.36,2970,81756,53.95,38.96,92.91,39,54,0.00,0.00,0,0
1508087415,lo,0.00,0.00,0.00,0,0,0.00,0.00,0.00,0,0,0.00,0.00,0,0
1508087415,total,347708.31,358369.62,706077.94,358728,348056,417.58,425.57,843.16,426,418,0.00,0.00,0,0
1508087416,s1,0.00,0.00,0.00,0,0,0.00,0.00,0.00,0,0,0.00,0.00,0,0
1508087416,eth0,0.00,0.00,0.00,0,0,0.00,0.00,0.00,0,0,0.00,0.00,0,0
1508087416,eth1,0.00,0.00,0.00,0,0,0.00,0.00,0.00,0,0,0.00,0.00,0,0
1508087416,s2,0.00,0.00,0.00,0,0,0.00,0.00,0.00,0,0,0.00,0.00,0,0
1508087416,s1-eth2,12330.00,255866.00,268196.00,255866,12330,159.00,169.00,328.00,169,159,0.00,0.00,0,0
1508087416,s1-eth1,249810.00,12330.00,262140.00,12330,249810,165.00,159.00,324.00,159,165,0.00,0.00,0,0
1508087416,s2-eth2,2922.00,89326.00,92248.00,89326,2922,39.00,59.00,98.00,59,39,0.00,0.00,0,0
1508087416,s2-eth1,87812.00,2922.00,90734.00,2922,87812,58.00,39.00,97.00,39,58,0.00,0.00,0,0
1508087416,lo,172.00,172.00,344.00,172,172,3.00,3.00,6.00,3,3,0.00,0.00,0,0
1508087416,total,353046.00,360616.00,713662.00,360616,353046,424.00,429.00,853.00,429,424,0.00,0.00,0,0
1508087417,s1,0.00,0.00,0.00,0,0,0.00,0.00,0.00,0,0,0.00,0.00,0,0
1508087417,eth0,0.00,0.00,0.00,0,0,0.00,0.00,0.00,0,0,0.00,0.00,0,0
1508087417,eth1,0.00,0.00,0.00,0,0,0.00,0.00,0.00,0,0,0.00,0.00,0,0
1508087417,s2,0.00,0.00,0.00,0,0,0.00,0.00,0.00,0,0,0.00,0.00,0,0
1508087417,s1-eth2,12212.00,257380.00,269592.00,257380,12212,160.00,170.00,330.00,170,160,0.00,0.00,0,0
1508087417,s1-eth1,249810.00,12138.00,261948.00,12138,249810,165.00,159.00,324.00,159,165,0.00,0.00,0,0
1508087417,s2-eth2,3804.00,78728.00,82532.00,78728,3804,48.00,52.00,100.00,52,48,0.00,0.00,0,0
1508087417,s2-eth1,78728.00,3804.00,82532.00,3804,78728,52.00,48.00,100.00,48,52,0.00,0.00,0,0
1508087417,lo,172.00,172.00,344.00,172,172,3.00,3.00,6.00,3,3,0.00,0.00,0,0
1508087417,total,344726.00,352222.00,696948.00,352222,344726,428.00,432.00,860.00,432,428,0.00,0.00,0,0
1508087418,s1,0.00,0.00,0.00,0,0,0.00,0.00,0.00,0,0,0.00,0.00,0,0
1508087418,eth0,0.00,0.00,0.00,0,0,0.00,0.00,0.00,0,0,0.00,0.00,0,0
1508087418,eth1,0.00,0.00,0.00,0,0,0.00,0.00,0.00,0,0,0.00,0.00,0,0
1508087418,s2,0.00,0.00,0.00,0,0,0.00,0.00,0.00,0,0,0.00,0.00,0,0
1508087418,s1-eth2,12259.00,258894.00,271153.00,258894,12259,159.00,171.00,330.00,171,159,0.00,0.00,0,0
1508087418,s1-eth1,249917.00,12152.00,262069.00,12152,249917,166.00,158.00,324.00,158,166,0.00,0.00,0,0
1508087418,s2-eth2,2965.00,77214.00,80179.00,77214,2965,36.00,51.00,87.00,51,36,0.00,0.00,0,0
1508087418,s2-eth1,74293.00,2516.00,76809.00,2516,74293,50.00,34.00,84.00,34,50,0.00,0.00,0,0
1508087418,lo,0.00,0.00,0.00,0,0,0.00,0.00,0.00,0,0,0.00,0.00,0,0
1508087418,total,339434.00,350776.00,690210.00,350776,339434,411.00,414.00,825.00,414,411,0.00,0.00,0,0
1508087419,s1,0.00,0.00,0.00,0,0,0.00,0.00,0.00,0,0,0.00,0.00,0,0
1508087419,eth0,0.00,0.00,0.00,0,0,0.00,0.00,0.00,0,0,0.00,0.00,0,0
1508087419,eth1,0.00,0.00,0.00,0,0,0.00,0.00,0.00,0,0,0.00,0.00,0,0
1508087419,s2,0.00,0.00,0.00,0,0,0.00,0.00,0.00,0,0,0.00,0.00,0,0
1508087419,s1-eth2,3158.00,60500.00,63658.00,60500,3158,39.00,42.00,81.00,42,39,0.00,0.00,0,0
1508087419,s1-eth1,60426.00,3158.00,63584.00,3158,60426,41.00,39.00,80.00,39,41,0.00,0.00,0,0
1508087419,s2-eth2,1466.00,15214.00,16680.00,15214,1466,19.00,11.00,30.00,11,19,0.00,0.00,0,0
1508087419,s2-eth1,22784.00,1466.00,24250.00,1466,22784,16.00,19.00,35.00,19,16,0.00,0.00,0,0
1508087419,lo,0.00,0.00,0.00,0,0,0.00,0.00,0.00,0,0,0.00,0.00,0,0
1508087419,total,87834.00,80338.00,168172.00,80338,87834,115.00,111.00,226.00,111,115,0.00,0.00,0,0
1508087420,s1,0.00,0.00,0.00,0,0,0.00,0.00,0.00,0,0,0.00,0.00,0,0
1508087420,eth0,0.00,0.00,0.00,0,0,0.00,0.00,0.00,0,0,0.00,0.00,0,0
1508087420,eth1,0.00,0.00,0.00,0,0,0.00,0.00,0.00,0,0,0.00,0.00,0,0
1508087420,s2,0.00,0.00,0.00,0,0,0.00,0.00,0.00,0,0,0.00,0.00,0,0
1508087420,s1-eth2,160.00,148.00,308.00,148,160,2.00,2.00,4.00,2,2,0.00,0.00,0,0
1508087420,s1-eth1,148.00,160.00,308.00,160,148,2.00,2.00,4.00,2,2,0.00,0.00,0,0
1508087420,s2-eth2,74.00,74.00,148.00,74,74,1.00,1.00,2.00,1,1,0.00,0.00,0,0
1508087420,s2-eth1,416.00,74.00,490.00,74,416,2.00,1.00,3.00,1,2,0.00,0.00,0,0
1508087420,lo,0.00,0.00,0.00,0,0,0.00,0.00,0.00,0,0,0.00,0.00,0,0
1508087420,total,798.00,456.00,1254.00,456,798,7.00,6.00,13.00,6,7,0.00,0.00,0,0
1508087421,s1,0.00,0.00,0.00,0,0,0.00,0.00,0.00,0,0,0.00,0.00,0,0
1508087421,eth0,0.00,0.00,0.00,0,0,0.00,0.00,0.00,0,0,0.00,0.00,0,0
1508087421,eth1,0.00,0.00,0.00,0,0,0.00,0.00,0.00,0,0,0.00,0.00,0,0
1508087421,s2,0.00,0.00,0.00,0,0,0.00,0.00,0.00,0,0,0.00,0.00,0,0
1508087421,s1-eth2,342.00,0.00,342.00,0,342,1.00,0.00,1.00,0,1,0.00,0.00,0,0
1508087421,s1-eth1,0.00,0.00,0.00,0,0,0.00,0.00,0.00,0,0,0.00,0.00,0,0
1508087421,s2-eth2,0.00,0.00,0.00,0,0,0.00,0.00,0.00,0,0,0.00,0.00,0,0
1508087421,s2-eth1,0.00,0.00,0.00,0,0,0.00,0.00,0.00,0,0,0.00,0.00,0,0
1508087421,lo,172.00,172.00,344.00,172,172,3.00,3.00,6.00,3,3,0.00,0.00,0,0
1508087421,total,514.00,172.00,686.00,172,514,4.00,3.00,7.00,3,4,0.00,0.00,0,0
1508087422,s1,0.00,0.00,0.00,0,0,0.00,0.00,0.00,0,0,0.00,0.00,0,0
1508087422,eth0,0.00,0.00,0.00,0,0,0.00,0.00,0.00,0,0,0.00,0.00,0,0
1508087422,eth1,0.00,0.00,0.00,0,0,0.00,0.00,0.00,0,0,0.00,0.00,0,0
1508087422,s2,0.00,0.00,0.00,0,0,0.00,0.00,0.00,0,0,0.00,0.00,0,0
1508087422,s1-eth2,0.00,0.00,0.00,0,0,0.00,0.00,0.00,0,0,0.00,0.00,0,0
1508087422,s1-eth1,0.00,0.00,0.00,0,0,0.00,0.00,0.00,0,0,0.00,0.00,0,0
1508087422,s2-eth2,0.00,0.00,0.00,0,0,0.00,0.00,0.00,0,0,0.00,0.00,0,0
1508087422,s2-eth1,0.00,0.00,0.00,0,0,0.00,0.00,0.00,0,0,0.00,0.00,0,0
1508087422,lo,172.00,172.00,344.00,172,172,3.00,3.00,6.00,3,3,0.00,0.00,0,0
1508087422,total,172.00,172.00,344.00,172,172,3.00,3.00,6.00,3,3,0.00,0.00,0,0
1508087423,s1,0.00,0.00,0.00,0,0,0.00,0.00,0.00,0,0,0.00,0.00,0,0
1508087423,eth0,0.00,0.00,0.00,0,0,0.00,0.00,0.00,0,0,0.00,0.00,0,0
1508087423,eth1,0.00,0.00,0.00,0,0,0.00,0.00,0.00,0,0,0.00,0.00,0,0
1508087423,s2,0.00,0.00,0.00,0,0,0.00,0.00,0.00,0,0,0.00,0.00,0,0
1508087423,s1-eth2,0.00,0.00,0.00,0,0,0.00,0.00,0.00,0,0,0.00,0.00,0,0
1508087423,s1-eth1,341.66,0.00,341.66,0,342,1.00,0.00,1.00,0,1,0.00,0.00,0,0
1508087423,s2-eth2,0.00,0.00,0.00,0,0,0.00,0.00,0.00,0,0,0.00,0.00,0,0
1508087423,s2-eth1,0.00,0.00,0.00,0,0,0.00,0.00,0.00,0,0,0.00,0.00,0,0
1508087423,lo,0.00,0.00,0.00,0,0,0.00,0.00,0.00,0,0,0.00,0.00,0,0
1508087423,total,341.66,0.00,341.66,0,342,1.00,0.00,1.00,0,1,0.00,0.00,0,0
1508087424,s1,0.00,0.00,0.00,0,0,0.00,0.00,0.00,0,0,0.00,0.00,0,0
1508087424,eth0