1508084679,s5,0.00,0.00,0.00,0,0,0.00,0.00,0.00,0,0,0.00,0.00,0,0
1508084679,eth0,0.00,0.00,0.00,0,0,0.00,0.00,0.00,0,0,0.00,0.00,0,0
1508084679,eth1,0.00,0.00,0.00,0,0,0.00,0.00,0.00,0,0,0.00,0.00,0,0
1508084679,s2,0.00,0.00,0.00,0,0,0.00,0.00,0.00,0,0,0.00,0.00,0,0
1508084679,s2-eth2,0.00,0.00,0.00,0,0,0.00,0.00,0.00,0,0,0.00,0.00,0,0
1508084679,s2-eth1,0.00,0.00,0.00,0,0,0.00,0.00,0.00,0,0,0.00,0.00,0,0
1508084679,lo,0.00,0.00,0.00,0,0,0.00,0.00,0.00,0,0,0.00,0.00,0,0
1508084679,s4,0.00,0.00,0.00,0,0,0.00,0.00,0.00,0,0,0.00,0.00,0,0
1508084679,total,0.00,0.00,0.00,0,0,0.00,0.00,0.00,0,0,0.00,0.00,0,0
1508084680,s5,0.00,0.00,0.00,0,0,0.00,0.00,0.00,0,0,0.00,0.00,0,0
1508084680,eth0,152.00,245.00,397.00,245,152,2.00,2.00,4.00,2,2,0.00,0.00,0,0
1508084680,eth1,0.00,0.00,0.00,0,0,0.00,0.00,0.00,0,0,0.00,0.00,0,0
1508084680,s2,250.00,340.00,590.00,340,250,3.00,4.00,7.00,4,3,0.00,0.00,0,0
1508084680,s2-eth2,3602.00,91912.00,95514.00,91912,3602,42.00,32.00,74.00,32,42,0.00,0.00,0,0
1508084680,s2-eth1,99162.00,2296.00,101458.00,2296,99162,42.00,34.00,76.00,34,42,0.00,0.00,0,0
1508084680,lo,2317.00,2317.00,4634.00,2317,2317,25.00,25.00,50.00,25,25,0.00,0.00,0,0
1508084680,s4,0.00,0.00,0.00,0,0,0.00,0.00,0.00,0,0,0.00,0.00,0,0
1508084680,total,105483.00,97110.00,202593.00,97110,105483,114.00,97.00,211.00,97,114,0.00,0.00,0,0
1508084681,s5,0.00,0.00,0.00,0,0,0.00,0.00,0.00,0,0,0.00,0.00,0,0
1508084681,eth0,151.85,244.76,396.60,245,152,2.00,2.00,4.00,2,2,0.00,0.00,0,0
1508084681,eth1,0.00,0.00,0.00,0,0,0.00,0.00,0.00,0,0,0.00,0.00,0,0
1508084681,s2,0.00,0.00,0.00,0,0,0.00,0.00,0.00,0,0,0.00,0.00,0,0
1508084681,s2-eth2,2814.19,93374.62,96188.81,93468,2817,33.97,33.97,67.93,34,34,0.00,0.00,0,0
1508084681,s2-eth1,89439.56,2145.85,91585.41,2148,89529,31.97,31.97,63.94,32,32,0.00,0.00,0,0
1508084681,lo,340.66,340.66,681.32,341,341,4.00,4.00,7.99,4,4,0.00,0.00,0,0
1508084681,s4,0.00,0.00,0.00,0,0,0.00,0.00,0.00,0,0,0.00,0.00,0,0
1508084681,total,92746.26,96105.90,188852.16,96202,92839,71.93,71.93,143.86,72,72,0.00,0.00,0,0
1508084682,s5,0.00,0.00,0.00,0,0,0.00,0.00,0.00,0,0,0.00,0.00,0,0
1508084682,eth0,0.00,0.00,0.00,0,0,0.00,0.00,0.00,0,0,0.00,0.00,0,0
1508084682,eth1,0.00,0.00,0.00,0,0,0.00,0.00,0.00,0,0,0.00,0.00,0,0
1508084682,s2,0.00,0.00,0.00,0,0,0.00,0.00,0.00,0,0,0.00,0.00,0,0
1508084682,s2-eth2,2378.00,84516.00,86894.00,84516,2378,32.00,30.00,62.00,30,32,0.00,0.00,0,0
1508084682,s2-eth1,86536.00,2004.00,88540.00,2004,86536,35.00,30.00,65.00,30,35,0.00,0.00,0,0
1508084682,lo,0.00,0.00,0.00,0,0,0.00,0.00,0.00,0,0,0.00,0.00,0,0
1508084682,s4,0.00,0.00,0.00,0,0,0.00,0.00,0.00,0,0,0.00,0.00,0,0
1508084682,total,88914.00,86520.00,175434.00,86520,88914,67.00,60.00,127.00,60,67,0.00,0.00,0,0
1508084683,s5,0.00,0.00,0.00,0,0,0.00,0.00,0.00,0,0,0.00,0.00,0,0
1508084683,eth0,0.00,0.00,0.00,0,0,0.00,0.00,0.00,0,0,0.00,0.00,0,0
1508084683,eth1,0.00,0.00,0.00,0,0,0.00,0.00,0.00,0,0,0.00,0.00,0,0
1508084683,s2,0.00,70.00,70.00,70,0,0.00,1.00,1.00,1,0,0.00,0.00,0,0
1508084683,s2-eth2,2851.00,97816.00,100667.00,97816,2851,35.00,34.00,69.00,34,35,0.00,0.00,0,0
1508084683,s2-eth1,95251.00,2112.00,97363.00,2112,95251,35.00,32.00,67.00,32,35,0.00,0.00,0,0
1508084683,lo,268.00,268.00,536.00,268,268,3.00,3.00,6.00,3,3,0.00,0.00,0,0
1508084683,s4,0.00,0.00,0.00,0,0,0.00,0.00,0.00,0,0,0.00,0.00,0,0
1508084683,total,98370.00,100266.00,198636.00,100266,98370,73.00,70.00,143.00,70,73,0.00,0.00,0,0
1508084684,s5,0.00,0.00,0.00,0,0,0.00,0.00,0.00,0,0,0.00,0.00,0,0
1508084684,eth0,0.00,0.00,0.00,0,0,0.00,0.00,0.00,0,0,0.00,0.00,0,0
1508084684,eth1,0.00,0.00,0.00,0,0,0.00,0.00,0.00,0,0,0.00,0.00,0,0
1508084684,s2,70.00,70.00,140.00,70,70,1.00,1.00,2.00,1,1,0.00,0.00,0,0
1508084684,s2-eth2,2318.00,100708.00,103026.00,100708,2318,35.00,34.00,69.00,34,35,0.00,0.00,0,0
1508084684,s2-eth1,103740.00,2248.00,105988.00,2248,103740,36.00,34.00,70.00,34,36,0.00,0.00,0,0
1508084684,lo,984.00,984.00,1968.00,984,984,14.00,14.00,28.00,14,14,0.00,0.00,0,0
1508084684,s4,0.00,0.00,0.00,0,0,0.00,0.00,0.00,0,0,0.00,0.00,0,0
1508084684,total,107112.00,104010.00,211122.00,104010,107112,86.00,83.00,169.00,83,86,0.00,0.00,0,0
1508084685,s5,0.00,0.00,0.00,0,0,0.00,0.00,0.00,0,0,0.00,0.00,0,0
1508084685,eth0,0.00,0.00,0.00,0,0,0.00,0.00,0.00,0,0,0.00,0.00,0,0
1508084685,eth1,0.00,0.00,0.00,0,0,0.00,0.00,0.00,0,0,0.00,0.00,0,0
1508084685,s2,0.00,0.00,0.00,0,0,0.00,0.00,0.00,0,0,0.00,0.00,0,0
1508084685,s2-eth2,2637.36,121320.68,123958.05,121442,2640,39.96,40.96,80.92,41,40,0.00,0.00,0,0
1508084685,s2-eth1,112443.56,2637.36,115080.92,2640,112556,37.96,39.96,77.92,40,38,0.00,0.00,0,0
1508084685,lo,0.00,0.00,0.00,0,0,0.00,0.00,0.00,0,0,0.00,0.00,0,0
1508084685,s4,0.00,0.00,0.00,0,0,0.00,0.00,0.00,0,0,0.00,0.00,0,0
1508084685,total,115080.92,123958.05,239038.97,124082,115196,77.92,80.92,158.84,81,78,0.00,0.00,0,0
1508084686,s5,0.00,0.00,0.00,0,0,0.00,0.00,0.00,0,0,0.00,0.00,0,0
1508084686,eth0,0.00,0.00,0.00,0,0,0.00,0.00,0.00,0,0,0.00,0.00,0,0
1508084686,eth1,0.00,0.00,0.00,0,0,0.00,0.00,0.00,0,0,0.00,0.00,0,0
1508084686,s2,0.00,0.00,0.00,0,0,0.00,0.00,0.00,0,0,0.00,0.00,0,0
1508084686,s2-eth2,3679.32,156829.17,160508.50,156986,3683,50.95,52.95,103.90,53,51,0.00,0.00,0,0
1508084686,s2-eth1,156936.06,3230.77,160166.84,3234,157093,53.95,48.95,102.90,49,54,0.00,0.00,0,0
1508084686,lo,0.00,0.00,0.00,0,0,0.00,0.00,0.00,0,0,0.00,0.00,0,0
1508084686,s4,0.00,0.00,0.00,0,0,0.00,0.00,0.00,0,0,0.00,0.00,0,0
1508084686,total,160615.39,160059.94,320675.34,160220,160776,104.90,101.90,206.79,102,105,0.00,0.00,0,0
1508084687,s5,0.00,0.00,0.00,0,0,0.00,0.00,0.00,0,0,0.00,0.00,0,0
1508084687,eth0,0.00,0.00,0.00,0,0,0.00,0.00,0.00,0,0,0.00,0.00,0,0
1508084687,eth1,0.00,0.00,0.00,0,0,0.00,0.00,0.00,0,0,0.00,0.00,0,0
1508084687,s2,0.00,69.93,69.93,70,0,0.00,1.00,1.00,1,0,0.00,0.00,0,0
1508084687,s2-eth2,4973.03,219368.64,224341.67,219588,4978,72.93,79.92,152.85,80,73,0.00,0.00,0,0
1508084687,s2-eth1,213862.14,4903.10,218765.23,4908,214076,79.92,71.93,151.85,72,80,0.00,0.00,0,0
1508084687,lo,267.73,267.73,535.46,268,268,3.00,3.00,5.99,3,3,0.00,0.00,0,0
1508084687,s4,0.00,0.00,0.00,0,0,0.00,0.00,0.00,0,0,0.00,0.00,0,0
1508084687,total,219102.91,224609.39,443712.31,224834,219322,155.84,155.84,311.69,156,156,0.00,0.00,0,0
1508084688,s5,0.00,0.00,0.00,0,0,0.00,0.00,0.00,0,0,0.00,0.00,0,0
1508084688,eth0,0.00,0.00,0.00,0,0,0.00,0.00,0.00,0,0,0.00,0.00,0,0
1508084688,eth1,0.00,0.00,0.00,0,0,0.00,0.00,0.00,0,0,0.00,0.00,0,0
1508084688,s2,69.93,69.93,139.86,70,70,1.00,1.00,2.00,1,1,0.00,0.00,0,0
1508084688,s2-eth2,4515.48,180765.23,185280.72,180946,4520,65.93,64.94,130.87,65,66,0.00,0.00,0,0
1508084688,s2-eth1,180835.17,4445.55,185280.72,4450,181016,65.93,64.94,130.87,65,66,0.00,0.00,0,0
1508084688,lo,535.46,535.46,1070.93,536,536,5.99,5.99,11.99,6,6,0.00,0.00,0,0
1508084688,s4,0.00,0.00,0.00,0,0,0.00,0.00,0.00,0,0,0.00,0.00,0,0
1508084688,total,185956.05,185816.19,371772.25,186002,186142,138.86,136.86,275.72,137,139,0.00,0.00,0,0
1508084689,s5,0.00,0.00,0.00,0,0,0.00,0.00,0.00,0,0,0.00,0.00,0,0
1508084689,eth0,0.00,0.00,0.00,0,0,0.00,0.00,0.00,0,0,0.00,0.00,0,0
1508084689,eth1,0.00,0.00,0.00,0,0,0.00,0.00,0.00,0,0,0.00,0.00,0,0
1508084689,s2,0.00,0.00,0.00,0,0,0.00,0.00,0.00,0,0,0.00,0.00,0,0
1508084689,s2-eth2,3950.05,155844.16,159794.20,156000,3954,56.94,59.94,116.88,60,57,0.00,0.00,0,0
1508084689,s2-eth1,154133.88,3950.05,158083.92,3954,154288,55.94,56.94,112.89,57,56,0.00,0.00,0,0
1508084689,lo,343.66,343.66,687.31,344,344,5.99,5.99,11.99,6,6,0.00,0.00,0,0
1508084689,s4,0.00,0.00,0.00,0,0,0.00,0.00,0.00,0,0,0.00,0.00,0,0
1508084689,total,158427.58,160137.86,318565.44,160298,158586,118.88,122.88,241.76,123,119,0.00,0.00,0,0
1508084690,s5,0.00,0.00,0.00,0,0,0.00,0.00,0.00,0,0,0.00,0.00,0,0
1508084690,eth0,0.00,0.00,0.00,0,0,0.00,0.00,0.00,0,0,0.00,0.00,0,0
1508084690,eth1,0.00,0.00,0.00,0,0,0.00,0.00,0.00,0,0,0.00,0.00,0,0
1508084690,s2,0.00,0.00,0.00,0,0,0.00,0.00,0.00,0,0,0.00,0.00,0,0
1508084690,s2-eth2,3138.00,126050.00,129188.00,126050,3138,47.00,45.00,92.00,45,47,0.00,0.00,0,0
1508084690,s2-eth1,130724.00,3138.00,133862.00,3138,130724,50.00,47.00,97.00,47,50,0.00,0.00,0,0
1508084690,lo,0.00,0.00,0.00,0,0,0.00,0.00,0.00,0,0,0.00,0.00,0,0
1508084690,s4,0.00,0.00,0.00,0,0,0.00,0.00,0.00,0,0,0.00,0.00,0,0
1508084690,total,133862.00,129188.00,263050.00,129188,133862,97.00,92.00,189.00,92,97,0.00,0.00,0,0
1508084691,s5,0.00,0.00,0.00,0,0,0.00,0.00,0.00,0,0,0.00,0.00,0,0
1508084691,eth0,0.00,0.00,0.00,0,0,0.00,0.00,0.00,0,0,0.00,0.00,0,0
1508084691,eth1,0.00,0.00,0.00,0,0,0.00,0.00,0.00,0,0,0.00,0.00,0,0
1508084691,s2,0.00,0.00,0.00,0,0,0.00,0.00,0.00,0,0,0.00,0.00,0,0
1508084691,s2-eth2,2997.00,115798.20,118795.21,115914,3000,43.96,44.96,88.91,45,44,0.00,0.00,0,0
1508084691,s2-eth1,106921.08,2997.00,109918.09,3000,107028,41.96,43.96,85.91,44,42,0.00,0.00,0,0
1508084691,lo,0.00,0.00,0.00,0,0,0.00,0.00,0.00,0,0,0.00,0.00,0,0
1508084691,s4,0.00,0.00,0.00,0,0,0.00,0.00,0.00,0,0,0.00,0.00,0,0
1508084691,total,109918.09,118795.21,228713.30,118914,110028,85.91,88.91,174.83,89,86,0.00,0.00,0,0
1508084692,s5,0.00,0.00,0.00,0,0,0.00,0.00,0.00,0,0,0.00,0.00,0,0
1508084692,eth0,0.00,0.00,0.00,0,0,0.00,0.00,0.00,0,0,0.00,0.00,0,0
1508084692,eth1,0.00,0.00,0.00,0,0,0.00,0.00,0.00,0,0,0.00,0.00,0,0
1508084692,s2,0.00,0.00,0.00,0,0,0.00,0.00,0.00,0,0,0.00,0.00,0,0
1508084692,s2-eth2,2655.34,89100.90,91756.25,89190,2658,34.97,34.97,69.93,35,35,0.00,0.00,0,0
1508084692,s2-eth1,97978.02,2313.69,100291.71,2316,98076,37.96,33.97,71.93,34,38,0.00,0.00,0,0
1508084692,lo,171.83,171.83,343.66,172,172,3.00,3.00,5.99,3,3,0.00,0.00,0,0
1508084692,s4,0.00,0.00,0.00,0,0,0.00,0.00,0.00,0,0,0.00,0.00,0,0
1508084692,total,100805.20,91586.41,192391.61,91678,100906,75.92,71.93,147.85,72,76,0.00,0.00,0,0
1508084693,s5,0.00,0.00,0.00,0,0,0.00,0.00,0.00,0,0,0.00,0.00,0,0
1508084693,eth0,0.00,0.00,0.00,0,0,0.00,0.00,0.00,0,0,0.00,0.00,0,0
1508084693,eth1,0.00,0.00,0.00,0,0,0.00,0.00,0.00,0,0,0.00,0.00,0,0
1508084693,s2,0.00,0.00,0.00,0,0,0.00,0.00,0.00,0,0,0.00,0.00,0,0
1508084693,s2-eth2,2376.00,112556.00,114932.00,112556,2376,36.00,38.00,74.00,38,36,0.00,0.00,0,0
1508084693,s2-eth1,94784.00,2376.00,97160.00,2376,94784,32.00,36.00,68.00,36,32,0.00,0.00,0,0
1508084693,lo,0.00,0.00,0.00,0,0,0.00,0.00,0.00,0,0,0.00,0.00,0,0
1508084693,s4,0.00,0.00,0.00,0,0,0.00,0.00,0.00,0,0,0.00,0.00,0,0
1508084693,total,97160.00,114932.00,212092.00,114932,97160,68.00,74.00,142.00,74,68,0.00,0.00,0,0
1508084694,s5,0.00,0.00,0.00,0,0,0.00,0.00,0.00,0,0,0.00,0.00,0,0
1508084694,eth0,0.00,0.00,0.00,0,0,0.00,0.00,0.00,0,0,0.00,0.00,0,0
1508084694,eth1,0.00,0.00,0.00,0,0,0.00,0.00,0.00,0,0,0.00,0.00,0,0
1508084694,s2,0.00,0.00,0.00,0,0,0.00,0.00,0.00,0,0,0.00,0.00,0,0
1508084694,s2-eth2,2414.59,109484.52,111899.10,109594,2417,35.96,36.96,72.93,37,36,0.00,0.00,0,0
1508084694,s2-eth1,124386.62,2307.69,126694.31,2310,124511,42.96,34.97,77.92,35,43,0.00,0.00,0,0
1508084694,lo,343.66,343.66,687.31,344,344,5.99,5.99,11.99,6,6,0.00,0.00,0,0
1508084694,s4,0.00,0.00,0.00,0,0,0.00,0.00,0.00,0,0,0.00,0.00,0,0
1508084694,total,127144.86,112135.87,239280.72,112248,127272,84.92,77.92,162.84,78,85,0.00,0.00,0,0
1508084695,s5,0.00,0.00,0.00,0,0,0.00,0.00,0.00,0,0,0.00,0.00,0,0
1508084695,eth0,0.00,0.00,0.00,0,0,0.00,0.00,0.00,0,0,0.00,0.00,0,0
1508084695,eth1,0.00,0.00,0.00,0,0,0.00,0.00,0.00,0,0,0.00,0.00,0,0
1508084695,s2,0.00,0.00,0.00,0,0,0.00,0.00,0.00,0,0,0.00,0.00,0,0
1508084695,s2-eth2,3234.00,148100.00,151334.00,148100,3234,49.00,50.00,99.00,50,49,0.00,0.00,0,0
1508084695,s2-eth1,127708.00,3234.00,130942.00,3234,127708,44.00,49.00,93.00,49,44,0.00,0.00,0,0
1508084695,lo,0.00,0.00,0.00,0,0,0.00,0.00,0.00,0,0,0.00,0.00,0,0
1508084695,s4,0.00,0.00,0.00,0,0,0.00,0.00,0.00,0,0,0.00,0.00,0,0
1508084695,total,130942.00,151334.00,282276.00,151334,130942,93.00,99.00,192.00,99,93,0.00,0.00,0,0
1508084696,s5,0.00,0.00,0.00,0,0,0.00,0.00,0.00,0,0,0.00,0.00,0,0
1508084696,eth0,0.00,0.00,0.00,0,0,0.00,0.00,0.00,0,0,0.00,0.00,0,0
1508084696,eth1,0.00,0.00,0.00,0,0,0.00,0.00,0.00,0,0,0.00,0.00,0,0
1508084696,s2,0.00,0.00,0.00,0,0,0.00,0.00,0.00,0,0,0.00,0.00,0,0
1508084696,s2-eth2,3630.00,174758.00,178388.00,174758,3630,55.00,59.00,114.00,59,55,0.00,0.00,0,0
1508084696,s2-eth1,183644.00,3630.00,187274.00,3630,183644,62.00,55.00,117.00,55,62,0.00,0.00,0,0
1508084696,lo,0.00,0.00,0.00,0,0,0.00,0.00,0.00,0,0,0.00,0.00,0,0
1508084696,s4,0.00,0.00,0.00,0,0,0.00,0.00,0.00,0,0,0.00,0.00,0,0
1508084696,total,187274.00,178388.00,365662.00,178388,187274,117.00,114.00,231.00,114,117,0.00,0.00,0,0
1508084697,s5,0.00,0.00,0.00,0,0,0.00,0.00,0.00,0,0,0.00,0.00,0,0
1508084697,eth0,0.00,0.00,0.00,0,0,0.00,0.00,0.00,0,0,0.00,0.00,0,0
1508084697,eth1,0.00,0.00,0.00,0,0,0.00,0.00,0.00,0,0,0.00,0.00,0,0
1508084697,s2,0.00,0.00,0.00,0,0,0.00,0.00,0.00,0,0,0.00,0.00,0,0
1508084697,s2-eth2,5442.56,225282.72,230725.28,225508,5448,79.92,81.92,161.84,82,80,0.00,0.00,0,0
1508084697,s2-eth1,219364.64,5442.56,224807.20,5448,219584,79.92,79.92,159.84,80,80,0.00,0.00,0,0
1508084697,lo,171.83,171.83,343.66,172,172,3.00,3.00,5.99,3,3,0.00,0.00,0,0
1508084697,s4,0.00,0.00,0.00,0,0,0.00,0.00,0.00,0,0,0.00,0.00,0,0
1508084697,total,224979.03,230897.11,455876.12,231128,225204,162.84,164.84,327.67,165,163,0.00,0.00,0,0
1508084698,s5,0.00,0.00,0.00,0,0,0.00,0.00,0.00,0,0,0.00,0.00,0,0
1508084698,eth0,0.00,0.00,0.00,0,0,0.00,0.00,0.00,0,0,0.00,0.00,0,0
1508084698,eth1,0.00,0.00,0.00,0,0,0.00,0.00,0.00,0,0,0.00,0.00,0,0
1508084698,s2,0.00,0.00,0.00,0,0,0.00,0.00,0.00,0,0,0.00,0.00,0,0
1508084698,s2-eth2,4470.00,156198.00,160668.00,156198,4470,63.00,63.00,126.00,63,63,0.00,0.00,0,0
1508084698,s2-eth1,157646.00,4470.00,162116.00,4470,157646,63.00,63.00,126.00,63,63,0.00,0.00,0,0
1508084698,lo,0.00,0.00,0.00,0,0,0.00,0.00,0.00,0,0,0.00,0.00,0,0
1508084698,s4,0.00,0.00,0.00,0,0,0.00,0.00,0.00,0,0,0.00,0.00,0,0
1508084698,total,162116.00,160668.00,322784.00,160668,162116,126.00,126.00,252.00,126,126,0.00,0.00,0,0
1508084699,s5,0.00,0.00,0.00,0,0,0.00,0.00,0.00,0,0,0.00,0.00,0,0
1508084699,eth0,0.00,0.00,0.00,0,0,0.00,0.00,0.00,0,0,0.00,0.00,0,0
1508084699,eth1,0.00,0.00,0.00,0,0,0.00,0.00,0.00,0,0,0.00,0.00,0,0
1508084699,s2,0.00,0.00,0.00,0,0,0.00,0.00,0.00,0,0,0.00,0.00,0,0
1508084699,s2-eth2,3300.00,154024.00,157324.00,154024,3300,50.00,52.00,102.00,52,50,0.00,0.00,0,0
1508084699,s2-eth1,156986.00,3300.00,160286.00,3300,156986,53.00,50.00,103.00,50,53,0.00,0.00,0,0
1508084699,lo,344.00,344.00,688.00,344,344,6.00,6.00,12.00,6,6,0.00,0.00,0,0
1508084699,s4,0.00,0.00,0.00,0,0,0.00,0.00,0.00,0,0,0.00,0.00,0,0
1508084699,total,160630.00,157668.00,318298.00,157668,160630,109.00,108.00,217.00,108,109,0.00,0.00,0,0
1508084700,s5,0.00,0.00,0.00,0,0,0.00,0.00,0.00,0,0,0.00,0.00,0,0
1508084700,eth0,0.00,0.00,0.00,0,0,0.00,0.00,0.00,0,0,0.00,0.00,0,0
1508084700,eth1,0.00,0.00,0.00,0,0,0.00,0.00,0.00,0,0,0.00,0.00,0,0
1508084700,s2,0.00,0.00,0.00,0,0,0.00,0.00,0.00,0,0,0.00,0.00,0,0
1508084700,s2-eth2,3498.00,159948.00,163446.00,159948,3498,53.00,54.00,107.00,54,53,0.00,0.00,0,0
1508084700,s2-eth1,151062.00,3498.00,154560.00,3498,151062,51.00,53.00,104.00,53,51,0.00,0.00,0,0
1508084700,lo,0.00,0.00,0.00,0,0,0.00,0.00,0.00,0,0,0.00,0.00,0,0
1508084700,s4,0.00,0.00,0.00,0,0,0.00,0.00,0.00,0,0,0.00,0.00,0,0
1508084700,total,154560.00,163446.00,318006.00,163446,154560,104.00,107.00,211.00,107,104,0.00,0.00,0,0
1508084701,s5,0.00,0.00,0.00,0,0,0.00,0.00,0.00,0,0,0.00,0.00,0,0
1508084701,eth0,0.00,0.00,0.00,0,0,0.00,0.00,0.00,0,0,0.00,0.00,0,0
1508084701,eth1,0.00,0.00,0.00,0,0,0.00,0.00,0.00,0,0,0.00,0.00,0,0
1508084701,s2,0.00,0.00,0.00,0,0,0.00,0.00,0.00,0,0,0.00,0.00,0,0
1508084701,s2-eth2,3762.00,168834.00,172596.00,168834,3762,57.00,57.00,114.00,57,57,0.00,0.00,0,0
1508084701,s2-eth1,177720.00,3762.00,181482.00,3762,177720,60.00,57.00,117.00,57,60,0.00,0.00,0,0
1508084701,lo,0.00,0.00,0.00,0,0,0.00,0.00,0.00,0,0,0.00,0.00,0,0
1508084701,s4,0.00,0.00,0.00,0,0,0.00,0.00,0.00,0,0,0.00,0.00,0,0
1508084701,total,181482.00,172596.00,354078.00,172596,181482,117.00,114.00,231.00,114,117,0.00,0.00,0,0
1508084702,s5,0.00,0.00,0.00,0,0,0.00,0.00,0.00,0,0,0.00,0.00,0,0
1508084702,eth0,0.00,0.00,0.00,0,0,0.00,0.00,0.00,0,0,0.00,0.00,0,0
1508084702,eth1,0.00,0.00,0.00,0,0,0.00,0.00,0.00,0,0,0.00,0.00,0,0
1508084702,s2,0.00,0.00,0.00,0,0,0.00,0.00,0.00,0,0,0.00,0.00,0,0
1508084702,s2-eth2,3816.00,129408.00,133224.00,129408,3816,54.00,52.00,106.00,52,54,0.00,0.00,0,0
1508084702,s2-eth1,124932.00,3816.00,128748.00,3816,124932,50.00,54.00,104.00,54,50,0.00,0.00,0,0
1508084702,lo,172.00,172.00,344.00,172,172,3.00,3.00,6.00,3,3,0.00,0.00,0,0
1508084702,s4,0.00,0.00,0.00,0,0,0.00,0.00,0.00,0,0,0.00,0.00,0,0
1508084702,total,128920.00,133396.00,262316.00,133396,128920,107.00,109.00,216.00,109,107,0.00,0.00,0,0
1508084703,s5,0.00,0.00,0.00,0,0,0.00,0.00,0.00,0,0,0.00,0.00,0,0
1508084703,eth0,0.00,0.00,0.00,0,0,0.00,0.00,0.00,0,0,0.00,0.00,0,0
1508084703,eth1,0.00,0.00,0.00,0,0,0.00,0.00,0.00,0,0,0.00,0.00,0,0
1508084703,s2,0.00,0.00,0.00,0,0,0.00,0.00,0.00,0,0,0.00,0.00,0,0
1508084703,s2-eth2,2046.00,97746.00,99792.00,97746,2046,31.00,33.00,64.00,33,31,0.00,0.00,0,0
1508084703,s2-eth1,100708.00,2046.00,102754.00,2046,100708,34.00,31.00,65.00,31,34,0.00,0.00,0,0
1508084703,lo,0.00,0.00,0.00,0,0,0.00,0.00,0.00,0,0,0.00,0.00,0,0
1508084703,s4,0.00,0.00,0.00,0,0,0.00,0.00,0.00,0,0,0.00,0.00,0,0
1508084703,total,102754.00,99792.00,202546.00,99792,102754,65.00,64.00,129.00,64,65,0.00,0.00,0,0
1508084704,s5,0.00,0.00,0.00,0,0,0.00,0.00,0.00,0,0,0.00,0.00,0,0
1508084704,eth0,0.00,0.00,0.00,0,0,0.00,0.00,0.00,0,0,0.00,0.00,0,0
1508084704,eth1,0.00,0.00,0.00,0,0,0.00,0.00,0.00,0,0,0.00,0.00,0,0
1508084704,s2,0.00,0.00,0.00,0,0,0.00,0.00,0.00,0,0,0.00,0.00,0,0
1508084704,s2-eth2,2571.43,118361.64,120933.07,118480,2574,38.96,39.96,78.92,40,39,0.00,0.00,0,0
1508084704,s2-eth1,109484.52,2571.43,112055.95,2574,109594,36.96,38.96,75.92,39,37,0.00,0.00,0,0
1508084704,lo,343.66,343.66,687.31,344,344,5.99,5.99,11.99,6,6,0.00,0.00,0,0
1508084704,s4,0.00,0.00,0.00,0,0,0.00,0.00,0.00,0,0,0.00,0.00,0,0
1508084704,total,112399.60,121276.73,233676.33,121398,112512,81.92,84.92,166.83,85,82,0.00,0.00,0,0
1508084705,s5,0.00,0.00,0.00,0,0,0.00,0.00,0.00,0,0,0.00,0.00,0,0
1508084705,eth0,0.00,0.00,0.00,0,0,0.00,0.00,0.00,0,0,0.00,0.00,0,0
1508084705,eth1,0.00,0.00,0.00,0,0,0.00,0.00,0.00,0,0,0.00,0.00,0,0
1508084705,s2,0.00,0.00,0.00,0,0,0.00,0.00,0.00,0,0,0.00,0.00,0,0
1508084705,s2-eth2,3062.94,121518.48,124581.42,121640,3066,40.96,43.96,84.92,44,41,0.00,0.00,0,0
1508084705,s2-eth1,127436.57,2721.28,130157.84,2724,127564,45.95,39.96,85.91,40,46,0.00,0.00,0,0
1508084705,lo,0.00,0.00,0.00,0,0,0.00,0.00,0.00,0,0,0.00,0.00,0,0
1508084705,s4,0.00,0.00,0.00,0,0,0.00,0.00,0.00,0,0,0.00,0.00,0,0
1508084705,total,130499.51,124239.77,254739.27,124364,130630,86.91,83.92,170.83,84,87,0.00,0.00,0,0
1508084706,s5,0.00,0.00,0.00,0,0,0.00,0.00,0.00,0,0,0.00,0.00,0,0
1508084706,eth0,0.00,0.00,0.00,0,0,0.00,0.00,0.00,0,0,0.00,0.00,0,0
1508084706,eth1,0.00,0.00,0.00,0,0,0.00,0.00,0.00,0,0,0.00,0.00,0,0
1508084706,s2,0.00,0.00,0.00,0,0,0.00,0.00,0.00,0,0,0.00,0.00,0,0
1508084706,s2-eth2,2626.00,80436.00,83062.00,80436,2626,37.00,34.00,71.00,34,37,0.00,0.00,0,0
1508084706,s2-eth1,68588.00,2626.00,71214.00,2626,68588,30.00,37.00,67.00,37,30,0.00,0.00,0,0
1508084706,lo,0.00,0.00,0.00,0,0,0.00,0.00,0.00,0,0,0.00,0.00,0,0
1508084706,s4,0.00,0.00,0.00,0,0,0.00,0.00,0.00,0,0,0.00,0.00,0,0
1508084706,total,71214.00,83062.00,154276.00,83062,71214,67.00,71.00,138.00,71,67,0.00,0.00,0,0
1508084707,s5,0.00,0.00,0.00,0,0,0.00,0.00,0.00,0,0,0.00,0.00,0,0
1508084707,eth0,0.00,0.00,0.00,0,0,0.00,0.00,0.00,0,0,0.00,0.00,0,0
1508084707,eth1,0.00,0.00,0.00,0,0,0.00,0.00,0.00,0,0,0.00,0.00,0,0
1508084707,s2,0.00,0.00,0.00,0,0,0.00,0.00,0.00,0,0,0.00,0.00,0,0
1508084707,s2-eth2,1840.16,71280.72,73120.88,71352,1842,26.97,27.97,54.95,28,27,0.00,0.00,0,0
1508084707,s2-eth1,80499.50,1840.16,82339.66,1842,80580,31.97,26.97,58.94,27,32,0.00,0.00,0,0
1508084707,lo,171.83,171.83,343.66,172,172,3.00,3.00,5.99,3,3,0.00,0.00,0,0
1508084707,s4,0.00,0.00,0.00,0,0,0.00,0.00,0.00,0,0,0.00,0.00,0,0
1508084707,total,82511.49,73292.71,155804.20,73366,82594,61.94,57.94,119.88,58,62,0.00,0.00,0,0
1508084708,s5,0.00,0.00,0.00,0,0,0.00,0.00,0.00,0,0,0.00,0.00,0,0
1508084708,eth0,0.00,0.00,0.00,0,0,0.00,0.00,0.00,0,0,0.00,0.00,0,0
1508084708,eth1,0.00,0.00,0.00,0,0,0.00,0.00,0.00,0,0,0.00,0.00,0,0
1508084708,s2,0.00,0.00,0.00,0,0,0.00,0.00,0.00,0,0,0.00,0.00,0,0
1508084708,s2-eth2,1908.00,83200.00,85108.00,83200,1908,28.00,32.00,60.00,32,28,0.00,0.00,0,0
1508084708,s2-eth1,68390.00,1974.00,70364.00,1974,68390,27.00,29.00,56.00,29,27,0.00,0.00,0,0
1508084708,lo,0.00,0.00,0.00,0,0,0.00,0.00,0.00,0,0,0.00,0.00,0,0
1508084708,s4,0.00,0.00,0.00,0,0,0.00,0.00,0.00,0,0,0.00,0.00,0,0
1508084708,total,70298.00,85174.00,155472.00,85174,70298,55.00,61.00,116.00,61,55,0.00,0.00,0,0
1508084709,s5,0.00,0.00,0.00,0,0,0.00,0.00,0.00,0,0,0.00,0.00,0,0
1508084709,eth0,0.00,0.00,0.00,0,0,0.00,0.00,0.00,0,0,0.00,0.00,0,0
1508084709,eth1,0.00,0.00,0.00,0,0,0.00,0.00,0.00,0,0,0.00,0.00,0,0
1508084709,s2,0.00,0.00,0.00,0,0,0.00,0.00,0.00,0,0,0.00,0.00,0,0
1508084709,s2-eth2,2172.00,83200.00,85372.00,83200,2172,32.00,32.00,64.00,32,32,0.00,0.00,0,0
1508084709,s2-eth1,89124.00,2106.00,91230.00,2106,89124,34.00,31.00,65.00,31,34,0.00,0.00,0,0
1508084709,lo,344.00,344.00,688.00,344,344,6.00,6.00,12.00,6,6,0.00,0.00,0,0
1508084709,s4,0.00,0.00,0.00,0,0,0.00,0.00,0.00,0,0,0.00,0.00,0,0
1508084709,total,91640.00,85650.00,177290.00,85650,91640,72.00,69.00,141.00,69,72,0.00,0.00,0,0
1508084710,s5,0.00,0.00,0.00,0,0,0.00,0.00,0.00,0,0,0.00,0.00,0,0
1508084710,eth0,0.00,0.00,0.00,0,0,0.00,0.00,0.00,0,0,0.00,0.00,0,0
1508084710,eth1,0.00,0.00,0.00,0,0,0.00,0.00,0.00,0,0,0.00,0.00,0,0
1508084710,s2,0.00,0.00,0.00,0,0,0.00,0.00,0.00,0,0,0.00,0.00,0,0
1508084710,s2-eth2,2096.90,69966.04,72062.94,70036,2099,28.97,29.97,58.94,30,29,0.00,0.00,0,0
1508084710,s2-eth1,65601.40,1990.01,67591.41,1992,65667,28.97,27.97,56.94,28,29,0.00,0.00,0,0
1508084710,lo,0.00,0.00,0.00,0,0,0.00,0.00,0.00,0,0,0.00,0.00,0,0
1508084710,s4,0.00,0.00,0.00,0,0,0.00,0.00,0.00,0,0,0.00,0.00,0,0
1508084710,total,67698.30,71956.05,139654.34,72028,67766,57.94,57.94,115.88,58,58,0.00,0.00,0,0
1508084711,s5,0.00,0.00,0.00,0,0,0.00,0.00,0.00,0,0,0.00,0.00,0,0
1508084711,eth0,0.00,0.00,0.00,0,0,0.00,0.00,0.00,0,0,0.00,0.00,0,0
1508084711,eth1,0.00,0.00,0.00,0,0,0.00,0.00,0.00,0,0,0.00,0.00,0,0
1508084711,s2,0.00,0.00,0.00,0,0,0.00,0.00,0.00,0,0,0.00,0.00,0,0
1508084711,s2-eth2,1318.68,59180.82,60499.50,59240,1320,19.98,19.98,39.96,20,20,0.00,0.00,0,0
1508084711,s2-eth1,59180.82,1318.68,60499.50,1320,59240,19.98,19.98,39.96,20,20,0.00,0.00,0,0
1508084711,lo,0.00,0.00,0.00,0,0,0.00,0.00,0.00,0,0,0.00,0.00,0,0
1508084711,s4,0.00,0.00,0.00,0,0,0.00,0.00,0.00,0,0,0.00,0.00,0,0
1508084711,total,60499.50,60499.50,120999.01,60560,60560,39.96,39.96,79.92,40,40,0.00,0.00,0,0
1508084712,s5,0.00,0.00,0.00,0,0,0.00,0.00,0.00,0,0,0.00,0.00,0,0
1508084712,eth0,0.00,0.00,0.00,0,0,0.00,0.00,0.00,0,0,0.00,0.00,0,0
1508084712,eth1,0.00,0.00,0.00,0,0,0.00,0.00,0.00,0,0,0.00,0.00,0,0
1508084712,s2,0.00,0.00,0.00,0,0,0.00,0.00,0.00,0,0,0.00,0.00,0,0
1508084712,s2-eth2,1542.00,62442.00,63984.00,62442,1542,23.00,25.00,48.00,25,23,0.00,0.00,0,0
1508084712,s2-eth1,56518.00,1542.00,58060.00,1542,56518,23.00,23.00,46.00,23,23,0.00,0.00,0,0
1508084712,lo,468.00,468.00,936.00,468,468,6.00,6.00,12.00,6,6,0.00,0.00,0,0
1508084712,s4,0.00,0.00,0.00,0,0,0.00,0.00,0.00,0,0,0.00,0.00,0,0
1508084712,total,58528.00,64452.00,122980.00,64452,58528,52.00,54.00,106.00,54,52,0.00,0.00,0,0
1508084713,s5,0.00,0.00,0.00,0,0,0.00,0.00,0.00,0,0,0.00,0.00,0,0
1508084713,eth0,0.00,0.00,0.00,0,0,0.00,0.00,0.00,0,0,0.00,0.00,0,0
1508084713,eth1,0.00,0.00,0.00,0,0,0.00,0.00,0.00,0,0,0.00,0.00,0,0
1508084713,s2,0.00,0.00,0.00,0,0,0.00,0.00,0.00,0,0,0.00,0.00,0,0
1508084713,s2-eth2,1716.00,77012.00,78728.00,77012,1716,26.00,26.00,52.00,26,26,0.00,0.00,0,0
1508084713,s2-eth1,77012.00,1716.00,78728.00,1716,77012,26.00,26.00,52.00,26,26,0.00,0.00,0,0
1508084713,lo,0.00,0.00,0.00,0,0,0.00,0.00,0.00,0,0,0.00,0.00,0,0
1508084713,s4,0.00,0.00,0.00,0,0,0.00,0.00,0.00,0,0,0.00,0.00,0,0
1508084713,total,78728.00,78728.00,157456.00,78728,78728,52.00,52.00,104.00,52,52,0.00,0.00,0,0
1508084714,s5,0.00,0.00,0.00,0,0,0.00,0.00,0.00,0,0,0.00,0.00,0,0
1508084714,eth0,0.00,0.00,0.00,0,0,0.00,0.00,0.00,0,0,0.00,0.00,0,0
1508084714,eth1,0.00,0.00,0.00,0,0,0.00,0.00,0.00,0,0,0.00,0.00,0,0
1508084714,s2,0.00,0.00,0.00,0,0,0.00,0.00,0.00,0,0,0.00,0.00,0,0
1508084714,s2-eth2,1782.00,79974.00,81756.00,79974,1782,27.00,27.00,54.00,27,27,0.00,0.00,0,0
1508084714,s2-eth1,77012.00,1782.00,78794.00,1782,77012,26.00,27.00,53.00,27,26,0.00,0.00,0,0
1508084714,lo,344.00,344.00,688.00,344,344,6.00,6.00,12.00,6,6,0.00,0.00,0,0
1508084714,s4,0.00,0.00,0.00,0,0,0.00,0.00,0.00,0,0,0.00,0.00,0,0
1508084714,total,79138.00,82100.00,161238.00,82100,79138,59.00,60.00,119.00,60,59,0.00,0.00,0,0
1508084715,s5,0.00,0.00,0.00,0,0,0.00,0.00,0.00,0,0,0.00,0.00,0,0
1508084715,eth0,0.00,0.00,0.00,0,0,0.00,0.00,0.00,0,0,0.00,0.00,0,0
1508084715,eth1,0.00,0.00,0.00,0,0,0.00,0.00,0.00,0,0,0.00,0.00,0,0
1508084715,s2,0.00,0.00,0.00,0,0,0.00,0.00,0.00,0,0,0.00,0.00,0,0
1508084715,s2-eth2,2040.00,83200.00,85240.00,83200,2040,30.00,32.00,62.00,32,30,0.00,0.00,0,0
1508084715,s2-eth1,83200.00,2040.00,85240.00,2040,83200,32.00,30.00,62.00,30,32,0.00,0.00,0,0
1508084715,lo,0.00,0.00,0.00,0,0,0.00,0.00,0.00,0,0,0.00,0.00,0,0
1508084715,s4,0.00,0.00,0.00,0,0,0.00,0.00,0.00,0,0,0.00,0.00,0,0
1508084715,total,85240.00,85240.00,170480.00,85240,85240,62.00,62.00,124.00,62,62,0.00,0.00,0,0
1508084716,s5,0.00,0.00,0.00,0,0,0.00,0.00,0.00,0,0,0.00,0.00,0,0
1508084716,eth0,0.00,0.00,0.00,0,0,0.00,0.00,0.00,0,0,0.00,0.00,0,0
1508084716,eth1,0.00,0.00,0.00,0,0,0.00,0.00,0.00,0,0,0.00,0.00,0,0
1508084716,s2,0.00,0.00,0.00,0,0,0.00,0.00,0.00,0,0,0.00,0.00,0,0
1508084716,s2-eth2,2040.00,83200.00,85240.00,83200,2040,30.00,32.00,62.00,32,30,0.00,0.00,0,0
1508084716,s2-eth1,80238.00,2040.00,82278.00,2040,80238,31.00,30.00,61.00,30,31,0.00,0.00,0,0
1508084716,lo,0.00,0.00,0.00,0,0,0.00,0.00,0.00,0,0,0.00,0.00,0,0
1508084716,s4,0.00,0.00,0.00,0,0,0.00,0.00,0.00,0,0,0.00,0.00,0,0
1508084716,total,82278.00,85240.00,167518.00,85240,82278,61.00,62.00,123.00,62,61,0.00,0.00,0,0
1508084717,s5,0.00,0.00,0.00,0,0,0.00,0.00,0.00,0,0,0.00,0.00,0,0
1508084717,eth0,0.00,0.00,0.00,0,0,0.00,0.00,0.00,0,0,0.00,0.00,0,0
1508084717,eth1,0.00,0.00,0.00,0,0,0.00,0.00,0.00,0,0,0.00,0.00,0,0
1508084717,s2,0.00,0.00,0.00,0,0,0.00,0.00,0.00,0,0,0.00,0.00,0,0
1508084717,s2-eth2,2112.00,97746.00,99858.00,97746,2112,32.00,33.00,65.00,33,32,0.00,0.00,0,0
1508084717,s2-eth1,94784.00,2112.00,96896.00,2112,94784,32.00,32.00,64.00,32,32,0.00,0.00,0,0
1508084717,lo,172.00,172.00,344.00,172,172,3.00,3.00,6.00,3,3,0.00,0.00,0,0
1508084717,s4,0.00,0.00,0.00,0,0,0.00,0.00,0.00,0,0,0.00,0.00,0,0
1508084717,total,97068.00,100030.00,197098.00,100030,97068,67.00,68.00,135.00,68,67,0.00,0.00,0,0
1508084718,s5,0.00,0.00,0.00,0,0,0.00,0.00,0.00,0,0,0.00,0.00,0,0
1508084718,eth0,0.00,0.00,0.00,0,0,0.00,0.00,0.00,0,0,0.00,0.00,0,0
1508084718,eth1,0.00,0.00,0.00,0,0,0.00,0.00,0.00,0,0,0.00,0.00,0,0
1508084718,s2,0.00,0.00,0.00,0,0,0.00,0.00,0.00,0,0,0.00,0.00,0,0
1508084718,s2-eth2,2028.00,87610.00,89638.00,87610,2028,30.00,33.00,63.00,33,30,0.00,0.00,0,0
1508084718,s2-eth1,90506.00,2028.00,92534.00,2028,90506,33.00,30.00,63.00,30,33,0.00,0.00,0,0
1508084718,lo,0.00,0.00,0.00,0,0,0.00,0.00,0.00,0,0,0.00,0.00,0,0
1508084718,s4,0.00,0.00,0.00,0,0,0.00,0.00,0.00,0,0,0.00,0.00,0,0
1508084718,total,92534.00,89638.00,182172.00,89638,92534,63.00,63.00,126.00,63,63,0.00,0.00,0,0
1508084719,s5,0.00,0.00,0.00,0,0,0.00,0.00,0.00,0,0,0.00,0.00,0,0
1508084719,eth0,0.00,0.00,0.00,0,0,0.00,0.00,0.00,0,0,0.00,0.00,0,0
1508084719,eth1,0.00,0.00,0.00,0,0,0.00,0.00,0.00,0,0,0.00,0.00,0,0
1508084719,s2,0.00,0.00,0.00,0,0,0.00,0.00,0.00,0,0,0.00,0.00,0,0
1508084719,s2-eth2,2190.00,93336.00,95526.00,93336,2190,33.00,32.00,65.00,32,33,0.00,0.00,0,0
1508084719,s2-eth1,81554.00,2190.00,83744.00,2190,81554,29.00,33.00,62.00,33,29,0.00,0.00,0,0
1508084719,lo,344.00,344.00,688.00,344,344,6.00,6.00,12.00,6,6,0.00,0.00,0,0
1508084719,s4,0.00,0.00,0.00,0,0,0.00,0.00,0.00,0,0,0.00,0.00,0,0
1508084719,total,84088.00,95870.00,179958.00,95870,84088,68.00,71.00,139.00,71,68,0.00,0.00,0,0
1508084720,s5,0.00,0.00,0.00,0,0,0.00,0.00,0.00,0,0,0.00,0.00,0,0
1508084720,eth0,0.00,0.00,0.00,0,0,0.00,0.00,0.00,0,0,0.00,0.00,0,0
1508084720,eth1,0.00,0.00,0.00,0,0,0.00,0.00,0.00,0,0,0.00,0.00,0,0
1508084720,s2,0.00,0.00,0.00,0,0,0.00,0.00,0.00,0,0,0.00,0.00,0,0
1508084720,s2-eth2,1972.03,77198.80,79170.83,77276,1974,28.97,29.97,58.94,30,29,0.00,0.00,0,0
1508084720,s2-eth1,89376.62,1972.03,91348.66,1974,89466,34.97,28.97,63.94,29,35,0.00,0.00,0,0
1508084720,lo,0.00,0.00,0.00,0,0,0.00,0.00,0.00,0,0,0.00,0.00,0,0
1508084720,s4,0.00,0.00,0.00,0,0,0.00,0.00,0.00,0,0,0.00,0.00,0,0
1508084720,total,91348.66,79170.83,170519.48,79250,91440,63.94,58.94,122.88,59,64,0.00,0.00,0,0
1508084721,s5,0.00,0.00,0.00,0,0,0.00,0.00,0.00,0,0,0.00,0.00,0,0
1508084721,eth0,0.00,0.00,0.00,0,0,0.00,0.00,0.00,0,0,0.00,0.00,0,0
1508084721,eth1,0.00,0.00,0.00,0,0,0.00,0.00,0.00,0,0,0.00,0.00,0,0
1508084721,s2,0.00,0.00,0.00,0,0,0.00,0.00,0.00,0,0,0.00,0.00,0,0
1508084721,s2-eth2,2238.00,89124.00,91362.00,89124,2238,33.00,34.00,67.00,34,33,0.00,0.00,0,0
1508084721,s2-eth1,71352.00,2238.00,73590.00,2238,71352,28.00,33.00,61.00,33,28,0.00,0.00,0,0
1508084721,lo,0.00,0.00,0.00,0,0,0.00,0.00,0.00,0,0,0.00,0.00,0,0
1508084721,s4,0.00,0.00,0.00,0,0,0.00,0.00,0.00,0,0,0.00,0.00,0,0
1508084721,total,73590.00,91362.00,164952.00,91362,73590,61.00,67.00,128.00,67,61,0.00,0.00,0,0
1508084722,s5,0.00,0.00,0.00,0,0,0.00,0.00,0.00,0,0,0.00,0.00,0,0
1508084722,eth0,0.00,0.00,0.00,0,0,0.00,0.00,0.00,0,0,0.00,0.00,0,0
1508084722,eth1,0.00,0.00,0.00,0,0,0.00,0.00,0.00,0,0,0.00,0.00,0,0
1508084722,s2,0.00,0.00,0.00,0,0,0.00,0.00,0.00,0,0,0.00,0.00,0,0
1508084722,s2-eth2,1776.00,68390.00,70166.00,68390,1776,26.00,27.00,53.00,27,26,0.00,0.00,0,0
1508084722,s2-eth1,80238.00,1776.00,82014.00,1776,80238,31.00,26.00,57.00,26,31,0.00,0.00,0,0
1508084722,lo,172.00,172.00,344.00,172,172,3.00,3.00,6.00,3,3,0.00,0.00,0,0
1508084722,s4,0.00,0.00,0.00,0,0,0.00,0.00,0.00,0,0,0.00,0.00,0,0
1508084722,total,82186.00,70338.00,152524.00,70338,82186,60.00,56.00,116.00,56,60,0.00,0.00,0,0
1508084723,s5,0.00,0.00,0.00,0,0,0.00,0.00,0.00,0,0,0.00,0.00,0,0
1508084723,eth0,0.00,0.00,0.00,0,0,0.00,0.00,0.00,0,0,0.00,0.00,0,0
1508084723,eth1,0.00,0.00,0.00,0,0,0.00,0.00,0.00,0,0,0.00,0.00,0,0
1508084723,s2,0.00,0.00,0.00,0,0,0.00,0.00,0.00,0,0,0.00,0.00,0,0
1508084723,s2-eth2,1914.00,91822.00,93736.00,91822,1914,29.00,31.00,60.00,31,29,0.00,0.00,0,0
1508084723,s2-eth1,77012.00,1914.00,78926.00,1914,77012,26.00,29.00,55.00,29,26,0.00,0.00,0,0
1508084723,lo,0.00,0.00,0.00,0,0,0.00,0.00,0.00,0,0,0.00,0.00,0,0
1508084723,s4,0.00,0.00,0.00,0,0,0.00,0.00,0.00,0,0,0.00,0.00,0,0
1508084723,total,78926.00,93736.00,172662.00,93736,78926,55.00,60.00,115.00,60,55,0.00,0.00,0,0
1508084724,s5,0.00,0.00,0.00,0,0,0.00,0.00,0.00,0,0,0.00,0.00,0,0
1508084724,eth0,0.00,0.00,0.00,0,0,0.00,0.00,0.00,0,0,0.00,0.00,0,0
1508084724,eth1,0.00,0.00,0.00,0,0,0.00,0.00,0.00,0,0,0.00,0.00,0,0
1508084724,s2,0.00,0.00,0.00,0,0,0.00,0.00,0.00,0,0,0.00,0.00,0,0
1508084724,s2-eth2,1728.00,49302.00,51030.00,49302,1728,24.00,23.00,47.00,23,24,0.00,0.00,0,0
1508084724,s2-eth1,59636.00,1728.00,61364.00,1728,59636,26.00,24.00,50.00,24,26,0.00,0.00,0,0
1508084724,lo,344.00,344.00,688.00,344,344,6.00,6.00,12.00,6,6,0.00,0.00,0,0
1508084724,s4,0.00,0.00,0.00,0,0,0.00,0.00,0.00,0,0,0.00,0.00,0,0
1508084724,total,61708.00,51374.00,113082.00,51374,61708,56.00,53.00,109.00,53,56,0.00,0.00,0,0
1508084725,s5,0.00,0.00,0.00,0,0,0.00,0.00,0.00,0,0,0.00,0.00,0,0
1508084725,eth0,0.00,0.00,0.00,0,0,0.00,0.00,0.00,0,0,0.00,0.00,0,0
1508084725,eth1,0.00,0.00,0.00,0,0,0.00,0.00,0.00,0,0,0.00,0.00,0,0
1508084725,s2,0.00,0.00,0.00,0,0,0.00,0.00,0.00,0,0,0.00,0.00,0,0
1508084725,s2-eth2,1122.00,56278.00,57400.00,56278,1122,17.00,19.00,36.00,19,17,0.00,0.00,0,0
1508084725,s2-eth1,47392.00,1122.00,48514.00,1122,47392,16.00,17.00,33.00,17,16,0.00,0.00,0,0
1508084725,lo,0.00,0.00,0.00,0,0,0.00,0.00,0.00,0,0,0.00,0.00,0,0
1508084725,s4,0.00,0.00,0.00,0,0,0.00,0.00,0.00,0,0,0.00,0.00,0,0
1508084725,total,48514.00,57400.00,105914.00,57400,48514,33.00,36.00,69.00,36,33,0.00,0.00,0,0
1508084726,s5,0.00,0.00,0.00,0,0,0.00,0.00,0.00,0,0,0.00,0.00,0,0
1508084726,eth0,303.70,489.51,793.21,490,304,4.00,4.00,7.99,4,4,0.00,0.00,0,0
1508084726,eth1,0.00,0.00,0.00,0,0,0.00,0.00,0.00,0,0,0.00,0.00,0,0
1508084726,s2,0.00,0.00,0.00,0,0,0.00,0.00,0.00,0,0,0.00,0.00,0,0
1508084726,s2-eth2,1862.14,54907.09,56769.23,54962,1864,21.98,20.98,42.96,21,22,0.00,0.00,0,0
1508084726,s2-eth1,61464.54,1222.78,62687.31,1224,61526,26.97,17.98,44.96,18,27,0.00,0.00,0,0
1508084726,lo,681.32,681.32,1362.64,682,682,7.99,7.99,15.98,8,8,0.00,0.00,0,0
1508084726,s4,0.00,0.00,0.00,0,0,0.00,0.00,0.00,0,0,0.00,0.00,0,0
1508084726,total,64311.69,57300.70,121612.39,57358,64376,60.94,50.95,111.89,51,61,0.00,0.00,0,0
1508084727,s5,0.00,0.00,0.00,0,0,0.00,0.00,0.00,0,0,0.00,0.00,0,0
1508084727,eth0,304.00,490.00,794.00,490,304,4.00,4.00,8.00,4,4,0.00,0.00,0,0
1508084727,eth1,0.00,0.00,0.00,0,0,0.00,0.00,0.00,0,0,0.00,0.00,0,0
1508084727,s2,0.00,0.00,0.00,0,0,0.00,0.00,0.00,0,0,0.00,0.00,0,0
1508084727,s2-eth2,3076.00,66876.00,69952.00,66876,3076,34.00,26.00,60.00,26,34,0.00,0.00,0,0
1508084727,s2-eth1,57475.00,1842.00,59317.00,1842,57475,29.00,27.00,56.00,27,29,0.00,0.00,0,0
1508084727,lo,854.00,854.00,1708.00,854,854,11.00,11.00,22.00,11,11,0.00,0.00,0,0
1508084727,s4,0.00,0.00,0.00,0,0,0.00,0.00,0.00,0,0,0.00,0.00,0,0
1508084727,total,61709.00,70062.00,131771.00,70062,61709,78.00,68.00,146.00,68,78,0.00,0.00,0,0
1508084728,s5,0.00,0.00,0.00,0,0,0.00,0.00,0.00,0,0,0.00,0.00,0,0
1508084728,eth0,152.00,245.00,397.00,245,152,2.00,2.00,4.00,2,2,0.00,0.00,0,0
1508084728,eth1,0.00,0.00,0.00,0,0,0.00,0.00,0.00,0,0,0.00,0.00,0,0
1508084728,s2,0.00,0.00,0.00,0,0,0.00,0.00,0.00,0,0,0.00,0.00,0,0
1508084728,s2-eth2,2138.00,35742.00,37880.00,35742,2138,20.00,15.00,35.00,15,20,0.00,0.00,0,0
1508084728,s2-eth1,41619.00,972.00,42591.00,972,41619,23.00,14.00,37.00,14,23,0.00,0.00,0,0
1508084728,lo,341.00,341.00,682.00,341,341,4.00,4.00,8.00,4,4,0.00,0.00,0,0
1508084728,s4,0.00,0.00,0.00,0,0,0.00,0.00,0.00,0,0,0.00,0.00,0,0
1508084728,total,44250.00,37300.00,81550.00,37300,44250,49.00,35.00,84.00,35,49,0.00,0.00,0,0
1508084729,s5,0.00,0.00,0.00,0,0,0.00,0.00,0.00,0,0,0.00,0.00,0,0
1508084729,eth0,0.00,0.00,0.00,0,0,0.00,0.00,0.00,0,0,0.00,0.00,0,0
1508084729,eth1,0.00,0.00,0.00,0,0,0.00,0.00,0.00,0,0,0.00,0.00,0,0
1508084729,s2,0.00,0.00,0.00,0,0,0.00,0.00,0.00,0,0,0.00,0.00,0,0
1508084729,s2-eth2,1789.21,53262.74,55051.95,53316,1791,18.98,17.98,36.96,18,19,0.00,0.00,0,0
1508084729,s2-eth1,45053.95,1120.88,46174.83,1122,45099,16.98,16.98,33.97,17,17,0.00,0.00,0,0
1508084729,lo,343.66,343.66,687.31,344,344,5.99,5.99,11.99,6,6,0.00,0.00,0,0
1508084729,s4,0.00,0.00,0.00,0,0,0.00,0.00,0.00,0,0,0.00,0.00,0,0
1508084729,total,47186.82,54727.27,101914.09,54782,47234,41.96,40.96,82.92,41,42,0.00,0.00,0,0
1508084730,s5,0.00,0.00,0.00,0,0,0.00,0.00,0.00,0,0,0.00,0.00,0,0
1508084730,eth0,0.00,0.00,0.00,0,0,0.00,0.00,0.00,0,0,0.00,0.00,0,0
1508084730,eth1,0.00,0.00,0.00,0,0,0.00,0.00,0.00,0,0,0.00,0.00,0,0
1508084730,s2,0.00,0.00,0.00,0,0,0.00,0.00,0.00,0,0,0.00,0.00,0,0
1508084730,s2-eth2,1376.00,51868.00,53244.00,51868,1376,17.00,18.00,35.00,18,17,0.00,0.00,0,0
1508084730,s2-eth1,54937.00,1002.00,55939.00,1002,54937,20.00,15.00,35.00,15,20,0.00,0.00,0,0
1508084730,lo,0.00,0.00,0.00,0,0,0.00,0.00,0.00,0,0,0.00,0.00,0,0
1508084730,s4,0.00,0.00,0.00,0,0,0.00,0.00,0.00,0,0,0.00,0.00,0,0
1508084730,total,56313.00,52870.00,109183.00,52870,56313,37.00,33.00,70.00,33,37,0.00,0.00,0,0
1508084731,s5,0.00,0.00,0.00,0,0,0.00,0.00,0.00,0,0,0.00,0.00,0,0
1508084731,eth0,60.00,60.00,120.00,60,60,1.00,1.00,2.00,1,1,0.00,0.00,0,0
1508084731,eth1,0.00,0.00,0.00,0,0,0.00,0.00,0.00,0,0,0.00,0.00,0,0
1508084731,s2,0.00,0.00,0.00,0,0,0.00,0.00,0.00,0,0,0.00,0.00,0,0
1508084731,s2-eth2,2195.00,70036.00,72231.00,70036,2195,27.00,30.00,57.00,30,27,0.00,0.00,0,0
1508084731,s2-eth1,58716.00,1798.00,60514.00,1798,58716,27.00,25.00,52.00,25,27,0.00,0.00,0,0
1508084731,lo,0.00,0.00,0.00,0,0,0.00,0.00,0.00,0,0,0.00,0.00,0,0
1508084731,s4,0.00,0.00,0.00,0,0,0.00,0.00,0.00,0,0,0.00,0.00,0,0
1508084731,total,60971.00,71894.00,132865.00,71894,60971,55.00,56.00,111.00,56,55,0.00,0.00,0,0
1508084732,s5,0.00,0.00,0.00,0,0,0.00,0.00,0.00,0,0,0.00,0.00,0,0
1508084732,eth0,0.00,0.00,0.00,0,0,0.00,0.00,0.00,0,0,0.00,0.00,0,0
1508084732,eth1,0.00,0.00,0.00,0,0,0.00,0.00,0.00,0,0,0.00,0.00,0,0
1508084732,s2,0.00,0.00,0.00,0,0,0.00,0.00,0.00,0,0,0.00,0.00,0,0
1508084732,s2-eth2,1594.41,68123.88,69718.28,68192,1596,23.98,23.98,47.95,24,24,0.00,0.00,0,0
1508084732,s2-eth1,77066.94,1594.41,78661.34,1596,77144,27.97,23.98,51.95,24,28,0.00,0.00,0,0
1508084732,lo,171.83,171.83,343.66,172,172,3.00,3.00,5.99,3,3,0.00,0.00,0,0
1508084732,s4,0.00,0.00,0.00,0,0,0.00,0.00,0.00,0,0,0.00,0.00,0,0
1508084732,total,78833.17,69890.11,148723.28,69960,78912,54.95,50.95,105.89,51,55,0.00,0.00,0,0
1508084733,s5,0.00,0.00,0.00,0,0,0.00,0.00,0.00,0,0,0.00,0.00,0,0
1508084733,eth0,0.00,0.00,0.00,0,0,0.00,0.00,0.00,0,0,0.00,0.00,0,0
1508084733,eth1,0.00,0.00,0.00,0,0,0.00,0.00,0.00,0,0,0.00,0.00,0,0
1508084733,s2,0.00,0.00,0.00,0,0,0.00,0.00,0.00,0,0,0.00,0.00,0,0
1508084733,s2-eth2,1846.15,82853.15,84699.30,82936,1848,27.97,27.97,55.94,28,28,0.00,0.00,0,0
1508084733,s2-eth1,71016.98,1846.15,72863.14,1848,71088,23.98,27.97,51.95,28,24,0.00,0.00,0,0
1508084733,lo,0.00,0.00,0.00,0,0,0.00,0.00,0.00,0,0,0.00,0.00,0,0
1508084733,s4,0.00,0.00,0.00,0,0,0.00,0.00,0.00,0,0,0.00,0.00,0,0
1508084733,total,72863.14,84699.30,157562.44,84784,72936,51.95,55.94,107.89,56,52,0.00,0.00,0,0
1508084734,s5,0.00,0.00,0.00,0,0,0.00,0.00,0.00,0,0,0.00,0.00,0,0
1508084734,eth0,0.00,0.00,0.00,0,0,0.00,0.00,0.00,0,0,0.00,0.00,0,0
1508084734,eth1,0.00,0.00,0.00,0,0,0.00,0.00,0.00,0,0,0.00,0.00,0,0
1508084734,s2,0.00,0.00,0.00,0,0,0.00,0.00,0.00,0,0,0.00,0.00,0,0
1508084734,s2-eth2,1889.00,85898.00,87787.00,85898,1889,28.00,29.00,57.00,29,28,0.00,0.00,0,0
1508084734,s2-eth1,97853.00,1782.00,99635.00,1782,97853,34.00,27.00,61.00,27,34,0.00,0.00,0,0
1508084734,lo,344.00,344.00,688.00,344,344,6.00,6.00,12.00,6,6,0.00,0.00,0,0
1508084734,s4,0.00,0.00,0.00,0,0,0.00,0.00,0.00,0,0,0.00,0.00,0,0
1508084734,total,100086.00,88024.00,188110.00,88024,100086,68.00,62.00,130.00,62,68,0.00,0.00,0,0
1508084735,s5,0.00,0.00,0.00,0,0,0.00,0.00,0.00,0,0,0.00,0.00,0,0
1508084735,eth0,0.00,0.00,0.00,0,0,0.00,0.00,0.00,0,0,0.00,0.00,0,0
1508084735,eth1,0.00,0.00,0.00,0,0,0.00,0.00,0.00,0,0,0.00,0.00,0,0
1508084735,s2,0.00,0.00,0.00,0,0,0.00,0.00,0.00,0,0,0.00,0.00,0,0
1508084735,s2-eth2,2380.00,112556.00,114936.00,112556,2380,36.00,38.00,74.00,38,36,0.00,0.00,0,0
1508084735,s2-eth1,101120.00,2310.00,103430.00,2310,101120,36.00,35.00,71.00,35,36,0.00,0.00,0,0
1508084735,lo,0.00,0.00,0.00,0,0,0.00,0.00,0.00,0,0,0.00,0.00,0,0
1508084735,s4,0.00,0.00,0.00,0,0,0.00,0.00,0.00,0,0,0.00,0.00,0,0
1508084735,total,103500.00,114866.00,218366.00,114866,103500,72.00,73.00,145.00,73,72,0.00,0.00,0,0
1508084736,s5,0.00,0.00,0.00,0,0,0.00,0.00,0.00,0,0,0.00,0.00,0,0
1508084736,eth0,0.00,0.00,0.00,0,0,0.00,0.00,0.00,0,0,0.00,0.00,0,0
1508084736,eth1,0.00,0.00,0.00,0,0,0.00,0.00,0.00,0,0,0.00,0.00,0,0
1508084736,s2,0.00,0.00,0.00,0,0,0.00,0.00,0.00,0,0,0.00,0.00,0,0
1508084736,s2-eth2,3342.00,130790.00,134132.00,130790,3342,49.00,51.00,100.00,51,49,0.00,0.00,0,0
1508084736,s2-eth1,127828.00,3342.00,131170.00,3342,127828,50.00,49.00,99.00,49,50,0.00,0.00,0,0
1508084736,lo,0.00,0.00,0.00,0,0,0.00,0.00,0.00,0,0,0.00,0.00,0,0
1508084736,s4,0.00,0.00,0.00,0,0,0.00,0.00,0.00,0,0,0.00,0.00,0,0
1508084736,total,131170.00,134132.00,265302.00,134132,131170,99.00,100.00,199.00,100,99,0.00,0.00,0,0
1508084737,s5,0.00,0.00,0.00,0,0,0.00,0.00,0.00,0,0,0.00,0.00,0,0
1508084737,eth0,0.00,0.00,0.00,0,0,0.00,0.00,0.00,0,0,0.00,0.00,0,0
1508084737,eth1,0.00,0.00,0.00,0,0,0.00,0.00,0.00,0,0,0.00,0.00,0,0
1508084737,s2,0.00,0.00,0.00,0,0,0.00,0.00,0.00,0,0,0.00,0.00,0,0
1508084737,s2-eth2,3102.00,145138.00,148240.00,145138,3102,47.00,49.00,96.00,49,47,0.00,0.00,0,0
1508084737,s2-eth1,151062.00,3102.00,154164.00,3102,151062,51.00,47.00,98.00,47,51,0.00,0.00,0,0
1508084737,lo,172.00,172.00,344.00,172,172,3.00,3.00,6.00,3,3,0.00,0.00,0,0
1508084737,s4,0.00,0.00,0.00,0,0,0.00,0.00,0.00,0,0,0.00,0.00,0,0
1508084737,total,154336.00,148412.00,302748.00,148412,154336,101.00,99.00,200.00,99,101,0.00,0.00,0,0
1508084738,s5,0.00,0.00,0.00,0,0,0.00,0.00,0.00,0,0,0.00,0.00,0,0
1508084738,eth0,0.00,0.00,0.00,0,0,0.00,0.00,0.00,0,0,0.00,0.00,0,0
1508084738,eth1,0.00,0.00,0.00,0,0,0.00,0.00,0.00,0,0,0.00,0.00,0,0
1508084738,s2,0.00,0.00,0.00,0,0,0.00,0.00,0.00,0,0,0.00,0.00,0,0
1508084738,s2-eth2,4106.00,133950.00,138056.00,133950,4106,55.00,55.00,110.00,55,55,0.00,0.00,0,0
1508084738,s2-eth1,116178.00,3764.00,119942.00,3764,116178,49.00,54.00,103.00,54,49,0.00,0.00,0,0
1508084738,lo,0.00,0.00,0.00,0,0,0.00,0.00,0.00,0,0,0.00,0.00,0,0
1508084738,s4,0.00,0.00,0.00,0,0,0.00,0.00,0.00,0,0,0.00,0.00,0,0
1508084738,total,120284.00,137714.00,257998.00,137714,120284,104.00,109.00,213.00,109,104,0.00,0.00,0,0
1508084739,s5,0.00,0.00,0.00,0,0,0.00,0.00,0.00,0,0,0.00,0.00,0,0
1508084739,eth0,0.00,0.00,0.00,0,0,0.00,0.00,0.00,0,0,0.00,0.00,0,0
1508084739,eth1,0.00,0.00,0.00,0,0,0.00,0.00,0.00,0,0,0.00,0.00,0,0
1508084739,s2,0.00,0.00,0.00,0,0,0.00,0.00,0.00,0,0,0.00,0.00,0,0
1508084739,s2-eth2,3098.90,144993.02,148091.91,145138,3102,46.95,48.95,95.90,49,47,0.00,0.00,0,0
1508084739,s2-eth1,156829.17,3098.90,159928.08,3102,156986,52.95,46.95,99.90,47,53,0.00,0.00,0,0
1508084739,lo,343.66,343.66,687.31,344,344,5.99,5.99,11.99,6,6,0.00,0.00,0,0
1508084739,s4,0.00,0.00,0.00,0,0,0.00,0.00,0.00,0,0,0.00,0.00,0,0
1508084739,total,160271.73,148435.56,308707.31,148584,160432,105.89,101.90,207.79,102,106,0.00,0.00,0,0
1508084740,s5,0.00,0.00,0.00,0,0,0.00,0.00,0.00,0,0,0.00,0.00,0,0
1508084740,eth0,0.00,0.00,0.00,0,0,0.00,0.00,0.00,0,0,0.00,0.00,0,0
1508084740,eth1,0.00,0.00,0.00,0,0,0.00,0.00,0.00,0,0,0.00,0.00,0,0
1508084740,s2,0.00,0.00,0.00,0,0,0.00,0.00,0.00,0,0,0.00,0.00,0,0
1508084740,s2-eth2,3564.00,160014.00,163578.00,160014,3564,54.00,55.00,109.00,55,54,0.00,0.00,0,0
1508084740,s2-eth1,151470.00,3564.00,155034.00,3564,151470,53.00,54.00,107.00,54,53,0.00,0.00,0,0
1508084740,lo,0.00,0.00,0.00,0,0,0.00,0.00,0.00,0,0,0.00,0.00,0,0
1508084740,s4,0.00,0.00,0.00,0,0,0.00,0.00,0.00,0,0,0.00,0.00,0,0
1508084740,total,155034.00,163578.00,318612.00,163578,155034,107.00,109.00,216.00,109,107,0.00,0.00,0,0
1508084741,s5,0.00,0.00,0.00,0,0,0.00,0.00,0.00,0,0,0.00,0.00,0,0
1508084741,eth0,0.00,0.00,0.00,0,0,0.00,0.00,0.00,0,0,0.00,0.00,0,0
1508084741,eth1,0.00,0.00,0.00,0,0,0.00,0.00,0.00,0,0,0.00,0.00,0,0
1508084741,s2,0.00,0.00,0.00,0,0,0.00,0.00,0.00,0,0,0.00,0.00,0,0
1508084741,s2-eth2,1386.00,41496.00,42882.00,41496,1386,21.00,16.00,37.00,16,21,0.00,0.00,0,0
1508084741,s2-eth1,56306.00,1386.00,57692.00,1386,56306,21.00,21.00,42.00,21,21,0.00,0.00,0,0
1508084741,lo,0.00,0.00,0.00,0,0,0.00,0.00,0.00,0,0,0.00,0.00,0,0
1508084741,s4,0.00,0.00,0.00,0,0,0.00,0.00,0.00,0,0,0.00,0.00,0,0
1508084741,total,57692.00,42882.00,100574.00,42882,57692,42.00,37.00,79.00,37,42,0.00,0.00,0,0
1508084742,s5,0.00,0.00,0.00,0,0,0.00,0.00,0.00,0,0,0.00,0.00,0,0
1508084742,eth0,0.00,0.00,0.00,0,0,0.00,0.00,0.00,0,0,0.00,0.00,0,0
1508084742,eth1,0.00,0.00,0.00,0,0,0.00,0.00,0.00,0,0,0.00,0.00,0,0
1508084742,s2,0.00,0.00,0.00,0,0,0.00,0.00,0.00,0,0,0.00,0.00,0,0
1508084742,s2-eth2,107.00,0.00,107.00,0,107,1.00,0.00,1.00,0,1,0.00,0.00,0,0
1508084742,s2-eth1,107.00,0.00,107.00,0,107,1.00,0.00,1.00,0,1,0.00,0.00,0,0
1508084742,lo,172.00,172.00,344.00,172,172,3.00,3.00,6.00,3,3,0.00,0.00,0,0
1508084742,s4,0.00,0.00,0.00,0,0,0.00,0.00,0.00,0,0,0.00,0.00,0,0
1508084742,total,386.00,172.00,558.00,172,386,5.00,3.00,8.00,3,5,0.00,0.00,0,0
1508084743,s5,0.00,0.00,0.00,0,0,0.00,0.00,0.00,0,0,0.00,0.00,0,0
1508084743,eth0,0.00,0.00,0.00,0,0,0.00,0.00,0.00,0,0,0.00,0.00,0,0
1508084743,eth1,0.00,0.00,0.00,0,0,0.00,0.00,0.00,0,0,0.00,0.00,0,0
1508084743,s2,0.00,0.00,0.00,0,0,0.00,0.00,0.00,0,0,0.00,0.00,0,0
1508084743,s2-eth2,0.00,0.00,0.00,0,0,0.00,0.00,0.00,0,0,0.00,0.00,0,0
1508084743,s2-eth1,0.00,0.00,0.00,0,0,0.00,0.00,0.00,0,0,0.00,0.00,0,0
1508084743,lo,0.00,0.00,0.00,0,0,0.00,0.00,0.00,0,0,0.00,0.00,0,0
1508084743,s4,0.00,0.00,0.00,0,0,0.00,0.00,0.00,0,0,0.00,0.00,0,0
1508084743,total,0.00,0.00,0.00,0,0,0.00,0.00,0.00,0,0,0.00,0.00,0,0
1508084744,s5,0.00