1508083128,s5,0.00,0.00,0.00,0,0,0.00,0.00,0.00,0,0,0.00,0.00,0,0
1508083128,s1,0.00,0.00,0.00,0,0,0.00,0.00,0.00,0,0,0.00,0.00,0,0
1508083128,eth0,0.00,0.00,0.00,0,0,0.00,0.00,0.00,0,0,0.00,0.00,0,0
1508083128,eth1,0.00,0.00,0.00,0,0,0.00,0.00,0.00,0,0,0.00,0.00,0,0
1508083128,s1-eth2,0.00,0.00,0.00,0,0,0.00,0.00,0.00,0,0,0.00,0.00,0,0
1508083128,s1-eth1,0.00,0.00,0.00,0,0,0.00,0.00,0.00,0,0,0.00,0.00,0,0
1508083128,lo,0.00,0.00,0.00,0,0,0.00,0.00,0.00,0,0,0.00,0.00,0,0
1508083128,s4,0.00,0.00,0.00,0,0,0.00,0.00,0.00,0,0,0.00,0.00,0,0
1508083128,total,0.00,0.00,0.00,0,0,0.00,0.00,0.00,0,0,0.00,0.00,0,0
1508083129,s5,0.00,0.00,0.00,0,0,0.00,0.00,0.00,0,0,0.00,0.00,0,0
1508083129,s1,90.00,0.00,90.00,0,90,1.00,0.00,1.00,0,1,0.00,0.00,0,0
1508083129,eth0,152.00,245.00,397.00,245,152,2.00,2.00,4.00,2,2,0.00,0.00,0,0
1508083129,eth1,0.00,0.00,0.00,0,0,0.00,0.00,0.00,0,0,0.00,0.00,0,0
1508083129,s1-eth2,7449.00,220574.00,228023.00,220574,7449,95.00,95.00,190.00,95,95,0.00,0.00,0,0
1508083129,s1-eth1,244435.00,6462.00,250897.00,6462,244435,107.00,91.00,198.00,91,107,0.00,0.00,0,0
1508083129,lo,629.00,629.00,1258.00,629,629,7.00,7.00,14.00,7,7,0.00,0.00,0,0
1508083129,s4,0.00,0.00,0.00,0,0,0.00,0.00,0.00,0,0,0.00,0.00,0,0
1508083129,total,252755.00,227910.00,480665.00,227910,252755,212.00,195.00,407.00,195,212,0.00,0.00,0,0
1508083130,s5,0.00,0.00,0.00,0,0,0.00,0.00,0.00,0,0,0.00,0.00,0,0
1508083130,s1,0.00,0.00,0.00,0,0,0.00,0.00,0.00,0,0,0.00,0.00,0,0
1508083130,eth0,0.00,0.00,0.00,0,0,0.00,0.00,0.00,0,0,0.00,0.00,0,0
1508083130,eth1,0.00,0.00,0.00,0,0,0.00,0.00,0.00,0,0,0.00,0.00,0,0
1508083130,s1-eth2,8302.00,237492.00,245794.00,237492,8302,113.00,110.00,223.00,110,113,0.00,0.00,0,0
1508083130,s1-eth1,246771.00,8236.00,255007.00,8236,246771,115.00,112.00,227.00,112,115,0.00,0.00,0,0
1508083130,lo,0.00,0.00,0.00,0,0,0.00,0.00,0.00,0,0,0.00,0.00,0,0
1508083130,s4,0.00,0.00,0.00,0,0,0.00,0.00,0.00,0,0,0.00,0.00,0,0
1508083130,total,255073.00,245728.00,500801.00,245728,255073,228.00,222.00,450.00,222,228,0.00,0.00,0,0
1508083131,s5,0.00,0.00,0.00,0,0,0.00,0.00,0.00,0,0,0.00,0.00,0,0
1508083131,s1,0.00,0.00,0.00,0,0,0.00,0.00,0.00,0,0,0.00,0.00,0,0
1508083131,eth0,0.00,0.00,0.00,0,0,0.00,0.00,0.00,0,0,0.00,0.00,0,0
1508083131,eth1,0.00,0.00,0.00,0,0,0.00,0.00,0.00,0,0,0.00,0.00,0,0
1508083131,s1-eth2,6610.39,251914.09,258524.48,252166,6617,90.91,90.91,181.82,91,91,0.00,0.00,0,0
1508083131,s1-eth1,246435.58,5910.09,252345.66,5916,246682,91.91,87.91,179.82,88,92,0.00,0.00,0,0
1508083131,lo,0.00,0.00,0.00,0,0,0.00,0.00,0.00,0,0,0.00,0.00,0,0
1508083131,s4,0.00,0.00,0.00,0,0,0.00,0.00,0.00,0,0,0.00,0.00,0,0
1508083131,total,253045.95,257824.19,510870.16,258082,253299,182.82,178.82,361.64,179,183,0.00,0.00,0,0
1508083132,s5,0.00,0.00,0.00,0,0,0.00,0.00,0.00,0,0,0.00,0.00,0,0
1508083132,s1,69.93,139.86,209.79,140,70,1.00,2.00,3.00,2,1,0.00,0.00,0,0
1508083132,eth0,0.00,0.00,0.00,0,0,0.00,0.00,0.00,0,0,0.00,0.00,0,0
1508083132,eth1,0.00,0.00,0.00,0,0,0.00,0.00,0.00,0,0,0.00,0.00,0,0
1508083132,s1-eth2,6845.16,252445.56,259290.72,252698,6852,95.90,98.90,194.81,99,96,0.00,0.00,0,0
1508083132,s1-eth1,244310.70,6441.56,250752.25,6448,244555,98.90,93.91,192.81,94,99,0.00,0.00,0,0
1508083132,lo,1146.85,1146.85,2293.71,1148,1148,14.99,14.99,29.97,15,15,0.00,0.00,0,0
1508083132,s4,0.00,0.00,0.00,0,0,0.00,0.00,0.00,0,0,0.00,0.00,0,0
1508083132,total,252372.64,260173.83,512546.47,260434,252625,210.79,209.79,420.58,210,211,0.00,0.00,0,0
1508083133,s5,0.00,0.00,0.00,0,0,0.00,0.00,0.00,0,0,0.00,0.00,0,0
1508083133,s1,0.00,0.00,0.00,0,0,0.00,0.00,0.00,0,0,0.00,0.00,0,0
1508083133,eth0,0.00,0.00,0.00,0,0,0.00,0.00,0.00,0,0,0.00,0.00,0,0
1508083133,eth1,0.00,0.00,0.00,0,0,0.00,0.00,0.00,0,0,0.00,0.00,0,0
1508083133,s1-eth2,6222.00,261580.00,267802.00,261580,6222,91.00,102.00,193.00,102,91,0.00,0.00,0,0
1508083133,s1-eth1,246770.00,6144.00,252914.00,6144,246770,97.00,90.00,187.00,90,97,0.00,0.00,0,0
1508083133,lo,0.00,0.00,0.00,0,0,0.00,0.00,0.00,0,0,0.00,0.00,0,0
1508083133,s4,0.00,0.00,0.00,0,0,0.00,0.00,0.00,0,0,0.00,0.00,0,0
1508083133,total,252992.00,267724.00,520716.00,267724,252992,188.00,192.00,380.00,192,188,0.00,0.00,0,0
1508083134,s5,0.00,0.00,0.00,0,0,0.00,0.00,0.00,0,0,0.00,0.00,0,0
1508083134,s1,0.00,0.00,0.00,0,0,0.00,0.00,0.00,0,0,0.00,0.00,0,0
1508083134,eth0,59.94,59.94,119.88,60,60,1.00,1.00,2.00,1,1,0.00,0.00,0,0
1508083134,eth1,0.00,0.00,0.00,0,0,0.00,0.00,0.00,0,0,0.00,0.00,0,0
1508083134,s1-eth2,5466.53,248823.19,254289.72,249072,5472,81.92,87.91,169.83,88,82,0.00,0.00,0,0
1508083134,s1-eth1,242773.23,5466.53,248239.77,5472,243016,83.92,81.92,165.83,82,84,0.00,0.00,0,0
1508083134,lo,0.00,0.00,0.00,0,0,0.00,0.00,0.00,0,0,0.00,0.00,0,0
1508083134,s4,0.00,0.00,0.00,0,0,0.00,0.00,0.00,0,0,0.00,0.00,0,0
1508083134,total,248299.70,254349.66,502649.38,254604,248548,166.83,170.83,337.66,171,167,0.00,0.00,0,0
1508083135,s5,0.00,0.00,0.00,0,0,0.00,0.00,0.00,0,0,0.00,0.00,0,0
1508083135,s1,0.00,0.00,0.00,0,0,0.00,0.00,0.00,0,0,0.00,0.00,0,0
1508083135,eth0,0.00,0.00,0.00,0,0,0.00,0.00,0.00,0,0,0.00,0.00,0,0
1508083135,eth1,0.00,0.00,0.00,0,0,0.00,0.00,0.00,0,0,0.00,0.00,0,0
1508083135,s1-eth2,5585.00,251770.00,257355.00,251770,5585,84.00,85.00,169.00,85,84,0.00,0.00,0,0
1508083135,s1-eth1,246085.00,5478.00,251563.00,5478,246085,86.00,83.00,169.00,83,86,0.00,0.00,0,0
1508083135,lo,0.00,0.00,0.00,0,0,0.00,0.00,0.00,0,0,0.00,0.00,0,0
1508083135,s4,0.00,0.00,0.00,0,0,0.00,0.00,0.00,0,0,0.00,0.00,0,0
1508083135,total,251670.00,257248.00,508918.00,257248,251670,170.00,168.00,338.00,168,170,0.00,0.00,0,0
1508083136,s5,0.00,0.00,0.00,0,0,0.00,0.00,0.00,0,0,0.00,0.00,0,0
1508083136,s1,70.00,140.00,210.00,140,70,1.00,2.00,3.00,2,1,0.00,0.00,0,0
1508083136,eth0,0.00,0.00,0.00,0,0,0.00,0.00,0.00,0,0,0.00,0.00,0,0
1508083136,eth1,0.00,0.00,0.00,0,0,0.00,0.00,0.00,0,0,0.00,0.00,0,0
1508083136,s1-eth2,6366.00,249538.00,255904.00,249538,6366,93.00,95.00,188.00,95,93,0.00,0.00,0,0
1508083136,s1-eth1,243684.00,6226.00,249910.00,6226,243684,94.00,91.00,185.00,91,94,0.00,0.00,0,0
1508083136,lo,804.00,804.00,1608.00,804,804,9.00,9.00,18.00,9,9,0.00,0.00,0,0
1508083136,s4,0.00,0.00,0.00,0,0,0.00,0.00,0.00,0,0,0.00,0.00,0,0
1508083136,total,250924.00,256708.00,507632.00,256708,250924,197.00,197.00,394.00,197,197,0.00,0.00,0,0
1508083137,s5,0.00,0.00,0.00,0,0,0.00,0.00,0.00,0,0,0.00,0.00,0,0
1508083137,s1,0.00,0.00,0.00,0,0,0.00,0.00,0.00,0,0,0.00,0.00,0,0
1508083137,eth0,0.00,0.00,0.00,0,0,0.00,0.00,0.00,0,0,0.00,0.00,0,0
1508083137,eth1,0.00,0.00,0.00,0,0,0.00,0.00,0.00,0,0,0.00,0.00,0,0
1508083137,s1-eth2,6456.00,251378.00,257834.00,251378,6456,94.00,101.00,195.00,101,94,0.00,0.00,0,0
1508083137,s1-eth1,245322.00,6456.00,251778.00,6456,245322,97.00,94.00,191.00,94,97,0.00,0.00,0,0
1508083137,lo,344.00,344.00,688.00,344,344,6.00,6.00,12.00,6,6,0.00,0.00,0,0
1508083137,s4,0.00,0.00,0.00,0,0,0.00,0.00,0.00,0,0,0.00,0.00,0,0
1508083137,total,252122.00,258178.00,510300.00,258178,252122,197.00,201.00,398.00,201,197,0.00,0.00,0,0
1508083138,s5,0.00,0.00,0.00,0,0,0.00,0.00,0.00,0,0,0.00,0.00,0,0
1508083138,s1,0.00,0.00,0.00,0,0,0.00,0.00,0.00,0,0,0.00,0.00,0,0
1508083138,eth0,0.00,0.00,0.00,0,0,0.00,0.00,0.00,0,0,0.00,0.00,0,0
1508083138,eth1,0.00,0.00,0.00,0,0,0.00,0.00,0.00,0,0,0.00,0.00,0,0
1508083138,s1-eth2,6144.00,256576.00,262720.00,256576,6144,88.00,92.00,180.00,92,88,0.00,0.00,0,0
1508083138,s1-eth1,247756.00,5802.00,253558.00,5802,247756,90.00,87.00,177.00,87,90,0.00,0.00,0,0
1508083138,lo,0.00,0.00,0.00,0,0,0.00,0.00,0.00,0,0,0.00,0.00,0,0
1508083138,s4,0.00,0.00,0.00,0,0,0.00,0.00,0.00,0,0,0.00,0.00,0,0
1508083138,total,253900.00,262378.00,516278.00,262378,253900,178.00,179.00,357.00,179,178,0.00,0.00,0,0
1508083139,s5,0.00,0.00,0.00,0,0,0.00,0.00,0.00,0,0,0.00,0.00,0,0
1508083139,s1,0.00,0.00,0.00,0,0,0.00,0.00,0.00,0,0,0.00,0.00,0,0
1508083139,eth0,0.00,0.00,0.00,0,0,0.00,0.00,0.00,0,0,0.00,0.00,0,0
1508083139,eth1,0.00,0.00,0.00,0,0,0.00,0.00,0.00,0,0,0.00,0.00,0,0
1508083139,s1-eth2,5808.00,249402.00,255210.00,249402,5808,86.00,93.00,179.00,93,86,0.00,0.00,0,0
1508083139,s1-eth1,244860.00,5808.00,250668.00,5808,244860,90.00,86.00,176.00,86,90,0.00,0.00,0,0
1508083139,lo,0.00,0.00,0.00,0,0,0.00,0.00,0.00,0,0,0.00,0.00,0,0
1508083139,s4,0.00,0.00,0.00,0,0,0.00,0.00,0.00,0,0,0.00,0.00,0,0
1508083139,total,250668.00,255210.00,505878.00,255210,250668,176.00,179.00,355.00,179,176,0.00,0.00,0,0
1508083140,s5,0.00,0.00,0.00,0,0,0.00,0.00,0.00,0,0,0.00,0.00,0,0
1508083140,s1,0.00,0.00,0.00,0,0,0.00,0.00,0.00,0,0,0.00,0.00,0,0
1508083140,eth0,0.00,0.00,0.00,0,0,0.00,0.00,0.00,0,0,0.00,0.00,0,0
1508083140,eth1,0.00,0.00,0.00,0,0,0.00,0.00,0.00,0,0,0.00,0.00,0,0
1508083140,s1-eth2,5972.00,250916.00,256888.00,250916,5972,88.00,94.00,182.00,94,88,0.00,0.00,0,0
1508083140,s1-eth1,243754.00,5972.00,249726.00,5972,243754,91.00,88.00,179.00,88,91,0.00,0.00,0,0
1508083140,lo,0.00,0.00,0.00,0,0,0.00,0.00,0.00,0,0,0.00,0.00,0,0
1508083140,s4,0.00,0.00,0.00,0,0,0.00,0.00,0.00,0,0,0.00,0.00,0,0
1508083140,total,249726.00,256888.00,506614.00,256888,249726,179.00,182.00,361.00,182,179,0.00,0.00,0,0
1508083141,s5,0.00,0.00,0.00,0,0,0.00,0.00,0.00,0,0,0.00,0.00,0,0
1508083141,s1,0.00,0.00,0.00,0,0,0.00,0.00,0.00,0,0,0.00,0.00,0,0
1508083141,eth0,0.00,0.00,0.00,0,0,0.00,0.00,0.00,0,0,0.00,0.00,0,0
1508083141,eth1,0.00,0.00,0.00,0,0,0.00,0.00,0.00,0,0,0.00,0.00,0,0
1508083141,s1-eth2,6150.00,255260.00,261410.00,255260,6150,91.00,94.00,185.00,94,91,0.00,0.00,0,0
1508083141,s1-eth1,245058.00,6150.00,251208.00,6150,245058,93.00,91.00,184.00,91,93,0.00,0.00,0,0
1508083141,lo,172.00,172.00,344.00,172,172,3.00,3.00,6.00,3,3,0.00,0.00,0,0
1508083141,s4,0.00,0.00,0.00,0,0,0.00,0.00,0.00,0,0,0.00,0.00,0,0
1508083141,total,251380.00,261582.00,512962.00,261582,251380,187.00,188.00,375.00,188,187,0.00,0.00,0,0
1508083142,s5,0.00,0.00,0.00,0,0,0.00,0.00,0.00,0,0,0.00,0.00,0,0
1508083142,s1,0.00,0.00,0.00,0,0,0.00,0.00,0.00,0,0,0.00,0.00,0,0
1508083142,eth0,0.00,0.00,0.00,0,0,0.00,0.00,0.00,0,0,0.00,0.00,0,0
1508083142,eth1,0.00,0.00,0.00,0,0,0.00,0.00,0.00,0,0,0.00,0.00,0,0
1508083142,s1-eth2,5604.00,249072.00,254676.00,249072,5604,84.00,88.00,172.00,88,84,0.00,0.00,0,0
1508083142,s1-eth1,246110.00,5604.00,251714.00,5604,246110,87.00,84.00,171.00,84,87,0.00,0.00,0,0
1508083142,lo,344.00,344.00,688.00,344,344,6.00,6.00,12.00,6,6,0.00,0.00,0,0
1508083142,s4,0.00,0.00,0.00,0,0,0.00,0.00,0.00,0,0,0.00,0.00,0,0
1508083142,total,252058.00,255020.00,507078.00,255020,252058,177.00,178.00,355.00,178,177,0.00,0.00,0,0
1508083143,s5,0.00,0.00,0.00,0,0,0.00,0.00,0.00,0,0,0.00,0.00,0,0
1508083143,s1,0.00,0.00,0.00,0,0,0.00,0.00,0.00,0,0,0.00,0.00,0,0
1508083143,eth0,0.00,0.00,0.00,0,0,0.00,0.00,0.00,0,0,0.00,0.00,0,0
1508083143,eth1,0.00,0.00,0.00,0,0,0.00,0.00,0.00,0,0,0.00,0.00,0,0
1508083143,s1-eth2,5771.23,251782.22,257553.45,252034,5777,85.91,88.91,174.83,89,86,0.00,0.00,0,0
1508083143,s1-eth1,245864.14,5664.34,251528.48,5670,246110,86.91,84.92,171.83,85,87,0.00,0.00,0,0
1508083143,lo,0.00,0.00,0.00,0,0,0.00,0.00,0.00,0,0,0.00,0.00,0,0
1508083143,s4,0.00,0.00,0.00,0,0,0.00,0.00,0.00,0,0,0.00,0.00,0,0
1508083143,total,251635.38,257446.56,509081.94,257704,251887,172.83,173.83,346.65,174,173,0.00,0.00,0,0
1508083144,s5,0.00,0.00,0.00,0,0,0.00,0.00,0.00,0,0,0.00,0.00,0,0
1508083144,s1,0.00,0.00,0.00,0,0,0.00,0.00,0.00,0,0,0.00,0.00,0,0
1508083144,eth0,0.00,0.00,0.00,0,0,0.00,0.00,0.00,0,0,0.00,0.00,0,0
1508083144,eth1,0.00,0.00,0.00,0,0,0.00,0.00,0.00,0,0,0.00,0.00,0,0
1508083144,s1-eth2,5460.00,250520.00,255980.00,250520,5460,82.00,88.00,170.00,88,82,0.00,0.00,0,0
1508083144,s1-eth1,242884.00,5460.00,248344.00,5460,242884,82.00,82.00,164.00,82,82,0.00,0.00,0,0
1508083144,lo,0.00,0.00,0.00,0,0,0.00,0.00,0.00,0,0,0.00,0.00,0,0
1508083144,s4,0.00,0.00,0.00,0,0,0.00,0.00,0.00,0,0,0.00,0.00,0,0
1508083144,total,248344.00,255980.00,504324.00,255980,248344,164.00,170.00,334.00,170,164,0.00,0.00,0,0
1508083145,s5,0.00,0.00,0.00,0,0,0.00,0.00,0.00,0,0,0.00,0.00,0,0
1508083145,s1,0.00,0.00,0.00,0,0,0.00,0.00,0.00,0,0,0.00,0.00,0,0
1508083145,eth0,0.00,0.00,0.00,0,0,0.00,0.00,0.00,0,0,0.00,0.00,0,0
1508083145,eth1,0.00,0.00,0.00,0,0,0.00,0.00,0.00,0,0,0.00,0.00,0,0
1508083145,s1-eth2,6378.00,249600.00,255978.00,249600,6378,93.00,96.00,189.00,96,93,0.00,0.00,0,0
1508083145,s1-eth1,246836.00,6378.00,253214.00,6378,246836,98.00,93.00,191.00,93,98,0.00,0.00,0,0
1508083145,lo,0.00,0.00,0.00,0,0,0.00,0.00,0.00,0,0,0.00,0.00,0,0
1508083145,s4,0.00,0.00,0.00,0,0,0.00,0.00,0.00,0,0,0.00,0.00,0,0
1508083145,total,253214.00,255978.00,509192.00,255978,253214,191.00,189.00,380.00,189,191,0.00,0.00,0,0
1508083146,s5,0.00,0.00,0.00,0,0,0.00,0.00,0.00,0,0,0.00,0.00,0,0
1508083146,s1,0.00,0.00,0.00,0,0,0.00,0.00,0.00,0,0,0.00,0.00,0,0
1508083146,eth0,0.00,0.00,0.00,0,0,0.00,0.00,0.00,0,0,0.00,0.00,0,0
1508083146,eth1,0.00,0.00,0.00,0,0,0.00,0.00,0.00,0,0,0.00,0.00,0,0
1508083146,s1-eth2,6076.00,253746.00,259822.00,253746,6076,86.00,93.00,179.00,93,86,0.00,0.00,0,0
1508083146,s1-eth1,243148.00,5734.00,248882.00,5734,243148,86.00,85.00,171.00,85,86,0.00,0.00,0,0
1508083146,lo,172.00,172.00,344.00,172,172,3.00,3.00,6.00,3,3,0.00,0.00,0,0
1508083146,s4,0.00,0.00,0.00,0,0,0.00,0.00,0.00,0,0,0.00,0.00,0,0
1508083146,total,249396.00,259652.00,509048.00,259652,249396,175.00,181.00,356.00,181,175,0.00,0.00,0,0
1508083147,s5,0.00,0.00,0.00,0,0,0.00,0.00,0.00,0,0,0.00,0.00,0,0
1508083147,s1,0.00,0.00,0.00,0,0,0.00,0.00,0.00,0,0,0.00,0.00,0,0
1508083147,eth0,0.00,0.00,0.00,0,0,0.00,0.00,0.00,0,0,0.00,0.00,0,0
1508083147,eth1,0.00,0.00,0.00,0,0,0.00,0.00,0.00,0,0,0.00,0.00,0,0
1508083147,s1-eth2,5634.00,250388.00,256022.00,250388,5634,85.00,86.00,171.00,86,85,0.00,0.00,0,0
1508083147,s1-eth1,246110.00,5700.00,251810.00,5700,246110,87.00,86.00,173.00,86,87,0.00,0.00,0,0
1508083147,lo,344.00,344.00,688.00,344,344,6.00,6.00,12.00,6,6,0.00,0.00,0,0
1508083147,s4,0.00,0.00,0.00,0,0,0.00,0.00,0.00,0,0,0.00,0.00,0,0
1508083147,total,252088.00,256432.00,508520.00,256432,252088,178.00,178.00,356.00,178,178,0.00,0.00,0,0
1508083148,s5,0.00,0.00,0.00,0,0,0.00,0.00,0.00,0,0,0.00,0.00,0,0
1508083148,s1,0.00,0.00,0.00,0,0,0.00,0.00,0.00,0,0,0.00,0.00,0,0
1508083148,eth0,0.00,0.00,0.00,0,0,0.00,0.00,0.00,0,0,0.00,0.00,0,0
1508083148,eth1,0.00,0.00,0.00,0,0,0.00,0.00,0.00,0,0,0.00,0.00,0,0
1508083148,s1-eth2,5610.00,249138.00,254748.00,249138,5610,83.00,89.00,172.00,89,83,0.00,0.00,0,0
1508083148,s1-eth1,246176.00,5544.00,251720.00,5544,246176,88.00,82.00,170.00,82,88,0.00,0.00,0,0
1508083148,lo,0.00,0.00,0.00,0,0,0.00,0.00,0.00,0,0,0.00,0.00,0,0
1508083148,s4,0.00,0.00,0.00,0,0,0.00,0.00,0.00,0,0,0.00,0.00,0,0
1508083148,total,251786.00,254682.00,506468.00,254682,251786,171.00,171.00,342.00,171,171,0.00,0.00,0,0
1508083149,s5,0.00,0.00,0.00,0,0,0.00,0.00,0.00,0,0,0.00,0.00,0,0
1508083149,s1,0.00,0.00,0.00,0,0,0.00,0.00,0.00,0,0,0.00,0.00,0,0
1508083149,eth0,0.00,0.00,0.00,0,0,0.00,0.00,0.00,0,0,0.00,0.00,0,0
1508083149,eth1,0.00,0.00,0.00,0,0,0.00,0.00,0.00,0,0,0.00,0.00,0,0
1508083149,s1-eth2,6162.00,249468.00,255630.00,249468,6162,91.00,94.00,185.00,94,91,0.00,0.00,0,0
1508083149,s1-eth1,243544.00,6228.00,249772.00,6228,243544,92.00,92.00,184.00,92,92,0.00,0.00,0,0
1508083149,lo,0.00,0.00,0.00,0,0,0.00,0.00,0.00,0,0,0.00,0.00,0,0
1508083149,s4,0.00,0.00,0.00,0,0,0.00,0.00,0.00,0,0,0.00,0.00,0,0
1508083149,total,249706.00,255696.00,505402.00,255696,249706,183.00,186.00,369.00,186,183,0.00,0.00,0,0
1508083150,s5,0.00,0.00,0.00,0,0,0.00,0.00,0.00,0,0,0.00,0.00,0,0
1508083150,s1,0.00,0.00,0.00,0,0,0.00,0.00,0.00,0,0,0.00,0.00,0,0
1508083150,eth0,0.00,0.00,0.00,0,0,0.00,0.00,0.00,0,0,0.00,0.00,0,0
1508083150,eth1,0.00,0.00,0.00,0,0,0.00,0.00,0.00,0,0,0.00,0.00,0,0
1508083150,s1-eth2,5358.00,251836.00,257194.00,251836,5358,81.00,86.00,167.00,86,81,0.00,0.00,0,0
1508083150,s1-eth1,245846.00,5292.00,251138.00,5292,245846,83.00,80.00,163.00,80,83,0.00,0.00,0,0
1508083150,lo,0.00,0.00,0.00,0,0,0.00,0.00,0.00,0,0,0.00,0.00,0,0
1508083150,s4,0.00,0.00,0.00,0,0,0.00,0.00,0.00,0,0,0.00,0.00,0,0
1508083150,total,251204.00,257128.00,508332.00,257128,251204,164.00,166.00,330.00,166,164,0.00,0.00,0,0
1508083151,s5,0.00,0.00,0.00,0,0,0.00,0.00,0.00,0,0,0.00,0.00,0,0
1508083151,s1,0.00,0.00,0.00,0,0,0.00,0.00,0.00,0,0,0.00,0.00,0,0
1508083151,eth0,0.00,0.00,0.00,0,0,0.00,0.00,0.00,0,0,0.00,0.00,0,0
1508083151,eth1,0.00,0.00,0.00,0,0,0.00,0.00,0.00,0,0,0.00,0.00,0,0
1508083151,s1-eth2,5616.00,248940.00,254556.00,248940,5616,84.00,86.00,170.00,86,84,0.00,0.00,0,0
1508083151,s1-eth1,243424.00,5616.00,249040.00,5616,243424,86.00,84.00,170.00,84,86,0.00,0.00,0,0
1508083151,lo,172.00,172.00,344.00,172,172,3.00,3.00,6.00,3,3,0.00,0.00,0,0
1508083151,s4,0.00,0.00,0.00,0,0,0.00,0.00,0.00,0,0,0.00,0.00,0,0
1508083151,total,249212.00,254728.00,503940.00,254728,249212,173.00,173.00,346.00,173,173,0.00,0.00,0,0
1508083152,s5,0.00,0.00,0.00,0,0,0.00,0.00,0.00,0,0,0.00,0.00,0,0
1508083152,s1,0.00,0.00,0.00,0,0,0.00,0.00,0.00,0,0,0.00,0.00,0,0
1508083152,eth0,0.00,0.00,0.00,0,0,0.00,0.00,0.00,0,0,0.00,0.00,0,0
1508083152,eth1,0.00,0.00,0.00,0,0,0.00,0.00,0.00,0,0,0.00,0.00,0,0
1508083152,s1-eth2,6324.00,249666.00,255990.00,249666,6324,92.00,97.00,189.00,97,92,0.00,0.00,0,0
1508083152,s1-eth1,246704.00,6324.00,253028.00,6324,246704,96.00,92.00,188.00,92,96,0.00,0.00,0,0
1508083152,lo,344.00,344.00,688.00,344,344,6.00,6.00,12.00,6,6,0.00,0.00,0,0
1508083152,s4,0.00,0.00,0.00,0,0,0.00,0.00,0.00,0,0,0.00,0.00,0,0
1508083152,total,253372.00,256334.00,509706.00,256334,253372,194.00,195.00,389.00,195,194,0.00,0.00,0,0
1508083153,s5,0.00,0.00,0.00,0,0,0.00,0.00,0.00,0,0,0.00,0.00,0,0
1508083153,s1,0.00,0.00,0.00,0,0,0.00,0.00,0.00,0,0,0.00,0.00,0,0
1508083153,eth0,0.00,0.00,0.00,0,0,0.00,0.00,0.00,0,0,0.00,0.00,0,0
1508083153,eth1,0.00,0.00,0.00,0,0,0.00,0.00,0.00,0,0,0.00,0.00,0,0
1508083153,s1-eth2,6496.00,252760.00,259256.00,252760,6496,94.00,100.00,194.00,100,94,0.00,0.00,0,0
1508083153,s1-eth1,243742.00,6496.00,250238.00,6496,243742,95.00,94.00,189.00,94,95,0.00,0.00,0,0
1508083153,lo,0.00,0.00,0.00,0,0,0.00,0.00,0.00,0,0,0.00,0.00,0,0
1508083153,s4,0.00,0.00,0.00,0,0,0.00,0.00,0.00,0,0,0.00,0.00,0,0
1508083153,total,250238.00,259256.00,509494.00,259256,250238,189.00,194.00,383.00,194,189,0.00,0.00,0,0
1508083154,s5,0.00,0.00,0.00,0,0,0.00,0.00,0.00,0,0,0.00,0.00,0,0
1508083154,s1,0.00,0.00,0.00,0,0,0.00,0.00,0.00,0,0,0.00,0.00,0,0
1508083154,eth0,0.00,0.00,0.00,0,0,0.00,0.00,0.00,0,0,0.00,0.00,0,0
1508083154,eth1,0.00,0.00,0.00,0,0,0.00,0.00,0.00,0,0,0.00,0.00,0,0
1508083154,s1-eth2,3828.00,125106.00,128934.00,125106,3828,52.00,53.00,105.00,53,52,0.00,0.00,0,0
1508083154,s1-eth1,120762.00,3486.00,124248.00,3486,120762,53.00,51.00,104.00,51,53,0.00,0.00,0,0
1508083154,lo,296.00,296.00,592.00,296,296,3.00,3.00,6.00,3,3,0.00,0.00,0,0
1508083154,s4,0.00,0.00,0.00,0,0,0.00,0.00,0.00,0,0,0.00,0.00,0,0
1508083154,total,124886.00,128888.00,253774.00,128888,124886,108.00,107.00,215.00,107,108,0.00,0.00,0,0
1508083155,s5,0.00,0.00,0.00,0,0,0.00,0.00,0.00,0,0,0.00,0.00,0,0
1508083155,s1,0.00,0.00,0.00,0,0,0.00,0.00,0.00,0,0,0.00,0.00,0,0
1508083155,eth0,0.00,0.00,0.00,0,0,0.00,0.00,0.00,0,0,0.00,0.00,0,0
1508083155,eth1,0.00,0.00,0.00,0,0,0.00,0.00,0.00,0,0,0.00,0.00,0,0
1508083155,s1-eth2,5022.00,226890.00,231912.00,226890,5022,75.00,81.00,156.00,81,75,0.00,0.00,0,0
1508083155,s1-eth1,212080.00,5022.00,217102.00,5022,212080,76.00,75.00,151.00,75,76,0.00,0.00,0,0
1508083155,lo,0.00,0.00,0.00,0,0,0.00,0.00,0.00,0,0,0.00,0.00,0,0
1508083155,s4,0.00,0.00,0.00,0,0,0.00,0.00,0.00,0,0,0.00,0.00,0,0
1508083155,total,217102.00,231912.00,449014.00,231912,217102,151.00,156.00,307.00,156,151,0.00,0.00,0,0
1508083156,s5,0.00,0.00,0.00,0,0,0.00,0.00,0.00,0,0,0.00,0.00,0,0
1508083156,s1,0.00,0.00,0.00,0,0,0.00,0.00,0.00,0,0,0.00,0.00,0,0
1508083156,eth0,0.00,0.00,0.00,0,0,0.00,0.00,0.00,0,0,0.00,0.00,0,0
1508083156,eth1,0.00,0.00,0.00,0,0,0.00,0.00,0.00,0,0,0.00,0.00,0,0
1508083156,s1-eth2,5520.00,246242.00,251762.00,246242,5520,82.00,89.00,171.00,89,82,0.00,0.00,0,0
1508083156,s1-eth1,244728.00,5520.00,250248.00,5520,244728,88.00,82.00,170.00,82,88,0.00,0.00,0,0
1508083156,lo,0.00,0.00,0.00,0,0,0.00,0.00,0.00,0,0,0.00,0.00,0,0
1508083156,s4,0.00,0.00,0.00,0,0,0.00,0.00,0.00,0,0,0.00,0.00,0,0
1508083156,total,250248.00,251762.00,502010.00,251762,250248,170.00,171.00,341.00,171,170,0.00,0.00,0,0
1508083157,s5,0.00,0.00,0.00,0,0,0.00,0.00,0.00,0,0,0.00,0.00,0,0
1508083157,s1,0.00,0.00,0.00,0,0,0.00,0.00,0.00,0,0,0.00,0.00,0,0
1508083157,eth0,0.00,0.00,0.00,0,0,0.00,0.00,0.00,0,0,0.00,0.00,0,0
1508083157,eth1,0.00,0.00,0.00,0,0,0.00,0.00,0.00,0,0,0.00,0.00,0,0
1508083157,s1-eth2,5982.00,256642.00,262624.00,256642,5982,89.00,93.00,182.00,93,89,0.00,0.00,0,0
1508083157,s1-eth1,244794.00,5982.00,250776.00,5982,244794,89.00,89.00,178.00,89,89,0.00,0.00,0,0
1508083157,lo,344.00,344.00,688.00,344,344,6.00,6.00,12.00,6,6,0.00,0.00,0,0
1508083157,s4,0.00,0.00,0.00,0,0,0.00,0.00,0.00,0,0,0.00,0.00,0,0
1508083157,total,251120.00,262968.00,514088.00,262968,251120,184.00,188.00,372.00,188,184,0.00,0.00,0,0
1508083158,s5,0.00,0.00,0.00,0,0,0.00,0.00,0.00,0,0,0.00,0.00,0,0
1508083158,s1,0.00,0.00,0.00,0,0,0.00,0.00,0.00,0,0,0.00,0.00,0,0
1508083158,eth0,0.00,0.00,0.00,0,0,0.00,0.00,0.00,0,0,0.00,0.00,0,0
1508083158,eth1,0.00,0.00,0.00,0,0,0.00,0.00,0.00,0,0,0.00,0.00,0,0
1508083158,s1-eth2,5964.00,249402.00,255366.00,249402,5964,88.00,93.00,181.00,93,88,0.00,0.00,0,0
1508083158,s1-eth1,247888.00,6042.00,253930.00,6042,247888,92.00,89.00,181.00,89,92,0.00,0.00,0,0
1508083158,lo,0.00,0.00,0.00,0,0,0.00,0.00,0.00,0,0,0.00,0.00,0,0
1508083158,s4,0.00,0.00,0.00,0,0,0.00,0.00,0.00,0,0,0.00,0.00,0,0
1508083158,total,253852.00,255444.00,509296.00,255444,253852,180.00,182.00,362.00,182,180,0.00,0.00,0,0
1508083159,s5,0.00,0.00,0.00,0,0,0.00,0.00,0.00,0,0,0.00,0.00,0,0
1508083159,s1,0.00,0.00,0.00,0,0,0.00,0.00,0.00,0,0,0.00,0.00,0,0
1508083159,eth0,0.00,0.00,0.00,0,0,0.00,0.00,0.00,0,0,0.00,0.00,0,0
1508083159,eth1,0.00,0.00,0.00,0,0,0.00,0.00,0.00,0,0,0.00,0.00,0,0
1508083159,s1-eth2,6113.00,250784.00,256897.00,250784,6113,90.00,92.00,182.00,92,90,0.00,0.00,0,0
1508083159,s1-eth1,244967.00,5928.00,250895.00,5928,244967,91.00,88.00,179.00,88,91,0.00,0.00,0,0
1508083159,lo,172.00,172.00,344.00,172,172,3.00,3.00,6.00,3,3,0.00,0.00,0,0
1508083159,s4,0.00,0.00,0.00,0,0,0.00,0.00,0.00,0,0,0.00,0.00,0,0
1508083159,total,251252.00,256884.00,508136.00,256884,251252,184.00,183.00,367.00,183,184,0.00,0.00,0,0
1508083160,s5,0.00,0.00,0.00,0,0,0.00,0.00,0.00,0,0,0.00,0.00,0,0
1508083160,s1,0.00,0.00,0.00,0,0,0.00,0.00,0.00,0,0,0.00,0.00,0,0
1508083160,eth0,0.00,0.00,0.00,0,0,0.00,0.00,0.00,0,0,0.00,0.00,0,0
1508083160,eth1,0.00,0.00,0.00,0,0,0.00,0.00,0.00,0,0,0.00,0.00,0,0
1508083160,s1-eth2,6594.00,261778.00,268372.00,261778,6594,97.00,105.00,202.00,105,97,0.00,0.00,0,0
1508083160,s1-eth1,244006.00,6660.00,250666.00,6660,244006,99.00,98.00,197.00,98,99,0.00,0.00,0,0
1508083160,lo,0.00,0.00,0.00,0,0,0.00,0.00,0.00,0,0,0.00,0.00,0,0
1508083160,s4,0.00,0.00,0.00,0,0,0.00,0.00,0.00,0,0,0.00,0.00,0,0
1508083160,total,250600.00,268438.00,519038.00,268438,250600,196.00,203.00,399.00,203,196,0.00,0.00,0,0
1508083161,s5,0.00,0.00,0.00,0,0,0.00,0.00,0.00,0,0,0.00,0.00,0,0
1508083161,s1,0.00,0.00,0.00,0,0,0.00,0.00,0.00,0,0,0.00,0.00,0,0
1508083161,eth0,0.00,0.00,0.00,0,0,0.00,0.00,0.00,0,0,0.00,0.00,0,0
1508083161,eth1,0.00,0.00,0.00,0,0,0.00,0.00,0.00,0,0,0.00,0.00,0,0
1508083161,s1-eth2,6116.00,258354.00,264470.00,258354,6116,90.00,97.00,187.00,97,90,0.00,0.00,0,0
1508083161,s1-eth1,243544.00,6050.00,249594.00,6050,243544,92.00,89.00,181.00,89,92,0.00,0.00,0,0
1508083161,lo,0.00,0.00,0.00,0,0,0.00,0.00,0.00,0,0,0.00,0.00,0,0
1508083161,s4,0.00,0.00,0.00,0,0,0.00,0.00,0.00,0,0,0.00,0.00,0,0
1508083161,total,249660.00,264404.00,514064.00,264404,249660,182.00,186.00,368.00,186,182,0.00,0.00,0,0
1508083162,s5,0.00,0.00,0.00,0,0,0.00,0.00,0.00,0,0,0.00,0.00,0,0
1508083162,s1,0.00,0.00,0.00,0,0,0.00,0.00,0.00,0,0,0.00,0.00,0,0
1508083162,eth0,0.00,0.00,0.00,0,0,0.00,0.00,0.00,0,0,0.00,0.00,0,0
1508083162,eth1,0.00,0.00,0.00,0,0,0.00,0.00,0.00,0,0,0.00,0.00,0,0
1508083162,s1-eth2,5820.18,251848.16,257668.34,252100,5826,86.91,89.91,176.82,90,87,0.00,0.00,0,0
1508083162,s1-eth1,242971.03,5820.18,248791.22,5826,243214,86.91,86.91,173.83,87,87,0.00,0.00,0,0
1508083162,lo,343.66,343.66,687.31,344,344,5.99,5.99,11.99,6,6,0.00,0.00,0,0
1508083162,s4,0.00,0.00,0.00,0,0,0.00,0.00,0.00,0,0,0.00,0.00,0,0
1508083162,total,249134.88,258012.00,507146.88,258270,249384,179.82,182.82,362.64,183,180,0.00,0.00,0,0
1508083163,s5,0.00,0.00,0.00,0,0,0.00,0.00,0.00,0,0,0.00,0.00,0,0
1508083163,s1,0.00,0.00,0.00,0,0,0.00,0.00,0.00,0,0,0.00,0.00,0,0
1508083163,eth0,0.00,0.00,0.00,0,0,0.00,0.00,0.00,0,0,0.00,0.00,0,0
1508083163,eth1,0.00,0.00,0.00,0,0,0.00,0.00,0.00,0,0,0.00,0.00,0,0
1508083163,s1-eth2,6112.00,249468.00,255580.00,249468,6112,90.00,94.00,184.00,94,90,0.00,0.00,0,0
1508083163,s1-eth1,246506.00,6112.00,252618.00,6112,246506,93.00,90.00,183.00,90,93,0.00,0.00,0,0
1508083163,lo,0.00,0.00,0.00,0,0,0.00,0.00,0.00,0,0,0.00,0.00,0,0
1508083163,s4,0.00,0.00,0.00,0,0,0.00,0.00,0.00,0,0,0.00,0.00,0,0
1508083163,total,252618.00,255580.00,508198.00,255580,252618,183.00,184.00,367.00,184,183,0.00,0.00,0,0
1508083164,s5,0.00,0.00,0.00,0,0,0.00,0.00,0.00,0,0,0.00,0.00,0,0
1508083164,s1,0.00,0.00,0.00,0,0,0.00,0.00,0.00,0,0,0.00,0.00,0,0
1508083164,eth0,0.00,0.00,0.00,0,0,0.00,0.00,0.00,0,0,0.00,0.00,0,0
1508083164,eth1,0.00,0.00,0.00,0,0,0.00,0.00,0.00,0,0,0.00,0.00,0,0
1508083164,s1-eth2,5382.00,254864.00,260246.00,254864,5382,81.00,88.00,169.00,88,81,0.00,0.00,0,0
1508083164,s1-eth1,243358.00,5382.00,248740.00,5382,243358,85.00,81.00,166.00,81,85,0.00,0.00,0,0
1508083164,lo,172.00,172.00,344.00,172,172,3.00,3.00,6.00,3,3,0.00,0.00,0,0
1508083164,s4,0.00,0.00,0.00,0,0,0.00,0.00,0.00,0,0,0.00,0.00,0,0
1508083164,total,248912.00,260418.00,509330.00,260418,248912,169.00,172.00,341.00,172,169,0.00,0.00,0,0
1508083165,s5,0.00,0.00,0.00,0,0,0.00,0.00,0.00,0,0,0.00,0.00,0,0
1508083165,s1,0.00,0.00,0.00,0,0,0.00,0.00,0.00,0,0,0.00,0.00,0,0
1508083165,eth0,0.00,0.00,0.00,0,0,0.00,0.00,0.00,0,0,0.00,0.00,0,0
1508083165,eth1,0.00,0.00,0.00,0,0,0.00,0.00,0.00,0,0,0.00,0.00,0,0
1508083165,s1-eth2,5208.79,248559.45,253768.23,248808,5214,78.92,83.92,162.84,84,79,0.00,0.00,0,0
1508083165,s1-eth1,245600.41,5208.79,250809.20,5214,245846,82.92,78.92,161.84,79,83,0.00,0.00,0,0
1508083165,lo,0.00,0.00,0.00,0,0,0.00,0.00,0.00,0,0,0.00,0.00,0,0
1508083165,s4,0.00,0.00,0.00,0,0,0.00,0.00,0.00,0,0,0.00,0.00,0,0
1508083165,total,250809.20,253768.23,504577.44,254022,251060,161.84,162.84,324.68,163,162,0.00,0.00,0,0
1508083166,s5,0.00,0.00,0.00,0,0,0.00,0.00,0.00,0,0,0.00,0.00,0,0
1508083166,s1,0.00,0.00,0.00,0,0,0.00,0.00,0.00,0,0,0.00,0.00,0,0
1508083166,eth0,0.00,0.00,0.00,0,0,0.00,0.00,0.00,0,0,0.00,0.00,0,0
1508083166,eth1,0.00,0.00,0.00,0,0,0.00,0.00,0.00,0,0,0.00,0.00,0,0
1508083166,s1-eth2,6042.00,246572.00,252614.00,246572,6042,89.00,94.00,183.00,94,89,0.00,0.00,0,0
1508083166,s1-eth1,246572.00,6042.00,252614.00,6042,246572,94.00,89.00,183.00,89,94,0.00,0.00,0,0
1508083166,lo,0.00,0.00,0.00,0,0,0.00,0.00,0.00,0,0,0.00,0.00,0,0
1508083166,s4,0.00,0.00,0.00,0,0,0.00,0.00,0.00,0,0,0.00,0.00,0,0
1508083166,total,252614.00,252614.00,505228.00,252614,252614,183.00,183.00,366.00,183,183,0.00,0.00,0,0
1508083167,s5,0.00,0.00,0.00,0,0,0.00,0.00,0.00,0,0,0.00,0.00,0,0
1508083167,s1,0.00,0.00,0.00,0,0,0.00,0.00,0.00,0,0,0.00,0.00,0,0
1508083167,eth0,0.00,0.00,0.00,0,0,0.00,0.00,0.00,0,0,0.00,0.00,0,0
1508083167,eth1,0.00,0.00,0.00,0,0,0.00,0.00,0.00,0,0,0.00,0.00,0,0
1508083167,s1-eth2,6006.00,249270.00,255276.00,249270,6006,89.00,91.00,180.00,91,89,0.00,0.00,0,0
1508083167,s1-eth1,243346.00,6006.00,249352.00,6006,243346,89.00,89.00,178.00,89,89,0.00,0.00,0,0
1508083167,lo,344.00,344.00,688.00,344,344,6.00,6.00,12.00,6,6,0.00,0.00,0,0
1508083167,s4,0.00,0.00,0.00,0,0,0.00,0.00,0.00,0,0,0.00,0.00,0,0
1508083167,total,249696.00,255620.00,505316.00,255620,249696,184.00,186.00,370.00,186,184,0.00,0.00,0,0
1508083168,s5,0.00,0.00,0.00,0,0,0.00,0.00,0.00,0,0,0.00,0.00,0,0
1508083168,s1,0.00,0.00,0.00,0,0,0.00,0.00,0.00,0,0,0.00,0.00,0,0
1508083168,eth0,0.00,0.00,0.00,0,0,0.00,0.00,0.00,0,0,0.00,0.00,0,0
1508083168,eth1,0.00,0.00,0.00,0,0,0.00,0.00,0.00,0,0,0.00,0.00,0,0
1508083168,s1-eth2,5214.00,251770.00,256984.00,251770,5214,79.00,85.00,164.00,85,79,0.00,0.00,0,0
1508083168,s1-eth1,245846.00,5214.00,251060.00,5214,245846,83.00,79.00,162.00,79,83,0.00,0.00,0,0
1508083168,lo,0.00,0.00,0.00,0,0,0.00,0.00,0.00,0,0,0.00,0.00,0,0
1508083168,s4,0.00,0.00,0.00,0,0,0.00,0.00,0.00,0,0,0.00,0.00,0,0
1508083168,total,251060.00,256984.00,508044.00,256984,251060,162.00,164.00,326.00,164,162,0.00,0.00,0,0
1508083169,s5,0.00,0.00,0.00,0,0,0.00,0.00,0.00,0,0,0.00,0.00,0,0
1508083169,s1,0.00,0.00,0.00,0,0,0.00,0.00,0.00,0,0,0.00,0.00,0,0
1508083169,eth0,0.00,0.00,0.00,0,0,0.00,0.00,0.00,0,0,0.00,0.00,0,0
1508083169,eth1,0.00,0.00,0.00,0,0,0.00,0.00,0.00,0,0,0.00,0.00,0,0
1508083169,s1-eth2,6534.00,249666.00,256200.00,249666,6534,91.00,97.00,188.00,97,91,0.00,0.00,0,0
1508083169,s1-eth1,243742.00,6192.00,249934.00,6192,243742,95.00,90.00,185.00,90,95,0.00,0.00,0,0
1508083169,lo,172.00,172.00,344.00,172,172,3.00,3.00,6.00,3,3,0.00,0.00,0,0
1508083169,s4,0.00,0.00,0.00,0,0,0.00,0.00,0.00,0,0,0.00,0.00,0,0
1508083169,total,250448.00,256030.00,506478.00,256030,250448,189.00,190.00,379.00,190,189,0.00,0.00,0,0
1508083170,s5,0.00,0.00,0.00,0,0,0.00,0.00,0.00,0,0,0.00,0.00,0,0
1508083170,s1,0.00,0.00,0.00,0,0,0.00,0.00,0.00,0,0,0.00,0.00,0,0
1508083170,eth0,0.00,0.00,0.00,0,0,0.00,0.00,0.00,0,0,0.00,0.00,0,0
1508083170,eth1,0.00,0.00,0.00,0,0,0.00,0.00,0.00,0,0,0.00,0.00,0,0
1508083170,s1-eth2,5808.00,255194.00,261002.00,255194,5808,86.00,93.00,179.00,93,86,0.00,0.00,0,0
1508083170,s1-eth1,246308.00,5808.00,252116.00,5808,246308,90.00,86.00,176.00,86,90,0.00,0.00,0,0
1508083170,lo,0.00,0.00,0.00,0,0,0.00,0.00,0.00,0,0,0.00,0.00,0,0
1508083170,s4,0.00,0.00,0.00,0,0,0.00,0.00,0.00,0,0,0.00,0.00,0,0
1508083170,total,252116.00,261002.00,513118.00,261002,252116,176.00,179.00,355.00,179,176,0.00,0.00,0,0
1508083171,s5,0.00,0.00,0.00,0,0,0.00,0.00,0.00,0,0,0.00,0.00,0,0
1508083171,s1,0.00,0.00,0.00,0,0,0.00,0.00,0.00,0,0,0.00,0.00,0,0
1508083171,eth0,0.00,0.00,0.00,0,0,0.00,0.00,0.00,0,0,0.00,0.00,0,0
1508083171,eth1,0.00,0.00,0.00,0,0,0.00,0.00,0.00,0,0,0.00,0.00,0,0
1508083171,s1-eth2,5922.08,254939.06,260861.14,255194,5928,87.91,92.91,180.82,93,88,0.00,0.00,0,0
1508083171,s1-eth1,246061.94,5922.08,251984.02,5928,246308,89.91,87.91,177.82,88,90,0.00,0.00,0,0
1508083171,lo,0.00,0.00,0.00,0,0,0.00,0.00,0.00,0,0,0.00,0.00,0,0
1508083171,s4,0.00,0.00,0.00,0,0,0.00,0.00,0.00,0,0,0.00,0.00,0,0
1508083171,total,251984.02,260861.14,512845.16,261122,252236,177.82,180.82,358.64,181,178,0.00,0.00,0,0
1508083172,s5,0.00,0.00,0.00,0,0,0.00,0.00,0.00,0,0,0.00,0.00,0,0
1508083172,s1,0.00,0.00,0.00,0,0,0.00,0.00,0.00,0,0,0.00,0.00,0,0
1508083172,eth0,0.00,0.00,0.00,0,0,0.00,0.00,0.00,0,0,0.00,0.00,0,0
1508083172,eth1,0.00,0.00,0.00,0,0,0.00,0.00,0.00,0,0,0.00,0.00,0,0
1508083172,s1-eth2,5772.00,252166.00,257938.00,252166,5772,86.00,91.00,177.00,91,86,0.00,0.00,0,0
1508083172,s1-eth1,243280.00,5772.00,249052.00,5772,243280,88.00,86.00,174.00,86,88,0.00,0.00,0,0
1508083172,lo,344.00,344.00,688.00,344,344,6.00,6.00,12.00,6,6,0.00,0.00,0,0
1508083172,s4,0.00,0.00,0.00,0,0,0.00,0.00,0.00,0,0,0.00,0.00,0,0
1508083172,total,249396.00,258282.00,507678.00,258282,249396,180.00,183.00,363.00,183,180,0.00,0.00,0,0
1508083173,s5,0.00,0.00,0.00,0,0,0.00,0.00,0.00,0,0,0.00,0.00,0,0
1508083173,s1,0.00,0.00,0.00,0,0,0.00,0.00,0.00,0,0,0.00,0.00,0,0
1508083173,eth0,0.00,0.00,0.00,0,0,0.00,0.00,0.00,0,0,0.00,0.00,0,0
1508083173,eth1,0.00,0.00,0.00,0,0,0.00,0.00,0.00,0,0,0.00,0.00,0,0
1508083173,s1-eth2,5430.57,248691.31,254121.89,248940,5436,81.92,85.91,167.83,86,82,0.00,0.00,0,0
1508083173,s1-eth1,245732.28,5430.57,251162.84,5436,245978,84.92,81.92,166.83,82,85,0.00,0.00,0,0
1508083173,lo,0.00,0.00,0.00,0,0,0.00,0.00,0.00,0,0,0.00,0.00,0,0
1508083173,s4,0.00,0.00,0.00,0,0,0.00,0.00,0.00,0,0,0.00,0.00,0,0
1508083173,total,251162.84,254121.89,505284.72,254376,251414,166.83,167.83,334.67,168,167,0.00,0.00,0,0
1508083174,s5,0.00,0.00,0.00,0,0,0.00,0.00,0.00,0,0,0.00,0.00,0,0
1508083174,s1,0.00,0.00,0.00,0,0,0.00,0.00,0.00,0,0,0.00,0.00,0,0
1508083174,eth0,0.00,0.00,0.00,0,0,0.00,0.00,0.00,0,0,0.00,0.00,0,0
1508083174,eth1,0.00,0.00,0.00,0,0,0.00,0.00,0.00,0,0,0.00,0.00,0,0
1508083174,s1-eth2,6186.00,253878.00,260064.00,253878,6186,91.00,95.00,186.00,95,91,0.00,0.00,0,0
1508083174,s1-eth1,243478.00,6186.00,249664.00,6186,243478,91.00,91.00,182.00,91,91,0.00,0.00,0,0
1508083174,lo,172.00,172.00,344.00,172,172,3.00,3.00,6.00,3,3,0.00,0.00,0,0
1508083174,s4,0.00,0.00,0.00,0,0,0.00,0.00,0.00,0,0,0.00,0.00,0,0
1508083174,total,249836.00,260236.00,510072.00,260236,249836,185.00,189.00,374.00,189,185,0.00,0.00,0,0
1508083175,s5,0.00,0.00,0.00,0,0,0.00,0.00,0.00,0,0,0.00,0.00,0,0
1508083175,s1,0.00,0.00,0.00,0,0,0.00,0.00,0.00,0,0,0.00,0.00,0,0
1508083175,eth0,304.00,490.00,794.00,490,304,4.00,4.00,8.00,4,4,0.00,0.00,0,0
1508083175,eth1,0.00,0.00,0.00,0,0,0.00,0.00,0.00,0,0,0.00,0.00,0,0
1508083175,s1-eth2,6190.00,246044.00,252234.00,246044,6190,87.00,86.00,173.00,86,87,0.00,0.00,0,0
1508083175,s1-eth1,245170.00,5628.00,250798.00,5628,245170,89.00,84.00,173.00,84,89,0.00,0.00,0,0
1508083175,lo,682.00,682.00,1364.00,682,682,8.00,8.00,16.00,8,8,0.00,0.00,0,0
1508083175,s4,0.00,0.00,0.00,0,0,0.00,0.00,0.00,0,0,0.00,0.00,0,0
1508083175,total,252346.00,252844.00,505190.00,252844,252346,188.00,182.00,370.00,182,188,0.00,0.00,0,0
1508083176,s5,0.00,0.00,0.00,0,0,0.00,0.00,0.00,0,0,0.00,0.00,0,0
1508083176,s1,0.00,0.00,0.00,0,0,0.00,0.00,0.00,0,0,0.00,0.00,0,0
1508083176,eth0,303.70,489.51,793.21,490,304,4.00,4.00,7.99,4,4,0.00,0.00,0,0
1508083176,eth1,0.00,0.00,0.00,0,0,0.00,0.00,0.00,0,0,0.00,0.00,0,0
1508083176,s1-eth2,6059.94,244813.19,250873.14,245058,6066,88.91,92.91,181.82,93,89,0.00,0.00,0,0
1508083176,s1-eth1,246500.50,6047.95,252548.45,6054,246747,101.90,88.91,190.81,89,102,0.00,0.00,0,0
1508083176,lo,681.32,681.32,1362.64,682,682,7.99,7.99,15.98,8,8,0.00,0.00,0,0
1508083176,s4,0.00,0.00,0.00,0,0,0.00,0.00,0.00,0,0,0.00,0.00,0,0
1508083176,total,253545.47,252031.97,505577.44,252284,253799,202.80,193.81,396.60,194,203,0.00,0.00,0,0
1508083177,s5,0.00,0.00,0.00,0,0,0.00,0.00,0.00,0,0,0.00,0.00,0,0
1508083177,s1,0.00,0.00,0.00,0,0,0.00,0.00,0.00,0,0,0.00,0.00,0,0
1508083177,eth0,152.00,245.00,397.00,245,152,2.00,2.00,4.00,2,2,0.00,0.00,0,0
1508083177,eth1,0.00,0.00,0.00,0,0,0.00,0.00,0.00,0,0,0.00,0.00,0,0
1508083177,s1-eth2,7824.00,255128.00,262952.00,255128,7824,96.00,92.00,188.00,92,96,0.00,0.00,0,0
1508083177,s1-eth1,243991.00,5652.00,249643.00,5652,243991,92.00,84.00,176.00,84,92,0.00,0.00,0,0
1508083177,lo,685.00,685.00,1370.00,685,685,10.00,10.00,20.00,10,10,0.00,0.00,0,0
1508083177,s4,0.00,0.00,0.00,0,0,0.00,0.00,0.00,0,0,0.00,0.00,0,0
1508083177,total,252652.00,261710.00,514362.00,261710,252652,200.00,188.00,388.00,188,200,0.00,0.00,0,0
1508083178,s5,0.00,0.00,0.00,0,0,0.00,0.00,0.00,0,0,0.00,0.00,0,0
1508083178,s1,0.00,0.00,0.00,0,0,0.00,0.00,0.00,0,0,0.00,0.00,0,0
1508083178,eth0,152.00,245.00,397.00,245,152,2.00,2.00,4.00,2,2,0.00,0.00,0,0
1508083178,eth1,0.00,0.00,0.00,0,0,0.00,0.00,0.00,0,0,0.00,0.00,0,0
1508083178,s1-eth2,6279.00,254996.00,261275.00,254996,6279,88.00,90.00,178.00,90,88,0.00,0.00,0,0
1508083178,s1-eth1,246779.00,5658.00,252437.00,5658,246779,89.00,85.00,174.00,85,89,0.00,0.00,0,0
1508083178,lo,341.00,341.00,682.00,341,341,4.00,4.00,8.00,4,4,0.00,0.00,0,0
1508083178,s4,0.00,0.00,0.00,0,0,0.00,0.00,0.00,0,0,0.00,0.00,0,0
1508083178,total,253551.00,261240.00,514791.00,261240,253551,183.00,181.00,364.00,181,183,0.00,0.00,0,0
1508083179,s5,0.00,0.00,0.00,0,0,0.00,0.00,0.00,0,0,0.00,0.00,0,0
1508083179,s1,0.00,0.00,0.00,0,0,0.00,0.00,0.00,0,0,0.00,0.00,0,0
1508083179,eth0,0.00,0.00,0.00,0,0,0.00,0.00,0.00,0,0,0.00,0.00,0,0
1508083179,eth1,0.00,0.00,0.00,0,0,0.00,0.00,0.00,0,0,0.00,0.00,0,0
1508083179,s1-eth2,6396.00,247888.00,254284.00,247888,6396,90.00,92.00,182.00,92,90,0.00,0.00,0,0
1508083179,s1-eth1,243786.00,6054.00,249840.00,6054,243786,92.00,89.00,181.00,89,92,0.00,0.00,0,0
1508083179,lo,172.00,172.00,344.00,172,172,3.00,3.00,6.00,3,3,0.00,0.00,0,0
1508083179,s4,0.00,0.00,0.00,0,0,0.00,0.00,0.00,0,0,0.00,0.00,0,0
1508083179,total,250354.00,254114.00,504468.00,254114,250354,185.00,184.00,369.00,184,185,0.00,0.00,0,0
1508083180,s5,0.00,0.00,0.00,0,0,0.00,0.00,0.00,0,0,0.00,0.00,0,0
1508083180,s1,0.00,0.00,0.00,0,0,0.00,0.00,0.00,0,0,0.00,0.00,0,0
1508083180,eth0,60.00,60.00,120.00,60,60,1.00,1.00,2.00,1,1,0.00,0.00,0,0
1508083180,eth1,0.00,0.00,0.00,0,0,0.00,0.00,0.00,0,0,0.00,0.00,0,0
1508083180,s1-eth2,6767.00,251114.00,257881.00,251114,6767,92.00,97.00,189.00,97,92,0.00,0.00,0,0
1508083180,s1-eth1,246965.00,6066.00,253031.00,6066,246965,96.00,89.00,185.00,89,96,0.00,0.00,0,0
1508083180,lo,0.00,0.00,0.00,0,0,0.00,0.00,0.00,0,0,0.00,0.00,0,0
1508083180,s4,0.00,0.00,0.00,0,0,0.00,0.00,0.00,0,0,0.00,0.00,0,0
1508083180,total,253792.00,257240.00,511032.00,257240,253792,189.00,187.00,376.00,187,189,0.00,0.00,0,0
1508083181,s5,0.00,0.00,0.00,0,0,0.00,0.00,0.00,0,0,0.00,0.00,0,0
1508083181,s1,0.00,0.00,0.00,0,0,0.00,0.00,0.00,0,0,0.00,0.00,0,0
1508083181,eth0,0.00,0.00,0.00,0,0,0.00,0.00,0.00,0,0,0.00,0.00,0,0
1508083181,eth1,0.00,0.00,0.00,0,0,0.00,0.00,0.00,0,0,0.00,0.00,0,0
1508083181,s1-eth2,6106.00,255062.00,261168.00,255062,6106,87.00,91.00,178.00,91,87,0.00,0.00,0,0
1508083181,s1-eth1,243214.00,5694.00,248908.00,5694,243214,87.00,85.00,172.00,85,87,0.00,0.00,0,0
1508083181,lo,0.00,0.00,0.00,0,0,0.00,0.00,0.00,0,0,0.00,0.00,0,0
1508083181,s4,0.00,0.00,0.00,0,0,0.00,0.00,0.00,0,0,0.00,0.00,0,0
1508083181,total,249320.00,260756.00,510076.00,260756,249320,174.00,176.00,350.00,176,174,0.00,0.00,0,0
1508083182,s5,0.00,0.00,0.00,0,0,0.00,0.00,0.00,0,0,0.00,0.00,0,0
1508083182,s1,0.00,0.00,0.00,0,0,0.00,0.00,0.00,0,0,0.00,0.00,0,0
1508083182,eth0,0.00,0.00,0.00,0,0,0.00,0.00,0.00,0,0,0.00,0.00,0,0
1508083182,eth1,0.00,0.00,0.00,0,0,0.00,0.00,0.00,0,0,0.00,0.00,0,0
1508083182,s1-eth2,5592.00,251968.00,257560.00,251968,5592,84.00,88.00,172.00,88,84,0.00,0.00,0,0
1508083182,s1-eth1,246044.00,5592.00,251636.00,5592,246044,86.00,84.00,170.00,84,86,0.00,0.00,0,0
1508083182,lo,344.00,344.00,688.00,344,344,6.00,6.00,12.00,6,6,0.00,0.00,0,0
1508083182,s4,0.00,0.00,0.00,0,0,0.00,0.00,0.00,0,0,0.00,0.00,0,0
1508083182,total,251980.00,257904.00,509884.00,257904,251980,176.00,178.00,354.00,178,176,0.00,0.00,0,0
1508083183,s5,0.00,0.00,0.00,0,0,0.00,0.00,0.00,0,0,0.00,0.00,0,0
1508083183,s1,0.00,0.00,0.00,0,0,0.00,0.00,0.00,0,0,0.00,0.00,0,0
1508083183,eth0,0.00,0.00,0.00,0,0,0.00,0.00,0.00,0,0,0.00,0.00,0,0
1508083183,eth1,0.00,0.00,0.00,0,0,0.00,0.00,0.00,0,0,0.00,0.00,0,0
1508083183,s1-eth2,5748.00,252100.00,257848.00,252100,5748,86.00,90.00,176.00,90,86,0.00,0.00,0,0
1508083183,s1-eth1,243321.00,5748.00,249069.00,5748,243321,88.00,86.00,174.00,86,88,0.00,0.00,0,0
1508083183,lo,0.00,0.00,0.00,0,0,0.00,0.00,0.00,0,0,0.00,0.00,0,0
1508083183,s4,0.00,0.00,0.00,0,0,0.00,0.00,0.00,0,0,0.00,0.00,0,0
1508083183,total,249069.00,257848.00,506917.00,257848,249069,174.00,176.00,350.00,176,174,0.00,0.00,0,0
1508083184,s5,0.00,0.00,0.00,0,0,0.00,0.00,0.00,0,0,0.00,0.00,0,0
1508083184,s1,0.00,0.00,0.00,0,0,0.00,0.00,0.00,0,0,0.00,0.00,0,0
1508083184,eth0,0.00,0.00,0.00,0,0,0.00,0.00,0.00,0,0,0.00,0.00,0,0
1508083184,eth1,0.00,0.00,0.00,0,0,0.00,0.00,0.00,0,0,0.00,0.00,0,0
1508083184,s1-eth2,6227.00,245058.00,251285.00,245058,6227,91.00,93.00,184.00,93,91,0.00,0.00,0,0
1508083184,s1-eth1,246918.00,6120.00,253038.00,6120,246918,95.00,90.00,185.00,90,95,0.00,0.00,0,0
1508083184,lo,172.00,172.00,344.00,172,172,3.00,3.00,6.00,3,3,0.00,0.00,0,0
1508083184,s4,0.00,0.00,0.00,0,0,0.00,0.00,0.00,0,0,0.00,0.00,0,0
1508083184,total,253317.00,251350.00,504667.00,251350,253317,189.00,186.00,375.00,186,189,0.00,0.00,0,0
1508083185,s5,0.00,0.00,0.00,0,0,0.00,0.00,0.00,0,0,0.00,0.00,0,0
1508083185,s1,0.00,0.00,0.00,0,0,0.00,0.00,0.00,0,0,0.00,0.00,0,0
1508083185,eth0,0.00,0.00,0.00,0,0,0.00,0.00,0.00,0,0,0.00,0.00,0,0
1508083185,eth1,0.00,0.00,0.00,0,0,0.00,0.00,0.00,0,0,0.00,0.00,0,0
1508083185,s1-eth2,5956.04,253360.64,259316.69,253614,5962,88.91,90.91,179.82,91,89,0.00,0.00,0,0
1508083185,s1-eth1,245996.02,5952.05,251948.06,5958,246242,88.91,88.91,177.82,89,89,0.00,0.00,0,0
1508083185,lo,0.00,0.00,0.00,0,0,0.00,0.00,0.00,0,0,0.00,0.00,0,0
1508083185,s4,0.00,0.00,0.00,0,0,0.00,0.00,0.00,0,0,0.00,0.00,0,0
1508083185,total,251952.06,259312.69,511264.75,259572,252204,177.82,179.82,357.64,180,178,0.00,0.00,0,0
1508083186,s5,0.00,0.00,0.00,0,0,0.00,0.00,0.00,0,0,0.00,0.00,0,0
1508083186,s1,0.00,0.00,0.00,0,0,0.00,0.00,0.00,0,0,0.00,0.00,0,0
1508083186,eth0,0.00,0.00,0.00,0,0,0.00,0.00,0.00,0,0,0.00,0.00,0,0
1508083186,eth1,0.00,0.00,0.00,0,0,0.00,0.00,0.00,0,0,0.00,0.00,0,0
1508083186,s1-eth2,6048.00,252340.00,258388.00,252340,6048,90.00,94.00,184.00,94,90,0.00,0.00,0,0
1508083186,s1-eth1,243454.00,5982.00,249436.00,5982,243454,91.00,89.00,180.00,89,91,0.00,0.00,0,0
1508083186,lo,0.00,0.00,0.00,0,0,0.00,0.00,0.00,0,0,0.00,0.00,0,0
1508083186,s4,0.00,0.00,0.00,0,0,0.00,0.00,0.00,0,0,0.00,0.00,0,0
1508083186,total,249502.00,258322.00,507824.00,258322,249502,181.00,183.00,364.00,183,181,0.00,0.00,0,0
1508083187,s5,0.00,0.00,0.00,0,0,0.00,0.00,0.00,0,0,0.00,0.00,0,0
1508083187,s1,0.00,0.00,0.00,0,0,0.00,0.00,0.00,0,0,0.00,0.00,0,0
1508083187,eth0,0.00,0.00,0.00,0,0,0.00,0.00,0.00,0,0,0.00,0.00,0,0
1508083187,eth1,0.00,0.00,0.00,0,0,0.00,0.00,0.00,0,0,0.00,0.00,0,0
1508083187,s1-eth2,5688.31,251848.16,257536.47,252100,5694,84.92,89.91,174.83,90,85,0.00,0.00,0,0
1508083187,s1-eth1,245930.08,5688.31,251618.39,5694,246176,87.91,84.92,172.83,85,88,0.00,0.00,0,0
1508083187,lo,343.66,343.66,687.31,344,344,5.99,5.99,11.99,6,6,0.00,0.00,0,0
1508083187,s4,0.00,0.00,0.00,0,0,0.00,0.00,0.00,0,0,0.00,0.00,0,0
1508083187,total,251962.05,257880.12,509842.16,258138,252214,178.82,180.82,359.64,181,179,0.00,0.00,0,0
1508083188,s5,0.00,0.00,0.00,0,0,0.00,0.00,0.00,0,0,0.00,0.00,0,0
1508083188,s1,0.00,0.00,0.00,0,0,0.00,0.00,0.00,0,0,0.00,0.00,0,0
1508083188,eth0,0.00,0.00,0.00,0,0,0.00,0.00,0.00,0,0,0.00,0.00,0,0
1508083188,eth1,0.00,0.00,0.00,0,0,0.00,0.00,0.00,0,0,0.00,0.00,0,0
1508083188,s1-eth2,6258.00,255128.00,261386.00,255128,6258,89.00,92.00,181.00,92,89,0.00,0.00,0,0
1508083188,s1-eth1,243280.00,5916.00,249196.00,5916,243280,88.00,88.00,176.00,88,88,0.00,0.00,0,0
1508083188,lo,0.00,0.00,0.00,0,0,0.00,0.00,0.00,0,0,0.00,0.00,0,0
1508083188,s4,0.00,0.00,0.00,0,0,0.00,0.00,0.00,0,0,0.00,0.00,0,0
1508083188,total,249538.00,261044.00,510582.00,261044,249538,177.00,180.00,357.00,180,177,0.00,0.00,0,0
1508083189,s5,0.00,0.00,0.00,0,0,0.00,0.00,0.00,0,0,0.00,0.00,0,0
1508083189,s1,0.00,0.00,0.00,0,0,0.00,0.00,0.00,0,0,0.00,0.00,0,0
1508083189,eth0,0.00,0.00,0.00,0,0,0.00,0.00,0.00,0,0,0.00,0.00,0,0
1508083189,eth1,0.00,0.00,0.00,0,0,0.00,0.00,0.00,0,0,0.00,0.00,0,0
1508083189,s1-eth2,6564.00,255854.00,262418.00,255854,6564,96.00,103.00,199.00,103,96,0.00,0.00,0,0
1508083189,s1-eth1,246968.00,6564.00,253532.00,6564,246968,100.00,96.00,196.00,96,100,0.00,0.00,0,0
1508083189,lo,172.00,172.00,344.00,172,172,3.00,3.00,6.00,3,3,0.00,0.00,0,0
1508083189,s4,0.00,0.00,0.00,0,0,0.00,0.00,0.00,0,0,0.00,0.00,0,0
1508083189,total,253704.00,262590.00,516294.00,262590,253704,199.00,202.00,401.00,202,199,0.00,0.00,0,0
1508083190,s5,0.00,0.00,0.00,0,0,0.00,0.00,0.00,0,0,0.00,0.00,0,0
1508083190,s1,0.00,0.00,0.00,0,0,0.00,0.00,0.00,0,0,0.00,0.00,0,0
1508083190,eth0,0.00,0.00,0.00,0,0,0.00,0.00,0.00,0,0,0.00,0.00,0,0
1508083190,eth1,0.00,0.00,0.00,0,0,0.00,0.00,0.00,0,0,0.00,0.00,0,0
1508083190,s1-eth2,1056.00,37736.00,38792.00,37736,1056,16.00,16.00,32.00,16,16,0.00,0.00,0,0
1508083190,s1-eth1,40392.00,1056.00,41448.00,1056,40392,16.00,16.00,32.00,16,16,0.00,0.00,0,0
1508083190,lo,0.00,0.00,0.00,0,0,0.00,0.00,0.00,0,0,0.00,0.00,0,0
1508083190,s4,0.00,0.00,0.00,0,0,0.00,0.00,0.00,0,0,0.00,0.00,0,0
1508083190,total,41448.00,38792.00,80240.00,38792,41448,32.00,32.00,64.00,32,32,0.00,0.00,0,0
1508083191,s5,0.00,0.00,0.00,0,0,0.00,0.00,0.00,0,0,0.00,0.00,0,0
1508083191,s1,0.00,0.00,0.00,0,0,0.00,0.00,0.00,0,0,0.00,0.00,0,0
1508083191,eth0,0.00,0.00,0.00,0,0,0.00,0.00,0.00,0,0,0.00,0.00,0,0
1508083191,eth1,0.00,0.00,0.00,0,0,0.00,0.00,0.00,0,0,0.00,0.00,0,0
1508083191,s1-eth2,0.00,0.00,0.00,0,0,0.00,0.00,0.00,0,0,0.00,0.00,0,0
1508083191,s1-eth1,449.00,0.00,449.00,0,449,2.00,0.00,2.00,0,2,0.00,0.00,0,0
1508083191,lo,0.00,0.00,0.00,0,0,0.00,0.00,0.00,0,0,0.00,0.00,0,0
1508083191,s4,0.00,0.00,0.00,0,0,0.00,0.00,0.00,0,0,0.00,0.00,0,0
1508083191,total,449.00,0.00,449.00,0,449,2.00,0.00,2.00,0,2,0.00,0.00,0,0
1508083192,s5,0.00,0.