1508092487,s1,0.00,0.00,0.00,0,0,0.00,0.00,0.00,0,0,0.00,0.00,0,0
1508092487,eth0,0.00,0.00,0.00,0,0,0.00,0.00,0.00,0,0,0.00,0.00,0,0
1508092487,eth1,0.00,0.00,0.00,0,0,0.00,0.00,0.00,0,0,0.00,0.00,0,0
1508092487,s1-eth2,0.00,0.00,0.00,0,0,0.00,0.00,0.00,0,0,0.00,0.00,0,0
1508092487,s1-eth1,0.00,0.00,0.00,0,0,0.00,0.00,0.00,0,0,0.00,0.00,0,0
1508092487,lo,0.00,0.00,0.00,0,0,0.00,0.00,0.00,0,0,0.00,0.00,0,0
1508092487,total,0.00,0.00,0.00,0,0,0.00,0.00,0.00,0,0,0.00,0.00,0,0
1508092488,s1,89.91,499.50,589.41,500,90,1.00,5.99,6.99,6,1,0.00,0.00,0,0
1508092488,eth0,303.70,489.51,793.21,490,304,4.00,4.00,7.99,4,4,0.00,0.00,0,0
1508092488,eth1,0.00,0.00,0.00,0,0,0.00,0.00,0.00,0,0,0.00,0.00,0,0
1508092488,s1-eth2,9202.80,243356.66,252559.45,243600,9212,111.89,113.89,225.77,114,112,0.00,0.00,0,0
1508092488,s1-eth1,248944.06,7880.12,256824.19,7888,249193,123.88,103.90,227.77,104,124,0.00,0.00,0,0
1508092488,lo,2655.34,2655.34,5310.69,2658,2658,28.97,28.97,57.94,29,29,0.00,0.00,0,0
1508092488,total,261195.81,254881.12,516076.94,255136,261457,269.73,256.74,526.47,257,270,0.00,0.00,0,0
1508092489,s1,0.00,0.00,0.00,0,0,0.00,0.00,0.00,0,0,0.00,0.00,0,0
1508092489,eth0,152.00,245.00,397.00,245,152,2.00,2.00,4.00,2,2,0.00,0.00,0,0
1508092489,eth1,0.00,0.00,0.00,0,0,0.00,0.00,0.00,0,0,0.00,0.00,0,0
1508092489,s1-eth2,10244.00,224790.00,235034.00,224790,10244,121.00,115.00,236.00,115,121,0.00,0.00,0,0
1508092489,s1-eth1,245569.00,8656.00,254225.00,8656,245569,124.00,114.00,238.00,114,124,0.00,0.00,0,0
1508092489,lo,341.00,341.00,682.00,341,341,4.00,4.00,8.00,4,4,0.00,0.00,0,0
1508092489,total,256306.00,234032.00,490338.00,234032,256306,251.00,235.00,486.00,235,251,0.00,0.00,0,0
1508092490,s1,0.00,0.00,0.00,0,0,0.00,0.00,0.00,0,0,0.00,0.00,0,0
1508092490,eth0,0.00,0.00,0.00,0,0,0.00,0.00,0.00,0,0,0.00,0.00,0,0
1508092490,eth1,0.00,0.00,0.00,0,0,0.00,0.00,0.00,0,0,0.00,0.00,0,0
1508092490,s1-eth2,6351.00,247690.00,254041.00,247690,6351,91.00,89.00,180.00,89,91,0.00,0.00,0,0
1508092490,s1-eth1,245319.00,6024.00,251343.00,6024,245319,93.00,90.00,183.00,90,93,0.00,0.00,0,0
1508092490,lo,0.00,0.00,0.00,0,0,0.00,0.00,0.00,0,0,0.00,0.00,0,0
1508092490,total,251670.00,253714.00,505384.00,253714,251670,184.00,179.00,363.00,179,184,0.00,0.00,0,0
1508092491,s1,70.00,0.00,70.00,0,70,1.00,0.00,1.00,0,1,0.00,0.00,0,0
1508092491,eth0,0.00,0.00,0.00,0,0,0.00,0.00,0.00,0,0,0.00,0.00,0,0
1508092491,eth1,0.00,0.00,0.00,0,0,0.00,0.00,0.00,0,0,0.00,0.00,0,0
1508092491,s1-eth2,5523.00,251770.00,257293.00,251770,5523,83.00,85.00,168.00,85,83,0.00,0.00,0,0
1508092491,s1-eth1,246023.00,5346.00,251369.00,5346,246023,85.00,81.00,166.00,81,85,0.00,0.00,0,0
1508092491,lo,268.00,268.00,536.00,268,268,3.00,3.00,6.00,3,3,0.00,0.00,0,0
1508092491,total,251884.00,257384.00,509268.00,257384,251884,172.00,169.00,341.00,169,172,0.00,0.00,0,0
1508092492,s1,0.00,140.00,140.00,140,0,0.00,2.00,2.00,2,0,0.00,0.00,0,0
1508092492,eth0,0.00,0.00,0.00,0,0,0.00,0.00,0.00,0,0,0.00,0.00,0,0
1508092492,eth1,0.00,0.00,0.00,0,0,0.00,0.00,0.00,0,0,0.00,0.00,0,0
1508092492,s1-eth2,6914.00,246708.00,253622.00,246708,6914,94.00,96.00,190.00,96,94,0.00,0.00,0,0
1508092492,s1-eth1,244546.00,6316.00,250862.00,6316,244546,99.00,92.00,191.00,92,99,0.00,0.00,0,0
1508092492,lo,535.46,535.46,1070.93,536,536,5.99,5.99,11.99,6,6,0.00,0.00,0,0
1508092492,total,251744.27,253446.56,505190.81,253700,251996,198.80,195.80,394.61,196,199,0.00,0.00,0,0
1508092493,s1,0.00,0.00,0.00,0,0,0.00,0.00,0.00,0,0,0.00,0.00,0,0
1508092493,eth0,0.00,0.00,0.00,0,0,0.00,0.00,0.00,0,0,0.00,0.00,0,0
1508092493,eth1,0.00,0.00,0.00,0,0,0.00,0.00,0.00,0,0,0.00,0.00,0,0
1508092493,s1-eth2,6588.00,258618.00,265206.00,258618,6588,92.00,101.00,193.00,101,92,0.00,0.00,0,0
1508092493,s1-eth1,245532.00,6180.00,251712.00,6180,245532,96.00,90.00,186.00,90,96,0.00,0.00,0,0
1508092493,lo,0.00,0.00,0.00,0,0,0.00,0.00,0.00,0,0,0.00,0.00,0,0
1508092493,total,252120.00,264798.00,516918.00,264798,252120,188.00,191.00,379.00,191,188,0.00,0.00,0,0
1508092494,s1,0.00,0.00,0.00,0,0,0.00,0.00,0.00,0,0,0.00,0.00,0,0
1508092494,eth0,0.00,0.00,0.00,0,0,0.00,0.00,0.00,0,0,0.00,0.00,0,0
1508092494,eth1,0.00,0.00,0.00,0,0,0.00,0.00,0.00,0,0,0.00,0.00,0,0
1508092494,s1-eth2,5814.00,253548.00,259362.00,253548,5814,87.00,90.00,177.00,90,87,0.00,0.00,0,0
1508092494,s1-eth1,244662.00,5814.00,250476.00,5814,244662,87.00,87.00,174.00,87,87,0.00,0.00,0,0
1508092494,lo,0.00,0.00,0.00,0,0,0.00,0.00,0.00,0,0,0.00,0.00,0,0
1508092494,total,250476.00,259362.00,509838.00,259362,250476,174.00,177.00,351.00,177,174,0.00,0.00,0,0
1508092495,s1,70.00,0.00,70.00,0,70,1.00,0.00,1.00,0,1,0.00,0.00,0,0
1508092495,eth0,0.00,0.00,0.00,0,0,0.00,0.00,0.00,0,0,0.00,0.00,0,0
1508092495,eth1,0.00,0.00,0.00,0,0,0.00,0.00,0.00,0,0,0.00,0.00,0,0
1508092495,s1-eth2,5241.00,200826.00,206067.00,200826,5241,76.00,81.00,157.00,81,76,0.00,0.00,0,0
1508092495,s1-eth1,187641.00,5064.00,192705.00,5064,187641,78.00,74.00,152.00,74,78,0.00,0.00,0,0
1508092495,lo,268.00,268.00,536.00,268,268,3.00,3.00,6.00,3,3,0.00,0.00,0,0
1508092495,total,193220.00,206158.00,399378.00,206158,193220,158.00,158.00,316.00,158,158,0.00,0.00,0,0
1508092496,s1,0.00,140.00,140.00,140,0,0.00,2.00,2.00,2,0,0.00,0.00,0,0
1508092496,eth0,0.00,0.00,0.00,0,0,0.00,0.00,0.00,0,0,0.00,0.00,0,0
1508092496,eth1,0.00,0.00,0.00,0,0,0.00,0.00,0.00,0,0,0.00,0.00,0,0
1508092496,s1-eth2,3928.00,137774.00,141702.00,137774,3928,56.00,69.00,125.00,69,56,0.00,0.00,0,0
1508092496,s1-eth1,119940.00,3858.00,123798.00,3858,119940,62.00,55.00,117.00,55,62,0.00,0.00,0,0
1508092496,lo,536.00,536.00,1072.00,536,536,6.00,6.00,12.00,6,6,0.00,0.00,0,0
1508092496,total,124404.00,142308.00,266712.00,142308,124404,124.00,132.00,256.00,132,124,0.00,0.00,0,0
1508092497,s1,0.00,0.00,0.00,0,0,0.00,0.00,0.00,0,0,0.00,0.00,0,0
1508092497,eth0,0.00,0.00,0.00,0,0,0.00,0.00,0.00,0,0,0.00,0.00,0,0
1508092497,eth1,0.00,0.00,0.00,0,0,0.00,0.00,0.00,0,0,0.00,0.00,0,0
1508092497,s1-eth2,6180.00,256906.00,263086.00,256906,6180,92.00,97.00,189.00,97,92,0.00,0.00,0,0
1508092497,s1-eth1,248086.00,6180.00,254266.00,6180,248086,95.00,92.00,187.00,92,95,0.00,0.00,0,0
1508092497,lo,0.00,0.00,0.00,0,0,0.00,0.00,0.00,0,0,0.00,0.00,0,0
1508092497,total,254266.00,263086.00,517352.00,263086,254266,187.00,189.00,376.00,189,187,0.00,0.00,0,0
1508092498,s1,0.00,0.00,0.00,0,0,0.00,0.00,0.00,0,0,0.00,0.00,0,0
1508092498,eth0,0.00,0.00,0.00,0,0,0.00,0.00,0.00,0,0,0.00,0.00,0,0
1508092498,eth1,0.00,0.00,0.00,0,0,0.00,0.00,0.00,0,0,0.00,0.00,0,0
1508092498,s1-eth2,5658.00,251968.00,257626.00,251968,5658,85.00,88.00,173.00,88,85,0.00,0.00,0,0
1508092498,s1-eth1,243082.00,5658.00,248740.00,5658,243082,85.00,85.00,170.00,85,85,0.00,0.00,0,0
1508092498,lo,0.00,0.00,0.00,0,0,0.00,0.00,0.00,0,0,0.00,0.00,0,0
1508092498,total,248740.00,257626.00,506366.00,257626,248740,170.00,173.00,343.00,173,170,0.00,0.00,0,0
1508092499,s1,0.00,0.00,0.00,0,0,0.00,0.00,0.00,0,0,0.00,0.00,0,0
1508092499,eth0,0.00,0.00,0.00,0,0,0.00,0.00,0.00,0,0,0.00,0.00,0,0
1508092499,eth1,0.00,0.00,0.00,0,0,0.00,0.00,0.00,0,0,0.00,0.00,0,0
1508092499,s1-eth2,5958.00,254010.00,259968.00,254010,5958,87.00,97.00,184.00,97,87,0.00,0.00,0,0
1508092499,s1-eth1,246848.00,5958.00,252806.00,5958,246848,94.00,87.00,181.00,87,94,0.00,0.00,0,0
1508092499,lo,0.00,0.00,0.00,0,0,0.00,0.00,0.00,0,0,0.00,0.00,0,0
1508092499,total,252806.00,259968.00,512774.00,259968,252806,181.00,184.00,365.00,184,181,0.00,0.00,0,0
1508092500,s1,0.00,0.00,0.00,0,0,0.00,0.00,0.00,0,0,0.00,0.00,0,0
1508092500,eth0,0.00,0.00,0.00,0,0,0.00,0.00,0.00,0,0,0.00,0.00,0,0
1508092500,eth1,0.00,0.00,0.00,0,0,0.00,0.00,0.00,0,0,0.00,0.00,0,0
1508092500,s1-eth2,5358.00,250322.00,255680.00,250322,5358,81.00,85.00,166.00,85,81,0.00,0.00,0,0
1508092500,s1-eth1,242884.00,5358.00,248242.00,5358,242884,82.00,81.00,163.00,81,82,0.00,0.00,0,0
1508092500,lo,172.00,172.00,344.00,172,172,3.00,3.00,6.00,3,3,0.00,0.00,0,0
1508092500,total,248414.00,255852.00,504266.00,255852,248414,166.00,169.00,335.00,169,166,0.00,0.00,0,0
1508092501,s1,0.00,0.00,0.00,0,0,0.00,0.00,0.00,0,0,0.00,0.00,0,0
1508092501,eth0,0.00,0.00,0.00,0,0,0.00,0.00,0.00,0,0,0.00,0.00,0,0
1508092501,eth1,0.00,0.00,0.00,0,0,0.00,0.00,0.00,0,0,0.00,0.00,0,0
1508092501,s1-eth2,6491.51,253888.12,260379.62,254142,6498,94.91,98.90,193.81,99,95,0.00,0.00,0,0
1508092501,s1-eth1,246457.55,6557.44,253014.98,6564,246704,95.90,95.90,191.81,96,96,0.00,0.00,0,0
1508092501,lo,0.00,0.00,0.00,0,0,0.00,0.00,0.00,0,0,0.00,0.00,0,0
1508092501,total,252949.06,260445.56,513394.62,260706,253202,190.81,194.81,385.61,195,191,0.00,0.00,0,0
1508092502,s1,0.00,0.00,0.00,0,0,0.00,0.00,0.00,0,0,0.00,0.00,0,0
1508092502,eth0,0.00,0.00,0.00,0,0,0.00,0.00,0.00,0,0,0.00,0.00,0,0
1508092502,eth1,0.00,0.00,0.00,0,0,0.00,0.00,0.00,0,0,0.00,0.00,0,0
1508092502,s1-eth2,5988.00,251048.00,257036.00,251048,5988,88.00,96.00,184.00,96,88,0.00,0.00,0,0
1508092502,s1-eth1,240648.00,5988.00,246636.00,5988,240648,92.00,88.00,180.00,88,92,0.00,0.00,0,0
1508092502,lo,0.00,0.00,0.00,0,0,0.00,0.00,0.00,0,0,0.00,0.00,0,0
1508092502,total,246636.00,257036.00,503672.00,257036,246636,180.00,184.00,364.00,184,180,0.00,0.00,0,0
1508092503,s1,0.00,0.00,0.00,0,0,0.00,0.00,0.00,0,0,0.00,0.00,0,0
1508092503,eth0,0.00,0.00,0.00,0,0,0.00,0.00,0.00,0,0,0.00,0.00,0,0
1508092503,eth1,0.00,0.00,0.00,0,0,0.00,0.00,0.00,0,0,0.00,0.00,0,0
1508092503,s1-eth2,5291.00,254798.00,260089.00,254798,5291,79.00,87.00,166.00,87,79,0.00,0.00,0,0
1508092503,s1-eth1,246019.00,5118.00,251137.00,5118,246019,85.00,77.00,162.00,77,85,0.00,0.00,0,0
1508092503,lo,0.00,0.00,0.00,0,0,0.00,0.00,0.00,0,0,0.00,0.00,0,0
1508092503,total,251310.00,259916.00,511226.00,259916,251310,164.00,164.00,328.00,164,164,0.00,0.00,0,0
1508092504,s1,0.00,0.00,0.00,0,0,0.00,0.00,0.00,0,0,0.00,0.00,0,0
1508092504,eth0,0.00,0.00,0.00,0,0,0.00,0.00,0.00,0,0,0.00,0.00,0,0
1508092504,eth1,0.00,0.00,0.00,0,0,0.00,0.00,0.00,0,0,0.00,0.00,0,0
1508092504,s1-eth2,6562.00,252892.00,259454.00,252892,6562,95.00,102.00,197.00,102,95,0.00,0.00,0,0
1508092504,s1-eth1,244006.00,6562.00,250568.00,6562,244006,99.00,95.00,194.00,95,99,0.00,0.00,0,0
1508092504,lo,0.00,0.00,0.00,0,0,0.00,0.00,0.00,0,0,0.00,0.00,0,0
1508092504,total,250568.00,259454.00,510022.00,259454,250568,194.00,197.00,391.00,197,194,0.00,0.00,0,0
1508092505,s1,0.00,0.00,0.00,0,0,0.00,0.00,0.00,0,0,0.00,0.00,0,0
1508092505,eth0,0.00,0.00,0.00,0,0,0.00,0.00,0.00,0,0,0.00,0.00,0,0
1508092505,eth1,0.00,0.00,0.00,0,0,0.00,0.00,0.00,0,0,0.00,0.00,0,0
1508092505,s1-eth2,5082.00,254732.00,259814.00,254732,5082,77.00,86.00,163.00,86,77,0.00,0.00,0,0
1508092505,s1-eth1,245846.00,5082.00,250928.00,5082,245846,83.00,77.00,160.00,77,83,0.00,0.00,0,0
1508092505,lo,172.00,172.00,344.00,172,172,3.00,3.00,6.00,3,3,0.00,0.00,0,0
1508092505,total,251100.00,259986.00,511086.00,259986,251100,163.00,166.00,329.00,166,163,0.00,0.00,0,0
1508092506,s1,0.00,0.00,0.00,0,0,0.00,0.00,0.00,0,0,0.00,0.00,0,0
1508092506,eth0,0.00,0.00,0.00,0,0,0.00,0.00,0.00,0,0,0.00,0.00,0,0
1508092506,eth1,0.00,0.00,0.00,0,0,0.00,0.00,0.00,0,0,0.00,0.00,0,0
1508092506,s1-eth2,6342.00,252628.00,258970.00,252628,6342,93.00,98.00,191.00,98,93,0.00,0.00,0,0
1508092506,s1-eth1,243742.00,6342.00,250084.00,6342,243742,95.00,93.00,188.00,93,95,0.00,0.00,0,0
1508092506,lo,0.00,0.00,0.00,0,0,0.00,0.00,0.00,0,0,0.00,0.00,0,0
1508092506,total,250084.00,258970.00,509054.00,258970,250084,188.00,191.00,379.00,191,188,0.00,0.00,0,0
1508092507,s1,0.00,0.00,0.00,0,0,0.00,0.00,0.00,0,0,0.00,0.00,0,0
1508092507,eth0,0.00,0.00,0.00,0,0,0.00,0.00,0.00,0,0,0.00,0.00,0,0
1508092507,eth1,0.00,0.00,0.00,0,0,0.00,0.00,0.00,0,0,0.00,0.00,0,0
1508092507,s1-eth2,6251.75,255202.80,261454.55,255458,6258,92.91,96.90,189.81,97,93,0.00,0.00,0,0
1508092507,s1-eth1,246325.69,6251.75,252577.42,6258,246572,93.91,92.91,186.81,93,94,0.00,0.00,0,0
1508092507,lo,0.00,0.00,0.00,0,0,0.00,0.00,0.00,0,0,0.00,0.00,0,0
1508092507,total,252577.42,261454.55,514031.97,261716,252830,186.81,189.81,376.62,190,187,0.00,0.00,0,0
1508092508,s1,0.00,0.00,0.00,0,0,0.00,0.00,0.00,0,0,0.00,0.00,0,0
1508092508,eth0,0.00,0.00,0.00,0,0,0.00,0.00,0.00,0,0,0.00,0.00,0,0
1508092508,eth1,0.00,0.00,0.00,0,0,0.00,0.00,0.00,0,0,0.00,0.00,0,0
1508092508,s1-eth2,5814.00,251968.00,257782.00,251968,5814,83.00,88.00,171.00,88,83,0.00,0.00,0,0
1508092508,s1-eth1,246044.00,5472.00,251516.00,5472,246044,86.00,82.00,168.00,82,86,0.00,0.00,0,0
1508092508,lo,0.00,0.00,0.00,0,0,0.00,0.00,0.00,0,0,0.00,0.00,0,0
1508092508,total,251858.00,257440.00,509298.00,257440,251858,169.00,170.00,339.00,170,169,0.00,0.00,0,0
1508092509,s1,0.00,0.00,0.00,0,0,0.00,0.00,0.00,0,0,0.00,0.00,0,0
1508092509,eth0,0.00,0.00,0.00,0,0,0.00,0.00,0.00,0,0,0.00,0.00,0,0
1508092509,eth1,0.00,0.00,0.00,0,0,0.00,0.00,0.00,0,0,0.00,0.00,0,0
1508092509,s1-eth2,6084.00,252298.00,258382.00,252298,6084,90.00,93.00,183.00,93,90,0.00,0.00,0,0
1508092509,s1-eth1,243412.00,6084.00,249496.00,6084,243412,90.00,90.00,180.00,90,90,0.00,0.00,0,0
1508092509,lo,0.00,0.00,0.00,0,0,0.00,0.00,0.00,0,0,0.00,0.00,0,0
1508092509,total,249496.00,258382.00,507878.00,258382,249496,180.00,183.00,363.00,183,180,0.00,0.00,0,0
1508092510,s1,0.00,0.00,0.00,0,0,0.00,0.00,0.00,0,0,0.00,0.00,0,0
1508092510,eth0,0.00,0.00,0.00,0,0,0.00,0.00,0.00,0,0,0.00,0.00,0,0
1508092510,eth1,0.00,0.00,0.00,0,0,0.00,0.00,0.00,0,0,0.00,0.00,0,0
1508092510,s1-eth2,5658.00,254930.00,260588.00,254930,5658,85.00,89.00,174.00,89,85,0.00,0.00,0,0
1508092510,s1-eth1,246044.00,5658.00,251702.00,5658,246044,86.00,85.00,171.00,85,86,0.00,0.00,0,0
1508092510,lo,172.00,172.00,344.00,172,172,3.00,3.00,6.00,3,3,0.00,0.00,0,0
1508092510,total,251874.00,260760.00,512634.00,260760,251874,174.00,177.00,351.00,177,174,0.00,0.00,0,0
1508092511,s1,0.00,0.00,0.00,0,0,0.00,0.00,0.00,0,0,0.00,0.00,0,0
1508092511,eth0,0.00,0.00,0.00,0,0,0.00,0.00,0.00,0,0,0.00,0.00,0,0
1508092511,eth1,0.00,0.00,0.00,0,0,0.00,0.00,0.00,0,0,0.00,0.00,0,0
1508092511,s1-eth2,5994.00,246374.00,252368.00,246374,5994,89.00,91.00,180.00,91,89,0.00,0.00,0,0
1508092511,s1-eth1,243412.00,5994.00,249406.00,5994,243412,90.00,89.00,179.00,89,90,0.00,0.00,0,0
1508092511,lo,0.00,0.00,0.00,0,0,0.00,0.00,0.00,0,0,0.00,0.00,0,0
1508092511,total,249406.00,252368.00,501774.00,252368,249406,179.00,180.00,359.00,180,179,0.00,0.00,0,0
1508092512,s1,0.00,0.00,0.00,0,0,0.00,0.00,0.00,0,0,0.00,0.00,0,0
1508092512,eth0,0.00,0.00,0.00,0,0,0.00,0.00,0.00,0,0,0.00,0.00,0,0
1508092512,eth1,0.00,0.00,0.00,0,0,0.00,0.00,0.00,0,0,0.00,0.00,0,0
1508092512,s1-eth2,5716.28,254807.20,260523.48,255062,5722,84.92,90.91,175.82,91,85,0.00,0.00,0,0
1508092512,s1-eth1,245930.08,5782.22,251712.30,5788,246176,87.91,85.91,173.83,86,88,0.00,0.00,0,0
1508092512,lo,0.00,0.00,0.00,0,0,0.00,0.00,0.00,0,0,0.00,0.00,0,0
1508092512,total,251646.36,260589.42,512235.78,260850,251898,172.83,176.82,349.65,177,173,0.00,0.00,0,0
1508092513,s1,0.00,0.00,0.00,0,0,0.00,0.00,0.00,0,0,0.00,0.00,0,0
1508092513,eth0,0.00,0.00,0.00,0,0,0.00,0.00,0.00,0,0,0.00,0.00,0,0
1508092513,eth1,0.00,0.00,0.00,0,0,0.00,0.00,0.00,0,0,0.00,0.00,0,0
1508092513,s1-eth2,5874.00,252232.00,258106.00,252232,5874,87.00,92.00,179.00,92,87,0.00,0.00,0,0
1508092513,s1-eth1,246308.00,5808.00,252116.00,5808,246308,90.00,86.00,176.00,86,90,0.00,0.00,0,0
1508092513,lo,0.00,0.00,0.00,0,0,0.00,0.00,0.00,0,0,0.00,0.00,0,0
1508092513,total,252182.00,258040.00,510222.00,258040,252182,177.00,178.00,355.00,178,177,0.00,0.00,0,0
1508092514,s1,0.00,0.00,0.00,0,0,0.00,0.00,0.00,0,0,0.00,0.00,0,0
1508092514,eth0,0.00,0.00,0.00,0,0,0.00,0.00,0.00,0,0,0.00,0.00,0,0
1508092514,eth1,0.00,0.00,0.00,0,0,0.00,0.00,0.00,0,0,0.00,0.00,0,0
1508092514,s1-eth2,5922.08,249086.92,255009.00,249336,5928,87.91,91.91,179.82,92,88,0.00,0.00,0,0
1508092514,s1-eth1,243510.50,5922.08,249432.58,5928,243754,90.91,87.91,178.82,88,91,0.00,0.00,0,0
1508092514,lo,0.00,0.00,0.00,0,0,0.00,0.00,0.00,0,0,0.00,0.00,0,0
1508092514,total,249432.58,255009.00,504441.56,255264,249682,178.82,179.82,358.64,180,179,0.00,0.00,0,0
1508092515,s1,0.00,0.00,0.00,0,0,0.00,0.00,0.00,0,0,0.00,0.00,0,0
1508092515,eth0,0.00,0.00,0.00,0,0,0.00,0.00,0.00,0,0,0.00,0.00,0,0
1508092515,eth1,0.00,0.00,0.00,0,0,0.00,0.00,0.00,0,0,0.00,0.00,0,0
1508092515,s1-eth2,5958.04,252045.95,258004.00,252298,5964,87.91,92.91,180.82,93,88,0.00,0.00,0,0
1508092515,s1-eth1,246127.88,5958.04,252085.92,5964,246374,90.91,87.91,178.82,88,91,0.00,0.00,0,0
1508092515,lo,171.83,171.83,343.66,172,172,3.00,3.00,5.99,3,3,0.00,0.00,0,0
1508092515,total,252257.75,258175.83,510433.59,258434,252510,181.82,183.82,365.63,184,182,0.00,0.00,0,0
1508092516,s1,0.00,0.00,0.00,0,0,0.00,0.00,0.00,0,0,0.00,0.00,0,0
1508092516,eth0,0.00,0.00,0.00,0,0,0.00,0.00,0.00,0,0,0.00,0.00,0,0
1508092516,eth1,0.00,0.00,0.00,0,0,0.00,0.00,0.00,0,0,0.00,0.00,0,0
1508092516,s1-eth2,5346.00,251770.00,257116.00,251770,5346,81.00,85.00,166.00,85,81,0.00,0.00,0,0
1508092516,s1-eth1,242884.00,5346.00,248230.00,5346,242884,82.00,81.00,163.00,81,82,0.00,0.00,0,0
1508092516,lo,0.00,0.00,0.00,0,0,0.00,0.00,0.00,0,0,0.00,0.00,0,0
1508092516,total,248230.00,257116.00,505346.00,257116,248230,163.00,166.00,329.00,166,163,0.00,0.00,0,0
1508092517,s1,0.00,0.00,0.00,0,0,0.00,0.00,0.00,0,0,0.00,0.00,0,0
1508092517,eth0,0.00,0.00,0.00,0,0,0.00,0.00,0.00,0,0,0.00,0.00,0,0
1508092517,eth1,0.00,0.00,0.00,0,0,0.00,0.00,0.00,0,0,0.00,0.00,0,0
1508092517,s1-eth2,6505.49,247970.03,254475.53,248218,6512,93.91,96.90,190.81,97,94,0.00,0.00,0,0
1508092517,s1-eth1,246457.55,6571.43,253028.98,6578,246704,95.90,94.91,190.81,95,96,0.00,0.00,0,0
1508092517,lo,0.00,0.00,0.00,0,0,0.00,0.00,0.00,0,0,0.00,0.00,0,0
1508092517,total,252963.05,254541.47,507504.50,254796,253216,189.81,191.81,381.62,192,190,0.00,0.00,0,0
1508092518,s1,0.00,0.00,0.00,0,0,0.00,0.00,0.00,0,0,0.00,0.00,0,0
1508092518,eth0,0.00,0.00,0.00,0,0,0.00,0.00,0.00,0,0,0.00,0.00,0,0
1508092518,eth1,0.00,0.00,0.00,0,0,0.00,0.00,0.00,0,0,0.00,0.00,0,0
1508092518,s1-eth2,4374.00,200232.00,204606.00,200232,4374,65.00,72.00,137.00,72,65,0.00,0.00,0,0
1508092518,s1-eth1,194308.00,4308.00,198616.00,4308,194308,70.00,64.00,134.00,64,70,0.00,0.00,0,0
1508092518,lo,0.00,0.00,0.00,0,0,0.00,0.00,0.00,0,0,0.00,0.00,0,0
1508092518,total,198682.00,204540.00,403222.00,204540,198682,135.00,136.00,271.00,136,135,0.00,0.00,0,0
1508092519,s1,0.00,0.00,0.00,0,0,0.00,0.00,0.00,0,0,0.00,0.00,0,0
1508092519,eth0,0.00,0.00,0.00,0,0,0.00,0.00,0.00,0,0,0.00,0.00,0,0
1508092519,eth1,0.00,0.00,0.00,0,0,0.00,0.00,0.00,0,0,0.00,0.00,0,0
1508092519,s1-eth2,5555.00,254864.00,260419.00,254864,5555,83.00,88.00,171.00,88,83,0.00,0.00,0,0
1508092519,s1-eth1,243123.00,5448.00,248571.00,5448,243123,85.00,82.00,167.00,82,85,0.00,0.00,0,0
1508092519,lo,0.00,0.00,0.00,0,0,0.00,0.00,0.00,0,0,0.00,0.00,0,0
1508092519,total,248678.00,260312.00,508990.00,260312,248678,168.00,170.00,338.00,170,168,0.00,0.00,0,0
1508092520,s1,0.00,0.00,0.00,0,0,0.00,0.00,0.00,0,0,0.00,0.00,0,0
1508092520,eth0,0.00,0.00,0.00,0,0,0.00,0.00,0.00,0,0,0.00,0.00,0,0
1508092520,eth1,0.00,0.00,0.00,0,0,0.00,0.00,0.00,0,0,0.00,0.00,0,0
1508092520,s1-eth2,6370.00,252628.00,258998.00,252628,6370,93.00,98.00,191.00,98,93,0.00,0.00,0,0
1508092520,s1-eth1,246704.00,6370.00,253074.00,6370,246704,96.00,93.00,189.00,93,96,0.00,0.00,0,0
1508092520,lo,172.00,172.00,344.00,172,172,3.00,3.00,6.00,3,3,0.00,0.00,0,0
1508092520,total,253246.00,259170.00,512416.00,259170,253246,192.00,194.00,386.00,194,192,0.00,0.00,0,0
1508092521,s1,0.00,0.00,0.00,0,0,0.00,0.00,0.00,0,0,0.00,0.00,0,0
1508092521,eth0,0.00,0.00,0.00,0,0,0.00,0.00,0.00,0,0,0.00,0.00,0,0
1508092521,eth1,0.00,0.00,0.00,0,0,0.00,0.00,0.00,0,0,0.00,0.00,0,0
1508092521,s1-eth2,5520.00,251812.00,257332.00,251812,5520,84.00,86.00,170.00,86,84,0.00,0.00,0,0
1508092521,s1-eth1,242926.00,5520.00,248446.00,5520,242926,83.00,84.00,167.00,84,83,0.00,0.00,0,0
1508092521,lo,296.00,296.00,592.00,296,296,3.00,3.00,6.00,3,3,0.00,0.00,0,0
1508092521,total,248742.00,257628.00,506370.00,257628,248742,170.00,173.00,343.00,173,170,0.00,0.00,0,0
1508092522,s1,0.00,0.00,0.00,0,0,0.00,0.00,0.00,0,0,0.00,0.00,0,0
1508092522,eth0,0.00,0.00,0.00,0,0,0.00,0.00,0.00,0,0,0.00,0.00,0,0
1508092522,eth1,0.00,0.00,0.00,0,0,0.00,0.00,0.00,0,0,0.00,0.00,0,0
1508092522,s1-eth2,6192.00,248152.00,254344.00,248152,6192,90.00,96.00,186.00,96,90,0.00,0.00,0,0
1508092522,s1-eth1,245124.00,6192.00,251316.00,6192,245124,94.00,90.00,184.00,90,94,0.00,0.00,0,0
1508092522,lo,0.00,0.00,0.00,0,0,0.00,0.00,0.00,0,0,0.00,0.00,0,0
1508092522,total,251316.00,254344.00,505660.00,254344,251316,184.00,186.00,370.00,186,184,0.00,0.00,0,0
1508092523,s1,0.00,0.00,0.00,0,0,0.00,0.00,0.00,0,0,0.00,0.00,0,0
1508092523,eth0,0.00,0.00,0.00,0,0,0.00,0.00,0.00,0,0,0.00,0.00,0,0
1508092523,eth1,0.00,0.00,0.00,0,0,0.00,0.00,0.00,0,0,0.00,0.00,0,0
1508092523,s1-eth2,5988.01,257964.05,263952.06,258222,5994,88.91,94.91,183.82,95,89,0.00,0.00,0,0
1508092523,s1-eth1,247640.36,5988.01,253628.38,5994,247888,91.91,88.91,180.82,89,92,0.00,0.00,0,0
1508092523,lo,0.00,0.00,0.00,0,0,0.00,0.00,0.00,0,0,0.00,0.00,0,0
1508092523,total,253628.38,263952.06,517580.44,264216,253882,180.82,183.82,364.64,184,181,0.00,0.00,0,0
1508092524,s1,0.00,0.00,0.00,0,0,0.00,0.00,0.00,0,0,0.00,0.00,0,0
1508092524,eth0,0.00,0.00,0.00,0,0,0.00,0.00,0.00,0,0,0.00,0.00,0,0
1508092524,eth1,0.00,0.00,0.00,0,0,0.00,0.00,0.00,0,0,0.00,0.00,0,0
1508092524,s1-eth2,5838.00,249138.00,254976.00,249138,5838,87.00,89.00,176.00,89,87,0.00,0.00,0,0
1508092524,s1-eth1,243214.00,5838.00,249052.00,5838,243214,87.00,87.00,174.00,87,87,0.00,0.00,0,0
1508092524,lo,0.00,0.00,0.00,0,0,0.00,0.00,0.00,0,0,0.00,0.00,0,0
1508092524,total,249052.00,254976.00,504028.00,254976,249052,174.00,176.00,350.00,176,174,0.00,0.00,0,0
1508092525,s1,0.00,0.00,0.00,0,0,0.00,0.00,0.00,0,0,0.00,0.00,0,0
1508092525,eth0,0.00,0.00,0.00,0,0,0.00,0.00,0.00,0,0,0.00,0.00,0,0
1508092525,eth1,0.00,0.00,0.00,0,0,0.00,0.00,0.00,0,0,0.00,0.00,0,0
1508092525,s1-eth2,5526.00,251968.00,257494.00,251968,5526,83.00,88.00,171.00,88,83,0.00,0.00,0,0
1508092525,s1-eth1,246044.00,5526.00,251570.00,5526,246044,86.00,83.00,169.00,83,86,0.00,0.00,0,0
1508092525,lo,172.00,172.00,344.00,172,172,3.00,3.00,6.00,3,3,0.00,0.00,0,0
1508092525,total,251742.00,257666.00,509408.00,257666,251742,172.00,174.00,346.00,174,172,0.00,0.00,0,0
1508092526,s1,0.00,0.00,0.00,0,0,0.00,0.00,0.00,0,0,0.00,0.00,0,0
1508092526,eth0,0.00,0.00,0.00,0,0,0.00,0.00,0.00,0,0,0.00,0.00,0,0
1508092526,eth1,0.00,0.00,0.00,0,0,0.00,0.00,0.00,0,0,0.00,0.00,0,0
1508092526,s1-eth2,5718.00,252166.00,257884.00,252166,5718,85.00,91.00,176.00,91,85,0.00,0.00,0,0
1508092526,s1-eth1,243280.00,5718.00,248998.00,5718,243280,88.00,85.00,173.00,85,88,0.00,0.00,0,0
1508092526,lo,0.00,0.00,0.00,0,0,0.00,0.00,0.00,0,0,0.00,0.00,0,0
1508092526,total,248998.00,257884.00,506882.00,257884,248998,173.00,176.00,349.00,176,173,0.00,0.00,0,0
1508092527,s1,0.00,0.00,0.00,0,0,0.00,0.00,0.00,0,0,0.00,0.00,0,0
1508092527,eth0,0.00,0.00,0.00,0,0,0.00,0.00,0.00,0,0,0.00,0.00,0,0
1508092527,eth1,0.00,0.00,0.00,0,0,0.00,0.00,0.00,0,0,0.00,0.00,0,0
1508092527,s1-eth2,5934.07,249020.98,254955.05,249270,5940,87.91,90.91,178.82,91,88,0.00,0.00,0,0
1508092527,s1-eth1,246061.94,6000.00,252061.94,6006,246308,89.91,88.91,178.82,89,90,0.00,0.00,0,0
1508092527,lo,0.00,0.00,0.00,0,0,0.00,0.00,0.00,0,0,0.00,0.00,0,0
1508092527,total,251996.02,255020.98,507017.00,255276,252248,177.82,179.82,357.64,180,178,0.00,0.00,0,0
1508092528,s1,0.00,0.00,0.00,0,0,0.00,0.00,0.00,0,0,0.00,0.00,0,0
1508092528,eth0,0.00,0.00,0.00,0,0,0.00,0.00,0.00,0,0,0.00,0.00,0,0
1508092528,eth1,0.00,0.00,0.00,0,0,0.00,0.00,0.00,0,0,0.00,0.00,0,0
1508092528,s1-eth2,6292.00,250916.00,257208.00,250916,6292,92.00,94.00,186.00,94,92,0.00,0.00,0,0
1508092528,s1-eth1,246440.00,6226.00,252666.00,6226,246440,92.00,91.00,183.00,91,92,0.00,0.00,0,0
1508092528,lo,0.00,0.00,0.00,0,0,0.00,0.00,0.00,0,0,0.00,0.00,0,0
1508092528,total,252732.00,257142.00,509874.00,257142,252732,184.00,185.00,369.00,185,184,0.00,0.00,0,0
1508092529,s1,0.00,0.00,0.00,0,0,0.00,0.00,0.00,0,0,0.00,0.00,0,0
1508092529,eth0,0.00,0.00,0.00,0,0,0.00,0.00,0.00,0,0,0.00,0.00,0,0
1508092529,eth1,0.00,0.00,0.00,0,0,0.00,0.00,0.00,0,0,0.00,0.00,0,0
1508092529,s1-eth2,5958.00,257958.00,263916.00,257958,5958,85.00,91.00,176.00,91,85,0.00,0.00,0,0
1508092529,s1-eth1,243148.00,5616.00,248764.00,5616,243148,86.00,84.00,170.00,84,86,0.00,0.00,0,0
1508092529,lo,0.00,0.00,0.00,0,0,0.00,0.00,0.00,0,0,0.00,0.00,0,0
1508092529,total,249106.00,263574.00,512680.00,263574,249106,171.00,175.00,346.00,175,171,0.00,0.00,0,0
1508092530,s1,0.00,0.00,0.00,0,0,0.00,0.00,0.00,0,0,0.00,0.00,0,0
1508092530,eth0,0.00,0.00,0.00,0,0,0.00,0.00,0.00,0,0,0.00,0.00,0,0
1508092530,eth1,0.00,0.00,0.00,0,0,0.00,0.00,0.00,0,0,0.00,0.00,0,0
1508092530,s1-eth2,5628.00,247690.00,253318.00,247690,5628,84.00,89.00,173.00,89,84,0.00,0.00,0,0
1508092530,s1-eth1,246452.00,5628.00,252080.00,5628,246452,88.00,84.00,172.00,84,88,0.00,0.00,0,0
1508092530,lo,172.00,172.00,344.00,172,172,3.00,3.00,6.00,3,3,0.00,0.00,0,0
1508092530,total,252252.00,253490.00,505742.00,253490,252252,175.00,176.00,351.00,176,175,0.00,0.00,0,0
1508092531,s1,0.00,0.00,0.00,0,0,0.00,0.00,0.00,0,0,0.00,0.00,0,0
1508092531,eth0,0.00,0.00,0.00,0,0,0.00,0.00,0.00,0,0,0.00,0.00,0,0
1508092531,eth1,0.00,0.00,0.00,0,0,0.00,0.00,0.00,0,0,0.00,0.00,0,0
1508092531,s1-eth2,5772.00,250718.00,256490.00,250718,5772,86.00,91.00,177.00,91,86,0.00,0.00,0,0
1508092531,s1-eth1,243412.00,5772.00,249184.00,5772,243412,90.00,86.00,176.00,86,90,0.00,0.00,0,0
1508092531,lo,0.00,0.00,0.00,0,0,0.00,0.00,0.00,0,0,0.00,0.00,0,0
1508092531,total,249184.00,256490.00,505674.00,256490,249184,176.00,177.00,353.00,177,176,0.00,0.00,0,0
1508092532,s1,0.00,0.00,0.00,0,0,0.00,0.00,0.00,0,0,0.00,0.00,0,0
1508092532,eth0,0.00,0.00,0.00,0,0,0.00,0.00,0.00,0,0,0.00,0.00,0,0
1508092532,eth1,0.00,0.00,0.00,0,0,0.00,0.00,0.00,0,0,0.00,0.00,0,0
1508092532,s1-eth2,6281.72,250929.08,257210.80,251180,6288,91.91,97.90,189.81,98,92,0.00,0.00,0,0
1508092532,s1-eth1,246391.61,6359.64,252751.25,6366,246638,94.91,92.91,187.81,93,95,0.00,0.00,0,0
1508092532,lo,0.00,0.00,0.00,0,0,0.00,0.00,0.00,0,0,0.00,0.00,0,0
1508092532,total,252673.33,257288.72,509962.06,257546,252926,186.81,190.81,377.62,191,187,0.00,0.00,0,0
1508092533,s1,0.00,0.00,0.00,0,0,0.00,0.00,0.00,0,0,0.00,0.00,0,0
1508092533,eth0,0.00,0.00,0.00,0,0,0.00,0.00,0.00,0,0,0.00,0.00,0,0
1508092533,eth1,0.00,0.00,0.00,0,0,0.00,0.00,0.00,0,0,0.00,0.00,0,0
1508092533,s1-eth2,5868.00,253482.00,259350.00,253482,5868,88.00,89.00,177.00,89,88,0.00,0.00,0,0
1508092533,s1-eth1,246176.00,5790.00,251966.00,5790,246176,88.00,87.00,175.00,87,88,0.00,0.00,0,0
1508092533,lo,0.00,0.00,0.00,0,0,0.00,0.00,0.00,0,0,0.00,0.00,0,0
1508092533,total,252044.00,259272.00,511316.00,259272,252044,176.00,176.00,352.00,176,176,0.00,0.00,0,0
1508092534,s1,0.00,0.00,0.00,0,0,0.00,0.00,0.00,0,0,0.00,0.00,0,0
1508092534,eth0,304.00,490.00,794.00,490,304,4.00,4.00,8.00,4,4,0.00,0.00,0,0
1508092534,eth1,0.00,0.00,0.00,0,0,0.00,0.00,0.00,0,0,0.00,0.00,0,0
1508092534,s1-eth2,5942.00,247756.00,253698.00,247756,5942,83.00,90.00,173.00,90,83,0.00,0.00,0,0
1508092534,s1-eth1,243732.00,5490.00,249222.00,5490,243732,90.00,81.00,171.00,81,90,0.00,0.00,0,0
1508092534,lo,682.00,682.00,1364.00,682,682,8.00,8.00,16.00,8,8,0.00,0.00,0,0
1508092534,total,250660.00,254418.00,505078.00,254418,250660,185.00,183.00,368.00,183,185,0.00,0.00,0,0
1508092535,s1,0.00,0.00,0.00,0,0,0.00,0.00,0.00,0,0,0.00,0.00,0,0
1508092535,eth0,304.00,245.00,549.00,245,304,4.00,2.00,6.00,2,4,0.00,0.00,0,0
1508092535,eth1,0.00,0.00,0.00,0,0,0.00,0.00,0.00,0,0,0.00,0.00,0,0
1508092535,s1-eth2,7038.00,266254.00,273292.00,266254,7038,101.00,107.00,208.00,107,101,0.00,0.00,0,0
1508092535,s1-eth1,247156.00,6690.00,253846.00,6690,247156,102.00,97.00,199.00,97,102,0.00,0.00,0,0
1508092535,lo,637.00,637.00,1274.00,637,637,9.00,9.00,18.00,9,9,0.00,0.00,0,0
1508092535,total,255135.00,273826.00,528961.00,273826,255135,216.00,215.00,431.00,215,216,0.00,0.00,0,0
1508092536,s1,0.00,0.00,0.00,0,0,0.00,0.00,0.00,0,0,0.00,0.00,0,0
1508092536,eth0,152.00,490.00,642.00,490,152,2.00,4.00,6.00,4,2,0.00,0.00,0,0
1508092536,eth1,0.00,0.00,0.00,0,0,0.00,0.00,0.00,0,0,0.00,0.00,0,0
1508092536,s1-eth2,7874.00,252232.00,260106.00,252232,7874,97.00,92.00,189.00,92,97,0.00,0.00,0,0
1508092536,s1-eth1,245252.00,5928.00,251180.00,5928,245252,98.00,88.00,186.00,88,98,0.00,0.00,0,0
1508092536,lo,558.00,558.00,1116.00,558,558,6.00,6.00,12.00,6,6,0.00,0.00,0,0
1508092536,total,253836.00,259208.00,513044.00,259208,253836,203.00,190.00,393.00,190,203,0.00,0.00,0,0
1508092537,s1,0.00,0.00,0.00,0,0,0.00,0.00,0.00,0,0,0.00,0.00,0,0
1508092537,eth0,152.00,245.00,397.00,245,152,2.00,2.00,4.00,2,2,0.00,0.00,0,0
1508092537,eth1,0.00,0.00,0.00,0,0,0.00,0.00,0.00,0,0,0.00,0.00,0,0
1508092537,s1-eth2,6309.00,248808.00,255117.00,248808,6309,85.00,84.00,169.00,84,85,0.00,0.00,0,0
1508092537,s1-eth1,243178.00,5412.00,248590.00,5412,243178,84.00,82.00,166.00,82,84,0.00,0.00,0,0
1508092537,lo,341.00,341.00,682.00,341,341,4.00,4.00,8.00,4,4,0.00,0.00,0,0
1508092537,total,249980.00,254806.00,504786.00,254806,249980,175.00,172.00,347.00,172,175,0.00,0.00,0,0
1508092538,s1,0.00,0.00,0.00,0,0,0.00,0.00,0.00,0,0,0.00,0.00,0,0
1508092538,eth0,0.00,0.00,0.00,0,0,0.00,0.00,0.00,0,0,0.00,0.00,0,0
1508092538,eth1,0.00,0.00,0.00,0,0,0.00,0.00,0.00,0,0,0.00,0.00,0,0
1508092538,s1-eth2,6230.00,255458.00,261688.00,255458,6230,91.00,97.00,188.00,97,91,0.00,0.00,0,0
1508092538,s1-eth1,244279.00,6164.00,250443.00,6164,244279,95.00,90.00,185.00,90,95,0.00,0.00,0,0
1508092538,lo,0.00,0.00,0.00,0,0,0.00,0.00,0.00,0,0,0.00,0.00,0,0
1508092538,total,250509.00,261622.00,512131.00,261622,250509,186.00,187.00,373.00,187,186,0.00,0.00,0,0
1508092539,s1,0.00,0.00,0.00,0,0,0.00,0.00,0.00,0,0,0.00,0.00,0,0
1508092539,eth0,60.00,60.00,120.00,60,60,1.00,1.00,2.00,1,1,0.00,0.00,0,0
1508092539,eth1,0.00,0.00,0.00,0,0,0.00,0.00,0.00,0,0,0.00,0.00,0,0
1508092539,s1-eth2,6252.00,249270.00,255522.00,249270,6252,89.00,91.00,180.00,91,89,0.00,0.00,0,0
1508092539,s1-eth1,246682.00,5808.00,252490.00,5808,246682,92.00,86.00,178.00,86,92,0.00,0.00,0,0
1508092539,lo,0.00,0.00,0.00,0,0,0.00,0.00,0.00,0,0,0.00,0.00,0,0
1508092539,total,252994.00,255138.00,508132.00,255138,252994,182.00,178.00,360.00,178,182,0.00,0.00,0,0
1508092540,s1,0.00,0.00,0.00,0,0,0.00,0.00,0.00,0,0,0.00,0.00,0,0
1508092540,eth0,0.00,0.00,0.00,0,0,0.00,0.00,0.00,0,0,0.00,0.00,0,0
1508092540,eth1,0.00,0.00,0.00,0,0,0.00,0.00,0.00,0,0,0.00,0.00,0,0
1508092540,s1-eth2,6819.00,255590.00,262409.00,255590,6819,97.00,99.00,196.00,99,97,0.00,0.00,0,0
1508092540,s1-eth1,244139.00,6492.00,250631.00,6492,244139,97.00,96.00,193.00,96,97,0.00,0.00,0,0
1508092540,lo,172.00,172.00,344.00,172,172,3.00,3.00,6.00,3,3,0.00,0.00,0,0
1508092540,total,251130.00,262254.00,513384.00,262254,251130,197.00,198.00,395.00,198,197,0.00,0.00,0,0
1508092541,s1,0.00,0.00,0.00,0,0,0.00,0.00,0.00,0,0,0.00,0.00,0,0
1508092541,eth0,0.00,0.00,0.00,0,0,0.00,0.00,0.00,0,0,0.00,0.00,0,0
1508092541,eth1,0.00,0.00,0.00,0,0,0.00,0.00,0.00,0,0,0.00,0.00,0,0
1508092541,s1-eth2,5886.00,250784.00,256670.00,250784,5886,87.00,92.00,179.00,92,87,0.00,0.00,0,0
1508092541,s1-eth1,246308.00,5886.00,252194.00,5886,246308,90.00,87.00,177.00,87,90,0.00,0.00,0,0
1508092541,lo,0.00,0.00,0.00,0,0,0.00,0.00,0.00,0,0,0.00,0.00,0,0
1508092541,total,252194.00,256670.00,508864.00,256670,252194,177.00,179.00,356.00,179,177,0.00,0.00,0,0
1508092542,s1,0.00,0.00,0.00,0,0,0.00,0.00,0.00,0,0,0.00,0.00,0,0
1508092542,eth0,0.00,0.00,0.00,0,0,0.00,0.00,0.00,0,0,0.00,0.00,0,0
1508092542,eth1,0.00,0.00,0.00,0,0,0.00,0.00,0.00,0,0,0.00,0.00,0,0
1508092542,s1-eth2,5880.00,256444.00,262324.00,256444,5880,84.00,90.00,174.00,90,84,0.00,0.00,0,0
1508092542,s1-eth1,246044.00,5538.00,251582.00,5538,246044,86.00,83.00,169.00,83,86,0.00,0.00,0,0
1508092542,lo,0.00,0.00,0.00,0,0,0.00,0.00,0.00,0,0,0.00,0.00,0,0
1508092542,total,251924.00,261982.00,513906.00,261982,251924,170.00,173.00,343.00,173,170,0.00,0.00,0,0
1508092543,s1,0.00,0.00,0.00,0,0,0.00,0.00,0.00,0,0,0.00,0.00,0,0
1508092543,eth0,0.00,0.00,0.00,0,0,0.00,0.00,0.00,0,0,0.00,0.00,0,0
1508092543,eth1,0.00,0.00,0.00,0,0,0.00,0.00,0.00,0,0,0.00,0.00,0,0
1508092543,s1-eth2,6689.00,257170.00,263859.00,257170,6689,96.00,101.00,197.00,101,96,0.00,0.00,0,0
1508092543,s1-eth1,243915.00,6648.00,250563.00,6648,243915,97.00,96.00,193.00,96,97,0.00,0.00,0,0
1508092543,lo,0.00,0.00,0.00,0,0,0.00,0.00,0.00,0,0,0.00,0.00,0,0
1508092543,total,250604.00,263818.00,514422.00,263818,250604,193.00,197.00,390.00,197,193,0.00,0.00,0,0
1508092544,s1,0.00,0.00,0.00,0,0,0.00,0.00,0.00,0,0,0.00,0.00,0,0
1508092544,eth0,0.00,0.00,0.00,0,0,0.00,0.00,0.00,0,0,0.00,0.00,0,0
1508092544,eth1,0.00,0.00,0.00,0,0,0.00,0.00,0.00,0,0,0.00,0.00,0,0
1508092544,s1-eth2,5314.69,251650.36,256965.05,251902,5320,79.92,86.91,166.83,87,80,0.00,0.00,0,0
1508092544,s1-eth1,246143.86,5178.82,251322.69,5184,246390,86.91,77.92,164.84,78,87,0.00,0.00,0,0
1508092544,lo,0.00,0.00,0.00,0,0,0.00,0.00,0.00,0,0,0.00,0.00,0,0
1508092544,total,251458.55,256829.17,508287.72,257086,251710,166.83,164.84,331.67,165,167,0.00,0.00,0,0
1508092545,s1,0.00,0.00,0.00,0,0,0.00,0.00,0.00,0,0,0.00,0.00,0,0
1508092545,eth0,0.00,0.00,0.00,0,0,0.00,0.00,0.00,0,0,0.00,0.00,0,0
1508092545,eth1,0.00,0.00,0.00,0,0,0.00,0.00,0.00,0,0,0.00,0.00,0,0
1508092545,s1-eth2,5772.00,252100.00,257872.00,252100,5772,86.00,90.00,176.00,90,86,0.00,0.00,0,0
1508092545,s1-eth1,243214.00,5772.00,248986.00,5772,243214,87.00,86.00,173.00,86,87,0.00,0.00,0,0
1508092545,lo,172.00,172.00,344.00,172,172,3.00,3.00,6.00,3,3,0.00,0.00,0,0
1508092545,total,249158.00,258044.00,507202.00,258044,249158,176.00,179.00,355.00,179,176,0.00,0.00,0,0
1508092546,s1,0.00,0.00,0.00,0,0,0.00,0.00,0.00,0,0,0.00,0.00,0,0
1508092546,eth0,0.00,0.00,0.00,0,0,0.00,0.00,0.00,0,0,0.00,0.00,0,0
1508092546,eth1,0.00,0.00,0.00,0,0,0.00,0.00,0.00,0,0,0.00,0.00,0,0
1508092546,s1-eth2,5280.00,248808.00,254088.00,248808,5280,80.00,84.00,164.00,84,80,0.00,0.00,0,0
1508092546,s1-eth1,245846.00,5280.00,251126.00,5280,245846,83.00,80.00,163.00,80,83,0.00,0.00,0,0
1508092546,lo,0.00,0.00,0.00,0,0,0.00,0.00,0.00,0,0,0.00,0.00,0,0
1508092546,total,251126.00,254088.00,505214.00,254088,251126,163.00,164.00,327.00,164,163,0.00,0.00,0,0
1508092547,s1,0.00,0.00,0.00,0,0,0.00,0.00,0.00,0,0,0.00,0.00,0,0
1508092547,eth0,0.00,0.00,0.00,0,0,0.00,0.00,0.00,0,0,0.00,0.00,0,0
1508092547,eth1,0.00,0.00,0.00,0,0,0.00,0.00,0.00,0,0,0.00,0.00,0,0
1508092547,s1-eth2,5340.66,251518.48,256859.14,251770,5346,80.92,84.92,165.83,85,81,0.00,0.00,0,0
1508092547,s1-eth1,242641.36,5340.66,247982.03,5346,242884,81.92,80.92,162.84,81,82,0.00,0.00,0,0
1508092547,lo,0.00,0.00,0.00,0,0,0.00,0.00,0.00,0,0,0.00,0.00,0,0
1508092547,total,247982.03,256859.14,504841.19,257116,248230,162.84,165.83,328.67,166,163,0.00,0.00,0,0
1508092548,s1,0.00,0.00,0.00,0,0,0.00,0.00,0.00,0,0,0.00,0.00,0,0
1508092548,eth0,0.00,0.00,0.00,0,0,0.00,0.00,0.00,0,0,0.00,0.00,0,0
1508092548,eth1,0.00,0.00,0.00,0,0,0.00,0.00,0.00,0,0,0.00,0.00,0,0
1508092548,s1-eth2,5862.14,211686.31,217548.45,211898,5868,85.91,80.92,166.83,81,86,0.00,0.00,0,0
1508092548,s1-eth1,229440.56,5862.14,235302.70,5868,229670,86.91,85.91,172.83,86,87,0.00,0.00,0,0
1508092548,lo,0.00,0.00,0.00,0,0,0.00,0.00,0.00,0,0,0.00,0.00,0,0
1508092548,total,235302.70,217548.45,452851.16,217766,235538,172.83,166.83,339.66,167,173,0.00,0.00,0,0
1508092549,s1,0.00,0.00,0.00,0,0,0.00,0.00,0.00,0,0,0.00,0.00,0,0
1508092549,eth0,0.00,0.00,0.00,0,0,0.00,0.00,0.00,0,0,0.00,0.00,0,0
1508092549,eth1,0.00,0.00,0.00,0,0,0.00,0.00,0.00,0,0,0.00,0.00,0,0
1508092549,s1-eth2,0.00,0.00,0.00,0,0,0.00,0.00,0.00,0,0,0.00,0.00,0,0
1508092549,s1-eth1,0.00,0.00,0.00,0,0,0.00,0.00,0.00,0,0,0.00,0.00,0,0
1508092549,lo,0.00,0.00,0.00,0,0,0.00,0.00,0.00,0,0,0.00,0.00,0,0
1508092549,total,0.00,0.00,0.00,0,0,0.00,0.00,0.00,0,0,0.00,0.00,0,0
1508092550,s1,0.00,0.00,0.00,0,0,0.00,0.00,0.00,0,0,0.00,0.00,0,0
1508092550,eth0,0.00,0.00,0.00,0,0,0.00,0.00,0.00,0,0,0.00,0.00,0,0
1508092550,eth1,0.00,0.00,0.00,0,0,0.00,0.00,0.00,0,0,0.00,0.00,0,0
1508092550,s1-eth2,0.00,0.00,0.00,0,0,0.00,0.00,0.00,0,0,0.00,0.00,0,0
1508092550,s1-eth1,0.00,0.00,0.00,0,0,0.00,0.00,0.00,0,0,0.00,0.00,0,0
1508092550,lo,171.83,171.83,343.66,172,172,3.00,3.00,5.99,3,3,0.00,0.00,0,0
1508092550,total,171.83,171.83,343.66,172,172,3.00,3.00,5.99,3,3,0.00,0.00,0,0
1508092551,s1,0.00,0.00,0.00,0,0,0.00,0.00,0.00,0,0,0.00,0.00,0,0
1508092551,eth0,0.00,0.00,0.00,0,0,0.00,0.00,0.00,0,0,0.00,0.00,0,0
1508092551,eth1,0.00,0.00,0.00,0,0,0.00,0.00,0.00,0,0,0.00,0.00,0,0
1508092551,s1-eth2,107.00,0.00,107.00,0,107,1.00,0.00,1.00,0,1,0.00,0.00,0,0
1508092551,s1-eth1,449.00,0.00,449.00,0,449,2.00,0.00,2.00,0,2,0.00,0.00,0,0
1508092551,lo,0.00,0.00,0.00,0,0,0.00,0.00,0.00,0,0,0.00,0.00