1508036040,s5,0.00,0.00,0.00,0,0,0.00,0.00,0.00,0,0,0.00,0.00,0,0
1508036040,eth0,0.00,0.00,0.00,0,0,0.00,0.00,0.00,0,0,0.00,0.00,0,0
1508036040,eth1,0.00,0.00,0.00,0,0,0.00,0.00,0.00,0,0,0.00,0.00,0,0
1508036040,s2,0.00,0.00,0.00,0,0,0.00,0.00,0.00,0,0,0.00,0.00,0,0
1508036040,s2-eth2,0.00,0.00,0.00,0,0,0.00,0.00,0.00,0,0,0.00,0.00,0,0
1508036040,s2-eth1,0.00,0.00,0.00,0,0,0.00,0.00,0.00,0,0,0.00,0.00,0,0
1508036040,lo,0.00,0.00,0.00,0,0,0.00,0.00,0.00,0,0,0.00,0.00,0,0
1508036040,s4,0.00,0.00,0.00,0,0,0.00,0.00,0.00,0,0,0.00,0.00,0,0
1508036040,total,0.00,0.00,0.00,0,0,0.00,0.00,0.00,0,0,0.00,0.00,0,0
1508036041,s5,0.00,0.00,0.00,0,0,0.00,0.00,0.00,0,0,0.00,0.00,0,0
1508036041,eth0,304.00,490.00,794.00,490,304,4.00,4.00,8.00,4,4,0.00,0.00,0,0
1508036041,eth1,0.00,0.00,0.00,0,0,0.00,0.00,0.00,0,0,0.00,0.00,0,0
1508036041,s2,90.00,340.00,430.00,340,90,1.00,4.00,5.00,4,1,0.00,0.00,0,0
1508036041,s2-eth2,8067.00,239384.00,247451.00,239384,8067,100.00,94.00,194.00,94,100,0.00,0.00,0,0
1508036041,s2-eth1,245105.00,6198.00,251303.00,6198,245105,105.00,89.00,194.00,89,105,0.00,0.00,0,0
1508036041,lo,2050.00,2050.00,4100.00,2050,2050,22.00,22.00,44.00,22,22,0.00,0.00,0,0
1508036041,s4,0.00,0.00,0.00,0,0,0.00,0.00,0.00,0,0,0.00,0.00,0,0
1508036041,total,255616.00,248462.00,504078.00,248462,255616,232.00,213.00,445.00,213,232,0.00,0.00,0,0
1508036042,s5,0.00,0.00,0.00,0,0,0.00,0.00,0.00,0,0,0.00,0.00,0,0
1508036042,eth0,151.85,244.76,396.60,245,152,2.00,2.00,4.00,2,2,0.00,0.00,0,0
1508036042,eth1,0.00,0.00,0.00,0,0,0.00,0.00,0.00,0,0,0.00,0.00,0,0
1508036042,s2,0.00,0.00,0.00,0,0,0.00,0.00,0.00,0,0,0.00,0.00,0,0
1508036042,s2-eth2,7153.85,231596.41,238750.25,231828,7161,92.91,89.91,182.82,90,93,0.00,0.00,0,0
1508036042,s2-eth1,245118.89,6191.81,251310.70,6198,245364,102.90,88.91,191.81,89,103,0.00,0.00,0,0
1508036042,lo,340.66,340.66,681.32,341,341,4.00,4.00,7.99,4,4,0.00,0.00,0,0
1508036042,s4,0.00,0.00,0.00,0,0,0.00,0.00,0.00,0,0,0.00,0.00,0,0
1508036042,total,252765.23,238373.64,491138.88,238612,253018,201.80,184.82,386.61,185,202,0.00,0.00,0,0
1508036043,s5,0.00,0.00,0.00,0,0,0.00,0.00,0.00,0,0,0.00,0.00,0,0
1508036043,eth0,0.00,0.00,0.00,0,0,0.00,0.00,0.00,0,0,0.00,0.00,0,0
1508036043,eth1,0.00,0.00,0.00,0,0,0.00,0.00,0.00,0,0,0.00,0.00,0,0
1508036043,s2,0.00,0.00,0.00,0,0,0.00,0.00,0.00,0,0,0.00,0.00,0,0
1508036043,s2-eth2,5739.00,248808.00,254547.00,248808,5739,83.00,84.00,167.00,84,83,0.00,0.00,0,0
1508036043,s2-eth1,246173.00,5412.00,251585.00,5412,246173,84.00,82.00,166.00,82,84,0.00,0.00,0,0
1508036043,lo,0.00,0.00,0.00,0,0,0.00,0.00,0.00,0,0,0.00,0.00,0,0
1508036043,s4,0.00,0.00,0.00,0,0,0.00,0.00,0.00,0,0,0.00,0.00,0,0
1508036043,total,251912.00,254220.00,506132.00,254220,251912,167.00,166.00,333.00,166,167,0.00,0.00,0,0
1508036044,s5,0.00,0.00,0.00,0,0,0.00,0.00,0.00,0,0,0.00,0.00,0,0
1508036044,eth0,0.00,0.00,0.00,0,0,0.00,0.00,0.00,0,0,0.00,0.00,0,0
1508036044,eth1,0.00,0.00,0.00,0,0,0.00,0.00,0.00,0,0,0.00,0.00,0,0
1508036044,s2,70.00,70.00,140.00,70,70,1.00,1.00,2.00,1,1,0.00,0.00,0,0
1508036044,s2-eth2,7878.00,227224.00,235102.00,227224,7878,104.00,108.00,212.00,108,104,0.00,0.00,0,0
1508036044,s2-eth1,242280.00,7434.00,249714.00,7434,242280,113.00,101.00,214.00,101,113,0.00,0.00,0,0
1508036044,lo,880.00,880.00,1760.00,880,880,12.00,12.00,24.00,12,12,0.00,0.00,0,0
1508036044,s4,0.00,0.00,0.00,0,0,0.00,0.00,0.00,0,0,0.00,0.00,0,0
1508036044,total,251108.00,235608.00,486716.00,235608,251108,230.00,222.00,452.00,222,230,0.00,0.00,0,0
1508036045,s5,0.00,0.00,0.00,0,0,0.00,0.00,0.00,0,0,0.00,0.00,0,0
1508036045,eth0,0.00,0.00,0.00,0,0,0.00,0.00,0.00,0,0,0.00,0.00,0,0
1508036045,eth1,0.00,0.00,0.00,0,0,0.00,0.00,0.00,0,0,0.00,0.00,0,0
1508036045,s2,0.00,70.00,70.00,70,0,0.00,1.00,1.00,1,0,0.00,0.00,0,0
1508036045,s2-eth2,6095.00,181676.00,187771.00,181676,6095,77.00,76.00,153.00,76,77,0.00,0.00,0,0
1508036045,s2-eth1,179519.00,5356.00,184875.00,5356,179519,79.00,74.00,153.00,74,79,0.00,0.00,0,0
1508036045,lo,268.00,268.00,536.00,268,268,3.00,3.00,6.00,3,3,0.00,0.00,0,0
1508036045,s4,0.00,0.00,0.00,0,0,0.00,0.00,0.00,0,0,0.00,0.00,0,0
1508036045,total,185882.00,187370.00,373252.00,187370,185882,159.00,154.00,313.00,154,159,0.00,0.00,0,0
1508036046,s5,0.00,0.00,0.00,0,0,0.00,0.00,0.00,0,0,0.00,0.00,0,0
1508036046,eth0,0.00,0.00,0.00,0,0,0.00,0.00,0.00,0,0,0.00,0.00,0,0
1508036046,eth1,0.00,0.00,0.00,0,0,0.00,0.00,0.00,0,0,0.00,0.00,0,0
1508036046,s2,0.00,0.00,0.00,0,0,0.00,0.00,0.00,0,0,0.00,0.00,0,0
1508036046,s2-eth2,4026.00,186606.00,190632.00,186606,4026,61.00,63.00,124.00,63,61,0.00,0.00,0,0
1508036046,s2-eth1,192530.00,4026.00,196556.00,4026,192530,65.00,61.00,126.00,61,65,0.00,0.00,0,0
1508036046,lo,0.00,0.00,0.00,0,0,0.00,0.00,0.00,0,0,0.00,0.00,0,0
1508036046,s4,0.00,0.00,0.00,0,0,0.00,0.00,0.00,0,0,0.00,0.00,0,0
1508036046,total,196556.00,190632.00,387188.00,190632,196556,126.00,124.00,250.00,124,126,0.00,0.00,0,0
1508036047,s5,0.00,0.00,0.00,0,0,0.00,0.00,0.00,0,0,0.00,0.00,0,0
1508036047,eth0,0.00,0.00,0.00,0,0,0.00,0.00,0.00,0,0,0.00,0.00,0,0
1508036047,eth1,0.00,0.00,0.00,0,0,0.00,0.00,0.00,0,0,0.00,0.00,0,0
1508036047,s2,0.00,0.00,0.00,0,0,0.00,0.00,0.00,0,0,0.00,0.00,0,0
1508036047,s2-eth2,4522.00,175352.00,179874.00,175352,4522,65.00,68.00,133.00,68,65,0.00,0.00,0,0
1508036047,s2-eth1,163372.00,4522.00,167894.00,4522,163372,62.00,65.00,127.00,65,62,0.00,0.00,0,0
1508036047,lo,0.00,0.00,0.00,0,0,0.00,0.00,0.00,0,0,0.00,0.00,0,0
1508036047,s4,0.00,0.00,0.00,0,0,0.00,0.00,0.00,0,0,0.00,0.00,0,0
1508036047,total,167894.00,179874.00,347768.00,179874,167894,127.00,133.00,260.00,133,127,0.00,0.00,0,0
1508036048,s5,0.00,0.00,0.00,0,0,0.00,0.00,0.00,0,0,0.00,0.00,0,0
1508036048,eth0,0.00,0.00,0.00,0,0,0.00,0.00,0.00,0,0,0.00,0.00,0,0
1508036048,eth1,0.00,0.00,0.00,0,0,0.00,0.00,0.00,0,0,0.00,0.00,0,0
1508036048,s2,70.00,70.00,140.00,70,70,1.00,1.00,2.00,1,1,0.00,0.00,0,0
1508036048,s2-eth2,3805.00,87020.00,90825.00,87020,3805,52.00,46.00,98.00,46,52,0.00,0.00,0,0
1508036048,s2-eth1,94977.00,3628.00,98605.00,3628,94977,52.00,50.00,102.00,50,52,0.00,0.00,0,0
1508036048,lo,536.00,536.00,1072.00,536,536,6.00,6.00,12.00,6,6,0.00,0.00,0,0
1508036048,s4,0.00,0.00,0.00,0,0,0.00,0.00,0.00,0,0,0.00,0.00,0,0
1508036048,total,99388.00,91254.00,190642.00,91254,99388,111.00,103.00,214.00,103,111,0.00,0.00,0,0
1508036049,s5,0.00,0.00,0.00,0,0,0.00,0.00,0.00,0,0,0.00,0.00,0,0
1508036049,eth0,0.00,0.00,0.00,0,0,0.00,0.00,0.00,0,0,0.00,0.00,0,0
1508036049,eth1,0.00,0.00,0.00,0,0,0.00,0.00,0.00,0,0,0.00,0.00,0,0
1508036049,s2,0.00,69.93,69.93,70,0,0.00,1.00,1.00,1,0,0.00,0.00,0,0
1508036049,s2-eth2,1382.62,50571.43,51954.05,50622,1384,19.98,20.98,40.96,21,20,0.00,0.00,0,0
1508036049,s2-eth1,46169.83,1312.69,47482.52,1314,46216,19.98,18.98,38.96,19,20,0.00,0.00,0,0
1508036049,lo,611.39,611.39,1222.78,612,612,8.99,8.99,17.98,9,9,0.00,0.00,0,0
1508036049,s4,0.00,0.00,0.00,0,0,0.00,0.00,0.00,0,0,0.00,0.00,0,0
1508036049,total,48163.84,52565.44,100729.27,52618,48212,48.95,49.95,98.90,50,49,0.00,0.00,0,0
1508036050,s5,0.00,0.00,0.00,0,0,0.00,0.00,0.00,0,0,0.00,0.00,0,0
1508036050,eth0,0.00,0.00,0.00,0,0,0.00,0.00,0.00,0,0,0.00,0.00,0,0
1508036050,eth1,0.00,0.00,0.00,0,0,0.00,0.00,0.00,0,0,0.00,0.00,0,0
1508036050,s2,0.00,0.00,0.00,0,0,0.00,0.00,0.00,0,0,0.00,0.00,0,0
1508036050,s2-eth2,1536.00,40284.00,41820.00,40284,1536,18.00,18.00,36.00,18,18,0.00,0.00,0,0
1508036050,s2-eth1,41798.00,1194.00,42992.00,1194,41798,19.00,17.00,36.00,17,19,0.00,0.00,0,0
1508036050,lo,0.00,0.00,0.00,0,0,0.00,0.00,0.00,0,0,0.00,0.00,0,0
1508036050,s4,0.00,0.00,0.00,0,0,0.00,0.00,0.00,0,0,0.00,0.00,0,0
1508036050,total,43334.00,41478.00,84812.00,41478,43334,37.00,35.00,72.00,35,37,0.00,0.00,0,0
1508036051,s5,0.00,0.00,0.00,0,0,0.00,0.00,0.00,0,0,0.00,0.00,0,0
1508036051,eth0,0.00,0.00,0.00,0,0,0.00,0.00,0.00,0,0,0.00,0.00,0,0
1508036051,eth1,0.00,0.00,0.00,0,0,0.00,0.00,0.00,0,0,0.00,0.00,0,0
1508036051,s2,0.00,0.00,0.00,0,0,0.00,0.00,0.00,0,0,0.00,0.00,0,0
1508036051,s2-eth2,1056.00,50354.00,51410.00,50354,1056,16.00,17.00,33.00,17,16,0.00,0.00,0,0
1508036051,s2-eth1,44430.00,1122.00,45552.00,1122,44430,15.00,17.00,32.00,17,15,0.00,0.00,0,0
1508036051,lo,0.00,0.00,0.00,0,0,0.00,0.00,0.00,0,0,0.00,0.00,0,0
1508036051,s4,0.00,0.00,0.00,0,0,0.00,0.00,0.00,0,0,0.00,0.00,0,0
1508036051,total,45486.00,51476.00,96962.00,51476,45486,31.00,34.00,65.00,34,31,0.00,0.00,0,0
1508036052,s5,0.00,0.00,0.00,0,0,0.00,0.00,0.00,0,0,0.00,0.00,0,0
1508036052,eth0,0.00,0.00,0.00,0,0,0.00,0.00,0.00,0,0,0.00,0.00,0,0
1508036052,eth1,0.00,0.00,0.00,0,0,0.00,0.00,0.00,0,0,0.00,0.00,0,0
1508036052,s2,0.00,0.00,0.00,0,0,0.00,0.00,0.00,0,0,0.00,0.00,0,0
1508036052,s2-eth2,1236.00,53514.00,54750.00,53514,1236,18.00,21.00,39.00,21,18,0.00,0.00,0,0
1508036052,s2-eth1,56476.00,1170.00,57646.00,1170,56476,22.00,17.00,39.00,17,22,0.00,0.00,0,0
1508036052,lo,0.00,0.00,0.00,0,0,0.00,0.00,0.00,0,0,0.00,0.00,0,0
1508036052,s4,0.00,0.00,0.00,0,0,0.00,0.00,0.00,0,0,0.00,0.00,0,0
1508036052,total,57712.00,54684.00,112396.00,54684,57712,40.00,38.00,78.00,38,40,0.00,0.00,0,0
1508036053,s5,0.00,0.00,0.00,0,0,0.00,0.00,0.00,0,0,0.00,0.00,0,0
1508036053,eth0,0.00,0.00,0.00,0,0,0.00,0.00,0.00,0,0,0.00,0.00,0,0
1508036053,eth1,0.00,0.00,0.00,0,0,0.00,0.00,0.00,0,0,0.00,0.00,0,0
1508036053,s2,0.00,0.00,0.00,0,0,0.00,0.00,0.00,0,0,0.00,0.00,0,0
1508036053,s2-eth2,1584.00,71088.00,72672.00,71088,1584,24.00,24.00,48.00,24,24,0.00,0.00,0,0
1508036053,s2-eth1,62544.00,1584.00,64128.00,1584,62544,22.00,24.00,46.00,24,22,0.00,0.00,0,0
1508036053,lo,172.00,172.00,344.00,172,172,3.00,3.00,6.00,3,3,0.00,0.00,0,0
1508036053,s4,0.00,0.00,0.00,0,0,0.00,0.00,0.00,0,0,0.00,0.00,0,0
1508036053,total,64300.00,72844.00,137144.00,72844,64300,49.00,51.00,100.00,51,49,0.00,0.00,0,0
1508036054,s5,0.00,0.00,0.00,0,0,0.00,0.00,0.00,0,0,0.00,0.00,0,0
1508036054,eth0,0.00,0.00,0.00,0,0,0.00,0.00,0.00,0,0,0.00,0.00,0,0
1508036054,eth1,0.00,0.00,0.00,0,0,0.00,0.00,0.00,0,0,0.00,0.00,0,0
1508036054,s2,0.00,0.00,0.00,0,0,0.00,0.00,0.00,0,0,0.00,0.00,0,0
1508036054,s2-eth2,1404.00,47722.00,49126.00,47722,1404,20.00,21.00,41.00,21,20,0.00,0.00,0,0
1508036054,s2-eth1,46208.00,1404.00,47612.00,1404,46208,20.00,20.00,40.00,20,20,0.00,0.00,0,0
1508036054,lo,344.00,344.00,688.00,344,344,6.00,6.00,12.00,6,6,0.00,0.00,0,0
1508036054,s4,0.00,0.00,0.00,0,0,0.00,0.00,0.00,0,0,0.00,0.00,0,0
1508036054,total,47956.00,49470.00,97426.00,49470,47956,46.00,47.00,93.00,47,46,0.00,0.00,0,0
1508036055,s5,0.00,0.00,0.00,0,0,0.00,0.00,0.00,0,0,0.00,0.00,0,0
1508036055,eth0,0.00,0.00,0.00,0,0,0.00,0.00,0.00,0,0,0.00,0.00,0,0
1508036055,eth1,0.00,0.00,0.00,0,0,0.00,0.00,0.00,0,0,0.00,0.00,0,0
1508036055,s2,0.00,0.00,0.00,0,0,0.00,0.00,0.00,0,0,0.00,0.00,0,0
1508036055,s2-eth2,936.00,44496.00,45432.00,44496,936,14.00,16.00,30.00,16,14,0.00,0.00,0,0
1508036055,s2-eth1,40020.00,936.00,40956.00,936,40020,14.00,14.00,28.00,14,14,0.00,0.00,0,0
1508036055,lo,0.00,0.00,0.00,0,0,0.00,0.00,0.00,0,0,0.00,0.00,0,0
1508036055,s4,0.00,0.00,0.00,0,0,0.00,0.00,0.00,0,0,0.00,0.00,0,0
1508036055,total,40956.00,45432.00,86388.00,45432,40956,28.00,30.00,58.00,30,28,0.00,0.00,0,0
1508036056,s5,0.00,0.00,0.00,0,0,0.00,0.00,0.00,0,0,0.00,0.00,0,0
1508036056,eth0,0.00,0.00,0.00,0,0,0.00,0.00,0.00,0,0,0.00,0.00,0,0
1508036056,eth1,0.00,0.00,0.00,0,0,0.00,0.00,0.00,0,0,0.00,0.00,0,0
1508036056,s2,0.00,0.00,0.00,0,0,0.00,0.00,0.00,0,0,0.00,0.00,0,0
1508036056,s2-eth2,1173.83,50369.63,51543.46,50420,1175,16.98,17.98,34.97,18,17,0.00,0.00,0,0
1508036056,s2-eth1,50542.46,1066.93,51609.39,1068,50593,19.98,15.98,35.96,16,20,0.00,0.00,0,0
1508036056,lo,0.00,0.00,0.00,0,0,0.00,0.00,0.00,0,0,0.00,0.00,0,0
1508036056,s4,0.00,0.00,0.00,0,0,0.00,0.00,0.00,0,0,0.00,0.00,0,0
1508036056,total,51716.29,51436.57,103152.85,51488,51768,36.96,33.97,70.93,34,37,0.00,0.00,0,0
1508036057,s5,0.00,0.00,0.00,0,0,0.00,0.00,0.00,0,0,0.00,0.00,0,0
1508036057,eth0,0.00,0.00,0.00,0,0,0.00,0.00,0.00,0,0,0.00,0.00,0,0
1508036057,eth1,0.00,0.00,0.00,0,0,0.00,0.00,0.00,0,0,0.00,0.00,0,0
1508036057,s2,0.00,0.00,0.00,0,0,0.00,0.00,0.00,0,0,0.00,0.00,0,0
1508036057,s2-eth2,1254.00,56278.00,57532.00,56278,1254,19.00,19.00,38.00,19,19,0.00,0.00,0,0
1508036057,s2-eth1,59240.00,1254.00,60494.00,1254,59240,20.00,19.00,39.00,19,20,0.00,0.00,0,0
1508036057,lo,0.00,0.00,0.00,0,0,0.00,0.00,0.00,0,0,0.00,0.00,0,0
1508036057,s4,0.00,0.00,0.00,0,0,0.00,0.00,0.00,0,0,0.00,0.00,0,0
1508036057,total,60494.00,57532.00,118026.00,57532,60494,39.00,38.00,77.00,38,39,0.00,0.00,0,0
1508036058,s5,0.00,0.00,0.00,0,0,0.00,0.00,0.00,0,0,0.00,0.00,0,0
1508036058,eth0,0.00,0.00,0.00,0,0,0.00,0.00,0.00,0,0,0.00,0.00,0,0
1508036058,eth1,0.00,0.00,0.00,0,0,0.00,0.00,0.00,0,0,0.00,0.00,0,0
1508036058,s2,0.00,0.00,0.00,0,0,0.00,0.00,0.00,0,0,0.00,0.00,0,0
1508036058,s2-eth2,1728.00,71088.00,72816.00,71088,1728,22.00,24.00,46.00,24,22,0.00,0.00,0,0
1508036058,s2-eth1,62202.00,1386.00,63588.00,1386,62202,21.00,21.00,42.00,21,21,0.00,0.00,0,0
1508036058,lo,172.00,172.00,344.00,172,172,3.00,3.00,6.00,3,3,0.00,0.00,0,0
1508036058,s4,0.00,0.00,0.00,0,0,0.00,0.00,0.00,0,0,0.00,0.00,0,0
1508036058,total,64102.00,72646.00,136748.00,72646,64102,46.00,48.00,94.00,48,46,0.00,0.00,0,0
1508036059,s5,0.00,0.00,0.00,0,0,0.00,0.00,0.00,0,0,0.00,0.00,0,0
1508036059,eth0,0.00,0.00,0.00,0,0,0.00,0.00,0.00,0,0,0.00,0.00,0,0
1508036059,eth1,0.00,0.00,0.00,0,0,0.00,0.00,0.00,0,0,0.00,0.00,0,0
1508036059,s2,0.00,0.00,0.00,0,0,0.00,0.00,0.00,0,0,0.00,0.00,0,0
1508036059,s2-eth2,1584.00,77012.00,78596.00,77012,1584,24.00,26.00,50.00,26,24,0.00,0.00,0,0
1508036059,s2-eth1,85898.00,1584.00,87482.00,1584,85898,29.00,24.00,53.00,24,29,0.00,0.00,0,0
1508036059,lo,344.00,344.00,688.00,344,344,6.00,6.00,12.00,6,6,0.00,0.00,0,0
1508036059,s4,0.00,0.00,0.00,0,0,0.00,0.00,0.00,0,0,0.00,0.00,0,0
1508036059,total,87826.00,78940.00,166766.00,78940,87826,59.00,56.00,115.00,56,59,0.00,0.00,0,0
1508036060,s5,0.00,0.00,0.00,0,0,0.00,0.00,0.00,0,0,0.00,0.00,0,0
1508036060,eth0,0.00,0.00,0.00,0,0,0.00,0.00,0.00,0,0,0.00,0.00,0,0
1508036060,eth1,0.00,0.00,0.00,0,0,0.00,0.00,0.00,0,0,0.00,0.00,0,0
1508036060,s2,0.00,0.00,0.00,0,0,0.00,0.00,0.00,0,0,0.00,0.00,0,0
1508036060,s2-eth2,2868.00,121640.00,124508.00,121640,2868,42.00,44.00,86.00,44,42,0.00,0.00,0,0
1508036060,s2-eth1,103868.00,2868.00,106736.00,2868,103868,38.00,42.00,80.00,42,38,0.00,0.00,0,0
1508036060,lo,0.00,0.00,0.00,0,0,0.00,0.00,0.00,0,0,0.00,0.00,0,0
1508036060,s4,0.00,0.00,0.00,0,0,0.00,0.00,0.00,0,0,0.00,0.00,0,0
1508036060,total,106736.00,124508.00,231244.00,124508,106736,80.00,86.00,166.00,86,80,0.00,0.00,0,0
1508036061,s5,0.00,0.00,0.00,0,0,0.00,0.00,0.00,0,0,0.00,0.00,0,0
1508036061,eth0,0.00,0.00,0.00,0,0,0.00,0.00,0.00,0,0,0.00,0.00,0,0
1508036061,eth1,0.00,0.00,0.00,0,0,0.00,0.00,0.00,0,0,0.00,0.00,0,0
1508036061,s2,0.00,0.00,0.00,0,0,0.00,0.00,0.00,0,0,0.00,0.00,0,0
1508036061,s2-eth2,2640.00,124404.00,127044.00,124404,2640,40.00,42.00,82.00,42,40,0.00,0.00,0,0
1508036061,s2-eth1,136594.00,2640.00,139234.00,2640,136594,47.00,40.00,87.00,40,47,0.00,0.00,0,0
1508036061,lo,0.00,0.00,0.00,0,0,0.00,0.00,0.00,0,0,0.00,0.00,0,0
1508036061,s4,0.00,0.00,0.00,0,0,0.00,0.00,0.00,0,0,0.00,0.00,0,0
1508036061,total,139234.00,127044.00,266278.00,127044,139234,87.00,82.00,169.00,82,87,0.00,0.00,0,0
1508036062,s5,0.00,0.00,0.00,0,0,0.00,0.00,0.00,0,0,0.00,0.00,0,0
1508036062,eth0,0.00,0.00,0.00,0,0,0.00,0.00,0.00,0,0,0.00,0.00,0,0
1508036062,eth1,0.00,0.00,0.00,0,0,0.00,0.00,0.00,0,0,0.00,0.00,0,0
1508036062,s2,0.00,0.00,0.00,0,0,0.00,0.00,0.00,0,0,0.00,0.00,0,0
1508036062,s2-eth2,3071.86,96806.39,99878.25,97000,3078,42.91,43.91,86.83,44,43,0.00,0.00,0,0
1508036062,s2-eth1,83405.20,3071.86,86477.05,3078,83572,37.92,42.91,80.84,43,38,0.00,0.00,0,0
1508036062,lo,295.41,295.41,590.82,296,296,2.99,2.99,5.99,3,3,0.00,0.00,0,0
1508036062,s4,0.00,0.00,0.00,0,0,0.00,0.00,0.00,0,0,0.00,0.00,0,0
1508036062,total,86772.46,100173.66,186946.11,100374,86946,83.83,89.82,173.65,90,84,0.00,0.00,0,0
1508036063,s5,0.00,0.00,0.00,0,0,0.00,0.00,0.00,0,0,0.00,0.00,0,0
1508036063,eth0,0.00,0.00,0.00,0,0,0.00,0.00,0.00,0,0,0.00,0.00,0,0
1508036063,eth1,0.00,0.00,0.00,0,0,0.00,0.00,0.00,0,0,0.00,0.00,0,0
1508036063,s2,0.00,0.00,0.00,0,0,0.00,0.00,0.00,0,0,0.00,0.00,0,0
1508036063,s2-eth2,1492.51,49252.75,50745.26,49302,1494,20.98,22.98,43.96,23,21,0.00,0.00,0,0
1508036063,s2-eth1,55236.77,1492.51,56729.27,1494,55292,25.97,20.98,46.95,21,26,0.00,0.00,0,0
1508036063,lo,0.00,0.00,0.00,0,0,0.00,0.00,0.00,0,0,0.00,0.00,0,0
1508036063,s4,0.00,0.00,0.00,0,0,0.00,0.00,0.00,0,0,0.00,0.00,0,0
1508036063,total,56729.27,50745.26,107474.53,50796,56786,46.95,43.96,90.91,44,47,0.00,0.00,0,0
1508036064,s5,0.00,0.00,0.00,0,0,0.00,0.00,0.00,0,0,0.00,0.00,0,0
1508036064,eth0,0.00,0.00,0.00,0,0,0.00,0.00,0.00,0,0,0.00,0.00,0,0
1508036064,eth1,0.00,0.00,0.00,0,0,0.00,0.00,0.00,0,0,0.00,0.00,0,0
1508036064,s2,0.00,0.00,0.00,0,0,0.00,0.00,0.00,0,0,0.00,0.00,0,0
1508036064,s2-eth2,1780.22,75488.52,77268.73,75564,1782,26.97,25.97,52.95,26,27,0.00,0.00,0,0
1508036064,s2-eth1,63652.35,1780.22,65432.57,1782,63716,21.98,26.97,48.95,27,22,0.00,0.00,0,0
1508036064,lo,343.66,343.66,687.31,344,344,5.99,5.99,11.99,6,6,0.00,0.00,0,0
1508036064,s4,0.00,0.00,0.00,0,0,0.00,0.00,0.00,0,0,0.00,0.00,0,0
1508036064,total,65776.23,77612.39,143388.61,77690,65842,54.95,58.94,113.89,59,55,0.00,0.00,0,0
1508036065,s5,0.00,0.00,0.00,0,0,0.00,0.00,0.00,0,0,0.00,0.00,0,0
1508036065,eth0,0.00,0.00,0.00,0,0,0.00,0.00,0.00,0,0,0.00,0.00,0,0
1508036065,eth1,0.00,0.00,0.00,0,0,0.00,0.00,0.00,0,0,0.00,0.00,0,0
1508036065,s2,0.00,0.00,0.00,0,0,0.00,0.00,0.00,0,0,0.00,0.00,0,0
1508036065,s2-eth2,1516.48,71016.98,72533.47,71088,1518,22.98,23.98,46.95,24,23,0.00,0.00,0,0
1508036065,s2-eth1,82853.15,1516.48,84369.63,1518,82936,27.97,22.98,50.95,23,28,0.00,0.00,0,0
1508036065,lo,0.00,0.00,0.00,0,0,0.00,0.00,0.00,0,0,0.00,0.00,0,0
1508036065,s4,0.00,0.00,0.00,0,0,0.00,0.00,0.00,0,0,0.00,0.00,0,0
1508036065,total,84369.63,72533.47,156903.09,72606,84454,50.95,46.95,97.90,47,51,0.00,0.00,0,0
1508036066,s5,0.00,0.00,0.00,0,0,0.00,0.00,0.00,0,0,0.00,0.00,0,0
1508036066,eth0,0.00,0.00,0.00,0,0,0.00,0.00,0.00,0,0,0.00,0.00,0,0
1508036066,eth1,0.00,0.00,0.00,0,0,0.00,0.00,0.00,0,0,0.00,0.00,0,0
1508036066,s2,0.00,0.00,0.00,0,0,0.00,0.00,0.00,0,0,0.00,0.00,0,0
1508036066,s2-eth2,2364.00,78856.00,81220.00,78856,2364,30.00,32.00,62.00,32,30,0.00,0.00,0,0
1508036066,s2-eth1,66876.00,2022.00,68898.00,2022,66876,26.00,29.00,55.00,29,26,0.00,0.00,0,0
1508036066,lo,172.00,172.00,344.00,172,172,3.00,3.00,6.00,3,3,0.00,0.00,0,0
1508036066,s4,0.00,0.00,0.00,0,0,0.00,0.00,0.00,0,0,0.00,0.00,0,0
1508036066,total,69412.00,81050.00,150462.00,81050,69412,59.00,64.00,123.00,64,59,0.00,0.00,0,0
1508036067,s5,0.00,0.00,0.00,0,0,0.00,0.00,0.00,0,0,0.00,0.00,0,0
1508036067,eth0,0.00,0.00,0.00,0,0,0.00,0.00,0.00,0,0,0.00,0.00,0,0
1508036067,eth1,0.00,0.00,0.00,0,0,0.00,0.00,0.00,0,0,0.00,0.00,0,0
1508036067,s2,0.00,0.00,0.00,0,0,0.00,0.00,0.00,0,0,0.00,0.00,0,0
1508036067,s2-eth2,1276.72,53328.67,54605.39,53382,1278,18.98,18.98,37.96,19,19,0.00,0.00,0,0
1508036067,s2-eth1,57866.14,1276.72,59142.86,1278,57924,21.98,18.98,40.96,19,22,0.00,0.00,0,0
1508036067,lo,0.00,0.00,0.00,0,0,0.00,0.00,0.00,0,0,0.00,0.00,0,0
1508036067,s4,0.00,0.00,0.00,0,0,0.00,0.00,0.00,0,0,0.00,0.00,0,0
1508036067,total,59142.86,54605.39,113748.26,54660,59202,40.96,37.96,78.92,38,41,0.00,0.00,0,0
1508036068,s5,0.00,0.00,0.00,0,0,0.00,0.00,0.00,0,0,0.00,0.00,0,0
1508036068,eth0,0.00,0.00,0.00,0,0,0.00,0.00,0.00,0,0,0.00,0.00,0,0
1508036068,eth1,0.00,0.00,0.00,0,0,0.00,0.00,0.00,0,0,0.00,0.00,0,0
1508036068,s2,0.00,0.00,0.00,0,0,0.00,0.00,0.00,0,0,0.00,0.00,0,0
1508036068,s2-eth2,1224.00,53448.00,54672.00,53448,1224,18.00,20.00,38.00,20,18,0.00,0.00,0,0
1508036068,s2-eth1,44562.00,1224.00,45786.00,1224,44562,17.00,18.00,35.00,18,17,0.00,0.00,0,0
1508036068,lo,0.00,0.00,0.00,0,0,0.00,0.00,0.00,0,0,0.00,0.00,0,0
1508036068,s4,0.00,0.00,0.00,0,0,0.00,0.00,0.00,0,0,0.00,0.00,0,0
1508036068,total,45786.00,54672.00,100458.00,54672,45786,35.00,38.00,73.00,38,35,0.00,0.00,0,0
1508036069,s5,0.00,0.00,0.00,0,0,0.00,0.00,0.00,0,0,0.00,0.00,0,0
1508036069,eth0,0.00,0.00,0.00,0,0,0.00,0.00,0.00,0,0,0.00,0.00,0,0
1508036069,eth1,0.00,0.00,0.00,0,0,0.00,0.00,0.00,0,0,0.00,0.00,0,0
1508036069,s2,0.00,0.00,0.00,0,0,0.00,0.00,0.00,0,0,0.00,0.00,0,0
1508036069,s2-eth2,1056.00,50354.00,51410.00,50354,1056,16.00,17.00,33.00,17,16,0.00,0.00,0,0
1508036069,s2-eth1,59240.00,1056.00,60296.00,1056,59240,20.00,16.00,36.00,16,20,0.00,0.00,0,0
1508036069,lo,344.00,344.00,688.00,344,344,6.00,6.00,12.00,6,6,0.00,0.00,0,0
1508036069,s4,0.00,0.00,0.00,0,0,0.00,0.00,0.00,0,0,0.00,0.00,0,0
1508036069,total,60640.00,51754.00,112394.00,51754,60640,42.00,39.00,81.00,39,42,0.00,0.00,0,0
1508036070,s5,0.00,0.00,0.00,0,0,0.00,0.00,0.00,0,0,0.00,0.00,0,0
1508036070,eth0,0.00,0.00,0.00,0,0,0.00,0.00,0.00,0,0,0.00,0.00,0,0
1508036070,eth1,0.00,0.00,0.00,0,0,0.00,0.00,0.00,0,0,0.00,0.00,0,0
1508036070,s2,0.00,0.00,0.00,0,0,0.00,0.00,0.00,0,0,0.00,0.00,0,0
1508036070,s2-eth2,1386.00,68126.00,69512.00,68126,1386,21.00,23.00,44.00,23,21,0.00,0.00,0,0
1508036070,s2-eth1,59240.00,1386.00,60626.00,1386,59240,20.00,21.00,41.00,21,20,0.00,0.00,0,0
1508036070,lo,0.00,0.00,0.00,0,0,0.00,0.00,0.00,0,0,0.00,0.00,0,0
1508036070,s4,0.00,0.00,0.00,0,0,0.00,0.00,0.00,0,0,0.00,0.00,0,0
1508036070,total,60626.00,69512.00,130138.00,69512,60626,41.00,44.00,85.00,44,41,0.00,0.00,0,0
1508036071,s5,0.00,0.00,0.00,0,0,0.00,0.00,0.00,0,0,0.00,0.00,0,0
1508036071,eth0,0.00,0.00,0.00,0,0,0.00,0.00,0.00,0,0,0.00,0.00,0,0
1508036071,eth1,0.00,0.00,0.00,0,0,0.00,0.00,0.00,0,0,0.00,0.00,0,0
1508036071,s2,0.00,0.00,0.00,0,0,0.00,0.00,0.00,0,0,0.00,0.00,0,0
1508036071,s2-eth2,1632.00,68258.00,69890.00,68258,1632,24.00,25.00,49.00,25,24,0.00,0.00,0,0
1508036071,s2-eth1,68258.00,1632.00,69890.00,1632,68258,25.00,24.00,49.00,24,25,0.00,0.00,0,0
1508036071,lo,172.00,172.00,344.00,172,172,3.00,3.00,6.00,3,3,0.00,0.00,0,0
1508036071,s4,0.00,0.00,0.00,0,0,0.00,0.00,0.00,0,0,0.00,0.00,0,0
1508036071,total,70062.00,70062.00,140124.00,70062,70062,52.00,52.00,104.00,52,52,0.00,0.00,0,0
1508036072,s5,0.00,0.00,0.00,0,0,0.00,0.00,0.00,0,0,0.00,0.00,0,0
1508036072,eth0,0.00,0.00,0.00,0,0,0.00,0.00,0.00,0,0,0.00,0.00,0,0
1508036072,eth1,0.00,0.00,0.00,0,0,0.00,0.00,0.00,0,0,0.00,0.00,0,0
1508036072,s2,0.00,0.00,0.00,0,0,0.00,0.00,0.00,0,0,0.00,0.00,0,0
1508036072,s2-eth2,1619.00,60886.00,62505.00,60886,1619,23.00,23.00,46.00,23,23,0.00,0.00,0,0
1508036072,s2-eth1,59479.00,1512.00,60991.00,1512,59479,23.00,22.00,45.00,22,23,0.00,0.00,0,0
1508036072,lo,0.00,0.00,0.00,0,0,0.00,0.00,0.00,0,0,0.00,0.00,0,0
1508036072,s4,0.00,0.00,0.00,0,0,0.00,0.00,0.00,0,0,0.00,0.00,0,0
1508036072,total,61098.00,62398.00,123496.00,62398,61098,46.00,45.00,91.00,45,46,0.00,0.00,0,0
1508036073,s5,0.00,0.00,0.00,0,0,0.00,0.00,0.00,0,0,0.00,0.00,0,0
1508036073,eth0,0.00,0.00,0.00,0,0,0.00,0.00,0.00,0,0,0.00,0.00,0,0
1508036073,eth1,0.00,0.00,0.00,0,0,0.00,0.00,0.00,0,0,0.00,0.00,0,0
1508036073,s2,0.00,0.00,0.00,0,0,0.00,0.00,0.00,0,0,0.00,0.00,0,0
1508036073,s2-eth2,1104.00,41666.00,42770.00,41666,1104,16.00,17.00,33.00,17,16,0.00,0.00,0,0
1508036073,s2-eth1,35742.00,1104.00,36846.00,1104,35742,15.00,16.00,31.00,16,15,0.00,0.00,0,0
1508036073,lo,0.00,0.00,0.00,0,0,0.00,0.00,0.00,0,0,0.00,0.00,0,0
1508036073,s4,0.00,0.00,0.00,0,0,0.00,0.00,0.00,0,0,0.00,0.00,0,0
1508036073,total,36846.00,42770.00,79616.00,42770,36846,31.00,33.00,64.00,33,31,0.00,0.00,0,0
1508036074,s5,0.00,0.00,0.00,0,0,0.00,0.00,0.00,0,0,0.00,0.00,0,0
1508036074,eth0,0.00,0.00,0.00,0,0,0.00,0.00,0.00,0,0,0.00,0.00,0,0
1508036074,eth1,0.00,0.00,0.00,0,0,0.00,0.00,0.00,0,0,0.00,0.00,0,0
1508036074,s2,0.00,0.00,0.00,0,0,0.00,0.00,0.00,0,0,0.00,0.00,0,0
1508036074,s2-eth2,1122.00,53316.00,54438.00,53316,1122,17.00,18.00,35.00,18,17,0.00,0.00,0,0
1508036074,s2-eth1,59240.00,1122.00,60362.00,1122,59240,20.00,17.00,37.00,17,20,0.00,0.00,0,0
1508036074,lo,344.00,344.00,688.00,344,344,6.00,6.00,12.00,6,6,0.00,0.00,0,0
1508036074,s4,0.00,0.00,0.00,0,0,0.00,0.00,0.00,0,0,0.00,0.00,0,0
1508036074,total,60706.00,54782.00,115488.00,54782,60706,43.00,41.00,84.00,41,43,0.00,0.00,0,0
1508036075,s5,0.00,0.00,0.00,0,0,0.00,0.00,0.00,0,0,0.00,0.00,0,0
1508036075,eth0,0.00,0.00,0.00,0,0,0.00,0.00,0.00,0,0,0.00,0.00,0,0
1508036075,eth1,0.00,0.00,0.00,0,0,0.00,0.00,0.00,0,0,0.00,0.00,0,0
1508036075,s2,0.00,0.00,0.00,0,0,0.00,0.00,0.00,0,0,0.00,0.00,0,0
1508036075,s2-eth2,1848.00,91822.00,93670.00,91822,1848,28.00,31.00,59.00,31,28,0.00,0.00,0,0
1508036075,s2-eth1,74050.00,1848.00,75898.00,1848,74050,25.00,28.00,53.00,28,25,0.00,0.00,0,0
1508036075,lo,0.00,0.00,0.00,0,0,0.00,0.00,0.00,0,0,0.00,0.00,0,0
1508036075,s4,0.00,0.00,0.00,0,0,0.00,0.00,0.00,0,0,0.00,0.00,0,0
1508036075,total,75898.00,93670.00,169568.00,93670,75898,53.00,59.00,112.00,59,53,0.00,0.00,0,0
1508036076,s5,0.00,0.00,0.00,0,0,0.00,0.00,0.00,0,0,0.00,0.00,0,0
1508036076,eth0,0.00,0.00,0.00,0,0,0.00,0.00,0.00,0,0,0.00,0.00,0,0
1508036076,eth1,0.00,0.00,0.00,0,0,0.00,0.00,0.00,0,0,0.00,0.00,0,0
1508036076,s2,0.00,0.00,0.00,0,0,0.00,0.00,0.00,0,0,0.00,0.00,0,0
1508036076,s2-eth2,3506.49,159788.22,163294.70,159948,3510,48.95,53.95,102.90,54,49,0.00,0.00,0,0
1508036076,s2-eth1,159788.22,3164.84,162953.05,3168,159948,53.95,47.95,101.90,48,54,0.00,0.00,0,0
1508036076,lo,171.83,171.83,343.66,172,172,3.00,3.00,5.99,3,3,0.00,0.00,0,0
1508036076,s4,0.00,0.00,0.00,0,0,0.00,0.00,0.00,0,0,0.00,0.00,0,0
1508036076,total,163466.53,163124.88,326591.41,163288,163630,105.89,104.90,210.79,105,106,0.00,0.00,0,0
1508036077,s5,0.00,0.00,0.00,0,0,0.00,0.00,0.00,0,0,0.00,0.00,0,0
1508036077,eth0,0.00,0.00,0.00,0,0,0.00,0.00,0.00,0,0,0.00,0.00,0,0
1508036077,eth1,0.00,0.00,0.00,0,0,0.00,0.00,0.00,0,0,0.00,0.00,0,0
1508036077,s2,0.00,0.00,0.00,0,0,0.00,0.00,0.00,0,0,0.00,0.00,0,0
1508036077,s2-eth2,4932.00,201878.00,206810.00,201878,4932,72.00,75.00,147.00,75,72,0.00,0.00,0,0
1508036077,s2-eth1,198850.00,4932.00,203782.00,4932,198850,73.00,72.00,145.00,72,73,0.00,0.00,0,0
1508036077,lo,0.00,0.00,0.00,0,0,0.00,0.00,0.00,0,0,0.00,0.00,0,0
1508036077,s4,0.00,0.00,0.00,0,0,0.00,0.00,0.00,0,0,0.00,0.00,0,0
1508036077,total,203782.00,206810.00,410592.00,206810,203782,145.00,147.00,292.00,147,145,0.00,0.00,0,0
1508036078,s5,0.00,0.00,0.00,0,0,0.00,0.00,0.00,0,0,0.00,0.00,0,0
1508036078,eth0,0.00,0.00,0.00,0,0,0.00,0.00,0.00,0,0,0.00,0.00,0,0
1508036078,eth1,0.00,0.00,0.00,0,0,0.00,0.00,0.00,0,0,0.00,0.00,0,0
1508036078,s2,0.00,0.00,0.00,0,0,0.00,0.00,0.00,0,0,0.00,0.00,0,0
1508036078,s2-eth2,3908.09,111854.15,115762.24,111966,3912,53.95,50.95,104.90,51,54,0.00,0.00,0,0
1508036078,s2-eth1,116325.68,3908.09,120233.77,3912,116442,52.95,53.95,106.89,54,53,0.00,0.00,0,0
1508036078,lo,0.00,0.00,0.00,0,0,0.00,0.00,0.00,0,0,0.00,0.00,0,0
1508036078,s4,0.00,0.00,0.00,0,0,0.00,0.00,0.00,0,0,0.00,0.00,0,0
1508036078,total,120233.77,115762.24,235996.02,115878,120354,106.89,104.90,211.79,105,107,0.00,0.00,0,0
1508036079,s5,0.00,0.00,0.00,0,0,0.00,0.00,0.00,0,0,0.00,0.00,0,0
1508036079,eth0,0.00,0.00,0.00,0,0,0.00,0.00,0.00,0,0,0.00,0.00,0,0
1508036079,eth1,0.00,0.00,0.00,0,0,0.00,0.00,0.00,0,0,0.00,0.00,0,0
1508036079,s2,0.00,0.00,0.00,0,0,0.00,0.00,0.00,0,0,0.00,0.00,0,0
1508036079,s2-eth2,2106.00,89124.00,91230.00,89124,2106,31.00,34.00,65.00,34,31,0.00,0.00,0,0
1508036079,s2-eth1,87886.00,2106.00,89992.00,2106,87886,33.00,31.00,64.00,31,33,0.00,0.00,0,0
1508036079,lo,344.00,344.00,688.00,344,344,6.00,6.00,12.00,6,6,0.00,0.00,0,0
1508036079,s4,0.00,0.00,0.00,0,0,0.00,0.00,0.00,0,0,0.00,0.00,0,0
1508036079,total,90336.00,91574.00,181910.00,91574,90336,70.00,71.00,141.00,71,70,0.00,0.00,0,0
1508036080,s5,0.00,0.00,0.00,0,0,0.00,0.00,0.00,0,0,0.00,0.00,0,0
1508036080,eth0,0.00,0.00,0.00,0,0,0.00,0.00,0.00,0,0,0.00,0.00,0,0
1508036080,eth1,0.00,0.00,0.00,0,0,0.00,0.00,0.00,0,0,0.00,0.00,0,0
1508036080,s2,0.00,0.00,0.00,0,0,0.00,0.00,0.00,0,0,0.00,0.00,0,0
1508036080,s2-eth2,2175.82,91730.27,93906.09,91822,2178,32.97,30.97,63.94,31,33,0.00,0.00,0,0
1508036080,s2-eth1,87390.61,2175.82,89566.44,2178,87478,30.97,32.97,63.94,33,31,0.00,0.00,0,0
1508036080,lo,0.00,0.00,0.00,0,0,0.00,0.00,0.00,0,0,0.00,0.00,0,0
1508036080,s4,0.00,0.00,0.00,0,0,0.00,0.00,0.00,0,0,0.00,0.00,0,0
1508036080,total,89566.44,93906.09,183472.53,94000,89656,63.94,63.94,127.87,64,64,0.00,0.00,0,0
1508036081,s5,0.00,0.00,0.00,0,0,0.00,0.00,0.00,0,0,0.00,0.00,0,0
1508036081,eth0,0.00,0.00,0.00,0,0,0.00,0.00,0.00,0,0,0.00,0.00,0,0
1508036081,eth1,0.00,0.00,0.00,0,0,0.00,0.00,0.00,0,0,0.00,0.00,0,0
1508036081,s2,0.00,0.00,0.00,0,0,0.00,0.00,0.00,0,0,0.00,0.00,0,0
1508036081,s2-eth2,2103.90,83116.88,85220.78,83200,2106,30.97,31.97,62.94,32,31,0.00,0.00,0,0
1508036081,s2-eth1,80157.84,2103.90,82261.74,2106,80238,30.97,30.97,61.94,31,31,0.00,0.00,0,0
1508036081,lo,171.83,171.83,343.66,172,172,3.00,3.00,5.99,3,3,0.00,0.00,0,0
1508036081,s4,0.00,0.00,0.00,0,0,0.00,0.00,0.00,0,0,0.00,0.00,0,0
1508036081,total,82433.57,85392.61,167826.17,85478,82516,64.94,65.93,130.87,66,65,0.00,0.00,0,0
1508036082,s5,0.00,0.00,0.00,0,0,0.00,0.00,0.00,0,0,0.00,0.00,0,0
1508036082,eth0,0.00,0.00,0.00,0,0,0.00,0.00,0.00,0,0,0.00,0.00,0,0
1508036082,eth1,0.00,0.00,0.00,0,0,0.00,0.00,0.00,0,0,0.00,0.00,0,0
1508036082,s2,0.00,0.00,0.00,0,0,0.00,0.00,0.00,0,0,0.00,0.00,0,0
1508036082,s2-eth2,2046.00,94784.00,96830.00,94784,2046,31.00,32.00,63.00,32,31,0.00,0.00,0,0
1508036082,s2-eth1,97746.00,2046.00,99792.00,2046,97746,33.00,31.00,64.00,31,33,0.00,0.00,0,0
1508036082,lo,0.00,0.00,0.00,0,0,0.00,0.00,0.00,0,0,0.00,0.00,0,0
1508036082,s4,0.00,0.00,0.00,0,0,0.00,0.00,0.00,0,0,0.00,0.00,0,0
1508036082,total,99792.00,96830.00,196622.00,96830,99792,64.00,63.00,127.00,63,64,0.00,0.00,0,0
1508036083,s5,0.00,0.00,0.00,0,0,0.00,0.00,0.00,0,0,0.00,0.00,0,0
1508036083,eth0,0.00,0.00,0.00,0,0,0.00,0.00,0.00,0,0,0.00,0.00,0,0
1508036083,eth1,0.00,0.00,0.00,0,0,0.00,0.00,0.00,0,0,0.00,0.00,0,0
1508036083,s2,0.00,0.00,0.00,0,0,0.00,0.00,0.00,0,0,0.00,0.00,0,0
1508036083,s2-eth2,2100.00,78856.00,80956.00,78856,2100,30.00,32.00,62.00,32,30,0.00,0.00,0,0
1508036083,s2-eth1,75828.00,2100.00,77928.00,2100,75828,30.00,30.00,60.00,30,30,0.00,0.00,0,0
1508036083,lo,0.00,0.00,0.00,0,0,0.00,0.00,0.00,0,0,0.00,0.00,0,0
1508036083,s4,0.00,0.00,0.00,0,0,0.00,0.00,0.00,0,0,0.00,0.00,0,0
1508036083,total,77928.00,80956.00,158884.00,80956,77928,60.00,62.00,122.00,62,60,0.00,0.00,0,0
1508036084,s5,0.00,0.00,0.00,0,0,0.00,0.00,0.00,0,0,0.00,0.00,0,0
1508036084,eth0,0.00,0.00,0.00,0,0,0.00,0.00,0.00,0,0,0.00,0.00,0,0
1508036084,eth1,0.00,0.00,0.00,0,0,0.00,0.00,0.00,0,0,0.00,0.00,0,0
1508036084,s2,0.00,0.00,0.00,0,0,0.00,0.00,0.00,0,0,0.00,0.00,0,0
1508036084,s2-eth2,1652.00,53688.00,55340.00,53688,1652,24.00,24.00,48.00,24,24,0.00,0.00,0,0
1508036084,s2-eth1,49278.00,1652.00,50930.00,1652,49278,23.00,24.00,47.00,24,23,0.00,0.00,0,0
1508036084,lo,344.00,344.00,688.00,344,344,6.00,6.00,12.00,6,6,0.00,0.00,0,0
1508036084,s4,0.00,0.00,0.00,0,0,0.00,0.00,0.00,0,0,0.00,0.00,0,0
1508036084,total,51274.00,55684.00,106958.00,55684,51274,53.00,54.00,107.00,54,53,0.00,0.00,0,0
1508036085,s5,0.00,0.00,0.00,0,0,0.00,0.00,0.00,0,0,0.00,0.00,0,0
1508036085,eth0,0.00,0.00,0.00,0,0,0.00,0.00,0.00,0,0,0.00,0.00,0,0
1508036085,eth1,0.00,0.00,0.00,0,0,0.00,0.00,0.00,0,0,0.00,0.00,0,0
1508036085,s2,0.00,0.00,0.00,0,0,0.00,0.00,0.00,0,0,0.00,0.00,0,0
1508036085,s2-eth2,1386.00,65164.00,66550.00,65164,1386,21.00,22.00,43.00,22,21,0.00,0.00,0,0
1508036085,s2-eth1,65164.00,1386.00,66550.00,1386,65164,22.00,21.00,43.00,21,22,0.00,0.00,0,0
1508036085,lo,0.00,0.00,0.00,0,0,0.00,0.00,0.00,0,0,0.00,0.00,0,0
1508036085,s4,0.00,0.00,0.00,0,0,0.00,0.00,0.00,0,0,0.00,0.00,0,0
1508036085,total,66550.00,66550.00,133100.00,66550,66550,43.00,43.00,86.00,43,43,0.00,0.00,0,0
1508036086,s5,0.00,0.00,0.00,0,0,0.00,0.00,0.00,0,0,0.00,0.00,0,0
1508036086,eth0,0.00,0.00,0.00,0,0,0.00,0.00,0.00,0,0,0.00,0.00,0,0
1508036086,eth1,0.00,0.00,0.00,0,0,0.00,0.00,0.00,0,0,0.00,0.00,0,0
1508036086,s2,0.00,0.00,0.00,0,0,0.00,0.00,0.00,0,0,0.00,0.00,0,0
1508036086,s2-eth2,1632.00,65362.00,66994.00,65362,1632,24.00,25.00,49.00,25,24,0.00,0.00,0,0
1508036086,s2-eth1,62400.00,1632.00,64032.00,1632,62400,24.00,24.00,48.00,24,24,0.00,0.00,0,0
1508036086,lo,172.00,172.00,344.00,172,172,3.00,3.00,6.00,3,3,0.00,0.00,0,0
1508036086,s4,0.00,0.00,0.00,0,0,0.00,0.00,0.00,0,0,0.00,0.00,0,0
1508036086,total,64204.00,67166.00,131370.00,67166,64204,51.00,52.00,103.00,52,51,0.00,0.00,0,0
1508036087,s5,0.00,0.00,0.00,0,0,0.00,0.00,0.00,0,0,0.00,0.00,0,0
1508036087,eth0,304.00,490.00,794.00,490,304,4.00,4.00,8.00,4,4,0.00,0.00,0,0
1508036087,eth1,0.00,0.00,0.00,0,0,0.00,0.00,0.00,0,0,0.00,0.00,0,0
1508036087,s2,0.00,0.00,0.00,0,0,0.00,0.00,0.00,0,0,0.00,0.00,0,0
1508036087,s2-eth2,2099.90,53724.28,55824.18,53778,2102,24.98,24.98,49.95,25,25,0.00,0.00,0,0
1508036087,s2-eth1,49638.36,1648.35,51286.71,1650,49688,23.98,22.98,46.95,23,24,0.00,0.00,0,0
1508036087,lo,681.32,681.32,1362.64,682,682,7.99,7.99,15.98,8,8,0.00,0.00,0,0
1508036087,s4,0.00,0.00,0.00,0,0,0.00,0.00,0.00,0,0,0.00,0.00,0,0
1508036087,total,52723.28,56543.46,109266.73,56600,52776,60.94,59.94,120.88,60,61,0.00,0.00,0,0
1508036088,s5,0.00,0.00,0.00,0,0,0.00,0.00,0.00,0,0,0.00,0.00,0,0
1508036088,eth0,151.85,244.76,396.60,245,152,2.00,2.00,4.00,2,2,0.00,0.00,0,0
1508036088,eth1,0.00,0.00,0.00,0,0,0.00,0.00,0.00,0,0,0.00,0.00,0,0
1508036088,s2,0.00,0.00,0.00,0,0,0.00,0.00,0.00,0,0,0.00,0.00,0,0
1508036088,s2-eth2,913.09,35508.49,36421.58,35544,914,12.99,11.99,24.98,12,13,0.00,0.00,0,0
1508036088,s2-eth1,40167.83,725.27,40893.11,726,40208,15.98,10.99,26.97,11,16,0.00,0.00,0,0
1508036088,lo,340.66,340.66,681.32,341,341,4.00,4.00,7.99,4,4,0.00,0.00,0,0
1508036088,s4,0.00,0.00,0.00,0,0,0.00,0.00,0.00,0,0,0.00,0.00,0,0
1508036088,total,41573.43,36819.18,78392.61,36856,41615,34.97,28.97,63.94,29,35,0.00,0.00,0,0
1508036089,s5,0.00,0.00,0.00,0,0,0.00,0.00,0.00,0,0,0.00,0.00,0,0
1508036089,eth0,304.00,490.00,794.00,490,304,4.00,4.00,8.00,4,4,0.00,0.00,0,0
1508036089,eth1,0.00,0.00,0.00,0,0,0.00,0.00,0.00,0,0,0.00,0.00,0,0
1508036089,s2,0.00,0.00,0.00,0,0,0.00,0.00,0.00,0,0,0.00,0.00,0,0
1508036089,s2-eth2,1981.00,47524.00,49505.00,47524,1981,22.00,18.00,40.00,18,22,0.00,0.00,0,0
1508036089,s2-eth1,37000.00,1092.00,38092.00,1092,37000,22.00,16.00,38.00,16,22,0.00,0.00,0,0
1508036089,lo,1026.00,1026.00,2052.00,1026,1026,14.00,14.00,28.00,14,14,0.00,0.00,0,0
1508036089,s4,0.00,0.00,0.00,0,0,0.00,0.00,0.00,0,0,0.00,0.00,0,0
1508036089,total,40311.00,50132.00,90443.00,50132,40311,62.00,52.00,114.00,52,62,0.00,0.00,0,0
1508036090,s5,0.00,0.00,0.00,0,0,0.00,0.00,0.00,0,0,0.00,0.00,0,0
1508036090,eth0,152.00,245.00,397.00,245,152,2.00,2.00,4.00,2,2,0.00,0.00,0,0
1508036090,eth1,0.00,0.00,0.00,0,0,0.00,0.00,0.00,0,0,0.00,0.00,0,0
1508036090,s2,0.00,0.00,0.00,0,0,0.00,0.00,0.00,0,0,0.00,0.00,0,0
1508036090,s2-eth2,2633.00,53316.00,55949.00,53316,2633,24.00,18.00,42.00,18,24,0.00,0.00,0,0
1508036090,s2-eth1,63278.00,1122.00,64400.00,1122,63278,26.00,17.00,43.00,17,26,0.00,0.00,0,0
1508036090,lo,341.00,341.00,682.00,341,341,4.00,4.00,8.00,4,4,0.00,0.00,0,0
1508036090,s4,0.00,0.00,0.00,0,0,0.00,0.00,0.00,0,0,0.00,0.00,0,0
1508036090,total,66404.00,55024.00,121428.00,55024,66404,56.00,41.00,97.00,41,56,0.00,0.00,0,0
1508036091,s5,0.00,0.00,0.00,0,0,0.00,0.00,0.00,0,0,0.00,0.00,0,0
1508036091,eth0,0.00,0.00,0.00,0,0,0.00,0.00,0.00,0,0,0.00,0.00,0,0
1508036091,eth1,0.00,0.00,0.00,0,0,0.00,0.00,0.00,0,0,0.00,0.00,0,0
1508036091,s2,0.00,0.00,0.00,0,0,0.00,0.00,0.00,0,0,0.00,0.00,0,0
1508036091,s2-eth2,2121.00,68126.00,70247.00,68126,2121,24.00,23.00,47.00,23,24,0.00,0.00,0,0
1508036091,s2-eth1,56947.00,1452.00,58399.00,1452,56947,21.00,22.00,43.00,22,21,0.00,0.00,0,0
1508036091,lo,172.00,172.00,344.00,172,172,3.00,3.00,6.00,3,3,0.00,0.00,0,0
1508036091,s4,0.00,0.00,0.00,0,0,0.00,0.00,0.00,0,0,0.00,0.00,0,0
1508036091,total,59240.00,69750.00,128990.00,69750,59240,48.00,48.00,96.00,48,48,0.00,0.00,0,0
1508036092,s5,0.00,0.00,0.00,0,0,0.00,0.00,0.00,0,0,0.00,0.00,0,0
1508036092,eth0,60.00,60.00,120.00,60,60,1.00,1.00,2.00,1,1,0.00,0.00,0,0
1508036092,eth1,0.00,0.00,0.00,0,0,0.00,0.00,0.00,0,0,0.00,0.00,0,0
1508036092,s2,0.00,0.00,0.00,0,0,0.00,0.00,0.00,0,0,0.00,0.00,0,0
1508036092,s2-eth2,1958.00,71088.00,73046.00,71088,1958,26.00,24.00,50.00,24,26,0.00,0.00,0,0
1508036092,s2-eth1,83310.00,1584.00,84894.00,1584,83310,30.00,24.00,54.00,24,30,0.00,0.00,0,0
1508036092,lo,0.00,0.00,0.00,0,0,0.00,0.00,0.00,0,0,0.00,0.00,0,0
1508036092,s4,0.00,0.00,0.00,0,0,0.00,0.00,0.00,0,0,0.00,0.00,0,0
1508036092,total,85328.00,72732.00,158060.00,72732,85328,57.00,49.00,106.00,49,57,0.00,0.00,0,0
1508036093,s5,0.00,0.00,0.00,0,0,0.00,0.00,0.00,0,0,0.00,0.00,0,0
1508036093,eth0,0.00,0.00,0.00,0,0,0.00,0.00,0.00,0,0,0.00,0.00,0,0
1508036093,eth1,0.00,0.00,0.00,0,0,0.00,0.00,0.00,0,0,0.00,0.00,0,0
1508036093,s2,0.00,0.00,0.00,0,0,0.00,0.00,0.00,0,0,0.00,0.00,0,0
1508036093,s2-eth2,2638.36,112443.56,115081.92,112556,2641,35.96,37.96,73.93,38,36,0.00,0.00,0,0
1508036093,s2-eth1,92126.88,2241.76,94368.63,2244,92219,32.97,33.97,66.93,34,33,0.00,0.00,0,0
1508036093,lo,0.00,0.00,0.00,0,0,0.00,0.00,0.00,0,0,0.00,0.00,0,0
1508036093,s4,0.00,0.00,0.00,0,0,0.00,0.00,0.00,0,0,0.00,0.00,0,0
1508036093,total,94765.23,114685.32,209450.56,114800,94860,68.93,71.93,140.86,72,69,0.00,0.00,0,0
1508036094,s5,0.00,0.00,0.00,0,0,0.00,0.00,0.00,0,0,0.00,0.00,0,0
1508036094,eth0,0.00,0.00,0.00,0,0,0.00,0.00,0.00,0,0,0.00,0.00,0,0
1508036094,eth1,0.00,0.00,0.00,0,0,0.00,0.00,0.00,0,0,0.00,0.00,0,0
1508036094,s2,0.00,0.00,0.00,0,0,0.00,0.00,0.00,0,0,0.00,0.00,0,0
1508036094,s2-eth2,3366.00,171796.00,175162.00,171796,3366,51.00,58.00,109.00,58,51,0.00,0.00,0,0
1508036094,s2-eth1,171796.00,3366.00,175162.00,3366,171796,58.00,51.00,109.00,51,58,0.00,0.00,0,0
1508036094,lo,344.00,344.00,688.00,344,344,6.00,6.00,12.00,6,6,0.00,0.00,0,0
1508036094,s4,0.00,0.00,0.00,0,0,0.00,0.00,0.00,0,0,0.00,0.00,0,0
1508036094,total,175506.00,175506.00,351012.00,175506,175506,115.00,115.00,230.00,115,115,0.00,0.00,0,0
1508036095,s5,0.00,0.00,0.00,0,0,0.00,0.00,0.00,0,0,0.00,0.00,0,0
1508036095,eth0,0.00,0.00,0.00,0,0,0.00,0.00,0.00,0,0,0.00,0.00,0,0
1508036095,eth1,0.00,0.00,0.00,0,0,0.00,0.00,0.00,0,0,0.00,0.00,0,0
1508036095,s2,0.00,0.00,0.00,0,0,0.00,0.00,0.00,0,0,0.00,0.00,0,0
1508036095,s2-eth2,5412.00,272504.00,277916.00,272504,5412,82.00,92.00,174.00,92,82,0.00,0.00,0,0
1508036095,s2-eth1,245846.00,5478.00,251324.00,5478,245846,83.00,83.00,166.00,83,83,0.00,0.00,0,0
1508036095,lo,0.00,0.00,0.00,0,0,0.00,0.00,0.00,0,0,0.00,0.00,0,0
1508036095,s4,0.00,0.00,0.00,0,0,0.00,0.00,0.00,0,0,0.00,0.00,0,0
1508036095,total,251258.00,277982.00,529240.00,277982,251258,165.00,175.00,340.00,175,165,0.00,0.00,0,0
1508036096,s5,0.00,0.00,0.00,0,0,0.00,0.00,0.00,0,0,0.00,0.00,0,0
1508036096,eth0,0.00,0.00,0.00,0,0,0.00,0.00,0.00,0,0,0.00,0.00,0,0
1508036096,eth1,0.00,0.00,0.00,0,0,0.00,0.00,0.00,0,0,0.00,0.00,0,0
1508036096,s2,0.00,0.00,0.00,0,0,0.00,0.00,0.00,0,0,0.00,0.00,0,0
1508036096,s2-eth2,6776.22,246985.02,253761.25,247232,6783,92.91,103.90,196.80,104,93,0.00,0.00,0,0
1508036096,s2-eth1,245315.69,6603.40,251919.09,6610,245561,99.90,90.91,190.81,91,100,0.00,0.00,0,0
1508036096,lo,171.83,171.83,343.66,172,172,3.00,3.00,5.99,3,3,0.00,0.00,0,0
1508036096,s4,0.00,0.00,0.00,0,0,0.00,0.00,0.00,0,0,0.00,0.00,0,0
1508036096,total,252263.75,253760.25,506024.00,254014,252516,195.80,197.80,393.61,198,196,0.00,0.00,0,0
1508036097,s5,0.00,0.00,0.00,0,0,0.00,0.00,0.00,0,0,0.00,0.00,0,0
1508036097,eth0,0.00,0.00,0.00,0,0,0.00,0.00,0.00,0,0,0.00,0.00,0,0
1508036097,eth1,0.00,0.00,0.00,0,0,0.00,0.00,0.00,0,0,0.00,0.00,0,0
1508036097,s2,0.00,0.00,0.00,0,0,0.00,0.00,0.00,0,0,0.00,0.00,0,0
1508036097,s2-eth2,6652.00,236304.00,242956.00,236304,6652,92.00,92.00,184.00,92,92,0.00,0.00,0,0
1508036097,s2-eth1,245524.00,6240.00,251764.00,6240,245524,100.00,90.00,190.00,90,100,0.00,0.00,0,0
1508036097,lo,0.00,0.00,0.00,0,0,0.00,0.00,0.00,0,0,0.00,0.00,0,0
1508036097,s4,0.00,0.00,0.00,0,0,0.00,0.00,0.00,0,0,0.00,0.00,0,0
1508036097,total,252176.00,242544.00,494720.00,242544,252176,192.00,182.00,374.00,182,192,0.00,0.00,0,0
1508036098,s5,0.00,0.00,0.00,0,0,0.00,0.00,0.00,0,0,0.00,0.00,0,0
1508036098,eth0,0.00,0.00,0.00,0,0,0.00,0.00,0.00,0,0,0.00,0.00,0,0
1508036098,eth1,0.00,0.00,0.00,0,0,0.00,0.00,0.00,0,0,0.00,0.00,0,0
1508036098,s2,0.00,0.00,0.00,0,0,0.00,0.00,0.00,0,0,0.00,0.00,0,0
1508036098,s2-eth2,6168.00,234922.00,241090.00,234922,6168,90.00,93.00,183.00,93,90,0.00,0.00,0,0
1508036098,s2-eth1,244150.00,6168.00,250318.00,6168,244150,97.00,90.00,187.00,90,97,0.00,0.00,0,0
1508036098,lo,0.00,0.00,0.00,0,0,0.00,0.00,0.00,0,0,0.00,0.00,0,0
1508036098,s4,0.00,0.00,0.00,0,0,0.00,0.00,0.00,0,0,0.00,0.00,0,0
1508036098,total,250318.00,241090.00,491408.00,241090,250318,187.00,183.00,370.00,183,187,0.00,0.00,0,0
1508036099,s5,0.00,0.00,0.00,0,0,0.00,0.00,0.00,0,0,0.00,0.00,0,0
1508036099,eth0,0.00,0.00,0.00,0,0,0.00,0.00,0.00,0,0,0.00,0.00,0,0
1508036099,eth1,0.00,0.00,0.00,0,0,0.00,0.00,0.00,0,0,0.00,0.00,0,0
1508036099,s2,0.00,0.00,0.00,0,0,0.00,0.00,0.00,0,0,0.00,0.00,0,0
1508036099,s2-eth2,5532.47,190367.64,195900.11,190558,5538,78.92,78.92,157.84,79,79,0.00,0.00,0,0
1508036099,s2-eth1,187408.59,5532.47,192941.06,5538,187596,77.92,78.92,156.84,79,78,0.00,0.00,0,0
1508036099,lo,343.66,343.66,687.31,344,344,5.99,5.99,11.99,6,6,0.00,0.00,0,0
1508036099,s4,0.00,0.00,0.00,0,0,0.00,0.00,0.00,0,0,0.00,0.00,0,0
1508036099,total,193284.72,196243.77,389528.47,196440,193478,162.84,163.84,326.67,164,163,0.00,0.00,0,0
1508036100,s5,0.00,0.00,0.00,0,0,0.00,0.00,0.00,0,0,0.00,0.00,0,0
1508036100,eth0,0.00,0.00,0.00,0,0,0.00,0.00,0.00,0,0,0.00,0.00,0,0
1508036100,eth1,0.00,0.00,0.00,0,0,0.00,0.00,0.00,0,0,0.00,0.00,0,0
1508036100,s2,0.00,0.00,0.00,0,0,0.00,0.00,0.00,0,0,0.00,0.00,0,0
1508036100,s2-eth2,3564.00,168834.00,172398.00,168834,3564,54.00,57.00,111.00,57,54,0.00,0.00,0,0
1508036100,s2-eth1,171796.00,3564.00,175360.00,3564,171796,58.00,54.00,112.00,54,58,0.00,0.00,0,0
1508036100,lo,0.00,0.00,0.00,0,0,0.00,0.00,0.00,0,0,0.00,0.00,0,0
1508036100,s4,0.00,0.00,0.00,0,0,0.00,0.00,0.00,0,0,0.00,0.00,0,0
1508036100,total,175360.00,172398.00,347758.00,172398,175360,112.00,111.00,223.00,111,112,0.00,0.00,0,0
1508036101,s5,0.00,0.00,0.00,0,0,0.00,0.00,0.00,0,0,0.00,0.00,0,0
1508036101,eth0,0.00,0.00,0.00,0,0,0.00,0.00,0.00,0,0,0.00,0.00,0,0
1508036101,eth1,0.00,0.00,0.00,0,0,0.00,0.00,0.00,0,0,0.00,0.00,0,0
1508036101,s2,0.00,0.00,0.00,0,0,0.00,0.00,0.00,0,0,0.00,0.00,0,0
1508036101,s2-eth2,3812.19,148479.53,152291.72,148628,3816,55.94,57.94,113.89,58,56,0.00,0.00,0,0
1508036101,s2-eth1,154397.61,3812.19,158209.80,3816,154552,59.94,55.94,115.88,56,60,0.00,0.00,0,0
1508036101,lo,171.83,171.83,343.66,172,172,3.00,3.00,5.99,3,3,0.00,0.00,0,0
1508036101,s4,0.00,0.00,0.00,0,0,0.00,0.00,0.00,0,0,0.00,0.00,0,0
1508036101,total,158381.62,152463.55,310845.16,152616,158540,118.88,116.88,235.76,117,119,0.00,0.00,0,0
1508036102,s5,0.00,0.00,0.00,0,0,0.00,0.00,0.00,0,0,0.00,0.00,0,0
1508036102,eth0,0.00,0.00,0.00,0,0,0.00,0.00,0.00,0,0,0.00,0.00,0,0
1508036102,eth1,0.00,0.00,0.00,0,0,0.00,0.00,0.00,0,0,0.00,0.00,0,0
1508036102,s2,0.00,0.00,0.00,0,0,0.00,0.00,0.00,0,0,0.00,0.00,0,0
1508036102,s2-eth2,2868.00,115716.00,118584.00,115716,2868,42.00,42.00,84.00,42,42,0.00,0.00,0,0
1508036102,s2-eth1,103868.00,2868.00,106736.00,2868,103868,38.00,42.00,80.00,42,38,0.00,0.00,0,0
1508036102,lo,0.00,0.00,0.00,0,0,0.00,0.00,0.00,0,0,0.00,0.00,0,0
1508036102,s4,0.00,0.00,0.00,0,0,0.00,0.00,0.00,0,0,0.00,0.00,0,0
1508036102,total,106736.00,118584.00,225320.00,118584,106736,80.00,84.00,164.00,84,80,0.00,0.00,0,0
1508036103,s5,0.00,0.00,0.00,0,0,0.00,0.00,0.00,0,0,0.00,0.00,0,0
1508036103,eth0,0.00,0.00,0.00,0,0,0.00,0.00,0.00,0,0,0.00,0.00,0,0
1508036103,eth1,0.00,0.00,0.00,0,0,0.00,0.00,0.00,0,0,0.00,0.00,0,0
1508036103,s2,0.00,0.00,0.00,0,0,0.00,0.00,0.00,0,0,0.00,0.00,0,0
1508036103,s2-eth2,2580.00,98076.00,100656.00,98076,2580,38.00,38.00,76.00,38,38,0.00,0.00,0,0
1508036103,s2-eth1,106962.00,2580.00,109542.00,2580,106962,41.00,38.00,79.00,38,41,0.00,0.00,0,0
1508036103,lo,0.00,0.00,0.00,0,0,0.00,0.00,0.00,0,0,0.00,0.00,0,0
1508036103,s4,0.00,0.00,0.00,0,0,0.00,0.00,0.00,0,0,0.00,0.00,0,0
1508036103,total,109542.00,100656.00,210198.00,100656,109542,79.00,76.00,155.00,76,79,0.00,0.00,0,0
1508036104,s5,0.00,0.00,0.00,0,0,0.00,0.00,0.00,0,0,0.00,0.00,0,0
1508036104,eth0,0.00,0.00,0.00,0,0,0.00,0.00,0.00,0,0,0.00,0.00,0,0
1508036104,eth1,0.00,0.00,0.00,0,0,0.00,0.00,0.00,0,0,0.00,0.00,0,0
1508036104,s2,0.00,0.00,0.00,0,0,0.00,0.00,0.00,0,0,0.00,0.00,0,0
1508036104,s2-eth2,2033.00,58562.00,60595.00,58562,2033,26.00,21.00,47.00,21,26,0.00,0.00,0,0
1508036104,s2-eth1,60754.00,1584.00,62338.00,1584,60754,21.00,24.00,45.00,24,21,0.00,0.00,0,0
1508036104,lo,344.00,344.00,688.00,344,344,6.00,6.00,12.00,6,6,0.00,0.00,0,0
1508036104,s4,0.00,0.00,0.00,0,0,0.00,0.00,0.00,0,0,0.00,0.00,0,0
1