1508084175,s5,0.00,0.00,0.00,0,0,0.00,0.00,0.00,0,0,0.00,0.00,0,0
1508084175,s1,0.00,0.00,0.00,0,0,0.00,0.00,0.00,0,0,0.00,0.00,0,0
1508084175,eth0,0.00,0.00,0.00,0,0,0.00,0.00,0.00,0,0,0.00,0.00,0,0
1508084175,eth1,0.00,0.00,0.00,0,0,0.00,0.00,0.00,0,0,0.00,0.00,0,0
1508084175,s1-eth2,0.00,0.00,0.00,0,0,0.00,0.00,0.00,0,0,0.00,0.00,0,0
1508084175,s1-eth1,0.00,0.00,0.00,0,0,0.00,0.00,0.00,0,0,0.00,0.00,0,0
1508084175,lo,0.00,0.00,0.00,0,0,0.00,0.00,0.00,0,0,0.00,0.00,0,0
1508084175,s4,0.00,0.00,0.00,0,0,0.00,0.00,0.00,0,0,0.00,0.00,0,0
1508084175,total,0.00,0.00,0.00,0,0,0.00,0.00,0.00,0,0,0.00,0.00,0,0
1508084176,s5,0.00,0.00,0.00,0,0,0.00,0.00,0.00,0,0,0.00,0.00,0,0
1508084176,s1,250.00,500.00,750.00,500,250,3.00,6.00,9.00,6,3,0.00,0.00,0,0
1508084176,eth0,304.00,490.00,794.00,490,304,4.00,4.00,8.00,4,4,0.00,0.00,0,0
1508084176,eth1,0.00,0.00,0.00,0,0,0.00,0.00,0.00,0,0,0.00,0.00,0,0
1508084176,s1-eth2,7560.00,258908.00,266468.00,258908,7560,98.00,104.00,202.00,104,98,0.00,0.00,0,0
1508084176,s1-eth1,229650.36,5980.02,235630.38,5986,229880,103.90,86.91,190.81,87,104,0.00,0.00,0,0
1508084176,lo,5384.62,5384.62,10769.23,5390,5390,50.95,50.95,101.90,51,51,0.00,0.00,0,0
1508084176,s4,0.00,0.00,0.00,0,0,0.00,0.00,0.00,0,0,0.00,0.00,0,0
1508084176,total,243140.86,271003.00,514143.88,271274,243384,259.74,251.75,511.49,252,260,0.00,0.00,0,0
1508084177,s5,0.00,0.00,0.00,0,0,0.00,0.00,0.00,0,0,0.00,0.00,0,0
1508084177,s1,0.00,0.00,0.00,0,0,0.00,0.00,0.00,0,0,0.00,0.00,0,0
1508084177,eth0,152.00,245.00,397.00,245,152,2.00,2.00,4.00,2,2,0.00,0.00,0,0
1508084177,eth1,0.00,0.00,0.00,0,0,0.00,0.00,0.00,0,0,0.00,0.00,0,0
1508084177,s1-eth2,7324.00,247888.00,255212.00,247888,7324,95.00,92.00,187.00,92,95,0.00,0.00,0,0
1508084177,s1-eth1,243838.00,6326.00,250164.00,6326,243838,94.00,91.00,185.00,91,94,0.00,0.00,0,0
1508084177,lo,341.00,341.00,682.00,341,341,4.00,4.00,8.00,4,4,0.00,0.00,0,0
1508084177,s4,0.00,0.00,0.00,0,0,0.00,0.00,0.00,0,0,0.00,0.00,0,0
1508084177,total,251655.00,254800.00,506455.00,254800,251655,195.00,189.00,384.00,189,195,0.00,0.00,0,0
1508084178,s5,0.00,0.00,0.00,0,0,0.00,0.00,0.00,0,0,0.00,0.00,0,0
1508084178,s1,0.00,0.00,0.00,0,0,0.00,0.00,0.00,0,0,0.00,0.00,0,0
1508084178,eth0,0.00,0.00,0.00,0,0,0.00,0.00,0.00,0,0,0.00,0.00,0,0
1508084178,eth1,0.00,0.00,0.00,0,0,0.00,0.00,0.00,0,0,0.00,0.00,0,0
1508084178,s1-eth2,7629.00,245850.00,253479.00,245850,7629,102.00,105.00,207.00,105,102,0.00,0.00,0,0
1508084178,s1-eth1,247640.00,6882.00,254522.00,6882,247640,106.00,99.00,205.00,99,106,0.00,0.00,0,0
1508084178,lo,0.00,0.00,0.00,0,0,0.00,0.00,0.00,0,0,0.00,0.00,0,0
1508084178,s4,0.00,0.00,0.00,0,0,0.00,0.00,0.00,0,0,0.00,0.00,0,0
1508084178,total,255269.00,252732.00,508001.00,252732,255269,208.00,204.00,412.00,204,208,0.00,0.00,0,0
1508084179,s5,0.00,0.00,0.00,0,0,0.00,0.00,0.00,0,0,0.00,0.00,0,0
1508084179,s1,0.00,0.00,0.00,0,0,0.00,0.00,0.00,0,0,0.00,0.00,0,0
1508084179,eth0,0.00,0.00,0.00,0,0,0.00,0.00,0.00,0,0,0.00,0.00,0,0
1508084179,eth1,0.00,0.00,0.00,0,0,0.00,0.00,0.00,0,0,0.00,0.00,0,0
1508084179,s1-eth2,6059.00,246308.00,252367.00,246308,6059,89.00,90.00,179.00,90,89,0.00,0.00,0,0
1508084179,s1-eth1,243790.00,6018.00,249808.00,6018,243790,92.00,89.00,181.00,89,92,0.00,0.00,0,0
1508084179,lo,0.00,0.00,0.00,0,0,0.00,0.00,0.00,0,0,0.00,0.00,0,0
1508084179,s4,0.00,0.00,0.00,0,0,0.00,0.00,0.00,0,0,0.00,0.00,0,0
1508084179,total,249849.00,252326.00,502175.00,252326,249849,181.00,179.00,360.00,179,181,0.00,0.00,0,0
1508084180,s5,0.00,0.00,0.00,0,0,0.00,0.00,0.00,0,0,0.00,0.00,0,0
1508084180,s1,70.00,140.00,210.00,140,70,1.00,2.00,3.00,2,1,0.00,0.00,0,0
1508084180,eth0,0.00,0.00,0.00,0,0,0.00,0.00,0.00,0,0,0.00,0.00,0,0
1508084180,eth1,0.00,0.00,0.00,0,0,0.00,0.00,0.00,0,0,0.00,0.00,0,0
1508084180,s1-eth2,7146.00,252698.00,259844.00,252698,7146,98.00,99.00,197.00,99,98,0.00,0.00,0,0
1508084180,s1-eth1,244419.00,6346.00,250765.00,6346,244419,97.00,93.00,190.00,93,97,0.00,0.00,0,0
1508084180,lo,1148.00,1148.00,2296.00,1148,1148,15.00,15.00,30.00,15,15,0.00,0.00,0,0
1508084180,s4,0.00,0.00,0.00,0,0,0.00,0.00,0.00,0,0,0.00,0.00,0,0
1508084180,total,252783.00,260332.00,513115.00,260332,252783,211.00,209.00,420.00,209,211,0.00,0.00,0,0
1508084181,s5,0.00,0.00,0.00,0,0,0.00,0.00,0.00,0,0,0.00,0.00,0,0
1508084181,s1,0.00,0.00,0.00,0,0,0.00,0.00,0.00,0,0,0.00,0.00,0,0
1508084181,eth0,0.00,0.00,0.00,0,0,0.00,0.00,0.00,0,0,0.00,0.00,0,0
1508084181,eth1,0.00,0.00,0.00,0,0,0.00,0.00,0.00,0,0,0.00,0.00,0,0
1508084181,s1-eth2,5478.00,251770.00,257248.00,251770,5478,83.00,85.00,168.00,85,83,0.00,0.00,0,0
1508084181,s1-eth1,245978.00,5544.00,251522.00,5544,245978,85.00,84.00,169.00,84,85,0.00,0.00,0,0
1508084181,lo,0.00,0.00,0.00,0,0,0.00,0.00,0.00,0,0,0.00,0.00,0,0
1508084181,s4,0.00,0.00,0.00,0,0,0.00,0.00,0.00,0,0,0.00,0.00,0,0
1508084181,total,251456.00,257314.00,508770.00,257314,251456,168.00,169.00,337.00,169,168,0.00,0.00,0,0
1508084182,s5,0.00,0.00,0.00,0,0,0.00,0.00,0.00,0,0,0.00,0.00,0,0
1508084182,s1,0.00,0.00,0.00,0,0,0.00,0.00,0.00,0,0,0.00,0.00,0,0
1508084182,eth0,0.00,0.00,0.00,0,0,0.00,0.00,0.00,0,0,0.00,0.00,0,0
1508084182,eth1,0.00,0.00,0.00,0,0,0.00,0.00,0.00,0,0,0.00,0.00,0,0
1508084182,s1-eth2,6660.00,249534.00,256194.00,249534,6660,94.00,95.00,189.00,95,94,0.00,0.00,0,0
1508084182,s1-eth1,246572.00,6252.00,252824.00,6252,246572,94.00,92.00,186.00,92,94,0.00,0.00,0,0
1508084182,lo,0.00,0.00,0.00,0,0,0.00,0.00,0.00,0,0,0.00,0.00,0,0
1508084182,s4,0.00,0.00,0.00,0,0,0.00,0.00,0.00,0,0,0.00,0.00,0,0
1508084182,total,253232.00,255786.00,509018.00,255786,253232,188.00,187.00,375.00,187,188,0.00,0.00,0,0
1508084183,s5,0.00,0.00,0.00,0,0,0.00,0.00,0.00,0,0,0.00,0.00,0,0
1508084183,s1,0.00,0.00,0.00,0,0,0.00,0.00,0.00,0,0,0.00,0.00,0,0
1508084183,eth0,0.00,0.00,0.00,0,0,0.00,0.00,0.00,0,0,0.00,0.00,0,0
1508084183,eth1,0.00,0.00,0.00,0,0,0.00,0.00,0.00,0,0,0.00,0.00,0,0
1508084183,s1-eth2,5747.25,237382.62,243129.88,237620,5753,83.92,89.91,173.83,90,84,0.00,0.00,0,0
1508084183,s1-eth1,231641.36,5640.36,237281.72,5646,231873,89.91,82.92,172.83,83,90,0.00,0.00,0,0
1508084183,lo,0.00,0.00,0.00,0,0,0.00,0.00,0.00,0,0,0.00,0.00,0,0
1508084183,s4,0.00,0.00,0.00,0,0,0.00,0.00,0.00,0,0,0.00,0.00,0,0
1508084183,total,237388.62,243022.98,480411.59,243266,237626,173.83,172.83,346.65,173,174,0.00,0.00,0,0
1508084184,s5,0.00,0.00,0.00,0,0,0.00,0.00,0.00,0,0,0.00,0.00,0,0
1508084184,s1,70.00,140.00,210.00,140,70,1.00,2.00,3.00,2,1,0.00,0.00,0,0
1508084184,eth0,0.00,0.00,0.00,0,0,0.00,0.00,0.00,0,0,0.00,0.00,0,0
1508084184,eth1,0.00,0.00,0.00,0,0,0.00,0.00,0.00,0,0,0.00,0.00,0,0
1508084184,s1-eth2,5226.00,213862.00,219088.00,213862,5226,77.00,81.00,158.00,81,77,0.00,0.00,0,0
1508084184,s1-eth1,200500.00,5086.00,205586.00,5086,200500,76.00,75.00,151.00,75,76,0.00,0.00,0,0
1508084184,lo,804.00,804.00,1608.00,804,804,9.00,9.00,18.00,9,9,0.00,0.00,0,0
1508084184,s4,0.00,0.00,0.00,0,0,0.00,0.00,0.00,0,0,0.00,0.00,0,0
1508084184,total,206600.00,219892.00,426492.00,219892,206600,163.00,167.00,330.00,167,163,0.00,0.00,0,0
1508084185,s5,0.00,0.00,0.00,0,0,0.00,0.00,0.00,0,0,0.00,0.00,0,0
1508084185,s1,0.00,0.00,0.00,0,0,0.00,0.00,0.00,0,0,0.00,0.00,0,0
1508084185,eth0,0.00,0.00,0.00,0,0,0.00,0.00,0.00,0,0,0.00,0.00,0,0
1508084185,eth1,0.00,0.00,0.00,0,0,0.00,0.00,0.00,0,0,0.00,0.00,0,0
1508084185,s1-eth2,5826.00,258024.00,263850.00,258024,5826,87.00,92.00,179.00,92,87,0.00,0.00,0,0
1508084185,s1-eth1,245070.00,5826.00,250896.00,5826,245070,89.00,87.00,176.00,87,89,0.00,0.00,0,0
1508084185,lo,344.00,344.00,688.00,344,344,6.00,6.00,12.00,6,6,0.00,0.00,0,0
1508084185,s4,0.00,0.00,0.00,0,0,0.00,0.00,0.00,0,0,0.00,0.00,0,0
1508084185,total,251240.00,264194.00,515434.00,264194,251240,182.00,185.00,367.00,185,182,0.00,0.00,0,0
1508084186,s5,0.00,0.00,0.00,0,0,0.00,0.00,0.00,0,0,0.00,0.00,0,0
1508084186,s1,0.00,0.00,0.00,0,0,0.00,0.00,0.00,0,0,0.00,0.00,0,0
1508084186,eth0,0.00,0.00,0.00,0,0,0.00,0.00,0.00,0,0,0.00,0.00,0,0
1508084186,eth1,0.00,0.00,0.00,0,0,0.00,0.00,0.00,0,0,0.00,0.00,0,0
1508084186,s1-eth2,5928.00,246374.00,252302.00,246374,5928,88.00,91.00,179.00,91,88,0.00,0.00,0,0
1508084186,s1-eth1,246374.00,5928.00,252302.00,5928,246374,91.00,88.00,179.00,88,91,0.00,0.00,0,0
1508084186,lo,0.00,0.00,0.00,0,0,0.00,0.00,0.00,0,0,0.00,0.00,0,0
1508084186,s4,0.00,0.00,0.00,0,0,0.00,0.00,0.00,0,0,0.00,0.00,0,0
1508084186,total,252302.00,252302.00,504604.00,252302,252302,179.00,179.00,358.00,179,179,0.00,0.00,0,0
1508084187,s5,0.00,0.00,0.00,0,0,0.00,0.00,0.00,0,0,0.00,0.00,0,0
1508084187,s1,0.00,0.00,0.00,0,0,0.00,0.00,0.00,0,0,0.00,0.00,0,0
1508084187,eth0,0.00,0.00,0.00,0,0,0.00,0.00,0.00,0,0,0.00,0.00,0,0
1508084187,eth1,0.00,0.00,0.00,0,0,0.00,0.00,0.00,0,0,0.00,0.00,0,0
1508084187,s1-eth2,5676.00,256708.00,262384.00,256708,5676,84.00,94.00,178.00,94,84,0.00,0.00,0,0
1508084187,s1-eth1,243346.00,5676.00,249022.00,5676,243346,89.00,84.00,173.00,84,89,0.00,0.00,0,0
1508084187,lo,0.00,0.00,0.00,0,0,0.00,0.00,0.00,0,0,0.00,0.00,0,0
1508084187,s4,0.00,0.00,0.00,0,0,0.00,0.00,0.00,0,0,0.00,0.00,0,0
1508084187,total,249022.00,262384.00,511406.00,262384,249022,173.00,178.00,351.00,178,173,0.00,0.00,0,0
1508084188,s5,0.00,0.00,0.00,0,0,0.00,0.00,0.00,0,0,0.00,0.00,0,0
1508084188,s1,0.00,0.00,0.00,0,0,0.00,0.00,0.00,0,0,0.00,0.00,0,0
1508084188,eth0,0.00,0.00,0.00,0,0,0.00,0.00,0.00,0,0,0.00,0.00,0,0
1508084188,eth1,0.00,0.00,0.00,0,0,0.00,0.00,0.00,0,0,0.00,0.00,0,0
1508084188,s1-eth2,6450.00,249468.00,255918.00,249468,6450,91.00,94.00,185.00,94,91,0.00,0.00,0,0
1508084188,s1-eth1,246506.00,6174.00,252680.00,6174,246506,93.00,91.00,184.00,91,93,0.00,0.00,0,0
1508084188,lo,172.00,172.00,344.00,172,172,3.00,3.00,6.00,3,3,0.00,0.00,0,0
1508084188,s4,0.00,0.00,0.00,0,0,0.00,0.00,0.00,0,0,0.00,0.00,0,0
1508084188,total,253128.00,255814.00,508942.00,255814,253128,187.00,188.00,375.00,188,187,0.00,0.00,0,0
1508084189,s5,0.00,0.00,0.00,0,0,0.00,0.00,0.00,0,0,0.00,0.00,0,0
1508084189,s1,0.00,0.00,0.00,0,0,0.00,0.00,0.00,0,0,0.00,0.00,0,0
1508084189,eth0,0.00,0.00,0.00,0,0,0.00,0.00,0.00,0,0,0.00,0.00,0,0
1508084189,eth1,0.00,0.00,0.00,0,0,0.00,0.00,0.00,0,0,0.00,0.00,0,0
1508084189,s1-eth2,5890.00,255260.00,261150.00,255260,5890,87.00,94.00,181.00,94,87,0.00,0.00,0,0
1508084189,s1-eth1,246374.00,5824.00,252198.00,5824,246374,91.00,86.00,177.00,86,91,0.00,0.00,0,0
1508084189,lo,0.00,0.00,0.00,0,0,0.00,0.00,0.00,0,0,0.00,0.00,0,0
1508084189,s4,0.00,0.00,0.00,0,0,0.00,0.00,0.00,0,0,0.00,0.00,0,0
1508084189,total,252264.00,261084.00,513348.00,261084,252264,178.00,180.00,358.00,180,178,0.00,0.00,0,0
1508084190,s5,0.00,0.00,0.00,0,0,0.00,0.00,0.00,0,0,0.00,0.00,0,0
1508084190,s1,0.00,0.00,0.00,0,0,0.00,0.00,0.00,0,0,0.00,0.00,0,0
1508084190,eth0,0.00,0.00,0.00,0,0,0.00,0.00,0.00,0,0,0.00,0.00,0,0
1508084190,eth1,0.00,0.00,0.00,0,0,0.00,0.00,0.00,0,0,0.00,0.00,0,0
1508084190,s1-eth2,5514.00,251902.00,257416.00,251902,5514,83.00,87.00,170.00,87,83,0.00,0.00,0,0
1508084190,s1-eth1,243016.00,5514.00,248530.00,5514,243016,84.00,83.00,167.00,83,84,0.00,0.00,0,0
1508084190,lo,344.00,344.00,688.00,344,344,6.00,6.00,12.00,6,6,0.00,0.00,0,0
1508084190,s4,0.00,0.00,0.00,0,0,0.00,0.00,0.00,0,0,0.00,0.00,0,0
1508084190,total,248874.00,257760.00,506634.00,257760,248874,173.00,176.00,349.00,176,173,0.00,0.00,0,0
1508084191,s5,0.00,0.00,0.00,0,0,0.00,0.00,0.00,0,0,0.00,0.00,0,0
1508084191,s1,0.00,0.00,0.00,0,0,0.00,0.00,0.00,0,0,0.00,0.00,0,0
1508084191,eth0,0.00,0.00,0.00,0,0,0.00,0.00,0.00,0,0,0.00,0.00,0,0
1508084191,eth1,0.00,0.00,0.00,0,0,0.00,0.00,0.00,0,0,0.00,0.00,0,0
1508084191,s1-eth2,6340.66,246259.75,252600.41,246506,6347,92.91,92.91,185.81,93,93,0.00,0.00,0,0
1508084191,s1-eth1,246366.64,6233.77,252600.41,6240,246613,93.91,91.91,185.81,92,94,0.00,0.00,0,0
1508084191,lo,0.00,0.00,0.00,0,0,0.00,0.00,0.00,0,0,0.00,0.00,0,0
1508084191,s4,0.00,0.00,0.00,0,0,0.00,0.00,0.00,0,0,0.00,0.00,0,0
1508084191,total,252707.30,252493.52,505200.81,252746,252960,186.81,184.82,371.63,185,187,0.00,0.00,0,0
1508084192,s5,0.00,0.00,0.00,0,0,0.00,0.00,0.00,0,0,0.00,0.00,0,0
1508084192,s1,0.00,0.00,0.00,0,0,0.00,0.00,0.00,0,0,0.00,0.00,0,0
1508084192,eth0,0.00,0.00,0.00,0,0,0.00,0.00,0.00,0,0,0.00,0.00,0,0
1508084192,eth1,0.00,0.00,0.00,0,0,0.00,0.00,0.00,0,0,0.00,0.00,0,0
1508084192,s1-eth2,5658.34,257964.05,263622.38,258222,5664,83.92,94.91,178.82,95,84,0.00,0.00,0,0
1508084192,s1-eth1,246127.88,5658.34,251786.22,5664,246374,90.91,83.92,174.83,84,91,0.00,0.00,0,0
1508084192,lo,0.00,0.00,0.00,0,0,0.00,0.00,0.00,0,0,0.00,0.00,0,0
1508084192,s4,0.00,0.00,0.00,0,0,0.00,0.00,0.00,0,0,0.00,0.00,0,0
1508084192,total,251786.22,263622.38,515408.59,263886,252038,174.83,178.82,353.65,179,175,0.00,0.00,0,0
1508084193,s5,0.00,0.00,0.00,0,0,0.00,0.00,0.00,0,0,0.00,0.00,0,0
1508084193,s1,0.00,0.00,0.00,0,0,0.00,0.00,0.00,0,0,0.00,0.00,0,0
1508084193,eth0,0.00,0.00,0.00,0,0,0.00,0.00,0.00,0,0,0.00,0.00,0,0
1508084193,eth1,0.00,0.00,0.00,0,0,0.00,0.00,0.00,0,0,0.00,0.00,0,0
1508084193,s1-eth2,5550.00,252100.00,257650.00,252100,5550,83.00,90.00,173.00,90,83,0.00,0.00,0,0
1508084193,s1-eth1,243214.00,5550.00,248764.00,5550,243214,87.00,83.00,170.00,83,87,0.00,0.00,0,0
1508084193,lo,172.00,172.00,344.00,172,172,3.00,3.00,6.00,3,3,0.00,0.00,0,0
1508084193,s4,0.00,0.00,0.00,0,0,0.00,0.00,0.00,0,0,0.00,0.00,0,0
1508084193,total,248936.00,257822.00,506758.00,257822,248936,173.00,176.00,349.00,176,173,0.00,0.00,0,0
1508084194,s5,0.00,0.00,0.00,0,0,0.00,0.00,0.00,0,0,0.00,0.00,0,0
1508084194,s1,0.00,0.00,0.00,0,0,0.00,0.00,0.00,0,0,0.00,0.00,0,0
1508084194,eth0,0.00,0.00,0.00,0,0,0.00,0.00,0.00,0,0,0.00,0.00,0,0
1508084194,eth1,0.00,0.00,0.00,0,0,0.00,0.00,0.00,0,0,0.00,0.00,0,0
1508084194,s1-eth2,5778.00,255194.00,260972.00,255194,5778,85.00,93.00,178.00,93,85,0.00,0.00,0,0
1508084194,s1-eth1,246308.00,5778.00,252086.00,5778,246308,90.00,85.00,175.00,85,90,0.00,0.00,0,0
1508084194,lo,0.00,0.00,0.00,0,0,0.00,0.00,0.00,0,0,0.00,0.00,0,0
1508084194,s4,0.00,0.00,0.00,0,0,0.00,0.00,0.00,0,0,0.00,0.00,0,0
1508084194,total,252086.00,260972.00,513058.00,260972,252086,175.00,178.00,353.00,178,175,0.00,0.00,0,0
1508084195,s5,0.00,0.00,0.00,0,0,0.00,0.00,0.00,0,0,0.00,0.00,0,0
1508084195,s1,0.00,0.00,0.00,0,0,0.00,0.00,0.00,0,0,0.00,0.00,0,0
1508084195,eth0,0.00,0.00,0.00,0,0,0.00,0.00,0.00,0,0,0.00,0.00,0,0
1508084195,eth1,0.00,0.00,0.00,0,0,0.00,0.00,0.00,0,0,0.00,0.00,0,0
1508084195,s1-eth2,5586.41,251650.36,257236.77,251902,5592,83.92,86.91,170.83,87,84,0.00,0.00,0,0
1508084195,s1-eth1,243114.89,5586.41,248701.31,5592,243358,84.92,83.92,168.83,84,85,0.00,0.00,0,0
1508084195,lo,343.66,343.66,687.31,344,344,5.99,5.99,11.99,6,6,0.00,0.00,0,0
1508084195,s4,0.00,0.00,0.00,0,0,0.00,0.00,0.00,0,0,0.00,0.00,0,0
1508084195,total,249044.97,257580.42,506625.38,257838,249294,174.83,176.82,351.65,177,175,0.00,0.00,0,0
1508084196,s5,0.00,0.00,0.00,0,0,0.00,0.00,0.00,0,0,0.00,0.00,0,0
1508084196,s1,0.00,0.00,0.00,0,0,0.00,0.00,0.00,0,0,0.00,0.00,0,0
1508084196,eth0,0.00,0.00,0.00,0,0,0.00,0.00,0.00,0,0,0.00,0.00,0,0
1508084196,eth1,0.00,0.00,0.00,0,0,0.00,0.00,0.00,0,0,0.00,0.00,0,0
1508084196,s1-eth2,5844.16,248955.05,254799.20,249204,5850,86.91,89.91,176.82,90,87,0.00,0.00,0,0
1508084196,s1-eth1,245996.02,5910.09,251906.09,5916,246242,88.91,87.91,176.82,88,89,0.00,0.00,0,0
1508084196,lo,0.00,0.00,0.00,0,0,0.00,0.00,0.00,0,0,0.00,0.00,0,0
1508084196,s4,0.00,0.00,0.00,0,0,0.00,0.00,0.00,0,0,0.00,0.00,0,0
1508084196,total,251840.17,254865.14,506705.31,255120,252092,175.82,177.82,353.65,178,176,0.00,0.00,0,0
1508084197,s5,0.00,0.00,0.00,0,0,0.00,0.00,0.00,0,0,0.00,0.00,0,0
1508084197,s1,0.00,0.00,0.00,0,0,0.00,0.00,0.00,0,0,0.00,0.00,0,0
1508084197,eth0,0.00,0.00,0.00,0,0,0.00,0.00,0.00,0,0,0.00,0.00,0,0
1508084197,eth1,0.00,0.00,0.00,0,0,0.00,0.00,0.00,0,0,0.00,0.00,0,0
1508084197,s1-eth2,5866.00,255128.00,260994.00,255128,5866,87.00,92.00,179.00,92,87,0.00,0.00,0,0
1508084197,s1-eth1,246242.00,5800.00,252042.00,5800,246242,89.00,86.00,175.00,86,89,0.00,0.00,0,0
1508084197,lo,0.00,0.00,0.00,0,0,0.00,0.00,0.00,0,0,0.00,0.00,0,0
1508084197,s4,0.00,0.00,0.00,0,0,0.00,0.00,0.00,0,0,0.00,0.00,0,0
1508084197,total,252108.00,260928.00,513036.00,260928,252108,176.00,178.00,354.00,178,176,0.00,0.00,0,0
1508084198,s5,0.00,0.00,0.00,0,0,0.00,0.00,0.00,0,0,0.00,0.00,0,0
1508084198,s1,0.00,0.00,0.00,0,0,0.00,0.00,0.00,0,0,0.00,0.00,0,0
1508084198,eth0,0.00,0.00,0.00,0,0,0.00,0.00,0.00,0,0,0.00,0.00,0,0
1508084198,eth1,0.00,0.00,0.00,0,0,0.00,0.00,0.00,0,0,0.00,0.00,0,0
1508084198,s1-eth2,5346.00,251770.00,257116.00,251770,5346,81.00,85.00,166.00,85,81,0.00,0.00,0,0
1508084198,s1-eth1,242884.00,5346.00,248230.00,5346,242884,82.00,81.00,163.00,81,82,0.00,0.00,0,0
1508084198,lo,172.00,172.00,344.00,172,172,3.00,3.00,6.00,3,3,0.00,0.00,0,0
1508084198,s4,0.00,0.00,0.00,0,0,0.00,0.00,0.00,0,0,0.00,0.00,0,0
1508084198,total,248402.00,257288.00,505690.00,257288,248402,166.00,169.00,335.00,169,166,0.00,0.00,0,0
1508084199,s5,0.00,0.00,0.00,0,0,0.00,0.00,0.00,0,0,0.00,0.00,0,0
1508084199,s1,0.00,0.00,0.00,0,0,0.00,0.00,0.00,0,0,0.00,0.00,0,0
1508084199,eth0,0.00,0.00,0.00,0,0,0.00,0.00,0.00,0,0,0.00,0.00,0,0
1508084199,eth1,0.00,0.00,0.00,0,0,0.00,0.00,0.00,0,0,0.00,0.00,0,0
1508084199,s1-eth2,6486.00,242270.00,248756.00,242270,6486,95.00,95.00,190.00,95,95,0.00,0.00,0,0
1508084199,s1-eth1,246680.00,6486.00,253166.00,6486,246680,96.00,95.00,191.00,95,96,0.00,0.00,0,0
1508084199,lo,296.00,296.00,592.00,296,296,3.00,3.00,6.00,3,3,0.00,0.00,0,0
1508084199,s4,0.00,0.00,0.00,0,0,0.00,0.00,0.00,0,0,0.00,0.00,0,0
1508084199,total,253462.00,249052.00,502514.00,249052,253462,194.00,193.00,387.00,193,194,0.00,0.00,0,0
1508084200,s5,0.00,0.00,0.00,0,0,0.00,0.00,0.00,0,0,0.00,0.00,0,0
1508084200,s1,0.00,0.00,0.00,0,0,0.00,0.00,0.00,0,0,0.00,0.00,0,0
1508084200,eth0,0.00,0.00,0.00,0,0,0.00,0.00,0.00,0,0,0.00,0.00,0,0
1508084200,eth1,0.00,0.00,0.00,0,0,0.00,0.00,0.00,0,0,0.00,0.00,0,0
1508084200,s1-eth2,5892.00,255062.00,260954.00,255062,5892,84.00,91.00,175.00,91,84,0.00,0.00,0,0
1508084200,s1-eth1,243214.00,5550.00,248764.00,5550,243214,87.00,83.00,170.00,83,87,0.00,0.00,0,0
1508084200,lo,344.00,344.00,688.00,344,344,6.00,6.00,12.00,6,6,0.00,0.00,0,0
1508084200,s4,0.00,0.00,0.00,0,0,0.00,0.00,0.00,0,0,0.00,0.00,0,0
1508084200,total,249450.00,260956.00,510406.00,260956,249450,177.00,180.00,357.00,180,177,0.00,0.00,0,0
1508084201,s5,0.00,0.00,0.00,0,0,0.00,0.00,0.00,0,0,0.00,0.00,0,0
1508084201,s1,0.00,0.00,0.00,0,0,0.00,0.00,0.00,0,0,0.00,0.00,0,0
1508084201,eth0,0.00,0.00,0.00,0,0,0.00,0.00,0.00,0,0,0.00,0.00,0,0
1508084201,eth1,0.00,0.00,0.00,0,0,0.00,0.00,0.00,0,0,0.00,0.00,0,0
1508084201,s1-eth2,6332.00,248218.00,254550.00,248218,6332,92.00,97.00,189.00,97,92,0.00,0.00,0,0
1508084201,s1-eth1,246572.00,6410.00,252982.00,6410,246572,94.00,93.00,187.00,93,94,0.00,0.00,0,0
1508084201,lo,0.00,0.00,0.00,0,0,0.00,0.00,0.00,0,0,0.00,0.00,0,0
1508084201,s4,0.00,0.00,0.00,0,0,0.00,0.00,0.00,0,0,0.00,0.00,0,0
1508084201,total,252904.00,254628.00,507532.00,254628,252904,186.00,190.00,376.00,190,186,0.00,0.00,0,0
1508084202,s5,0.00,0.00,0.00,0,0,0.00,0.00,0.00,0,0,0.00,0.00,0,0
1508084202,s1,0.00,0.00,0.00,0,0,0.00,0.00,0.00,0,0,0.00,0.00,0,0
1508084202,eth0,0.00,0.00,0.00,0,0,0.00,0.00,0.00,0,0,0.00,0.00,0,0
1508084202,eth1,0.00,0.00,0.00,0,0,0.00,0.00,0.00,0,0,0.00,0.00,0,0
1508084202,s1-eth2,5436.00,253350.00,258786.00,253350,5436,82.00,87.00,169.00,87,82,0.00,0.00,0,0
1508084202,s1-eth1,246044.00,5358.00,251402.00,5358,246044,86.00,81.00,167.00,81,86,0.00,0.00,0,0
1508084202,lo,0.00,0.00,0.00,0,0,0.00,0.00,0.00,0,0,0.00,0.00,0,0
1508084202,s4,0.00,0.00,0.00,0,0,0.00,0.00,0.00,0,0,0.00,0.00,0,0
1508084202,total,251480.00,258708.00,510188.00,258708,251480,168.00,168.00,336.00,168,168,0.00,0.00,0,0
1508084203,s5,0.00,0.00,0.00,0,0,0.00,0.00,0.00,0,0,0.00,0.00,0,0
1508084203,s1,0.00,0.00,0.00,0,0,0.00,0.00,0.00,0,0,0.00,0.00,0,0
1508084203,eth0,0.00,0.00,0.00,0,0,0.00,0.00,0.00,0,0,0.00,0.00,0,0
1508084203,eth1,0.00,0.00,0.00,0,0,0.00,0.00,0.00,0,0,0.00,0.00,0,0
1508084203,s1-eth2,6353.65,247970.03,254323.69,248218,6360,91.91,96.90,188.81,97,92,0.00,0.00,0,0
1508084203,s1-eth1,243676.00,6360.00,250036.00,6360,243676,94.00,92.00,186.00,92,94,0.00,0.00,0,0
1508084203,lo,0.00,0.00,0.00,0,0,0.00,0.00,0.00,0,0,0.00,0.00,0,0
1508084203,s4,0.00,0.00,0.00,0,0,0.00,0.00,0.00,0,0,0.00,0.00,0,0
1508084203,total,250036.00,254578.00,504614.00,254578,250036,186.00,189.00,375.00,189,186,0.00,0.00,0,0
1508084204,s5,0.00,0.00,0.00,0,0,0.00,0.00,0.00,0,0,0.00,0.00,0,0
1508084204,s1,0.00,0.00,0.00,0,0,0.00,0.00,0.00,0,0,0.00,0.00,0,0
1508084204,eth0,0.00,0.00,0.00,0,0,0.00,0.00,0.00,0,0,0.00,0.00,0,0
1508084204,eth1,0.00,0.00,0.00,0,0,0.00,0.00,0.00,0,0,0.00,0.00,0,0
1508084204,s1-eth2,6043.96,250599.41,256643.36,250850,6050,88.91,92.91,181.82,93,89,0.00,0.00,0,0
1508084204,s1-eth1,246127.88,6043.96,252171.83,6050,246374,90.91,88.91,179.82,89,91,0.00,0.00,0,0
1508084204,lo,171.83,171.83,343.66,172,172,3.00,3.00,5.99,3,3,0.00,0.00,0,0
1508084204,s4,0.00,0.00,0.00,0,0,0.00,0.00,0.00,0,0,0.00,0.00,0,0
1508084204,total,252343.66,256815.19,509158.84,257072,252596,182.82,184.82,367.63,185,183,0.00,0.00,0,0
1508084205,s5,0.00,0.00,0.00,0,0,0.00,0.00,0.00,0,0,0.00,0.00,0,0
1508084205,s1,0.00,0.00,0.00,0,0,0.00,0.00,0.00,0,0,0.00,0.00,0,0
1508084205,eth0,0.00,0.00,0.00,0,0,0.00,0.00,0.00,0,0,0.00,0.00,0,0
1508084205,eth1,0.00,0.00,0.00,0,0,0.00,0.00,0.00,0,0,0.00,0.00,0,0
1508084205,s1-eth2,3194.00,138096.00,141290.00,138096,3194,47.00,52.00,99.00,52,47,0.00,0.00,0,0
1508084205,s1-eth1,130658.00,3194.00,133852.00,3194,130658,49.00,47.00,96.00,47,49,0.00,0.00,0,0
1508084205,lo,344.00,344.00,688.00,344,344,6.00,6.00,12.00,6,6,0.00,0.00,0,0
1508084205,s4,0.00,0.00,0.00,0,0,0.00,0.00,0.00,0,0,0.00,0.00,0,0
1508084205,total,134196.00,141634.00,275830.00,141634,134196,102.00,105.00,207.00,105,102,0.00,0.00,0,0
1508084206,s5,0.00,0.00,0.00,0,0,0.00,0.00,0.00,0,0,0.00,0.00,0,0
1508084206,s1,0.00,0.00,0.00,0,0,0.00,0.00,0.00,0,0,0.00,0.00,0,0
1508084206,eth0,0.00,0.00,0.00,0,0,0.00,0.00,0.00,0,0,0.00,0.00,0,0
1508084206,eth1,0.00,0.00,0.00,0,0,0.00,0.00,0.00,0,0,0.00,0.00,0,0
1508084206,s1-eth2,6080.00,206292.00,212372.00,206292,6080,88.00,98.00,186.00,98,88,0.00,0.00,0,0
1508084206,s1-eth1,192864.00,6080.00,198944.00,6080,192864,92.00,88.00,180.00,88,92,0.00,0.00,0,0
1508084206,lo,0.00,0.00,0.00,0,0,0.00,0.00,0.00,0,0,0.00,0.00,0,0
1508084206,s4,0.00,0.00,0.00,0,0,0.00,0.00,0.00,0,0,0.00,0.00,0,0
1508084206,total,198944.00,212372.00,411316.00,212372,198944,180.00,186.00,366.00,186,180,0.00,0.00,0,0
1508084207,s5,0.00,0.00,0.00,0,0,0.00,0.00,0.00,0,0,0.00,0.00,0,0
1508084207,s1,0.00,0.00,0.00,0,0,0.00,0.00,0.00,0,0,0.00,0.00,0,0
1508084207,eth0,0.00,0.00,0.00,0,0,0.00,0.00,0.00,0,0,0.00,0.00,0,0
1508084207,eth1,0.00,0.00,0.00,0,0,0.00,0.00,0.00,0,0,0.00,0.00,0,0
1508084207,s1-eth2,6155.00,254142.00,260297.00,254142,6155,91.00,99.00,190.00,99,91,0.00,0.00,0,0
1508084207,s1-eth1,243849.00,6048.00,249897.00,6048,243849,96.00,90.00,186.00,90,96,0.00,0.00,0,0
1508084207,lo,0.00,0.00,0.00,0,0,0.00,0.00,0.00,0,0,0.00,0.00,0,0
1508084207,s4,0.00,0.00,0.00,0,0,0.00,0.00,0.00,0,0,0.00,0.00,0,0
1508084207,total,250004.00,260190.00,510194.00,260190,250004,187.00,189.00,376.00,189,187,0.00,0.00,0,0
1508084208,s5,0.00,0.00,0.00,0,0,0.00,0.00,0.00,0,0,0.00,0.00,0,0
1508084208,s1,0.00,0.00,0.00,0,0,0.00,0.00,0.00,0,0,0.00,0.00,0,0
1508084208,eth0,0.00,0.00,0.00,0,0,0.00,0.00,0.00,0,0,0.00,0.00,0,0
1508084208,eth1,0.00,0.00,0.00,0,0,0.00,0.00,0.00,0,0,0.00,0.00,0,0
1508084208,s1-eth2,6377.62,249680.33,256057.95,249930,6384,93.91,100.90,194.81,101,94,0.00,0.00,0,0
1508084208,s1-eth1,237844.16,6377.62,244221.78,6384,238082,96.90,93.91,190.81,94,97,0.00,0.00,0,0
1508084208,lo,0.00,0.00,0.00,0,0,0.00,0.00,0.00,0,0,0.00,0.00,0,0
1508084208,s4,0.00,0.00,0.00,0,0,0.00,0.00,0.00,0,0,0.00,0.00,0,0
1508084208,total,244221.78,256057.95,500279.72,256314,244466,190.81,194.81,385.61,195,191,0.00,0.00,0,0
1508084209,s5,0.00,0.00,0.00,0,0,0.00,0.00,0.00,0,0,0.00,0.00,0,0
1508084209,s1,0.00,0.00,0.00,0,0,0.00,0.00,0.00,0,0,0.00,0.00,0,0
1508084209,eth0,0.00,0.00,0.00,0,0,0.00,0.00,0.00,0,0,0.00,0.00,0,0
1508084209,eth1,0.00,0.00,0.00,0,0,0.00,0.00,0.00,0,0,0.00,0.00,0,0
1508084209,s1-eth2,4164.00,204642.00,208806.00,204642,4164,62.00,73.00,135.00,73,62,0.00,0.00,0,0
1508084209,s1-eth1,192794.00,4164.00,196958.00,4164,192794,69.00,62.00,131.00,62,69,0.00,0.00,0,0
1508084209,lo,172.00,172.00,344.00,172,172,3.00,3.00,6.00,3,3,0.00,0.00,0,0
1508084209,s4,0.00,0.00,0.00,0,0,0.00,0.00,0.00,0,0,0.00,0.00,0,0
1508084209,total,197130.00,208978.00,406108.00,208978,197130,134.00,138.00,272.00,138,134,0.00,0.00,0,0
1508084210,s5,0.00,0.00,0.00,0,0,0.00,0.00,0.00,0,0,0.00,0.00,0,0
1508084210,s1,0.00,0.00,0.00,0,0,0.00,0.00,0.00,0,0,0.00,0.00,0,0
1508084210,eth0,0.00,0.00,0.00,0,0,0.00,0.00,0.00,0,0,0.00,0.00,0,0
1508084210,eth1,0.00,0.00,0.00,0,0,0.00,0.00,0.00,0,0,0.00,0.00,0,0
1508084210,s1-eth2,6906.00,260264.00,267170.00,260264,6906,97.00,104.00,201.00,104,97,0.00,0.00,0,0
1508084210,s1-eth1,247244.00,6564.00,253808.00,6564,247244,100.00,96.00,196.00,96,100,0.00,0.00,0,0
1508084210,lo,344.00,344.00,688.00,344,344,6.00,6.00,12.00,6,6,0.00,0.00,0,0
1508084210,s4,0.00,0.00,0.00,0,0,0.00,0.00,0.00,0,0,0.00,0.00,0,0
1508084210,total,254494.00,267172.00,521666.00,267172,254494,203.00,206.00,409.00,206,203,0.00,0.00,0,0
1508084211,s5,0.00,0.00,0.00,0,0,0.00,0.00,0.00,0,0,0.00,0.00,0,0
1508084211,s1,0.00,0.00,0.00,0,0,0.00,0.00,0.00,0,0,0.00,0.00,0,0
1508084211,eth0,0.00,0.00,0.00,0,0,0.00,0.00,0.00,0,0,0.00,0.00,0,0
1508084211,eth1,0.00,0.00,0.00,0,0,0.00,0.00,0.00,0,0,0.00,0.00,0,0
1508084211,s1-eth2,5616.00,254996.00,260612.00,254996,5616,84.00,90.00,174.00,90,84,0.00,0.00,0,0
1508084211,s1-eth1,243148.00,5616.00,248764.00,5616,243148,86.00,84.00,170.00,84,86,0.00,0.00,0,0
1508084211,lo,0.00,0.00,0.00,0,0,0.00,0.00,0.00,0,0,0.00,0.00,0,0
1508084211,s4,0.00,0.00,0.00,0,0,0.00,0.00,0.00,0,0,0.00,0.00,0,0
1508084211,total,248764.00,260612.00,509376.00,260612,248764,170.00,174.00,344.00,174,170,0.00,0.00,0,0
1508084212,s5,0.00,0.00,0.00,0,0,0.00,0.00,0.00,0,0,0.00,0.00,0,0
1508084212,s1,0.00,0.00,0.00,0,0,0.00,0.00,0.00,0,0,0.00,0.00,0,0
1508084212,eth0,0.00,0.00,0.00,0,0,0.00,0.00,0.00,0,0,0.00,0.00,0,0
1508084212,eth1,0.00,0.00,0.00,0,0,0.00,0.00,0.00,0,0,0.00,0.00,0,0
1508084212,s1-eth2,5952.00,249402.00,255354.00,249402,5952,88.00,93.00,181.00,93,88,0.00,0.00,0,0
1508084212,s1-eth1,246440.00,5952.00,252392.00,5952,246440,92.00,88.00,180.00,88,92,0.00,0.00,0,0
1508084212,lo,0.00,0.00,0.00,0,0,0.00,0.00,0.00,0,0,0.00,0.00,0,0
1508084212,s4,0.00,0.00,0.00,0,0,0.00,0.00,0.00,0,0,0.00,0.00,0,0
1508084212,total,252392.00,255354.00,507746.00,255354,252392,180.00,181.00,361.00,181,180,0.00,0.00,0,0
1508084213,s5,0.00,0.00,0.00,0,0,0.00,0.00,0.00,0,0,0.00,0.00,0,0
1508084213,s1,0.00,0.00,0.00,0,0,0.00,0.00,0.00,0,0,0.00,0.00,0,0
1508084213,eth0,0.00,0.00,0.00,0,0,0.00,0.00,0.00,0,0,0.00,0.00,0,0
1508084213,eth1,0.00,0.00,0.00,0,0,0.00,0.00,0.00,0,0,0.00,0.00,0,0
1508084213,s1-eth2,6323.68,258293.72,264617.38,258552,6330,92.91,99.90,192.81,100,93,0.00,0.00,0,0
1508084213,s1-eth1,246457.55,6323.68,252781.22,6330,246704,95.90,92.91,188.81,93,96,0.00,0.00,0,0
1508084213,lo,0.00,0.00,0.00,0,0,0.00,0.00,0.00,0,0,0.00,0.00,0,0
1508084213,s4,0.00,0.00,0.00,0,0,0.00,0.00,0.00,0,0,0.00,0.00,0,0
1508084213,total,252781.22,264617.38,517398.62,264882,253034,188.81,192.81,381.62,193,189,0.00,0.00,0,0
1508084214,s5,0.00,0.00,0.00,0,0,0.00,0.00,0.00,0,0,0.00,0.00,0,0
1508084214,s1,0.00,0.00,0.00,0,0,0.00,0.00,0.00,0,0,0.00,0.00,0,0
1508084214,eth0,0.00,0.00,0.00,0,0,0.00,0.00,0.00,0,0,0.00,0.00,0,0
1508084214,eth1,0.00,0.00,0.00,0,0,0.00,0.00,0.00,0,0,0.00,0.00,0,0
1508084214,s1-eth2,6332.00,252958.00,259290.00,252958,6332,92.00,103.00,195.00,103,92,0.00,0.00,0,0
1508084214,s1-eth1,241044.00,6332.00,247376.00,6332,241044,98.00,92.00,190.00,92,98,0.00,0.00,0,0
1508084214,lo,172.00,172.00,344.00,172,172,3.00,3.00,6.00,3,3,0.00,0.00,0,0
1508084214,s4,0.00,0.00,0.00,0,0,0.00,0.00,0.00,0,0,0.00,0.00,0,0
1508084214,total,247548.00,259462.00,507010.00,259462,247548,193.00,198.00,391.00,198,193,0.00,0.00,0,0
1508084215,s5,0.00,0.00,0.00,0,0,0.00,0.00,0.00,0,0,0.00,0.00,0,0
1508084215,s1,0.00,0.00,0.00,0,0,0.00,0.00,0.00,0,0,0.00,0.00,0,0
1508084215,eth0,0.00,0.00,0.00,0,0,0.00,0.00,0.00,0,0,0.00,0.00,0,0
1508084215,eth1,0.00,0.00,0.00,0,0,0.00,0.00,0.00,0,0,0.00,0.00,0,0
1508084215,s1-eth2,6318.00,265924.00,272242.00,265924,6318,93.00,102.00,195.00,102,93,0.00,0.00,0,0
1508084215,s1-eth1,243676.00,6318.00,249994.00,6318,243676,94.00,93.00,187.00,93,94,0.00,0.00,0,0
1508084215,lo,344.00,344.00,688.00,344,344,6.00,6.00,12.00,6,6,0.00,0.00,0,0
1508084215,s4,0.00,0.00,0.00,0,0,0.00,0.00,0.00,0,0,0.00,0.00,0,0
1508084215,total,250338.00,272586.00,522924.00,272586,250338,193.00,201.00,394.00,201,193,0.00,0.00,0,0
1508084216,s5,0.00,0.00,0.00,0,0,0.00,0.00,0.00,0,0,0.00,0.00,0,0
1508084216,s1,0.00,0.00,0.00,0,0,0.00,0.00,0.00,0,0,0.00,0.00,0,0
1508084216,eth0,0.00,0.00,0.00,0,0,0.00,0.00,0.00,0,0,0.00,0.00,0,0
1508084216,eth1,0.00,0.00,0.00,0,0,0.00,0.00,0.00,0,0,0.00,0.00,0,0
1508084216,s1-eth2,6156.00,257038.00,263194.00,257038,6156,90.00,99.00,189.00,99,90,0.00,0.00,0,0
1508084216,s1-eth1,246638.00,6222.00,252860.00,6222,246638,95.00,91.00,186.00,91,95,0.00,0.00,0,0
1508084216,lo,0.00,0.00,0.00,0,0,0.00,0.00,0.00,0,0,0.00,0.00,0,0
1508084216,s4,0.00,0.00,0.00,0,0,0.00,0.00,0.00,0,0,0.00,0.00,0,0
1508084216,total,252794.00,263260.00,516054.00,263260,252794,185.00,190.00,375.00,190,185,0.00,0.00,0,0
1508084217,s5,0.00,0.00,0.00,0,0,0.00,0.00,0.00,0,0,0.00,0.00,0,0
1508084217,s1,0.00,0.00,0.00,0,0,0.00,0.00,0.00,0,0,0.00,0.00,0,0
1508084217,eth0,0.00,0.00,0.00,0,0,0.00,0.00,0.00,0,0,0.00,0.00,0,0
1508084217,eth1,0.00,0.00,0.00,0,0,0.00,0.00,0.00,0,0,0.00,0.00,0,0
1508084217,s1-eth2,5172.00,248874.00,254046.00,248874,5172,78.00,85.00,163.00,85,78,0.00,0.00,0,0
1508084217,s1-eth1,245912.00,5106.00,251018.00,5106,245912,84.00,77.00,161.00,77,84,0.00,0.00,0,0
1508084217,lo,0.00,0.00,0.00,0,0,0.00,0.00,0.00,0,0,0.00,0.00,0,0
1508084217,s4,0.00,0.00,0.00,0,0,0.00,0.00,0.00,0,0,0.00,0.00,0,0
1508084217,total,251084.00,253980.00,505064.00,253980,251084,162.00,162.00,324.00,162,162,0.00,0.00,0,0
1508084218,s5,0.00,0.00,0.00,0,0,0.00,0.00,0.00,0,0,0.00,0.00,0,0
1508084218,s1,0.00,0.00,0.00,0,0,0.00,0.00,0.00,0,0,0.00,0.00,0,0
1508084218,eth0,0.00,0.00,0.00,0,0,0.00,0.00,0.00,0,0,0.00,0.00,0,0
1508084218,eth1,0.00,0.00,0.00,0,0,0.00,0.00,0.00,0,0,0.00,0.00,0,0
1508084218,s1-eth2,5892.00,258024.00,263916.00,258024,5892,88.00,92.00,180.00,92,88,0.00,0.00,0,0
1508084218,s1-eth1,243214.00,5892.00,249106.00,5892,243214,87.00,88.00,175.00,88,87,0.00,0.00,0,0
1508084218,lo,0.00,0.00,0.00,0,0,0.00,0.00,0.00,0,0,0.00,0.00,0,0
1508084218,s4,0.00,0.00,0.00,0,0,0.00,0.00,0.00,0,0,0.00,0.00,0,0
1508084218,total,249106.00,263916.00,513022.00,263916,249106,175.00,180.00,355.00,180,175,0.00,0.00,0,0
1508084219,s5,0.00,0.00,0.00,0,0,0.00,0.00,0.00,0,0,0.00,0.00,0,0
1508084219,s1,0.00,0.00,0.00,0,0,0.00,0.00,0.00,0,0,0.00,0.00,0,0
1508084219,eth0,0.00,0.00,0.00,0,0,0.00,0.00,0.00,0,0,0.00,0.00,0,0
1508084219,eth1,0.00,0.00,0.00,0,0,0.00,0.00,0.00,0,0,0.00,0.00,0,0
1508084219,s1-eth2,5438.00,252034.00,257472.00,252034,5438,81.00,89.00,170.00,89,81,0.00,0.00,0,0
1508084219,s1-eth1,244806.00,5438.00,250244.00,5438,244806,85.00,81.00,166.00,81,85,0.00,0.00,0,0
1508084219,lo,172.00,172.00,344.00,172,172,3.00,3.00,6.00,3,3,0.00,0.00,0,0
1508084219,s4,0.00,0.00,0.00,0,0,0.00,0.00,0.00,0,0,0.00,0.00,0,0
1508084219,total,250416.00,257644.00,508060.00,257644,250416,169.00,173.00,342.00,173,169,0.00,0.00,0,0
1508084220,s5,0.00,0.00,0.00,0,0,0.00,0.00,0.00,0,0,0.00,0.00,0,0
1508084220,s1,0.00,0.00,0.00,0,0,0.00,0.00,0.00,0,0,0.00,0.00,0,0
1508084220,eth0,0.00,0.00,0.00,0,0,0.00,0.00,0.00,0,0,0.00,0.00,0,0
1508084220,eth1,0.00,0.00,0.00,0,0,0.00,0.00,0.00,0,0,0.00,0.00,0,0
1508084220,s1-eth2,6638.00,254142.00,260780.00,254142,6638,97.00,99.00,196.00,99,97,0.00,0.00,0,0
1508084220,s1-eth1,245388.00,6638.00,252026.00,6638,245388,98.00,97.00,195.00,97,98,0.00,0.00,0,0
1508084220,lo,344.00,344.00,688.00,344,344,6.00,6.00,12.00,6,6,0.00,0.00,0,0
1508084220,s4,0.00,0.00,0.00,0,0,0.00,0.00,0.00,0,0,0.00,0.00,0,0
1508084220,total,252370.00,261124.00,513494.00,261124,252370,201.00,202.00,403.00,202,201,0.00,0.00,0,0
1508084221,s5,0.00,0.00,0.00,0,0,0.00,0.00,0.00,0,0,0.00,0.00,0,0
1508084221,s1,0.00,0.00,0.00,0,0,0.00,0.00,0.00,0,0,0.00,0.00,0,0
1508084221,eth0,0.00,0.00,0.00,0,0,0.00,0.00,0.00,0,0,0.00,0.00,0,0
1508084221,eth1,0.00,0.00,0.00,0,0,0.00,0.00,0.00,0,0,0.00,0.00,0,0
1508084221,s1-eth2,5922.08,249128.88,255050.95,249378,5928,87.91,92.91,180.82,93,88,0.00,0.00,0,0
1508084221,s1-eth1,246169.84,5922.08,252091.92,5928,246416,91.91,87.91,179.82,88,92,0.00,0.00,0,0
1508084221,lo,0.00,0.00,0.00,0,0,0.00,0.00,0.00,0,0,0.00,0.00,0,0
1508084221,s4,0.00,0.00,0.00,0,0,0.00,0.00,0.00,0,0,0.00,0.00,0,0
1508084221,total,252091.92,255050.95,507142.88,255306,252344,179.82,180.82,360.64,181,180,0.00,0.00,0,0
1508084222,s5,0.00,0.00,0.00,0,0,0.00,0.00,0.00,0,0,0.00,0.00,0,0
1508084222,s1,0.00,0.00,0.00,0,0,0.00,0.00,0.00,0,0,0.00,0.00,0,0
1508084222,eth0,0.00,0.00,0.00,0,0,0.00,0.00,0.00,0,0,0.00,0.00,0,0
1508084222,eth1,0.00,0.00,0.00,0,0,0.00,0.00,0.00,0,0,0.00,0.00,0,0
1508084222,s1-eth2,6206.00,254076.00,260282.00,254076,6206,91.00,98.00,189.00,98,91,0.00,0.00,0,0
1508084222,s1-eth1,243676.00,6206.00,249882.00,6206,243676,94.00,91.00,185.00,91,94,0.00,0.00,0,0
1508084222,lo,0.00,0.00,0.00,0,0,0.00,0.00,0.00,0,0,0.00,0.00,0,0
1508084222,s4,0.00,0.00,0.00,0,0,0.00,0.00,0.00,0,0,0.00,0.00,0,0
1508084222,total,249882.00,260282.00,510164.00,260282,249882,185.00,189.00,374.00,189,185,0.00,0.00,0,0
1508084223,s5,0.00,0.00,0.00,0,0,0.00,0.00,0.00,0,0,0.00,0.00,0,0
1508084223,s1,0.00,0.00,0.00,0,0,0.00,0.00,0.00,0,0,0.00,0.00,0,0
1508084223,eth0,303.70,489.51,793.21,490,304,4.00,4.00,7.99,4,4,0.00,0.00,0,0
1508084223,eth1,0.00,0.00,0.00,0,0,0.00,0.00,0.00,0,0,0.00,0.00,0,0
1508084223,s1-eth2,6435.56,257832.17,264267.75,258090,6442,90.91,92.91,183.82,93,91,0.00,0.00,0,0
1508084223,s1-eth1,243598.41,5874.13,249472.53,5880,243842,90.91,87.91,178.82,88,91,0.00,0.00,0,0
1508084223,lo,681.32,681.32,1362.64,682,682,7.99,7.99,15.98,8,8,0.00,0.00,0,0
1508084223,s4,0.00,0.00,0.00,0,0,0.00,0.00,0.00,0,0,0.00,0.00,0,0
1508084223,total,251018.98,264877.12,515896.12,265142,251270,193.81,192.81,386.61,193,194,0.00,0.00,0,0
1508084224,s5,0.00,0.00,0.00,0,0,0.00,0.00,0.00,0,0,0.00,0.00,0,0
1508084224,s1,0.00,0.00,0.00,0,0,0.00,0.00,0.00,0,0,0.00,0.00,0,0
1508084224,eth0,152.00,245.00,397.00,245,152,2.00,2.00,4.00,2,2,0.00,0.00,0,0
1508084224,eth1,0.00,0.00,0.00,0,0,0.00,0.00,0.00,0,0,0.00,0.00,0,0
1508084224,s1-eth2,5772.00,249138.00,254910.00,249138,5772,86.00,89.00,175.00,89,86,0.00,0.00,0,0
1508084224,s1-eth1,246254.00,5694.00,251948.00,5694,246254,89.00,85.00,174.00,85,89,0.00,0.00,0,0
1508084224,lo,513.00,513.00,1026.00,513,513,7.00,7.00,14.00,7,7,0.00,0.00,0,0
1508084224,s4,0.00,0.00,0.00,0,0,0.00,0.00,0.00,0,0,0.00,0.00,0,0
1508084224,total,252691.00,255590.00,508281.00,255590,252691,184.00,183.00,367.00,183,184,0.00,0.00,0,0
1508084225,s5,0.00,0.00,0.00,0,0,0.00,0.00,0.00,0,0,0.00,0.00,0,0
1508084225,s1,0.00,0.00,0.00,0,0,0.00,0.00,0.00,0,0,0.00,0.00,0,0
1508084225,eth0,304.00,490.00,794.00,490,304,4.00,4.00,8.00,4,4,0.00,0.00,0,0
1508084225,eth1,0.00,0.00,0.00,0,0,0.00,0.00,0.00,0,0,0.00,0.00,0,0
1508084225,s1-eth2,8040.00,251048.00,259088.00,251048,8040,98.00,96.00,194.00,96,98,0.00,0.00,0,0
1508084225,s1-eth1,243743.00,5934.00,249677.00,5934,243743,100.00,87.00,187.00,87,100,0.00,0.00,0,0
1508084225,lo,1026.00,1026.00,2052.00,1026,1026,14.00,14.00,28.00,14,14,0.00,0.00,0,0
1508084225,s4,0.00,0.00,0.00,0,0,0.00,0.00,0.00,0,0,0.00,0.00,0,0
1508084225,total,253113.00,258498.00,511611.00,258498,253113,216.00,201.00,417.00,201,216,0.00,0.00,0,0
1508084226,s5,0.00,0.00,0.00,0,0,0.00,0.00,0.00,0,0,0.00,0.00,0,0
1508084226,s1,0.00,0.00,0.00,0,0,0.00,0.00,0.00,0,0,0.00,0.00,0,0
1508084226,eth0,152.00,245.00,397.00,245,152,2.00,2.00,4.00,2,2,0.00,0.00,0,0
1508084226,eth1,0.00,0.00,0.00,0,0,0.00,0.00,0.00,0,0,0.00,0.00,0,0
1508084226,s1-eth2,6654.00,241964.00,248618.00,241964,6654,92.00,90.00,182.00,90,92,0.00,0.00,0,0
1508084226,s1-eth1,239770.00,6018.00,245788.00,6018,239770,94.00,89.00,183.00,89,94,0.00,0.00,0,0
1508084226,lo,341.00,341.00,682.00,341,341,4.00,4.00,8.00,4,4,0.00,0.00,0,0
1508084226,s4,0.00,0.00,0.00,0,0,0.00,0.00,0.00,0,0,0.00,0.00,0,0
1508084226,total,246917.00,248568.00,495485.00,248568,246917,192.00,185.00,377.00,185,192,0.00,0.00,0,0
1508084227,s5,0.00,0.00,0.00,0,0,0.00,0.00,0.00,0,0,0.00,0.00,0,0
1508084227,s1,0.00,0.00,0.00,0,0,0.00,0.00,0.00,0,0,0.00,0.00,0,0
1508084227,eth0,0.00,0.00,0.00,0,0,0.00,0.00,0.00,0,0,0.00,0.00,0,0
1508084227,eth1,0.00,0.00,0.00,0,0,0.00,0.00,0.00,0,0,0.00,0.00,0,0
1508084227,s1-eth2,5121.00,209316.00,214437.00,209316,5121,72.00,78.00,150.00,78,72,0.00,0.00,0,0
1508084227,s1-eth1,199243.00,4860.00,204103.00,4860,199243,75.00,72.00,147.00,72,75,0.00,0.00,0,0
1508084227,lo,0.00,0.00,0.00,0,0,0.00,0.00,0.00,0,0,0.00,0.00,0,0
1508084227,s4,0.00,0.00,0.00,0,0,0.00,0.00,0.00,0,0,0.00,0.00,0,0
1508084227,total,204364.00,214176.00,418540.00,214176,204364,147.00,150.00,297.00,150,147,0.00,0.00,0,0
1508084228,s5,0.00,0.00,0.00,0,0,0.00,0.00,0.00,0,0,0.00,0.00,0,0
1508084228,s1,0.00,0.00,0.00,0,0,0.00,0.00,0.00,0,0,0.00,0.00,0,0
1508084228,eth0,59.94,59.94,119.88,60,60,1.00,1.00,2.00,1,1,0.00,0.00,0,0
1508084228,eth1,0.00,0.00,0.00,0,0,0.00,0.00,0.00,0,0,0.00,0.00,0,0
1508084228,s1-eth2,6049.95,251782.22,257832.17,252034,6056,86.91,88.91,175.82,89,87,0.00,0.00,0,0
1508084228,s1-eth1,244791.22,5610.39,250401.61,5616,245036,88.91,83.92,172.83,84,89,0.00,0.00,0,0
1508084228,lo,0.00,0.00,0.00,0,0,0.00,0.00,0.00,0,0,0.00,0.00,0,0
1508084228,s4,0.00,0.00,0.00,0,0,0.00,0.00,0.00,0,0,0.00,0.00,0,0
1508084228,total,250901.11,257452.55,508353.66,257710,251152,176.82,173.83,350.65,174,177,0.00,0.00,0,0
1508084229,s5,0.00,0.00,0.00,0,0,0.00,0.00,0.00,0,0,0.00,0.00,0,0
1508084229,s1,0.00,0.00,0.00,0,0,0.00,0.00,0.00,0,0,0.00,0.00,0,0
1508084229,eth0,0.00,0.00,0.00,0,0,0.00,0.00,0.00,0,0,0.00,0.00,0,0
1508084229,eth1,0.00,0.00,0.00,0,0,0.00,0.00,0.00,0,0,0.00,0.00,0,0
1508084229,s1-eth2,5629.37,251650.36,257279.73,251902,5635,80.92,86.91,167.83,87,81,0.00,0.00,0,0
1508084229,s1-eth1,243169.84,5232.77,248402.61,5238,243413,85.91,78.92,164.84,79,86,0.00,0.00,0,0
1508084229,lo,171.83,171.83,343.66,172,172,3.00,3.00,5.99,3,3,0.00,0.00,0,0
1508084229,s4,0.00,0.00,0.00,0,0,0.00,0.00,0.00,0,0,0.00,0.00,0,0
1508084229,total,248971.03,257054.95,506026.00,257312,249220,169.83,168.83,338.66,169,170,0.00,0.00,0,0
1508084230,s5,0.00,0.00,0.00,0,0,0.00,0.00,0.00,0,0,0.00,0.00,0,0
1508084230,s1,0.00,0.00,0.00,0,0,0.00,0.00,0.00,0,0,0.00,0.00,0,0
1508084230,eth0,0.00,0.00,0.00,0,0,0.00,0.00,0.00,0,0,0.00,0.00,0,0
1508084230,eth1,0.00,0.00,0.00,0,0,0.00,0.00,0.00,0,0,0.00,0.00,0,0
1508084230,s1-eth2,5748.00,249138.00,254886.00,249138,5748,86.00,89.00,175.00,89,86,0.00,0.00,0,0
1508084230,s1-eth1,246176.00,5748.00,251924.00,5748,246176,88.00,86.00,174.00,86,88,0.00,0.00,0,0
1508084230,lo,344.00,344.00,688.00,344,344,6.00,6.00,12.00,6,6,0.00,0.00,0,0
1508084230,s4,0.00,0.00,0.00,0,0,0.00,0.00,0.00,0,0,0.00,0.00,0,0
1508084230,total,252268.00,255230.00,507498.00,255230,252268,180.00,181.00,361.00,181,180,0.00,0.00,0,0
1508084231,s5,0.00,0.00,0.00,0,0,0.00,0.00,0.00,0,0,0.00,0.00,0,0
1508084231,s1,0.00,0.00,0.00,0,0,0.00,0.00,0.00,0,0,0.00,0.00,0,0
1508084231,eth0,0.00,0.00,0.00,0,0,0.00,0.00,0.00,0,0,0.00,0.00,0,0
1508084231,eth1,0.00,0.00,0.00,0,0,0.00,0.00,0.00,0,0,0.00,0.00,0,0
1508084231,s1-eth2,6564.00,252562.00,259126.00,252562,6564,92.00,97.00,189.00,97,92,0.00,0.00,0,0
1508084231,s1-eth1,246980.00,6288.00,253268.00,6288,246980,96.00,92.00,188.00,92,96,0.00,0.00,0,0
1508084231,lo,0.00,0.00,0.00,0,0,0.00,0.00,0.00,0,0,0.00,0.00,0,0
1508084231,s4,0.00,0.00,0.00,0,0,0.00,0.00,0.00,0,0,0.00,0.00,0,0
1508084231,total,253544.00,258850.00,512394.00,258850,253544,188.00,189.00,377.00,189,188,0.00,0.00,0,0
1508084232,s5,0.00,0.00,0.00,0,0,0.00,0.00,0.00,0,0,0.00,0.00,0,0
1508084232,s1,0.00,0.00,0.00,0,0,0.00,0.00,0.00,0,0,0.00,0.00,0,0
1508084232,eth0,0.00,0.00,0.00,0,0,0.00,0.00,0.00,0,0,0.00,0.00,0,0
1508084232,eth1,0.00,0.00,0.00,0,0,0.00,0.00,0.00,0,0,0.00,0.00,0,0
1508084232,s1-eth2,5381.00,252034.00,257415.00,252034,5381,80.00,89.00,169.00,89,80,0.00,0.00,0,0
1508084232,s1-eth1,243189.00,5274.00,248463.00,5274,243189,86.00,79.00,165.00,79,86,0.00,0.00,0,0
1508084232,lo,0.00,0.00,0.00,0,0,0.00,0.00,0.00,0,0,0.00,0.00,0,0
1508084232,s4,0.00,0.00,0.00,0,0,0.00,0.00,0.00,0,0,0.00,0.00,0,0
1508084232,total,248570.00,257308.00,505878.00,257308,248570,166.00,168.00,334.00,168,166,0.00,0.00,0,0
1508084233,s5,0.00,0.00,0.00,0,0,0.00,0.00,0.00,0,0,0.00,0.00,0,0
1508084233,s1,0.00,0.00,0.00,0,0,0.00,0.00,0.00,0,0,0.00,0.00,0,0
1508084233,eth0,0.00,0.00,0.00,0,0,0.00,0.00,0.00,0,0,0.00,0.00,0,0
1508084233,eth1,0.00,0.00,0.00,0,0,0.00,0.00,0.00,0,0,0.00,0.00,0,0
1508084233,s1-eth2,5980.02,254873.14,260853.16,255128,5986,88.91,91.91,180.82,92,89,0.00,0.00,0,0
1508084233,s1-eth1,246131.88,5844.16,251976.03,5850,246378,90.91,86.91,177.82,87,91,0.00,0.00,0,0
1508084233,lo,0.00,0.00,0.00,0,0,0.00,0.00,0.00,0,0,0.00,0.00,0,0
1508084233,s4,0.00,0.00,0.00,0,0,0.00,0.00,0.00,0,0,0.00,0.00,0,0
1508084233,total,252111.89,260717.30,512829.19,260978,252364,179.82,178.82,358.64,179,180,0.00,0.00,0,0
1508084234,s5,0.00,0.00,0.00,0,0,0.00,0.00,0.00,0,0,0.00,0.00,0,0
1508084234,s1,0.00,0.00,0.00,0,0,0.00,0.00,0.00,0,0,0.00,0.00,0,0
1508084234,eth0,0.00,0.00,0.00,0,0,0.00,0.00,0.00,0,0,0.00,0.00,0,0
1508084234,eth1,0.00,0.00,0.00,0,0,0.00,0.00,0.00,0,0,0.00,0.00,0,0
1508084234,s1-eth2,5658.34,253426.58,259084.92,253680,5664,83.92,91.91,175.82,92,84,0.00,0.00,0,0
1508084234,s1-eth1,243036.97,5658.34,248695.31,5664,243280,87.91,83.92,171.83,84,88,0.00,0.00,0,0
1508084234,lo,171.83,171.83,343.66,172,172,3.00,3.00,5.99,3,3,0.00,0.00,0,0
1508084234,s4,0.00,0.00,0.00,0,0,0.00,0.00,0.00,0,0,0.00,0.00,0,0
1508084234,total,248867.14,259256.75,508123.88,259516,249116,174.83,178.82,353.65,179,175,0.00,0.00,0,0
1508084235,s5,0.00,0.00,0.00,0,0,0.00,0.00,0.00,0,0,0.00,0.00,0,0
1508084235,s1,0.00,0.00,0.00,0,0,0.00,0.00,0.00,0,0,0.00,0.00,0,0
1508084235,eth0,0.00,0.00,0.00,0,0,0.00,0.00,0.00,0,0,0.00,0.00,0,0
1508084235,eth1,0.00,0.00,0.00,0,0,0.00,0.00,0.00,0,0,0.00,0.00,0,0
1508084235,s1-eth2,6000.00,248152.00,254152.00,248152,6000,88.00,96.00,184.00,96,88,0.00,0.00,0,0
1508084235,s1-eth1,246638.00,6000.00,252638.00,6000,246638,95.00,88.00,183.00,88,95,0.00,0.00,0,0
1508084235,lo,344.00,344.00,688.00,344,344,6.00,6.00,12.00,6,6,0.00,0.00,0,0
1508084235,s4,0.00,0.00,0.00,0,0,0.00,0.00,0.00,0,0,0.00,0.00,0,0
1508084235,total,252982.00,254496.00,507478.00,254496,252982,189.00,190.00,379.00,190,189,0.00,0.00,0,0
1508084236,s5,0.00,0.00,0.00,0,0,0.00,0.00,0.00,0,0,0.00,0.00,0,0
1508084236,s1,0.00,0.00,0.00,0,0,0.00,0.00,0.00,0,0,0.00,0.00,0,0
1508084236,eth0,0.00,0.00,0.00,0,0,0.00,0.00,0.00,0,0,0.00,0.00,0,0
1508084236,eth1,0.00,0.00,0.00,0,0,0.00,0.00,0.00,0,0,0.00,0.00,0,0
1508084236,s1-eth2,6174.00,258420.00,264594.00,258420,6174,91.00,98.00,189.00,98,91,0.00,0.00,0,0
1508084236,s1-eth1,243544.00,6174.00,249718.00,6174,243544,92.00,91.00,183.00,91,92,0.00,0.00,0,0
1508084236,lo,0.00,0.00,0.00,0,0,0.00,0.00,0.00,0,0,0.00,0.00,0,0
1508084236,s4,0.00,0.00,0.00,0,0,0.00,0.00,0.00,0,0,0.00,0.00,0,0
1508084236,total,249718.00,264594.00,514312.00,264594,249718,183.00,189.00,372.00,189,183,0.00,0.00,0,0
1508084237,s5,0.00,0.00,0.00,0,0,0.00,0.00,0.00,0,0,0.00,0.00,0,0
1508084237,s1,0.00,0.00,0.00,0,0,0.00,0.00,0.00,0,0,0.00,0.00,0,0
1508084237,eth0,0.00,0.00,0.00,0,0,0.00,0.00,0.00,0,0,0.00,0.00,0,0
1508084237,eth1,0.00,0.00,0.00,0,0,0.00,0.00,0.00,0,0,0.00,0.00,0,0
1508084237,s1-eth2,2055.94,57826.18,59882.12,57884,2058,28.97,29.97,58.94,30,29,0.00,0.00,0,0
1508084237,s1-eth1,62231.77,2055.94,64287.71,2058,62294,30.97,28.97,59.94,29,31,0.00,0.00,0,0
1508084237,lo,0.00,0.00,0.00,0,0,0.00,0.00,0.00,0,0,0.00,0.00,0,0
1508084237,s4,0.00,0.00,0.00,0,0,0.00,0.00,0.00,0,0,0.00,0.00,0,0
1508084237,total,64287.71,59882.12,124169.84,59942,64352,59.94,58.94,118.88,59,60,0.00,0.00,0,0
1508084238,s5,0.00,0.00,0.00,0,0,0.00,0.00,0.00,0,0,0.00,0.00,0,0
1508084238,s1,0.00,0.00,0.00,0,0,0.00,0.00,0.00,0,0,0.00,0.00,0,0
1508084238,eth0,0.00,0.00,0.00,0,0,0.00,0.00,0.00,0,0,0.00,0.00,0,0
1508084238,eth1,0.00,0.00,0.00,0,0,0.00,0.00,0.00,0,0,0.00,0.00,0,0
1508084238,s1-eth2,0.00,0.00,0.00,0,0,0.00,0.00,0.00,0,0,0.00,0.00,0,0
1508084238,s1-eth1,0.00,0.00,0.00,0,0,0.00,0.00,0.00,0,0,0.00,0.00,0,0
1508084238,lo,0.00,0.00,0.00,0,0,0.00,0.00,0.00,0,0,0.00,0.00,0,0
1508084238,s4,0.00,0.00,0.00,0,0,0.00,0.00,0.00,0,0,0.00,0.00,0,0
1508084238,total,0.00,0.00,0.00,0,0,0.00,0.00,0.00,0,0,0.00,0.00,0,0
1508084239,s5,0.00,0.00,0.00,0,0,0.00,0.00,0.00,0,0,0.00,0.00,0,0
1508084239,s1,0.00,0.00,0.00,0,0,0.00,0.00,0.00,0,0,0.00,0.00,0,0
1508084239,eth0,0.00,0.00,0.00,0,0,0.00,0.00,0.00,0,0,0.00,0.00,0,0
1508084239,eth1,0.00,0.00,0.00,0,0,0.00,0.00,0.00,0,0,0.00,0.00,0,0
1508084239,s1-eth2,0.00,0.00,0.00,0,0,0.00,0.00,0.00,0,0,0.00,0.00,0,0
1508084239,s1-eth1,0.00,0.00,0.00,0,0,0.00,0.00,0.00,0,0,0.00,0.00,0,0
1508084239,lo,172.00,172.00,344.00,172,172,3.00,3.00,6.00,3,3,0.00,0.00,0,0
1508084239,s4,0.00,0.00,0.00,0,0,0.00,0.00,0.00,0,0,0.00,0.00,0,0
1508084239,total,172.00,172.00,344.00,172,172,3.00,3.00,6.00,3,3,0.00,0.00,0,0
1508084240,s5,0.00,0.00,0.00,0,0,0.00,0.00,0.00,0,0,0.00,0.00,0,0
1508084240,s1,0.00,0.00,0.00,0,0,0.00,0.00,0.00,0,0,0.00,0.00,0,0
1508084240,eth0,0.00,0.00,0.00,0,0,0.00,0.00,0.00,0,0,0.00,0.00,0,0
1508084240,eth1,0.00,0.00,0.00,0,0,0.00,0.00,0.00,0,0,0.00,0.00,0,0
1508084240,s1-eth2,106.89,0.00,106.89,0,107,1.00,0.00,1.00,0,1,0.00,0.00,0,0
1508084240,s1-eth1,106.89,0.00,106.89,0,107,1.00,0.00,1.00,0,1,0.00,0.00,0,0
1508084240,lo,343.66,343.66,687.31,344,344,5.99,5.99,11.99,6,6,0.00,0.00,0,0
1508084240,s4,0.00,0.00,0.00,0,0,0.00,0.00,0.00,0,0,0.00,0.00,0,0
1508084240,total,557.44,343.66,901.10,344,558,7.99,5.99,13.99,6,8,0.00,0.00,0,0
1508084241,s5,0.00,0.00,0.00,0,0,0.00,0.00,0.00,0,0,0.00,0.00,0,0
1508084241,s1,0.00,0.00,0.00,0,0,0.00,0.00,0.00,0,0,0.00,0.00,0,0
1508084241,eth0,0.00,0.00,0.00,0,0,0.00,0.00,0.00,0,0,0.00,0.00,0,0
1508084241,eth1,0.00,0.00,0.00,0,0,0.00,0.00,0.00,0,0,0.00,0.00,0,0
1508084241,s1-eth2,341.66,0.00,341.66,0,342,1.00,0.00,1.00,0,1,0.00,0.00,0,0
1508084241,s1-eth1,0.00,0.00,0.00,0,0,0.00,0.00,0.00,0,0,0.00,0.00,0,0
1508084241,lo,0.00,0.00,0.00,0,0,0.00,0.00,0.00,0,0,0.00,0.00,0,0
1508084241,s4,0.00,0.00,0.00,0,0,0.00,0.00,0.00,0,0,0.00,0.00,0,0
1508084241,total,341.66,0.00,341.66,0,342,1.00,0.00,1.00,0,1,0.00,0.00,0,0
1508084242,s5,0.00,0.00,0.00,0,0,0.00,0.00,0.00,0,0,0.00,0.00,0,0
1508084242,s1,0.00,0.00,0.00,0,0,0.00,0.00,0.00,0,0,0.00,0.00,0,0
1508084242,eth0,0.00,0.00,0.00,0,0,0.00,0.00,0.00,0,0,0.00,0.00,0,0
1508084242,eth1,0.00,0.00,0.00,0,0,0.00,0.00,0.00,0,0,0.00,0.00,0,0
1508084242,s1-eth2,0.00,0.00,0.00,0,0,0.00,0.00,0.00,0,0,0.00,0.00,0,0
1508084242,s1-eth1,0.00,0.00,0.00,0,0,0.00,0.00,0.00,0,0,0.00,0.00,0,0
1508084242,lo,0.00,0.00,0.00,0,0,0.00,0.00,0.00,0,0,0.00,0.00,0,0
1508084242,s4,0.00,0.00,0.00,0,0,0.00,0.00,0.00,0,0,0.00,0.00,0,0
1508084242,total,0.00,0.00,0.00,0,0,0.00,0.00,0.00,0,0,0.00,0.00,0,0
1508084243,s5,0.00,0.00,0.00,0,0,0.00,0.00,0.00,0,0,0.00,0.00,0,0
1508084243,s1,0.00,0.00,0.00,0,0,0.00,0.00,0.00,0,0,0.00,0.00,0,0
1508084243,eth0,0.00,0.00,0.00,0,0,0.00,0.00,0.00,0,0,0.00,0.00,0,0
1508084243,eth1,0.00,0.00,0.00,0,0,0.00,0.00,0.00,0,0,0.00,0.00,0,0
1508084243,s1-eth2,0.00,0.00,0.00,0,0,0.00,0.00,0.00,0,0,0.00,0.00,0,0
1508084243,s1-eth1,0.00,0.00,0.00,0,0,0.00,0.00,0.00,0,0,0.00,0.00,0,0
1508084243,lo,0.00,0.00,0.00,0,0,0.00,0.00,0.00,0,0,0.00,0.00,0,0
1508084243,s4,0.00,0.00,0.00,0,0,0.00,0.00,0.00,0,0,0.00,0.00,0,0
1508084243,total,0.00,0.00,0.00,0,0,0.00,0.00,0.00,0,0,0.00,0.00,0,0
1508084244,s5,0.00,0.00,0.00,0,0,0.00,0.00,0.00,0,0,0.00,0.00,0,0
1508084244,s1,0.00,0.00,0.00,0,0,0.00,0.00,0.00,0,0,0.00,0.00,0,0
1508084244,eth0,0.00,0.00,0.00,0,0,0.00,0.00,0.00,0,0,0.00,0.00,0,0
1508084244,eth1,0.00,0.00,0.00,0,0,0.00,0.00,0.00,0,0,0.00,0.00,0,0
1508084244,s1-eth2,0.00,0.00,0.00,0,0,0.00,0.00,0.00,0,0,0.00,0.00,0,0
1508084244,s1-eth1,341.66,0.00,341.66,0,342,1.00,0.00,1.00,0,1,0.00,0.00,0,0
1508084244,lo,171.83,171.83,343.66,172,172,3.00,3.00,5.99,3,3,0.00,0.00,0,0
1508084244,s4,0.00,0.00,0.00,0,0,0.00,0.00,0.00,0,0,0.00,0.00,0,0
1508084244,total,513.49,171.83,685.31,172,514,4.00,3.00,6.99,3,4,0.00,0.00,0,0
1508084245,s5,0.00,0.00,0.00,0,0,0.00,0.00,0.00,0,0,0.00,0.00,0,0
1508084245,s1,0.00,0.00,0.00,0,0,0.00,0.00,0.00,0,0,0.00,0.00,0,0
1508084245,eth0,0.00,0.00,0.00,0,0,0.00,0.00,0.00,0,0,0.00,0.00,0,0
1508084245,eth1,0.00,0.00,0.00,0,0,0.00,0.00,0.00,0,0,0.00,0.00,0,0
1508084245,s1-eth2,0.00,0.00,0.00,0,0,0.00,0.00,0.00,0,0,0.00,0.00,0,0
15080842