1508083888,s5,0.00,0.00,0.00,0,0,0.00,0.00,0.00,0,0,0.00,0.00,0,0
1508083888,s1,0.00,0.00,0.00,0,0,0.00,0.00,0.00,0,0,0.00,0.00,0,0
1508083888,eth0,0.00,0.00,0.00,0,0,0.00,0.00,0.00,0,0,0.00,0.00,0,0
1508083888,eth1,0.00,0.00,0.00,0,0,0.00,0.00,0.00,0,0,0.00,0.00,0,0
1508083888,s2,0.00,0.00,0.00,0,0,0.00,0.00,0.00,0,0,0.00,0.00,0,0
1508083888,s1-eth2,0.00,0.00,0.00,0,0,0.00,0.00,0.00,0,0,0.00,0.00,0,0
1508083888,s1-eth1,0.00,0.00,0.00,0,0,0.00,0.00,0.00,0,0,0.00,0.00,0,0
1508083888,s2-eth2,0.00,0.00,0.00,0,0,0.00,0.00,0.00,0,0,0.00,0.00,0,0
1508083888,s2-eth1,0.00,0.00,0.00,0,0,0.00,0.00,0.00,0,0,0.00,0.00,0,0
1508083888,lo,0.00,0.00,0.00,0,0,0.00,0.00,0.00,0,0,0.00,0.00,0,0
1508083888,s4,0.00,0.00,0.00,0,0,0.00,0.00,0.00,0,0,0.00,0.00,0,0
1508083888,total,0.00,0.00,0.00,0,0,0.00,0.00,0.00,0,0,0.00,0.00,0,0
1508083889,s5,0.00,0.00,0.00,0,0,0.00,0.00,0.00,0,0,0.00,0.00,0,0
1508083889,s1,249.75,221.78,471.53,222,250,3.00,3.00,5.99,3,3,0.00,0.00,0,0
1508083889,eth0,607.39,979.02,1586.41,980,608,7.99,7.99,15.98,8,8,0.00,0.00,0,0
1508083889,eth1,0.00,0.00,0.00,0,0,0.00,0.00,0.00,0,0,0.00,0.00,0,0
1508083889,s2,249.75,493.51,743.26,494,250,3.00,6.99,9.99,7,3,0.00,0.00,0,0
1508083889,s1-eth2,14037.96,250559.45,264597.41,250810,14052,165.83,176.82,342.66,177,166,0.00,0.00,0,0
1508083889,s1-eth1,231231.78,12445.55,243677.33,12458,231463,173.83,154.85,328.67,155,174,0.00,0.00,0,0
1508083889,s2-eth2,3934.07,106383.62,110317.69,106490,3938,40.96,76.92,117.88,77,41,0.00,0.00,0,0
1508083889,s2-eth1,67810.20,2361.64,70171.83,2364,67878,62.94,31.97,94.91,32,63,0.00,0.00,0,0
1508083889,lo,9562.44,9562.44,19124.88,9572,9572,90.91,90.91,181.82,91,91,0.00,0.00,0,0
1508083889,s4,0.00,0.00,0.00,0,0,0.00,0.00,0.00,0,0,0.00,0.00,0,0
1508083889,total,327683.31,383007.00,710690.31,383390,328011,548.45,549.45,1097.90,550,549,0.00,0.00,0,0
1508083890,s5,0.00,0.00,0.00,0,0,0.00,0.00,0.00,0,0,0.00,0.00,0,0
1508083890,s1,0.00,42.00,42.00,42,0,0.00,1.00,1.00,1,0,0.00,0.00,0,0
1508083890,eth0,152.00,245.00,397.00,245,152,2.00,2.00,4.00,2,2,0.00,0.00,0,0
1508083890,eth1,0.00,0.00,0.00,0,0,0.00,0.00,0.00,0,0,0.00,0.00,0,0
1508083890,s2,0.00,42.00,42.00,42,0,0.00,1.00,1.00,1,0,0.00,0.00,0,0
1508083890,s1-eth2,13576.00,255908.00,269484.00,255908,13576,167.00,170.00,337.00,170,167,0.00,0.00,0,0
1508083890,s1-eth1,249301.00,12252.00,261553.00,12252,249301,169.00,162.00,331.00,162,169,0.00,0.00,0,0
1508083890,s2-eth2,13782.00,227142.00,240924.00,227142,13782,154.00,151.00,305.00,151,154,0.00,0.00,0,0
1508083890,s2-eth1,240307.00,12926.00,253233.00,12926,240307,164.00,151.00,315.00,151,164,0.00,0.00,0,0
1508083890,lo,821.00,821.00,1642.00,821,821,10.00,10.00,20.00,10,10,0.00,0.00,0,0
1508083890,s4,0.00,0.00,0.00,0,0,0.00,0.00,0.00,0,0,0.00,0.00,0,0
1508083890,total,517939.00,509378.00,1027317.00,509378,517939,666.00,648.00,1314.00,648,666,0.00,0.00,0,0
1508083891,s5,0.00,0.00,0.00,0,0,0.00,0.00,0.00,0,0,0.00,0.00,0,0
1508083891,s1,0.00,41.96,41.96,42,0,0.00,1.00,1.00,1,0,0.00,0.00,0,0
1508083891,eth0,0.00,0.00,0.00,0,0,0.00,0.00,0.00,0,0,0.00,0.00,0,0
1508083891,eth1,0.00,0.00,0.00,0,0,0.00,0.00,0.00,0,0,0.00,0.00,0,0
1508083891,s2,0.00,41.96,41.96,42,0,0.00,1.00,1.00,1,0,0.00,0.00,0,0
1508083891,s1-eth2,12644.36,255652.36,268296.72,255908,12657,159.84,169.83,329.67,170,160,0.00,0.00,0,0
1508083891,s1-eth1,251441.56,12329.67,263771.25,12342,251693,167.83,158.84,326.67,159,168,0.00,0.00,0,0
1508083891,s2-eth2,8702.30,183052.95,191755.25,183236,8711,106.89,121.88,228.77,122,107,0.00,0.00,0,0
1508083891,s2-eth1,183052.95,8595.41,191648.36,8604,183236,121.88,105.89,227.77,106,122,0.00,0.00,0,0
1508083891,lo,479.52,479.52,959.04,480,480,5.99,5.99,11.99,6,6,0.00,0.00,0,0
1508083891,s4,0.00,0.00,0.00,0,0,0.00,0.00,0.00,0,0,0.00,0.00,0,0
1508083891,total,456320.69,460193.81,916514.50,460654,456777,562.44,564.44,1126.87,565,563,0.00,0.00,0,0
1508083892,s5,0.00,0.00,0.00,0,0,0.00,0.00,0.00,0,0,0.00,0.00,0,0
1508083892,s1,0.00,182.00,182.00,182,0,0.00,3.00,3.00,3,0,0.00,0.00,0,0
1508083892,eth0,60.00,60.00,120.00,60,60,1.00,1.00,2.00,1,1,0.00,0.00,0,0
1508083892,eth1,0.00,0.00,0.00,0,0,0.00,0.00,0.00,0,0,0.00,0.00,0,0
1508083892,s2,0.00,42.00,42.00,42,0,0.00,1.00,1.00,1,0,0.00,0.00,0,0
1508083892,s1-eth2,12670.00,259006.00,271676.00,259006,12670,164.00,173.00,337.00,173,164,0.00,0.00,0,0
1508083892,s1-eth1,248782.00,12284.00,261066.00,12284,248782,168.00,162.00,330.00,162,168,0.00,0.00,0,0
1508083892,s2-eth2,5496.00,159012.00,164508.00,159012,5496,67.00,106.00,173.00,106,67,0.00,0.00,0,0
1508083892,s2-eth1,156358.00,4832.00,161190.00,4832,156358,106.00,64.00,170.00,64,106,0.00,0.00,0,0
1508083892,lo,1360.00,1360.00,2720.00,1360,1360,18.00,18.00,36.00,18,18,0.00,0.00,0,0
1508083892,s4,0.00,0.00,0.00,0,0,0.00,0.00,0.00,0,0,0.00,0.00,0,0
1508083892,total,424726.00,436778.00,861504.00,436778,424726,524.00,528.00,1052.00,528,524,0.00,0.00,0,0
1508083893,s5,0.00,0.00,0.00,0,0,0.00,0.00,0.00,0,0,0.00,0.00,0,0
1508083893,s1,70.00,42.00,112.00,42,70,1.00,1.00,2.00,1,1,0.00,0.00,0,0
1508083893,eth0,0.00,0.00,0.00,0,0,0.00,0.00,0.00,0,0,0.00,0.00,0,0
1508083893,eth1,0.00,0.00,0.00,0,0,0.00,0.00,0.00,0,0,0.00,0.00,0,0
1508083893,s2,70.00,182.00,252.00,182,70,1.00,3.00,4.00,3,1,0.00,0.00,0,0
1508083893,s1-eth2,12599.00,255908.00,268507.00,255908,12599,165.00,170.00,335.00,170,165,0.00,0.00,0,0
1508083893,s1-eth1,250319.00,12058.00,262377.00,12058,250319,169.00,161.00,330.00,161,169,0.00,0.00,0,0
1508083893,s2-eth2,5382.00,133344.00,138726.00,133344,5382,69.00,90.00,159.00,90,69,0.00,0.00,0,0
1508083893,s2-eth1,134153.00,5312.00,139465.00,5312,134153,94.00,68.00,162.00,68,94,0.00,0.00,0,0
1508083893,lo,1552.00,1552.00,3104.00,1552,1552,18.00,18.00,36.00,18,18,0.00,0.00,0,0
1508083893,s4,0.00,0.00,0.00,0,0,0.00,0.00,0.00,0,0,0.00,0.00,0,0
1508083893,total,404145.00,408398.00,812543.00,408398,404145,517.00,511.00,1028.00,511,517,0.00,0.00,0,0
1508083894,s5,0.00,0.00,0.00,0,0,0.00,0.00,0.00,0,0,0.00,0.00,0,0
1508083894,s1,0.00,42.00,42.00,42,0,0.00,1.00,1.00,1,0,0.00,0.00,0,0
1508083894,eth0,0.00,0.00,0.00,0,0,0.00,0.00,0.00,0,0,0.00,0.00,0,0
1508083894,eth1,0.00,0.00,0.00,0,0,0.00,0.00,0.00,0,0,0.00,0.00,0,0
1508083894,s2,0.00,42.00,42.00,42,0,0.00,1.00,1.00,1,0,0.00,0.00,0,0
1508083894,s1-eth2,12894.00,252880.00,265774.00,252880,12894,163.00,168.00,331.00,168,163,0.00,0.00,0,0
1508083894,s1-eth1,249852.00,12638.00,262490.00,12638,249852,166.00,163.00,329.00,163,166,0.00,0.00,0,0
1508083894,s2-eth2,6344.00,116620.00,122964.00,116620,6344,80.00,78.00,158.00,78,80,0.00,0.00,0,0
1508083894,s2-eth1,118134.00,6344.00,124478.00,6344,118134,79.00,80.00,159.00,80,79,0.00,0.00,0,0
1508083894,lo,480.00,480.00,960.00,480,480,6.00,6.00,12.00,6,6,0.00,0.00,0,0
1508083894,s4,0.00,0.00,0.00,0,0,0.00,0.00,0.00,0,0,0.00,0.00,0,0
1508083894,total,387704.00,389046.00,776750.00,389046,387704,494.00,497.00,991.00,497,494,0.00,0.00,0,0
1508083895,s5,0.00,0.00,0.00,0,0,0.00,0.00,0.00,0,0,0.00,0.00,0,0
1508083895,s1,0.00,0.00,0.00,0,0,0.00,0.00,0.00,0,0,0.00,0.00,0,0
1508083895,eth0,0.00,0.00,0.00,0,0,0.00,0.00,0.00,0,0,0.00,0.00,0,0
1508083895,eth1,0.00,0.00,0.00,0,0,0.00,0.00,0.00,0,0,0.00,0.00,0,0
1508083895,s2,0.00,0.00,0.00,0,0,0.00,0.00,0.00,0,0,0.00,0.00,0,0
1508083895,s1-eth2,12474.00,254352.00,266826.00,254352,12474,161.00,168.00,329.00,168,161,0.00,0.00,0,0
1508083895,s1-eth1,251324.00,12388.00,263712.00,12388,251324,166.00,160.00,326.00,160,166,0.00,0.00,0,0
1508083895,s2-eth2,5883.00,121120.00,127003.00,121120,5883,73.00,80.00,153.00,80,73,0.00,0.00,0,0
1508083895,s2-eth1,116578.00,5434.00,122012.00,5434,116578,77.00,71.00,148.00,71,77,0.00,0.00,0,0
1508083895,lo,0.00,0.00,0.00,0,0,0.00,0.00,0.00,0,0,0.00,0.00,0,0
1508083895,s4,0.00,0.00,0.00,0,0,0.00,0.00,0.00,0,0,0.00,0.00,0,0
1508083895,total,386259.00,393294.00,779553.00,393294,386259,477.00,479.00,956.00,479,477,0.00,0.00,0,0
1508083896,s5,0.00,0.00,0.00,0,0,0.00,0.00,0.00,0,0,0.00,0.00,0,0
1508083896,s1,0.00,140.00,140.00,140,0,0.00,2.00,2.00,2,0,0.00,0.00,0,0
1508083896,eth0,0.00,0.00,0.00,0,0,0.00,0.00,0.00,0,0,0.00,0.00,0,0
1508083896,eth1,0.00,0.00,0.00,0,0,0.00,0.00,0.00,0,0,0.00,0.00,0,0
1508083896,s2,0.00,0.00,0.00,0,0,0.00,0.00,0.00,0,0,0.00,0.00,0,0
1508083896,s1-eth2,12571.00,260478.00,273049.00,260478,12571,163.00,173.00,336.00,173,163,0.00,0.00,0,0
1508083896,s1-eth1,248473.00,12464.00,260937.00,12464,248473,166.00,162.00,328.00,162,166,0.00,0.00,0,0
1508083896,s2-eth2,4140.00,124148.00,128288.00,124148,4140,56.00,82.00,138.00,82,56,0.00,0.00,0,0
1508083896,s2-eth1,122741.00,4070.00,126811.00,4070,122741,82.00,55.00,137.00,55,82,0.00,0.00,0,0
1508083896,lo,536.00,536.00,1072.00,536,536,6.00,6.00,12.00,6,6,0.00,0.00,0,0
1508083896,s4,0.00,0.00,0.00,0,0,0.00,0.00,0.00,0,0,0.00,0.00,0,0
1508083896,total,388461.00,401836.00,790297.00,401836,388461,473.00,480.00,953.00,480,473,0.00,0.00,0,0
1508083897,s5,0.00,0.00,0.00,0,0,0.00,0.00,0.00,0,0,0.00,0.00,0,0
1508083897,s1,70.00,0.00,70.00,0,70,1.00,0.00,1.00,0,1,0.00,0.00,0,0
1508083897,eth0,0.00,0.00,0.00,0,0,0.00,0.00,0.00,0,0,0.00,0.00,0,0
1508083897,eth1,0.00,0.00,0.00,0,0,0.00,0.00,0.00,0,0,0.00,0.00,0,0
1508083897,s2,70.00,140.00,210.00,140,70,1.00,2.00,3.00,2,1,0.00,0.00,0,0
1508083897,s1-eth2,12514.00,261922.00,274436.00,261922,12514,161.00,173.00,334.00,173,161,0.00,0.00,0,0
1508083897,s1-eth1,250292.00,12374.00,262666.00,12374,250292,168.00,159.00,327.00,159,168,0.00,0.00,0,0
1508083897,s2-eth2,5386.00,115134.00,120520.00,115134,5386,69.00,77.00,146.00,77,69,0.00,0.00,0,0
1508083897,s2-eth1,115274.00,5316.00,120590.00,5316,115274,79.00,68.00,147.00,68,79,0.00,0.00,0,0
1508083897,lo,1416.00,1416.00,2832.00,1416,1416,18.00,18.00,36.00,18,18,0.00,0.00,0,0
1508083897,s4,0.00,0.00,0.00,0,0,0.00,0.00,0.00,0,0,0.00,0.00,0,0
1508083897,total,385022.00,396302.00,781324.00,396302,385022,497.00,497.00,994.00,497,497,0.00,0.00,0,0
1508083898,s5,0.00,0.00,0.00,0,0,0.00,0.00,0.00,0,0,0.00,0.00,0,0
1508083898,s1,0.00,0.00,0.00,0,0,0.00,0.00,0.00,0,0,0.00,0.00,0,0
1508083898,eth0,0.00,0.00,0.00,0,0,0.00,0.00,0.00,0,0,0.00,0.00,0,0
1508083898,eth1,0.00,0.00,0.00,0,0,0.00,0.00,0.00,0,0,0.00,0.00,0,0
1508083898,s2,0.00,0.00,0.00,0,0,0.00,0.00,0.00,0,0,0.00,0.00,0,0
1508083898,s1-eth2,12305.69,261660.34,273966.03,261922,12318,160.84,172.83,333.67,173,161,0.00,0.00,0,0
1508083898,s1-eth1,249560.45,12305.69,261866.14,12318,249810,164.84,160.84,325.67,161,165,0.00,0.00,0,0
1508083898,s2-eth2,4093.91,87724.28,91818.19,87812,4098,50.95,57.94,108.89,58,51,0.00,0.00,0,0
1508083898,s2-eth1,83186.81,4093.91,87280.72,4098,83270,54.95,50.95,105.89,51,55,0.00,0.00,0,0
1508083898,lo,0.00,0.00,0.00,0,0,0.00,0.00,0.00,0,0,0.00,0.00,0,0
1508083898,s4,0.00,0.00,0.00,0,0,0.00,0.00,0.00,0,0,0.00,0.00,0,0
1508083898,total,349146.88,365784.22,714931.06,366150,349496,431.57,442.56,874.13,443,432,0.00,0.00,0,0
1508083899,s5,0.00,0.00,0.00,0,0,0.00,0.00,0.00,0,0,0.00,0.00,0,0
1508083899,s1,0.00,0.00,0.00,0,0,0.00,0.00,0.00,0,0,0.00,0.00,0,0
1508083899,eth0,0.00,0.00,0.00,0,0,0.00,0.00,0.00,0,0,0.00,0.00,0,0
1508083899,eth1,0.00,0.00,0.00,0,0,0.00,0.00,0.00,0,0,0.00,0.00,0,0
1508083899,s2,0.00,0.00,0.00,0,0,0.00,0.00,0.00,0,0,0.00,0.00,0,0
1508083899,s1-eth2,12565.43,252585.42,265150.84,252838,12578,162.84,166.83,329.67,167,163,0.00,0.00,0,0
1508083899,s1-eth1,251072.94,12651.35,263724.28,12664,251324,165.83,163.84,329.67,164,166,0.00,0.00,0,0
1508083899,s2-eth2,2703.30,49954.05,52657.34,50004,2706,32.97,33.97,66.93,34,33,0.00,0.00,0,0
1508083899,s2-eth1,46929.07,2703.30,49632.37,2706,46976,31.97,32.97,64.94,33,32,0.00,0.00,0,0
1508083899,lo,591.41,591.41,1182.82,592,592,5.99,5.99,11.99,6,6,0.00,0.00,0,0
1508083899,s4,0.00,0.00,0.00,0,0,0.00,0.00,0.00,0,0,0.00,0.00,0,0
1508083899,total,313862.16,318485.53,632347.69,318804,314176,399.60,403.60,803.20,404,400,0.00,0.00,0,0
1508083900,s5,0.00,0.00,0.00,0,0,0.00,0.00,0.00,0,0,0.00,0.00,0,0
1508083900,s1,0.00,0.00,0.00,0,0,0.00,0.00,0.00,0,0,0.00,0.00,0,0
1508083900,eth0,0.00,0.00,0.00,0,0,0.00,0.00,0.00,0,0,0.00,0.00,0,0
1508083900,eth1,0.00,0.00,0.00,0,0,0.00,0.00,0.00,0,0,0.00,0.00,0,0
1508083900,s2,0.00,0.00,0.00,0,0,0.00,0.00,0.00,0,0,0.00,0.00,0,0
1508083900,s1-eth2,12128.00,263436.00,275564.00,263436,12128,160.00,174.00,334.00,174,160,0.00,0.00,0,0
1508083900,s1-eth1,249810.00,12042.00,261852.00,12042,249810,165.00,159.00,324.00,159,165,0.00,0.00,0,0
1508083900,s2-eth2,2464.00,54504.00,56968.00,54504,2464,32.00,36.00,68.00,36,32,0.00,0.00,0,0
1508083900,s2-eth1,51476.00,2464.00,53940.00,2464,51476,34.00,32.00,66.00,32,34,0.00,0.00,0,0
1508083900,lo,0.00,0.00,0.00,0,0,0.00,0.00,0.00,0,0,0.00,0.00,0,0
1508083900,s4,0.00,0.00,0.00,0,0,0.00,0.00,0.00,0,0,0.00,0.00,0,0
1508083900,total,315878.00,332446.00,648324.00,332446,315878,391.00,401.00,792.00,401,391,0.00,0.00,0,0
1508083901,s5,0.00,0.00,0.00,0,0,0.00,0.00,0.00,0,0,0.00,0.00,0,0
1508083901,s1,0.00,0.00,0.00,0,0,0.00,0.00,0.00,0,0,0.00,0.00,0,0
1508083901,eth0,0.00,0.00,0.00,0,0,0.00,0.00,0.00,0,0,0.00,0.00,0,0
1508083901,eth1,0.00,0.00,0.00,0,0,0.00,0.00,0.00,0,0,0.00,0.00,0,0
1508083901,s2,0.00,0.00,0.00,0,0,0.00,0.00,0.00,0,0,0.00,0.00,0,0
1508083901,s1-eth2,12085.91,257122.89,269208.81,257380,12098,156.84,169.83,326.67,170,157,0.00,0.00,0,0
1508083901,s1-eth1,249560.45,12085.91,261646.36,12098,249810,164.84,156.84,321.68,157,165,0.00,0.00,0,0
1508083901,s2-eth2,2363.64,57474.53,59838.16,57532,2366,30.97,37.96,68.93,38,31,0.00,0.00,0,0
1508083901,s2-eth1,59328.67,2363.64,61692.31,2366,59388,39.96,30.97,70.93,31,40,0.00,0.00,0,0
1508083901,lo,171.83,171.83,343.66,172,172,3.00,3.00,5.99,3,3,0.00,0.00,0,0
1508083901,s4,0.00,0.00,0.00,0,0,0.00,0.00,0.00,0,0,0.00,0.00,0,0
1508083901,total,323510.50,329218.78,652729.31,329548,323834,395.60,398.60,794.21,399,396,0.00,0.00,0,0
1508083902,s5,0.00,0.00,0.00,0,0,0.00,0.00,0.00,0,0,0.00,0.00,0,0
1508083902,s1,0.00,0.00,0.00,0,0,0.00,0.00,0.00,0,0,0.00,0.00,0,0
1508083902,eth0,0.00,0.00,0.00,0,0,0.00,0.00,0.00,0,0,0.00,0.00,0,0
1508083902,eth1,0.00,0.00,0.00,0,0,0.00,0.00,0.00,0,0,0.00,0.00,0,0
1508083902,s2,0.00,0.00,0.00,0,0,0.00,0.00,0.00,0,0,0.00,0.00,0,0
1508083902,s1-eth2,11514.00,257380.00,268894.00,257380,11514,153.00,170.00,323.00,170,153,0.00,0.00,0,0
1508083902,s1-eth1,249810.00,11514.00,261324.00,11514,249810,165.00,153.00,318.00,153,165,0.00,0.00,0,0
1508083902,s2-eth2,2522.00,48448.00,50970.00,48448,2522,29.00,32.00,61.00,32,29,0.00,0.00,0,0
1508083902,s2-eth1,45420.00,2180.00,47600.00,2180,45420,30.00,28.00,58.00,28,30,0.00,0.00,0,0
1508083902,lo,344.00,344.00,688.00,344,344,6.00,6.00,12.00,6,6,0.00,0.00,0,0
1508083902,s4,0.00,0.00,0.00,0,0,0.00,0.00,0.00,0,0,0.00,0.00,0,0
1508083902,total,309610.00,319866.00,629476.00,319866,309610,383.00,389.00,772.00,389,383,0.00,0.00,0,0
1508083903,s5,0.00,0.00,0.00,0,0,0.00,0.00,0.00,0,0,0.00,0.00,0,0
1508083903,s1,0.00,0.00,0.00,0,0,0.00,0.00,0.00,0,0,0.00,0.00,0,0
1508083903,eth0,0.00,0.00,0.00,0,0,0.00,0.00,0.00,0,0,0.00,0.00,0,0
1508083903,eth1,0.00,0.00,0.00,0,0,0.00,0.00,0.00,0,0,0.00,0.00,0,0
1508083903,s2,0.00,0.00,0.00,0,0,0.00,0.00,0.00,0,0,0.00,0.00,0,0
1508083903,s1-eth2,12271.73,252585.42,264857.16,252838,12284,153.85,166.83,320.68,167,154,0.00,0.00,0,0
1508083903,s1-eth1,251072.94,12004.00,263076.94,12016,251324,165.83,153.85,319.68,154,166,0.00,0.00,0,0
1508083903,s2-eth2,2028.97,62011.99,64040.96,62074,2031,26.97,40.96,67.93,41,27,0.00,0.00,0,0
1508083903,s2-eth1,57474.53,1922.08,59396.61,1924,57532,37.96,25.97,63.94,26,38,0.00,0.00,0,0
1508083903,lo,171.83,171.83,343.66,172,172,3.00,3.00,5.99,3,3,0.00,0.00,0,0
1508083903,s4,0.00,0.00,0.00,0,0,0.00,0.00,0.00,0,0,0.00,0.00,0,0
1508083903,total,323020.00,328695.31,651715.31,329024,323343,387.61,390.61,778.22,391,388,0.00,0.00,0,0
1508083904,s5,0.00,0.00,0.00,0,0,0.00,0.00,0.00,0,0,0.00,0.00,0,0
1508083904,s1,0.00,0.00,0.00,0,0,0.00,0.00,0.00,0,0,0.00,0.00,0,0
1508083904,eth0,0.00,0.00,0.00,0,0,0.00,0.00,0.00,0,0,0.00,0.00,0,0
1508083904,eth1,0.00,0.00,0.00,0,0,0.00,0.00,0.00,0,0,0.00,0.00,0,0
1508083904,s2,0.00,0.00,0.00,0,0,0.00,0.00,0.00,0,0,0.00,0.00,0,0
1508083904,s1-eth2,12457.00,255866.00,268323.00,255866,12457,162.00,169.00,331.00,169,162,0.00,0.00,0,0
1508083904,s1-eth1,249917.00,12276.00,262193.00,12276,249917,166.00,160.00,326.00,160,166,0.00,0.00,0,0
1508083904,s2-eth2,3402.00,65102.00,68504.00,65102,3402,43.00,43.00,86.00,43,43,0.00,0.00,0,0
1508083904,s2-eth1,69751.00,3402.00,73153.00,3402,69751,47.00,43.00,90.00,43,47,0.00,0.00,0,0
1508083904,lo,0.00,0.00,0.00,0,0,0.00,0.00,0.00,0,0,0.00,0.00,0,0
1508083904,s4,0.00,0.00,0.00,0,0,0.00,0.00,0.00,0,0,0.00,0.00,0,0
1508083904,total,335527.00,336646.00,672173.00,336646,335527,418.00,415.00,833.00,415,418,0.00,0.00,0,0
1508083905,s5,0.00,0.00,0.00,0,0,0.00,0.00,0.00,0,0,0.00,0.00,0,0
1508083905,s1,0.00,0.00,0.00,0,0,0.00,0.00,0.00,0,0,0.00,0.00,0,0
1508083905,eth0,0.00,0.00,0.00,0,0,0.00,0.00,0.00,0,0,0.00,0.00,0,0
1508083905,eth1,0.00,0.00,0.00,0,0,0.00,0.00,0.00,0,0,0.00,0.00,0,0
1508083905,s2,0.00,0.00,0.00,0,0,0.00,0.00,0.00,0,0,0.00,0.00,0,0
1508083905,s1-eth2,12076.00,252838.00,264914.00,252838,12076,158.00,167.00,325.00,167,158,0.00,0.00,0,0
1508083905,s1-eth1,249810.00,12076.00,261886.00,12076,249810,165.00,158.00,323.00,158,165,0.00,0.00,0,0
1508083905,s2-eth2,1948.00,59046.00,60994.00,59046,1948,26.00,39.00,65.00,39,26,0.00,0.00,0,0
1508083905,s2-eth1,49962.00,1948.00,51910.00,1948,49962,33.00,26.00,59.00,26,33,0.00,0.00,0,0
1508083905,lo,0.00,0.00,0.00,0,0,0.00,0.00,0.00,0,0,0.00,0.00,0,0
1508083905,s4,0.00,0.00,0.00,0,0,0.00,0.00,0.00,0,0,0.00,0.00,0,0
1508083905,total,313796.00,325908.00,639704.00,325908,313796,382.00,390.00,772.00,390,382,0.00,0.00,0,0
1508083906,s5,0.00,0.00,0.00,0,0,0.00,0.00,0.00,0,0,0.00,0.00,0,0
1508083906,s1,0.00,0.00,0.00,0,0,0.00,0.00,0.00,0,0,0.00,0.00,0,0
1508083906,eth0,0.00,0.00,0.00,0,0,0.00,0.00,0.00,0,0,0.00,0.00,0,0
1508083906,eth1,0.00,0.00,0.00,0,0,0.00,0.00,0.00,0,0,0.00,0.00,0,0
1508083906,s2,0.00,0.00,0.00,0,0,0.00,0.00,0.00,0,0,0.00,0.00,0,0
1508083906,s1-eth2,11874.00,258894.00,270768.00,258894,11874,157.00,171.00,328.00,171,157,0.00,0.00,0,0
1508083906,s1-eth1,249810.00,11874.00,261684.00,11874,249810,165.00,157.00,322.00,157,165,0.00,0.00,0,0
1508083906,s2-eth2,1850.00,66616.00,68466.00,66616,1850,25.00,44.00,69.00,44,25,0.00,0.00,0,0
1508083906,s2-eth1,74186.00,1850.00,76036.00,1850,74186,49.00,25.00,74.00,25,49,0.00,0.00,0,0
1508083906,lo,172.00,172.00,344.00,172,172,3.00,3.00,6.00,3,3,0.00,0.00,0,0
1508083906,s4,0.00,0.00,0.00,0,0,0.00,0.00,0.00,0,0,0.00,0.00,0,0
1508083906,total,337892.00,339406.00,677298.00,339406,337892,399.00,400.00,799.00,400,399,0.00,0.00,0,0
1508083907,s5,0.00,0.00,0.00,0,0,0.00,0.00,0.00,0,0,0.00,0.00,0,0
1508083907,s1,0.00,0.00,0.00,0,0,0.00,0.00,0.00,0,0,0.00,0.00,0,0
1508083907,eth0,0.00,0.00,0.00,0,0,0.00,0.00,0.00,0,0,0.00,0.00,0,0
1508083907,eth1,0.00,0.00,0.00,0,0,0.00,0.00,0.00,0,0,0.00,0.00,0,0
1508083907,s2,0.00,0.00,0.00,0,0,0.00,0.00,0.00,0,0,0.00,0.00,0,0
1508083907,s1-eth2,12017.98,254097.91,266115.91,254352,12030,158.84,167.83,326.67,168,159,0.00,0.00,0,0
1508083907,s1-eth1,249560.45,12091.91,261652.36,12104,249810,164.84,159.84,324.68,160,165,0.00,0.00,0,0
1508083907,s2-eth2,4379.62,84699.30,89078.92,84784,4384,55.94,55.94,111.89,56,56,0.00,0.00,0,0
1508083907,s2-eth1,77136.87,4379.62,81516.48,4384,77214,50.95,55.94,106.89,56,51,0.00,0.00,0,0
1508083907,lo,343.66,343.66,687.31,344,344,5.99,5.99,11.99,6,6,0.00,0.00,0,0
1508083907,s4,0.00,0.00,0.00,0,0,0.00,0.00,0.00,0,0,0.00,0.00,0,0
1508083907,total,343438.56,355612.41,699050.94,355968,343782,436.56,445.55,882.12,446,437,0.00,0.00,0,0
1508083908,s5,0.00,0.00,0.00,0,0,0.00,0.00,0.00,0,0,0.00,0.00,0,0
1508083908,s1,0.00,0.00,0.00,0,0,0.00,0.00,0.00,0,0,0.00,0.00,0,0
1508083908,eth0,0.00,0.00,0.00,0,0,0.00,0.00,0.00,0,0,0.00,0.00,0,0
1508083908,eth1,0.00,0.00,0.00,0,0,0.00,0.00,0.00,0,0,0.00,0.00,0,0
1508083908,s2,0.00,0.00,0.00,0,0,0.00,0.00,0.00,0,0,0.00,0.00,0,0
1508083908,s1-eth2,12766.00,255866.00,268632.00,255866,12766,163.00,169.00,332.00,169,163,0.00,0.00,0,0
1508083908,s1-eth1,251324.00,12766.00,264090.00,12766,251324,166.00,163.00,329.00,163,166,0.00,0.00,0,0
1508083908,s2-eth2,2550.00,52990.00,55540.00,52990,2550,33.00,35.00,68.00,35,33,0.00,0.00,0,0
1508083908,s2-eth1,56018.00,2550.00,58568.00,2550,56018,37.00,33.00,70.00,33,37,0.00,0.00,0,0
1508083908,lo,172.00,172.00,344.00,172,172,3.00,3.00,6.00,3,3,0.00,0.00,0,0
1508083908,s4,0.00,0.00,0.00,0,0,0.00,0.00,0.00,0,0,0.00,0.00,0,0
1508083908,total,322830.00,324344.00,647174.00,324344,322830,402.00,403.00,805.00,403,402,0.00,0.00,0,0
1508083909,s5,0.00,0.00,0.00,0,0,0.00,0.00,0.00,0,0,0.00,0.00,0,0
1508083909,s1,0.00,0.00,0.00,0,0,0.00,0.00,0.00,0,0,0.00,0.00,0,0
1508083909,eth0,0.00,0.00,0.00,0,0,0.00,0.00,0.00,0,0,0.00,0.00,0,0
1508083909,eth1,0.00,0.00,0.00,0,0,0.00,0.00,0.00,0,0,0.00,0.00,0,0
1508083909,s2,0.00,0.00,0.00,0,0,0.00,0.00,0.00,0,0,0.00,0.00,0,0
1508083909,s1-eth2,12484.00,260408.00,272892.00,260408,12484,164.00,172.00,336.00,172,164,0.00,0.00,0,0
1508083909,s1-eth1,249810.00,12410.00,262220.00,12410,249810,165.00,163.00,328.00,163,165,0.00,0.00,0,0
1508083909,s2-eth2,2946.00,66616.00,69562.00,66616,2946,39.00,44.00,83.00,44,39,0.00,0.00,0,0
1508083909,s2-eth1,59046.00,2946.00,61992.00,2946,59046,39.00,39.00,78.00,39,39,0.00,0.00,0,0
1508083909,lo,0.00,0.00,0.00,0,0,0.00,0.00,0.00,0,0,0.00,0.00,0,0
1508083909,s4,0.00,0.00,0.00,0,0,0.00,0.00,0.00,0,0,0.00,0.00,0,0
1508083909,total,324286.00,342380.00,666666.00,342380,324286,407.00,418.00,825.00,418,407,0.00,0.00,0,0
1508083910,s5,0.00,0.00,0.00,0,0,0.00,0.00,0.00,0,0,0.00,0.00,0,0
1508083910,s1,0.00,0.00,0.00,0,0,0.00,0.00,0.00,0,0,0.00,0.00,0,0
1508083910,eth0,0.00,0.00,0.00,0,0,0.00,0.00,0.00,0,0,0.00,0.00,0,0
1508083910,eth1,0.00,0.00,0.00,0,0,0.00,0.00,0.00,0,0,0.00,0.00,0,0
1508083910,s2,0.00,0.00,0.00,0,0,0.00,0.00,0.00,0,0,0.00,0.00,0,0
1508083910,s1-eth2,12034.00,255866.00,267900.00,255866,12034,157.00,169.00,326.00,169,157,0.00,0.00,0,0
1508083910,s1-eth1,250152.00,12034.00,262186.00,12034,250152,166.00,157.00,323.00,157,166,0.00,0.00,0,0
1508083910,s2-eth2,2404.00,57532.00,59936.00,57532,2404,32.00,38.00,70.00,38,32,0.00,0.00,0,0
1508083910,s2-eth1,63588.00,2404.00,65992.00,2404,63588,42.00,32.00,74.00,32,42,0.00,0.00,0,0
1508083910,lo,0.00,0.00,0.00,0,0,0.00,0.00,0.00,0,0,0.00,0.00,0,0
1508083910,s4,0.00,0.00,0.00,0,0,0.00,0.00,0.00,0,0,0.00,0.00,0,0
1508083910,total,328178.00,327836.00,656014.00,327836,328178,397.00,396.00,793.00,396,397,0.00,0.00,0,0
1508083911,s5,0.00,0.00,0.00,0,0,0.00,0.00,0.00,0,0,0.00,0.00,0,0
1508083911,s1,0.00,0.00,0.00,0,0,0.00,0.00,0.00,0,0,0.00,0.00,0,0
1508083911,eth0,0.00,0.00,0.00,0,0,0.00,0.00,0.00,0,0,0.00,0.00,0,0
1508083911,eth1,0.00,0.00,0.00,0,0,0.00,0.00,0.00,0,0,0.00,0.00,0,0
1508083911,s2,0.00,0.00,0.00,0,0,0.00,0.00,0.00,0,0,0.00,0.00,0,0
1508083911,s1-eth2,10852.00,260408.00,271260.00,260408,10852,146.00,172.00,318.00,172,146,0.00,0.00,0,0
1508083911,s1-eth1,249810.00,10852.00,260662.00,10852,249810,165.00,146.00,311.00,146,165,0.00,0.00,0,0
1508083911,s2-eth2,2760.00,62074.00,64834.00,62074,2760,36.00,41.00,77.00,41,36,0.00,0.00,0,0
1508083911,s2-eth1,52990.00,2760.00,55750.00,2760,52990,35.00,36.00,71.00,36,35,0.00,0.00,0,0
1508083911,lo,172.00,172.00,344.00,172,172,3.00,3.00,6.00,3,3,0.00,0.00,0,0
1508083911,s4,0.00,0.00,0.00,0,0,0.00,0.00,0.00,0,0,0.00,0.00,0,0
1508083911,total,316584.00,336266.00,652850.00,336266,316584,385.00,398.00,783.00,398,385,0.00,0.00,0,0
1508083912,s5,0.00,0.00,0.00,0,0,0.00,0.00,0.00,0,0,0.00,0.00,0,0
1508083912,s1,0.00,0.00,0.00,0,0,0.00,0.00,0.00,0,0,0.00,0.00,0,0
1508083912,eth0,0.00,0.00,0.00,0,0,0.00,0.00,0.00,0,0,0.00,0.00,0,0
1508083912,eth1,0.00,0.00,0.00,0,0,0.00,0.00,0.00,0,0,0.00,0.00,0,0
1508083912,s2,0.00,0.00,0.00,0,0,0.00,0.00,0.00,0,0,0.00,0.00,0,0
1508083912,s1-eth2,12334.00,246782.00,259116.00,246782,12334,155.00,163.00,318.00,163,155,0.00,0.00,0,0
1508083912,s1-eth1,249810.00,12334.00,262144.00,12334,249810,165.00,155.00,320.00,155,165,0.00,0.00,0,0
1508083912,s2-eth2,3968.00,74186.00,78154.00,74186,3968,50.00,49.00,99.00,49,50,0.00,0.00,0,0
1508083912,s2-eth1,80242.00,3626.00,83868.00,3626,80242,53.00,49.00,102.00,49,53,0.00,0.00,0,0
1508083912,lo,344.00,344.00,688.00,344,344,6.00,6.00,12.00,6,6,0.00,0.00,0,0
1508083912,s4,0.00,0.00,0.00,0,0,0.00,0.00,0.00,0,0,0.00,0.00,0,0
1508083912,total,346698.00,337272.00,683970.00,337272,346698,429.00,422.00,851.00,422,429,0.00,0.00,0,0
1508083913,s5,0.00,0.00,0.00,0,0,0.00,0.00,0.00,0,0,0.00,0.00,0,0
1508083913,s1,0.00,0.00,0.00,0,0,0.00,0.00,0.00,0,0,0.00,0.00,0,0
1508083913,eth0,0.00,0.00,0.00,0,0,0.00,0.00,0.00,0,0,0.00,0.00,0,0
1508083913,eth1,0.00,0.00,0.00,0,0,0.00,0.00,0.00,0,0,0.00,0.00,0,0
1508083913,s2,0.00,0.00,0.00,0,0,0.00,0.00,0.00,0,0,0.00,0.00,0,0
1508083913,s1-eth2,12004.00,258894.00,270898.00,258894,12004,158.00,171.00,329.00,171,158,0.00,0.00,0,0
1508083913,s1-eth1,249810.00,12004.00,261814.00,12004,249810,165.00,158.00,323.00,158,165,0.00,0.00,0,0
1508083913,s2-eth2,3524.00,86298.00,89822.00,86298,3524,46.00,57.00,103.00,57,46,0.00,0.00,0,0
1508083913,s2-eth1,74186.00,3524.00,77710.00,3524,74186,49.00,46.00,95.00,46,49,0.00,0.00,0,0
1508083913,lo,172.00,172.00,344.00,172,172,3.00,3.00,6.00,3,3,0.00,0.00,0,0
1508083913,s4,0.00,0.00,0.00,0,0,0.00,0.00,0.00,0,0,0.00,0.00,0,0
1508083913,total,339696.00,360892.00,700588.00,360892,339696,421.00,435.00,856.00,435,421,0.00,0.00,0,0
1508083914,s5,0.00,0.00,0.00,0,0,0.00,0.00,0.00,0,0,0.00,0.00,0,0
1508083914,s1,0.00,0.00,0.00,0,0,0.00,0.00,0.00,0,0,0.00,0.00,0,0
1508083914,eth0,0.00,0.00,0.00,0,0,0.00,0.00,0.00,0,0,0.00,0.00,0,0
1508083914,eth1,0.00,0.00,0.00,0,0,0.00,0.00,0.00,0,0,0.00,0.00,0,0
1508083914,s2,0.00,0.00,0.00,0,0,0.00,0.00,0.00,0,0,0.00,0.00,0,0
1508083914,s1-eth2,13038.00,257380.00,270418.00,257380,13038,165.00,170.00,335.00,170,165,0.00,0.00,0,0
1508083914,s1-eth1,251324.00,12782.00,264106.00,12782,251324,166.00,165.00,331.00,165,166,0.00,0.00,0,0
1508083914,s2-eth2,3108.00,89326.00,92434.00,89326,3108,42.00,59.00,101.00,59,42,0.00,0.00,0,0
1508083914,s2-eth1,100266.00,3108.00,103374.00,3108,100266,67.00,42.00,109.00,42,67,0.00,0.00,0,0
1508083914,lo,0.00,0.00,0.00,0,0,0.00,0.00,0.00,0,0,0.00,0.00,0,0
1508083914,s4,0.00,0.00,0.00,0,0,0.00,0.00,0.00,0,0,0.00,0.00,0,0
1508083914,total,367736.00,362596.00,730332.00,362596,367736,440.00,436.00,876.00,436,440,0.00,0.00,0,0
1508083915,s5,0.00,0.00,0.00,0,0,0.00,0.00,0.00,0,0,0.00,0.00,0,0
1508083915,s1,0.00,0.00,0.00,0,0,0.00,0.00,0.00,0,0,0.00,0.00,0,0
1508083915,eth0,0.00,0.00,0.00,0,0,0.00,0.00,0.00,0,0,0.00,0.00,0,0
1508083915,eth1,0.00,0.00,0.00,0,0,0.00,0.00,0.00,0,0,0.00,0.00,0,0
1508083915,s2,0.00,0.00,0.00,0,0,0.00,0.00,0.00,0,0,0.00,0.00,0,0
1508083915,s1-eth2,12327.67,267710.31,280037.97,267978,12340,161.84,176.82,338.66,177,162,0.00,0.00,0,0
1508083915,s1-eth1,249560.45,12241.76,261802.20,12254,249810,164.84,160.84,325.67,161,165,0.00,0.00,0,0
1508083915,s2-eth2,4661.34,92261.74,96923.08,92354,4666,58.94,60.94,119.88,61,59,0.00,0.00,0,0
1508083915,s2-eth1,81674.33,4661.34,86335.66,4666,81756,53.95,58.94,112.89,59,54,0.00,0.00,0,0
1508083915,lo,0.00,0.00,0.00,0,0,0.00,0.00,0.00,0,0,0.00,0.00,0,0
1508083915,s4,0.00,0.00,0.00,0,0,0.00,0.00,0.00,0,0,0.00,0.00,0,0
1508083915,total,348223.78,376875.12,725098.94,377252,348572,439.56,457.54,897.10,458,440,0.00,0.00,0,0
1508083916,s5,0.00,0.00,0.00,0,0,0.00,0.00,0.00,0,0,0.00,0.00,0,0
1508083916,s1,0.00,0.00,0.00,0,0,0.00,0.00,0.00,0,0,0.00,0.00,0,0
1508083916,eth0,0.00,0.00,0.00,0,0,0.00,0.00,0.00,0,0,0.00,0.00,0,0
1508083916,eth1,0.00,0.00,0.00,0,0,0.00,0.00,0.00,0,0,0.00,0.00,0,0
1508083916,s2,0.00,0.00,0.00,0,0,0.00,0.00,0.00,0,0,0.00,0.00,0,0
1508083916,s1-eth2,12348.00,257380.00,269728.00,257380,12348,158.00,170.00,328.00,170,158,0.00,0.00,0,0
1508083916,s1-eth1,249810.00,12348.00,262158.00,12348,249810,165.00,158.00,323.00,158,165,0.00,0.00,0,0
1508083916,s2-eth2,2612.00,62074.00,64686.00,62074,2612,34.00,41.00,75.00,41,34,0.00,0.00,0,0
1508083916,s2-eth1,69644.00,2612.00,72256.00,2612,69644,46.00,34.00,80.00,34,46,0.00,0.00,0,0
1508083916,lo,172.00,172.00,344.00,172,172,3.00,3.00,6.00,3,3,0.00,0.00,0,0
1508083916,s4,0.00,0.00,0.00,0,0,0.00,0.00,0.00,0,0,0.00,0.00,0,0
1508083916,total,334586.00,334586.00,669172.00,334586,334586,406.00,406.00,812.00,406,406,0.00,0.00,0,0
1508083917,s5,0.00,0.00,0.00,0,0,0.00,0.00,0.00,0,0,0.00,0.00,0,0
1508083917,s1,0.00,0.00,0.00,0,0,0.00,0.00,0.00,0,0,0.00,0.00,0,0
1508083917,eth0,0.00,0.00,0.00,0,0,0.00,0.00,0.00,0,0,0.00,0.00,0,0
1508083917,eth1,0.00,0.00,0.00,0,0,0.00,0.00,0.00,0,0,0.00,0.00,0,0
1508083917,s2,0.00,0.00,0.00,0,0,0.00,0.00,0.00,0,0,0.00,0.00,0,0
1508083917,s1-eth2,12388.00,260408.00,272796.00,260408,12388,162.00,172.00,334.00,172,162,0.00,0.00,0,0
1508083917,s1-eth1,249810.00,12388.00,262198.00,12388,249810,165.00,162.00,327.00,162,165,0.00,0.00,0,0
1508083917,s2-eth2,2784.00,80242.00,83026.00,80242,2784,36.00,53.00,89.00,53,36,0.00,0.00,0,0
1508083917,s2-eth1,71158.00,2784.00,73942.00,2784,71158,47.00,36.00,83.00,36,47,0.00,0.00,0,0
1508083917,lo,344.00,344.00,688.00,344,344,6.00,6.00,12.00,6,6,0.00,0.00,0,0
1508083917,s4,0.00,0.00,0.00,0,0,0.00,0.00,0.00,0,0,0.00,0.00,0,0
1508083917,total,336484.00,356166.00,692650.00,356166,336484,416.00,429.00,845.00,429,416,0.00,0.00,0,0
1508083918,s5,0.00,0.00,0.00,0,0,0.00,0.00,0.00,0,0,0.00,0.00,0,0
1508083918,s1,0.00,0.00,0.00,0,0,0.00,0.00,0.00,0,0,0.00,0.00,0,0
1508083918,eth0,0.00,0.00,0.00,0,0,0.00,0.00,0.00,0,0,0.00,0.00,0,0
1508083918,eth1,0.00,0.00,0.00,0,0,0.00,0.00,0.00,0,0,0.00,0.00,0,0
1508083918,s2,0.00,0.00,0.00,0,0,0.00,0.00,0.00,0,0,0.00,0.00,0,0
1508083918,s1-eth2,12762.00,260408.00,273170.00,260408,12762,165.00,172.00,337.00,172,165,0.00,0.00,0,0
1508083918,s1-eth1,249810.00,12836.00,262646.00,12836,249810,165.00,166.00,331.00,166,165,0.00,0.00,0,0
1508083918,s2-eth2,3228.00,72672.00,75900.00,72672,3228,42.00,48.00,90.00,48,42,0.00,0.00,0,0
1508083918,s2-eth1,77214.00,3376.00,80590.00,3376,77214,51.00,44.00,95.00,44,51,0.00,0.00,0,0
1508083918,lo,172.00,172.00,344.00,172,172,3.00,3.00,6.00,3,3,0.00,0.00,0,0
1508083918,s4,0.00,0.00,0.00,0,0,0.00,0.00,0.00,0,0,0.00,0.00,0,0
1508083918,total,343186.00,349464.00,692650.00,349464,343186,426.00,433.00,859.00,433,426,0.00,0.00,0,0
1508083919,s5,0.00,0.00,0.00,0,0,0.00,0.00,0.00,0,0,0.00,0.00,0,0
1508083919,s1,0.00,0.00,0.00,0,0,0.00,0.00,0.00,0,0,0.00,0.00,0,0
1508083919,eth0,0.00,0.00,0.00,0,0,0.00,0.00,0.00,0,0,0.00,0.00,0,0
1508083919,eth1,0.00,0.00,0.00,0,0,0.00,0.00,0.00,0,0,0.00,0.00,0,0
1508083919,s2,0.00,0.00,0.00,0,0,0.00,0.00,0.00,0,0,0.00,0.00,0,0
1508083919,s1-eth2,12536.00,252838.00,265374.00,252838,12536,162.00,167.00,329.00,167,162,0.00,0.00,0,0
1508083919,s1-eth1,250152.00,12462.00,262614.00,12462,250152,166.00,161.00,327.00,161,166,0.00,0.00,0,0
1508083919,s2-eth2,4075.00,81756.00,85831.00,81756,4075,53.00,54.00,107.00,54,53,0.00,0.00,0,0
1508083919,s2-eth1,77214.00,3820.00,81034.00,3820,77214,51.00,50.00,101.00,50,51,0.00,0.00,0,0
1508083919,lo,0.00,0.00,0.00,0,0,0.00,0.00,0.00,0,0,0.00,0.00,0,0
1508083919,s4,0.00,0.00,0.00,0,0,0.00,0.00,0.00,0,0,0.00,0.00,0,0
1508083919,total,343977.00,350876.00,694853.00,350876,343977,432.00,432.00,864.00,432,432,0.00,0.00,0,0
1508083920,s5,0.00,0.00,0.00,0,0,0.00,0.00,0.00,0,0,0.00,0.00,0,0
1508083920,s1,0.00,0.00,0.00,0,0,0.00,0.00,0.00,0,0,0.00,0.00,0,0
1508083920,eth0,0.00,0.00,0.00,0,0,0.00,0.00,0.00,0,0,0.00,0.00,0,0
1508083920,eth1,0.00,0.00,0.00,0,0,0.00,0.00,0.00,0,0,0.00,0.00,0,0
1508083920,s2,0.00,0.00,0.00,0,0,0.00,0.00,0.00,0,0,0.00,0.00,0,0
1508083920,s1-eth2,12231.00,258894.00,271125.00,258894,12231,159.00,171.00,330.00,171,159,0.00,0.00,0,0
1508083920,s1-eth1,248403.00,12198.00,260601.00,12198,248403,165.00,159.00,324.00,159,165,0.00,0.00,0,0
1508083920,s2-eth2,2812.00,87812.00,90624.00,87812,2812,38.00,58.00,96.00,58,38,0.00,0.00,0,0
1508083920,s2-eth1,86405.00,2812.00,89217.00,2812,86405,58.00,38.00,96.00,38,58,0.00,0.00,0,0
1508083920,lo,0.00,0.00,0.00,0,0,0.00,0.00,0.00,0,0,0.00,0.00,0,0
1508083920,s4,0.00,0.00,0.00,0,0,0.00,0.00,0.00,0,0,0.00,0.00,0,0
1508083920,total,349851.00,361716.00,711567.00,361716,349851,420.00,426.00,846.00,426,420,0.00,0.00,0,0
1508083921,s5,0.00,0.00,0.00,0,0,0.00,0.00,0.00,0,0,0.00,0.00,0,0
1508083921,s1,0.00,0.00,0.00,0,0,0.00,0.00,0.00,0,0,0.00,0.00,0,0
1508083921,eth0,0.00,0.00,0.00,0,0,0.00,0.00,0.00,0,0,0.00,0.00,0,0
1508083921,eth1,0.00,0.00,0.00,0,0,0.00,0.00,0.00,0,0,0.00,0.00,0,0
1508083921,s2,0.00,0.00,0.00,0,0,0.00,0.00,0.00,0,0,0.00,0.00,0,0
1508083921,s1-eth2,12386.00,258894.00,271280.00,258894,12386,161.00,171.00,332.00,171,161,0.00,0.00,0,0
1508083921,s1-eth1,251324.00,12312.00,263636.00,12312,251324,166.00,160.00,326.00,160,166,0.00,0.00,0,0
1508083921,s2-eth2,3034.00,105980.00,109014.00,105980,3034,41.00,70.00,111.00,70,41,0.00,0.00,0,0
1508083921,s2-eth1,101438.00,3034.00,104472.00,3034,101438,67.00,41.00,108.00,41,67,0.00,0.00,0,0
1508083921,lo,172.00,172.00,344.00,172,172,3.00,3.00,6.00,3,3,0.00,0.00,0,0
1508083921,s4,0.00,0.00,0.00,0,0,0.00,0.00,0.00,0,0,0.00,0.00,0,0
1508083921,total,368354.00,380392.00,748746.00,380392,368354,438.00,445.00,883.00,445,438,0.00,0.00,0,0
1508083922,s5,0.00,0.00,0.00,0,0,0.00,0.00,0.00,0,0,0.00,0.00,0,0
1508083922,s1,0.00,0.00,0.00,0,0,0.00,0.00,0.00,0,0,0.00,0.00,0,0
1508083922,eth0,0.00,0.00,0.00,0,0,0.00,0.00,0.00,0,0,0.00,0.00,0,0
1508083922,eth1,0.00,0.00,0.00,0,0,0.00,0.00,0.00,0,0,0.00,0.00,0,0
1508083922,s2,0.00,0.00,0.00,0,0,0.00,0.00,0.00,0,0,0.00,0.00,0,0
1508083922,s1-eth2,12556.00,266464.00,279020.00,266464,12556,164.00,176.00,340.00,176,164,0.00,0.00,0,0
1508083922,s1-eth1,249810.00,12556.00,262366.00,12556,249810,165.00,164.00,329.00,164,165,0.00,0.00,0,0
1508083922,s2-eth2,3782.00,109008.00,112790.00,109008,3782,49.00,72.00,121.00,72,49,0.00,0.00,0,0
1508083922,s2-eth1,113550.00,3782.00,117332.00,3782,113550,75.00,49.00,124.00,49,75,0.00,0.00,0,0
1508083922,lo,344.00,344.00,688.00,344,344,6.00,6.00,12.00,6,6,0.00,0.00,0,0
1508083922,s4,0.00,0.00,0.00,0,0,0.00,0.00,0.00,0,0,0.00,0.00,0,0
1508083922,total,380042.00,392154.00,772196.00,392154,380042,459.00,467.00,926.00,467,459,0.00,0.00,0,0
1508083923,s5,0.00,0.00,0.00,0,0,0.00,0.00,0.00,0,0,0.00,0.00,0,0
1508083923,s1,0.00,0.00,0.00,0,0,0.00,0.00,0.00,0,0,0.00,0.00,0,0
1508083923,eth0,0.00,0.00,0.00,0,0,0.00,0.00,0.00,0,0,0.00,0.00,0,0
1508083923,eth1,0.00,0.00,0.00,0,0,0.00,0.00,0.00,0,0,0.00,0.00,0,0
1508083923,s2,0.00,0.00,0.00,0,0,0.00,0.00,0.00,0,0,0.00,0.00,0,0
1508083923,s1-eth2,12035.96,255610.39,267646.38,255866,12048,157.84,168.83,326.67,169,158,0.00,0.00,0,0
1508083923,s1-eth1,249560.45,12035.96,261596.41,12048,249810,164.84,157.84,322.68,158,165,0.00,0.00,0,0
1508083923,s2-eth2,4603.40,117974.03,122577.43,118092,4608,59.94,77.92,137.86,78,60,0.00,0.00,0,0
1508083923,s2-eth1,110411.59,4603.40,115014.98,4608,110522,72.93,59.94,132.87,60,73,0.00,0.00,0,0
1508083923,lo,171.83,171.83,343.66,172,172,3.00,3.00,5.99,3,3,0.00,0.00,0,0
1508083923,s4,0.00,0.00,0.00,0,0,0.00,0.00,0.00,0,0,0.00,0.00,0,0
1508083923,total,376783.22,390395.62,767178.81,390786,377160,458.54,467.53,926.07,468,459,0.00,0.00,0,0
1508083924,s5,0.00,0.00,0.00,0,0,0.00,0.00,0.00,0,0,0.00,0.00,0,0
1508083924,s1,0.00,0.00,0.00,0,0,0.00,0.00,0.00,0,0,0.00,0.00,0,0
1508083924,eth0,0.00,0.00,0.00,0,0,0.00,0.00,0.00,0,0,0.00,0.00,0,0
1508083924,eth1,0.00,0.00,0.00,0,0,0.00,0.00,0.00,0,0,0.00,0.00,0,0
1508083924,s2,0.00,0.00,0.00,0,0,0.00,0.00,0.00,0,0,0.00,0.00,0,0
1508083924,s1-eth2,12580.00,252838.00,265418.00,252838,12580,164.00,167.00,331.00,167,164,0.00,0.00,0,0
1508083924,s1-eth1,249810.00,12580.00,262390.00,12580,249810,165.00,164.00,329.00,164,165,0.00,0.00,0,0
1508083924,s2-eth2,4740.00,98410.00,103150.00,98410,4740,60.00,65.00,125.00,65,60,0.00,0.00,0,0
1508083924,s2-eth1,104466.00,4740.00,109206.00,4740,104466,69.00,60.00,129.00,60,69,0.00,0.00,0,0
1508083924,lo,0.00,0.00,0.00,0,0,0.00,0.00,0.00,0,0,0.00,0.00,0,0
1508083924,s4,0.00,0.00,0.00,0,0,0.00,0.00,0.00,0,0,0.00,0.00,0,0
1508083924,total,371596.00,368568.00,740164.00,368568,371596,458.00,456.00,914.00,456,458,0.00,0.00,0,0
1508083925,s5,0.00,0.00,0.00,0,0,0.00,0.00,0.00,0,0,0.00,0.00,0,0
1508083925,s1,0.00,0.00,0.00,0,0,0.00,0.00,0.00,0,0,0.00,0.00,0,0
1508083925,eth0,0.00,0.00,0.00,0,0,0.00,0.00,0.00,0,0,0.00,0.00,0,0
1508083925,eth1,0.00,0.00,0.00,0,0,0.00,0.00,0.00,0,0,0.00,0.00,0,0
1508083925,s2,0.00,0.00,0.00,0,0,0.00,0.00,0.00,0,0,0.00,0.00,0,0
1508083925,s1-eth2,12148.00,257380.00,269528.00,257380,12148,158.00,170.00,328.00,170,158,0.00,0.00,0,0
1508083925,s1-eth1,249810.00,12234.00,262044.00,12234,249810,165.00,159.00,324.00,159,165,0.00,0.00,0,0
1508083925,s2-eth2,3536.00,63630.00,67166.00,63630,3536,42.00,43.00,85.00,43,42,0.00,0.00,0,0
1508083925,s2-eth1,56060.00,3194.00,59254.00,3194,56060,38.00,41.00,79.00,41,38,0.00,0.00,0,0
1508083925,lo,0.00,0.00,0.00,0,0,0.00,0.00,0.00,0,0,0.00,0.00,0,0
1508083925,s4,0.00,0.00,0.00,0,0,0.00,0.00,0.00,0,0,0.00,0.00,0,0
1508083925,total,321554.00,336438.00,657992.00,336438,321554,403.00,413.00,816.00,413,403,0.00,0.00,0,0
1508083926,s5,0.00,0.00,0.00,0,0,0.00,0.00,0.00,0,0,0.00,0.00,0,0
1508083926,s1,0.00,0.00,0.00,0,0,0.00,0.00,0.00,0,0,0.00,0.00,0,0
1508083926,eth0,0.00,0.00,0.00,0,0,0.00,0.00,0.00,0,0,0.00,0.00,0,0
1508083926,eth1,0.00,0.00,0.00,0,0,0.00,0.00,0.00,0,0,0.00,0.00,0,0
1508083926,s2,0.00,0.00,0.00,0,0,0.00,0.00,0.00,0,0,0.00,0.00,0,0
1508083926,s1-eth2,12636.00,261922.00,274558.00,261922,12636,164.00,173.00,337.00,173,164,0.00,0.00,0,0
1508083926,s1-eth1,251324.00,12550.00,263874.00,12550,251324,166.00,163.00,329.00,163,166,0.00,0.00,0,0
1508083926,s2-eth2,2220.00,74186.00,76406.00,74186,2220,30.00,49.00,79.00,49,30,0.00,0.00,0,0
1508083926,s2-eth1,72672.00,2220.00,74892.00,2220,72672,48.00,30.00,78.00,30,48,0.00,0.00,0,0
1508083926,lo,172.00,172.00,344.00,172,172,3.00,3.00,6.00,3,3,0.00,0.00,0,0
1508083926,s4,0.00,0.00,0.00,0,0,0.00,0.00,0.00,0,0,0.00,0.00,0,0
1508083926,total,339024.00,351050.00,690074.00,351050,339024,411.00,418.00,829.00,418,411,0.00,0.00,0,0
1508083927,s5,0.00,0.00,0.00,0,0,0.00,0.00,0.00,0,0,0.00,0.00,0,0
1508083927,s1,0.00,0.00,0.00,0,0,0.00,0.00,0.00,0,0,0.00,0.00,0,0
1508083927,eth0,0.00,0.00,0.00,0,0,0.00,0.00,0.00,0,0,0.00,0.00,0,0
1508083927,eth1,0.00,0.00,0.00,0,0,0.00,0.00,0.00,0,0,0.00,0.00,0,0
1508083927,s2,0.00,0.00,0.00,0,0,0.00,0.00,0.00,0,0,0.00,0.00,0,0
1508083927,s1-eth2,11586.00,243754.00,255340.00,243754,11586,151.00,161.00,312.00,161,151,0.00,0.00,0,0
1508083927,s1-eth1,236184.00,11586.00,247770.00,11586,236184,156.00,151.00,307.00,151,156,0.00,0.00,0,0
1508083927,s2-eth2,3178.00,65102.00,68280.00,65102,3178,41.00,43.00,84.00,43,41,0.00,0.00,0,0
1508083927,s2-eth1,63588.00,3178.00,66766.00,3178,63588,42.00,41.00,83.00,41,42,0.00,0.00,0,0
1508083927,lo,344.00,344.00,688.00,344,344,6.00,6.00,12.00,6,6,0.00,0.00,0,0
1508083927,s4,0.00,0.00,0.00,0,0,0.00,0.00,0.00,0,0,0.00,0.00,0,0
1508083927,total,314880.00,323964.00,638844.00,323964,314880,396.00,402.00,798.00,402,396,0.00,0.00,0,0
1508083928,s5,0.00,0.00,0.00,0,0,0.00,0.00,0.00,0,0,0.00,0.00,0,0
1508083928,s1,0.00,0.00,0.00,0,0,0.00,0.00,0.00,0,0,0.00,0.00,0,0
1508083928,eth0,0.00,0.00,0.00,0,0,0.00,0.00,0.00,0,0,0.00,0.00,0,0
1508083928,eth1,0.00,0.00,0.00,0,0,0.00,0.00,0.00,0,0,0.00,0.00,0,0
1508083928,s2,0.00,0.00,0.00,0,0,0.00,0.00,0.00,0,0,0.00,0.00,0,0
1508083928,s1-eth2,9808.00,213474.00,223282.00,213474,9808,128.00,141.00,269.00,141,128,0.00,0.00,0,0
1508083928,s1-eth1,199848.00,9808.00,209656.00,9808,199848,132.00,128.00,260.00,128,132,0.00,0.00,0,0
1508083928,s2-eth2,2538.00,66616.00,69154.00,66616,2538,33.00,44.00,77.00,44,33,0.00,0.00,0,0
1508083928,s2-eth1,66958.00,2538.00,69496.00,2538,66958,45.00,33.00,78.00,33,45,0.00,0.00,0,0
1508083928,lo,172.00,172.00,344.00,172,172,3.00,3.00,6.00,3,3,0.00,0.00,0,0
1508083928,s4,0.00,0.00,0.00,0,0,0.00,0.00,0.00,0,0,0.00,0.00,0,0
1508083928,total,279324.00,292608.00,571932.00,292608,279324,341.00,349.00,690.00,349,341,0.00,0.00,0,0
1508083929,s5,0.00,0.00,0.00,0,0,0.00,0.00,0.00,0,0,0.00,0.00,0,0
1508083929,s1,0.00,0.00,0.00,0,0,0.00,0.00,0.00,0,0,0.00,0.00,0,0
1508083929,eth0,0.00,0.00,0.00,0,0,0.00,0.00,0.00,0,0,0.00,0.00,0,0
1508083929,eth1,0.00,0.00,0.00,0,0,0.00,0.00,0.00,0,0,0.00,0.00,0,0
1508083929,s2,0.00,0.00,0.00,0,0,0.00,0.00,0.00,0,0,0.00,0.00,0,0
1508083929,s1-eth2,12460.00,260408.00,272868.00,260408,12460,162.00,172.00,334.00,172,162,0.00,0.00,0,0
1508083929,s1-eth1,249810.00,12460.00,262270.00,12460,249810,165.00,162.00,327.00,162,165,0.00,0.00,0,0
1508083929,s2-eth2,2624.00,69644.00,72268.00,69644,2624,34.00,46.00,80.00,46,34,0.00,0.00,0,0
1508083929,s2-eth1,66616.00,2624.00,69240.00,2624,66616,44.00,34.00,78.00,34,44,0.00,0.00,0,0
1508083929,lo,0.00,0.00,0.00,0,0,0.00,0.00,0.00,0,0,0.00,0.00,0,0
1508083929,s4,0.00,0.00,0.00,0,0,0.00,0.00,0.00,0,0,0.00,0.00,0,0
1508083929,total,331510.00,345136.00,676646.00,345136,331510,405.00,414.00,819.00,414,405,0.00,0.00,0,0
1508083930,s5,0.00,0.00,0.00,0,0,0.00,0.00,0.00,0,0,0.00,0.00,0,0
1508083930,s1,0.00,0.00,0.00,0,0,0.00,0.00,0.00,0,0,0.00,0.00,0,0
1508083930,eth0,0.00,0.00,0.00,0,0,0.00,0.00,0.00,0,0,0.00,0.00,0,0
1508083930,eth1,0.00,0.00,0.00,0,0,0.00,0.00,0.00,0,0,0.00,0.00,0,0
1508083930,s2,0.00,0.00,0.00,0,0,0.00,0.00,0.00,0,0,0.00,0.00,0,0
1508083930,s1-eth2,12150.00,260408.00,272558.00,260408,12150,159.00,172.00,331.00,172,159,0.00,0.00,0,0
1508083930,s1-eth1,249810.00,12224.00,262034.00,12224,249810,165.00,160.00,325.00,160,165,0.00,0.00,0,0
1508083930,s2-eth2,2698.00,68130.00,70828.00,68130,2698,35.00,45.00,80.00,45,35,0.00,0.00,0,0
1508083930,s2-eth1,65102.00,2698.00,67800.00,2698,65102,43.00,35.00,78.00,35,43,0.00,0.00,0,0
1508083930,lo,0.00,0.00,0.00,0,0,0.00,0.00,0.00,0,0,0.00,0.00,0,0
1508083930,s4,0.00,0.00,0.00,0,0,0.00,0.00,0.00,0,0,0.00,0.00,0,0
1508083930,total,329760.00,343460.00,673220.00,343460,329760,402.00,412.00,814.00,412,402,0.00,0.00,0,0
1508083931,s5,0.00,0.00,0.00,0,0,0.00,0.00,0.00,0,0,0.00,0.00,0,0
1508083931,s1,0.00,0.00,0.00,0,0,0.00,0.00,0.00,0,0,0.00,0.00,0,0
1508083931,eth0,0.00,0.00,0.00,0,0,0.00,0.00,0.00,0,0,0.00,0.00,0,0
1508083931,eth1,0.00,0.00,0.00,0,0,0.00,0.00,0.00,0,0,0.00,0.00,0,0
1508083931,s2,0.00,0.00,0.00,0,0,0.00,0.00,0.00,0,0,0.00,0.00,0,0
1508083931,s1-eth2,12490.00,261922.00,274412.00,261922,12490,159.00,173.00,332.00,173,159,0.00,0.00,0,0
1508083931,s1-eth1,251324.00,12416.00,263740.00,12416,251324,166.00,158.00,324.00,158,166,0.00,0.00,0,0
1508083931,s2-eth2,1628.00,72672.00,74300.00,72672,1628,22.00,48.00,70.00,48,22,0.00,0.00,0,0
1508083931,s2-eth1,75700.00,1628.00,77328.00,1628,75700,50.00,22.00,72.00,22,50,0.00,0.00,0,0
1508083931,lo,172.00,172.00,344.00,172,172,3.00,3.00,6.00,3,3,0.00,0.00,0,0
1508083931,s4,0.00,0.00,0.00,0,0,0.00,0.00,0.00,0,0,0.00,0.00,0,0
1508083931,total,341314.00,348810.00,690124.00,348810,341314,400.00,404.00,804.00,404,400,0.00,0.00,0,0
1508083932,s5,0.00,0.00,0.00,0,0,0.00,0.00,0.00,0,0,0.00,0.00,0,0
1508083932,s1,0.00,0.00,0.00,0,0,0.00,0.00,0.00,0,0,0.00,0.00,0,0
1508083932,eth0,0.00,0.00,0.00,0,0,0.00,0.00,0.00,0,0,0.00,0.00,0,0
1508083932,eth1,0.00,0.00,0.00,0,0,0.00,0.00,0.00,0,0,0.00,0.00,0,0
1508083932,s2,0.00,0.00,0.00,0,0,0.00,0.00,0.00,0,0,0.00,0.00,0,0
1508083932,s1-eth2,12016.00,261922.00,273938.00,261922,12016,158.00,173.00,331.00,173,158,0.00,0.00,0,0
1508083932,s1-eth1,249810.00,12016.00,261826.00,12016,249810,165.00,158.00,323.00,158,165,0.00,0.00,0,0
1508083932,s2-eth2,2532.00,71158.00,73690.00,71158,2532,32.00,47.00,79.00,47,32,0.00,0.00,0,0
1508083932,s2-eth1,68130.00,2532.00,70662.00,2532,68130,45.00,32.00,77.00,32,45,0.00,0.00,0,0
1508083932,lo,344.00,344.00,688.00,344,344,6.00,6.00,12.00,6,6,0.00,0.00,0,0
1508083932,s4,0.00,0.00,0.00,0,0,0.00,0.00,0.00,0,0,0.00,0.00,0,0
1508083932,total,332832.00,347972.00,680804.00,347972,332832,406.00,416.00,822.00,416,406,0.00,0.00,0,0
1508083933,s5,0.00,0.00,0.00,0,0,0.00,0.00,0.00,0,0,0.00,0.00,0,0
1508083933,s1,0.00,0.00,0.00,0,0,0.00,0.00,0.00,0,0,0.00,0.00,0,0
1508083933,eth0,0.00,0.00,0.00,0,0,0.00,0.00,0.00,0,0,0.00,0.00,0,0
1508083933,eth1,0.00,0.00,0.00,0,0,0.00,0.00,0.00,0,0,0.00,0.00,0,0
1508083933,s2,0.00,0.00,0.00,0,0,0.00,0.00,0.00,0,0,0.00,0.00,0,0
1508083933,s1-eth2,12430.00,255866.00,268296.00,255866,12430,161.00,169.00,330.00,169,161,0.00,0.00,0,0
1508083933,s1-eth1,248296.00,12430.00,260726.00,12430,248296,164.00,161.00,325.00,161,164,0.00,0.00,0,0
1508083933,s2-eth2,2970.00,65102.00,68072.00,65102,2970,39.00,43.00,82.00,43,39,0.00,0.00,0,0
1508083933,s2-eth1,62074.00,2970.00,65044.00,2970,62074,41.00,39.00,80.00,39,41,0.00,0.00,0,0
1508083933,lo,172.00,172.00,344.00,172,172,3.00,3.00,6.00,3,3,0.00,0.00,0,0
1508083933,s4,0.00,0.00,0.00,0,0,0.00,0.00,0.00,0,0,0.00,0.00,0,0
1508083933,total,325942.00,336540.00,662482.00,336540,325942,408.00,415.00,823.00,415,408,0.00,0.00,0,0
1508083934,s5,0.00,0.00,0.00,0,0,0.00,0.00,0.00,0,0,0.00,0.00,0,0
1508083934,s1,0.00,0.00,0.00,0,0,0.00,0.00,0.00,0,0,0.00,0.00,0,0
1508083934,eth0,0.00,0.00,0.00,0,0,0.00,0.00,0.00,0,0,0.00,0.00,0,0
1508083934,eth1,0.00,0.00,0.00,0,0,0.00,0.00,0.00,0,0,0.00,0.00,0,0
1508083934,s2,0.00,0.00,0.00,0,0,0.00,0.00,0.00,0,0,0.00,0.00,0,0
1508083934,s1-eth2,12374.00,258894.00,271268.00,258894,12374,163.00,171.00,334.00,171,163,0.00,0.00,0,0
1508083934,s1-eth1,251324.00,12448.00,263772.00,12448,251324,166.00,164.00,330.00,164,166,0.00,0.00,0,0
1508083934,s2-eth2,2846.00,68130.00,70976.00,68130,2846,37.00,45.00,82.00,45,37,0.00,0.00,0,0
1508083934,s2-eth1,69644.00,2846.00,72490.00,2846,69644,46.00,37.00,83.00,37,46,0.00,0.00,0,0
1508083934,lo,0.00,0.00,0.00,0,0,0.00,0.00,0.00,0,0,0.00,0.00,0,0
1508083934,s4,0.00,0.00,0.00,0,0,0.00,0.00,0.00,0,0,0.00,0.00,0,0
1508083934,total,336188.00,342318.00,678506.00,342318,336188,412.00,417.00,829.00,417,412,0.00,0.00,0,0
1508083935,s5,0.00,0.00,0.00,0,0,0.00,0.00,0.00,0,0,0.00,0.00,0,0
1508083935,s1,0.00,0.00,0.00,0,0,0.00,0.00,0.00,0,0,0.00,0.00,0,0
1508083935,eth0,608.00,980.00,1588.00,980,608,8.00,8.00,16.00,8,8,0.00,0.00,0,0
1508083935,eth1,0.00,0.00,0.00,0,0,0.00,0.00,0.00,0,0,0.00,0.00,0,0
1508083935,s2,0.00,0.00,0.00,0,0,0.00,0.00,0.00,0,0,0.00,0.00,0,0
1508083935,s1-eth2,12686.00,251324.00,264010.00,251324,12686,161.00,166.00,327.00,166,161,0.00,0.00,0,0
1508083935,s1-eth1,248748.00,12234.00,260982.00,12234,248748,166.00,159.00,325.00,159,166,0.00,0.00,0,0
1508083935,s2-eth2,3790.00,74186.00,77976.00,74186,3790,45.00,49.00,94.00,49,45,0.00,0.00,0,0
1508083935,s2-eth1,71158.00,3228.00,74386.00,3228,71158,47.00,42.00,89.00,42,47,0.00,0.00,0,0
1508083935,lo,1364.00,1364.00,2728.00,1364,1364,16.00,16.00,32.00,16,16,0.00,0.00,0,0
1508083935,s4,0.00,0.00,0.00,0,0,0.00,0.00,0.00,0,0,0.00,0.00,0,0
1508083935,total,338354.00,343316.00,681670.00,343316,338354,443.00,440.00,883.00,440,443,0.00,0.00,0,0
1508083936,s5,0.00,0.00,0.00,0,0,0.00,0.00,0.00,0,0,0.00,0.00,0,0
1508083936,s1,0.00,0.00,0.00,0,0,0.00,0.00,0.00,0,0,0.00,0.00,0,0
1508083936,eth0,152.00,245.00,397.00,245,152,2.00,2.00,4.00,2,2,0.00,0.00,0,0
1508083936,eth1,0.00,0.00,0.00,0,0,0.00,0.00,0.00,0,0,0.00,0.00,0,0
1508083936,s2,0.00,0.00,0.00,0,0,0.00,0.00,0.00,0,0,0.00,0.00,0,0
1508083936,s1-eth2,12238.00,258936.00,271174.00,258936,12238,163.00,172.00,335.00,172,163,0.00,0.00,0,0
1508083936,s1-eth1,250040.00,12050.00,262090.00,12050,250040,168.00,161.00,329.00,161,168,0.00,0.00,0,0
1508083936,s2-eth2,2520.00,81756.00,84276.00,81756,2520,34.00,54.00,88.00,54,34,0.00,0.00,0,0
1508083936,s2-eth1,80882.00,2442.00,83324.00,2442,80882,57.00,33.00,90.00,33,57,0.00,0.00,0,0
1508083936,lo,637.00,637.00,1274.00,637,637,7.00,7.00,14.00,7,7,0.00,0.00,0,0
1508083936,s4,0.00,0.00,0.00,0,0,0.00,0.00,0.00,0,0,0.00,0.00,0,0
1508083936,total,346469.00,356066.00,702535.00,356066,346469,431.00,429.00,860.00,429,431,0.00,0.00,0,0
1508083937,s5,0.00,0.00,0.00,0,0,0.00,0.00,0.00,0,0,0.00,0.00,0,0
1508083937,s1,0.00,0.00,0.00,0,0,0.00,0.00,0.00,0,0,0.00,0.00,0,0
1508083937,eth0,608.00,980.00,1588.00,980,608,8.00,8.00,16.00,8,8,0.00,0.00,0,0
1508083937,eth1,0.00,0.00,0.00,0,0,0.00,0.00,0.00,0,0,0.00,0.00,0,0
1508083937,s2,0.00,0.00,0.00,0,0,0.00,0.00,0.00,0,0,0.00,0.00,0,0
1508083937,s1-eth2,13449.00,252838.00,266287.00,252838,13449,168.00,167.00,335.00,167,168,0.00,0.00,0,0
1508083937,s1-eth1,251499.00,12396.00,263895.00,12396,251499,174.00,160.00,334.00,160,174,0.00,0.00,0,0
1508083937,s2-eth2,5217.00,78728.00,83945.00,78728,5217,55.00,52.00,107.00,52,55,0.00,0.00,0,0
1508083937,s2-eth1,77372.00,3438.00,80810.00,3438,77372,59.00,45.00,104.00,45,59,0.00,0.00,0,0
1508083937,lo,1708.00,1708.00,3416.00,1708,1708,22.00,22.00,44.00,22,22,0.00,0.00,0,0
1508083937,s4,0.00,0.00,0.00,0,0,0.00,0.00,0.00,0,0,0.00,0.00,0,0
1508083937,total,349853.00,350088.00,699941.00,350088,349853,486.00,454.00,940.00,454,486,0.00,0.00,0,0
1508083938,s5,0.00,0.00,0.00,0,0,0.00,0.00,0.00,0,0,0.00,0.00,0,0
1508083938,s1,0.00,0.00,0.00,0,0,0.00,0.00,0.00,0,0,0.00,0.00,0,0
1508083938,eth0,151.85,244.76,396.60,245,152,2.00,2.00,4.00,2,2,0.00,0.00,0,0
1508083938,eth1,0.00,0.00,0.00,0,0,0.00,0.00,0.00,0,0,0.00,0.00,0,0
1508083938,s2,0.00,0.00,0.00,0,0,0.00,0.00,0.00,0,0,0.00,0.00,0,0
1508083938,s1-eth2,13419.58,255610.39,269029.97,255866,13433,161.84,168.83,330.67,169,162,0.00,0.00,0,0
1508083938,s1-eth1,248481.53,12000.00,260481.53,12012,248730,165.83,155.84,321.68,156,166,0.00,0.00,0,0
1508083938,s2-eth2,4258.74,77136.87,81395.61,77214,4263,49.95,50.95,100.90,51,50,0.00,0.00,0,0
1508083938,s2-eth1,76244.76,3638.36,79883.12,3642,76321,52.95,46.95,99.90,47,53,0.00,0.00,0,0
1508083938,lo,512.49,512.49,1024.98,513,513,6.99,6.99,13.99,7,7,0.00,0.00,0,0
1508083938,s4,0.00,0.00,0.00,0,0,0.00,0.00,0.00,0,0,0.00,0.00,0,0
1508083938,total,343068.94,349142.88,692211.81,349492,343412,439.56,431.57,871.13,432,440,0.00,0.00,0,0
1508083939,s5,0.00,0.00,0.00,0,0,0.00,0.00,0.00,0,0,0.00,0.00,0,0
1508083939,s1,0.00,0.00,0.00,0,0,0.00,0.00,0.00,0,0,0.00,0.00,0,0
1508083939,eth0,0.00,0.00,0.00,0,0,0.00,0.00,0.00,0,0,0.00,0.00,0,0
1508083939,eth1,0.00,0.00,0.00,0,0,0.00,0.00,0.00,0,0,0.00,0.00,0,0
1508083939,s2,0.00,0.00,0.00,0,0,0.00,0.00,0.00,0,0,0.00,0.00,0,0
1508083939,s1-eth2,13251.00,260408.00,273659.00,260408,13251,165.00,172.00,337.00,172,165,0.00,0.00,0,0
1508083939,s1-eth1,250479.00,12582.00,263061.00,12582,250479,167.00,163.00,330.00,163,167,0.00,0.00,0,0
1508083939,s2-eth2,3613.00,83270.00,86883.00,83270,3613,40.00,55.00,95.00,55,40,0.00,0.00,0,0
1508083939,s2-eth1,86967.00,2944.00,89911.00,2944,86967,59.00,38.00,97.00,38,59,0.00,0.00,0,0
1508083939,lo,0.00,0.00,0.00,0,0,0.00,0.00,0.00,0,0,0.00,0.00,0,0
1508083939,s4,0.00,0.00,0.00,0,0,0.00,0.00,0.00,0,0,0.00,0.00,0,0
1508083939,total,354310.00,359204.00,713514.00,359204,354310,431.00,428.00,859.00,428,431,0.00,0.00,0,0
1508083940,s5,0.00,0.00,0.00,0,0,0.00,0.00,0.00,0,0,0.00,0.00,0,0
1508083940,s1,0.00,0.00,0.00,0,0,0.00,0.00,0.00,0,0,0.00,0.00,0,0
1508083940,eth0,60.00,60.00,120.00,60,60,1.00,1.00,2.00,1,1,0.00,0.00,0,0
1508083940,eth1,0.00,0.00,0.00,0,0,0.00,0.00,0.00,0,0,0.00,0.00,0,0
1508083940,s2,0.00,0.00,0.00,0,0,0.00,0.00,0.00,0,0,0.00,0.00,0,0
1508083940,s1-eth2,12333.00,264950.00,277283.00,264950,12333,162.00,175.00,337.00,175,162,0.00,0.00,0,0
1508083940,s1-eth1,250184.00,12226.00,262410.00,12226,250184,167.00,161.00,328.00,161,167,0.00,0.00,0,0
1508083940,s2-eth2,3778.00,99924.00,103702.00,99924,3778,48.00,66.00,114.00,66,48,0.00,0.00,0,0
1508083940,s2-eth1,94242.00,3404.00,97646.00,3404,94242,64.00,46.00,110.00,46,64,0.00,0.00,0,0
1508083940,lo,172.00,172.00,344.00,172,172,3.00,3.00,6.00,3,3,0.00,0.00,0,0
1508083940,s4,0.00,0.00,0.00,0,0,0.00,0.00,0.00,0,0,0.00,0.00,0,0
1508083940,total,360769.00,380736.00,741505.00,380736,360769,445.00,452.00,897.00,452,445,0.00,0.00,0,0
1508083941,s5,0.00,0.00,0.00,0,0,0.00,0.00,0.00,0,0,0.00,0.00,0,0
1508083941,s1,0.00,0.00,0.00,0,0,0.00,0.00,0.00,0,0,0.00,0.00,0,0
1508083941,eth0,0.00,0.00,0.00,0,0,0.00,0.00,0.00,0,0,0.00,0.00,0,0
1508083941,eth1,0.00,0.00,0.00,0,0,0.00,0.00,0.00,0,0,0.00,0.00,0,0
1508083941,s2,0.00,0.00,0.00,0,0,0.00,0.00,0.00,0,0,0.00,0.00,0,0
1508083941,s1-eth2,12931.07,254097.91,267028.97,254352,12944,160.84,167.83,328.67,168,161,0.00,0.00,0,0
1508083941,s1-eth1,249957.05,12267.73,262224.78,12280,250207,166.83,157.84,324.68,158,167,0.00,0.00,0,0
1508083941,s2-eth2,4034.97,78649.35,82684.32,78728,4039,46.95,51.95,98.90,52,47,0.00,0.00,0,0
1508083941,s2-eth1,79045.95,3638.36,82684.32,3642,79125,53.95,44.96,98.90,45,54,0.00,0.00,0,0
1508083941,lo,0.00,0.00,0.00,0,0,0.00,0.00,0.00,0,0,0.00,0.00,0,0
1508083941,s4,0.00,0.00,0.00,0,0,0.00,0.00,0.00,0,0,0.00,0.00,0,0
1508083941,total,345969.03,348653.34,694622.38,349002,346315,428.57,422.58,851.15,423,429,0.00,0.00,0,0
1508083942,s5,0.00,0.00,0.00,0,0,0.00,0.00,0.00,0,0,0.00,0.00,0,0
1508083942,s1,0.00,0.00,0.00,0,0,0.00,0.00,0.00,0,0,0.00,0.00,0,0
1508083942,eth0,0.00,0.00,0.00,0,0,0.00,0.00,0.00,0,0,0.00,0.00,0,0
1508083942,eth1,0.00,0.00,0.00,0,0,0.00,0.00,0.00,0,0,0.00,0.00,0,0
1508083942,s2,0.00,0.00,0.00,0,0,0.00,0.00,0.00,0,0,0.00,0.00,0,0
1508083942,s1-eth2,12218.00,260408.00,272626.00,260408,12218,163.00,172.00,335.00,172,163,0.00,0.00,0,0
1508083942,s1-eth1,249810.00,12292.00,262102.00,12292,249810,165.00,164.00,329.00,164,165,0.00,0.00,0,0
1508083942,s2-eth2,2590.00,68130.00,70720.00,68130,2590,35.00,45.00,80.00,45,35,0.00,0.00,0,0
1508083942,s2-eth1,65102.00,2590.00,67692.00,2590,65102,43.00,35.00,78.00,35,43,0.00,0.00,0,0
1508083942,lo,344.00,344.00,688.00,344,344,6.00,6.00,12.00,6,6,0.00,0.00,0,0
1508083942,s4,0.00,0.00,0.00,0,0,0.00,0.00,0.00,0,0,0.00,0.00,0,0
1508083942,total,330064.00,343764.00,673828.00,343764,330064,412.00,422.00,834.00,422,412,0.00,0.00,0,0
1508083943,s5,0.00,0.00,0.00,0,0,0.00,0.00,0.00,0,0,0.00,0.00,0,0
1508083943,s1,0.00,0.00,0.00,0,0,0.00,0.00,0.00,0,0,0.00,0.00,0,0
1508083943,eth0,0.00,0.00,0.00,0,0,0.00,0.00,0.00,0,0,0.00,0.00,0,0
1508083943,eth1,0.00,0.00,0.00,0,0,0.00,0.00,0.00,0,0,0.00,0.00,0,0
1508083943,s2,0.00,0.00,0.00,0,0,0.00,0.00,0.00,0,0,0.00,0.00,0,0
1508083943,s1-eth2,12727.27,254097.91,266825.19,254352,12740,161.84,167.83,329.67,168,162,0.00,0.00,0,0
1508083943,s1-eth1,251072.94,12311.69,263384.62,12324,251324,165.83,159.84,325.67,160,166,0.00,0.00,0,0
1508083943,s2-eth2,3400.60,90749.25,94149.85,90840,3404,45.95,59.94,105.89,60,46,0.00,0.00,0,0
1508083943,s2-eth1,89236.77,3400.60,92637.37,3404,89326,58.94,45.95,104.90,46,59,0.00,0.00,0,0
1508083943,lo,171.83,171.83,343.66,172,172,3.00,3.00,5.99,3,3,0.00,0.00,0,0
1508083943,s4,0.00,0.00,0.00,0,0,0.00,0.00,0.00,0,0,0.00,0.00,0,0
1508083943,total,356609.41,360731.28,717340.69,361092,356966,435.56,436.56,872.13,437,436,0.00,0.00,0,0
1508083944,s5,0.00,0.00,0.00,0,0,0.00,0.00,0.00,0,0,0.00,0.00,0,0
1508083944,s1,0.00,0.00,0.00,0,0,0.00,0.00,0.00,0,0,0.00,0.00,0,0
1508083944,eth0,0.00,0.00,0.00,0,0,0.00,0.00,0.00,0,0,0.00,0.00,0,0
1508083944,eth1,0.00,0.00,0.00,0,0,0.00,0.00,0.00,0,0,0.00,0.00,0,0
1508083944,s2,0.00,0.00,0.00,0,0,0.00,0.00,0.00,0,0,0.00,0.00,0,0
1508083944,s1-eth2,12233.00,251324.00,263557.00,251324,12233,160.00,166.00,326.00,166,160,0.00,0.00,0,0
1508083944,s1-eth1,249917.00,12126.00,262043.00,12126,249917,166.00,159.00,325.00,159,166,0.00,0.00,0,0
1508083944,s2-eth2,4983.00,109008.00,113991.00,109008,4983,61.00,72.00,133.00,72,61,0.00,0.00,0,0
1508083944,s2-eth1,107601.00,4534.00,112135.00,4534,107601,72.00,59.00,131.00,59,72,0.00,0.00,0,0
1508083944,lo,0.00,0.00,0.00,0,0,0.00,0.00,0.00,0,0,0.00,0.00,0,0
1508083944,s4,0.00,0.00,0.00,0,0,0.00,0.00,0.00,0,0,0.00,0.00,0,0
1508083944,total,374734.00,376992.00,751726.00,376992,374734,459.00,456.00,915.00,456,459,0.00,0.00,0,0
1508083945,s5,0.00,0.00,0.00,0,0,0.00,0.00,0.00,0,0,0.00,0.00,0,0
1508083945,s1,0.00,0.00,0.00,0,0,0.00,0.00,0.00,0,0,0.00,0.00,0,0
1508083945,eth0,0.00,0.00,0.00,0,0,0.00,0.00,0.00,0,0,0.00,0.00,0,0
1508083945,eth1,0.00,0.00,0.00,0,0,0.00,0.00,0.00,0,0,0.00,0.00,0,0
1508083945,s2,0.00,0.00,0.00,0,0,0.00,0.00,0.00,0,0,0.00,0.00,0,0
1508083945,s1-eth2,12028.00,258894.00,270922.00,258894,12028,160.00,171.00,331.00,171,160,0.00,0.00,0,0
1508083945,s1-eth1,250222.00,11958.00,262180.00,11958,250222,167.00,159.00,326.00,159,167,0.00,0.00,0,0
1508083945,s2-eth2,5122.00,110522.00,115644.00,110522,5122,67.00,73.00,140.00,73,67,0.00,0.00,0,0
1508083945,s2-eth1,110934.00,5052.00,115986.00,5052,110934,75.00,66.00,141.00,66,75,0.00,0.00,0,0
1508083945,lo,172.00,172.00,344.00,172,172,3.00,3.00,6.00,3,3,0.00,0.00,0,0
1508083945,s4,0.00,0.00,0.00,0,0,0.00,0.00,0.00,0,0,0.00,0.00,0,0
1508083945,total,378478.00,386598.00,765076.00,386598,378478,472.00,472.00,944.00,472,472,0.00,0.00,0,0
1508083946,s5,0.00,0.00,0.00,0,0,0.00,0.00,0.00,0,0,0.00,0.00,0,0
1508083946,s1,0.00,0.00,0.00,0,0,0.00,0.00,0.00,0,0,0.00,0.00,0,0
1508083946,eth0,0.00,0.00,0.00,0,0,0.00,0.00,0.00,0,0,0.00,0.00,0,0
1508083946,eth1,0.00,0.00,0.00,0,0,0.00,0.00,0.00,0,0,0.00,0.00,0,0
1508083946,s2,0.00,0.00,0.00,0,0,0.00,0.00,0.00,0,0,0.00,0.00,0,0
1508083946,s1-eth2,12007.99,254097.91,266105.91,254352,12020,159.84,167.83,327.67,168,160,0.00,0.00,0,0
1508083946,s1-eth1,249560.45,12007.99,261568.44,12020,249810,164.84,159.84,324.68,160,165,0.00,0.00,0,0
1508083946,s2-eth2,4083.92,108899.10,112983.02,109008,4088,51.95,71.93,123.88,72,52,0.00,0.00,0,0
1508083946,s2-eth1,108899.10,4083.92,112983.02,4088,109008,71.93,51.95,123.88,52,72,0.00,0.00,0,0
1508083946,lo,0.00,0.00,0.00,0,0,0.00,0.00,0.00,0,0,0.00,0.00,0,0
1508083946,s4,0.00,0.00,0.00,0,0,0.00,0.00,0.00,0,0,0.00,0.00,0,0
1508083946,total,374551.47,379088.91,753640.38,379468,374926,448.55,451.55,900.10,452,449,0.00,0.00,0,0
1508083947,s5,0.00,0.00,0.00,0,0,0.00,0.00,0.00,0,0,0.00,0.00,0,0
1508083947,s1,0.00,0.00,0.00,0,0,0.00,0.00,0.00,0,0,0.00,0.00,0,0
1508083947,eth0,0.00,0.00,0.00,0,0,0.00,0.00,0.00,0,0,0.00,0.00,0,0
1508083947,eth1,0.00,0.00,0.00,0,0,0.00,0.00,0.00,0,0,0.00,0.00,0,0
1508083947,s2,0.00,0.00,0.00,0,0,0.00,0.00,0.00,0,0,0.00,0.00,0,0
1508083947,s1-eth2,12480.00,246782.00,259262.00,246782,12480,160.00,163.00,323.00,163,160,0.00,0.00,0,0
1508083947,s1-eth1,249810.00,12554.00,262364.00,12554,249810,165.00,161.00,326.00,161,165,0.00,0.00,0,0
1508083947,s2-eth2,3846.00,86298.00,90144.00,86298,3846,51.00,57.00,108.00,57,51,0.00,0.00,0,0
1508083947,s2-eth1,84784.00,3846.00,88630.00,3846,84784,56.00,51.00,107.00,51,56,0.00,0.00,0,0
1508083947,lo,344.00,344.00,688.00,344,344,6.00,6.00,12.00,6,6,0.00,0.00,0,0
1508083947,s4,0.00,0.00,0.00,0,0,0.00,0.00,0.00,0,0,0.00,0.00,0,0
1508083947,total,351264.00,349824.00,701088.00,349824,351264,438.00,438.00,876.00,438,438,0.00,0.00,0,0
1508083948,s5,0.00,0.00,0.00,0,0,0.00,0.00,0.00,0,0,0.00,0.00,0,0
1508083948,s1,0.00,0.00,0.00,0,0,0.00,0.00,0.00,0,0,0.00,0.00,0,0
1508083948,eth0,0.00,0.00,0.00,0,0,0.00,0.00,0.00,0,0,0.00,0.00,0,0
1508083948,eth1,0.00,0.00,0.00,0,0,0.00,0.00,0.00,0,0,0.00,0.00,0,0
1508083948,s2,0.00,0.00,0.00,0,0,0.00,0.00,0.00,0,0,0.00,0.00,0,0
1508083948,s1-eth2,11720.00,258894.00,270614.00,258894,11720,154.00,171.00,325.00,171,154,0.00,0.00,0,0
1508083948,s1-eth1,251324.00,11646.00,262970.00,11646,251324,166.00,153.00,319.00,153,166,0.00,0.00,0,0
1508083948,s2-eth2,2940.00,57532.00,60472.00,57532,2940,36.00,38.00,74.00,38,36,0.00,0.00,0,0
1508083948,s2-eth1,52990.00,2940.00,55930.00,2940,52990,35.00,36.00,71.00,36,35,0.00,0.00,0,0
1508083948,lo,172.00,172.00,344.00,172,172,3.00,3.00,6.00,3,3,0.00,0.00,0,0
1508083948,s4,0.00,0.00,0.00,0,0,0.00,0.00,0.00,0,0,0.00,0.00,0,0
1508083948,total,319146.00,331184.00,650330.00,331184,319146,394.00,401.00,795.00,401,394,0.00,0.00,0,0
1508083949,s5,0.00,0.00,0.00,0,0,0.00,0.00,0.00,0,0,0.00,0.00,0,0
1508083949,s1,0.00,0.00,0.00,0,0,0.00,0.00,0.00,0,0,0.00,0.00,0,0
1508083949,eth0,0.00,0.00,0.00,0,0,0.00,0.00,0.00,0,0,0.00,0.00,0,0
1508083949,eth1,0.00,0.00,0.00,0,0,0.00,0.00,0.00,0,0,0.00,0.00,0,0
1508083949,s2,0.00,0.00,0.00,0,0,0.00,0.00,0.00,0,0,0.00,0.00,0,0
1508083949,s1-eth2,12121.88,258635.38,270757.25,258894,12134,158.84,170.83,329.67,171,159,0.00,0.00,0,0
1508083949,s1-eth1,249560.45,12121.88,261682.33,12134,249810,164.84,158.84,323.68,159,165,0.00,0.00,0,0
1508083949,s2-eth2,1908.09,40837.16,42745.26,40878,1910,24.98,26.97,51.95,27,25,0.00,0.00,0,0
1508083949,s2-eth1,43862.14,1908.09,45770.23,1910,43906,28.97,24.98,53.95,25,29,0.00,0.00,0,0
1508083949,lo,0.00,0.00,0.00,0,0,0.00,0.00,0.00,0,0,0.00,0.00,0,0
1508083949,s4,0.00,0.00,0.00,0,0,0.00,0.00,0.00,0,0,0.00,0.00,0,0
1508083949,total,307452.56,313502.50,620955.06,313816,307760,377.62,381.62,759.24,382,378,0.00,0.00,0,0
1508083950,s5,0.00,0.00,0.00,0,0,0.00,0.00,0.00,0,0,0.00,0.00,0,0
1508083950,s1,0.00,0.00,0.00,0,0,0.00,0.00,0.00,0,0,0.00,0.00,0,0
1508083950,eth0,0.00,0.00,0.00,0,0,0.00,0.00,0.00,0,0,0.00,0.00,0,0
1508083950,eth1,0.00,0.00,0.00,0,0,0.00,0.00,0.00,0,0,0.00,0.00,0,0
1508083950,s2,0.00,0.00,0.00,0,0,0.00,0.00,0.00,0,0,0.00,0.00,0,0
1508083950,s1-eth2,5834.17,107188.81,113022.98,107296,5840,75.92,73.93,149.85,74,76,0.00,0.00,0,0
1508083950,s1-eth1,114751.25,5834.17,120585.41,5840,114866,78.92,75.92,154.85,76,79,0.00,0.00,0,0
1508083950,s2-eth2,1502.50,25860.14,27362.64,25886,1504,19.98,18.98,38.96,19,20,0.00,0.00,0,0
1508083950,s2-eth1,25860.14,1502.50,27362.64,1504,25886,18.98,19.98,38.96,20,19,0.00,0.00,0,0
1508083950,lo,171.83,171.83,343.66,172,172,3.00,3.00,5.99,3,3,0.00,0.00,0,0
1508083950,s4,0.00,0.00,0.00,0,0,0.00,0.00,0.00,0,0,0.00,0.00,0,0
1508083950,total,148119.89,140557.45,288677.34,140698,148268,196.80,191.81,388.61,192,197,0.00,0.00,0,0
1508083951,s5,0.00,0.00,0.00,0,0,0.00,0.00,0.00,0,0,0.00,0.00,0,0
1508083951,s1,0.00,0.00,0.00,0,0,0.00,0.00,0.00,0,0,0.00,0.00,0,0
1508083951,eth0,0.00,0.00,0.00,0,0,0.00,0.00,0.00,0,0,0.00,0.00,0,0
1508083951,eth1,0.00,0.00,0.00,0,0,0.00,0.00,0.00,0,0,0.00,0.00,0,0
1508083951,s2,0.00,0.00,0.00,0,0,0.00,0.00,0.00,0,0,0.00,0.00,0,0
1508083951,s1-eth2,0.00,0.00,0.00,0,0,0.00,0.00,0.00,0,0,0.00,0.00,0,0
1508083951,s1-eth1,0.00,0.00,0.00,0,0,0.00,0.00,0.00,0,0,0.00,0.00,0,0
1508083951,s2-eth2,341.66,0.00,341.66,0,342,1.00,0.00,1.00,0,1,0.00,0.00,0,0
1508083951,s2-eth1,0.00,0.00,0.00,0,0,0.00,0.00,0.00,0,0,0.00,0.00,0,0
1508083951,lo,0.00,0.00,0.00,0,0,0.00,0.00,0.00,0,0,0.00,0.00,0,0
1508083951,s4,0.00,0.00,0.00,0,0,0.00,0.00,0.00,0,0,0.00,0.00,0,0
1508083951,total,341.66,0.00,341.66,0,342,1.00,0.00,1.00,0,1,0.00,0.00,0,0
1508083952,s5,0.00,0.00,0.00,0,0,0.00,0.00,0.00,0,0,0.00,0.00,0,0
1508083952,s1,0.00,0.00,0.00,0,0,0.00,0.00,0.00,0,0,0.00,0.00,0,0
1508083952,eth0,0.00,0.00,0.00,0,0,0.00,0.00,0.00,0,0,0.00,0.00,0,0
1508083952,eth1,0.00,0.00,0.00,0,0,0.00,0.00,0.00,0,0,0.00,0.00,0,0
1508083952,s2,0.00,0.00,0.00,0,0,0.00,0.00,0.00,0,0,0.00,0.00,0,0
1508083952,s1-eth2,106.89,0.00,106.89,0,107,1.00,0.00,1.00,0,1,0.00,0.00,0,0
1508083952,s1-eth1,106.89,0.00,106.89,0,107,1.00,0.00,1.00,0,1,0.00,0.00,0,0
1508083952,s2-eth2,148.85,41.96,190.81,42,149,2.00,1.00,3.00,1,2,0.00,0.00,0,0
1508083952,s2-eth1,148.85,41.96,190.81,42,149,2.00,1.00,3.00,1,2,0.00,0.00,0,0
1508083952,lo,343.66,343.66,687.31,344,344,5.99,5.99,11.99,6,6,0.00,0.00,0,0
1508083952,s4,0.00,0.00,0.00,0,0,0.00,0.00,0.00,0,0,0.00,0.00,0,0
1508083952,total,855.14,427.57,1282.72,428,856,11.99,7.99,19.98,8,12,0.00,0.00,0,0
1508083953,s5,0.00,0.00,0.00,0,0,0.00,0.00,0.00,0,0,0.00,0.00,0,0
1508083953,s1,0.00,0.00,0.00,0,0,0.00,0.00,0.00,0,0,0.00,0.00,0,0
1508083953,eth0,0.00,0.00,0.00,0,0,0.00,0.00,0.00,0,0,0.00,0.00,0,0
1508083953,eth1,0.00,0.00,0.00,0,0,0.00,0.00,0.00,0,0,0.00,0.00,0,0
1508083953,s2,0.00,0.00,0.00,0,0,0.00,0.00,0.00,0,0,0.00,0.00,0,0
1508083953,s1-eth2,0.00,0.00,0.00,0,0,0.00,0.00,0.00,0,0,0.00,0.00,0,0
1508083953,s1-eth1,0.00,0.00,0.00,0,0,0.00,0.00,0.00,0,0,0.00,0.00,0,0
1508083953,s2-eth2,0.00,0.00,0.00,0,0,0.00,0.00,0.00,0,0,0.00,0.00,0,0
1508083953,s2-eth1,0.00,0.00,0.00,0,0,0.00,0.00,0.00,0,0,0.00,0.00,0,0
1508083953,lo,171.83,171.83,343.66,172,172,3.00,3.00,5.99,3,3,0.00,0.00,0,0
1508083953,s4,0.00,0.00,0.00,0,0,0.00,0.00,0.00,0,0,0.00,0.00,0,0
1508083953,total,171.83,171.83,343.66,172,172,3.00,3.00,5.99,3,3,0.00,0.00,0,0
1508083954,s5,0.00,0.00,0.00,0,0,0.00,0.00,0.00,0,0,0.00,0.00,0,0
1508083954,s1,0.00,0.00,0.00,0,0,0.00,0.00,0.00,0,0,0.00,0.00,0,0
1508083954,eth0,0.00,0.00,0.00,0,0,0.00,0.00,0.00,0,0,0.00,0.00,0,0
1508083954,eth1,0.00,0.00,0.00,0,0,0.00,0.00,0.00,0,0,0.00,0.00,0,0
1508083954,s2,0.00,0.00,0.00,0,0,0.00,0.00,0.00,0,0,0.00,0.00,0,0
1508083954,s1-eth2,342.00,0.00,342.00,0,342,1.00,0.00,1.00,0,1,0.00,0.00,0,0
1508083954,s1-eth1,0.00,0.00,0.00,0,0,0.00,0.00,0.00,0,0,0.00,0.00,0,0
1508083954,s2-eth2,0.00,0.00,0.00,0,0,0.00,0.00,0.00,0,0,0.00,0.00,0,0
1508083954,s2-eth1,0.00,0.00,0.00,0,0,0.00,0.00,0.00,0,0,0.00,0.00,0,0
1508083954,lo,0.00,0.00,0.00,0,0,0.00,0.00,0.00,0,0,0.00,0.00,0,0
1508083954,s4,0.00,0.00,0.00,0,0,0.00,0.00,0.00,0,0,0.00,0.00,0,0
1508083954,total,342.00,0.00,342.00,0,342,1.00,0.00,1.00,0,1,0.00,0.00,0,0
1508083955,s5,0.00,0.00,0.00,0,0,0.00,0.00,0.00,0,0,0.00,0.00,0,0
1508083955,s1,0.00,0.00,0.00,0,0,0.00,0.00,0.00,0,0,0.00,0.00,0,0
1508083955,eth0,0.00,0.00,0.00,0,0,0.00,0.00,0.00,0,0,0.00,0.00,0,0
1508083955,eth1,0.00,0.00,0.00,0,0,0.00,0.00,0.00,0,0,0.00,0.00,0,0
1508083955,s2,0.00,0.00,0.00,0,0,0.00,0.00,0.00,0,0,0.00,0.00,0,0
1508083955,s1-eth2,0.00,0.00,0.00,0,0,0.00,0.00,0.00,0,0,0.00,0.00,0,0
1508083955,s1-eth1,0.00,0.00,0.00,0,0,0.00,0.00,0.00,0,0,0.00,0.00,0,0
1508083955,s2-eth2,0.00,0.00,0.00,0,0,0.00,0.00,0.00,0,0,0.00,0.00,0,0
1508083955,s2-eth1,342.00,0.00,342.00,0,342,1.00,0.00,1.00,0,1,0.00,0.00,0,0
1508083955,lo,