1508092415,s1,0.00,0.00,0.00,0,0,0.00,0.00,0.00,0,0,0.00,0.00,0,0
1508092415,eth0,0.00,0.00,0.00,0,0,0.00,0.00,0.00,0,0,0.00,0.00,0,0
1508092415,eth1,0.00,0.00,0.00,0,0,0.00,0.00,0.00,0,0,0.00,0.00,0,0
1508092415,s1-eth2,0.00,0.00,0.00,0,0,0.00,0.00,0.00,0,0,0.00,0.00,0,0
1508092415,s1-eth1,0.00,0.00,0.00,0,0,0.00,0.00,0.00,0,0,0.00,0.00,0,0
1508092415,lo,0.00,0.00,0.00,0,0,0.00,0.00,0.00,0,0,0.00,0.00,0,0
1508092415,total,0.00,0.00,0.00,0,0,0.00,0.00,0.00,0,0,0.00,0.00,0,0
1508092416,s1,159.84,339.66,499.50,340,160,2.00,4.00,5.99,4,2,0.00,0.00,0,0
1508092416,eth0,151.85,244.76,396.60,245,152,2.00,2.00,4.00,2,2,0.00,0.00,0,0
1508092416,eth1,0.00,0.00,0.00,0,0,0.00,0.00,0.00,0,0,0.00,0.00,0,0
1508092416,s1-eth2,8403.60,245260.75,253664.34,245506,8412,101.90,98.90,200.80,99,102,0.00,0.00,0,0
1508092416,s1-eth1,245591.42,6389.61,251981.03,6396,245837,109.89,91.91,201.80,92,110,0.00,0.00,0,0
1508092416,lo,1975.03,1975.03,3950.05,1977,1977,20.98,20.98,41.96,21,21,0.00,0.00,0,0
1508092416,total,256281.72,254209.80,510491.53,254464,256538,236.76,217.78,454.55,218,237,0.00,0.00,0,0
1508092417,s1,90.00,0.00,90.00,0,90,1.00,0.00,1.00,0,1,0.00,0.00,0,0
1508092417,eth0,152.00,245.00,397.00,245,152,2.00,2.00,4.00,2,2,0.00,0.00,0,0
1508092417,eth1,0.00,0.00,0.00,0,0,0.00,0.00,0.00,0,0,0.00,0.00,0,0
1508092417,s1-eth2,7689.00,245388.00,253077.00,245388,7689,101.00,98.00,199.00,98,101,0.00,0.00,0,0
1508092417,s1-eth1,247782.00,6636.00,254418.00,6636,247782,102.00,96.00,198.00,96,102,0.00,0.00,0,0
1508092417,lo,629.00,629.00,1258.00,629,629,7.00,7.00,14.00,7,7,0.00,0.00,0,0
1508092417,total,256342.00,252898.00,509240.00,252898,256342,213.00,203.00,416.00,203,213,0.00,0.00,0,0
1508092418,s1,0.00,0.00,0.00,0,0,0.00,0.00,0.00,0,0,0.00,0.00,0,0
1508092418,eth0,0.00,0.00,0.00,0,0,0.00,0.00,0.00,0,0,0.00,0.00,0,0
1508092418,eth1,0.00,0.00,0.00,0,0,0.00,0.00,0.00,0,0,0.00,0.00,0,0
1508092418,s1-eth2,5766.00,243544.00,249310.00,243544,5766,85.00,92.00,177.00,92,85,0.00,0.00,0,0
1508092418,s1-eth1,231803.00,5832.00,237635.00,5832,231803,89.00,86.00,175.00,86,89,0.00,0.00,0,0
1508092418,lo,0.00,0.00,0.00,0,0,0.00,0.00,0.00,0,0,0.00,0.00,0,0
1508092418,total,237569.00,249376.00,486945.00,249376,237569,174.00,178.00,352.00,178,174,0.00,0.00,0,0
1508092419,s1,0.00,70.00,70.00,70,0,0.00,1.00,1.00,1,0,0.00,0.00,0,0
1508092419,eth0,0.00,0.00,0.00,0,0,0.00,0.00,0.00,0,0,0.00,0.00,0,0
1508092419,eth1,0.00,0.00,0.00,0,0,0.00,0.00,0.00,0,0,0.00,0.00,0,0
1508092419,s1-eth2,6367.00,251902.00,258269.00,251902,6367,88.00,87.00,175.00,87,88,0.00,0.00,0,0
1508092419,s1-eth1,243680.00,5530.00,249210.00,5530,243680,87.00,83.00,170.00,83,87,0.00,0.00,0,0
1508092419,lo,268.00,268.00,536.00,268,268,3.00,3.00,6.00,3,3,0.00,0.00,0,0
1508092419,total,250315.00,257770.00,508085.00,257770,250315,178.00,174.00,352.00,174,178,0.00,0.00,0,0
1508092420,s1,70.00,70.00,140.00,70,70,1.00,1.00,2.00,1,1,0.00,0.00,0,0
1508092420,eth0,0.00,0.00,0.00,0,0,0.00,0.00,0.00,0,0,0.00,0.00,0,0
1508092420,eth1,0.00,0.00,0.00,0,0,0.00,0.00,0.00,0,0,0.00,0.00,0,0
1508092420,s1-eth2,6626.00,244472.00,251098.00,244472,6626,95.00,106.00,201.00,106,95,0.00,0.00,0,0
1508092420,s1-eth1,235392.00,6556.00,241948.00,6556,235392,100.00,94.00,194.00,94,100,0.00,0.00,0,0
1508092420,lo,536.00,536.00,1072.00,536,536,6.00,6.00,12.00,6,6,0.00,0.00,0,0
1508092420,total,242624.00,251634.00,494258.00,251634,242624,202.00,207.00,409.00,207,202,0.00,0.00,0,0
1508092421,s1,0.00,0.00,0.00,0,0,0.00,0.00,0.00,0,0,0.00,0.00,0,0
1508092421,eth0,0.00,0.00,0.00,0,0,0.00,0.00,0.00,0,0,0.00,0.00,0,0
1508092421,eth1,0.00,0.00,0.00,0,0,0.00,0.00,0.00,0,0,0.00,0.00,0,0
1508092421,s1-eth2,4099.90,204239.77,208339.67,204444,4104,61.94,69.93,131.87,70,62,0.00,0.00,0,0
1508092421,s1-eth1,196941.06,4099.90,201040.97,4104,197138,68.93,61.94,130.87,62,69,0.00,0.00,0,0
1508092421,lo,0.00,0.00,0.00,0,0,0.00,0.00,0.00,0,0,0.00,0.00,0,0
1508092421,total,201040.97,208339.67,409380.62,208548,201242,130.87,131.87,262.74,132,131,0.00,0.00,0,0
1508092422,s1,0.00,0.00,0.00,0,0,0.00,0.00,0.00,0,0,0.00,0.00,0,0
1508092422,eth0,0.00,0.00,0.00,0,0,0.00,0.00,0.00,0,0,0.00,0.00,0,0
1508092422,eth1,0.00,0.00,0.00,0,0,0.00,0.00,0.00,0,0,0.00,0.00,0,0
1508092422,s1-eth2,5628.00,249006.00,254634.00,249006,5628,84.00,87.00,171.00,87,84,0.00,0.00,0,0
1508092422,s1-eth1,246151.00,5628.00,251779.00,5628,246151,87.00,84.00,171.00,84,87,0.00,0.00,0,0
1508092422,lo,0.00,0.00,0.00,0,0,0.00,0.00,0.00,0,0,0.00,0.00,0,0
1508092422,total,251779.00,254634.00,506413.00,254634,251779,171.00,171.00,342.00,171,171,0.00,0.00,0,0
1508092423,s1,0.00,0.00,0.00,0,0,0.00,0.00,0.00,0,0,0.00,0.00,0,0
1508092423,eth0,0.00,0.00,0.00,0,0,0.00,0.00,0.00,0,0,0.00,0.00,0,0
1508092423,eth1,0.00,0.00,0.00,0,0,0.00,0.00,0.00,0,0,0.00,0.00,0,0
1508092423,s1-eth2,6020.98,251914.09,257935.08,252166,6027,88.91,90.91,179.82,91,89,0.00,0.00,0,0
1508092423,s1-eth1,246407.59,5844.16,252251.75,5850,246654,90.91,86.91,177.82,87,91,0.00,0.00,0,0
1508092423,lo,0.00,0.00,0.00,0,0,0.00,0.00,0.00,0,0,0.00,0.00,0,0
1508092423,total,252428.58,257758.25,510186.81,258016,252681,179.82,177.82,357.64,178,180,0.00,0.00,0,0
1508092424,s1,70.00,140.00,210.00,140,70,1.00,2.00,3.00,2,1,0.00,0.00,0,0
1508092424,eth0,0.00,0.00,0.00,0,0,0.00,0.00,0.00,0,0,0.00,0.00,0,0
1508092424,eth1,0.00,0.00,0.00,0,0,0.00,0.00,0.00,0,0,0.00,0.00,0,0
1508092424,s1-eth2,6182.00,246444.00,252626.00,246444,6182,91.00,92.00,183.00,92,91,0.00,0.00,0,0
1508092424,s1-eth1,245000.00,6112.00,251112.00,6112,245000,92.00,90.00,182.00,90,92,0.00,0.00,0,0
1508092424,lo,804.00,804.00,1608.00,804,804,9.00,9.00,18.00,9,9,0.00,0.00,0,0
1508092424,total,252056.00,253500.00,505556.00,253500,252056,193.00,193.00,386.00,193,193,0.00,0.00,0,0
1508092425,s1,0.00,0.00,0.00,0,0,0.00,0.00,0.00,0,0,0.00,0.00,0,0
1508092425,eth0,0.00,0.00,0.00,0,0,0.00,0.00,0.00,0,0,0.00,0.00,0,0
1508092425,eth1,0.00,0.00,0.00,0,0,0.00,0.00,0.00,0,0,0.00,0.00,0,0
1508092425,s1-eth2,5478.52,253294.72,258773.23,253548,5484,81.92,89.91,171.83,90,82,0.00,0.00,0,0
1508092425,s1-eth1,244417.59,5478.52,249896.11,5484,244662,86.91,81.92,168.83,82,87,0.00,0.00,0,0
1508092425,lo,0.00,0.00,0.00,0,0,0.00,0.00,0.00,0,0,0.00,0.00,0,0
1508092425,total,249896.11,258773.23,508669.34,259032,250146,168.83,171.83,340.66,172,169,0.00,0.00,0,0
1508092426,s1,0.00,0.00,0.00,0,0,0.00,0.00,0.00,0,0,0.00,0.00,0,0
1508092426,eth0,0.00,0.00,0.00,0,0,0.00,0.00,0.00,0,0,0.00,0.00,0,0
1508092426,eth1,0.00,0.00,0.00,0,0,0.00,0.00,0.00,0,0,0.00,0.00,0,0
1508092426,s1-eth2,5928.07,251716.30,257644.36,251968,5934,84.92,87.91,172.83,88,85,0.00,0.00,0,0
1508092426,s1-eth1,242839.17,5586.41,248425.58,5592,243082,84.92,83.92,168.83,84,85,0.00,0.00,0,0
1508092426,lo,0.00,0.00,0.00,0,0,0.00,0.00,0.00,0,0,0.00,0.00,0,0
1508092426,total,248767.23,257302.70,506069.94,257560,249016,169.83,171.83,341.66,172,170,0.00,0.00,0,0
1508092427,s1,0.00,0.00,0.00,0,0,0.00,0.00,0.00,0,0,0.00,0.00,0,0
1508092427,eth0,0.00,0.00,0.00,0,0,0.00,0.00,0.00,0,0,0.00,0.00,0,0
1508092427,eth1,0.00,0.00,0.00,0,0,0.00,0.00,0.00,0,0,0.00,0.00,0,0
1508092427,s1-eth2,5250.00,247558.00,252808.00,247558,5250,79.00,87.00,166.00,87,79,0.00,0.00,0,0
1508092427,s1-eth1,245846.00,5250.00,251096.00,5250,245846,83.00,79.00,162.00,79,83,0.00,0.00,0,0
1508092427,lo,0.00,0.00,0.00,0,0,0.00,0.00,0.00,0,0,0.00,0.00,0,0
1508092427,total,251096.00,252808.00,503904.00,252808,251096,162.00,166.00,328.00,166,162,0.00,0.00,0,0
1508092428,s1,0.00,0.00,0.00,0,0,0.00,0.00,0.00,0,0,0.00,0.00,0,0
1508092428,eth0,0.00,0.00,0.00,0,0,0.00,0.00,0.00,0,0,0.00,0.00,0,0
1508092428,eth1,0.00,0.00,0.00,0,0,0.00,0.00,0.00,0,0,0.00,0.00,0,0
1508092428,s1-eth2,5844.16,249020.98,254865.14,249270,5850,86.91,90.91,177.82,91,87,0.00,0.00,0,0
1508092428,s1-eth1,244549.45,5844.16,250393.61,5850,244794,88.91,86.91,175.82,87,89,0.00,0.00,0,0
1508092428,lo,0.00,0.00,0.00,0,0,0.00,0.00,0.00,0,0,0.00,0.00,0,0
1508092428,total,250393.61,254865.14,505258.75,255120,250644,175.82,177.82,353.65,178,176,0.00,0.00,0,0
1508092429,s1,0.00,0.00,0.00,0,0,0.00,0.00,0.00,0,0,0.00,0.00,0,0
1508092429,eth0,0.00,0.00,0.00,0,0,0.00,0.00,0.00,0,0,0.00,0.00,0,0
1508092429,eth1,0.00,0.00,0.00,0,0,0.00,0.00,0.00,0,0,0.00,0.00,0,0
1508092429,s1-eth2,6744.00,254142.00,260886.00,254142,6744,98.00,99.00,197.00,99,98,0.00,0.00,0,0
1508092429,s1-eth1,245454.00,6744.00,252198.00,6744,245454,99.00,98.00,197.00,98,99,0.00,0.00,0,0
1508092429,lo,172.00,172.00,344.00,172,172,3.00,3.00,6.00,3,3,0.00,0.00,0,0
1508092429,total,252370.00,261058.00,513428.00,261058,252370,200.00,200.00,400.00,200,200,0.00,0.00,0,0
1508092430,s1,0.00,0.00,0.00,0,0,0.00,0.00,0.00,0,0,0.00,0.00,0,0
1508092430,eth0,0.00,0.00,0.00,0,0,0.00,0.00,0.00,0,0,0.00,0.00,0,0
1508092430,eth1,0.00,0.00,0.00,0,0,0.00,0.00,0.00,0,0,0.00,0.00,0,0
1508092430,s1-eth2,5208.79,248559.45,253768.23,248808,5214,78.92,83.92,162.84,84,79,0.00,0.00,0,0
1508092430,s1-eth1,245707.30,5274.73,250982.03,5280,245953,83.92,79.92,163.84,80,84,0.00,0.00,0,0
1508092430,lo,0.00,0.00,0.00,0,0,0.00,0.00,0.00,0,0,0.00,0.00,0,0
1508092430,total,250916.09,253834.17,504750.25,254088,251167,162.84,163.84,326.67,164,163,0.00,0.00,0,0
1508092431,s1,0.00,0.00,0.00,0,0,0.00,0.00,0.00,0,0,0.00,0.00,0,0
1508092431,eth0,0.00,0.00,0.00,0,0,0.00,0.00,0.00,0,0,0.00,0.00,0,0
1508092431,eth1,0.00,0.00,0.00,0,0,0.00,0.00,0.00,0,0,0.00,0.00,0,0
1508092431,s1-eth2,5969.00,253680.00,259649.00,253680,5969,88.00,92.00,180.00,92,88,0.00,0.00,0,0
1508092431,s1-eth1,246242.00,5796.00,252038.00,5796,246242,89.00,86.00,175.00,86,89,0.00,0.00,0,0
1508092431,lo,0.00,0.00,0.00,0,0,0.00,0.00,0.00,0,0,0.00,0.00,0,0
1508092431,total,252211.00,259476.00,511687.00,259476,252211,177.00,178.00,355.00,178,177,0.00,0.00,0,0
1508092432,s1,0.00,0.00,0.00,0,0,0.00,0.00,0.00,0,0,0.00,0.00,0,0
1508092432,eth0,0.00,0.00,0.00,0,0,0.00,0.00,0.00,0,0,0.00,0.00,0,0
1508092432,eth1,0.00,0.00,0.00,0,0,0.00,0.00,0.00,0,0,0.00,0.00,0,0
1508092432,s1-eth2,6132.00,246506.00,252638.00,246506,6132,90.00,93.00,183.00,93,90,0.00,0.00,0,0
1508092432,s1-eth1,243544.00,6198.00,249742.00,6198,243544,92.00,91.00,183.00,91,92,0.00,0.00,0,0
1508092432,lo,0.00,0.00,0.00,0,0,0.00,0.00,0.00,0,0,0.00,0.00,0,0
1508092432,total,249676.00,252704.00,502380.00,252704,249676,182.00,184.00,366.00,184,182,0.00,0.00,0,0
1508092433,s1,0.00,0.00,0.00,0,0,0.00,0.00,0.00,0,0,0.00,0.00,0,0
1508092433,eth0,0.00,0.00,0.00,0,0,0.00,0.00,0.00,0,0,0.00,0.00,0,0
1508092433,eth1,0.00,0.00,0.00,0,0,0.00,0.00,0.00,0,0,0.00,0.00,0,0
1508092433,s1-eth2,5994.00,247756.00,253750.00,247756,5994,89.00,90.00,179.00,90,89,0.00,0.00,0,0
1508092433,s1-eth1,246242.00,5928.00,252170.00,5928,246242,89.00,88.00,177.00,88,89,0.00,0.00,0,0
1508092433,lo,0.00,0.00,0.00,0,0,0.00,0.00,0.00,0,0,0.00,0.00,0,0
1508092433,total,252236.00,253684.00,505920.00,253684,252236,178.00,178.00,356.00,178,178,0.00,0.00,0,0
1508092434,s1,0.00,0.00,0.00,0,0,0.00,0.00,0.00,0,0,0.00,0.00,0,0
1508092434,eth0,0.00,0.00,0.00,0,0,0.00,0.00,0.00,0,0,0.00,0.00,0,0
1508092434,eth1,0.00,0.00,0.00,0,0,0.00,0.00,0.00,0,0,0.00,0.00,0,0
1508092434,s1-eth2,6481.52,260201.81,266683.31,260462,6488,93.91,106.89,200.80,107,94,0.00,0.00,0,0
1508092434,s1-eth1,240935.08,6547.45,247482.53,6554,241176,99.90,94.91,194.81,95,100,0.00,0.00,0,0
1508092434,lo,171.83,171.83,343.66,172,172,3.00,3.00,5.99,3,3,0.00,0.00,0,0
1508092434,total,247588.42,266921.09,514509.50,267188,247836,196.80,204.80,401.60,205,197,0.00,0.00,0,0
1508092435,s1,0.00,0.00,0.00,0,0,0.00,0.00,0.00,0,0,0.00,0.00,0,0
1508092435,eth0,0.00,0.00,0.00,0,0,0.00,0.00,0.00,0,0,0.00,0.00,0,0
1508092435,eth1,0.00,0.00,0.00,0,0,0.00,0.00,0.00,0,0,0.00,0.00,0,0
1508092435,s1-eth2,5412.00,251770.00,257182.00,251770,5412,82.00,85.00,167.00,85,82,0.00,0.00,0,0
1508092435,s1-eth1,242884.00,5346.00,248230.00,5346,242884,82.00,81.00,163.00,81,82,0.00,0.00,0,0
1508092435,lo,0.00,0.00,0.00,0,0,0.00,0.00,0.00,0,0,0.00,0.00,0,0
1508092435,total,248296.00,257116.00,505412.00,257116,248296,164.00,166.00,330.00,166,164,0.00,0.00,0,0
1508092436,s1,0.00,0.00,0.00,0,0,0.00,0.00,0.00,0,0,0.00,0.00,0,0
1508092436,eth0,0.00,0.00,0.00,0,0,0.00,0.00,0.00,0,0,0.00,0.00,0,0
1508092436,eth1,0.00,0.00,0.00,0,0,0.00,0.00,0.00,0,0,0.00,0.00,0,0
1508092436,s1-eth2,5742.26,249152.86,254895.11,249402,5748,83.92,92.91,176.82,93,84,0.00,0.00,0,0
1508092436,s1-eth1,246127.88,5742.26,251870.14,5748,246374,90.91,83.92,174.83,84,91,0.00,0.00,0,0
1508092436,lo,0.00,0.00,0.00,0,0,0.00,0.00,0.00,0,0,0.00,0.00,0,0
1508092436,total,251870.14,254895.11,506765.25,255150,252122,174.83,176.82,351.65,177,175,0.00,0.00,0,0
1508092437,s1,0.00,0.00,0.00,0,0,0.00,0.00,0.00,0,0,0.00,0.00,0,0
1508092437,eth0,0.00,0.00,0.00,0,0,0.00,0.00,0.00,0,0,0.00,0.00,0,0
1508092437,eth1,0.00,0.00,0.00,0,0,0.00,0.00,0.00,0,0,0.00,0.00,0,0
1508092437,s1-eth2,5358.64,251716.30,257074.94,251968,5364,79.92,87.91,167.83,88,80,0.00,0.00,0,0
1508092437,s1-eth1,242839.17,5358.64,248197.81,5364,243082,84.92,79.92,164.84,80,85,0.00,0.00,0,0
1508092437,lo,0.00,0.00,0.00,0,0,0.00,0.00,0.00,0,0,0.00,0.00,0,0
1508092437,total,248197.81,257074.94,505272.75,257332,248446,164.84,167.83,332.67,168,165,0.00,0.00,0,0
1508092438,s1,0.00,0.00,0.00,0,0,0.00,0.00,0.00,0,0,0.00,0.00,0,0
1508092438,eth0,0.00,0.00,0.00,0,0,0.00,0.00,0.00,0,0,0.00,0.00,0,0
1508092438,eth1,0.00,0.00,0.00,0,0,0.00,0.00,0.00,0,0,0.00,0.00,0,0
1508092438,s1-eth2,6264.00,249534.00,255798.00,249534,6264,92.00,95.00,187.00,95,92,0.00,0.00,0,0
1508092438,s1-eth1,246572.00,6330.00,252902.00,6330,246572,94.00,93.00,187.00,93,94,0.00,0.00,0,0
1508092438,lo,0.00,0.00,0.00,0,0,0.00,0.00,0.00,0,0,0.00,0.00,0,0
1508092438,total,252836.00,255864.00,508700.00,255864,252836,186.00,188.00,374.00,188,186,0.00,0.00,0,0
1508092439,s1,0.00,0.00,0.00,0,0,0.00,0.00,0.00,0,0,0.00,0.00,0,0
1508092439,eth0,0.00,0.00,0.00,0,0,0.00,0.00,0.00,0,0,0.00,0.00,0,0
1508092439,eth1,0.00,0.00,0.00,0,0,0.00,0.00,0.00,0,0,0.00,0.00,0,0
1508092439,s1-eth2,6540.00,258618.00,265158.00,258618,6540,96.00,101.00,197.00,101,96,0.00,0.00,0,0
1508092439,s1-eth1,246770.00,6474.00,253244.00,6474,246770,97.00,95.00,192.00,95,97,0.00,0.00,0,0
1508092439,lo,172.00,172.00,344.00,172,172,3.00,3.00,6.00,3,3,0.00,0.00,0,0
1508092439,total,253482.00,265264.00,518746.00,265264,253482,196.00,199.00,395.00,199,196,0.00,0.00,0,0
1508092440,s1,0.00,0.00,0.00,0,0,0.00,0.00,0.00,0,0,0.00,0.00,0,0
1508092440,eth0,0.00,0.00,0.00,0,0,0.00,0.00,0.00,0,0,0.00,0.00,0,0
1508092440,eth1,0.00,0.00,0.00,0,0,0.00,0.00,0.00,0,0,0.00,0.00,0,0
1508092440,s1-eth2,5850.00,252166.00,258016.00,252166,5850,87.00,91.00,178.00,91,87,0.00,0.00,0,0
1508092440,s1-eth1,243622.00,5850.00,249472.00,5850,243622,89.00,87.00,176.00,87,89,0.00,0.00,0,0
1508092440,lo,0.00,0.00,0.00,0,0,0.00,0.00,0.00,0,0,0.00,0.00,0,0
1508092440,total,249472.00,258016.00,507488.00,258016,249472,176.00,178.00,354.00,178,176,0.00,0.00,0,0
1508092441,s1,0.00,0.00,0.00,0,0,0.00,0.00,0.00,0,0,0.00,0.00,0,0
1508092441,eth0,0.00,0.00,0.00,0,0,0.00,0.00,0.00,0,0,0.00,0.00,0,0
1508092441,eth1,0.00,0.00,0.00,0,0,0.00,0.00,0.00,0,0,0.00,0.00,0,0
1508092441,s1-eth2,6108.00,256840.00,262948.00,256840,6108,90.00,96.00,186.00,96,90,0.00,0.00,0,0
1508092441,s1-eth1,246440.00,6108.00,252548.00,6108,246440,92.00,90.00,182.00,90,92,0.00,0.00,0,0
1508092441,lo,0.00,0.00,0.00,0,0,0.00,0.00,0.00,0,0,0.00,0.00,0,0
1508092441,total,252548.00,262948.00,515496.00,262948,252548,182.00,186.00,368.00,186,182,0.00,0.00,0,0
1508092442,s1,0.00,0.00,0.00,0,0,0.00,0.00,0.00,0,0,0.00,0.00,0,0
1508092442,eth0,0.00,0.00,0.00,0,0,0.00,0.00,0.00,0,0,0.00,0.00,0,0
1508092442,eth1,0.00,0.00,0.00,0,0,0.00,0.00,0.00,0,0,0.00,0.00,0,0
1508092442,s1-eth2,6030.00,255458.00,261488.00,255458,6030,89.00,97.00,186.00,97,89,0.00,0.00,0,0
1508092442,s1-eth1,243610.00,6030.00,249640.00,6030,243610,93.00,89.00,182.00,89,93,0.00,0.00,0,0
1508092442,lo,0.00,0.00,0.00,0,0,0.00,0.00,0.00,0,0,0.00,0.00,0,0
1508092442,total,249640.00,261488.00,511128.00,261488,249640,182.00,186.00,368.00,186,182,0.00,0.00,0,0
1508092443,s1,0.00,0.00,0.00,0,0,0.00,0.00,0.00,0,0,0.00,0.00,0,0
1508092443,eth0,0.00,0.00,0.00,0,0,0.00,0.00,0.00,0,0,0.00,0.00,0,0
1508092443,eth1,0.00,0.00,0.00,0,0,0.00,0.00,0.00,0,0,0.00,0.00,0,0
1508092443,s1-eth2,6180.00,258264.00,264444.00,258264,6180,88.00,96.00,184.00,96,88,0.00,0.00,0,0
1508092443,s1-eth1,246416.00,5838.00,252254.00,5838,246416,92.00,87.00,179.00,87,92,0.00,0.00,0,0
1508092443,lo,296.00,296.00,592.00,296,296,3.00,3.00,6.00,3,3,0.00,0.00,0,0
1508092443,total,252892.00,264398.00,517290.00,264398,252892,183.00,186.00,369.00,186,183,0.00,0.00,0,0
1508092444,s1,0.00,0.00,0.00,0,0,0.00,0.00,0.00,0,0,0.00,0.00,0,0
1508092444,eth0,0.00,0.00,0.00,0,0,0.00,0.00,0.00,0,0,0.00,0.00,0,0
1508092444,eth1,0.00,0.00,0.00,0,0,0.00,0.00,0.00,0,0,0.00,0.00,0,0
1508092444,s1-eth2,5760.24,253558.45,259318.69,253812,5766,84.92,93.91,178.82,94,85,0.00,0.00,0,0
1508092444,s1-eth1,243102.91,5760.24,248863.14,5766,243346,88.91,84.92,173.83,85,89,0.00,0.00,0,0
1508092444,lo,0.00,0.00,0.00,0,0,0.00,0.00,0.00,0,0,0.00,0.00,0,0
1508092444,total,248863.14,259318.69,508181.84,259578,249112,173.83,178.82,352.65,179,174,0.00,0.00,0,0
1508092445,s1,0.00,0.00,0.00,0,0,0.00,0.00,0.00,0,0,0.00,0.00,0,0
1508092445,eth0,0.00,0.00,0.00,0,0,0.00,0.00,0.00,0,0,0.00,0.00,0,0
1508092445,eth1,0.00,0.00,0.00,0,0,0.00,0.00,0.00,0,0,0.00,0.00,0,0
1508092445,s1-eth2,5742.26,251848.16,257590.42,252100,5748,85.91,89.91,175.82,90,86,0.00,0.00,0,0
1508092445,s1-eth1,245996.02,5742.26,251738.27,5748,246242,88.91,85.91,174.83,86,89,0.00,0.00,0,0
1508092445,lo,0.00,0.00,0.00,0,0,0.00,0.00,0.00,0,0,0.00,0.00,0,0
1508092445,total,251738.27,257590.42,509328.69,257848,251990,174.83,175.82,350.65,176,175,0.00,0.00,0,0
1508092446,s1,0.00,0.00,0.00,0,0,0.00,0.00,0.00,0,0,0.00,0.00,0,0
1508092446,eth0,0.00,0.00,0.00,0,0,0.00,0.00,0.00,0,0,0.00,0.00,0,0
1508092446,eth1,0.00,0.00,0.00,0,0,0.00,0.00,0.00,0,0,0.00,0.00,0,0
1508092446,s1-eth2,5873.13,254807.20,260680.33,255062,5879,86.91,90.91,177.82,91,87,0.00,0.00,0,0
1508092446,s1-eth1,246036.97,5766.23,251803.20,5772,246283,88.91,85.91,174.83,86,89,0.00,0.00,0,0
1508092446,lo,0.00,0.00,0.00,0,0,0.00,0.00,0.00,0,0,0.00,0.00,0,0
1508092446,total,251910.09,260573.44,512483.53,260834,252162,175.82,176.82,352.65,177,176,0.00,0.00,0,0
1508092447,s1,0.00,0.00,0.00,0,0,0.00,0.00,0.00,0,0,0.00,0.00,0,0
1508092447,eth0,0.00,0.00,0.00,0,0,0.00,0.00,0.00,0,0,0.00,0.00,0,0
1508092447,eth1,0.00,0.00,0.00,0,0,0.00,0.00,0.00,0,0,0.00,0.00,0,0
1508092447,s1-eth2,5664.00,249204.00,254868.00,249204,5664,84.00,90.00,174.00,90,84,0.00,0.00,0,0
1508092447,s1-eth1,243214.00,5664.00,248878.00,5664,243214,87.00,84.00,171.00,84,87,0.00,0.00,0,0
1508092447,lo,172.00,172.00,344.00,172,172,3.00,3.00,6.00,3,3,0.00,0.00,0,0
1508092447,total,249050.00,255040.00,504090.00,255040,249050,174.00,177.00,351.00,177,174,0.00,0.00,0,0
1508092448,s1,0.00,0.00,0.00,0,0,0.00,0.00,0.00,0,0,0.00,0.00,0,0
1508092448,eth0,0.00,0.00,0.00,0,0,0.00,0.00,0.00,0,0,0.00,0.00,0,0
1508092448,eth1,0.00,0.00,0.00,0,0,0.00,0.00,0.00,0,0,0.00,0.00,0,0
1508092448,s1-eth2,5922.08,255005.00,260927.08,255260,5928,87.91,93.91,181.82,94,88,0.00,0.00,0,0
1508092448,s1-eth1,246127.88,5922.08,252049.95,5928,246374,90.91,87.91,178.82,88,91,0.00,0.00,0,0
1508092448,lo,0.00,0.00,0.00,0,0,0.00,0.00,0.00,0,0,0.00,0.00,0,0
1508092448,total,252049.95,260927.08,512977.03,261188,252302,178.82,181.82,360.64,182,179,0.00,0.00,0,0
1508092449,s1,0.00,0.00,0.00,0,0,0.00,0.00,0.00,0,0,0.00,0.00,0,0
1508092449,eth0,0.00,0.00,0.00,0,0,0.00,0.00,0.00,0,0,0.00,0.00,0,0
1508092449,eth1,0.00,0.00,0.00,0,0,0.00,0.00,0.00,0,0,0.00,0.00,0,0
1508092449,s1-eth2,6000.00,249020.98,255020.98,249270,6006,88.91,90.91,179.82,91,89,0.00,0.00,0,0
1508092449,s1-eth1,243102.91,6000.00,249102.91,6006,243346,88.91,88.91,177.82,89,89,0.00,0.00,0,0
1508092449,lo,0.00,0.00,0.00,0,0,0.00,0.00,0.00,0,0,0.00,0.00,0,0
1508092449,total,249102.91,255020.98,504123.88,255276,249352,177.82,179.82,357.64,180,178,0.00,0.00,0,0
1508092450,s1,0.00,0.00,0.00,0,0,0.00,0.00,0.00,0,0,0.00,0.00,0,0
1508092450,eth0,0.00,0.00,0.00,0,0,0.00,0.00,0.00,0,0,0.00,0.00,0,0
1508092450,eth1,0.00,0.00,0.00,0,0,0.00,0.00,0.00,0,0,0.00,0.00,0,0
1508092450,s1-eth2,6042.00,252364.00,258406.00,252364,6042,89.00,94.00,183.00,94,89,0.00,0.00,0,0
1508092450,s1-eth1,246440.00,6108.00,252548.00,6108,246440,92.00,90.00,182.00,90,92,0.00,0.00,0,0
1508092450,lo,0.00,0.00,0.00,0,0,0.00,0.00,0.00,0,0,0.00,0.00,0,0
1508092450,total,252482.00,258472.00,510954.00,258472,252482,181.00,184.00,365.00,184,181,0.00,0.00,0,0
1508092451,s1,0.00,0.00,0.00,0,0,0.00,0.00,0.00,0,0,0.00,0.00,0,0
1508092451,eth0,0.00,0.00,0.00,0,0,0.00,0.00,0.00,0,0,0.00,0.00,0,0
1508092451,eth1,0.00,0.00,0.00,0,0,0.00,0.00,0.00,0,0,0.00,0.00,0,0
1508092451,s1-eth2,5964.00,258222.00,264186.00,258222,5964,88.00,95.00,183.00,95,88,0.00,0.00,0,0
1508092451,s1-eth1,246374.00,5898.00,252272.00,5898,246374,91.00,87.00,178.00,87,91,0.00,0.00,0,0
1508092451,lo,0.00,0.00,0.00,0,0,0.00,0.00,0.00,0,0,0.00,0.00,0,0
1508092451,total,252338.00,264120.00,516458.00,264120,252338,179.00,182.00,361.00,182,179,0.00,0.00,0,0
1508092452,s1,0.00,0.00,0.00,0,0,0.00,0.00,0.00,0,0,0.00,0.00,0,0
1508092452,eth0,0.00,0.00,0.00,0,0,0.00,0.00,0.00,0,0,0.00,0.00,0,0
1508092452,eth1,0.00,0.00,0.00,0,0,0.00,0.00,0.00,0,0,0.00,0.00,0,0
1508092452,s1-eth2,5454.00,258090.00,263544.00,258090,5454,81.00,93.00,174.00,93,81,0.00,0.00,0,0
1508092452,s1-eth1,243280.00,5454.00,248734.00,5454,243280,88.00,81.00,169.00,81,88,0.00,0.00,0,0
1508092452,lo,172.00,172.00,344.00,172,172,3.00,3.00,6.00,3,3,0.00,0.00,0,0
1508092452,total,248906.00,263716.00,512622.00,263716,248906,172.00,177.00,349.00,177,172,0.00,0.00,0,0
1508092453,s1,0.00,0.00,0.00,0,0,0.00,0.00,0.00,0,0,0.00,0.00,0,0
1508092453,eth0,0.00,0.00,0.00,0,0,0.00,0.00,0.00,0,0,0.00,0.00,0,0
1508092453,eth1,0.00,0.00,0.00,0,0,0.00,0.00,0.00,0,0,0.00,0.00,0,0
1508092453,s1-eth2,5718.00,249270.00,254988.00,249270,5718,85.00,91.00,176.00,91,85,0.00,0.00,0,0
1508092453,s1-eth1,246308.00,5718.00,252026.00,5718,246308,90.00,85.00,175.00,85,90,0.00,0.00,0,0
1508092453,lo,0.00,0.00,0.00,0,0,0.00,0.00,0.00,0,0,0.00,0.00,0,0
1508092453,total,252026.00,254988.00,507014.00,254988,252026,175.00,176.00,351.00,176,175,0.00,0.00,0,0
1508092454,s1,0.00,0.00,0.00,0,0,0.00,0.00,0.00,0,0,0.00,0.00,0,0
1508092454,eth0,0.00,0.00,0.00,0,0,0.00,0.00,0.00,0,0,0.00,0.00,0,0
1508092454,eth1,0.00,0.00,0.00,0,0,0.00,0.00,0.00,0,0,0.00,0.00,0,0
1508092454,s1-eth2,5736.00,252034.00,257770.00,252034,5736,86.00,89.00,175.00,89,86,0.00,0.00,0,0
1508092454,s1-eth1,243490.00,5736.00,249226.00,5736,243490,87.00,86.00,173.00,86,87,0.00,0.00,0,0
1508092454,lo,0.00,0.00,0.00,0,0,0.00,0.00,0.00,0,0,0.00,0.00,0,0
1508092454,total,249226.00,257770.00,506996.00,257770,249226,173.00,175.00,348.00,175,173,0.00,0.00,0,0
1508092455,s1,0.00,0.00,0.00,0,0,0.00,0.00,0.00,0,0,0.00,0.00,0,0
1508092455,eth0,0.00,0.00,0.00,0,0,0.00,0.00,0.00,0,0,0.00,0.00,0,0
1508092455,eth1,0.00,0.00,0.00,0,0,0.00,0.00,0.00,0,0,0.00,0.00,0,0
1508092455,s1-eth2,5970.00,231960.00,237930.00,231960,5970,87.00,92.00,179.00,92,87,0.00,0.00,0,0
1508092455,s1-eth1,228932.00,5970.00,234902.00,5970,228932,90.00,87.00,177.00,87,90,0.00,0.00,0,0
1508092455,lo,0.00,0.00,0.00,0,0,0.00,0.00,0.00,0,0,0.00,0.00,0,0
1508092455,total,234902.00,237930.00,472832.00,237930,234902,177.00,179.00,356.00,179,177,0.00,0.00,0,0
1508092456,s1,0.00,0.00,0.00,0,0,0.00,0.00,0.00,0,0,0.00,0.00,0,0
1508092456,eth0,0.00,0.00,0.00,0,0,0.00,0.00,0.00,0,0,0.00,0.00,0,0
1508092456,eth1,0.00,0.00,0.00,0,0,0.00,0.00,0.00,0,0,0.00,0.00,0,0
1508092456,s1-eth2,5310.00,218334.00,223644.00,218334,5310,75.00,83.00,158.00,83,75,0.00,0.00,0,0
1508092456,s1-eth1,202010.00,4968.00,206978.00,4968,202010,77.00,74.00,151.00,74,77,0.00,0.00,0,0
1508092456,lo,0.00,0.00,0.00,0,0,0.00,0.00,0.00,0,0,0.00,0.00,0,0
1508092456,total,207320.00,223302.00,430622.00,223302,207320,152.00,157.00,309.00,157,152,0.00,0.00,0,0
1508092457,s1,0.00,0.00,0.00,0,0,0.00,0.00,0.00,0,0,0.00,0.00,0,0
1508092457,eth0,0.00,0.00,0.00,0,0,0.00,0.00,0.00,0,0,0.00,0.00,0,0
1508092457,eth1,0.00,0.00,0.00,0,0,0.00,0.00,0.00,0,0,0.00,0.00,0,0
1508092457,s1-eth2,5760.24,245996.02,251756.25,246242,5766,84.92,88.91,173.83,89,85,0.00,0.00,0,0
1508092457,s1-eth1,245996.02,5826.17,251822.19,5832,246242,88.91,85.91,174.83,86,89,0.00,0.00,0,0
1508092457,lo,171.83,171.83,343.66,172,172,3.00,3.00,5.99,3,3,0.00,0.00,0,0
1508092457,total,251928.08,251994.02,503922.09,252246,252180,176.82,177.82,354.65,178,177,0.00,0.00,0,0
1508092458,s1,0.00,0.00,0.00,0,0,0.00,0.00,0.00,0,0,0.00,0.00,0,0
1508092458,eth0,0.00,0.00,0.00,0,0,0.00,0.00,0.00,0,0,0.00,0.00,0,0
1508092458,eth1,0.00,0.00,0.00,0,0,0.00,0.00,0.00,0,0,0.00,0.00,0,0
1508092458,s1-eth2,5928.00,258156.00,264084.00,258156,5928,88.00,94.00,182.00,94,88,0.00,0.00,0,0
1508092458,s1-eth1,246308.00,5862.00,252170.00,5862,246308,90.00,87.00,177.00,87,90,0.00,0.00,0,0
1508092458,lo,0.00,0.00,0.00,0,0,0.00,0.00,0.00,0,0,0.00,0.00,0,0
1508092458,total,252236.00,264018.00,516254.00,264018,252236,178.00,181.00,359.00,181,178,0.00,0.00,0,0
1508092459,s1,0.00,0.00,0.00,0,0,0.00,0.00,0.00,0,0,0.00,0.00,0,0
1508092459,eth0,0.00,0.00,0.00,0,0,0.00,0.00,0.00,0,0,0.00,0.00,0,0
1508092459,eth1,0.00,0.00,0.00,0,0,0.00,0.00,0.00,0,0,0.00,0.00,0,0
1508092459,s1-eth2,5892.00,249138.00,255030.00,249138,5892,88.00,89.00,177.00,89,88,0.00,0.00,0,0
1508092459,s1-eth1,243214.00,5892.00,249106.00,5892,243214,87.00,88.00,175.00,88,87,0.00,0.00,0,0
1508092459,lo,0.00,0.00,0.00,0,0,0.00,0.00,0.00,0,0,0.00,0.00,0,0
1508092459,total,249106.00,255030.00,504136.00,255030,249106,175.00,177.00,352.00,177,175,0.00,0.00,0,0
1508092460,s1,0.00,0.00,0.00,0,0,0.00,0.00,0.00,0,0,0.00,0.00,0,0
1508092460,eth0,0.00,0.00,0.00,0,0,0.00,0.00,0.00,0,0,0.00,0.00,0,0
1508092460,eth1,0.00,0.00,0.00,0,0,0.00,0.00,0.00,0,0,0.00,0.00,0,0
1508092460,s1-eth2,6132.00,248086.00,254218.00,248086,6132,90.00,95.00,185.00,95,90,0.00,0.00,0,0
1508092460,s1-eth1,240648.00,6132.00,246780.00,6132,240648,92.00,90.00,182.00,90,92,0.00,0.00,0,0
1508092460,lo,0.00,0.00,0.00,0,0,0.00,0.00,0.00,0,0,0.00,0.00,0,0
1508092460,total,246780.00,254218.00,500998.00,254218,246780,182.00,185.00,367.00,185,182,0.00,0.00,0,0
1508092461,s1,0.00,0.00,0.00,0,0,0.00,0.00,0.00,0,0,0.00,0.00,0,0
1508092461,eth0,0.00,0.00,0.00,0,0,0.00,0.00,0.00,0,0,0.00,0.00,0,0
1508092461,eth1,0.00,0.00,0.00,0,0,0.00,0.00,0.00,0,0,0.00,0.00,0,0
1508092461,s1-eth2,5460.00,254864.00,260324.00,254864,5460,82.00,88.00,170.00,88,82,0.00,0.00,0,0
1508092461,s1-eth1,245978.00,5460.00,251438.00,5460,245978,85.00,82.00,167.00,82,85,0.00,0.00,0,0
1508092461,lo,0.00,0.00,0.00,0,0,0.00,0.00,0.00,0,0,0.00,0.00,0,0
1508092461,total,251438.00,260324.00,511762.00,260324,251438,167.00,170.00,337.00,170,167,0.00,0.00,0,0
1508092462,s1,0.00,0.00,0.00,0,0,0.00,0.00,0.00,0,0,0.00,0.00,0,0
1508092462,eth0,0.00,0.00,0.00,0,0,0.00,0.00,0.00,0,0,0.00,0.00,0,0
1508092462,eth1,0.00,0.00,0.00,0,0,0.00,0.00,0.00,0,0,0.00,0.00,0,0
1508092462,s1-eth2,6169.83,252243.77,258413.59,252496,6176,89.91,95.90,185.81,96,90,0.00,0.00,0,0
1508092462,s1-eth1,243300.70,6169.83,249470.53,6176,243544,91.91,89.91,181.82,90,92,0.00,0.00,0,0
1508092462,lo,171.83,171.83,343.66,172,172,3.00,3.00,5.99,3,3,0.00,0.00,0,0
1508092462,total,249642.36,258585.42,508227.78,258844,249892,184.82,188.81,373.63,189,185,0.00,0.00,0,0
1508092463,s1,0.00,0.00,0.00,0,0,0.00,0.00,0.00,0,0,0.00,0.00,0,0
1508092463,eth0,304.00,490.00,794.00,490,304,4.00,4.00,8.00,4,4,0.00,0.00,0,0
1508092463,eth1,0.00,0.00,0.00,0,0,0.00,0.00,0.00,0,0,0.00,0.00,0,0
1508092463,s1-eth2,6580.00,253944.00,260524.00,253944,6580,92.00,96.00,188.00,96,92,0.00,0.00,0,0
1508092463,s1-eth1,247212.00,6018.00,253230.00,6018,247212,98.00,89.00,187.00,89,98,0.00,0.00,0,0
1508092463,lo,682.00,682.00,1364.00,682,682,8.00,8.00,16.00,8,8,0.00,0.00,0,0
1508092463,total,254778.00,261134.00,515912.00,261134,254778,202.00,197.00,399.00,197,202,0.00,0.00,0,0
1508092464,s1,0.00,0.00,0.00,0,0,0.00,0.00,0.00,0,0,0.00,0.00,0,0
1508092464,eth0,151.85,244.76,396.60,245,152,2.00,2.00,4.00,2,2,0.00,0.00,0,0
1508092464,eth1,0.00,0.00,0.00,0,0,0.00,0.00,0.00,0,0,0.00,0.00,0,0
1508092464,s1-eth2,5622.38,254741.27,260363.64,254996,5628,83.92,89.91,173.83,90,84,0.00,0.00,0,0
1508092464,s1-eth1,244375.62,5544.46,249920.09,5550,244620,92.91,82.92,175.82,83,93,0.00,0.00,0,0
1508092464,lo,340.66,340.66,681.32,341,341,4.00,4.00,7.99,4,4,0.00,0.00,0,0
1508092464,total,250490.52,260871.14,511361.66,261132,250741,182.82,178.82,361.64,179,183,0.00,0.00,0,0
1508092465,s1,0.00,0.00,0.00,0,0,0.00,0.00,0.00,0,0,0.00,0.00,0,0
1508092465,eth0,151.85,244.76,396.60,245,152,2.00,2.00,4.00,2,2,0.00,0.00,0,0
1508092465,eth1,0.00,0.00,0.00,0,0,0.00,0.00,0.00,0,0,0.00,0.00,0,0
1508092465,s1-eth2,7942.06,253690.31,261632.38,253944,7950,96.90,95.90,192.81,96,97,0.00,0.00,0,0
1508092465,s1-eth1,244054.95,5916.08,249971.03,5922,244299,95.90,86.91,182.82,87,96,0.00,0.00,0,0
1508092465,lo,340.66,340.66,681.32,341,341,4.00,4.00,7.99,4,4,0.00,0.00,0,0
1508092465,total,252489.52,260191.81,512681.34,260452,252742,198.80,188.81,387.61,189,199,0.00,0.00,0,0
1508092466,s1,0.00,0.00,0.00,0,0,0.00,0.00,0.00,0,0,0.00,0.00,0,0
1508092466,eth0,151.85,244.76,396.60,245,152,2.00,2.00,4.00,2,2,0.00,0.00,0,0
1508092466,eth1,0.00,0.00,0.00,0,0,0.00,0.00,0.00,0,0,0.00,0.00,0,0
1508092466,s1-eth2,6401.60,256385.62,262787.22,256642,6408,88.91,92.91,181.82,93,89,0.00,0.00,0,0
1508092466,s1-eth1,243771.23,5688.31,249459.55,5694,244015,90.91,84.92,175.82,85,91,0.00,0.00,0,0
1508092466,lo,340.66,340.66,681.32,341,341,4.00,4.00,7.99,4,4,0.00,0.00,0,0
1508092466,total,250665.34,262659.34,513324.69,262922,250916,185.81,183.82,369.63,184,186,0.00,0.00,0,0
1508092467,s1,0.00,0.00,0.00,0,0,0.00,0.00,0.00,0,0,0.00,0.00,0,0
1508092467,eth0,0.00,0.00,0.00,0,0,0.00,0.00,0.00,0,0,0.00,0.00,0,0
1508092467,eth1,0.00,0.00,0.00,0,0,0.00,0.00,0.00,0,0,0.00,0.00,0,0
1508092467,s1-eth2,6140.86,249086.92,255227.78,249336,6147,86.91,91.91,178.82,92,87,0.00,0.00,0,0
1508092467,s1-eth1,246501.50,5814.19,252315.69,5820,246748,92.91,85.91,178.82,86,93,0.00,0.00,0,0
1508092467,lo,171.83,171.83,343.66,172,172,3.00,3.00,5.99,3,3,0.00,0.00,0,0
1508092467,total,252814.19,255072.94,507887.12,255328,253067,182.82,180.82,363.64,181,183,0.00,0.00,0,0
1508092468,s1,0.00,0.00,0.00,0,0,0.00,0.00,0.00,0,0,0.00,0.00,0,0
1508092468,eth0,60.00,60.00,120.00,60,60,1.00,1.00,2.00,1,1,0.00,0.00,0,0
1508092468,eth1,0.00,0.00,0.00,0,0,0.00,0.00,0.00,0,0,0.00,0.00,0,0
1508092468,s1-eth2,6170.00,259604.00,265774.00,259604,6170,88.00,94.00,182.00,94,88,0.00,0.00,0,0
1508092468,s1-eth1,243677.00,5796.00,249473.00,5796,243677,90.00,86.00,176.00,86,90,0.00,0.00,0,0
1508092468,lo,0.00,0.00,0.00,0,0,0.00,0.00,0.00,0,0,0.00,0.00,0,0
1508092468,total,249907.00,265460.00,515367.00,265460,249907,179.00,181.00,360.00,181,179,0.00,0.00,0,0
1508092469,s1,0.00,0.00,0.00,0,0,0.00,0.00,0.00,0,0,0.00,0.00,0,0
1508092469,eth0,0.00,0.00,0.00,0,0,0.00,0.00,0.00,0,0,0.00,0.00,0,0
1508092469,eth1,0.00,0.00,0.00,0,0,0.00,0.00,0.00,0,0,0.00,0.00,0,0
1508092469,s1-eth2,5689.00,248874.00,254563.00,248874,5689,82.00,85.00,167.00,85,82,0.00,0.00,0,0
1508092469,s1-eth1,245846.00,5292.00,251138.00,5292,245846,83.00,80.00,163.00,80,83,0.00,0.00,0,0
1508092469,lo,0.00,0.00,0.00,0,0,0.00,0.00,0.00,0,0,0.00,0.00,0,0
1508092469,total,251535.00,254166.00,505701.00,254166,251535,165.00,165.00,330.00,165,165,0.00,0.00,0,0
1508092470,s1,0.00,0.00,0.00,0,0,0.00,0.00,0.00,0,0,0.00,0.00,0,0
1508092470,eth0,0.00,0.00,0.00,0,0,0.00,0.00,0.00,0,0,0.00,0.00,0,0
1508092470,eth1,0.00,0.00,0.00,0,0,0.00,0.00,0.00,0,0,0.00,0.00,0,0
1508092470,s1-eth2,6913.09,255640.36,262553.47,255896,6920,99.90,103.90,203.80,104,100,0.00,0.00,0,0
1508092470,s1-eth1,246829.17,6913.09,253742.27,6920,247076,101.90,99.90,201.80,100,102,0.00,0.00,0,0
1508092470,lo,0.00,0.00,0.00,0,0,0.00,0.00,0.00,0,0,0.00,0.00,0,0
1508092470,total,253742.27,262553.47,516295.72,262816,253996,201.80,203.80,405.59,204,202,0.00,0.00,0,0
1508092471,s1,0.00,0.00,0.00,0,0,0.00,0.00,0.00,0,0,0.00,0.00,0,0
1508092471,eth0,0.00,0.00,0.00,0,0,0.00,0.00,0.00,0,0,0.00,0.00,0,0
1508092471,eth1,0.00,0.00,0.00,0,0,0.00,0.00,0.00,0,0,0.00,0.00,0,0
1508092471,s1-eth2,5862.00,252364.00,258226.00,252364,5862,87.00,94.00,181.00,94,87,0.00,0.00,0,0
1508092471,s1-eth1,243585.00,5862.00,249447.00,5862,243585,92.00,87.00,179.00,87,92,0.00,0.00,0,0
1508092471,lo,0.00,0.00,0.00,0,0,0.00,0.00,0.00,0,0,0.00,0.00,0,0
1508092471,total,249447.00,258226.00,507673.00,258226,249447,179.00,181.00,360.00,181,179,0.00,0.00,0,0
1508092472,s1,0.00,0.00,0.00,0,0,0.00,0.00,0.00,0,0,0.00,0.00,0,0
1508092472,eth0,0.00,0.00,0.00,0,0,0.00,0.00,0.00,0,0,0.00,0.00,0,0
1508092472,eth1,0.00,0.00,0.00,0,0,0.00,0.00,0.00,0,0,0.00,0.00,0,0
1508092472,s1-eth2,6839.00,258816.00,265655.00,258816,6839,99.00,104.00,203.00,104,99,0.00,0.00,0,0
1508092472,s1-eth1,244010.00,6732.00,250742.00,6732,244010,99.00,98.00,197.00,98,99,0.00,0.00,0,0
1508092472,lo,172.00,172.00,344.00,172,172,3.00,3.00,6.00,3,3,0.00,0.00,0,0
1508092472,total,251021.00,265720.00,516741.00,265720,251021,201.00,205.00,406.00,205,201,0.00,0.00,0,0
1508092473,s1,0.00,0.00,0.00,0,0,0.00,0.00,0.00,0,0,0.00,0.00,0,0
1508092473,eth0,0.00,0.00,0.00,0,0,0.00,0.00,0.00,0,0,0.00,0.00,0,0
1508092473,eth1,0.00,0.00,0.00,0,0,0.00,0.00,0.00,0,0,0.00,0.00,0,0
1508092473,s1-eth2,5692.00,254732.00,260424.00,254732,5692,82.00,86.00,168.00,86,82,0.00,0.00,0,0
1508092473,s1-eth1,245846.00,5280.00,251126.00,5280,245846,83.00,80.00,163.00,80,83,0.00,0.00,0,0
1508092473,lo,0.00,0.00,0.00,0,0,0.00,0.00,0.00,0,0,0.00,0.00,0,0
1508092473,total,251538.00,260012.00,511550.00,260012,251538,165.00,166.00,331.00,166,165,0.00,0.00,0,0
1508092474,s1,0.00,0.00,0.00,0,0,0.00,0.00,0.00,0,0,0.00,0.00,0,0
1508092474,eth0,0.00,0.00,0.00,0,0,0.00,0.00,0.00,0,0,0.00,0.00,0,0
1508092474,eth1,0.00,0.00,0.00,0,0,0.00,0.00,0.00,0,0,0.00,0.00,0,0
1508092474,s1-eth2,6406.00,248152.00,254558.00,248152,6406,93.00,96.00,189.00,96,93,0.00,0.00,0,0
1508092474,s1-eth1,244018.00,6406.00,250424.00,6406,244018,95.00,93.00,188.00,93,95,0.00,0.00,0,0
1508092474,lo,0.00,0.00,0.00,0,0,0.00,0.00,0.00,0,0,0.00,0.00,0,0
1508092474,total,250424.00,254558.00,504982.00,254558,250424,188.00,189.00,377.00,189,188,0.00,0.00,0,0
1508092475,s1,0.00,0.00,0.00,0,0,0.00,0.00,0.00,0,0,0.00,0.00,0,0
1508092475,eth0,0.00,0.00,0.00,0,0,0.00,0.00,0.00,0,0,0.00,0.00,0,0
1508092475,eth1,0.00,0.00,0.00,0,0,0.00,0.00,0.00,0,0,0.00,0.00,0,0
1508092475,s1-eth2,6227.54,253766.47,259994.02,254274,6240,91.82,100.80,192.61,101,92,0.00,0.00,0,0
1508092475,s1-eth1,240431.14,6293.41,246724.56,6306,240912,95.81,92.81,188.62,93,96,0.00,0.00,0,0
1508092475,lo,0.00,0.00,0.00,0,0,0.00,0.00,0.00,0,0,0.00,0.00,0,0
1508092475,total,246658.69,260059.89,506718.56,260580,247152,187.62,193.61,381.24,194,188,0.00,0.00,0,0
1508092476,s1,0.00,0.00,0.00,0,0,0.00,0.00,0.00,0,0,0.00,0.00,0,0
1508092476,eth0,0.00,0.00,0.00,0,0,0.00,0.00,0.00,0,0,0.00,0.00,0,0
1508092476,eth1,0.00,0.00,0.00,0,0,0.00,0.00,0.00,0,0,0.00,0.00,0,0
1508092476,s1-eth2,5316.00,251902.00,257218.00,251902,5316,80.00,87.00,167.00,87,80,0.00,0.00,0,0
1508092476,s1-eth1,245978.00,5250.00,251228.00,5250,245978,85.00,79.00,164.00,79,85,0.00,0.00,0,0
1508092476,lo,0.00,0.00,0.00,0,0,0.00,0.00,0.00,0,0,0.00,0.00,0,0
1508092476,total,251294.00,257152.00,508446.00,257152,251294,165.00,166.00,331.00,166,165,0.00,0.00,0,0
1508092477,s1,0.00,0.00,0.00,0,0,0.00,0.00,0.00,0,0,0.00,0.00,0,0
1508092477,eth0,0.00,0.00,0.00,0,0,0.00,0.00,0.00,0,0,0.00,0.00,0,0
1508092477,eth1,0.00,0.00,0.00,0,0,0.00,0.00,0.00,0,0,0.00,0.00,0,0
1508092477,s1-eth2,996.00,19856.00,20852.00,19856,996,14.00,12.00,26.00,12,14,0.00,0.00,0,0
1508092477,s1-eth1,25780.00,996.00,26776.00,996,25780,14.00,14.00,28.00,14,14,0.00,0.00,0,0
1508092477,lo,172.00,172.00,344.00,172,172,3.00,3.00,6.00,3,3,0.00,0.00,0,0
1508092477,total,26948.00,21024.00,47972.00,21024,26948,31.00,29.00,60.00,29,31,0.00,0.00,0,0
1508092478,s1,0.00,0.00,0.00,0,0,0.00,0.00,0.00,0,0,0.00,0.00,0,0
1508092478,eth0,0.00,0.00,0.00,0,0,0.00,0.00,0.00,0,0,0.00,0.00,0,0
1508092478,eth1,0.00,0.00,0.00,0,0,0.00,0.00,0.00,0,0,0.00,0.00,0,0
1508092478,s1-eth2,0.00,0.00,0.00,0,0,0.00,0.00,0.00,0,0,0.00,0.00,0,0
1508092478,s1-eth1,0.00,0.00,0.00,0,0,0.00,0.00,0.00,0,0,0.00,0.00,0,0
1508092478,lo,0.00,0.00,0.00,0,0,0.00,0.00,0.00,0,0,0.00,0.00,0,0
1508092478,total,0.00,0.00,0.00,0,0,0.00,0.00,0.00,0,0,0.00,0.00,0,0
1508092479,s1,0.00,0.00,0.00,0,0,0.00,0.00,0.00,0,0,0.00,0.00,0,0
1508092479,eth0,0.00,0.00,0.00,0,0,0.00,0.00,0.00,0,0,0.00,0.00,0,0
1508092479,eth1,0.00,0.00,0.00,0,0,0.00,0.00,0.00,0,0,0.00,0.00,0,0
1508092479,s1-eth2,0.00,0.00,0.00,0,0,0.00,0.00,0.00,0,0,0.00,0.00,0,0
1508092479,s1-eth1,106.89,0.00,106.89,0,107,1.00,0.00,1.00,0,1,0.00,0.00,0,0
1508092479,lo,0.00,0.