1508035671,s5,0.00,0.00,0.00,0,0,0.00,0.00,0.00,0,0,0.00,0.00,0,0
1508035671,s1,0.00,0.00,0.00,0,0,0.00,0.00,0.00,0,0,0.00,0.00,0,0
1508035671,eth0,0.00,0.00,0.00,0,0,0.00,0.00,0.00,0,0,0.00,0.00,0,0
1508035671,eth1,0.00,0.00,0.00,0,0,0.00,0.00,0.00,0,0,0.00,0.00,0,0
1508035671,s1-eth2,0.00,0.00,0.00,0,0,0.00,0.00,0.00,0,0,0.00,0.00,0,0
1508035671,s1-eth1,0.00,0.00,0.00,0,0,0.00,0.00,0.00,0,0,0.00,0.00,0,0
1508035671,lo,0.00,0.00,0.00,0,0,0.00,0.00,0.00,0,0,0.00,0.00,0,0
1508035671,s4,0.00,0.00,0.00,0,0,0.00,0.00,0.00,0,0,0.00,0.00,0,0
1508035671,total,0.00,0.00,0.00,0,0,0.00,0.00,0.00,0,0,0.00,0.00,0,0
1508035672,s5,0.00,0.00,0.00,0,0,0.00,0.00,0.00,0,0,0.00,0.00,0,0
1508035672,s1,90.00,500.00,590.00,500,90,1.00,6.00,7.00,6,1,0.00,0.00,0,0
1508035672,eth0,152.00,245.00,397.00,245,152,2.00,2.00,4.00,2,2,0.00,0.00,0,0
1508035672,eth1,0.00,0.00,0.00,0,0,0.00,0.00,0.00,0,0,0.00,0.00,0,0
1508035672,s1-eth2,8226.00,240766.00,248992.00,240766,8226,99.00,93.00,192.00,93,99,0.00,0.00,0,0
1508035672,s1-eth1,245924.00,6280.00,252204.00,6280,245924,106.00,90.00,196.00,90,106,0.00,0.00,0,0
1508035672,lo,2317.00,2317.00,4634.00,2317,2317,25.00,25.00,50.00,25,25,0.00,0.00,0,0
1508035672,s4,0.00,0.00,0.00,0,0,0.00,0.00,0.00,0,0,0.00,0.00,0,0
1508035672,total,256709.00,250108.00,506817.00,250108,256709,233.00,216.00,449.00,216,233,0.00,0.00,0,0
1508035673,s5,0.00,0.00,0.00,0,0,0.00,0.00,0.00,0,0,0.00,0.00,0,0
1508035673,s1,0.00,0.00,0.00,0,0,0.00,0.00,0.00,0,0,0.00,0.00,0,0
1508035673,eth0,151.70,244.51,396.21,245,152,2.00,2.00,3.99,2,2,0.00,0.00,0,0
1508035673,eth1,0.00,0.00,0.00,0,0,0.00,0.00,0.00,0,0,0.00,0.00,0,0
1508035673,s1-eth2,7595.81,239183.64,246779.45,239662,7611,99.80,98.80,198.60,99,100,0.00,0.00,0,0
1508035673,s1-eth1,233840.33,6634.73,240475.06,6648,234308,98.80,95.81,194.61,96,99,0.00,0.00,0,0
1508035673,lo,340.32,340.32,680.64,341,341,3.99,3.99,7.98,4,4,0.00,0.00,0,0
1508035673,s4,0.00,0.00,0.00,0,0,0.00,0.00,0.00,0,0,0.00,0.00,0,0
1508035673,total,241928.16,246403.20,488331.34,246896,242412,204.59,200.60,405.19,201,205,0.00,0.00,0,0
1508035674,s5,0.00,0.00,0.00,0,0,0.00,0.00,0.00,0,0,0.00,0.00,0,0
1508035674,s1,0.00,0.00,0.00,0,0,0.00,0.00,0.00,0,0,0.00,0.00,0,0
1508035674,eth0,0.00,0.00,0.00,0,0,0.00,0.00,0.00,0,0,0.00,0.00,0,0
1508035674,eth1,0.00,0.00,0.00,0,0,0.00,0.00,0.00,0,0,0.00,0.00,0,0
1508035674,s1-eth2,5904.00,252562.00,258466.00,252562,5904,88.00,97.00,185.00,97,88,0.00,0.00,0,0
1508035674,s1-eth1,239527.00,5904.00,245431.00,5904,239527,93.00,88.00,181.00,88,93,0.00,0.00,0,0
1508035674,lo,0.00,0.00,0.00,0,0,0.00,0.00,0.00,0,0,0.00,0.00,0,0
1508035674,s4,0.00,0.00,0.00,0,0,0.00,0.00,0.00,0,0,0.00,0.00,0,0
1508035674,total,245431.00,258466.00,503897.00,258466,245431,181.00,185.00,366.00,185,181,0.00,0.00,0,0
1508035675,s5,0.00,0.00,0.00,0,0,0.00,0.00,0.00,0,0,0.00,0.00,0,0
1508035675,s1,70.00,0.00,70.00,0,70,1.00,0.00,1.00,0,1,0.00,0.00,0,0
1508035675,eth0,0.00,0.00,0.00,0,0,0.00,0.00,0.00,0,0,0.00,0.00,0,0
1508035675,eth1,0.00,0.00,0.00,0,0,0.00,0.00,0.00,0,0,0.00,0.00,0,0
1508035675,s1-eth2,6376.00,247756.00,254132.00,247756,6376,91.00,90.00,181.00,90,91,0.00,0.00,0,0
1508035675,s1-eth1,243724.00,5862.00,249586.00,5862,243724,91.00,87.00,178.00,87,91,0.00,0.00,0,0
1508035675,lo,268.00,268.00,536.00,268,268,3.00,3.00,6.00,3,3,0.00,0.00,0,0
1508035675,s4,0.00,0.00,0.00,0,0,0.00,0.00,0.00,0,0,0.00,0.00,0,0
1508035675,total,250438.00,253886.00,504324.00,253886,250438,186.00,180.00,366.00,180,186,0.00,0.00,0,0
1508035676,s5,0.00,0.00,0.00,0,0,0.00,0.00,0.00,0,0,0.00,0.00,0,0
1508035676,s1,0.00,139.86,139.86,140,0,0.00,2.00,2.00,2,0,0.00,0.00,0,0
1508035676,eth0,0.00,0.00,0.00,0,0,0.00,0.00,0.00,0,0,0.00,0.00,0,0
1508035676,eth1,0.00,0.00,0.00,0,0,0.00,0.00,0.00,0,0,0.00,0.00,0,0
1508035676,s1-eth2,6162.84,251984.02,258146.86,252236,6169,87.91,91.91,179.82,92,88,0.00,0.00,0,0
1508035676,s1-eth1,246462.55,5836.16,252298.70,5842,246709,91.91,86.91,178.82,87,92,0.00,0.00,0,0
1508035676,lo,879.12,879.12,1758.24,880,880,11.99,11.99,23.98,12,12,0.00,0.00,0,0
1508035676,s4,0.00,0.00,0.00,0,0,0.00,0.00,0.00,0,0,0.00,0.00,0,0
1508035676,total,253504.50,258839.17,512343.66,259098,253758,191.81,192.81,384.62,193,192,0.00,0.00,0,0
1508035677,s5,0.00,0.00,0.00,0,0,0.00,0.00,0.00,0,0,0.00,0.00,0,0
1508035677,s1,0.00,0.00,0.00,0,0,0.00,0.00,0.00,0,0,0.00,0.00,0,0
1508035677,eth0,0.00,0.00,0.00,0,0,0.00,0.00,0.00,0,0,0.00,0.00,0,0
1508035677,eth1,0.00,0.00,0.00,0,0,0.00,0.00,0.00,0,0,0.00,0.00,0,0
1508035677,s1-eth2,6186.00,259934.00,266120.00,259934,6186,91.00,99.00,190.00,99,91,0.00,0.00,0,0
1508035677,s1-eth1,243610.00,6186.00,249796.00,6186,243610,93.00,91.00,184.00,91,93,0.00,0.00,0,0
1508035677,lo,0.00,0.00,0.00,0,0,0.00,0.00,0.00,0,0,0.00,0.00,0,0
1508035677,s4,0.00,0.00,0.00,0,0,0.00,0.00,0.00,0,0,0.00,0.00,0,0
1508035677,total,249796.00,266120.00,515916.00,266120,249796,184.00,190.00,374.00,190,184,0.00,0.00,0,0
1508035678,s5,0.00,0.00,0.00,0,0,0.00,0.00,0.00,0,0,0.00,0.00,0,0
1508035678,s1,0.00,0.00,0.00,0,0,0.00,0.00,0.00,0,0,0.00,0.00,0,0
1508035678,eth0,0.00,0.00,0.00,0,0,0.00,0.00,0.00,0,0,0.00,0.00,0,0
1508035678,eth1,0.00,0.00,0.00,0,0,0.00,0.00,0.00,0,0,0.00,0.00,0,0
1508035678,s1-eth2,5730.00,249270.00,255000.00,249270,5730,85.00,91.00,176.00,91,85,0.00,0.00,0,0
1508035678,s1-eth1,246308.00,5730.00,252038.00,5730,246308,90.00,85.00,175.00,85,90,0.00,0.00,0,0
1508035678,lo,0.00,0.00,0.00,0,0,0.00,0.00,0.00,0,0,0.00,0.00,0,0
1508035678,s4,0.00,0.00,0.00,0,0,0.00,0.00,0.00,0,0,0.00,0.00,0,0
1508035678,total,252038.00,255000.00,507038.00,255000,252038,175.00,176.00,351.00,176,175,0.00,0.00,0,0
1508035679,s5,0.00,0.00,0.00,0,0,0.00,0.00,0.00,0,0,0.00,0.00,0,0
1508035679,s1,70.00,0.00,70.00,0,70,1.00,0.00,1.00,0,1,0.00,0.00,0,0
1508035679,eth0,0.00,0.00,0.00,0,0,0.00,0.00,0.00,0,0,0.00,0.00,0,0
1508035679,eth1,0.00,0.00,0.00,0,0,0.00,0.00,0.00,0,0,0.00,0.00,0,0
1508035679,s1-eth2,6235.00,256906.00,263141.00,256906,6235,91.00,97.00,188.00,97,91,0.00,0.00,0,0
1508035679,s1-eth1,243997.00,5988.00,249985.00,5988,243997,94.00,88.00,182.00,88,94,0.00,0.00,0,0
1508035679,lo,268.00,268.00,536.00,268,268,3.00,3.00,6.00,3,3,0.00,0.00,0,0
1508035679,s4,0.00,0.00,0.00,0,0,0.00,0.00,0.00,0,0,0.00,0.00,0,0
1508035679,total,250570.00,263162.00,513732.00,263162,250570,189.00,188.00,377.00,188,189,0.00,0.00,0,0
1508035680,s5,0.00,0.00,0.00,0,0,0.00,0.00,0.00,0,0,0.00,0.00,0,0
1508035680,s1,0.00,139.86,139.86,140,0,0.00,2.00,2.00,2,0,0.00,0.00,0,0
1508035680,eth0,0.00,0.00,0.00,0,0,0.00,0.00,0.00,0,0,0.00,0.00,0,0
1508035680,eth1,0.00,0.00,0.00,0,0,0.00,0.00,0.00,0,0,0.00,0.00,0,0
1508035680,s1-eth2,5848.15,255009.00,260857.16,255264,5854,86.91,93.91,180.82,94,87,0.00,0.00,0,0
1508035680,s1-eth1,246201.81,5848.15,252049.95,5854,246448,91.91,86.91,178.82,87,92,0.00,0.00,0,0
1508035680,lo,535.46,535.46,1070.93,536,536,5.99,5.99,11.99,6,6,0.00,0.00,0,0
1508035680,s4,0.00,0.00,0.00,0,0,0.00,0.00,0.00,0,0,0.00,0.00,0,0
1508035680,total,252585.42,261532.47,514117.91,261794,252838,184.82,188.81,373.63,189,185,0.00,0.00,0,0
1508035681,s5,0.00,0.00,0.00,0,0,0.00,0.00,0.00,0,0,0.00,0.00,0,0
1508035681,s1,0.00,0.00,0.00,0,0,0.00,0.00,0.00,0,0,0.00,0.00,0,0
1508035681,eth0,0.00,0.00,0.00,0,0,0.00,0.00,0.00,0,0,0.00,0.00,0,0
1508035681,eth1,0.00,0.00,0.00,0,0,0.00,0.00,0.00,0,0,0.00,0.00,0,0
1508035681,s1-eth2,5430.00,252100.00,257530.00,252100,5430,81.00,90.00,171.00,90,81,0.00,0.00,0,0
1508035681,s1-eth1,243214.00,5430.00,248644.00,5430,243214,87.00,81.00,168.00,81,87,0.00,0.00,0,0
1508035681,lo,344.00,344.00,688.00,344,344,6.00,6.00,12.00,6,6,0.00,0.00,0,0
1508035681,s4,0.00,0.00,0.00,0,0,0.00,0.00,0.00,0,0,0.00,0.00,0,0
1508035681,total,248988.00,257874.00,506862.00,257874,248988,174.00,177.00,351.00,177,174,0.00,0.00,0,0
1508035682,s5,0.00,0.00,0.00,0,0,0.00,0.00,0.00,0,0,0.00,0.00,0,0
1508035682,s1,0.00,0.00,0.00,0,0,0.00,0.00,0.00,0,0,0.00,0.00,0,0
1508035682,eth0,0.00,0.00,0.00,0,0,0.00,0.00,0.00,0,0,0.00,0.00,0,0
1508035682,eth1,0.00,0.00,0.00,0,0,0.00,0.00,0.00,0,0,0.00,0.00,0,0
1508035682,s1-eth2,6275.72,250533.47,256809.20,250784,6282,88.91,91.91,180.82,92,89,0.00,0.00,0,0
1508035682,s1-eth1,246061.94,6011.99,252073.94,6018,246308,89.91,88.91,178.82,89,90,0.00,0.00,0,0
1508035682,lo,0.00,0.00,0.00,0,0,0.00,0.00,0.00,0,0,0.00,0.00,0,0
1508035682,s4,0.00,0.00,0.00,0,0,0.00,0.00,0.00,0,0,0.00,0.00,0,0
1508035682,total,252337.67,256545.47,508883.12,256802,252590,178.82,180.82,359.64,181,179,0.00,0.00,0,0
1508035683,s5,0.00,0.00,0.00,0,0,0.00,0.00,0.00,0,0,0.00,0.00,0,0
1508035683,s1,0.00,0.00,0.00,0,0,0.00,0.00,0.00,0,0,0.00,0.00,0,0
1508035683,eth0,0.00,0.00,0.00,0,0,0.00,0.00,0.00,0,0,0.00,0.00,0,0
1508035683,eth1,0.00,0.00,0.00,0,0,0.00,0.00,0.00,0,0,0.00,0.00,0,0
1508035683,s1-eth2,4692.00,204972.00,209664.00,204972,4692,70.00,78.00,148.00,78,70,0.00,0.00,0,0
1508035683,s1-eth1,190162.00,4614.00,194776.00,4614,190162,73.00,69.00,142.00,69,73,0.00,0.00,0,0
1508035683,lo,0.00,0.00,0.00,0,0,0.00,0.00,0.00,0,0,0.00,0.00,0,0
1508035683,s4,0.00,0.00,0.00,0,0,0.00,0.00,0.00,0,0,0.00,0.00,0,0
1508035683,total,194854.00,209586.00,404440.00,209586,194854,143.00,147.00,290.00,147,143,0.00,0.00,0,0
1508035684,s5,0.00,0.00,0.00,0,0,0.00,0.00,0.00,0,0,0.00,0.00,0,0
1508035684,s1,0.00,0.00,0.00,0,0,0.00,0.00,0.00,0,0,0.00,0.00,0,0
1508035684,eth0,0.00,0.00,0.00,0,0,0.00,0.00,0.00,0,0,0.00,0.00,0,0
1508035684,eth1,0.00,0.00,0.00,0,0,0.00,0.00,0.00,0,0,0.00,0.00,0,0
1508035684,s1-eth2,5626.00,252298.00,257924.00,252298,5626,83.00,93.00,176.00,93,83,0.00,0.00,0,0
1508035684,s1-eth1,246374.00,5626.00,252000.00,5626,246374,91.00,83.00,174.00,83,91,0.00,0.00,0,0
1508035684,lo,172.00,172.00,344.00,172,172,3.00,3.00,6.00,3,3,0.00,0.00,0,0
1508035684,s4,0.00,0.00,0.00,0,0,0.00,0.00,0.00,0,0,0.00,0.00,0,0
1508035684,total,252172.00,258096.00,510268.00,258096,252172,177.00,179.00,356.00,179,177,0.00,0.00,0,0
1508035685,s5,0.00,0.00,0.00,0,0,0.00,0.00,0.00,0,0,0.00,0.00,0,0
1508035685,s1,0.00,0.00,0.00,0,0,0.00,0.00,0.00,0,0,0.00,0.00,0,0
1508035685,eth0,0.00,0.00,0.00,0,0,0.00,0.00,0.00,0,0,0.00,0.00,0,0
1508035685,eth1,0.00,0.00,0.00,0,0,0.00,0.00,0.00,0,0,0.00,0.00,0,0
1508035685,s1-eth2,6383.62,253822.19,260205.80,254076,6390,92.91,97.90,190.81,98,93,0.00,0.00,0,0
1508035685,s1-eth1,243366.64,6383.62,249750.25,6390,243610,92.91,92.91,185.81,93,93,0.00,0.00,0,0
1508035685,lo,0.00,0.00,0.00,0,0,0.00,0.00,0.00,0,0,0.00,0.00,0,0
1508035685,s4,0.00,0.00,0.00,0,0,0.00,0.00,0.00,0,0,0.00,0.00,0,0
1508035685,total,249750.25,260205.80,509956.06,260466,250000,185.81,190.81,376.62,191,186,0.00,0.00,0,0
1508035686,s5,0.00,0.00,0.00,0,0,0.00,0.00,0.00,0,0,0.00,0.00,0,0
1508035686,s1,0.00,0.00,0.00,0,0,0.00,0.00,0.00,0,0,0.00,0.00,0,0
1508035686,eth0,0.00,0.00,0.00,0,0,0.00,0.00,0.00,0,0,0.00,0.00,0,0
1508035686,eth1,0.00,0.00,0.00,0,0,0.00,0.00,0.00,0,0,0.00,0.00,0,0
1508035686,s1-eth2,5562.00,252166.00,257728.00,252166,5562,83.00,91.00,174.00,91,83,0.00,0.00,0,0
1508035686,s1-eth1,246242.00,5562.00,251804.00,5562,246242,89.00,83.00,172.00,83,89,0.00,0.00,0,0
1508035686,lo,344.00,344.00,688.00,344,344,6.00,6.00,12.00,6,6,0.00,0.00,0,0
1508035686,s4,0.00,0.00,0.00,0,0,0.00,0.00,0.00,0,0,0.00,0.00,0,0
1508035686,total,252148.00,258072.00,510220.00,258072,252148,178.00,180.00,358.00,180,178,0.00,0.00,0,0
1508035687,s5,0.00,0.00,0.00,0,0,0.00,0.00,0.00,0,0,0.00,0.00,0,0
1508035687,s1,0.00,0.00,0.00,0,0,0.00,0.00,0.00,0,0,0.00,0.00,0,0
1508035687,eth0,0.00,0.00,0.00,0,0,0.00,0.00,0.00,0,0,0.00,0.00,0,0
1508035687,eth1,0.00,0.00,0.00,0,0,0.00,0.00,0.00,0,0,0.00,0.00,0,0
1508035687,s1-eth2,5525.00,250652.00,256177.00,250652,5525,82.00,90.00,172.00,90,82,0.00,0.00,0,0
1508035687,s1-eth1,246217.00,5418.00,251635.00,5418,246217,88.00,81.00,169.00,81,88,0.00,0.00,0,0
1508035687,lo,0.00,0.00,0.00,0,0,0.00,0.00,0.00,0,0,0.00,0.00,0,0
1508035687,s4,0.00,0.00,0.00,0,0,0.00,0.00,0.00,0,0,0.00,0.00,0,0
1508035687,total,251742.00,256070.00,507812.00,256070,251742,170.00,171.00,341.00,171,170,0.00,0.00,0,0
1508035688,s5,0.00,0.00,0.00,0,0,0.00,0.00,0.00,0,0,0.00,0.00,0,0
1508035688,s1,0.00,0.00,0.00,0,0,0.00,0.00,0.00,0,0,0.00,0.00,0,0
1508035688,eth0,0.00,0.00,0.00,0,0,0.00,0.00,0.00,0,0,0.00,0.00,0,0
1508035688,eth1,0.00,0.00,0.00,0,0,0.00,0.00,0.00,0,0,0.00,0.00,0,0
1508035688,s1-eth2,5826.00,250586.00,256412.00,250586,5826,87.00,89.00,176.00,89,87,0.00,0.00,0,0
1508035688,s1-eth1,243280.00,5826.00,249106.00,5826,243280,88.00,87.00,175.00,87,88,0.00,0.00,0,0
1508035688,lo,0.00,0.00,0.00,0,0,0.00,0.00,0.00,0,0,0.00,0.00,0,0
1508035688,s4,0.00,0.00,0.00,0,0,0.00,0.00,0.00,0,0,0.00,0.00,0,0
1508035688,total,249106.00,256412.00,505518.00,256412,249106,175.00,176.00,351.00,176,175,0.00,0.00,0,0
1508035689,s5,0.00,0.00,0.00,0,0,0.00,0.00,0.00,0,0,0.00,0.00,0,0
1508035689,s1,0.00,0.00,0.00,0,0,0.00,0.00,0.00,0,0,0.00,0.00,0,0
1508035689,eth0,0.00,0.00,0.00,0,0,0.00,0.00,0.00,0,0,0.00,0.00,0,0
1508035689,eth1,0.00,0.00,0.00,0,0,0.00,0.00,0.00,0,0,0.00,0.00,0,0
1508035689,s1-eth2,6012.00,250982.00,256994.00,250982,6012,88.00,95.00,183.00,95,88,0.00,0.00,0,0
1508035689,s1-eth1,246506.00,6012.00,252518.00,6012,246506,93.00,88.00,181.00,88,93,0.00,0.00,0,0
1508035689,lo,172.00,172.00,344.00,172,172,3.00,3.00,6.00,3,3,0.00,0.00,0,0
1508035689,s4,0.00,0.00,0.00,0,0,0.00,0.00,0.00,0,0,0.00,0.00,0,0
1508035689,total,252690.00,257166.00,509856.00,257166,252690,184.00,186.00,370.00,186,184,0.00,0.00,0,0
1508035690,s5,0.00,0.00,0.00,0,0,0.00,0.00,0.00,0,0,0.00,0.00,0,0
1508035690,s1,0.00,0.00,0.00,0,0,0.00,0.00,0.00,0,0,0.00,0.00,0,0
1508035690,eth0,0.00,0.00,0.00,0,0,0.00,0.00,0.00,0,0,0.00,0.00,0,0
1508035690,eth1,0.00,0.00,0.00,0,0,0.00,0.00,0.00,0,0,0.00,0.00,0,0
1508035690,s1-eth2,5514.00,254864.00,260378.00,254864,5514,83.00,88.00,171.00,88,83,0.00,0.00,0,0
1508035690,s1-eth1,243016.00,5514.00,248530.00,5514,243016,84.00,83.00,167.00,83,84,0.00,0.00,0,0
1508035690,lo,0.00,0.00,0.00,0,0,0.00,0.00,0.00,0,0,0.00,0.00,0,0
1508035690,s4,0.00,0.00,0.00,0,0,0.00,0.00,0.00,0,0,0.00,0.00,0,0
1508035690,total,248530.00,260378.00,508908.00,260378,248530,167.00,171.00,338.00,171,167,0.00,0.00,0,0
1508035691,s5,0.00,0.00,0.00,0,0,0.00,0.00,0.00,0,0,0.00,0.00,0,0
1508035691,s1,0.00,0.00,0.00,0,0,0.00,0.00,0.00,0,0,0.00,0.00,0,0
1508035691,eth0,0.00,0.00,0.00,0,0,0.00,0.00,0.00,0,0,0.00,0.00,0,0
1508035691,eth1,0.00,0.00,0.00,0,0,0.00,0.00,0.00,0,0,0.00,0.00,0,0
1508035691,s1-eth2,5532.47,245864.14,251396.61,246110,5538,82.92,86.91,169.83,87,83,0.00,0.00,0,0
1508035691,s1-eth1,246205.80,5598.40,251804.20,5604,246452,87.91,83.92,171.83,84,88,0.00,0.00,0,0
1508035691,lo,343.66,343.66,687.31,344,344,5.99,5.99,11.99,6,6,0.00,0.00,0,0
1508035691,s4,0.00,0.00,0.00,0,0,0.00,0.00,0.00,0,0,0.00,0.00,0,0
1508035691,total,252081.92,251806.20,503888.12,252058,252334,176.82,176.82,353.65,177,177,0.00,0.00,0,0
1508035692,s5,0.00,0.00,0.00,0,0,0.00,0.00,0.00,0,0,0.00,0.00,0,0
1508035692,s1,0.00,0.00,0.00,0,0,0.00,0.00,0.00,0,0,0.00,0.00,0,0
1508035692,eth0,0.00,0.00,0.00,0,0,0.00,0.00,0.00,0,0,0.00,0.00,0,0
1508035692,eth1,0.00,0.00,0.00,0,0,0.00,0.00,0.00,0,0,0.00,0.00,0,0
1508035692,s1-eth2,6138.00,249402.00,255540.00,249402,6138,91.00,93.00,184.00,93,91,0.00,0.00,0,0
1508035692,s1-eth1,246440.00,6072.00,252512.00,6072,246440,92.00,90.00,182.00,90,92,0.00,0.00,0,0
1508035692,lo,0.00,0.00,0.00,0,0,0.00,0.00,0.00,0,0,0.00,0.00,0,0
1508035692,s4,0.00,0.00,0.00,0,0,0.00,0.00,0.00,0,0,0.00,0.00,0,0
1508035692,total,252578.00,255474.00,508052.00,255474,252578,183.00,183.00,366.00,183,183,0.00,0.00,0,0
1508035693,s5,0.00,0.00,0.00,0,0,0.00,0.00,0.00,0,0,0.00,0.00,0,0
1508035693,s1,0.00,0.00,0.00,0,0,0.00,0.00,0.00,0,0,0.00,0.00,0,0
1508035693,eth0,0.00,0.00,0.00,0,0,0.00,0.00,0.00,0,0,0.00,0.00,0,0
1508035693,eth1,0.00,0.00,0.00,0,0,0.00,0.00,0.00,0,0,0.00,0.00,0,0
1508035693,s1-eth2,5916.00,252166.00,258082.00,252166,5916,88.00,91.00,179.00,91,88,0.00,0.00,0,0
1508035693,s1-eth1,243280.00,5916.00,249196.00,5916,243280,88.00,88.00,176.00,88,88,0.00,0.00,0,0
1508035693,lo,0.00,0.00,0.00,0,0,0.00,0.00,0.00,0,0,0.00,0.00,0,0
1508035693,s4,0.00,0.00,0.00,0,0,0.00,0.00,0.00,0,0,0.00,0.00,0,0
1508035693,total,249196.00,258082.00,507278.00,258082,249196,176.00,179.00,355.00,179,176,0.00,0.00,0,0
1508035694,s5,0.00,0.00,0.00,0,0,0.00,0.00,0.00,0,0,0.00,0.00,0,0
1508035694,s1,0.00,0.00,0.00,0,0,0.00,0.00,0.00,0,0,0.00,0.00,0,0
1508035694,eth0,0.00,0.00,0.00,0,0,0.00,0.00,0.00,0,0,0.00,0.00,0,0
1508035694,eth1,0.00,0.00,0.00,0,0,0.00,0.00,0.00,0,0,0.00,0.00,0,0
1508035694,s1-eth2,6176.00,249534.00,255710.00,249534,6176,90.00,95.00,185.00,95,90,0.00,0.00,0,0
1508035694,s1-eth1,246506.00,6176.00,252682.00,6176,246506,93.00,90.00,183.00,90,93,0.00,0.00,0,0
1508035694,lo,172.00,172.00,344.00,172,172,3.00,3.00,6.00,3,3,0.00,0.00,0,0
1508035694,s4,0.00,0.00,0.00,0,0,0.00,0.00,0.00,0,0,0.00,0.00,0,0
1508035694,total,252854.00,255882.00,508736.00,255882,252854,186.00,188.00,374.00,188,186,0.00,0.00,0,0
1508035695,s5,0.00,0.00,0.00,0,0,0.00,0.00,0.00,0,0,0.00,0.00,0,0
1508035695,s1,0.00,0.00,0.00,0,0,0.00,0.00,0.00,0,0,0.00,0.00,0,0
1508035695,eth0,0.00,0.00,0.00,0,0,0.00,0.00,0.00,0,0,0.00,0.00,0,0
1508035695,eth1,0.00,0.00,0.00,0,0,0.00,0.00,0.00,0,0,0.00,0.00,0,0
1508035695,s1-eth2,6036.00,255062.00,261098.00,255062,6036,86.00,91.00,177.00,91,86,0.00,0.00,0,0
1508035695,s1-eth1,243214.00,5694.00,248908.00,5694,243214,87.00,85.00,172.00,85,87,0.00,0.00,0,0
1508035695,lo,0.00,0.00,0.00,0,0,0.00,0.00,0.00,0,0,0.00,0.00,0,0
1508035695,s4,0.00,0.00,0.00,0,0,0.00,0.00,0.00,0,0,0.00,0.00,0,0
1508035695,total,249250.00,260756.00,510006.00,260756,249250,173.00,176.00,349.00,176,173,0.00,0.00,0,0
1508035696,s5,0.00,0.00,0.00,0,0,0.00,0.00,0.00,0,0,0.00,0.00,0,0
1508035696,s1,0.00,0.00,0.00,0,0,0.00,0.00,0.00,0,0,0.00,0.00,0,0
1508035696,eth0,0.00,0.00,0.00,0,0,0.00,0.00,0.00,0,0,0.00,0.00,0,0
1508035696,eth1,0.00,0.00,0.00,0,0,0.00,0.00,0.00,0,0,0.00,0.00,0,0
1508035696,s1-eth2,5652.00,249204.00,254856.00,249204,5652,84.00,90.00,174.00,90,84,0.00,0.00,0,0
1508035696,s1-eth1,246242.00,5718.00,251960.00,5718,246242,89.00,85.00,174.00,85,89,0.00,0.00,0,0
1508035696,lo,344.00,344.00,688.00,344,344,6.00,6.00,12.00,6,6,0.00,0.00,0,0
1508035696,s4,0.00,0.00,0.00,0,0,0.00,0.00,0.00,0,0,0.00,0.00,0,0
1508035696,total,252238.00,255266.00,507504.00,255266,252238,179.00,181.00,360.00,181,179,0.00,0.00,0,0
1508035697,s5,0.00,0.00,0.00,0,0,0.00,0.00,0.00,0,0,0.00,0.00,0,0
1508035697,s1,0.00,0.00,0.00,0,0,0.00,0.00,0.00,0,0,0.00,0.00,0,0
1508035697,eth0,0.00,0.00,0.00,0,0,0.00,0.00,0.00,0,0,0.00,0.00,0,0
1508035697,eth1,0.00,0.00,0.00,0,0,0.00,0.00,0.00,0,0,0.00,0.00,0,0
1508035697,s1-eth2,6663.34,264409.59,271072.94,264674,6670,96.90,104.90,201.80,105,97,0.00,0.00,0,0
1508035697,s1-eth1,246589.42,6597.40,253186.81,6604,246836,97.90,95.90,193.81,96,98,0.00,0.00,0,0
1508035697,lo,0.00,0.00,0.00,0,0,0.00,0.00,0.00,0,0,0.00,0.00,0,0
1508035697,s4,0.00,0.00,0.00,0,0,0.00,0.00,0.00,0,0,0.00,0.00,0,0
1508035697,total,253252.75,271007.00,524259.75,271278,253506,194.81,200.80,395.60,201,195,0.00,0.00,0,0
1508035698,s5,0.00,0.00,0.00,0,0,0.00,0.00,0.00,0,0,0.00,0.00,0,0
1508035698,s1,0.00,0.00,0.00,0,0,0.00,0.00,0.00,0,0,0.00,0.00,0,0
1508035698,eth0,0.00,0.00,0.00,0,0,0.00,0.00,0.00,0,0,0.00,0.00,0,0
1508035698,eth1,0.00,0.00,0.00,0,0,0.00,0.00,0.00,0,0,0.00,0.00,0,0
1508035698,s1-eth2,5412.00,254732.00,260144.00,254732,5412,82.00,86.00,168.00,86,82,0.00,0.00,0,0
1508035698,s1-eth1,242884.00,5412.00,248296.00,5412,242884,82.00,82.00,164.00,82,82,0.00,0.00,0,0
1508035698,lo,0.00,0.00,0.00,0,0,0.00,0.00,0.00,0,0,0.00,0.00,0,0
1508035698,s4,0.00,0.00,0.00,0,0,0.00,0.00,0.00,0,0,0.00,0.00,0,0
1508035698,total,248296.00,260144.00,508440.00,260144,248296,164.00,168.00,332.00,168,164,0.00,0.00,0,0
1508035699,s5,0.00,0.00,0.00,0,0,0.00,0.00,0.00,0,0,0.00,0.00,0,0
1508035699,s1,0.00,0.00,0.00,0,0,0.00,0.00,0.00,0,0,0.00,0.00,0,0
1508035699,eth0,0.00,0.00,0.00,0,0,0.00,0.00,0.00,0,0,0.00,0.00,0,0
1508035699,eth1,0.00,0.00,0.00,0,0,0.00,0.00,0.00,0,0,0.00,0.00,0,0
1508035699,s1-eth2,5346.00,245846.00,251192.00,245846,5346,81.00,83.00,164.00,83,81,0.00,0.00,0,0
1508035699,s1-eth1,245846.00,5346.00,251192.00,5346,245846,83.00,81.00,164.00,81,83,0.00,0.00,0,0
1508035699,lo,172.00,172.00,344.00,172,172,3.00,3.00,6.00,3,3,0.00,0.00,0,0
1508035699,s4,0.00,0.00,0.00,0,0,0.00,0.00,0.00,0,0,0.00,0.00,0,0
1508035699,total,251364.00,251364.00,502728.00,251364,251364,167.00,167.00,334.00,167,167,0.00,0.00,0,0
1508035700,s5,0.00,0.00,0.00,0,0,0.00,0.00,0.00,0,0,0.00,0.00,0,0
1508035700,s1,0.00,0.00,0.00,0,0,0.00,0.00,0.00,0,0,0.00,0.00,0,0
1508035700,eth0,0.00,0.00,0.00,0,0,0.00,0.00,0.00,0,0,0.00,0.00,0,0
1508035700,eth1,0.00,0.00,0.00,0,0,0.00,0.00,0.00,0,0,0.00,0.00,0,0
1508035700,s1-eth2,7020.98,258821.19,265842.16,259080,7028,99.90,107.89,207.79,108,100,0.00,0.00,0,0
1508035700,s1-eth1,246985.02,7020.98,254006.00,7028,247232,103.90,99.90,203.80,100,104,0.00,0.00,0,0
1508035700,lo,0.00,0.00,0.00,0,0,0.00,0.00,0.00,0,0,0.00,0.00,0,0
1508035700,s4,0.00,0.00,0.00,0,0,0.00,0.00,0.00,0,0,0.00,0.00,0,0
1508035700,total,254006.00,265842.16,519848.16,266108,254260,203.80,207.79,411.59,208,204,0.00,0.00,0,0
1508035701,s5,0.00,0.00,0.00,0,0,0.00,0.00,0.00,0,0,0.00,0.00,0,0
1508035701,s1,0.00,0.00,0.00,0,0,0.00,0.00,0.00,0,0,0.00,0.00,0,0
1508035701,eth0,0.00,0.00,0.00,0,0,0.00,0.00,0.00,0,0,0.00,0.00,0,0
1508035701,eth1,0.00,0.00,0.00,0,0,0.00,0.00,0.00,0,0,0.00,0.00,0,0
1508035701,s1-eth2,5586.00,247690.00,253276.00,247690,5586,83.00,89.00,172.00,89,83,0.00,0.00,0,0
1508035701,s1-eth1,243214.00,5586.00,248800.00,5586,243214,87.00,83.00,170.00,83,87,0.00,0.00,0,0
1508035701,lo,344.00,344.00,688.00,344,344,6.00,6.00,12.00,6,6,0.00,0.00,0,0
1508035701,s4,0.00,0.00,0.00,0,0,0.00,0.00,0.00,0,0,0.00,0.00,0,0
1508035701,total,249144.00,253620.00,502764.00,253620,249144,176.00,178.00,354.00,178,176,0.00,0.00,0,0
1508035702,s5,0.00,0.00,0.00,0,0,0.00,0.00,0.00,0,0,0.00,0.00,0,0
1508035702,s1,0.00,0.00,0.00,0,0,0.00,0.00,0.00,0,0,0.00,0.00,0,0
1508035702,eth0,0.00,0.00,0.00,0,0,0.00,0.00,0.00,0,0,0.00,0.00,0,0
1508035702,eth1,0.00,0.00,0.00,0,0,0.00,0.00,0.00,0,0,0.00,0.00,0,0
1508035702,s1-eth2,5346.00,251770.00,257116.00,251770,5346,81.00,85.00,166.00,85,81,0.00,0.00,0,0
1508035702,s1-eth1,245846.00,5346.00,251192.00,5346,245846,83.00,81.00,164.00,81,83,0.00,0.00,0,0
1508035702,lo,0.00,0.00,0.00,0,0,0.00,0.00,0.00,0,0,0.00,0.00,0,0
1508035702,s4,0.00,0.00,0.00,0,0,0.00,0.00,0.00,0,0,0.00,0.00,0,0
1508035702,total,251192.00,257116.00,508308.00,257116,251192,164.00,166.00,330.00,166,164,0.00,0.00,0,0
1508035703,s5,0.00,0.00,0.00,0,0,0.00,0.00,0.00,0,0,0.00,0.00,0,0
1508035703,s1,0.00,0.00,0.00,0,0,0.00,0.00,0.00,0,0,0.00,0.00,0,0
1508035703,eth0,0.00,0.00,0.00,0,0,0.00,0.00,0.00,0,0,0.00,0.00,0,0
1508035703,eth1,0.00,0.00,0.00,0,0,0.00,0.00,0.00,0,0,0.00,0.00,0,0
1508035703,s1-eth2,5483.52,247178.83,252662.34,247426,5489,81.92,84.92,166.83,85,82,0.00,0.00,0,0
1508035703,s1-eth1,242748.27,5376.62,248124.88,5382,242991,82.92,80.92,163.84,81,83,0.00,0.00,0,0
1508035703,lo,0.00,0.00,0.00,0,0,0.00,0.00,0.00,0,0,0.00,0.00,0,0
1508035703,s4,0.00,0.00,0.00,0,0,0.00,0.00,0.00,0,0,0.00,0.00,0,0
1508035703,total,248231.78,252555.45,500787.22,252808,248480,164.84,165.83,330.67,166,165,0.00,0.00,0,0
1508035704,s5,0.00,0.00,0.00,0,0,0.00,0.00,0.00,0,0,0.00,0.00,0,0
1508035704,s1,0.00,0.00,0.00,0,0,0.00,0.00,0.00,0,0,0.00,0.00,0,0
1508035704,eth0,0.00,0.00,0.00,0,0,0.00,0.00,0.00,0,0,0.00,0.00,0,0
1508035704,eth1,0.00,0.00,0.00,0,0,0.00,0.00,0.00,0,0,0.00,0.00,0,0
1508035704,s1-eth2,5910.00,246374.00,252284.00,246374,5910,87.00,91.00,178.00,91,87,0.00,0.00,0,0
1508035704,s1-eth1,246440.00,5910.00,252350.00,5910,246440,92.00,87.00,179.00,87,92,0.00,0.00,0,0
1508035704,lo,172.00,172.00,344.00,172,172,3.00,3.00,6.00,3,3,0.00,0.00,0,0
1508035704,s4,0.00,0.00,0.00,0,0,0.00,0.00,0.00,0,0,0.00,0.00,0,0
1508035704,total,252522.00,252456.00,504978.00,252456,252522,182.00,181.00,363.00,181,182,0.00,0.00,0,0
1508035705,s5,0.00,0.00,0.00,0,0,0.00,0.00,0.00,0,0,0.00,0.00,0,0
1508035705,s1,0.00,0.00,0.00,0,0,0.00,0.00,0.00,0,0,0.00,0.00,0,0
1508035705,eth0,0.00,0.00,0.00,0,0,0.00,0.00,0.00,0,0,0.00,0.00,0,0
1508035705,eth1,0.00,0.00,0.00,0,0,0.00,0.00,0.00,0,0,0.00,0.00,0,0
1508035705,s1-eth2,5658.34,248931.08,254589.42,249180,5664,83.92,89.91,173.83,90,84,0.00,0.00,0,0
1508035705,s1-eth1,244393.61,5658.34,250051.95,5664,244638,86.91,83.92,170.83,84,87,0.00,0.00,0,0
1508035705,lo,295.70,295.70,591.41,296,296,3.00,3.00,5.99,3,3,0.00,0.00,0,0
1508035705,s4,0.00,0.00,0.00,0,0,0.00,0.00,0.00,0,0,0.00,0.00,0,0
1508035705,total,250347.66,254885.12,505232.78,255140,250598,173.83,176.82,350.65,177,174,0.00,0.00,0,0
1508035706,s5,0.00,0.00,0.00,0,0,0.00,0.00,0.00,0,0,0.00,0.00,0,0
1508035706,s1,0.00,0.00,0.00,0,0,0.00,0.00,0.00,0,0,0.00,0.00,0,0
1508035706,eth0,0.00,0.00,0.00,0,0,0.00,0.00,0.00,0,0,0.00,0.00,0,0
1508035706,eth1,0.00,0.00,0.00,0,0,0.00,0.00,0.00,0,0,0.00,0.00,0,0
1508035706,s1-eth2,6906.00,254472.00,261378.00,254472,6906,101.00,104.00,205.00,104,101,0.00,0.00,0,0
1508035706,s1-eth1,245652.00,6906.00,252558.00,6906,245652,102.00,101.00,203.00,101,102,0.00,0.00,0,0
1508035706,lo,344.00,344.00,688.00,344,344,6.00,6.00,12.00,6,6,0.00,0.00,0,0
1508035706,s4,0.00,0.00,0.00,0,0,0.00,0.00,0.00,0,0,0.00,0.00,0,0
1508035706,total,252902.00,261722.00,514624.00,261722,252902,209.00,211.00,420.00,211,209,0.00,0.00,0,0
1508035707,s5,0.00,0.00,0.00,0,0,0.00,0.00,0.00,0,0,0.00,0.00,0,0
1508035707,s1,0.00,0.00,0.00,0,0,0.00,0.00,0.00,0,0,0.00,0.00,0,0
1508035707,eth0,0.00,0.00,0.00,0,0,0.00,0.00,0.00,0,0,0.00,0.00,0,0
1508035707,eth1,0.00,0.00,0.00,0,0,0.00,0.00,0.00,0,0,0.00,0.00,0,0
1508035707,s1-eth2,5148.00,251770.00,256918.00,251770,5148,78.00,85.00,163.00,85,78,0.00,0.00,0,0
1508035707,s1-eth1,245846.00,5148.00,250994.00,5148,245846,83.00,78.00,161.00,78,83,0.00,0.00,0,0
1508035707,lo,0.00,0.00,0.00,0,0,0.00,0.00,0.00,0,0,0.00,0.00,0,0
1508035707,s4,0.00,0.00,0.00,0,0,0.00,0.00,0.00,0,0,0.00,0.00,0,0
1508035707,total,250994.00,256918.00,507912.00,256918,250994,161.00,163.00,324.00,163,161,0.00,0.00,0,0
1508035708,s5,0.00,0.00,0.00,0,0,0.00,0.00,0.00,0,0,0.00,0.00,0,0
1508035708,s1,0.00,0.00,0.00,0,0,0.00,0.00,0.00,0,0,0.00,0.00,0,0
1508035708,eth0,0.00,0.00,0.00,0,0,0.00,0.00,0.00,0,0,0.00,0.00,0,0
1508035708,eth1,0.00,0.00,0.00,0,0,0.00,0.00,0.00,0,0,0.00,0.00,0,0
1508035708,s1-eth2,6113.89,250665.34,256779.23,250916,6120,89.91,93.91,183.82,94,90,0.00,0.00,0,0
1508035708,s1-eth1,246193.81,6113.89,252307.70,6120,246440,91.91,89.91,181.82,90,92,0.00,0.00,0,0
1508035708,lo,0.00,0.00,0.00,0,0,0.00,0.00,0.00,0,0,0.00,0.00,0,0
1508035708,s4,0.00,0.00,0.00,0,0,0.00,0.00,0.00,0,0,0.00,0.00,0,0
1508035708,total,252307.70,256779.23,509086.94,257036,252560,181.82,183.82,365.63,184,182,0.00,0.00,0,0
1508035709,s5,0.00,0.00,0.00,0,0,0.00,0.00,0.00,0,0,0.00,0.00,0,0
1508035709,s1,0.00,0.00,0.00,0,0,0.00,0.00,0.00,0,0,0.00,0.00,0,0
1508035709,eth0,0.00,0.00,0.00,0,0,0.00,0.00,0.00,0,0,0.00,0.00,0,0
1508035709,eth1,0.00,0.00,0.00,0,0,0.00,0.00,0.00,0,0,0.00,0.00,0,0
1508035709,s1-eth2,5196.00,248940.00,254136.00,248940,5196,78.00,86.00,164.00,86,78,0.00,0.00,0,0
1508035709,s1-eth1,243016.00,5196.00,248212.00,5196,243016,84.00,78.00,162.00,78,84,0.00,0.00,0,0
1508035709,lo,0.00,0.00,0.00,0,0,0.00,0.00,0.00,0,0,0.00,0.00,0,0
1508035709,s4,0.00,0.00,0.00,0,0,0.00,0.00,0.00,0,0,0.00,0.00,0,0
1508035709,total,248212.00,254136.00,502348.00,254136,248212,162.00,164.00,326.00,164,162,0.00,0.00,0,0
1508035710,s5,0.00,0.00,0.00,0,0,0.00,0.00,0.00,0,0,0.00,0.00,0,0
1508035710,s1,0.00,0.00,0.00,0,0,0.00,0.00,0.00,0,0,0.00,0.00,0,0
1508035710,eth0,0.00,0.00,0.00,0,0,0.00,0.00,0.00,0,0,0.00,0.00,0,0
1508035710,eth1,0.00,0.00,0.00,0,0,0.00,0.00,0.00,0,0,0.00,0.00,0,0
1508035710,s1-eth2,5394.00,248940.00,254334.00,248940,5394,81.00,86.00,167.00,86,81,0.00,0.00,0,0
1508035710,s1-eth1,245978.00,5394.00,251372.00,5394,245978,85.00,81.00,166.00,81,85,0.00,0.00,0,0
1508035710,lo,172.00,172.00,344.00,172,172,3.00,3.00,6.00,3,3,0.00,0.00,0,0
1508035710,s4,0.00,0.00,0.00,0,0,0.00,0.00,0.00,0,0,0.00,0.00,0,0
1508035710,total,251544.00,254506.00,506050.00,254506,251544,169.00,170.00,339.00,170,169,0.00,0.00,0,0
1508035711,s5,0.00,0.00,0.00,0,0,0.00,0.00,0.00,0,0,0.00,0.00,0,0
1508035711,s1,0.00,0.00,0.00,0,0,0.00,0.00,0.00,0,0,0.00,0.00,0,0
1508035711,eth0,0.00,0.00,0.00,0,0,0.00,0.00,0.00,0,0,0.00,0.00,0,0
1508035711,eth1,0.00,0.00,0.00,0,0,0.00,0.00,0.00,0,0,0.00,0.00,0,0
1508035711,s1-eth2,6282.00,253680.00,259962.00,253680,6282,89.00,92.00,181.00,92,89,0.00,0.00,0,0
1508035711,s1-eth1,243622.00,5940.00,249562.00,5940,243622,89.00,88.00,177.00,88,89,0.00,0.00,0,0
1508035711,lo,344.00,344.00,688.00,344,344,6.00,6.00,12.00,6,6,0.00,0.00,0,0
1508035711,s4,0.00,0.00,0.00,0,0,0.00,0.00,0.00,0,0,0.00,0.00,0,0
1508035711,total,250248.00,259964.00,510212.00,259964,250248,184.00,186.00,370.00,186,184,0.00,0.00,0,0
1508035712,s5,0.00,0.00,0.00,0,0,0.00,0.00,0.00,0,0,0.00,0.00,0,0
1508035712,s1,0.00,0.00,0.00,0,0,0.00,0.00,0.00,0,0,0.00,0.00,0,0
1508035712,eth0,0.00,0.00,0.00,0,0,0.00,0.00,0.00,0,0,0.00,0.00,0,0
1508035712,eth1,0.00,0.00,0.00,0,0,0.00,0.00,0.00,0,0,0.00,0.00,0,0
1508035712,s1-eth2,6210.00,249534.00,255744.00,249534,6210,91.00,95.00,186.00,95,91,0.00,0.00,0,0
1508035712,s1-eth1,246572.00,6210.00,252782.00,6210,246572,94.00,91.00,185.00,91,94,0.00,0.00,0,0
1508035712,lo,0.00,0.00,0.00,0,0,0.00,0.00,0.00,0,0,0.00,0.00,0,0
1508035712,s4,0.00,0.00,0.00,0,0,0.00,0.00,0.00,0,0,0.00,0.00,0,0
1508035712,total,252782.00,255744.00,508526.00,255744,252782,185.00,186.00,371.00,186,185,0.00,0.00,0,0
1508035713,s5,0.00,0.00,0.00,0,0,0.00,0.00,0.00,0,0,0.00,0.00,0,0
1508035713,s1,0.00,0.00,0.00,0,0,0.00,0.00,0.00,0,0,0.00,0.00,0,0
1508035713,eth0,0.00,0.00,0.00,0,0,0.00,0.00,0.00,0,0,0.00,0.00,0,0
1508035713,eth1,0.00,0.00,0.00,0,0,0.00,0.00,0.00,0,0,0.00,0.00,0,0
1508035713,s1-eth2,5142.00,199378.00,204520.00,199378,5142,75.00,81.00,156.00,81,75,0.00,0.00,0,0
1508035713,s1-eth1,184502.00,5142.00,189644.00,5142,184502,75.00,75.00,150.00,75,75,0.00,0.00,0,0
1508035713,lo,0.00,0.00,0.00,0,0,0.00,0.00,0.00,0,0,0.00,0.00,0,0
1508035713,s4,0.00,0.00,0.00,0,0,0.00,0.00,0.00,0,0,0.00,0.00,0,0
1508035713,total,189644.00,204520.00,394164.00,204520,189644,150.00,156.00,306.00,156,150,0.00,0.00,0,0
1508035714,s5,0.00,0.00,0.00,0,0,0.00,0.00,0.00,0,0,0.00,0.00,0,0
1508035714,s1,0.00,0.00,0.00,0,0,0.00,0.00,0.00,0,0,0.00,0.00,0,0
1508035714,eth0,323.00,462.00,785.00,462,323,4.00,3.00,7.00,3,4,0.00,0.00,0,0
1508035714,eth1,0.00,0.00,0.00,0,0,0.00,0.00,0.00,0,0,0.00,0.00,0,0
1508035714,s1-eth2,5604.00,256444.00,262048.00,256444,5604,84.00,90.00,174.00,90,84,0.00,0.00,0,0
1508035714,s1-eth1,246110.00,5604.00,251714.00,5604,246110,87.00,84.00,171.00,84,87,0.00,0.00,0,0
1508035714,lo,627.00,627.00,1254.00,627,627,6.00,6.00,12.00,6,6,0.00,0.00,0,0
1508035714,s4,0.00,0.00,0.00,0,0,0.00,0.00,0.00,0,0,0.00,0.00,0,0
1508035714,total,252664.00,263137.00,515801.00,263137,252664,181.00,183.00,364.00,183,181,0.00,0.00,0,0
1508035715,s5,0.00,0.00,0.00,0,0,0.00,0.00,0.00,0,0,0.00,0.00,0,0
1508035715,s1,0.00,0.00,0.00,0,0,0.00,0.00,0.00,0,0,0.00,0.00,0,0
1508035715,eth0,27351.00,20052.00,47403.00,20052,27351,42.00,53.00,95.00,53,42,0.00,0.00,0,0
1508035715,eth1,0.00,0.00,0.00,0,0,0.00,0.00,0.00,0,0,0.00,0.00,0,0
1508035715,s1-eth2,5724.00,252430.00,258154.00,252430,5724,84.00,95.00,179.00,95,84,0.00,0.00,0,0
1508035715,s1-eth1,243544.00,5724.00,249268.00,5724,243544,92.00,84.00,176.00,84,92,0.00,0.00,0,0
1508035715,lo,2148.00,2148.00,4296.00,2148,2148,19.00,19.00,38.00,19,19,0.00,0.00,0,0
1508035715,s4,0.00,0.00,0.00,0,0,0.00,0.00,0.00,0,0,0.00,0.00,0,0
1508035715,total,278767.00,280354.00,559121.00,280354,278767,237.00,251.00,488.00,251,237,0.00,0.00,0,0
1508035716,s5,0.00,0.00,0.00,0,0,0.00,0.00,0.00,0,0,0.00,0.00,0,0
1508035716,s1,0.00,0.00,0.00,0,0,0.00,0.00,0.00,0,0,0.00,0.00,0,0
1508035716,eth0,0.00,0.00,0.00,0,0,0.00,0.00,0.00,0,0,0.00,0.00,0,0
1508035716,eth1,0.00,0.00,0.00,0,0,0.00,0.00,0.00,0,0,0.00,0.00,0,0
1508035716,s1-eth2,5322.68,248757.25,254079.92,249006,5328,79.92,86.91,166.83,87,80,0.00,0.00,0,0
1508035716,s1-eth1,245798.20,5322.68,251120.89,5328,246044,85.91,79.92,165.83,80,86,0.00,0.00,0,0
1508035716,lo,343.66,343.66,687.31,344,344,5.99,5.99,11.99,6,6,0.00,0.00,0,0
1508035716,s4,0.00,0.00,0.00,0,0,0.00,0.00,0.00,0,0,0.00,0.00,0,0
1508035716,total,251464.55,254423.58,505888.12,254678,251716,171.83,172.83,344.66,173,172,0.00,0.00,0,0
1508035717,s5,0.00,0.00,0.00,0,0,0.00,0.00,0.00,0,0,0.00,0.00,0,0
1508035717,s1,0.00,0.00,0.00,0,0,0.00,0.00,0.00,0,0,0.00,0.00,0,0
1508035717,eth0,0.00,0.00,0.00,0,0,0.00,0.00,0.00,0,0,0.00,0.00,0,0
1508035717,eth1,0.00,0.00,0.00,0,0,0.00,0.00,0.00,0,0,0.00,0.00,0,0
1508035717,s1-eth2,5796.00,253680.00,259476.00,253680,5796,86.00,92.00,178.00,92,86,0.00,0.00,0,0
1508035717,s1-eth1,243280.00,5796.00,249076.00,5796,243280,88.00,86.00,174.00,86,88,0.00,0.00,0,0
1508035717,lo,0.00,0.00,0.00,0,0,0.00,0.00,0.00,0,0,0.00,0.00,0,0
1508035717,s4,0.00,0.00,0.00,0,0,0.00,0.00,0.00,0,0,0.00,0.00,0,0
1508035717,total,249076.00,259476.00,508552.00,259476,249076,174.00,178.00,352.00,178,174,0.00,0.00,0,0
1508035718,s5,0.00,0.00,0.00,0,0,0.00,0.00,0.00,0,0,0.00,0.00,0,0
1508035718,s1,0.00,0.00,0.00,0,0,0.00,0.00,0.00,0,0,0.00,0.00,0,0
1508035718,eth0,464.00,650.00,1114.00,650,464,6.00,6.00,12.00,6,6,0.00,0.00,0,0
1508035718,eth1,0.00,0.00,0.00,0,0,0.00,0.00,0.00,0,0,0.00,0.00,0,0
1508035718,s1-eth2,6100.00,249072.00,255172.00,249072,6100,86.00,88.00,174.00,88,86,0.00,0.00,0,0
1508035718,s1-eth1,246562.00,5604.00,252166.00,5604,246562,89.00,84.00,173.00,84,89,0.00,0.00,0,0
1508035718,lo,682.00,682.00,1364.00,682,682,8.00,8.00,16.00,8,8,0.00,0.00,0,0
1508035718,s4,0.00,0.00,0.00,0,0,0.00,0.00,0.00,0,0,0.00,0.00,0,0
1508035718,total,253808.00,256008.00,509816.00,256008,253808,189.00,186.00,375.00,186,189,0.00,0.00,0,0
1508035719,s5,0.00,0.00,0.00,0,0,0.00,0.00,0.00,0,0,0.00,0.00,0,0
1508035719,s1,0.00,0.00,0.00,0,0,0.00,0.00,0.00,0,0,0.00,0.00,0,0
1508035719,eth0,152.00,0.00,152.00,0,152,2.00,0.00,2.00,0,2,0.00,0.00,0,0
1508035719,eth1,0.00,0.00,0.00,0,0,0.00,0.00,0.00,0,0,0.00,0.00,0,0
1508035719,s1-eth2,5880.00,249072.00,254952.00,249072,5880,88.00,88.00,176.00,88,88,0.00,0.00,0,0
1508035719,s1-eth1,243336.00,5736.00,249072.00,5736,243336,88.00,86.00,174.00,86,88,0.00,0.00,0,0
1508035719,lo,124.00,124.00,248.00,124,124,2.00,2.00,4.00,2,2,0.00,0.00,0,0
1508035719,s4,0.00,0.00,0.00,0,0,0.00,0.00,0.00,0,0,0.00,0.00,0,0
1508035719,total,249492.00,254932.00,504424.00,254932,249492,180.00,176.00,356.00,176,180,0.00,0.00,0,0
1508035720,s5,0.00,0.00,0.00,0,0,0.00,0.00,0.00,0,0,0.00,0.00,0,0
1508035720,s1,0.00,0.00,0.00,0,0,0.00,0.00,0.00,0,0,0.00,0.00,0,0
1508035720,eth0,303.39,733.53,1036.93,735,304,3.99,5.99,9.98,6,4,0.00,0.00,0,0
1508035720,eth1,0.00,0.00,0.00,0,0,0.00,0.00,0.00,0,0,0.00,0.00,0,0
1508035720,s1-eth2,7047.90,245816.38,252864.28,246308,7062,92.81,89.82,182.63,90,93,0.00,0.00,0,0
1508035720,s1-eth1,246903.20,5706.59,252609.78,5718,247397,97.80,84.83,182.63,85,98,0.00,0.00,0,0
1508035720,lo,1068.86,1068.86,2137.72,1071,1071,12.97,12.97,25.95,13,13,0.00,0.00,0,0
1508035720,s4,0.00,0.00,0.00,0,0,0.00,0.00,0.00,0,0,0.00,0.00,0,0
1508035720,total,255323.36,253325.36,508648.72,253832,255834,207.58,193.61,401.20,194,208,0.00,0.00,0,0
1508035721,s5,0.00,0.00,0.00,0,0,0.00,0.00,0.00,0,0,0.00,0.00,0,0
1508035721,s1,0.00,0.00,0.00,0,0,0.00,0.00,0.00,0,0,0.00,0.00,0,0
1508035721,eth0,152.00,245.00,397.00,245,152,2.00,2.00,4.00,2,2,0.00,0.00,0,0
1508035721,eth1,0.00,0.00,0.00,0,0,0.00,0.00,0.00,0,0,0.00,0.00,0,0
1508035721,s1-eth2,7452.00,247888.00,255340.00,247888,7452,95.00,92.00,187.00,92,95,0.00,0.00,0,0
1508035721,s1-eth1,244738.00,6120.00,250858.00,6120,244738,95.00,90.00,185.00,90,95,0.00,0.00,0,0
1508035721,lo,685.00,685.00,1370.00,685,685,10.00,10.00,20.00,10,10,0.00,0.00,0,0
1508035721,s4,0.00,0.00,0.00,0,0,0.00,0.00,0.00,0,0,0.00,0.00,0,0
1508035721,total,253027.00,254938.00,507965.00,254938,253027,202.00,194.00,396.00,194,202,0.00,0.00,0,0
1508035722,s5,0.00,0.00,0.00,0,0,0.00,0.00,0.00,0,0,0.00,0.00,0,0
1508035722,s1,0.00,0.00,0.00,0,0,0.00,0.00,0.00,0,0,0.00,0.00,0,0
1508035722,eth0,0.00,0.00,0.00,0,0,0.00,0.00,0.00,0,0,0.00,0.00,0,0
1508035722,eth1,0.00,0.00,0.00,0,0,0.00,0.00,0.00,0,0,0.00,0.00,0,0
1508035722,s1-eth2,5967.00,249138.00,255105.00,249138,5967,85.00,89.00,174.00,89,85,0.00,0.00,0,0
1508035722,s1-eth1,244989.00,5640.00,250629.00,5640,244989,88.00,84.00,172.00,84,88,0.00,0.00,0,0
1508035722,lo,0.00,0.00,0.00,0,0,0.00,0.00,0.00,0,0,0.00,0.00,0,0
1508035722,s4,0.00,0.00,0.00,0,0,0.00,0.00,0.00,0,0,0.00,0.00,0,0
1508035722,total,250956.00,254778.00,505734.00,254778,250956,173.00,173.00,346.00,173,173,0.00,0.00,0,0
1508035723,s5,0.00,0.00,0.00,0,0,0.00,0.00,0.00,0,0,0.00,0.00,0,0
1508035723,s1,0.00,0.00,0.00,0,0,0.00,0.00,0.00,0,0,0.00,0.00,0,0
1508035723,eth0,0.00,0.00,0.00,0,0,0.00,0.00,0.00,0,0,0.00,0.00,0,0
1508035723,eth1,0.00,0.00,0.00,0,0,0.00,0.00,0.00,0,0,0.00,0.00,0,0
1508035723,s1-eth2,5855.00,254996.00,260851.00,254996,5855,87.00,90.00,177.00,90,87,0.00,0.00,0,0
1508035723,s1-eth1,244769.00,5682.00,250451.00,5682,244769,88.00,85.00,173.00,85,88,0.00,0.00,0,0
1508035723,lo,0.00,0.00,0.00,0,0,0.00,0.00,0.00,0,0,0.00,0.00,0,0
1508035723,s4,0.00,0.00,0.00,0,0,0.00,0.00,0.00,0,0,0.00,0.00,0,0
1508035723,total,250624.00,260678.00,511302.00,260678,250624,175.00,175.00,350.00,175,175,0.00,0.00,0,0
1508035724,s5,0.00,0.00,0.00,0,0,0.00,0.00,0.00,0,0,0.00,0.00,0,0
1508035724,s1,0.00,0.00,0.00,0,0,0.00,0.00,0.00,0,0,0.00,0.00,0,0
1508035724,eth0,0.00,0.00,0.00,0,0,0.00,0.00,0.00,0,0,0.00,0.00,0,0
1508035724,eth1,0.00,0.00,0.00,0,0,0.00,0.00,0.00,0,0,0.00,0.00,0,0
1508035724,s1-eth2,6886.00,256906.00,263792.00,256906,6886,94.00,97.00,191.00,97,94,0.00,0.00,0,0
1508035724,s1-eth1,244208.00,6222.00,250430.00,6222,244208,95.00,91.00,186.00,91,95,0.00,0.00,0,0
1508035724,lo,0.00,0.00,0.00,0,0,0.00,0.00,0.00,0,0,0.00,0.00,0,0
1508035724,s4,0.00,0.00,0.00,0,0,0.00,0.00,0.00,0,0,0.00,0.00,0,0
1508035724,total,251094.00,263128.00,514222.00,263128,251094,189.00,188.00,377.00,188,189,0.00,0.00,0,0
1508035725,s5,0.00,0.00,0.00,0,0,0.00,0.00,0.00,0,0,0.00,0.00,0,0
1508035725,s1,0.00,0.00,0.00,0,0,0.00,0.00,0.00,0,0,0.00,0.00,0,0
1508035725,eth0,0.00,0.00,0.00,0,0,0.00,0.00,0.00,0,0,0.00,0.00,0,0
1508035725,eth1,0.00,0.00,0.00,0,0,0.00,0.00,0.00,0,0,0.00,0.00,0,0
1508035725,s1-eth2,6191.81,255268.73,261460.55,255524,6198,90.91,97.90,188.81,98,91,0.00,0.00,0,0
1508035725,s1-eth1,246391.61,6191.81,252583.42,6198,246638,94.91,90.91,185.81,91,95,0.00,0.00,0,0
1508035725,lo,171.83,171.83,343.66,172,172,3.00,3.00,5.99,3,3,0.00,0.00,0,0
1508035725,s4,0.00,0.00,0.00,0,0,0.00,0.00,0.00,0,0,0.00,0.00,0,0
1508035725,total,252755.25,261632.38,514387.62,261894,253008,188.81,191.81,380.62,192,189,0.00,0.00,0,0
1508035726,s5,0.00,0.00,0.00,0,0,0.00,0.00,0.00,0,0,0.00,0.00,0,0
1508035726,s1,0.00,0.00,0.00,0,0,0.00,0.00,0.00,0,0,0.00,0.00,0,0
1508035726,eth0,0.00,0.00,0.00,0,0,0.00,0.00,0.00,0,0,0.00,0.00,0,0
1508035726,eth1,0.00,0.00,0.00,0,0,0.00,0.00,0.00,0,0,0.00,0.00,0,0
1508035726,s1-eth2,6089.91,255070.94,261160.84,255326,6096,89.91,94.91,184.82,95,90,0.00,0.00,0,0
1508035726,s1-eth1,243510.50,6089.91,249600.41,6096,243754,90.91,89.91,180.82,90,91,0.00,0.00,0,0
1508035726,lo,343.66,343.66,687.31,344,344,5.99,5.99,11.99,6,6,0.00,0.00,0,0
1508035726,s4,0.00,0.00,0.00,0,0,0.00,0.00,0.00,0,0,0.00,0.00,0,0
1508035726,total,249944.06,261504.50,511448.56,261766,250194,186.81,190.81,377.62,191,187,0.00,0.00,0,0
1508035727,s5,0.00,0.00,0.00,0,0,0.00,0.00,0.00,0,0,0.00,0.00,0,0
1508035727,s1,0.00,0.00,0.00,0,0,0.00,0.00,0.00,0,0,0.00,0.00,0,0
1508035727,eth0,0.00,0.00,0.00,0,0,0.00,0.00,0.00,0,0,0.00,0.00,0,0
1508035727,eth1,0.00,0.00,0.00,0,0,0.00,0.00,0.00,0,0,0.00,0.00,0,0
1508035727,s1-eth2,6101.00,250718.00,256819.00,250718,6101,90.00,91.00,181.00,91,90,0.00,0.00,0,0
1508035727,s1-eth1,243387.00,5994.00,249381.00,5994,243387,89.00,89.00,178.00,89,89,0.00,0.00,0,0
1508035727,lo,0.00,0.00,0.00,0,0,0.00,0.00,0.00,0,0,0.00,0.00,0,0
1508035727,s4,0.00,0.00,0.00,0,0,0.00,0.00,0.00,0,0,0.00,0.00,0,0
1508035727,total,249488.00,256712.00,506200.00,256712,249488,179.00,180.00,359.00,180,179,0.00,0.00,0,0
1508035728,s5,0.00,0.00,0.00,0,0,0.00,0.00,0.00,0,0,0.00,0.00,0,0
1508035728,s1,0.00,0.00,0.00,0,0,0.00,0.00,0.00,0,0,0.00,0.00,0,0
1508035728,eth0,0.00,0.00,0.00,0,0,0.00,0.00,0.00,0,0,0.00,0.00,0,0
1508035728,eth1,0.00,0.00,0.00,0,0,0.00,0.00,0.00,0,0,0.00,0.00,0,0
1508035728,s1-eth2,6070.00,253878.00,259948.00,253878,6070,89.00,95.00,184.00,95,89,0.00,0.00,0,0
1508035728,s1-eth1,246510.00,6000.00,252510.00,6000,246510,93.00,88.00,181.00,88,93,0.00,0.00,0,0
1508035728,lo,0.00,0.00,0.00,0,0,0.00,0.00,0.00,0,0,0.00,0.00,0,0
1508035728,s4,0.00,0.00,0.00,0,0,0.00,0.00,0.00,0,0,0.00,0.00,0,0
1508035728,total,252580.00,259878.00,512458.00,259878,252580,182.00,183.00,365.00,183,182,0.00,0.00,0,0
1508035729,s5,0.00,0.00,0.00,0,0,0.00,0.00,0.00,0,0,0.00,0.00,0,0
1508035729,s1,0.00,0.00,0.00,0,0,0.00,0.00,0.00,0,0,0.00,0.00,0,0
1508035729,eth0,0.00,0.00,0.00,0,0,0.00,0.00,0.00,0,0,0.00,0.00,0,0
1508035729,eth1,0.00,0.00,0.00,0,0,0.00,0.00,0.00,0,0,0.00,0.00,0,0
1508035729,s1-eth2,5664.34,251650.36,257314.69,251902,5670,80.92,86.91,167.83,87,81,0.00,0.00,0,0
1508035729,s1-eth1,245732.28,5322.68,251054.95,5328,245978,84.92,79.92,164.84,80,85,0.00,0.00,0,0
1508035729,lo,0.00,0.00,0.00,0,0,0.00,0.00,0.00,0,0,0.00,0.00,0,0
1508035729,s4,0.00,0.00,0.00,0,0,0.00,0.00,0.00,0,0,0.00,0.00,0,0
1508035729,total,251396.61,256973.03,508369.66,257230,251648,165.83,166.83,332.67,167,166,0.00,0.00,0,0
1508035730,s5,0.00,0.00,0.00,0,0,0.00,0.00,0.00,0,0,0.00,0.00,0,0
1508035730,s1,0.00,0.00,0.00,0,0,0.00,0.00,0.00,0,0,0.00,0.00,0,0
1508035730,eth0,0.00,0.00,0.00,0,0,0.00,0.00,0.00,0,0,0.00,0.00,0,0
1508035730,eth1,0.00,0.00,0.00,0,0,0.00,0.00,0.00,0,0,0.00,0.00,0,0
1508035730,s1-eth2,6131.87,249086.92,255218.78,249336,6138,90.91,91.91,182.82,92,91,0.00,0.00,0,0
1508035730,s1-eth1,243168.84,6131.87,249300.70,6138,243412,89.91,90.91,180.82,91,90,0.00,0.00,0,0
1508035730,lo,171.83,171.83,343.66,172,172,3.00,3.00,5.99,3,3,0.00,0.00,0,0
1508035730,s4,0.00,0.00,0.00,0,0,0.00,0.00,0.00,0,0,0.00,0.00,0,0
1508035730,total,249472.53,255390.61,504863.16,255646,249722,183.82,185.81,369.63,186,184,0.00,0.00,0,0
1508035731,s5,0.00,0.00,0.00,0,0,0.00,0.00,0.00,0,0,0.00,0.00,0,0
1508035731,s1,0.00,0.00,0.00,0,0,0.00,0.00,0.00,0,0,0.00,0.00,0,0
1508035731,eth0,0.00,0.00,0.00,0,0,0.00,0.00,0.00,0,0,0.00,0.00,0,0
1508035731,eth1,0.00,0.00,0.00,0,0,0.00,0.00,0.00,0,0,0.00,0.00,0,0
1508035731,s1-eth2,5394.00,251968.00,257362.00,251968,5394,81.00,88.00,169.00,88,81,0.00,0.00,0,0
1508035731,s1-eth1,246386.00,5394.00,251780.00,5394,246386,87.00,81.00,168.00,81,87,0.00,0.00,0,0
1508035731,lo,344.00,344.00,688.00,344,344,6.00,6.00,12.00,6,6,0.00,0.00,0,0
1508035731,s4,0.00,0.00,0.00,0,0,0.00,0.00,0.00,0,0,0.00,0.00,0,0
1508035731,total,252124.00,257706.00,509830.00,257706,252124,174.00,175.00,349.00,175,174,0.00,0.00,0,0
1508035732,s5,0.00,0.00,0.00,0,0,0.00,0.00,0.00,0,0,0.00,0.00,0,0
1508035732,s1,0.00,0.00,0.00,0,0,0.00,0.00,0.00,0,0,0.00,0.00,0,0
1508035732,eth0,0.00,0.00,0.00,0,0,0.00,0.00,0.00,0,0,0.00,0.00,0,0
1508035732,eth1,0.00,0.00,0.00,0,0,0.00,0.00,0.00,0,0,0.00,0.00,0,0
1508035732,s1-eth2,2997.00,116799.20,119796.21,116916,3000,43.96,45.95,89.91,46,44,0.00,0.00,0,0
1508035732,s1-eth1,119758.24,2997.00,122755.25,3000,119878,46.95,43.96,90.91,44,47,0.00,0.00,0,0
1508035732,lo,0.00,0.00,0.00,0,0,0.00,0.00,0.00,0,0,0.00,0.00,0,0
1508035732,s4,0.00,0.00,0.00,0,0,0.00,0.00,0.00,0,0,0.00,0.00,0,0
1508035732,total,122755.25,119796.21,242551.45,119916,122878,90.91,89.91,180.82,90,91,0.00,0.00,0,0
1508035733,s5,0.00,0.00,0.00,0,0,0.00,0.00,0.00,0,0,0.00,0.00,0,0
1508035733,s1,0.00,0.00,0.00,0,0,0.00,0.00,0.00,0,0,0.00,0.00,0,0
1508035733,eth0,0.00,0.00,0.00,0,0,0.00,0.00,0.00,0,0,0.00,0.00,0,0
1508035733,eth1,0.00,0.00,0.00,0,0,0.00,0.00,0.00,0,0,0.00,0.00,0,0
1508035733,s1-eth2,0.00,0.00,0.00,0,0,0.00,0.00,0.00,0,0,0.00,0.00,0,0
1508035733,s1-eth1,0.00,0.00,0.00,0,0,0.00,0.00,0.00,0,0,0.00,0.00,0,0
1508035733,lo,0.00,0.00,0.00,0,0,0.00,0.00,0.00,0,0,0.00,0.00,0,0
1508035733,s4,0.00,0.00,0.00,0,0,0.00,0.00,0.00,0,0,0.00,0.00,0,0
1508035733,total,0.00,0.00,0.00,0,0,0.00,0.00,0.00,0,0,0.00,0.00,0,0
1508035734,s5,0.00,0.00,0.00,0,0,0.00,0.00,0.00,0,0,0.00,0.00,0,0
1508035734,s1,0.00,0.00,0.00,0,0,0.00,0.00,0.00,0,0,0.00,0.00,0,0
1508035734,eth0,0.00,0.00,0.00,0,0,0.00,0.00,0.00,0,0,0.00,0.00,0,0
1508035734,eth1,0.00,0.00,0.00,0,0,0.00,0.00,0.00,0,0,0.00,0.00,0,0
1508035734,s1-eth2,0.00,0.00,0.00,0,0,0.00,0.00,0.00,0,0,0.00,0.00,0,0
1508035734,s1-eth1,0.00,0.00,0.00,0,0,0.00,0.00,0.00,0,0,0.00,0.00,0,0
1508035734,lo,0.00,0.00,0.00,0,0,0.00,0.00,0.00,0,0,0.00,0.00,0,0
1508035734,s4,0.00,0.00,0.00,0,0,0.00,0.00,0.00,0,0,0.00,0.00,0,0
1508035734,total,0.00,0.00,0.00,0,0,0.00,0.00,0.00,0,0,0.00,0.00,0,0
1508035735,s5,0.00,0.0