1508083272,s5,0.00,0.00,0.00,0,0,0.00,0.00,0.00,0,0,0.00,0.00,0,0
1508083272,eth0,0.00,0.00,0.00,0,0,0.00,0.00,0.00,0,0,0.00,0.00,0,0
1508083272,eth1,0.00,0.00,0.00,0,0,0.00,0.00,0.00,0,0,0.00,0.00,0,0
1508083272,s2,0.00,0.00,0.00,0,0,0.00,0.00,0.00,0,0,0.00,0.00,0,0
1508083272,s2-eth2,0.00,0.00,0.00,0,0,0.00,0.00,0.00,0,0,0.00,0.00,0,0
1508083272,s2-eth1,0.00,0.00,0.00,0,0,0.00,0.00,0.00,0,0,0.00,0.00,0,0
1508083272,lo,0.00,0.00,0.00,0,0,0.00,0.00,0.00,0,0,0.00,0.00,0,0
1508083272,s4,0.00,0.00,0.00,0,0,0.00,0.00,0.00,0,0,0.00,0.00,0,0
1508083272,total,0.00,0.00,0.00,0,0,0.00,0.00,0.00,0,0,0.00,0.00,0,0
1508083273,s5,0.00,0.00,0.00,0,0,0.00,0.00,0.00,0,0,0.00,0.00,0,0
1508083273,eth0,304.00,490.00,794.00,490,304,4.00,4.00,8.00,4,4,0.00,0.00,0,0
1508083273,eth1,0.00,0.00,0.00,0,0,0.00,0.00,0.00,0,0,0.00,0.00,0,0
1508083273,s2,250.00,340.00,590.00,340,250,3.00,4.00,7.00,4,3,0.00,0.00,0,0
1508083273,s2-eth2,5878.00,199100.00,204978.00,199100,5878,74.00,76.00,150.00,76,74,0.00,0.00,0,0
1508083273,s2-eth1,184026.00,4572.00,188598.00,4572,184026,85.00,66.00,151.00,66,85,0.00,0.00,0,0
1508083273,lo,2606.00,2606.00,5212.00,2606,2606,28.00,28.00,56.00,28,28,0.00,0.00,0,0
1508083273,s4,0.00,0.00,0.00,0,0,0.00,0.00,0.00,0,0,0.00,0.00,0,0
1508083273,total,193064.00,207108.00,400172.00,207108,193064,194.00,178.00,372.00,178,194,0.00,0.00,0,0
1508083274,s5,0.00,0.00,0.00,0,0,0.00,0.00,0.00,0,0,0.00,0.00,0,0
1508083274,eth0,152.00,245.00,397.00,245,152,2.00,2.00,4.00,2,2,0.00,0.00,0,0
1508083274,eth1,0.00,0.00,0.00,0,0,0.00,0.00,0.00,0,0,0.00,0.00,0,0
1508083274,s2,0.00,0.00,0.00,0,0,0.00,0.00,0.00,0,0,0.00,0.00,0,0
1508083274,s2-eth2,5499.00,190162.00,195661.00,190162,5499,73.00,73.00,146.00,73,73,0.00,0.00,0,0
1508083274,s2-eth1,187494.00,4830.00,192324.00,4830,187494,74.00,71.00,145.00,71,74,0.00,0.00,0,0
1508083274,lo,341.00,341.00,682.00,341,341,4.00,4.00,8.00,4,4,0.00,0.00,0,0
1508083274,s4,0.00,0.00,0.00,0,0,0.00,0.00,0.00,0,0,0.00,0.00,0,0
1508083274,total,193486.00,195578.00,389064.00,195578,193486,153.00,150.00,303.00,150,153,0.00,0.00,0,0
1508083275,s5,0.00,0.00,0.00,0,0,0.00,0.00,0.00,0,0,0.00,0.00,0,0
1508083275,eth0,0.00,0.00,0.00,0,0,0.00,0.00,0.00,0,0,0.00,0.00,0,0
1508083275,eth1,0.00,0.00,0.00,0,0,0.00,0.00,0.00,0,0,0.00,0.00,0,0
1508083275,s2,0.00,0.00,0.00,0,0,0.00,0.00,0.00,0,0,0.00,0.00,0,0
1508083275,s2-eth2,4676.00,178314.00,182990.00,178314,4676,65.00,69.00,134.00,69,65,0.00,0.00,0,0
1508083275,s2-eth1,179957.00,4302.00,184259.00,4302,179957,68.00,63.00,131.00,63,68,0.00,0.00,0,0
1508083275,lo,0.00,0.00,0.00,0,0,0.00,0.00,0.00,0,0,0.00,0.00,0,0
1508083275,s4,0.00,0.00,0.00,0,0,0.00,0.00,0.00,0,0,0.00,0.00,0,0
1508083275,total,184633.00,182616.00,367249.00,182616,184633,133.00,132.00,265.00,132,133,0.00,0.00,0,0
1508083276,s5,0.00,0.00,0.00,0,0,0.00,0.00,0.00,0,0,0.00,0.00,0,0
1508083276,eth0,0.00,0.00,0.00,0,0,0.00,0.00,0.00,0,0,0.00,0.00,0,0
1508083276,eth1,0.00,0.00,0.00,0,0,0.00,0.00,0.00,0,0,0.00,0.00,0,0
1508083276,s2,0.00,69.93,69.93,70,0,0.00,1.00,1.00,1,0,0.00,0.00,0,0
1508083276,s2-eth2,4176.82,118955.05,123131.88,119074,4181,55.94,48.95,104.90,49,56,0.00,0.00,0,0
1508083276,s2-eth1,115054.95,3780.22,118835.17,3784,115170,51.95,53.95,105.89,54,52,0.00,0.00,0,0
1508083276,lo,267.73,267.73,535.46,268,268,3.00,3.00,5.99,3,3,0.00,0.00,0,0
1508083276,s4,0.00,0.00,0.00,0,0,0.00,0.00,0.00,0,0,0.00,0.00,0,0
1508083276,total,119499.50,123072.93,242572.44,123196,119619,110.89,106.89,217.78,107,111,0.00,0.00,0,0
1508083277,s5,0.00,0.00,0.00,0,0,0.00,0.00,0.00,0,0,0.00,0.00,0,0
1508083277,eth0,0.00,0.00,0.00,0,0,0.00,0.00,0.00,0,0,0.00,0.00,0,0
1508083277,eth1,0.00,0.00,0.00,0,0,0.00,0.00,0.00,0,0,0.00,0.00,0,0
1508083277,s2,70.00,70.00,140.00,70,70,1.00,1.00,2.00,1,1,0.00,0.00,0,0
1508083277,s2-eth2,2242.00,83270.00,85512.00,83270,2242,33.00,33.00,66.00,33,33,0.00,0.00,0,0
1508083277,s2-eth1,81117.00,2172.00,83289.00,2172,81117,36.00,32.00,68.00,32,36,0.00,0.00,0,0
1508083277,lo,932.00,932.00,1864.00,932,932,13.00,13.00,26.00,13,13,0.00,0.00,0,0
1508083277,s4,0.00,0.00,0.00,0,0,0.00,0.00,0.00,0,0,0.00,0.00,0,0
1508083277,total,84361.00,86444.00,170805.00,86444,84361,83.00,79.00,162.00,79,83,0.00,0.00,0,0
1508083278,s5,0.00,0.00,0.00,0,0,0.00,0.00,0.00,0,0,0.00,0.00,0,0
1508083278,eth0,0.00,0.00,0.00,0,0,0.00,0.00,0.00,0,0,0.00,0.00,0,0
1508083278,eth1,0.00,0.00,0.00,0,0,0.00,0.00,0.00,0,0,0.00,0.00,0,0
1508083278,s2,0.00,0.00,0.00,0,0,0.00,0.00,0.00,0,0,0.00,0.00,0,0
1508083278,s2-eth2,1980.00,91822.00,93802.00,91822,1980,30.00,31.00,61.00,31,30,0.00,0.00,0,0
1508083278,s2-eth1,97746.00,1980.00,99726.00,1980,97746,33.00,30.00,63.00,30,33,0.00,0.00,0,0
1508083278,lo,0.00,0.00,0.00,0,0,0.00,0.00,0.00,0,0,0.00,0.00,0,0
1508083278,s4,0.00,0.00,0.00,0,0,0.00,0.00,0.00,0,0,0.00,0.00,0,0
1508083278,total,99726.00,93802.00,193528.00,93802,99726,63.00,61.00,124.00,61,63,0.00,0.00,0,0
1508083279,s5,0.00,0.00,0.00,0,0,0.00,0.00,0.00,0,0,0.00,0.00,0,0
1508083279,eth0,0.00,0.00,0.00,0,0,0.00,0.00,0.00,0,0,0.00,0.00,0,0
1508083279,eth1,0.00,0.00,0.00,0,0,0.00,0.00,0.00,0,0,0.00,0.00,0,0
1508083279,s2,0.00,0.00,0.00,0,0,0.00,0.00,0.00,0,0,0.00,0.00,0,0
1508083279,s2-eth2,2285.00,100708.00,102993.00,100708,2285,34.00,34.00,68.00,34,34,0.00,0.00,0,0
1508083279,s2-eth1,91822.00,2244.00,94066.00,2244,91822,31.00,34.00,65.00,34,31,0.00,0.00,0,0
1508083279,lo,0.00,0.00,0.00,0,0,0.00,0.00,0.00,0,0,0.00,0.00,0,0
1508083279,s4,0.00,0.00,0.00,0,0,0.00,0.00,0.00,0,0,0.00,0.00,0,0
1508083279,total,94107.00,102952.00,197059.00,102952,94107,65.00,68.00,133.00,68,65,0.00,0.00,0,0
1508083280,s5,0.00,0.00,0.00,0,0,0.00,0.00,0.00,0,0,0.00,0.00,0,0
1508083280,eth0,0.00,0.00,0.00,0,0,0.00,0.00,0.00,0,0,0.00,0.00,0,0
1508083280,eth1,0.00,0.00,0.00,0,0,0.00,0.00,0.00,0,0,0.00,0.00,0,0
1508083280,s2,0.00,69.93,69.93,70,0,0.00,1.00,1.00,1,0,0.00,0.00,0,0
1508083280,s2-eth2,2513.49,109484.52,111998.01,109594,2516,37.96,36.96,74.93,37,38,0.00,0.00,0,0
1508083280,s2-eth1,118468.53,2377.62,120846.16,2380,118587,40.96,35.96,76.92,36,41,0.00,0.00,0,0
1508083280,lo,267.73,267.73,535.46,268,268,3.00,3.00,5.99,3,3,0.00,0.00,0,0
1508083280,s4,0.00,0.00,0.00,0,0,0.00,0.00,0.00,0,0,0.00,0.00,0,0
1508083280,total,121249.75,112199.80,233449.56,112312,121371,81.92,76.92,158.84,77,82,0.00,0.00,0,0
1508083281,s5,0.00,0.00,0.00,0,0,0.00,0.00,0.00,0,0,0.00,0.00,0,0
1508083281,eth0,0.00,0.00,0.00,0,0,0.00,0.00,0.00,0,0,0.00,0.00,0,0
1508083281,eth1,0.00,0.00,0.00,0,0,0.00,0.00,0.00,0,0,0.00,0.00,0,0
1508083281,s2,70.00,70.00,140.00,70,70,1.00,1.00,2.00,1,1,0.00,0.00,0,0
1508083281,s2-eth2,2908.00,136322.00,139230.00,136322,2908,44.00,47.00,91.00,47,44,0.00,0.00,0,0
1508083281,s2-eth1,124956.00,2838.00,127794.00,2838,124956,46.00,43.00,89.00,43,46,0.00,0.00,0,0
1508083281,lo,536.00,536.00,1072.00,536,536,6.00,6.00,12.00,6,6,0.00,0.00,0,0
1508083281,s4,0.00,0.00,0.00,0,0,0.00,0.00,0.00,0,0,0.00,0.00,0,0
1508083281,total,128470.00,139766.00,268236.00,139766,128470,97.00,97.00,194.00,97,97,0.00,0.00,0,0
1508083282,s5,0.00,0.00,0.00,0,0,0.00,0.00,0.00,0,0,0.00,0.00,0,0
1508083282,eth0,0.00,0.00,0.00,0,0,0.00,0.00,0.00,0,0,0.00,0.00,0,0
1508083282,eth1,0.00,0.00,0.00,0,0,0.00,0.00,0.00,0,0,0.00,0.00,0,0
1508083282,s2,0.00,0.00,0.00,0,0,0.00,0.00,0.00,0,0,0.00,0.00,0,0
1508083282,s2-eth2,4117.88,148347.66,152465.53,148496,4122,54.95,55.94,110.89,56,55,0.00,0.00,0,0
1508083282,s2-eth1,151306.70,3776.22,155082.92,3780,151458,56.94,53.95,110.89,54,57,0.00,0.00,0,0
1508083282,lo,343.66,343.66,687.31,344,344,5.99,5.99,11.99,6,6,0.00,0.00,0,0
1508083282,s4,0.00,0.00,0.00,0,0,0.00,0.00,0.00,0,0,0.00,0.00,0,0
1508083282,total,155768.23,152467.53,308235.78,152620,155924,117.88,115.88,233.77,116,118,0.00,0.00,0,0
1508083283,s5,0.00,0.00,0.00,0,0,0.00,0.00,0.00,0,0,0.00,0.00,0,0
1508083283,eth0,0.00,0.00,0.00,0,0,0.00,0.00,0.00,0,0,0.00,0.00,0,0
1508083283,eth1,0.00,0.00,0.00,0,0,0.00,0.00,0.00,0,0,0.00,0.00,0,0
1508083283,s2,0.00,0.00,0.00,0,0,0.00,0.00,0.00,0,0,0.00,0.00,0,0
1508083283,s2-eth2,2664.00,115584.00,118248.00,115584,2664,40.00,40.00,80.00,40,40,0.00,0.00,0,0
1508083283,s2-eth1,109660.00,2664.00,112324.00,2664,109660,38.00,40.00,78.00,40,38,0.00,0.00,0,0
1508083283,lo,0.00,0.00,0.00,0,0,0.00,0.00,0.00,0,0,0.00,0.00,0,0
1508083283,s4,0.00,0.00,0.00,0,0,0.00,0.00,0.00,0,0,0.00,0.00,0,0
1508083283,total,112324.00,118248.00,230572.00,118248,112324,78.00,80.00,158.00,80,78,0.00,0.00,0,0
1508083284,s5,0.00,0.00,0.00,0,0,0.00,0.00,0.00,0,0,0.00,0.00,0,0
1508083284,eth0,0.00,0.00,0.00,0,0,0.00,0.00,0.00,0,0,0.00,0.00,0,0
1508083284,eth1,0.00,0.00,0.00,0,0,0.00,0.00,0.00,0,0,0.00,0.00,0,0
1508083284,s2,0.00,0.00,0.00,0,0,0.00,0.00,0.00,0,0,0.00,0.00,0,0
1508083284,s2-eth2,2064.00,89058.00,91122.00,89058,2064,30.00,33.00,63.00,33,30,0.00,0.00,0,0
1508083284,s2-eth1,92020.00,2064.00,94084.00,2064,92020,34.00,30.00,64.00,30,34,0.00,0.00,0,0
1508083284,lo,0.00,0.00,0.00,0,0,0.00,0.00,0.00,0,0,0.00,0.00,0,0
1508083284,s4,0.00,0.00,0.00,0,0,0.00,0.00,0.00,0,0,0.00,0.00,0,0
1508083284,total,94084.00,91122.00,185206.00,91122,94084,64.00,63.00,127.00,63,64,0.00,0.00,0,0
1508083285,s5,0.00,0.00,0.00,0,0,0.00,0.00,0.00,0,0,0.00,0.00,0,0
1508083285,eth0,0.00,0.00,0.00,0,0,0.00,0.00,0.00,0,0,0.00,0.00,0,0
1508083285,eth1,0.00,0.00,0.00,0,0,0.00,0.00,0.00,0,0,0.00,0.00,0,0
1508083285,s2,0.00,0.00,0.00,0,0,0.00,0.00,0.00,0,0,0.00,0.00,0,0
1508083285,s2-eth2,2640.00,118480.00,121120.00,118480,2640,40.00,40.00,80.00,40,40,0.00,0.00,0,0
1508083285,s2-eth1,112556.00,2640.00,115196.00,2640,112556,38.00,40.00,78.00,40,38,0.00,0.00,0,0
1508083285,lo,172.00,172.00,344.00,172,172,3.00,3.00,6.00,3,3,0.00,0.00,0,0
1508083285,s4,0.00,0.00,0.00,0,0,0.00,0.00,0.00,0,0,0.00,0.00,0,0
1508083285,total,115368.00,121292.00,236660.00,121292,115368,81.00,83.00,164.00,83,81,0.00,0.00,0,0
1508083286,s5,0.00,0.00,0.00,0,0,0.00,0.00,0.00,0,0,0.00,0.00,0,0
1508083286,eth0,0.00,0.00,0.00,0,0,0.00,0.00,0.00,0,0,0.00,0.00,0,0
1508083286,eth1,0.00,0.00,0.00,0,0,0.00,0.00,0.00,0,0,0.00,0.00,0,0
1508083286,s2,0.00,0.00,0.00,0,0,0.00,0.00,0.00,0,0,0.00,0.00,0,0
1508083286,s2-eth2,2526.00,100906.00,103432.00,100906,2526,37.00,37.00,74.00,37,37,0.00,0.00,0,0
1508083286,s2-eth1,103868.00,2526.00,106394.00,2526,103868,38.00,37.00,75.00,37,38,0.00,0.00,0,0
1508083286,lo,0.00,0.00,0.00,0,0,0.00,0.00,0.00,0,0,0.00,0.00,0,0
1508083286,s4,0.00,0.00,0.00,0,0,0.00,0.00,0.00,0,0,0.00,0.00,0,0
1508083286,total,106394.00,103432.00,209826.00,103432,106394,75.00,74.00,149.00,74,75,0.00,0.00,0,0
1508083287,s5,0.00,0.00,0.00,0,0,0.00,0.00,0.00,0,0,0.00,0.00,0,0
1508083287,eth0,0.00,0.00,0.00,0,0,0.00,0.00,0.00,0,0,0.00,0.00,0,0
1508083287,eth1,0.00,0.00,0.00,0,0,0.00,0.00,0.00,0,0,0.00,0.00,0,0
1508083287,s2,0.00,0.00,0.00,0,0,0.00,0.00,0.00,0,0,0.00,0.00,0,0
1508083287,s2-eth2,2483.00,112556.00,115039.00,112556,2483,37.00,38.00,75.00,38,37,0.00,0.00,0,0
1508083287,s2-eth1,103670.00,2376.00,106046.00,2376,103670,35.00,36.00,71.00,36,35,0.00,0.00,0,0
1508083287,lo,344.00,344.00,688.00,344,344,6.00,6.00,12.00,6,6,0.00,0.00,0,0
1508083287,s4,0.00,0.00,0.00,0,0,0.00,0.00,0.00,0,0,0.00,0.00,0,0
1508083287,total,106497.00,115276.00,221773.00,115276,106497,78.00,80.00,158.00,80,78,0.00,0.00,0,0
1508083288,s5,0.00,0.00,0.00,0,0,0.00,0.00,0.00,0,0,0.00,0.00,0,0
1508083288,eth0,0.00,0.00,0.00,0,0,0.00,0.00,0.00,0,0,0.00,0.00,0,0
1508083288,eth1,0.00,0.00,0.00,0,0,0.00,0.00,0.00,0,0,0.00,0.00,0,0
1508083288,s2,0.00,0.00,0.00,0,0,0.00,0.00,0.00,0,0,0.00,0.00,0,0
1508083288,s2-eth2,2442.00,109594.00,112036.00,109594,2442,37.00,37.00,74.00,37,37,0.00,0.00,0,0
1508083288,s2-eth1,121549.00,2442.00,123991.00,2442,121549,42.00,37.00,79.00,37,42,0.00,0.00,0,0
1508083288,lo,0.00,0.00,0.00,0,0,0.00,0.00,0.00,0,0,0.00,0.00,0,0
1508083288,s4,0.00,0.00,0.00,0,0,0.00,0.00,0.00,0,0,0.00,0.00,0,0
1508083288,total,123991.00,112036.00,236027.00,112036,123991,79.00,74.00,153.00,74,79,0.00,0.00,0,0
1508083289,s5,0.00,0.00,0.00,0,0,0.00,0.00,0.00,0,0,0.00,0.00,0,0
1508083289,eth0,0.00,0.00,0.00,0,0,0.00,0.00,0.00,0,0,0.00,0.00,0,0
1508083289,eth1,0.00,0.00,0.00,0,0,0.00,0.00,0.00,0,0,0.00,0.00,0,0
1508083289,s2,0.00,0.00,0.00,0,0,0.00,0.00,0.00,0,0,0.00,0.00,0,0
1508083289,s2-eth2,2712.00,109924.00,112636.00,109924,2712,40.00,42.00,82.00,42,40,0.00,0.00,0,0
1508083289,s2-eth1,95114.00,2712.00,97826.00,2712,95114,37.00,40.00,77.00,40,37,0.00,0.00,0,0
1508083289,lo,0.00,0.00,0.00,0,0,0.00,0.00,0.00,0,0,0.00,0.00,0,0
1508083289,s4,0.00,0.00,0.00,0,0,0.00,0.00,0.00,0,0,0.00,0.00,0,0
1508083289,total,97826.00,112636.00,210462.00,112636,97826,77.00,82.00,159.00,82,77,0.00,0.00,0,0
1508083290,s5,0.00,0.00,0.00,0,0,0.00,0.00,0.00,0,0,0.00,0.00,0,0
1508083290,eth0,0.00,0.00,0.00,0,0,0.00,0.00,0.00,0,0,0.00,0.00,0,0
1508083290,eth1,0.00,0.00,0.00,0,0,0.00,0.00,0.00,0,0,0.00,0.00,0,0
1508083290,s2,0.00,0.00,0.00,0,0,0.00,0.00,0.00,0,0,0.00,0.00,0,0
1508083290,s2-eth2,2442.00,109594.00,112036.00,109594,2442,37.00,37.00,74.00,37,37,0.00,0.00,0,0
1508083290,s2-eth1,118480.00,2442.00,120922.00,2442,118480,40.00,37.00,77.00,37,40,0.00,0.00,0,0
1508083290,lo,172.00,172.00,344.00,172,172,3.00,3.00,6.00,3,3,0.00,0.00,0,0
1508083290,s4,0.00,0.00,0.00,0,0,0.00,0.00,0.00,0,0,0.00,0.00,0,0
1508083290,total,121094.00,112208.00,233302.00,112208,121094,80.00,77.00,157.00,77,80,0.00,0.00,0,0
1508083291,s5,0.00,0.00,0.00,0,0,0.00,0.00,0.00,0,0,0.00,0.00,0,0
1508083291,eth0,0.00,0.00,0.00,0,0,0.00,0.00,0.00,0,0,0.00,0.00,0,0
1508083291,eth1,0.00,0.00,0.00,0,0,0.00,0.00,0.00,0,0,0.00,0.00,0,0
1508083291,s2,0.00,0.00,0.00,0,0,0.00,0.00,0.00,0,0,0.00,0.00,0,0
1508083291,s2-eth2,2748.00,105646.00,108394.00,105646,2748,40.00,43.00,83.00,43,40,0.00,0.00,0,0
1508083291,s2-eth1,98076.00,2748.00,100824.00,2748,98076,38.00,40.00,78.00,40,38,0.00,0.00,0,0
1508083291,lo,0.00,0.00,0.00,0,0,0.00,0.00,0.00,0,0,0.00,0.00,0,0
1508083291,s4,0.00,0.00,0.00,0,0,0.00,0.00,0.00,0,0,0.00,0.00,0,0
1508083291,total,100824.00,108394.00,209218.00,108394,100824,78.00,83.00,161.00,83,78,0.00,0.00,0,0
1508083292,s5,0.00,0.00,0.00,0,0,0.00,0.00,0.00,0,0,0.00,0.00,0,0
1508083292,eth0,0.00,0.00,0.00,0,0,0.00,0.00,0.00,0,0,0.00,0.00,0,0
1508083292,eth1,0.00,0.00,0.00,0,0,0.00,0.00,0.00,0,0,0.00,0.00,0,0
1508083292,s2,0.00,0.00,0.00,0,0,0.00,0.00,0.00,0,0,0.00,0.00,0,0
1508083292,s2-eth2,2607.39,105210.79,107818.19,105316,2610,38.96,37.96,76.92,38,39,0.00,0.00,0,0
1508083292,s2-eth1,106855.15,2673.33,109528.48,2676,106962,40.96,39.96,80.92,40,41,0.00,0.00,0,0
1508083292,lo,343.66,343.66,687.31,344,344,5.99,5.99,11.99,6,6,0.00,0.00,0,0
1508083292,s4,0.00,0.00,0.00,0,0,0.00,0.00,0.00,0,0,0.00,0.00,0,0
1508083292,total,109806.20,108227.77,218033.97,108336,109916,85.91,83.92,169.83,84,86,0.00,0.00,0,0
1508083293,s5,0.00,0.00,0.00,0,0,0.00,0.00,0.00,0,0,0.00,0.00,0,0
1508083293,eth0,0.00,0.00,0.00,0,0,0.00,0.00,0.00,0,0,0.00,0.00,0,0
1508083293,eth1,0.00,0.00,0.00,0,0,0.00,0.00,0.00,0,0,0.00,0.00,0,0
1508083293,s2,0.00,0.00,0.00,0,0,0.00,0.00,0.00,0,0,0.00,0.00,0,0
1508083293,s2-eth2,2574.00,118480.00,121054.00,118480,2574,39.00,40.00,79.00,40,39,0.00,0.00,0,0
1508083293,s2-eth1,115518.00,2508.00,118026.00,2508,115518,39.00,38.00,77.00,38,39,0.00,0.00,0,0
1508083293,lo,0.00,0.00,0.00,0,0,0.00,0.00,0.00,0,0,0.00,0.00,0,0
1508083293,s4,0.00,0.00,0.00,0,0,0.00,0.00,0.00,0,0,0.00,0.00,0,0
1508083293,total,118092.00,120988.00,239080.00,120988,118092,78.00,78.00,156.00,78,78,0.00,0.00,0,0
1508083294,s5,0.00,0.00,0.00,0,0,0.00,0.00,0.00,0,0,0.00,0.00,0,0
1508083294,eth0,0.00,0.00,0.00,0,0,0.00,0.00,0.00,0,0,0.00,0.00,0,0
1508083294,eth1,0.00,0.00,0.00,0,0,0.00,0.00,0.00,0,0,0.00,0.00,0,0
1508083294,s2,0.00,0.00,0.00,0,0,0.00,0.00,0.00,0,0,0.00,0.00,0,0
1508083294,s2-eth2,2606.00,115584.00,118190.00,115584,2606,39.00,40.00,79.00,40,39,0.00,0.00,0,0
1508083294,s2-eth1,115518.00,2606.00,118124.00,2606,115518,39.00,39.00,78.00,39,39,0.00,0.00,0,0
1508083294,lo,0.00,0.00,0.00,0,0,0.00,0.00,0.00,0,0,0.00,0.00,0,0
1508083294,s4,0.00,0.00,0.00,0,0,0.00,0.00,0.00,0,0,0.00,0.00,0,0
1508083294,total,118124.00,118190.00,236314.00,118190,118124,78.00,79.00,157.00,79,78,0.00,0.00,0,0
1508083295,s5,0.00,0.00,0.00,0,0,0.00,0.00,0.00,0,0,0.00,0.00,0,0
1508083295,eth0,0.00,0.00,0.00,0,0,0.00,0.00,0.00,0,0,0.00,0.00,0,0
1508083295,eth1,0.00,0.00,0.00,0,0,0.00,0.00,0.00,0,0,0.00,0.00,0,0
1508083295,s2,0.00,0.00,0.00,0,0,0.00,0.00,0.00,0,0,0.00,0.00,0,0
1508083295,s2-eth2,2968.00,80634.00,83602.00,80634,2968,38.00,37.00,75.00,37,38,0.00,0.00,0,0
1508083295,s2-eth1,74776.00,2626.00,77402.00,2626,74776,36.00,37.00,73.00,37,36,0.00,0.00,0,0
1508083295,lo,172.00,172.00,344.00,172,172,3.00,3.00,6.00,3,3,0.00,0.00,0,0
1508083295,s4,0.00,0.00,0.00,0,0,0.00,0.00,0.00,0,0,0.00,0.00,0,0
1508083295,total,77916.00,83432.00,161348.00,83432,77916,77.00,77.00,154.00,77,77,0.00,0.00,0,0
1508083296,s5,0.00,0.00,0.00,0,0,0.00,0.00,0.00,0,0,0.00,0.00,0,0
1508083296,eth0,0.00,0.00,0.00,0,0,0.00,0.00,0.00,0,0,0.00,0.00,0,0
1508083296,eth1,0.00,0.00,0.00,0,0,0.00,0.00,0.00,0,0,0.00,0.00,0,0
1508083296,s2,0.00,0.00,0.00,0,0,0.00,0.00,0.00,0,0,0.00,0.00,0,0
1508083296,s2-eth2,1846.15,85812.19,87658.34,85898,1848,27.97,28.97,56.94,29,28,0.00,0.00,0,0
1508083296,s2-eth1,80235.77,1846.15,82081.92,1848,80316,27.97,27.97,55.94,28,28,0.00,0.00,0,0
1508083296,lo,0.00,0.00,0.00,0,0,0.00,0.00,0.00,0,0,0.00,0.00,0,0
1508083296,s4,0.00,0.00,0.00,0,0,0.00,0.00,0.00,0,0,0.00,0.00,0,0
1508083296,total,82081.92,87658.34,169740.27,87746,82164,55.94,56.94,112.89,57,56,0.00,0.00,0,0
1508083297,s5,0.00,0.00,0.00,0,0,0.00,0.00,0.00,0,0,0.00,0.00,0,0
1508083297,eth0,0.00,0.00,0.00,0,0,0.00,0.00,0.00,0,0,0.00,0.00,0,0
1508083297,eth1,0.00,0.00,0.00,0,0,0.00,0.00,0.00,0,0,0.00,0.00,0,0
1508083297,s2,0.00,0.00,0.00,0,0,0.00,0.00,0.00,0,0,0.00,0.00,0,0
1508083297,s2-eth2,1758.00,62598.00,64356.00,62598,1758,25.00,27.00,52.00,27,25,0.00,0.00,0,0
1508083297,s2-eth1,65560.00,1758.00,67318.00,1758,65560,28.00,25.00,53.00,25,28,0.00,0.00,0,0
1508083297,lo,344.00,344.00,688.00,344,344,6.00,6.00,12.00,6,6,0.00,0.00,0,0
1508083297,s4,0.00,0.00,0.00,0,0,0.00,0.00,0.00,0,0,0.00,0.00,0,0
1508083297,total,67662.00,64700.00,132362.00,64700,67662,59.00,58.00,117.00,58,59,0.00,0.00,0,0
1508083298,s5,0.00,0.00,0.00,0,0,0.00,0.00,0.00,0,0,0.00,0.00,0,0
1508083298,eth0,0.00,0.00,0.00,0,0,0.00,0.00,0.00,0,0,0.00,0.00,0,0
1508083298,eth1,0.00,0.00,0.00,0,0,0.00,0.00,0.00,0,0,0.00,0.00,0,0
1508083298,s2,0.00,0.00,0.00,0,0,0.00,0.00,0.00,0,0,0.00,0.00,0,0
1508083298,s2-eth2,1518.00,68126.00,69644.00,68126,1518,23.00,23.00,46.00,23,23,0.00,0.00,0,0
1508083298,s2-eth1,65164.00,1518.00,66682.00,1518,65164,22.00,23.00,45.00,23,22,0.00,0.00,0,0
1508083298,lo,0.00,0.00,0.00,0,0,0.00,0.00,0.00,0,0,0.00,0.00,0,0
1508083298,s4,0.00,0.00,0.00,0,0,0.00,0.00,0.00,0,0,0.00,0.00,0,0
1508083298,total,66682.00,69644.00,136326.00,69644,66682,45.00,46.00,91.00,46,45,0.00,0.00,0,0
1508083299,s5,0.00,0.00,0.00,0,0,0.00,0.00,0.00,0,0,0.00,0.00,0,0
1508083299,eth0,0.00,0.00,0.00,0,0,0.00,0.00,0.00,0,0,0.00,0.00,0,0
1508083299,eth1,0.00,0.00,0.00,0,0,0.00,0.00,0.00,0,0,0.00,0.00,0,0
1508083299,s2,0.00,0.00,0.00,0,0,0.00,0.00,0.00,0,0,0.00,0.00,0,0
1508083299,s2-eth2,1782.00,82936.00,84718.00,82936,1782,27.00,28.00,55.00,28,27,0.00,0.00,0,0
1508083299,s2-eth1,82936.00,1782.00,84718.00,1782,82936,28.00,27.00,55.00,27,28,0.00,0.00,0,0
1508083299,lo,0.00,0.00,0.00,0,0,0.00,0.00,0.00,0,0,0.00,0.00,0,0
1508083299,s4,0.00,0.00,0.00,0,0,0.00,0.00,0.00,0,0,0.00,0.00,0,0
1508083299,total,84718.00,84718.00,169436.00,84718,84718,55.00,55.00,110.00,55,55,0.00,0.00,0,0
1508083300,s5,0.00,0.00,0.00,0,0,0.00,0.00,0.00,0,0,0.00,0.00,0,0
1508083300,eth0,0.00,0.00,0.00,0,0,0.00,0.00,0.00,0,0,0.00,0.00,0,0
1508083300,eth1,0.00,0.00,0.00,0,0,0.00,0.00,0.00,0,0,0.00,0.00,0,0
1508083300,s2,0.00,0.00,0.00,0,0,0.00,0.00,0.00,0,0,0.00,0.00,0,0
1508083300,s2-eth2,2784.00,102816.00,105600.00,102816,2784,40.00,44.00,84.00,44,40,0.00,0.00,0,0
1508083300,s2-eth1,92218.00,2784.00,95002.00,2784,92218,37.00,40.00,77.00,40,37,0.00,0.00,0,0
1508083300,lo,172.00,172.00,344.00,172,172,3.00,3.00,6.00,3,3,0.00,0.00,0,0
1508083300,s4,0.00,0.00,0.00,0,0,0.00,0.00,0.00,0,0,0.00,0.00,0,0
1508083300,total,95174.00,105772.00,200946.00,105772,95174,80.00,87.00,167.00,87,80,0.00,0.00,0,0
1508083301,s5,0.00,0.00,0.00,0,0,0.00,0.00,0.00,0,0,0.00,0.00,0,0
1508083301,eth0,0.00,0.00,0.00,0,0,0.00,0.00,0.00,0,0,0.00,0.00,0,0
1508083301,eth1,0.00,0.00,0.00,0,0,0.00,0.00,0.00,0,0,0.00,0.00,0,0
1508083301,s2,0.00,0.00,0.00,0,0,0.00,0.00,0.00,0,0,0.00,0.00,0,0
1508083301,s2-eth2,1794.00,69640.00,71434.00,69640,1794,27.00,24.00,51.00,24,27,0.00,0.00,0,0
1508083301,s2-eth1,80238.00,1794.00,82032.00,1794,80238,31.00,27.00,58.00,27,31,0.00,0.00,0,0
1508083301,lo,0.00,0.00,0.00,0,0,0.00,0.00,0.00,0,0,0.00,0.00,0,0
1508083301,s4,0.00,0.00,0.00,0,0,0.00,0.00,0.00,0,0,0.00,0.00,0,0
1508083301,total,82032.00,71434.00,153466.00,71434,82032,58.00,51.00,109.00,51,58,0.00,0.00,0,0
1508083302,s5,0.00,0.00,0.00,0,0,0.00,0.00,0.00,0,0,0.00,0.00,0,0
1508083302,eth0,0.00,0.00,0.00,0,0,0.00,0.00,0.00,0,0,0.00,0.00,0,0
1508083302,eth1,0.00,0.00,0.00,0,0,0.00,0.00,0.00,0,0,0.00,0.00,0,0
1508083302,s2,0.00,0.00,0.00,0,0,0.00,0.00,0.00,0,0,0.00,0.00,0,0
1508083302,s2-eth2,2043.96,97648.35,99692.31,97746,2046,30.97,32.97,63.94,33,31,0.00,0.00,0,0
1508083302,s2-eth1,82853.15,2043.96,84897.10,2046,82936,27.97,30.97,58.94,31,28,0.00,0.00,0,0
1508083302,lo,343.66,343.66,687.31,344,344,5.99,5.99,11.99,6,6,0.00,0.00,0,0
1508083302,s4,0.00,0.00,0.00,0,0,0.00,0.00,0.00,0,0,0.00,0.00,0,0
1508083302,total,85240.76,100035.97,185276.73,100136,85326,64.94,69.93,134.87,70,65,0.00,0.00,0,0
1508083303,s5,0.00,0.00,0.00,0,0,0.00,0.00,0.00,0,0,0.00,0.00,0,0
1508083303,eth0,0.00,0.00,0.00,0,0,0.00,0.00,0.00,0,0,0.00,0.00,0,0
1508083303,eth1,0.00,0.00,0.00,0,0,0.00,0.00,0.00,0,0,0.00,0.00,0,0
1508083303,s2,0.00,0.00,0.00,0,0,0.00,0.00,0.00,0,0,0.00,0.00,0,0
1508083303,s2-eth2,2135.00,91954.00,94089.00,91954,2135,31.00,33.00,64.00,33,31,0.00,0.00,0,0
1508083303,s2-eth1,103802.00,2028.00,105830.00,2028,103802,37.00,30.00,67.00,30,37,0.00,0.00,0,0
1508083303,lo,0.00,0.00,0.00,0,0,0.00,0.00,0.00,0,0,0.00,0.00,0,0
1508083303,s4,0.00,0.00,0.00,0,0,0.00,0.00,0.00,0,0,0.00,0.00,0,0
1508083303,total,105937.00,93982.00,199919.00,93982,105937,68.00,63.00,131.00,63,68,0.00,0.00,0,0
1508083304,s5,0.00,0.00,0.00,0,0,0.00,0.00,0.00,0,0,0.00,0.00,0,0
1508083304,eth0,0.00,0.00,0.00,0,0,0.00,0.00,0.00,0,0,0.00,0.00,0,0
1508083304,eth1,0.00,0.00,0.00,0,0,0.00,0.00,0.00,0,0,0.00,0.00,0,0
1508083304,s2,0.00,0.00,0.00,0,0,0.00,0.00,0.00,0,0,0.00,0.00,0,0
1508083304,s2-eth2,2478.00,109660.00,112138.00,109660,2478,37.00,38.00,75.00,38,37,0.00,0.00,0,0
1508083304,s2-eth1,91995.00,2478.00,94473.00,2478,91995,33.00,37.00,70.00,37,33,0.00,0.00,0,0
1508083304,lo,0.00,0.00,0.00,0,0,0.00,0.00,0.00,0,0,0.00,0.00,0,0
1508083304,s4,0.00,0.00,0.00,0,0,0.00,0.00,0.00,0,0,0.00,0.00,0,0
1508083304,total,94473.00,112138.00,206611.00,112138,94473,70.00,75.00,145.00,75,70,0.00,0.00,0,0
1508083305,s5,0.00,0.00,0.00,0,0,0.00,0.00,0.00,0,0,0.00,0.00,0,0
1508083305,eth0,0.00,0.00,0.00,0,0,0.00,0.00,0.00,0,0,0.00,0.00,0,0
1508083305,eth1,0.00,0.00,0.00,0,0,0.00,0.00,0.00,0,0,0.00,0.00,0,0
1508083305,s2,0.00,0.00,0.00,0,0,0.00,0.00,0.00,0,0,0.00,0.00,0,0
1508083305,s2-eth2,2244.00,106632.00,108876.00,106632,2244,34.00,36.00,70.00,36,34,0.00,0.00,0,0
1508083305,s2-eth1,121442.00,2244.00,123686.00,2244,121442,41.00,34.00,75.00,34,41,0.00,0.00,0,0
1508083305,lo,172.00,172.00,344.00,172,172,3.00,3.00,6.00,3,3,0.00,0.00,0,0
1508083305,s4,0.00,0.00,0.00,0,0,0.00,0.00,0.00,0,0,0.00,0.00,0,0
1508083305,total,123858.00,109048.00,232906.00,109048,123858,78.00,73.00,151.00,73,78,0.00,0.00,0,0
1508083306,s5,0.00,0.00,0.00,0,0,0.00,0.00,0.00,0,0,0.00,0.00,0,0
1508083306,eth0,0.00,0.00,0.00,0,0,0.00,0.00,0.00,0,0,0.00,0.00,0,0
1508083306,eth1,0.00,0.00,0.00,0,0,0.00,0.00,0.00,0,0,0.00,0.00,0,0
1508083306,s2,0.00,0.00,0.00,0,0,0.00,0.00,0.00,0,0,0.00,0.00,0,0
1508083306,s2-eth2,2705.29,87852.15,90557.45,87940,2708,37.96,37.96,75.92,38,38,0.00,0.00,0,0
1508083306,s2-eth1,74845.16,2705.29,77550.45,2708,74920,33.97,37.96,71.93,38,34,0.00,0.00,0,0
1508083306,lo,0.00,0.00,0.00,0,0,0.00,0.00,0.00,0,0,0.00,0.00,0,0
1508083306,s4,0.00,0.00,0.00,0,0,0.00,0.00,0.00,0,0,0.00,0.00,0,0
1508083306,total,77550.45,90557.45,168107.89,90648,77628,71.93,75.92,147.85,76,72,0.00,0.00,0,0
1508083307,s5,0.00,0.00,0.00,0,0,0.00,0.00,0.00,0,0,0.00,0.00,0,0
1508083307,eth0,0.00,0.00,0.00,0,0,0.00,0.00,0.00,0,0,0.00,0.00,0,0
1508083307,eth1,0.00,0.00,0.00,0,0,0.00,0.00,0.00,0,0,0.00,0.00,0,0
1508083307,s2,0.00,0.00,0.00,0,0,0.00,0.00,0.00,0,0,0.00,0.00,0,0
1508083307,s2-eth2,1530.00,53316.00,54846.00,53316,1530,19.00,18.00,37.00,18,19,0.00,0.00,0,0
1508083307,s2-eth1,62202.00,1188.00,63390.00,1188,62202,21.00,18.00,39.00,18,21,0.00,0.00,0,0
1508083307,lo,344.00,344.00,688.00,344,344,6.00,6.00,12.00,6,6,0.00,0.00,0,0
1508083307,s4,0.00,0.00,0.00,0,0,0.00,0.00,0.00,0,0,0.00,0.00,0,0
1508083307,total,64076.00,54848.00,118924.00,54848,64076,46.00,42.00,88.00,42,46,0.00,0.00,0,0
1508083308,s5,0.00,0.00,0.00,0,0,0.00,0.00,0.00,0,0,0.00,0.00,0,0
1508083308,eth0,0.00,0.00,0.00,0,0,0.00,0.00,0.00,0,0,0.00,0.00,0,0
1508083308,eth1,0.00,0.00,0.00,0,0,0.00,0.00,0.00,0,0,0.00,0.00,0,0
1508083308,s2,0.00,0.00,0.00,0,0,0.00,0.00,0.00,0,0,0.00,0.00,0,0
1508083308,s2-eth2,1632.00,65362.00,66994.00,65362,1632,24.00,25.00,49.00,25,24,0.00,0.00,0,0
1508083308,s2-eth1,53514.00,1632.00,55146.00,1632,53514,21.00,24.00,45.00,24,21,0.00,0.00,0,0
1508083308,lo,0.00,0.00,0.00,0,0,0.00,0.00,0.00,0,0,0.00,0.00,0,0
1508083308,s4,0.00,0.00,0.00,0,0,0.00,0.00,0.00,0,0,0.00,0.00,0,0
1508083308,total,55146.00,66994.00,122140.00,66994,55146,45.00,49.00,94.00,49,45,0.00,0.00,0,0
1508083309,s5,0.00,0.00,0.00,0,0,0.00,0.00,0.00,0,0,0.00,0.00,0,0
1508083309,eth0,0.00,0.00,0.00,0,0,0.00,0.00,0.00,0,0,0.00,0.00,0,0
1508083309,eth1,0.00,0.00,0.00,0,0,0.00,0.00,0.00,0,0,0.00,0.00,0,0
1508083309,s2,0.00,0.00,0.00,0,0,0.00,0.00,0.00,0,0,0.00,0.00,0,0
1508083309,s2-eth2,1558.44,71058.95,72617.38,71130,1560,23.98,24.98,48.95,25,24,0.00,0.00,0,0
1508083309,s2-eth1,79936.06,1558.44,81494.51,1560,80016,27.97,23.98,51.95,24,28,0.00,0.00,0,0
1508083309,lo,295.70,295.70,591.41,296,296,3.00,3.00,5.99,3,3,0.00,0.00,0,0
1508083309,s4,0.00,0.00,0.00,0,0,0.00,0.00,0.00,0,0,0.00,0.00,0,0
1508083309,total,81790.21,72913.09,154703.30,72986,81872,54.95,51.95,106.89,52,55,0.00,0.00,0,0
1508083310,s5,0.00,0.00,0.00,0,0,0.00,0.00,0.00,0,0,0.00,0.00,0,0
1508083310,eth0,0.00,0.00,0.00,0,0,0.00,0.00,0.00,0,0,0.00,0.00,0,0
1508083310,eth1,0.00,0.00,0.00,0,0,0.00,0.00,0.00,0,0,0.00,0.00,0,0
1508083310,s2,0.00,0.00,0.00,0,0,0.00,0.00,0.00,0,0,0.00,0.00,0,0
1508083310,s2-eth2,1848.00,82936.00,84784.00,82936,1848,28.00,28.00,56.00,28,28,0.00,0.00,0,0
1508083310,s2-eth1,71088.00,1848.00,72936.00,1848,71088,24.00,28.00,52.00,28,24,0.00,0.00,0,0
1508083310,lo,0.00,0.00,0.00,0,0,0.00,0.00,0.00,0,0,0.00,0.00,0,0
1508083310,s4,0.00,0.00,0.00,0,0,0.00,0.00,0.00,0,0,0.00,0.00,0,0
1508083310,total,72936.00,84784.00,157720.00,84784,72936,52.00,56.00,108.00,56,52,0.00,0.00,0,0
1508083311,s5,0.00,0.00,0.00,0,0,0.00,0.00,0.00,0,0,0.00,0.00,0,0
1508083311,eth0,0.00,0.00,0.00,0,0,0.00,0.00,0.00,0,0,0.00,0.00,0,0
1508083311,eth1,0.00,0.00,0.00,0,0,0.00,0.00,0.00,0,0,0.00,0.00,0,0
1508083311,s2,0.00,0.00,0.00,0,0,0.00,0.00,0.00,0,0,0.00,0.00,0,0
1508083311,s2-eth2,1912.09,88771.23,90683.32,88860,1914,28.97,29.97,58.94,30,29,0.00,0.00,0,0
1508083311,s2-eth1,100607.40,1912.09,102519.48,1914,100708,33.97,28.97,62.94,29,34,0.00,0.00,0,0
1508083311,lo,0.00,0.00,0.00,0,0,0.00,0.00,0.00,0,0,0.00,0.00,0,0
1508083311,s4,0.00,0.00,0.00,0,0,0.00,0.00,0.00,0,0,0.00,0.00,0,0
1508083311,total,102519.48,90683.32,193202.80,90774,102622,62.94,58.94,121.88,59,63,0.00,0.00,0,0
1508083312,s5,0.00,0.00,0.00,0,0,0.00,0.00,0.00,0,0,0.00,0.00,0,0
1508083312,eth0,0.00,0.00,0.00,0,0,0.00,0.00,0.00,0,0,0.00,0.00,0,0
1508083312,eth1,0.00,0.00,0.00,0,0,0.00,0.00,0.00,0,0,0.00,0.00,0,0
1508083312,s2,0.00,0.00,0.00,0,0,0.00,0.00,0.00,0,0,0.00,0.00,0,0
1508083312,s2-eth2,2508.00,121442.00,123950.00,121442,2508,38.00,41.00,79.00,41,38,0.00,0.00,0,0
1508083312,s2-eth1,100708.00,2508.00,103216.00,2508,100708,34.00,38.00,72.00,38,34,0.00,0.00,0,0
1508083312,lo,344.00,344.00,688.00,344,344,6.00,6.00,12.00,6,6,0.00,0.00,0,0
1508083312,s4,0.00,0.00,0.00,0,0,0.00,0.00,0.00,0,0,0.00,0.00,0,0
1508083312,total,103560.00,124294.00,227854.00,124294,103560,78.00,85.00,163.00,85,78,0.00,0.00,0,0
1508083313,s5,0.00,0.00,0.00,0,0,0.00,0.00,0.00,0,0,0.00,0.00,0,0
1508083313,eth0,0.00,0.00,0.00,0,0,0.00,0.00,0.00,0,0,0.00,0.00,0,0
1508083313,eth1,0.00,0.00,0.00,0,0,0.00,0.00,0.00,0,0,0.00,0.00,0,0
1508083313,s2,0.00,0.00,0.00,0,0,0.00,0.00,0.00,0,0,0.00,0.00,0,0
1508083313,s2-eth2,3432.00,168834.00,172266.00,168834,3432,52.00,57.00,109.00,57,52,0.00,0.00,0,0
1508083313,s2-eth1,174758.00,3432.00,178190.00,3432,174758,59.00,52.00,111.00,52,59,0.00,0.00,0,0
1508083313,lo,172.00,172.00,344.00,172,172,3.00,3.00,6.00,3,3,0.00,0.00,0,0
1508083313,s4,0.00,0.00,0.00,0,0,0.00,0.00,0.00,0,0,0.00,0.00,0,0
1508083313,total,178362.00,172438.00,350800.00,172438,178362,114.00,112.00,226.00,112,114,0.00,0.00,0,0
1508083314,s5,0.00,0.00,0.00,0,0,0.00,0.00,0.00,0,0,0.00,0.00,0,0
1508083314,eth0,0.00,0.00,0.00,0,0,0.00,0.00,0.00,0,0,0.00,0.00,0,0
1508083314,eth1,0.00,0.00,0.00,0,0,0.00,0.00,0.00,0,0,0.00,0.00,0,0
1508083314,s2,0.00,0.00,0.00,0,0,0.00,0.00,0.00,0,0,0.00,0.00,0,0
1508083314,s2-eth2,5688.00,221692.00,227380.00,221692,5688,82.00,90.00,172.00,90,82,0.00,0.00,0,0
1508083314,s2-eth1,221494.00,5688.00,227182.00,5688,221494,87.00,82.00,169.00,82,87,0.00,0.00,0,0
1508083314,lo,0.00,0.00,0.00,0,0,0.00,0.00,0.00,0,0,0.00,0.00,0,0
1508083314,s4,0.00,0.00,0.00,0,0,0.00,0.00,0.00,0,0,0.00,0.00,0,0
1508083314,total,227182.00,227380.00,454562.00,227380,227182,169.00,172.00,341.00,172,169,0.00,0.00,0,0
1508083315,s5,0.00,0.00,0.00,0,0,0.00,0.00,0.00,0,0,0.00,0.00,0,0
1508083315,eth0,0.00,0.00,0.00,0,0,0.00,0.00,0.00,0,0,0.00,0.00,0,0
1508083315,eth1,0.00,0.00,0.00,0,0,0.00,0.00,0.00,0,0,0.00,0.00,0,0
1508083315,s2,0.00,0.00,0.00,0,0,0.00,0.00,0.00,0,0,0.00,0.00,0,0
1508083315,s2-eth2,4459.54,122573.43,127032.97,122696,4464,61.94,59.94,121.88,60,62,0.00,0.00,0,0
1508083315,s2-eth1,118299.70,4459.54,122759.24,4464,118418,60.94,61.94,122.88,62,61,0.00,0.00,0,0
1508083315,lo,0.00,0.00,0.00,0,0,0.00,0.00,0.00,0,0,0.00,0.00,0,0
1508083315,s4,0.00,0.00,0.00,0,0,0.00,0.00,0.00,0,0,0.00,0.00,0,0
1508083315,total,122759.24,127032.97,249792.22,127160,122882,122.88,121.88,244.76,122,123,0.00,0.00,0,0
1508083316,s5,0.00,0.00,0.00,0,0,0.00,0.00,0.00,0,0,0.00,0.00,0,0
1508083316,eth0,0.00,0.00,0.00,0,0,0.00,0.00,0.00,0,0,0.00,0.00,0,0
1508083316,eth1,0.00,0.00,0.00,0,0,0.00,0.00,0.00,0,0,0.00,0.00,0,0
1508083316,s2,0.00,0.00,0.00,0,0,0.00,0.00,0.00,0,0,0.00,0.00,0,0
1508083316,s2-eth2,1924.08,64047.95,65972.03,64112,1926,26.97,27.97,54.95,28,27,0.00,0.00,0,0
1508083316,s2-eth1,59576.43,1924.08,61500.50,1926,59636,25.97,26.97,52.95,27,26,0.00,0.00,0,0
1508083316,lo,0.00,0.00,0.00,0,0,0.00,0.00,0.00,0,0,0.00,0.00,0,0
1508083316,s4,0.00,0.00,0.00,0,0,0.00,0.00,0.00,0,0,0.00,0.00,0,0
1508083316,total,61500.50,65972.03,127472.53,66038,61562,52.95,54.95,107.89,55,53,0.00,0.00,0,0
1508083317,s5,0.00,0.00,0.00,0,0,0.00,0.00,0.00,0,0,0.00,0.00,0,0
1508083317,eth0,0.00,0.00,0.00,0,0,0.00,0.00,0.00,0,0,0.00,0.00,0,0
1508083317,eth1,0.00,0.00,0.00,0,0,0.00,0.00,0.00,0,0,0.00,0.00,0,0
1508083317,s2,0.00,0.00,0.00,0,0,0.00,0.00,0.00,0,0,0.00,0.00,0,0
1508083317,s2-eth2,1254.00,59240.00,60494.00,59240,1254,19.00,20.00,39.00,20,19,0.00,0.00,0,0
1508083317,s2-eth1,65164.00,1254.00,66418.00,1254,65164,22.00,19.00,41.00,19,22,0.00,0.00,0,0
1508083317,lo,344.00,344.00,688.00,344,344,6.00,6.00,12.00,6,6,0.00,0.00,0,0
1508083317,s4,0.00,0.00,0.00,0,0,0.00,0.00,0.00,0,0,0.00,0.00,0,0
1508083317,total,66762.00,60838.00,127600.00,60838,66762,47.00,45.00,92.00,45,47,0.00,0.00,0,0
1508083318,s5,0.00,0.00,0.00,0,0,0.00,0.00,0.00,0,0,0.00,0.00,0,0
1508083318,eth0,0.00,0.00,0.00,0,0,0.00,0.00,0.00,0,0,0.00,0.00,0,0
1508083318,eth1,0.00,0.00,0.00,0,0,0.00,0.00,0.00,0,0,0.00,0.00,0,0
1508083318,s2,0.00,0.00,0.00,0,0,0.00,0.00,0.00,0,0,0.00,0.00,0,0
1508083318,s2-eth2,1914.00,88860.00,90774.00,88860,1914,29.00,30.00,59.00,30,29,0.00,0.00,0,0
1508083318,s2-eth1,77012.00,1914.00,78926.00,1914,77012,26.00,29.00,55.00,29,26,0.00,0.00,0,0
1508083318,lo,172.00,172.00,344.00,172,172,3.00,3.00,6.00,3,3,0.00,0.00,0,0
1508083318,s4,0.00,0.00,0.00,0,0,0.00,0.00,0.00,0,0,0.00,0.00,0,0
1508083318,total,79098.00,90946.00,170044.00,90946,79098,58.00,62.00,120.00,62,58,0.00,0.00,0,0
1508083319,s5,0.00,0.00,0.00,0,0,0.00,0.00,0.00,0,0,0.00,0.00,0,0
1508083319,eth0,303.70,489.51,793.21,490,304,4.00,4.00,7.99,4,4,0.00,0.00,0,0
1508083319,eth1,0.00,0.00,0.00,0,0,0.00,0.00,0.00,0,0,0.00,0.00,0,0
1508083319,s2,0.00,0.00,0.00,0,0,0.00,0.00,0.00,0,0,0.00,0.00,0,0
1508083319,s2-eth2,3214.79,128949.05,132163.84,129078,3218,42.96,46.95,89.91,47,43,0.00,0.00,0,0
1508083319,s2-eth1,135330.67,2763.24,138093.91,2766,135466,50.95,40.96,91.91,41,51,0.00,0.00,0,0
1508083319,lo,681.32,681.32,1362.64,682,682,7.99,7.99,15.98,8,8,0.00,0.00,0,0
1508083319,s4,0.00,0.00,0.00,0,0,0.00,0.00,0.00,0,0,0.00,0.00,0,0
1508083319,total,139530.47,132883.12,272413.59,133016,139670,105.89,99.90,205.79,100,106,0.00,0.00,0,0
1508083320,s5,0.00,0.00,0.00,0,0,0.00,0.00,0.00,0,0,0.00,0.00,0,0
1508083320,eth0,303.70,489.51,793.21,490,304,4.00,4.00,7.99,4,4,0.00,0.00,0,0
1508083320,eth1,0.00,0.00,0.00,0,0,0.00,0.00,0.00,0,0,0.00,0.00,0,0
1508083320,s2,0.00,0.00,0.00,0,0,0.00,0.00,0.00,0,0,0.00,0.00,0,0
1508083320,s2-eth2,3754.25,154199.80,157954.05,154354,3758,54.95,56.94,111.89,57,55,0.00,0.00,0,0
1508083320,s2-eth1,141210.80,3644.36,144855.16,3648,141352,55.94,53.95,109.89,54,56,0.00,0.00,0,0
1508083320,lo,681.32,681.32,1362.64,682,682,7.99,7.99,15.98,8,8,0.00,0.00,0,0
1508083320,s4,0.00,0.00,0.00,0,0,0.00,0.00,0.00,0,0,0.00,0.00,0,0
1508083320,total,145950.05,159014.98,304965.03,159174,146096,122.88,122.88,245.75,123,123,0.00,0.00,0,0
1508083321,s5,0.00,0.00,0.00,0,0,0.00,0.00,0.00,0,0,0.00,0.00,0,0
1508083321,eth0,152.00,245.00,397.00,245,152,2.00,2.00,4.00,2,2,0.00,0.00,0,0
1508083321,eth1,0.00,0.00,0.00,0,0,0.00,0.00,0.00,0,0,0.00,0.00,0,0
1508083321,s2,0.00,0.00,0.00,0,0,0.00,0.00,0.00,0,0,0.00,0.00,0,0
1508083321,s2-eth2,5401.00,123814.00,129215.00,123814,5401,63.00,55.00,118.00,55,63,0.00,0.00,0,0
1508083321,s2-eth1,133174.00,3744.00,136918.00,3744,133174,67.00,54.00,121.00,54,67,0.00,0.00,0,0
1508083321,lo,341.00,341.00,682.00,341,341,4.00,4.00,8.00,4,4,0.00,0.00,0,0
1508083321,s4,0.00,0.00,0.00,0,0,0.00,0.00,0.00,0,0,0.00,0.00,0,0
1508083321,total,139068.00,128144.00,267212.00,128144,139068,136.00,115.00,251.00,115,136,0.00,0.00,0,0
1508083322,s5,0.00,0.00,0.00,0,0,0.00,0.00,0.00,0,0,0.00,0.00,0,0
1508083322,eth0,152.00,245.00,397.00,245,152,2.00,2.00,4.00,2,2,0.00,0.00,0,0
1508083322,eth1,0.00,0.00,0.00,0,0,0.00,0.00,0.00,0,0,0.00,0.00,0,0
1508083322,s2,0.00,0.00,0.00,0,0,0.00,0.00,0.00,0,0,0.00,0.00,0,0
1508083322,s2-eth2,3467.00,109924.00,113391.00,109924,3467,44.00,42.00,86.00,42,44,0.00,0.00,0,0
1508083322,s2-eth1,92773.00,2646.00,95419.00,2646,92773,39.00,39.00,78.00,39,39,0.00,0.00,0,0
1508083322,lo,685.00,685.00,1370.00,685,685,10.00,10.00,20.00,10,10,0.00,0.00,0,0
1508083322,s4,0.00,0.00,0.00,0,0,0.00,0.00,0.00,0,0,0.00,0.00,0,0
1508083322,total,97077.00,113500.00,210577.00,113500,97077,95.00,93.00,188.00,93,95,0.00,0.00,0,0
1508083323,s5,0.00,0.00,0.00,0,0,0.00,0.00,0.00,0,0,0.00,0.00,0,0
1508083323,eth0,0.00,0.00,0.00,0,0,0.00,0.00,0.00,0,0,0.00,0.00,0,0
1508083323,eth1,0.00,0.00,0.00,0,0,0.00,0.00,0.00,0,0,0.00,0.00,0,0
1508083323,s2,0.00,0.00,0.00,0,0,0.00,0.00,0.00,0,0,0.00,0.00,0,0
1508083323,s2-eth2,3045.00,106632.00,109677.00,106632,3045,38.00,36.00,74.00,36,38,0.00,0.00,0,0
1508083323,s2-eth1,124746.00,2376.00,127122.00,2376,124746,43.00,36.00,79.00,36,43,0.00,0.00,0,0
1508083323,lo,172.00,172.00,344.00,172,172,3.00,3.00,6.00,3,3,0.00,0.00,0,0
1508083323,s4,0.00,0.00,0.00,0,0,0.00,0.00,0.00,0,0,0.00,0.00,0,0
1508083323,total,127963.00,109180.00,237143.00,109180,127963,84.00,75.00,159.00,75,84,0.00,0.00,0,0
1508083324,s5,0.00,0.00,0.00,0,0,0.00,0.00,0.00,0,0,0.00,0.00,0,0
1508083324,eth0,60.00,60.00,120.00,60,60,1.00,1.00,2.00,1,1,0.00,0.00,0,0
1508083324,eth1,0.00,0.00,0.00,0,0,0.00,0.00,0.00,0,0,0.00,0.00,0,0
1508083324,s2,0.00,0.00,0.00,0,0,0.00,0.00,0.00,0,0,0.00,0.00,0,0
1508083324,s2-eth2,3008.00,112820.00,115828.00,112820,3008,41.00,42.00,83.00,42,41,0.00,0.00,0,0
1508083324,s2-eth1,92857.00,2634.00,95491.00,2634,92857,39.00,39.00,78.00,39,39,0.00,0.00,0,0
1508083324,lo,0.00,0.00,0.00,0,0,0.00,0.00,0.00,0,0,0.00,0.00,0,0
1508083324,s4,0.00,0.00,0.00,0,0,0.00,0.00,0.00,0,0,0.00,0.00,0,0
1508083324,total,95925.00,115514.00,211439.00,115514,95925,81.00,82.00,163.00,82,81,0.00,0.00,0,0
1508083325,s5,0.00,0.00,0.00,0,0,0.00,0.00,0.00,0,0,0.00,0.00,0,0
1508083325,eth0,0.00,0.00,0.00,0,0,0.00,0.00,0.00,0,0,0.00,0.00,0,0
1508083325,eth1,0.00,0.00,0.00,0,0,0.00,0.00,0.00,0,0,0.00,0.00,0,0
1508083325,s2,0.00,0.00,0.00,0,0,0.00,0.00,0.00,0,0,0.00,0.00,0,0
1508083325,s2-eth2,2707.00,106632.00,109339.00,106632,2707,37.00,36.00,73.00,36,37,0.00,0.00,0,0
1508083325,s2-eth1,124404.00,2310.00,126714.00,2310,124404,42.00,35.00,77.00,35,42,0.00,0.00,0,0
1508083325,lo,0.00,0.00,0.00,0,0,0.00,0.00,0.00,0,0,0.00,0.00,0,0
1508083325,s4,0.00,0.00,0.00,0,0,0.00,0.00,0.00,0,0,0.00,0.00,0,0
1508083325,total,127111.00,108942.00,236053.00,108942,127111,79.00,71.00,150.00,71,79,0.00,0.00,0,0
1508083326,s5,0.00,0.00,0.00,0,0,0.00,0.00,0.00,0,0,0.00,0.00,0,0
1508083326,eth0,0.00,0.00,0.00,0,0,0.00,0.00,0.00,0,0,0.00,0.00,0,0
1508083326,eth1,0.00,0.00,0.00,0,0,0.00,0.00,0.00,0,0,0.00,0.00,0,0
1508083326,s2,0.00,0.00,0.00,0,0,0.00,0.00,0.00,0,0,0.00,0.00,0,0
1508083326,s2-eth2,2703.30,124279.73,126983.02,124404,2706,40.96,41.96,82.92,42,41,0.00,0.00,0,0
1508083326,s2-eth1,106867.13,2703.30,109570.43,2706,106974,36.96,40.96,77.92,41,37,0.00,0.00,0,0
1508083326,lo,0.00,0.00,0.00,0,0,0.00,0.00,0.00,0,0,0.00,0.00,0,0
1508083326,s4,0.00,0.00,0.00,0,0,0.00,0.00,0.00,0,0,0.00,0.00,0,0
1508083326,total,109570.43,126983.02,236553.45,127110,109680,77.92,82.92,160.84,83,78,0.00,0.00,0,0
1508083327,s5,0.00,0.00,0.00,0,0,0.00,0.00,0.00,0,0,0.00,0.00,0,0
1508083327,eth0,0.00,0.00,0.00,0,0,0.00,0.00,0.00,0,0,0.00,0.00,0,0
1508083327,eth1,0.00,0.00,0.00,0,0,0.00,0.00,0.00,0,0,0.00,0.00,0,0
1508083327,s2,0.00,0.00,0.00,0,0,0.00,0.00,0.00,0,0,0.00,0.00,0,0
1508083327,s2-eth2,2706.00,124404.00,127110.00,124404,2706,41.00,42.00,83.00,42,41,0.00,0.00,0,0
1508083327,s2-eth1,142176.00,2706.00,144882.00,2706,142176,48.00,41.00,89.00,41,48,0.00,0.00,0,0
1508083327,lo,344.00,344.00,688.00,344,344,6.00,6.00,12.00,6,6,0.00,0.00,0,0
1508083327,s4,0.00,0.00,0.00,0,0,0.00,0.00,0.00,0,0,0.00,0.00,0,0
1508083327,total,145226.00,127454.00,272680.00,127454,145226,95.00,89.00,184.00,89,95,0.00,0.00,0,0
1508083328,s5,0.00,0.00,0.00,0,0,0.00,0.00,0.00,0,0,0.00,0.00,0,0
1508083328,eth0,0.00,0.00,0.00,0,0,0.00,0.00,0.00,0,0,0.00,0.00,0,0
1508083328,eth1,0.00,0.00,0.00,0,0,0.00,0.00,0.00,0,0,0.00,0.00,0,0
1508083328,s2,0.00,0.00,0.00,0,0,0.00,0.00,0.00,0,0,0.00,0.00,0,0
1508083328,s2-eth2,3571.43,141114.89,144686.31,141256,3575,50.95,55.94,106.89,56,51,0.00,0.00,0,0
1508083328,s2-eth1,124786.22,3620.38,128406.59,3624,124911,48.95,51.95,100.90,52,49,0.00,0.00,0,0
1508083328,lo,171.83,171.83,343.66,172,172,3.00,3.00,5.99,3,3,0.00,0.00,0,0
1508083328,s4,0.00,0.00,0.00,0,0,0.00,0.00,0.00,0,0,0.00,0.00,0,0
1508083328,total,128529.48,144907.09,273436.56,145052,128658,102.90,110.89,213.79,111,103,0.00,0.00,0,0
1508083329,s5,0.00,0.00,0.00,0,0,0.00,0.00,0.00,0,0,0.00,0.00,0,0
1508083329,eth0,0.00,0.00,0.00,0,0,0.00,0.00,0.00,0,0,0.00,0.00,0,0
1508083329,eth1,0.00,0.00,0.00,0,0,0.00,0.00,0.00,0,0,0.00,0.00,0,0
1508083329,s2,0.00,0.00,0.00,0,0,0.00,0.00,0.00,0,0,0.00,0.00,0,0
1508083329,s2-eth2,2884.00,65758.00,68642.00,65758,2884,36.00,31.00,67.00,31,36,0.00,0.00,0,0
1508083329,s2-eth1,71814.00,2316.00,74130.00,2316,71814,35.00,32.00,67.00,32,35,0.00,0.00,0,0
1508083329,lo,0.00,0.00,0.00,0,0,0.00,0.00,0.00,0,0,0.00,0.00,0,0
1508083329,s4,0.00,0.00,0.00,0,0,0.00,0.00,0.00,0,0,0.00,0.00,0,0
1508083329,total,74698.00,68074.00,142772.00,68074,74698,71.00,63.00,134.00,63,71,0.00,0.00,0,0
1508083330,s5,0.00,0.00,0.00,0,0,0.00,0.00,0.00,0,0,0.00,0.00,0,0
1508083330,eth0,0.00,0.00,0.00,0,0,0.00,0.00,0.00,0,0,0.00,0.00,0,0
1508083330,eth1,0.00,0.00,0.00,0,0,0.00,0.00,0.00,0,0,0.00,0.00,0,0
1508083330,s2,0.00,0.00,0.00,0,0,0.00,0.00,0.00,0,0,0.00,0.00,0,0
1508083330,s2-eth2,1650.00,74050.00,75700.00,74050,1650,25.00,25.00,50.00,25,25,0.00,0.00,0,0
1508083330,s2-eth1,68468.00,1650.00,70118.00,1650,68468,24.00,25.00,49.00,25,24,0.00,0.00,0,0
1508083330,lo,0.00,0.00,0.00,0,0,0.00,0.00,0.00,0,0,0.00,0.00,0,0
1508083330,s4,0.00,0.00,0.00,0,0,0.00,0.00,0.00,0,0,0.00,0.00,0,0
1508083330,total,70118.00,75700.00,145818.00,75700,70118,49.00,50.00,99.00,50,49,0.00,0.00,0,0
1508083331,s5,0.00,0.00,0.00,0,0,0.00,0.00,0.00,0,0,0.00,0.00,0,0
1508083331,eth0,0.00,0.00,0.00,0,0,0.00,0.00,0.00,0,0,0.00,0.00,0,0
1508083331,eth1,0.00,0.00,0.00,0,0,0.00,0.00,0.00,0,0,0.00,0.00,0,0
1508083331,s2,0.00,0.00,0.00,0,0,0.00,0.00,0.00,0,0,0.00,0.00,0,0
1508083331,s2-eth2,1282.72,41756.25,43038.96,41798,1284,17.98,18.98,36.96,19,18,0.00,0.00,0,0
1508083331,s2-eth1,44715.29,1282.72,45998.00,1284,44760,19.98,17.98,37.96,18,20,0.00,0.00,0,0
1508083331,lo,0.00,0.00,0.00,0,0,0.00,0.00,0.00,0,0,0.00,0.00,0,0
1508083331,s4,0.00,0.00,0.00,0,0,0.00,0.00,0.00,0,0,0.00,0.00,0,0
1508083331,total,45998.00,43038.96,89036.97,43082,46044,37.96,36.96,74.93,37,38,0.00,0.00,0,0
1508083332,s5,0.00,0.00,0.00,0,0,0.00,0.00,0.00,0,0,0.00,0.00,0,0
1508083332,eth0,0.00,0.00,0.00,0,0,0.00,0.00,0.00,0,0,0.00,0.00,0,0
1508083332,eth1,0.00,0.00,0.00,0,0,0.00,0.00,0.00,0,0,0.00,0.00,0,0
1508083332,s2,0.00,0.00,0.00,0,0,0.00,0.00,0.00,0,0,0.00,0.00,0,0
1508083332,s2-eth2,924.00,50354.00,51278.00,50354,924,14.00,17.00,31.00,17,14,0.00,0.00,0,0
1508083332,s2-eth1,47392.00,924.00,48316.00,924,47392,16.00,14.00,30.00,14,16,0.00,0.00,0,0
1508083332,lo,344.00,344.00,688.00,344,344,6.00,6.00,12.00,6,6,0.00,0.00,0,0
1508083332,s4,0.00,0.00,0.00,0,0,0.00,0.00,0.00,0,0,0.00,0.00,0,0
1508083332,total,48660.00,51622.00,100282.00,51622,48660,36.00,37.00,73.00,37,36,0.00,0.00,0,0
1508083333,s5,0.00,0.00,0.00,0,0,0.00,0.00,0.00,0,0,0.00,0.00,0,0
1508083333,eth0,0.00,0.00,0.00,0,0,0.00,0.00,0.00,0,0,0.00,0.00,0,0
1508083333,eth1,0.00,0.00,0.00,0,0,0.00,0.00,0.00,0,0,0.00,0.00,0,0
1508083333,s2,0.00,0.00,0.00,0,0,0.00,0.00,0.00,0,0,0.00,0.00,0,0
1508083333,s2-eth2,1584.00,77012.00,78596.00,77012,1584,24.00,26.00,50.00,26,24,0.00,0.00,0,0
1508083333,s2-eth1,71088.00,1584.00,72672.00,1584,71088,24.00,24.00,48.00,24,24,0.00,0.00,0,0
1508083333,lo,172.00,172.00,344.00,172,172,3.00,3.00,6.00,3,3,0.00,0.00,0,0
1508083333,s4,0.00,0.00,0.00,0,0,0.00,0.00,0.00,0,0,0.00,0.00,0,0
1508083333,total,72844.00,78768.00,151612.00,78768,72844,51.00,53.00,104.00,53,51,0.00,0.00,0,0
1508083334,s5,0.00,0.00,0.00,0,0,0.00,0.00,0.00,0,0,0.00,0.00,0,0
1508083334,eth0,0.00,0.00,0.00,0,0,0.00,0.00,0.00,0,0,0.00,0.00,0,0
1508083334,eth1,0.00,0.00,0.00,0,0,0.00,0.00,0.00,0,0,0.00,0.00,0,0
1508083334,s2,0.00,0.00,0.00,0,0,0.00,0.00,0.00,0,0,0.00,0.00,0,0
1508083334,s2-eth2,2514.00,101104.00,103618.00,101104,2514,37.00,40.00,77.00,40,37,0.00,0.00,0,0
1508083334,s2-eth1,101104.00,2514.00,103618.00,2514,101104,40.00,37.00,77.00,37,40,0.00,0.00,0,0
1508083334,lo,0.00,0.00,0.00,0,0,0.00,0.00,0.00,0,0,0.00,0.00,0,0
1508083334,s4,0.00,0.00,0.00,0,0,0.00,0.00,0.00,0,0,0.00,0.00,0,0
1508083334,total,103618.00,103618.00,207236.00,103618,103618,77.00,77.00,154.00,77,77,0.00,0.00,0,0
1508083335,s5,0.00,0.00,0.00,0,0,0.00,0.00,0.00,0,0,0.00,0.00,0,0
1508083335,eth0,0.00,0.00,0.00,0,0,0.00,0.00,0.00,0,0,0.00,0.00,0,0
1508083335,eth1,0.00,0.00,0.00,0,0,0.00,0.00,0.00,0,0,0.00,0.00,0,0
1508083335,s2,0.00,0.00,0.00,0,0,0.00,0.00,0.00,0,0,0.00,0.00,0,0
1508083335,s2-eth2,2640.00,118546.00,121186.00,118546,2640,40.00,41.00,81.00,41,40,0.00,0.00,0,0
1508083335,s2-eth1,115584.00,2640.00,118224.00,2640,115584,40.00,40.00,80.00,40,40,0.00,0.00,0,0
1508083335,lo,0.00,0.00,0.00,0,0,0.00,0.00,0.00,0,0,0.00,0.00,0,0
1508083335,s4,0.00,0.00,0.00,0,0,0.00,0.00,0.00,0,0,0.00,0.00,0,0
1508083335,total,118224.00,121186.00,239410.00,121186,118224,80.00,81.00,161.00,81,80,0.00,0.00,0,0
1508083336,s5,0.00,0.00,0.00,0,0,0.00,0.00,0.00,0,0,0.00,0.00,0,0
1508083336,eth0,0.00,0.00,0.00,0,0,0.00,0.00,0.00,0,0,0.00,0.00,0,0
1508083336,eth1,0.00,0.00,0.00,0,0,0.00,0.00,0.00,0,0,0.00,0.00,0,0
1508083336,s2,0.00,0.00,0.00,0,0,0.00,0.00,0.00,0,0,0.00,0.00,0,0
1508083336,s2-eth2,1889.00,60772.00,62661.00,60772,1889,28.00,22.00,50.00,22,28,0.00,0.00,0,0
1508083336,s2-eth1,69765.00,1782.00,71547.00,1782,69765,26.00,27.00,53.00,27,26,0.00,0.00,0,0
1508083336,lo,0.00,0.00,0.00,0,0,0.00,