1508084607,s5,0.00,0.00,0.00,0,0,0.00,0.00,0.00,0,0,0.00,0.00,0,0
1508084607,eth0,0.00,0.00,0.00,0,0,0.00,0.00,0.00,0,0,0.00,0.00,0,0
1508084607,eth1,0.00,0.00,0.00,0,0,0.00,0.00,0.00,0,0,0.00,0.00,0,0
1508084607,s2,0.00,0.00,0.00,0,0,0.00,0.00,0.00,0,0,0.00,0.00,0,0
1508084607,s2-eth2,0.00,0.00,0.00,0,0,0.00,0.00,0.00,0,0,0.00,0.00,0,0
1508084607,s2-eth1,0.00,0.00,0.00,0,0,0.00,0.00,0.00,0,0,0.00,0.00,0,0
1508084607,lo,0.00,0.00,0.00,0,0,0.00,0.00,0.00,0,0,0.00,0.00,0,0
1508084607,s4,0.00,0.00,0.00,0,0,0.00,0.00,0.00,0,0,0.00,0.00,0,0
1508084607,total,0.00,0.00,0.00,0,0,0.00,0.00,0.00,0,0,0.00,0.00,0,0
1508084608,s5,0.00,0.00,0.00,0,0,0.00,0.00,0.00,0,0,0.00,0.00,0,0
1508084608,eth0,303.70,489.51,793.21,490,304,4.00,4.00,7.99,4,4,0.00,0.00,0,0
1508084608,eth1,0.00,0.00,0.00,0,0,0.00,0.00,0.00,0,0,0.00,0.00,0,0
1508084608,s2,159.84,0.00,159.84,0,160,2.00,0.00,2.00,0,2,0.00,0.00,0,0
1508084608,s2-eth2,6873.13,125268.73,132141.86,125394,6880,71.93,56.94,128.87,57,72,0.00,0.00,0,0
1508084608,s2-eth1,117560.45,4201.80,121762.24,4206,117678,59.94,56.94,116.88,57,60,0.00,0.00,0,0
1508084608,lo,1236.76,1236.76,2473.53,1238,1238,13.99,13.99,27.97,14,14,0.00,0.00,0,0
1508084608,s4,0.00,0.00,0.00,0,0,0.00,0.00,0.00,0,0,0.00,0.00,0,0
1508084608,total,126133.87,131196.81,257330.67,131328,126260,151.85,131.87,283.72,132,152,0.00,0.00,0,0
1508084609,s5,0.00,0.00,0.00,0,0,0.00,0.00,0.00,0,0,0.00,0.00,0,0
1508084609,eth0,151.55,244.27,395.81,245,152,1.99,1.99,3.99,2,2,0.00,0.00,0,0
1508084609,eth1,0.00,0.00,0.00,0,0,0.00,0.00,0.00,0,0,0.00,0.00,0,0
1508084609,s2,89.73,0.00,89.73,0,90,1.00,0.00,1.00,0,1,0.00,0.00,0,0
1508084609,s2-eth2,2814.56,97453.64,100268.20,97746,2823,35.89,32.90,68.79,33,36,0.00,0.00,0,0
1508084609,s2-eth1,95257.23,2105.68,97362.91,2112,95543,34.90,31.90,66.80,32,35,0.00,0.00,0,0
1508084609,lo,627.12,627.12,1254.24,629,629,6.98,6.98,13.96,7,7,0.00,0.00,0,0
1508084609,s4,0.00,0.00,0.00,0,0,0.00,0.00,0.00,0,0,0.00,0.00,0,0
1508084609,total,98940.18,100430.71,199370.89,100732,99237,80.76,73.78,154.54,74,81,0.00,0.00,0,0
1508084610,s5,0.00,0.00,0.00,0,0,0.00,0.00,0.00,0,0,0.00,0.00,0,0
1508084610,eth0,60.00,60.00,120.00,60,60,1.00,1.00,2.00,1,1,0.00,0.00,0,0
1508084610,eth1,0.00,0.00,0.00,0,0,0.00,0.00,0.00,0,0,0.00,0.00,0,0
1508084610,s2,0.00,0.00,0.00,0,0,0.00,0.00,0.00,0,0,0.00,0.00,0,0
1508084610,s2-eth2,2184.00,97878.00,100062.00,97878,2184,32.00,35.00,67.00,35,32,0.00,0.00,0,0
1508084610,s2-eth1,95290.00,2184.00,97474.00,2184,95290,36.00,32.00,68.00,32,36,0.00,0.00,0,0
1508084610,lo,0.00,0.00,0.00,0,0,0.00,0.00,0.00,0,0,0.00,0.00,0,0
1508084610,s4,0.00,0.00,0.00,0,0,0.00,0.00,0.00,0,0,0.00,0.00,0,0
1508084610,total,97534.00,100122.00,197656.00,100122,97534,69.00,68.00,137.00,68,69,0.00,0.00,0,0
1508084611,s5,0.00,0.00,0.00,0,0,0.00,0.00,0.00,0,0,0.00,0.00,0,0
1508084611,eth0,0.00,0.00,0.00,0,0,0.00,0.00,0.00,0,0,0.00,0.00,0,0
1508084611,eth1,0.00,0.00,0.00,0,0,0.00,0.00,0.00,0,0,0.00,0.00,0,0
1508084611,s2,0.00,139.86,139.86,140,0,0.00,2.00,2.00,2,0,0.00,0.00,0,0
1508084611,s2-eth2,2769.23,91998.01,94767.23,92090,2772,36.96,34.97,71.93,35,37,0.00,0.00,0,0
1508084611,s2-eth1,95353.65,2395.60,97749.25,2398,95449,37.96,34.97,72.93,35,38,0.00,0.00,0,0
1508084611,lo,535.46,535.46,1070.93,536,536,5.99,5.99,11.99,6,6,0.00,0.00,0,0
1508084611,s4,0.00,0.00,0.00,0,0,0.00,0.00,0.00,0,0,0.00,0.00,0,0
1508084611,total,98658.34,95068.94,193727.28,95164,98757,80.92,77.92,158.84,78,81,0.00,0.00,0,0
1508084612,s5,0.00,0.00,0.00,0,0,0.00,0.00,0.00,0,0,0.00,0.00,0,0
1508084612,eth0,0.00,0.00,0.00,0,0,0.00,0.00,0.00,0,0,0.00,0.00,0,0
1508084612,eth1,0.00,0.00,0.00,0,0,0.00,0.00,0.00,0,0,0.00,0.00,0,0
1508084612,s2,69.93,0.00,69.93,0,70,1.00,0.00,1.00,0,1,0.00,0.00,0,0
1508084612,s2-eth2,2906.09,115402.60,118308.70,115518,2909,39.96,38.96,78.92,39,40,0.00,0.00,0,0
1508084612,s2-eth1,103636.37,2439.56,106075.93,2442,103740,35.96,36.96,72.93,37,36,0.00,0.00,0,0
1508084612,lo,715.28,715.28,1430.57,716,716,10.99,10.99,21.98,11,11,0.00,0.00,0,0
1508084612,s4,0.00,0.00,0.00,0,0,0.00,0.00,0.00,0,0,0.00,0.00,0,0
1508084612,total,107327.67,118557.45,225885.12,118676,107435,87.91,86.91,174.83,87,88,0.00,0.00,0,0
1508084613,s5,0.00,0.00,0.00,0,0,0.00,0.00,0.00,0,0,0.00,0.00,0,0
1508084613,eth0,0.00,0.00,0.00,0,0,0.00,0.00,0.00,0,0,0.00,0.00,0,0
1508084613,eth1,0.00,0.00,0.00,0,0,0.00,0.00,0.00,0,0,0.00,0.00,0,0
1508084613,s2,0.00,0.00,0.00,0,0,0.00,0.00,0.00,0,0,0.00,0.00,0,0
1508084613,s2-eth2,2262.00,89058.00,91320.00,89058,2262,33.00,33.00,66.00,33,33,0.00,0.00,0,0
1508084613,s2-eth1,97944.00,2262.00,100206.00,2262,97944,36.00,33.00,69.00,33,36,0.00,0.00,0,0
1508084613,lo,0.00,0.00,0.00,0,0,0.00,0.00,0.00,0,0,0.00,0.00,0,0
1508084613,s4,0.00,0.00,0.00,0,0,0.00,0.00,0.00,0,0,0.00,0.00,0,0
1508084613,total,100206.00,91320.00,191526.00,91320,100206,69.00,66.00,135.00,66,69,0.00,0.00,0,0
1508084614,s5,0.00,0.00,0.00,0,0,0.00,0.00,0.00,0,0,0.00,0.00,0,0
1508084614,eth0,0.00,0.00,0.00,0,0,0.00,0.00,0.00,0,0,0.00,0.00,0,0
1508084614,eth1,0.00,0.00,0.00,0,0,0.00,0.00,0.00,0,0,0.00,0.00,0,0
1508084614,s2,0.00,0.00,0.00,0,0,0.00,0.00,0.00,0,0,0.00,0.00,0,0
1508084614,s2-eth2,2505.49,118361.64,120867.13,118480,2508,37.96,39.96,77.92,40,38,0.00,0.00,0,0
1508084614,s2-eth1,106632.37,2505.49,109137.87,2508,106739,36.96,37.96,74.93,38,37,0.00,0.00,0,0
1508084614,lo,0.00,0.00,0.00,0,0,0.00,0.00,0.00,0,0,0.00,0.00,0,0
1508084614,s4,0.00,0.00,0.00,0,0,0.00,0.00,0.00,0,0,0.00,0.00,0,0
1508084614,total,109137.87,120867.13,230005.00,120988,109247,74.93,77.92,152.85,78,75,0.00,0.00,0,0
1508084615,s5,0.00,0.00,0.00,0,0,0.00,0.00,0.00,0,0,0.00,0.00,0,0
1508084615,eth0,0.00,0.00,0.00,0,0,0.00,0.00,0.00,0,0,0.00,0.00,0,0
1508084615,eth1,0.00,0.00,0.00,0,0,0.00,0.00,0.00,0,0,0.00,0.00,0,0
1508084615,s2,0.00,140.00,140.00,140,0,0.00,2.00,2.00,2,0,0.00,0.00,0,0
1508084615,s2-eth2,2457.00,59772.00,62229.00,59772,2457,30.00,28.00,58.00,28,30,0.00,0.00,0,0
1508084615,s2-eth1,65766.00,2008.00,67774.00,2008,65766,31.00,28.00,59.00,28,31,0.00,0.00,0,0
1508084615,lo,536.00,536.00,1072.00,536,536,6.00,6.00,12.00,6,6,0.00,0.00,0,0
1508084615,s4,0.00,0.00,0.00,0,0,0.00,0.00,0.00,0,0,0.00,0.00,0,0
1508084615,total,68759.00,62456.00,131215.00,62456,68759,67.00,64.00,131.00,64,67,0.00,0.00,0,0
1508084616,s5,0.00,0.00,0.00,0,0,0.00,0.00,0.00,0,0,0.00,0.00,0,0
1508084616,eth0,0.00,0.00,0.00,0,0,0.00,0.00,0.00,0,0,0.00,0.00,0,0
1508084616,eth1,0.00,0.00,0.00,0,0,0.00,0.00,0.00,0,0,0.00,0.00,0,0
1508084616,s2,70.00,0.00,70.00,0,70,1.00,0.00,1.00,0,1,0.00,0.00,0,0
1508084616,s2-eth2,1430.00,53448.00,54878.00,53448,1430,21.00,20.00,41.00,20,21,0.00,0.00,0,0
1508084616,s2-eth1,42012.00,1290.00,43302.00,1290,42012,18.00,19.00,37.00,19,18,0.00,0.00,0,0
1508084616,lo,268.00,268.00,536.00,268,268,3.00,3.00,6.00,3,3,0.00,0.00,0,0
1508084616,s4,0.00,0.00,0.00,0,0,0.00,0.00,0.00,0,0,0.00,0.00,0,0
1508084616,total,43780.00,55006.00,98786.00,55006,43780,43.00,42.00,85.00,42,43,0.00,0.00,0,0
1508084617,s5,0.00,0.00,0.00,0,0,0.00,0.00,0.00,0,0,0.00,0.00,0,0
1508084617,eth0,0.00,0.00,0.00,0,0,0.00,0.00,0.00,0,0,0.00,0.00,0,0
1508084617,eth1,0.00,0.00,0.00,0,0,0.00,0.00,0.00,0,0,0.00,0.00,0,0
1508084617,s2,0.00,0.00,0.00,0,0,0.00,0.00,0.00,0,0,0.00,0.00,0,0
1508084617,s2-eth2,1186.81,53262.74,54449.55,53316,1188,17.98,17.98,35.96,18,18,0.00,0.00,0,0
1508084617,s2-eth1,62139.86,1186.81,63326.68,1188,62202,20.98,17.98,38.96,18,21,0.00,0.00,0,0
1508084617,lo,343.66,343.66,687.31,344,344,5.99,5.99,11.99,6,6,0.00,0.00,0,0
1508084617,s4,0.00,0.00,0.00,0,0,0.00,0.00,0.00,0,0,0.00,0.00,0,0
1508084617,total,63670.33,54793.21,118463.54,54848,63734,44.96,41.96,86.91,42,45,0.00,0.00,0,0
1508084618,s5,0.00,0.00,0.00,0,0,0.00,0.00,0.00,0,0,0.00,0.00,0,0
1508084618,eth0,0.00,0.00,0.00,0,0,0.00,0.00,0.00,0,0,0.00,0.00,0,0
1508084618,eth1,0.00,0.00,0.00,0,0,0.00,0.00,0.00,0,0,0.00,0.00,0,0
1508084618,s2,0.00,0.00,0.00,0,0,0.00,0.00,0.00,0,0,0.00,0.00,0,0
1508084618,s2-eth2,1518.00,71088.00,72606.00,71088,1518,23.00,24.00,47.00,24,23,0.00,0.00,0,0
1508084618,s2-eth1,59240.00,1518.00,60758.00,1518,59240,20.00,23.00,43.00,23,20,0.00,0.00,0,0
1508084618,lo,0.00,0.00,0.00,0,0,0.00,0.00,0.00,0,0,0.00,0.00,0,0
1508084618,s4,0.00,0.00,0.00,0,0,0.00,0.00,0.00,0,0,0.00,0.00,0,0
1508084618,total,60758.00,72606.00,133364.00,72606,60758,43.00,47.00,90.00,47,43,0.00,0.00,0,0
1508084619,s5,0.00,0.00,0.00,0,0,0.00,0.00,0.00,0,0,0.00,0.00,0,0
1508084619,eth0,0.00,0.00,0.00,0,0,0.00,0.00,0.00,0,0,0.00,0.00,0,0
1508084619,eth1,0.00,0.00,0.00,0,0,0.00,0.00,0.00,0,0,0.00,0.00,0,0
1508084619,s2,0.00,0.00,0.00,0,0,0.00,0.00,0.00,0,0,0.00,0.00,0,0
1508084619,s2-eth2,1584.00,74050.00,75634.00,74050,1584,24.00,25.00,49.00,25,24,0.00,0.00,0,0
1508084619,s2-eth1,85898.00,1584.00,87482.00,1584,85898,29.00,24.00,53.00,24,29,0.00,0.00,0,0
1508084619,lo,0.00,0.00,0.00,0,0,0.00,0.00,0.00,0,0,0.00,0.00,0,0
1508084619,s4,0.00,0.00,0.00,0,0,0.00,0.00,0.00,0,0,0.00,0.00,0,0
1508084619,total,87482.00,75634.00,163116.00,75634,87482,53.00,49.00,102.00,49,53,0.00,0.00,0,0
1508084620,s5,0.00,0.00,0.00,0,0,0.00,0.00,0.00,0,0,0.00,0.00,0,0
1508084620,eth0,0.00,0.00,0.00,0,0,0.00,0.00,0.00,0,0,0.00,0.00,0,0
1508084620,eth1,0.00,0.00,0.00,0,0,0.00,0.00,0.00,0,0,0.00,0.00,0,0
1508084620,s2,0.00,0.00,0.00,0,0,0.00,0.00,0.00,0,0,0.00,0.00,0,0
1508084620,s2-eth2,2499.50,114153.85,116653.35,114268,2502,36.96,41.96,78.92,42,37,0.00,0.00,0,0
1508084620,s2-eth1,97648.35,2499.50,100147.85,2502,97746,32.97,36.96,69.93,37,33,0.00,0.00,0,0
1508084620,lo,171.83,171.83,343.66,172,172,3.00,3.00,5.99,3,3,0.00,0.00,0,0
1508084620,s4,0.00,0.00,0.00,0,0,0.00,0.00,0.00,0,0,0.00,0.00,0,0
1508084620,total,100319.68,116825.18,217144.86,116942,100420,72.93,81.92,154.85,82,73,0.00,0.00,0,0
1508084621,s5,0.00,0.00,0.00,0,0,0.00,0.00,0.00,0,0,0.00,0.00,0,0
1508084621,eth0,0.00,0.00,0.00,0,0,0.00,0.00,0.00,0,0,0.00,0.00,0,0
1508084621,eth1,0.00,0.00,0.00,0,0,0.00,0.00,0.00,0,0,0.00,0.00,0,0
1508084621,s2,0.00,0.00,0.00,0,0,0.00,0.00,0.00,0,0,0.00,0.00,0,0
1508084621,s2-eth2,2610.00,105316.00,107926.00,105316,2610,39.00,38.00,77.00,38,39,0.00,0.00,0,0
1508084621,s2-eth1,118876.00,2610.00,121486.00,2610,118876,46.00,39.00,85.00,39,46,0.00,0.00,0,0
1508084621,lo,0.00,0.00,0.00,0,0,0.00,0.00,0.00,0,0,0.00,0.00,0,0
1508084621,s4,0.00,0.00,0.00,0,0,0.00,0.00,0.00,0,0,0.00,0.00,0,0
1508084621,total,121486.00,107926.00,229412.00,107926,121486,85.00,77.00,162.00,77,85,0.00,0.00,0,0
1508084622,s5,0.00,0.00,0.00,0,0,0.00,0.00,0.00,0,0,0.00,0.00,0,0
1508084622,eth0,0.00,0.00,0.00,0,0,0.00,0.00,0.00,0,0,0.00,0.00,0,0
1508084622,eth1,0.00,0.00,0.00,0,0,0.00,0.00,0.00,0,0,0.00,0.00,0,0
1508084622,s2,0.00,0.00,0.00,0,0,0.00,0.00,0.00,0,0,0.00,0.00,0,0
1508084622,s2-eth2,3036.00,142176.00,145212.00,142176,3036,46.00,48.00,94.00,48,46,0.00,0.00,0,0
1508084622,s2-eth1,124511.00,3036.00,127547.00,3036,124511,43.00,46.00,89.00,46,43,0.00,0.00,0,0
1508084622,lo,344.00,344.00,688.00,344,344,6.00,6.00,12.00,6,6,0.00,0.00,0,0
1508084622,s4,0.00,0.00,0.00,0,0,0.00,0.00,0.00,0,0,0.00,0.00,0,0
1508084622,total,127891.00,145556.00,273447.00,145556,127891,95.00,100.00,195.00,100,95,0.00,0.00,0,0
1508084623,s5,0.00,0.00,0.00,0,0,0.00,0.00,0.00,0,0,0.00,0.00,0,0
1508084623,eth0,0.00,0.00,0.00,0,0,0.00,0.00,0.00,0,0,0.00,0.00,0,0
1508084623,eth1,0.00,0.00,0.00,0,0,0.00,0.00,0.00,0,0,0.00,0.00,0,0
1508084623,s2,0.00,0.00,0.00,0,0,0.00,0.00,0.00,0,0,0.00,0.00,0,0
1508084623,s2-eth2,2879.00,127366.00,130245.00,127366,2879,43.00,43.00,86.00,43,43,0.00,0.00,0,0
1508084623,s2-eth1,142176.00,2772.00,144948.00,2772,142176,48.00,42.00,90.00,42,48,0.00,0.00,0,0
1508084623,lo,0.00,0.00,0.00,0,0,0.00,0.00,0.00,0,0,0.00,0.00,0,0
1508084623,s4,0.00,0.00,0.00,0,0,0.00,0.00,0.00,0,0,0.00,0.00,0,0
1508084623,total,145055.00,130138.00,275193.00,130138,145055,91.00,85.00,176.00,85,91,0.00,0.00,0,0
1508084624,s5,0.00,0.00,0.00,0,0,0.00,0.00,0.00,0,0,0.00,0.00,0,0
1508084624,eth0,0.00,0.00,0.00,0,0,0.00,0.00,0.00,0,0,0.00,0.00,0,0
1508084624,eth1,0.00,0.00,0.00,0,0,0.00,0.00,0.00,0,0,0.00,0.00,0,0
1508084624,s2,0.00,0.00,0.00,0,0,0.00,0.00,0.00,0,0,0.00,0.00,0,0
1508084624,s2-eth2,3036.00,145138.00,148174.00,145138,3036,46.00,49.00,95.00,49,46,0.00,0.00,0,0
1508084624,s2-eth1,133290.00,3036.00,136326.00,3036,133290,45.00,46.00,91.00,46,45,0.00,0.00,0,0
1508084624,lo,0.00,0.00,0.00,0,0,0.00,0.00,0.00,0,0,0.00,0.00,0,0
1508084624,s4,0.00,0.00,0.00,0,0,0.00,0.00,0.00,0,0,0.00,0.00,0,0
1508084624,total,136326.00,148174.00,284500.00,148174,136326,91.00,95.00,186.00,95,91,0.00,0.00,0,0
1508084625,s5,0.00,0.00,0.00,0,0,0.00,0.00,0.00,0,0,0.00,0.00,0,0
1508084625,eth0,0.00,0.00,0.00,0,0,0.00,0.00,0.00,0,0,0.00,0.00,0,0
1508084625,eth1,0.00,0.00,0.00,0,0,0.00,0.00,0.00,0,0,0.00,0.00,0,0
1508084625,s2,0.00,0.00,0.00,0,0,0.00,0.00,0.00,0,0,0.00,0.00,0,0
1508084625,s2-eth2,3630.00,177720.00,181350.00,177720,3630,55.00,60.00,115.00,60,55,0.00,0.00,0,0
1508084625,s2-eth1,175100.00,3630.00,178730.00,3630,175100,60.00,55.00,115.00,55,60,0.00,0.00,0,0
1508084625,lo,172.00,172.00,344.00,172,172,3.00,3.00,6.00,3,3,0.00,0.00,0,0
1508084625,s4,0.00,0.00,0.00,0,0,0.00,0.00,0.00,0,0,0.00,0.00,0,0
1508084625,total,178902.00,181522.00,360424.00,181522,178902,118.00,118.00,236.00,118,118,0.00,0.00,0,0
1508084626,s5,0.00,0.00,0.00,0,0,0.00,0.00,0.00,0,0,0.00,0.00,0,0
1508084626,eth0,0.00,0.00,0.00,0,0,0.00,0.00,0.00,0,0,0.00,0.00,0,0
1508084626,eth1,0.00,0.00,0.00,0,0,0.00,0.00,0.00,0,0,0.00,0.00,0,0
1508084626,s2,0.00,0.00,0.00,0,0,0.00,0.00,0.00,0,0,0.00,0.00,0,0
1508084626,s2-eth2,4884.00,245846.00,250730.00,245846,4884,74.00,83.00,157.00,83,74,0.00,0.00,0,0
1508084626,s2-eth1,233998.00,4884.00,238882.00,4884,233998,79.00,74.00,153.00,74,79,0.00,0.00,0,0
1508084626,lo,0.00,0.00,0.00,0,0,0.00,0.00,0.00,0,0,0.00,0.00,0,0
1508084626,s4,0.00,0.00,0.00,0,0,0.00,0.00,0.00,0,0,0.00,0.00,0,0
1508084626,total,238882.00,250730.00,489612.00,250730,238882,153.00,157.00,310.00,157,153,0.00,0.00,0,0
1508084627,s5,0.00,0.00,0.00,0,0,0.00,0.00,0.00,0,0,0.00,0.00,0,0
1508084627,eth0,0.00,0.00,0.00,0,0,0.00,0.00,0.00,0,0,0.00,0.00,0,0
1508084627,eth1,0.00,0.00,0.00,0,0,0.00,0.00,0.00,0,0,0.00,0.00,0,0
1508084627,s2,0.00,0.00,0.00,0,0,0.00,0.00,0.00,0,0,0.00,0.00,0,0
1508084627,s2-eth2,6614.00,252562.00,259176.00,252562,6614,93.00,97.00,190.00,97,93,0.00,0.00,0,0
1508084627,s2-eth1,243676.00,6614.00,250290.00,6614,243676,94.00,93.00,187.00,93,94,0.00,0.00,0,0
1508084627,lo,344.00,344.00,688.00,344,344,6.00,6.00,12.00,6,6,0.00,0.00,0,0
1508084627,s4,0.00,0.00,0.00,0,0,0.00,0.00,0.00,0,0,0.00,0.00,0,0
1508084627,total,250634.00,259520.00,510154.00,259520,250634,193.00,196.00,389.00,196,193,0.00,0.00,0,0
1508084628,s5,0.00,0.00,0.00,0,0,0.00,0.00,0.00,0,0,0.00,0.00,0,0
1508084628,eth0,0.00,0.00,0.00,0,0,0.00,0.00,0.00,0,0,0.00,0.00,0,0
1508084628,eth1,0.00,0.00,0.00,0,0,0.00,0.00,0.00,0,0,0.00,0.00,0,0
1508084628,s2,0.00,0.00,0.00,0,0,0.00,0.00,0.00,0,0,0.00,0.00,0,0
1508084628,s2-eth2,5346.00,251770.00,257116.00,251770,5346,81.00,85.00,166.00,85,81,0.00,0.00,0,0
1508084628,s2-eth1,245846.00,5346.00,251192.00,5346,245846,83.00,81.00,164.00,81,83,0.00,0.00,0,0
1508084628,lo,0.00,0.00,0.00,0,0,0.00,0.00,0.00,0,0,0.00,0.00,0,0
1508084628,s4,0.00,0.00,0.00,0,0,0.00,0.00,0.00,0,0,0.00,0.00,0,0
1508084628,total,251192.00,257116.00,508308.00,257116,251192,164.00,166.00,330.00,166,164,0.00,0.00,0,0
1508084629,s5,0.00,0.00,0.00,0,0,0.00,0.00,0.00,0,0,0.00,0.00,0,0
1508084629,eth0,0.00,0.00,0.00,0,0,0.00,0.00,0.00,0,0,0.00,0.00,0,0
1508084629,eth1,0.00,0.00,0.00,0,0,0.00,0.00,0.00,0,0,0.00,0.00,0,0
1508084629,s2,0.00,0.00,0.00,0,0,0.00,0.00,0.00,0,0,0.00,0.00,0,0
1508084629,s2-eth2,6516.00,226168.00,232684.00,226168,6516,92.00,92.00,184.00,92,92,0.00,0.00,0,0
1508084629,s2-eth1,238016.00,6516.00,244532.00,6516,238016,96.00,92.00,188.00,92,96,0.00,0.00,0,0
1508084629,lo,0.00,0.00,0.00,0,0,0.00,0.00,0.00,0,0,0.00,0.00,0,0
1508084629,s4,0.00,0.00,0.00,0,0,0.00,0.00,0.00,0,0,0.00,0.00,0,0
1508084629,total,244532.00,232684.00,477216.00,232684,244532,188.00,184.00,372.00,184,188,0.00,0.00,0,0
1508084630,s5,0.00,0.00,0.00,0,0,0.00,0.00,0.00,0,0,0.00,0.00,0,0
1508084630,eth0,0.00,0.00,0.00,0,0,0.00,0.00,0.00,0,0,0.00,0.00,0,0
1508084630,eth1,0.00,0.00,0.00,0,0,0.00,0.00,0.00,0,0,0.00,0.00,0,0
1508084630,s2,0.00,0.00,0.00,0,0,0.00,0.00,0.00,0,0,0.00,0.00,0,0
1508084630,s2-eth2,5028.97,156437.56,161466.53,156594,5034,70.93,68.93,139.86,69,71,0.00,0.00,0,0
1508084630,s2-eth1,157884.12,5028.97,162913.09,5034,158042,68.93,70.93,139.86,71,69,0.00,0.00,0,0
1508084630,lo,171.83,171.83,343.66,172,172,3.00,3.00,5.99,3,3,0.00,0.00,0,0
1508084630,s4,0.00,0.00,0.00,0,0,0.00,0.00,0.00,0,0,0.00,0.00,0,0
1508084630,total,163084.92,161638.36,324723.28,161800,163248,142.86,142.86,285.71,143,143,0.00,0.00,0,0
1508084631,s5,0.00,0.00,0.00,0,0,0.00,0.00,0.00,0,0,0.00,0.00,0,0
1508084631,eth0,0.00,0.00,0.00,0,0,0.00,0.00,0.00,0,0,0.00,0.00,0,0
1508084631,eth1,0.00,0.00,0.00,0,0,0.00,0.00,0.00,0,0,0.00,0.00,0,0
1508084631,s2,0.00,0.00,0.00,0,0,0.00,0.00,0.00,0,0,0.00,0.00,0,0
1508084631,s2-eth2,2868.00,118678.00,121546.00,118678,2868,42.00,43.00,85.00,43,42,0.00,0.00,0,0
1508084631,s2-eth1,118678.00,2868.00,121546.00,2868,118678,43.00,42.00,85.00,42,43,0.00,0.00,0,0
1508084631,lo,0.00,0.00,0.00,0,0,0.00,0.00,0.00,0,0,0.00,0.00,0,0
1508084631,s4,0.00,0.00,0.00,0,0,0.00,0.00,0.00,0,0,0.00,0.00,0,0
1508084631,total,121546.00,121546.00,243092.00,121546,121546,85.00,85.00,170.00,85,85,0.00,0.00,0,0
1508084632,s5,0.00,0.00,0.00,0,0,0.00,0.00,0.00,0,0,0.00,0.00,0,0
1508084632,eth0,0.00,0.00,0.00,0,0,0.00,0.00,0.00,0,0,0.00,0.00,0,0
1508084632,eth1,0.00,0.00,0.00,0,0,0.00,0.00,0.00,0,0,0.00,0.00,0,0
1508084632,s2,0.00,0.00,0.00,0,0,0.00,0.00,0.00,0,0,0.00,0.00,0,0
1508084632,s2-eth2,2772.00,111438.00,114210.00,111438,2772,40.00,43.00,83.00,43,40,0.00,0.00,0,0
1508084632,s2-eth1,106830.00,2772.00,109602.00,2772,106830,39.00,40.00,79.00,40,39,0.00,0.00,0,0
1508084632,lo,344.00,344.00,688.00,344,344,6.00,6.00,12.00,6,6,0.00,0.00,0,0
1508084632,s4,0.00,0.00,0.00,0,0,0.00,0.00,0.00,0,0,0.00,0.00,0,0
1508084632,total,109946.00,114554.00,224500.00,114554,109946,85.00,89.00,174.00,89,85,0.00,0.00,0,0
1508084633,s5,0.00,0.00,0.00,0,0,0.00,0.00,0.00,0,0,0.00,0.00,0,0
1508084633,eth0,0.00,0.00,0.00,0,0,0.00,0.00,0.00,0,0,0.00,0.00,0,0
1508084633,eth1,0.00,0.00,0.00,0,0,0.00,0.00,0.00,0,0,0.00,0.00,0,0
1508084633,s2,0.00,0.00,0.00,0,0,0.00,0.00,0.00,0,0,0.00,0.00,0,0
1508084633,s2-eth2,2772.00,95246.00,98018.00,95246,2772,40.00,39.00,79.00,39,40,0.00,0.00,0,0
1508084633,s2-eth1,92416.00,2772.00,95188.00,2772,92416,40.00,40.00,80.00,40,40,0.00,0.00,0,0
1508084633,lo,0.00,0.00,0.00,0,0,0.00,0.00,0.00,0,0,0.00,0.00,0,0
1508084633,s4,0.00,0.00,0.00,0,0,0.00,0.00,0.00,0,0,0.00,0.00,0,0
1508084633,total,95188.00,98018.00,193206.00,98018,95188,80.00,79.00,159.00,79,80,0.00,0.00,0,0
1508084634,s5,0.00,0.00,0.00,0,0,0.00,0.00,0.00,0,0,0.00,0.00,0,0
1508084634,eth0,0.00,0.00,0.00,0,0,0.00,0.00,0.00,0,0,0.00,0.00,0,0
1508084634,eth1,0.00,0.00,0.00,0,0,0.00,0.00,0.00,0,0,0.00,0.00,0,0
1508084634,s2,0.00,0.00,0.00,0,0,0.00,0.00,0.00,0,0,0.00,0.00,0,0
1508084634,s2-eth2,2109.89,103566.44,105676.33,103670,2112,31.97,34.97,66.93,35,32,0.00,0.00,0,0
1508084634,s2-eth1,103566.44,2109.89,105676.33,2112,103670,34.97,31.97,66.93,32,35,0.00,0.00,0,0
1508084634,lo,0.00,0.00,0.00,0,0,0.00,0.00,0.00,0,0,0.00,0.00,0,0
1508084634,s4,0.00,0.00,0.00,0,0,0.00,0.00,0.00,0,0,0.00,0.00,0,0
1508084634,total,105676.33,105676.33,211352.66,105782,105782,66.93,66.93,133.87,67,67,0.00,0.00,0,0
1508084635,s5,0.00,0.00,0.00,0,0,0.00,0.00,0.00,0,0,0.00,0.00,0,0
1508084635,eth0,0.00,0.00,0.00,0,0,0.00,0.00,0.00,0,0,0.00,0.00,0,0
1508084635,eth1,0.00,0.00,0.00,0,0,0.00,0.00,0.00,0,0,0.00,0.00,0,0
1508084635,s2,0.00,0.00,0.00,0,0,0.00,0.00,0.00,0,0,0.00,0.00,0,0
1508084635,s2-eth2,2712.00,104000.00,106712.00,104000,2712,40.00,40.00,80.00,40,40,0.00,0.00,0,0
1508084635,s2-eth1,104000.00,2712.00,106712.00,2712,104000,40.00,40.00,80.00,40,40,0.00,0.00,0,0
1508084635,lo,172.00,172.00,344.00,172,172,3.00,3.00,6.00,3,3,0.00,0.00,0,0
1508084635,s4,0.00,0.00,0.00,0,0,0.00,0.00,0.00,0,0,0.00,0.00,0,0
1508084635,total,106884.00,106884.00,213768.00,106884,106884,83.00,83.00,166.00,83,83,0.00,0.00,0,0
1508084636,s5,0.00,0.00,0.00,0,0,0.00,0.00,0.00,0,0,0.00,0.00,0,0
1508084636,eth0,0.00,0.00,0.00,0,0,0.00,0.00,0.00,0,0,0.00,0.00,0,0
1508084636,eth1,0.00,0.00,0.00,0,0,0.00,0.00,0.00,0,0,0.00,0.00,0,0
1508084636,s2,0.00,0.00,0.00,0,0,0.00,0.00,0.00,0,0,0.00,0.00,0,0
1508084636,s2-eth2,3054.00,109924.00,112978.00,109924,3054,41.00,42.00,83.00,42,41,0.00,0.00,0,0
1508084636,s2-eth1,101038.00,2712.00,103750.00,2712,101038,39.00,40.00,79.00,40,39,0.00,0.00,0,0
1508084636,lo,0.00,0.00,0.00,0,0,0.00,0.00,0.00,0,0,0.00,0.00,0,0
1508084636,s4,0.00,0.00,0.00,0,0,0.00,0.00,0.00,0,0,0.00,0.00,0,0
1508084636,total,104092.00,112636.00,216728.00,112636,104092,80.00,82.00,162.00,82,80,0.00,0.00,0,0
1508084637,s5,0.00,0.00,0.00,0,0,0.00,0.00,0.00,0,0,0.00,0.00,0,0
1508084637,eth0,0.00,0.00,0.00,0,0,0.00,0.00,0.00,0,0,0.00,0.00,0,0
1508084637,eth1,0.00,0.00,0.00,0,0,0.00,0.00,0.00,0,0,0.00,0.00,0,0
1508084637,s2,0.00,0.00,0.00,0,0,0.00,0.00,0.00,0,0,0.00,0.00,0,0
1508084637,s2-eth2,2642.00,92482.00,95124.00,92482,2642,37.00,41.00,78.00,41,37,0.00,0.00,0,0
1508084637,s2-eth1,89520.00,2642.00,92162.00,2642,89520,40.00,37.00,77.00,37,40,0.00,0.00,0,0
1508084637,lo,344.00,344.00,688.00,344,344,6.00,6.00,12.00,6,6,0.00,0.00,0,0
1508084637,s4,0.00,0.00,0.00,0,0,0.00,0.00,0.00,0,0,0.00,0.00,0,0
1508084637,total,92506.00,95468.00,187974.00,95468,92506,83.00,84.00,167.00,84,83,0.00,0.00,0,0
1508084638,s5,0.00,0.00,0.00,0,0,0.00,0.00,0.00,0,0,0.00,0.00,0,0
1508084638,eth0,0.00,0.00,0.00,0,0,0.00,0.00,0.00,0,0,0.00,0.00,0,0
1508084638,eth1,0.00,0.00,0.00,0,0,0.00,0.00,0.00,0,0,0.00,0.00,0,0
1508084638,s2,0.00,0.00,0.00,0,0,0.00,0.00,0.00,0,0,0.00,0.00,0,0
1508084638,s2-eth2,2514.00,86624.00,89138.00,86624,2514,35.00,40.00,75.00,40,35,0.00,0.00,0,0
1508084638,s2-eth1,71657.00,2514.00,74171.00,2514,71657,32.00,35.00,67.00,35,32,0.00,0.00,0,0
1508084638,lo,0.00,0.00,0.00,0,0,0.00,0.00,0.00,0,0,0.00,0.00,0,0
1508084638,s4,0.00,0.00,0.00,0,0,0.00,0.00,0.00,0,0,0.00,0.00,0,0
1508084638,total,74171.00,89138.00,163309.00,89138,74171,67.00,75.00,142.00,75,67,0.00,0.00,0,0
1508084639,s5,0.00,0.00,0.00,0,0,0.00,0.00,0.00,0,0,0.00,0.00,0,0
1508084639,eth0,0.00,0.00,0.00,0,0,0.00,0.00,0.00,0,0,0.00,0.00,0,0
1508084639,eth1,0.00,0.00,0.00,0,0,0.00,0.00,0.00,0,0,0.00,0.00,0,0
1508084639,s2,0.00,0.00,0.00,0,0,0.00,0.00,0.00,0,0,0.00,0.00,0,0
1508084639,s2-eth2,1835.00,72602.00,74437.00,72602,1835,27.00,25.00,52.00,25,27,0.00,0.00,0,0
1508084639,s2-eth1,77276.00,1728.00,79004.00,1728,77276,30.00,26.00,56.00,26,30,0.00,0.00,0,0
1508084639,lo,0.00,0.00,0.00,0,0,0.00,0.00,0.00,0,0,0.00,0.00,0,0
1508084639,s4,0.00,0.00,0.00,0,0,0.00,0.00,0.00,0,0,0.00,0.00,0,0
1508084639,total,79111.00,74330.00,153441.00,74330,79111,57.00,51.00,108.00,51,57,0.00,0.00,0,0
1508084640,s5,0.00,0.00,0.00,0,0,0.00,0.00,0.00,0,0,0.00,0.00,0,0
1508084640,eth0,0.00,0.00,0.00,0,0,0.00,0.00,0.00,0,0,0.00,0.00,0,0
1508084640,eth1,0.00,0.00,0.00,0,0,0.00,0.00,0.00,0,0,0.00,0.00,0,0
1508084640,s2,0.00,0.00,0.00,0,0,0.00,0.00,0.00,0,0,0.00,0.00,0,0
1508084640,s2-eth2,2181.82,89100.90,91282.72,89190,2184,31.97,34.97,66.93,35,32,0.00,0.00,0,0
1508084640,s2-eth1,74305.70,2181.82,76487.52,2184,74380,29.97,31.97,61.94,32,30,0.00,0.00,0,0
1508084640,lo,171.83,171.83,343.66,172,172,3.00,3.00,5.99,3,3,0.00,0.00,0,0
1508084640,s4,0.00,0.00,0.00,0,0,0.00,0.00,0.00,0,0,0.00,0.00,0,0
1508084640,total,76659.34,91454.55,168113.89,91546,76736,64.94,69.93,134.87,70,65,0.00,0.00,0,0
1508084641,s5,0.00,0.00,0.00,0,0,0.00,0.00,0.00,0,0,0.00,0.00,0,0
1508084641,eth0,0.00,0.00,0.00,0,0,0.00,0.00,0.00,0,0,0.00,0.00,0,0
1508084641,eth1,0.00,0.00,0.00,0,0,0.00,0.00,0.00,0,0,0.00,0.00,0,0
1508084641,s2,0.00,0.00,0.00,0,0,0.00,0.00,0.00,0,0,0.00,0.00,0,0
1508084641,s2-eth2,2037.96,83116.88,85154.84,83200,2040,29.97,31.97,61.94,32,30,0.00,0.00,0,0
1508084641,s2-eth1,89034.97,2037.96,91072.93,2040,89124,33.97,29.97,63.94,30,34,0.00,0.00,0,0
1508084641,lo,0.00,0.00,0.00,0,0,0.00,0.00,0.00,0,0,0.00,0.00,0,0
1508084641,s4,0.00,0.00,0.00,0,0,0.00,0.00,0.00,0,0,0.00,0.00,0,0
1508084641,total,91072.93,85154.84,176227.78,85240,91164,63.94,61.94,125.87,62,64,0.00,0.00,0,0
1508084642,s5,0.00,0.00,0.00,0,0,0.00,0.00,0.00,0,0,0.00,0.00,0,0
1508084642,eth0,0.00,0.00,0.00,0,0,0.00,0.00,0.00,0,0,0.00,0.00,0,0
1508084642,eth1,0.00,0.00,0.00,0,0,0.00,0.00,0.00,0,0,0.00,0.00,0,0
1508084642,s2,0.00,0.00,0.00,0,0,0.00,0.00,0.00,0,0,0.00,0.00,0,0
1508084642,s2-eth2,1980.00,91822.00,93802.00,91822,1980,30.00,31.00,61.00,31,30,0.00,0.00,0,0
1508084642,s2-eth1,91822.00,1980.00,93802.00,1980,91822,31.00,30.00,61.00,30,31,0.00,0.00,0,0
1508084642,lo,344.00,344.00,688.00,344,344,6.00,6.00,12.00,6,6,0.00,0.00,0,0
1508084642,s4,0.00,0.00,0.00,0,0,0.00,0.00,0.00,0,0,0.00,0.00,0,0
1508084642,total,94146.00,94146.00,188292.00,94146,94146,67.00,67.00,134.00,67,67,0.00,0.00,0,0
1508084643,s5,0.00,0.00,0.00,0,0,0.00,0.00,0.00,0,0,0.00,0.00,0,0
1508084643,eth0,0.00,0.00,0.00,0,0,0.00,0.00,0.00,0,0,0.00,0.00,0,0
1508084643,eth1,0.00,0.00,0.00,0,0,0.00,0.00,0.00,0,0,0.00,0.00,0,0
1508084643,s2,0.00,0.00,0.00,0,0,0.00,0.00,0.00,0,0,0.00,0.00,0,0
1508084643,s2-eth2,2175.82,97648.35,99824.18,97746,2178,32.97,32.97,65.93,33,33,0.00,0.00,0,0
1508084643,s2-eth1,97648.35,2175.82,99824.18,2178,97746,32.97,32.97,65.93,33,33,0.00,0.00,0,0
1508084643,lo,0.00,0.00,0.00,0,0,0.00,0.00,0.00,0,0,0.00,0.00,0,0
1508084643,s4,0.00,0.00,0.00,0,0,0.00,0.00,0.00,0,0,0.00,0.00,0,0
1508084643,total,99824.18,99824.18,199648.36,99924,99924,65.93,65.93,131.87,66,66,0.00,0.00,0,0
1508084644,s5,0.00,0.00,0.00,0,0,0.00,0.00,0.00,0,0,0.00,0.00,0,0
1508084644,eth0,0.00,0.00,0.00,0,0,0.00,0.00,0.00,0,0,0.00,0.00,0,0
1508084644,eth1,0.00,0.00,0.00,0,0,0.00,0.00,0.00,0,0,0.00,0.00,0,0
1508084644,s2,0.00,0.00,0.00,0,0,0.00,0.00,0.00,0,0,0.00,0.00,0,0
1508084644,s2-eth2,2442.00,112556.00,114998.00,112556,2442,37.00,38.00,75.00,38,37,0.00,0.00,0,0
1508084644,s2-eth1,109594.00,2442.00,112036.00,2442,109594,37.00,37.00,74.00,37,37,0.00,0.00,0,0
1508084644,lo,0.00,0.00,0.00,0,0,0.00,0.00,0.00,0,0,0.00,0.00,0,0
1508084644,s4,0.00,0.00,0.00,0,0,0.00,0.00,0.00,0,0,0.00,0.00,0,0
1508084644,total,112036.00,114998.00,227034.00,114998,112036,74.00,75.00,149.00,75,74,0.00,0.00,0,0
1508084645,s5,0.00,0.00,0.00,0,0,0.00,0.00,0.00,0,0,0.00,0.00,0,0
1508084645,eth0,0.00,0.00,0.00,0,0,0.00,0.00,0.00,0,0,0.00,0.00,0,0
1508084645,eth1,0.00,0.00,0.00,0,0,0.00,0.00,0.00,0,0,0.00,0.00,0,0
1508084645,s2,0.00,0.00,0.00,0,0,0.00,0.00,0.00,0,0,0.00,0.00,0,0
1508084645,s2-eth2,2706.00,130328.00,133034.00,130328,2706,41.00,44.00,85.00,44,41,0.00,0.00,0,0
1508084645,s2-eth1,124746.00,2706.00,127452.00,2706,124746,43.00,41.00,84.00,41,43,0.00,0.00,0,0
1508084645,lo,172.00,172.00,344.00,172,172,3.00,3.00,6.00,3,3,0.00,0.00,0,0
1508084645,s4,0.00,0.00,0.00,0,0,0.00,0.00,0.00,0,0,0.00,0.00,0,0
1508084645,total,127624.00,133206.00,260830.00,133206,127624,87.00,88.00,175.00,88,87,0.00,0.00,0,0
1508084646,s5,0.00,0.00,0.00,0,0,0.00,0.00,0.00,0,0,0.00,0.00,0,0
1508084646,eth0,0.00,0.00,0.00,0,0,0.00,0.00,0.00,0,0,0.00,0.00,0,0
1508084646,eth1,0.00,0.00,0.00,0,0,0.00,0.00,0.00,0,0,0.00,0.00,0,0
1508084646,s2,0.00,0.00,0.00,0,0,0.00,0.00,0.00,0,0,0.00,0.00,0,0
1508084646,s2-eth2,3618.00,151326.00,154944.00,151326,3618,53.00,55.00,108.00,55,53,0.00,0.00,0,0
1508084646,s2-eth1,154288.00,3618.00,157906.00,3618,154288,56.00,53.00,109.00,53,56,0.00,0.00,0,0
1508084646,lo,0.00,0.00,0.00,0,0,0.00,0.00,0.00,0,0,0.00,0.00,0,0
1508084646,s4,0.00,0.00,0.00,0,0,0.00,0.00,0.00,0,0,0.00,0.00,0,0
1508084646,total,157906.00,154944.00,312850.00,154944,157906,109.00,108.00,217.00,108,109,0.00,0.00,0,0
1508084647,s5,0.00,0.00,0.00,0,0,0.00,0.00,0.00,0,0,0.00,0.00,0,0
1508084647,eth0,0.00,0.00,0.00,0,0,0.00,0.00,0.00,0,0,0.00,0.00,0,0
1508084647,eth1,0.00,0.00,0.00,0,0,0.00,0.00,0.00,0,0,0.00,0.00,0,0
1508084647,s2,0.00,0.00,0.00,0,0,0.00,0.00,0.00,0,0,0.00,0.00,0,0
1508084647,s2-eth2,3828.00,180682.00,184510.00,180682,3828,58.00,61.00,119.00,61,58,0.00,0.00,0,0
1508084647,s2-eth1,171796.00,3828.00,175624.00,3828,171796,58.00,58.00,116.00,58,58,0.00,0.00,0,0
1508084647,lo,344.00,344.00,688.00,344,344,6.00,6.00,12.00,6,6,0.00,0.00,0,0
1508084647,s4,0.00,0.00,0.00,0,0,0.00,0.00,0.00,0,0,0.00,0.00,0,0
1508084647,total,175968.00,184854.00,360822.00,184854,175968,122.00,125.00,247.00,125,122,0.00,0.00,0,0
1508084648,s5,0.00,0.00,0.00,0,0,0.00,0.00,0.00,0,0,0.00,0.00,0,0
1508084648,eth0,0.00,0.00,0.00,0,0,0.00,0.00,0.00,0,0,0.00,0.00,0,0
1508084648,eth1,0.00,0.00,0.00,0,0,0.00,0.00,0.00,0,0,0.00,0.00,0,0
1508084648,s2,0.00,0.00,0.00,0,0,0.00,0.00,0.00,0,0,0.00,0.00,0,0
1508084648,s2-eth2,4412.00,165150.00,169562.00,165150,4412,62.00,67.00,129.00,67,62,0.00,0.00,0,0
1508084648,s2-eth1,166598.00,4412.00,171010.00,4412,166598,67.00,62.00,129.00,62,67,0.00,0.00,0,0
1508084648,lo,0.00,0.00,0.00,0,0,0.00,0.00,0.00,0,0,0.00,0.00,0,0
1508084648,s4,0.00,0.00,0.00,0,0,0.00,0.00,0.00,0,0,0.00,0.00,0,0
1508084648,total,171010.00,169562.00,340572.00,169562,171010,129.00,129.00,258.00,129,129,0.00,0.00,0,0
1508084649,s5,0.00,0.00,0.00,0,0,0.00,0.00,0.00,0,0,0.00,0.00,0,0
1508084649,eth0,0.00,0.00,0.00,0,0,0.00,0.00,0.00,0,0,0.00,0.00,0,0
1508084649,eth1,0.00,0.00,0.00,0,0,0.00,0.00,0.00,0,0,0.00,0.00,0,0
1508084649,s2,0.00,0.00,0.00,0,0,0.00,0.00,0.00,0,0,0.00,0.00,0,0
1508084649,s2-eth2,3614.39,136313.69,139928.08,136450,3618,52.95,48.95,101.90,49,53,0.00,0.00,0,0
1508084649,s2-eth1,130395.61,3614.39,134010.00,3618,130526,46.95,52.95,99.90,53,47,0.00,0.00,0,0
1508084649,lo,0.00,0.00,0.00,0,0,0.00,0.00,0.00,0,0,0.00,0.00,0,0
1508084649,s4,0.00,0.00,0.00,0,0,0.00,0.00,0.00,0,0,0.00,0.00,0,0
1508084649,total,134010.00,139928.08,273938.06,140068,134144,99.90,101.90,201.80,102,100,0.00,0.00,0,0
1508084650,s5,0.00,0.00,0.00,0,0,0.00,0.00,0.00,0,0,0.00,0.00,0,0
1508084650,eth0,0.00,0.00,0.00,0,0,0.00,0.00,0.00,0,0,0.00,0.00,0,0
1508084650,eth1,0.00,0.00,0.00,0,0,0.00,0.00,0.00,0,0,0.00,0.00,0,0
1508084650,s2,0.00,0.00,0.00,0,0,0.00,0.00,0.00,0,0,0.00,0.00,0,0
1508084650,s2-eth2,2934.00,118678.00,121612.00,118678,2934,43.00,43.00,86.00,43,43,0.00,0.00,0,0
1508084650,s2-eth1,115716.00,2934.00,118650.00,2934,115716,42.00,43.00,85.00,43,42,0.00,0.00,0,0
1508084650,lo,172.00,172.00,344.00,172,172,3.00,3.00,6.00,3,3,0.00,0.00,0,0
1508084650,s4,0.00,0.00,0.00,0,0,0.00,0.00,0.00,0,0,0.00,0.00,0,0
1508084650,total,118822.00,121784.00,240606.00,121784,118822,88.00,89.00,177.00,89,88,0.00,0.00,0,0
1508084651,s5,0.00,0.00,0.00,0,0,0.00,0.00,0.00,0,0,0.00,0.00,0,0
1508084651,eth0,0.00,0.00,0.00,0,0,0.00,0.00,0.00,0,0,0.00,0.00,0,0
1508084651,eth1,0.00,0.00,0.00,0,0,0.00,0.00,0.00,0,0,0.00,0.00,0,0
1508084651,s2,0.00,0.00,0.00,0,0,0.00,0.00,0.00,0,0,0.00,0.00,0,0
1508084651,s2-eth2,2830.00,127630.00,130460.00,127630,2830,41.00,47.00,88.00,47,41,0.00,0.00,0,0
1508084651,s2-eth1,123088.00,2830.00,125918.00,2830,123088,44.00,41.00,85.00,41,44,0.00,0.00,0,0
1508084651,lo,0.00,0.00,0.00,0,0,0.00,0.00,0.00,0,0,0.00,0.00,0,0
1508084651,s4,0.00,0.00,0.00,0,0,0.00,0.00,0.00,0,0,0.00,0.00,0,0
1508084651,total,125918.00,130460.00,256378.00,130460,125918,85.00,88.00,173.00,88,85,0.00,0.00,0,0
1508084652,s5,0.00,0.00,0.00,0,0,0.00,0.00,0.00,0,0,0.00,0.00,0,0
1508084652,eth0,0.00,0.00,0.00,0,0,0.00,0.00,0.00,0,0,0.00,0.00,0,0
1508084652,eth1,0.00,0.00,0.00,0,0,0.00,0.00,0.00,0,0,0.00,0.00,0,0
1508084652,s2,0.00,0.00,0.00,0,0,0.00,0.00,0.00,0,0,0.00,0.00,0,0
1508084652,s2-eth2,2850.00,118654.00,121504.00,118654,2850,43.00,43.00,86.00,43,43,0.00,0.00,0,0
1508084652,s2-eth1,120234.00,2850.00,123084.00,2850,120234,45.00,43.00,88.00,43,45,0.00,0.00,0,0
1508084652,lo,640.00,640.00,1280.00,640,640,9.00,9.00,18.00,9,9,0.00,0.00,0,0
1508084652,s4,0.00,0.00,0.00,0,0,0.00,0.00,0.00,0,0,0.00,0.00,0,0
1508084652,total,123724.00,122144.00,245868.00,122144,123724,97.00,95.00,192.00,95,97,0.00,0.00,0,0
1508084653,s5,0.00,0.00,0.00,0,0,0.00,0.00,0.00,0,0,0.00,0.00,0,0
1508084653,eth0,0.00,0.00,0.00,0,0,0.00,0.00,0.00,0,0,0.00,0.00,0,0
1508084653,eth1,0.00,0.00,0.00,0,0,0.00,0.00,0.00,0,0,0.00,0.00,0,0
1508084653,s2,0.00,0.00,0.00,0,0,0.00,0.00,0.00,0,0,0.00,0.00,0,0
1508084653,s2-eth2,3032.97,136115.89,139148.86,136252,3036,45.95,45.95,91.91,46,46,0.00,0.00,0,0
1508084653,s2-eth1,133156.84,3098.90,136255.75,3102,133290,44.96,46.95,91.91,47,45,0.00,0.00,0,0
1508084653,lo,0.00,0.00,0.00,0,0,0.00,0.00,0.00,0,0,0.00,0.00,0,0
1508084653,s4,0.00,0.00,0.00,0,0,0.00,0.00,0.00,0,0,0.00,0.00,0,0
1508084653,total,136189.81,139214.78,275404.59,139354,136326,90.91,92.91,183.82,93,91,0.00,0.00,0,0
1508084654,s5,0.00,0.00,0.00,0,0,0.00,0.00,0.00,0,0,0.00,0.00,0,0
1508084654,eth0,304.00,490.00,794.00,490,304,4.00,4.00,8.00,4,4,0.00,0.00,0,0
1508084654,eth1,0.00,0.00,0.00,0,0,0.00,0.00,0.00,0,0,0.00,0.00,0,0
1508084654,s2,0.00,0.00,0.00,0,0,0.00,0.00,0.00,0,0,0.00,0.00,0,0
1508084654,s2-eth2,3532.00,133290.00,136822.00,133290,3532,48.00,45.00,93.00,45,48,0.00,0.00,0,0
1508084654,s2-eth1,136782.00,2904.00,139686.00,2904,136782,49.00,44.00,93.00,44,49,0.00,0.00,0,0
1508084654,lo,682.00,682.00,1364.00,682,682,8.00,8.00,16.00,8,8,0.00,0.00,0,0
1508084654,s4,0.00,0.00,0.00,0,0,0.00,0.00,0.00,0,0,0.00,0.00,0,0
1508084654,total,141300.00,137366.00,278666.00,137366,141300,109.00,101.00,210.00,101,109,0.00,0.00,0,0
1508084655,s5,0.00,0.00,0.00,0,0,0.00,0.00,0.00,0,0,0.00,0.00,0,0
1508084655,eth0,304.00,490.00,794.00,490,304,4.00,4.00,8.00,4,4,0.00,0.00,0,0
1508084655,eth1,0.00,0.00,0.00,0,0,0.00,0.00,0.00,0,0,0.00,0.00,0,0
1508084655,s2,0.00,0.00,0.00,0,0,0.00,0.00,0.00,0,0,0.00,0.00,0,0
1508084655,s2-eth2,3444.00,154024.00,157468.00,154024,3444,52.00,52.00,104.00,52,52,0.00,0.00,0,0
1508084655,s2-eth1,149189.00,3366.00,152555.00,3366,149189,58.00,51.00,109.00,51,58,0.00,0.00,0,0
1508084655,lo,682.00,682.00,1364.00,682,682,8.00,8.00,16.00,8,8,0.00,0.00,0,0
1508084655,s4,0.00,0.00,0.00,0,0,0.00,0.00,0.00,0,0,0.00,0.00,0,0
1508084655,total,153619.00,158562.00,312181.00,158562,153619,122.00,115.00,237.00,115,122,0.00,0.00,0,0
1508084656,s5,0.00,0.00,0.00,0,0,0.00,0.00,0.00,0,0,0.00,0.00,0,0
1508084656,eth0,152.00,245.00,397.00,245,152,2.00,2.00,4.00,2,2,0.00,0.00,0,0
1508084656,eth1,0.00,0.00,0.00,0,0,0.00,0.00,0.00,0,0,0.00,0.00,0,0
1508084656,s2,0.00,0.00,0.00,0,0,0.00,0.00,0.00,0,0,0.00,0.00,0,0
1508084656,s2-eth2,5062.00,183644.00,188706.00,183644,5062,65.00,62.00,127.00,62,65,0.00,0.00,0,0
1508084656,s2-eth1,181916.00,3828.00,185744.00,3828,181916,66.00,58.00,124.00,58,66,0.00,0.00,0,0
1508084656,lo,513.00,513.00,1026.00,513,513,7.00,7.00,14.00,7,7,0.00,0.00,0,0
1508084656,s4,0.00,0.00,0.00,0,0,0.00,0.00,0.00,0,0,0.00,0.00,0,0
1508084656,total,187643.00,188230.00,375873.00,188230,187643,140.00,129.00,269.00,129,140,0.00,0.00,0,0
1508084657,s5,0.00,0.00,0.00,0,0,0.00,0.00,0.00,0,0,0.00,0.00,0,0
1508084657,eth0,152.00,245.00,397.00,245,152,2.00,2.00,4.00,2,2,0.00,0.00,0,0
1508084657,eth1,0.00,0.00,0.00,0,0,0.00,0.00,0.00,0,0,0.00,0.00,0,0
1508084657,s2,0.00,0.00,0.00,0,0,0.00,0.00,0.00,0,0,0.00,0.00,0,0
1508084657,s2-eth2,7144.00,226036.00,233180.00,226036,7144,91.00,90.00,181.00,90,91,0.00,0.00,0,0
1508084657,s2-eth1,224918.00,5976.00,230894.00,5976,224918,88.00,86.00,174.00,86,88,0.00,0.00,0,0
1508084657,lo,685.00,685.00,1370.00,685,685,10.00,10.00,20.00,10,10,0.00,0.00,0,0
1508084657,s4,0.00,0.00,0.00,0,0,0.00,0.00,0.00,0,0,0.00,0.00,0,0
1508084657,total,232899.00,232942.00,465841.00,232942,232899,191.00,188.00,379.00,188,191,0.00,0.00,0,0
1508084658,s5,0.00,0.00,0.00,0,0,0.00,0.00,0.00,0,0,0.00,0.00,0,0
1508084658,eth0,0.00,0.00,0.00,0,0,0.00,0.00,0.00,0,0,0.00,0.00,0,0
1508084658,eth1,0.00,0.00,0.00,0,0,0.00,0.00,0.00,0,0,0.00,0.00,0,0
1508084658,s2,0.00,0.00,0.00,0,0,0.00,0.00,0.00,0,0,0.00,0.00,0,0
1508084658,s2-eth2,4906.09,129542.46,134448.56,129672,4911,60.94,55.94,116.88,56,61,0.00,0.00,0,0
1508084658,s2-eth1,130188.81,4159.84,134348.66,4164,130319,60.94,57.94,118.88,58,61,0.00,0.00,0,0
1508084658,lo,0.00,0.00,0.00,0,0,0.00,0.00,0.00,0,0,0.00,0.00,0,0
1508084658,s4,0.00,0.00,0.00,0,0,0.00,0.00,0.00,0,0,0.00,0.00,0,0
1508084658,total,135094.91,133702.30,268797.22,133836,135230,121.88,113.89,235.76,114,122,0.00,0.00,0,0
1508084659,s5,0.00,0.00,0.00,0,0,0.00,0.00,0.00,0,0,0.00,0.00,0,0
1508084659,eth0,60.00,60.00,120.00,60,60,1.00,1.00,2.00,1,1,0.00,0.00,0,0
1508084659,eth1,0.00,0.00,0.00,0,0,0.00,0.00,0.00,0,0,0.00,0.00,0,0
1508084659,s2,0.00,0.00,0.00,0,0,0.00,0.00,0.00,0,0,0.00,0.00,0,0
1508084659,s2-eth2,3173.00,118876.00,122049.00,118876,3173,46.00,46.00,92.00,46,46,0.00,0.00,0,0
1508084659,s2-eth1,113289.00,3066.00,116355.00,3066,113289,46.00,45.00,91.00,45,46,0.00,0.00,0,0
1508084659,lo,0.00,0.00,0.00,0,0,0.00,0.00,0.00,0,0,0.00,0.00,0,0
1508084659,s4,0.00,0.00,0.00,0,0,0.00,0.00,0.00,0,0,0.00,0.00,0,0
1508084659,total,116522.00,122002.00,238524.00,122002,116522,93.00,92.00,185.00,92,93,0.00,0.00,0,0
1508084660,s5,0.00,0.00,0.00,0,0,0.00,0.00,0.00,0,0,0.00,0.00,0,0
1508084660,eth0,0.00,0.00,0.00,0,0,0.00,0.00,0.00,0,0,0.00,0.00,0,0
1508084660,eth1,0.00,0.00,0.00,0,0,0.00,0.00,0.00,0,0,0.00,0.00,0,0
1508084660,s2,0.00,0.00,0.00,0,0,0.00,0.00,0.00,0,0,0.00,0.00,0,0
1508084660,s2-eth2,3520.00,93930.00,97450.00,93930,3520,43.00,41.00,84.00,41,43,0.00,0.00,0,0
1508084660,s2-eth1,98667.00,2856.00,101523.00,2856,98667,43.00,40.00,83.00,40,43,0.00,0.00,0,0
1508084660,lo,0.00,0.00,0.00,0,0,0.00,0.00,0.00,0,0,0.00,0.00,0,0
1508084660,s4,0.00,0.00,0.00,0,0,0.00,0.00,0.00,0,0,0.00,0.00,0,0
1508084660,total,102187.00,96786.00,198973.00,96786,102187,86.00,81.00,167.00,81,86,0.00,0.00,0,0
1508084661,s5,0.00,0.00,0.00,0,0,0.00,0.00,0.00,0,0,0.00,0.00,0,0
1508084661,eth0,0.00,0.00,0.00,0,0,0.00,0.00,0.00,0,0,0.00,0.00,0,0
1508084661,eth1,0.00,0.00,0.00,0,0,0.00,0.00,0.00,0,0,0.00,0.00,0,0
1508084661,s2,0.00,0.00,0.00,0,0,0.00,0.00,0.00,0,0,0.00,0.00,0,0
1508084661,s2-eth2,1818.00,77078.00,78896.00,77078,1818,27.00,27.00,54.00,27,27,0.00,0.00,0,0
1508084661,s2-eth1,68468.00,1818.00,70286.00,1818,68468,24.00,27.00,51.00,27,24,0.00,0.00,0,0
1508084661,lo,172.00,172.00,344.00,172,172,3.00,3.00,6.00,3,3,0.00,0.00,0,0
1508084661,s4,0.00,0.00,0.00,0,0,0.00,0.00,0.00,0,0,0.00,0.00,0,0
1508084661,total,70458.00,79068.00,149526.00,79068,70458,54.00,57.00,111.00,57,54,0.00,0.00,0,0
1508084662,s5,0.00,0.00,0.00,0,0,0.00,0.00,0.00,0,0,0.00,0.00,0,0
1508084662,eth0,0.00,0.00,0.00,0,0,0.00,0.00,0.00,0,0,0.00,0.00,0,0
1508084662,eth1,0.00,0.00,0.00,0,0,0.00,0.00,0.00,0,0,0.00,0.00,0,0
1508084662,s2,0.00,0.00,0.00,0,0,0.00,0.00,0.00,0,0,0.00,0.00,0,0
1508084662,s2-eth2,1488.00,65296.00,66784.00,65296,1488,22.00,24.00,46.00,24,22,0.00,0.00,0,0
1508084662,s2-eth1,71393.00,1488.00,72881.00,1488,71393,28.00,22.00,50.00,22,28,0.00,0.00,0,0
1508084662,lo,344.00,344.00,688.00,344,344,6.00,6.00,12.00,6,6,0.00,0.00,0,0
1508084662,s4,0.00,0.00,0.00,0,0,0.00,0.00,0.00,0,0,0.00,0.00,0,0
1508084662,total,73225.00,67128.00,140353.00,67128,73225,56.00,52.00,108.00,52,56,0.00,0.00,0,0
1508084663,s5,0.00,0.00,0.00,0,0,0.00,0.00,0.00,0,0,0.00,0.00,0,0
1508084663,eth0,0.00,0.00,0.00,0,0,0.00,0.00,0.00,0,0,0.00,0.00,0,0
1508084663,eth1,0.00,0.00,0.00,0,0,0.00,0.00,0.00,0,0,0.00,0.00,0,0
1508084663,s2,0.00,0.00,0.00,0,0,0.00,0.00,0.00,0,0,0.00,0.00,0,0
1508084663,s2-eth2,1965.04,79960.04,81925.08,80040,1967,28.97,27.97,56.94,28,29,0.00,0.00,0,0
1508084663,s2-eth1,68193.80,1858.14,70051.95,1860,68262,24.98,27.97,52.95,28,25,0.00,0.00,0,0
1508084663,lo,0.00,0.00,0.00,0,0,0.00,0.00,0.00,0,0,0.00,0.00,0,0
1508084663,s4,0.00,0.00,0.00,0,0,0.00,0.00,0.00,0,0,0.00,0.00,0,0
1508084663,total,70158.84,81818.19,151977.03,81900,70229,53.95,55.94,109.89,56,54,0.00,0.00,0,0
1508084664,s5,0.00,0.00,0.00,0,0,0.00,0.00,0.00,0,0,0.00,0.00,0,0
1508084664,eth0,0.00,0.00,0.00,0,0,0.00,0.00,0.00,0,0,0.00,0.00,0,0
1508084664,eth1,0.00,0.00,0.00,0,0,0.00,0.00,0.00,0,0,0.00,0.00,0,0
1508084664,s2,0.00,0.00,0.00,0,0,0.00,0.00,0.00,0,0,0.00,0.00,0,0
1508084664,s2-eth2,1816.00,55094.00,56910.00,55094,1816,22.00,23.00,45.00,23,22,0.00,0.00,0,0
1508084664,s2-eth1,61018.00,1404.00,62422.00,1404,61018,25.00,20.00,45.00,20,25,0.00,0.00,0,0
1508084664,lo,0.00,0.00,0.00,0,0,0.00,0.00,0.00,0,0,0.00,0.00,0,0
1508084664,s4,0.00,0.00,0.00,0,0,0.00,0.00,0.00,0,0,0.00,0.00,0,0
1508084664,total,62834.00,56498.00,119332.00,56498,62834,47.00,43.00,90.00,43,47,0.00,0.00,0,0
1508084665,s5,0.00,0.00,0.00,0,0,0.00,0.00,0.00,0,0,0.00,0.00,0,0
1508084665,eth0,0.00,0.00,0.00,0,0,0.00,0.00,0.00,0,0,0.00,0.00,0,0
1508084665,eth1,0.00,0.00,0.00,0,0,0.00,0.00,0.00,0,0,0.00,0.00,0,0
1508084665,s2,0.00,0.00,0.00,0,0,0.00,0.00,0.00,0,0,0.00,0.00,0,0
1508084665,s2-eth2,1464.00,60754.00,62218.00,60754,1464,22.00,21.00,43.00,21,22,0.00,0.00,0,0
1508084665,s2-eth1,51868.00,1464.00,53332.00,1464,51868,18.00,22.00,40.00,22,18,0.00,0.00,0,0
1508084665,lo,0.00,0.00,0.00,0,0,0.00,0.00,0.00,0,0,0.00,0.00,0,0
1508084665,s4,0.00,0.00,0.00,0,0,0.00,0.00,0.00,0,0,0.00,0.00,0,0
1508084665,total,53332.00,62218.00,115550.00,62218,53332,40.00,43.00,83.00,43,40,0.00,0.00,0,0
1508084666,s5,0.00,0.00,0.00,0,0,0.00,0.00,0.00,0,0,0.00,0.00,0,0
1508084666,eth0,0.00,0.00,0.00,0,0,0.00,0.00,0.00,0,0,0.00,0.00,0,0
1508084666,eth1,0.00,0.00,0.00,0,0,0.00,0.00,0.00,0,0,0.00,0.00,0,0
1508084666,s2,0.00,0.00,0.00,0,0,0.00,0.00,0.00,0,0,0.00,0.00,0,0
1508084666,s2-eth2,1386.00,65164.00,66550.00,65164,1386,21.00,22.00,43.00,22,21,0.00,0.00,0,0
1508084666,s2-eth1,74050.00,1386.00,75436.00,1386,74050,25.00,21.00,46.00,21,25,0.00,0.00,0,0
1508084666,lo,172.00,172.00,344.00,172,172,3.00,3.00,6.00,3,3,0.00,0.00,0,0
1508084666,s4,0.00,0.00,0.00,0,0,0.00,0.00,0.00,0,0,0.00,0.00,0,0
1508084666,total,75608.00,66722.00,142330.00,66722,75608,49.00,46.00,95.00,46,49,0.00,0.00,0,0
1508084667,s5,0.00,0.00,0.00,0,0,0.00,0.00,0.00,0,0,0.00,0.00,0,0
1508084667,eth0,0.00,0.00,0.00,0,0,0.00,0.00,0.00,0,0,0.00,0.00,0,0
1508084667,eth1,0.00,0.00,0.00,0,0,0.00,0.00,0.00,0,0,0.00,0.00,0,0
1508084667,s2,0.00,0.00,0.00,0,0,0.00,0.00,0.00,0,0,0.00,0.00,0,0
1508084667,s2-eth2,2241.76,118361.64,120603.40,118480,2244,33.97,39.96,73.93,40,34,0.00,0.00,0,0
1508084667,s2-eth1,97648.35,2241.76,99890.11,2244,97746,32.97,33.97,66.93,34,33,0.00,0.00,0,0
1508084667,lo,343.66,343.66,687.31,344,344,5.99,5.99,11.99,6,6,0.00,0.00,0,0
1508084667,s4,0.00,0.00,0.00,0,0,0.00,0.00,0.00,0,0,0.00,0.00,0,0
1508084667,total,100233.77,120947.05,221180.83,121068,100334,72.93,79.92,152.85,80,73,0.00,0.00,0,0
1508084668,s5,0.00,0.00,0.00,0,0,0.00,0.00,0.00,0,0,0.00,0.00,0,0
1508084668,eth0,0.00,0.00,0.00,0,0,0.00,0.00,0.00,0,0,0.00,0.00,0,0
1508084668,eth1,0.00,0.00,0.00,0,0,0.00,0.00,0.00,0,0,0.00,0.00,0,0
1508084668,s2,0.00,0.00,0.00,0,0,0.00,0.00,0.00,0,0,0.00,0.00,0,0
1508084668,s2-eth2,4026.00,210302.00,214328.00,210302,4026,61.00,71.00,132.00,71,61,0.00,0.00,0,0
1508084668,s2-eth1,204720.00,4026.00,208746.00,4026,204720,70.00,61.00,131.00,61,70,0.00,0.00,0,0
1508084668,lo,0.00,0.00,0.00,0,0,0.00,0.00,0.00,0,0,0.00,0.00,0,0
1508084668,s4,0.00,0.00,0.00,0,0,0.00,0.00,0.00,0,0,0.00,0.00,0,0
1508084668,total,208746.00,214328.00,423074.00,214328,208746,131.00,132.00,263.00,132,131,0.00,0.00,0,0
1508084669,s5,0.00,0.00,0.00,0,0,0.00,0.00,0.00,0,0,0.00,0.00,0,0
1508084669,eth0,0.00,0.00,0.00,0,0,0.00,0.00,0.00,0,0,0.00,0.00,0,0
1508084669,eth1,0.00,0.00,0.00,0,0,0.00,0.00,0.00,0,0,0.00,0.00,0,0
1508084669,s2,0.00,0.00,0.00,0,0,0.00,0.00,0.00,0,0,0.00,0.00,0,0
1508084669,s2-eth2,6850.00,184098.00,190948.00,184098,6850,95.00,89.00,184.00,89,95,0.00,0.00,0,0
1508084669,s2-eth1,203318.00,6850.00,210168.00,6850,203318,95.00,95.00,190.00,95,95,0.00,0.00,0,0
1508084669,lo,0.00,0.00,0.00,0,0,0.00,0.00,0.00,0,0,0.00,0.00,0,0
1508084669,s4,0.00,0.00,0.00,0,0,0.00,0.00,0.00,0,0,0.00,0.00,0,0
1508084669,total,210168.00,190948.00,401116.00,190948,210168,190.00,184.00,374.00,184,190,0.00,0.00,0,0
1508084670,s5,0.00,0.00,0.00,0,0,0.00,0.00,0.00,0,0,0.00,0.00,0,0
1508084670,eth0,0.00,0.00,0.00,0,0,0.00,0.00,0.00,0,0,0.00,0.00,0,0
1508084670,eth1,0.00,0.00,0.00,0,0,0.00,0.00,0.00,0,0,0.00,0.00,0,0
1508084670,s2,0.00,0.00,0.00,0,0,0.00,0.00,0.00,0,0,0.00,0.00,0,0
1508084670,s2-eth2,132.00,66.00,198.00,66,132,2.00,1.00,3.00,1,2,0.00,0.00,0,0
1508084670,s2-eth1,173.00,132.00,305.00,132,173,2.00,2.00,4.00,2,2,0.00,0.00,0,0
1508084670,lo,0.00,0.00,0.00,0,0,0.00,0.00,0.00,0,0,0.00,0.00,0,0
1508084670,s4,0.00,0.00,0.00,0,0,0.00,0.00,0.00,0,0,0.00,0.00,0,0
1508084670,total,305.00,198.00,503.00,198,305,4.00,3.00,7.00,3,4,0.00,0.00,0,0
1508084671,s5,0.00,0.00,0.00,0,0,0.00,0.00,0.00,0,0,0.00,0.00,0,0
1508084671,eth0,0.00,0.00,0.00,0,0,0.00,0.00,0.00,0,0,0.00,0.00,0,0
1508084671,eth1,0.00,0.00,0.00,0,0,0.00,0.00,0.00,0,0,0.00,0.00,0,0
1508084671,s2,0.00,0.00,0.00,0,0,0.00,0.00,0.00,0,0,0.00,0.00,0,0
1508084671,s2-eth2,107.00,0.00,107.00,0,107,1.00,0.00,1.00,0,1,0.00,0.00,0,0
1508084671,s2-eth1,0.00,0.00,0.00,0,0,0.00,0.00,0.00,0,0,0.00,0.00,0,0
1508084671,lo,172.00,172.00,344.00,172,172,3.00,3.00,6.00,3,3,