1508084463,s5,0.00,0.00,0.00,0,0,0.00,0.00,0.00,0,0,0.00,0.00,0,0
1508084463,eth0,0.00,0.00,0.00,0,0,0.00,0.00,0.00,0,0,0.00,0.00,0,0
1508084463,eth1,0.00,0.00,0.00,0,0,0.00,0.00,0.00,0,0,0.00,0.00,0,0
1508084463,s2,0.00,0.00,0.00,0,0,0.00,0.00,0.00,0,0,0.00,0.00,0,0
1508084463,s2-eth2,0.00,0.00,0.00,0,0,0.00,0.00,0.00,0,0,0.00,0.00,0,0
1508084463,s2-eth1,0.00,0.00,0.00,0,0,0.00,0.00,0.00,0,0,0.00,0.00,0,0
1508084463,lo,0.00,0.00,0.00,0,0,0.00,0.00,0.00,0,0,0.00,0.00,0,0
1508084463,s4,0.00,0.00,0.00,0,0,0.00,0.00,0.00,0,0,0.00,0.00,0,0
1508084463,total,0.00,0.00,0.00,0,0,0.00,0.00,0.00,0,0,0.00,0.00,0,0
1508084464,s5,0.00,0.00,0.00,0,0,0.00,0.00,0.00,0,0,0.00,0.00,0,0
1508084464,eth0,151.85,244.76,396.60,245,152,2.00,2.00,4.00,2,2,0.00,0.00,0,0
1508084464,eth1,0.00,0.00,0.00,0,0,0.00,0.00,0.00,0,0,0.00,0.00,0,0
1508084464,s2,89.91,159.84,249.75,160,90,1.00,2.00,3.00,2,1,0.00,0.00,0,0
1508084464,s2-eth2,8876.12,246787.22,255663.34,247034,8885,109.89,100.90,210.79,101,110,0.00,0.00,0,0
1508084464,s2-eth1,246962.05,7476.52,254438.56,7484,247209,109.89,103.90,213.79,104,110,0.00,0.00,0,0
1508084464,lo,1183.82,1183.82,2367.63,1185,1185,12.99,12.99,25.97,13,13,0.00,0.00,0,0
1508084464,s4,0.00,0.00,0.00,0,0,0.00,0.00,0.00,0,0,0.00,0.00,0,0
1508084464,total,257263.75,255852.16,513115.91,256108,257521,235.76,221.78,457.54,222,236,0.00,0.00,0,0
1508084465,s5,0.00,0.00,0.00,0,0,0.00,0.00,0.00,0,0,0.00,0.00,0,0
1508084465,eth0,0.00,0.00,0.00,0,0,0.00,0.00,0.00,0,0,0.00,0.00,0,0
1508084465,eth1,0.00,0.00,0.00,0,0,0.00,0.00,0.00,0,0,0.00,0.00,0,0
1508084465,s2,0.00,89.91,89.91,90,0,0.00,1.00,1.00,1,0,0.00,0.00,0,0
1508084465,s2-eth2,7735.27,202929.08,210664.34,203132,7743,96.90,93.91,190.81,94,97,0.00,0.00,0,0
1508084465,s2-eth1,211159.84,7066.93,218226.78,7074,211371,100.90,94.91,195.80,95,101,0.00,0.00,0,0
1508084465,lo,287.71,287.71,575.42,288,288,3.00,3.00,5.99,3,3,0.00,0.00,0,0
1508084465,s4,0.00,0.00,0.00,0,0,0.00,0.00,0.00,0,0,0.00,0.00,0,0
1508084465,total,219182.83,210373.62,429556.47,210584,219402,200.80,192.81,393.61,193,201,0.00,0.00,0,0
1508084466,s5,0.00,0.00,0.00,0,0,0.00,0.00,0.00,0,0,0.00,0.00,0,0
1508084466,eth0,0.00,0.00,0.00,0,0,0.00,0.00,0.00,0,0,0.00,0.00,0,0
1508084466,eth1,0.00,0.00,0.00,0,0,0.00,0.00,0.00,0,0,0.00,0.00,0,0
1508084466,s2,0.00,0.00,0.00,0,0,0.00,0.00,0.00,0,0,0.00,0.00,0,0
1508084466,s2-eth2,3713.00,139676.00,143389.00,139676,3713,54.00,54.00,108.00,54,54,0.00,0.00,0,0
1508084466,s2-eth1,139849.00,3606.00,143455.00,3606,139849,56.00,53.00,109.00,53,56,0.00,0.00,0,0
1508084466,lo,0.00,0.00,0.00,0,0,0.00,0.00,0.00,0,0,0.00,0.00,0,0
1508084466,s4,0.00,0.00,0.00,0,0,0.00,0.00,0.00,0,0,0.00,0.00,0,0
1508084466,total,143562.00,143282.00,286844.00,143282,143562,110.00,107.00,217.00,107,110,0.00,0.00,0,0
1508084467,s5,0.00,0.00,0.00,0,0,0.00,0.00,0.00,0,0,0.00,0.00,0,0
1508084467,eth0,0.00,0.00,0.00,0,0,0.00,0.00,0.00,0,0,0.00,0.00,0,0
1508084467,eth1,0.00,0.00,0.00,0,0,0.00,0.00,0.00,0,0,0.00,0.00,0,0
1508084467,s2,70.00,70.00,140.00,70,70,1.00,1.00,2.00,1,1,0.00,0.00,0,0
1508084467,s2-eth2,4346.00,89920.00,94266.00,89920,4346,54.00,46.00,100.00,46,54,0.00,0.00,0,0
1508084467,s2-eth1,84796.00,3612.00,88408.00,3612,84796,49.00,50.00,99.00,50,49,0.00,0.00,0,0
1508084467,lo,536.00,536.00,1072.00,536,536,6.00,6.00,12.00,6,6,0.00,0.00,0,0
1508084467,s4,0.00,0.00,0.00,0,0,0.00,0.00,0.00,0,0,0.00,0.00,0,0
1508084467,total,89748.00,94138.00,183886.00,94138,89748,110.00,103.00,213.00,103,110,0.00,0.00,0,0
1508084468,s5,0.00,0.00,0.00,0,0,0.00,0.00,0.00,0,0,0.00,0.00,0,0
1508084468,eth0,180.00,180.00,360.00,180,180,3.00,3.00,6.00,3,3,0.00,0.00,0,0
1508084468,eth1,0.00,0.00,0.00,0,0,0.00,0.00,0.00,0,0,0.00,0.00,0,0
1508084468,s2,0.00,70.00,70.00,70,0,0.00,1.00,1.00,1,0,0.00,0.00,0,0
1508084468,s2-eth2,1636.00,50486.00,52122.00,50486,1636,20.00,19.00,39.00,19,20,0.00,0.00,0,0
1508084468,s2-eth1,47524.00,1294.00,48818.00,1294,47524,18.00,19.00,37.00,19,18,0.00,0.00,0,0
1508084468,lo,716.00,716.00,1432.00,716,716,11.00,11.00,22.00,11,11,0.00,0.00,0,0
1508084468,s4,0.00,0.00,0.00,0,0,0.00,0.00,0.00,0,0,0.00,0.00,0,0
1508084468,total,50056.00,52746.00,102802.00,52746,50056,52.00,53.00,105.00,53,52,0.00,0.00,0,0
1508084469,s5,0.00,0.00,0.00,0,0,0.00,0.00,0.00,0,0,0.00,0.00,0,0
1508084469,eth0,0.00,0.00,0.00,0,0,0.00,0.00,0.00,0,0,0.00,0.00,0,0
1508084469,eth1,0.00,0.00,0.00,0,0,0.00,0.00,0.00,0,0,0.00,0.00,0,0
1508084469,s2,0.00,0.00,0.00,0,0,0.00,0.00,0.00,0,0,0.00,0.00,0,0
1508084469,s2-eth2,1252.75,56221.78,57474.53,56278,1254,18.98,18.98,37.96,19,19,0.00,0.00,0,0
1508084469,s2-eth1,59522.48,1252.75,60775.23,1254,59582,20.98,18.98,39.96,19,21,0.00,0.00,0,0
1508084469,lo,0.00,0.00,0.00,0,0,0.00,0.00,0.00,0,0,0.00,0.00,0,0
1508084469,s4,0.00,0.00,0.00,0,0,0.00,0.00,0.00,0,0,0.00,0.00,0,0
1508084469,total,60775.23,57474.53,118249.75,57532,60836,39.96,37.96,77.92,38,40,0.00,0.00,0,0
1508084470,s5,0.00,0.00,0.00,0,0,0.00,0.00,0.00,0,0,0.00,0.00,0,0
1508084470,eth0,0.00,0.00,0.00,0,0,0.00,0.00,0.00,0,0,0.00,0.00,0,0
1508084470,eth1,0.00,0.00,0.00,0,0,0.00,0.00,0.00,0,0,0.00,0.00,0,0
1508084470,s2,0.00,0.00,0.00,0,0,0.00,0.00,0.00,0,0,0.00,0.00,0,0
1508084470,s2-eth2,1557.44,68057.95,69615.38,68126,1559,22.98,22.98,45.95,23,23,0.00,0.00,0,0
1508084470,s2-eth1,65205.80,1450.55,66656.34,1452,65271,22.98,21.98,44.96,22,23,0.00,0.00,0,0
1508084470,lo,0.00,0.00,0.00,0,0,0.00,0.00,0.00,0,0,0.00,0.00,0,0
1508084470,s4,0.00,0.00,0.00,0,0,0.00,0.00,0.00,0,0,0.00,0.00,0,0
1508084470,total,66763.24,69508.49,136271.73,69578,66830,45.95,44.96,90.91,45,46,0.00,0.00,0,0
1508084471,s5,0.00,0.00,0.00,0,0,0.00,0.00,0.00,0,0,0.00,0.00,0,0
1508084471,eth0,0.00,0.00,0.00,0,0,0.00,0.00,0.00,0,0,0.00,0.00,0,0
1508084471,eth1,0.00,0.00,0.00,0,0,0.00,0.00,0.00,0,0,0.00,0.00,0,0
1508084471,s2,70.00,70.00,140.00,70,70,1.00,1.00,2.00,1,1,0.00,0.00,0,0
1508084471,s2-eth2,1790.00,80044.00,81834.00,80044,1790,27.00,28.00,55.00,28,27,0.00,0.00,0,0
1508084471,s2-eth1,80184.00,1650.00,81834.00,1650,80184,30.00,25.00,55.00,25,30,0.00,0.00,0,0
1508084471,lo,536.00,536.00,1072.00,536,536,6.00,6.00,12.00,6,6,0.00,0.00,0,0
1508084471,s4,0.00,0.00,0.00,0,0,0.00,0.00,0.00,0,0,0.00,0.00,0,0
1508084471,total,82580.00,82300.00,164880.00,82300,82580,64.00,60.00,124.00,60,64,0.00,0.00,0,0
1508084472,s5,0.00,0.00,0.00,0,0,0.00,0.00,0.00,0,0,0.00,0.00,0,0
1508084472,eth0,0.00,0.00,0.00,0,0,0.00,0.00,0.00,0,0,0.00,0.00,0,0
1508084472,eth1,0.00,0.00,0.00,0,0,0.00,0.00,0.00,0,0,0.00,0.00,0,0
1508084472,s2,0.00,69.93,69.93,70,0,0.00,1.00,1.00,1,0,0.00,0.00,0,0
1508084472,s2-eth2,2191.81,72925.08,75116.88,72998,2194,30.97,30.97,61.94,31,31,0.00,0.00,0,0
1508084472,s2-eth1,74713.29,2191.81,76905.09,2194,74788,31.97,30.97,62.94,31,32,0.00,0.00,0,0
1508084472,lo,267.73,267.73,535.46,268,268,3.00,3.00,5.99,3,3,0.00,0.00,0,0
1508084472,s4,0.00,0.00,0.00,0,0,0.00,0.00,0.00,0,0,0.00,0.00,0,0
1508084472,total,77172.83,75454.55,152627.38,75530,77250,65.93,65.93,131.87,66,66,0.00,0.00,0,0
1508084473,s5,0.00,0.00,0.00,0,0,0.00,0.00,0.00,0,0,0.00,0.00,0,0
1508084473,eth0,0.00,0.00,0.00,0,0,0.00,0.00,0.00,0,0,0.00,0.00,0,0
1508084473,eth1,0.00,0.00,0.00,0,0,0.00,0.00,0.00,0,0,0.00,0.00,0,0
1508084473,s2,0.00,0.00,0.00,0,0,0.00,0.00,0.00,0,0,0.00,0.00,0,0
1508084473,s2-eth2,1386.00,62202.00,63588.00,62202,1386,21.00,21.00,42.00,21,21,0.00,0.00,0,0
1508084473,s2-eth1,53316.00,1386.00,54702.00,1386,53316,18.00,21.00,39.00,21,18,0.00,0.00,0,0
1508084473,lo,344.00,344.00,688.00,344,344,6.00,6.00,12.00,6,6,0.00,0.00,0,0
1508084473,s4,0.00,0.00,0.00,0,0,0.00,0.00,0.00,0,0,0.00,0.00,0,0
1508084473,total,55046.00,63932.00,118978.00,63932,55046,45.00,48.00,93.00,48,45,0.00,0.00,0,0
1508084474,s5,0.00,0.00,0.00,0,0,0.00,0.00,0.00,0,0,0.00,0.00,0,0
1508084474,eth0,0.00,0.00,0.00,0,0,0.00,0.00,0.00,0,0,0.00,0.00,0,0
1508084474,eth1,0.00,0.00,0.00,0,0,0.00,0.00,0.00,0,0,0.00,0.00,0,0
1508084474,s2,0.00,0.00,0.00,0,0,0.00,0.00,0.00,0,0,0.00,0.00,0,0
1508084474,s2-eth2,1170.00,47590.00,48760.00,47590,1170,17.00,19.00,36.00,19,17,0.00,0.00,0,0
1508084474,s2-eth1,53514.00,1170.00,54684.00,1170,53514,21.00,17.00,38.00,17,21,0.00,0.00,0,0
1508084474,lo,0.00,0.00,0.00,0,0,0.00,0.00,0.00,0,0,0.00,0.00,0,0
1508084474,s4,0.00,0.00,0.00,0,0,0.00,0.00,0.00,0,0,0.00,0.00,0,0
1508084474,total,54684.00,48760.00,103444.00,48760,54684,38.00,36.00,74.00,36,38,0.00,0.00,0,0
1508084475,s5,0.00,0.00,0.00,0,0,0.00,0.00,0.00,0,0,0.00,0.00,0,0
1508084475,eth0,0.00,0.00,0.00,0,0,0.00,0.00,0.00,0,0,0.00,0.00,0,0
1508084475,eth1,0.00,0.00,0.00,0,0,0.00,0.00,0.00,0,0,0.00,0.00,0,0
1508084475,s2,0.00,0.00,0.00,0,0,0.00,0.00,0.00,0,0,0.00,0.00,0,0
1508084475,s2-eth2,1782.00,82936.00,84718.00,82936,1782,27.00,28.00,55.00,28,27,0.00,0.00,0,0
1508084475,s2-eth1,71088.00,1782.00,72870.00,1782,71088,24.00,27.00,51.00,27,24,0.00,0.00,0,0
1508084475,lo,0.00,0.00,0.00,0,0,0.00,0.00,0.00,0,0,0.00,0.00,0,0
1508084475,s4,0.00,0.00,0.00,0,0,0.00,0.00,0.00,0,0,0.00,0.00,0,0
1508084475,total,72870.00,84718.00,157588.00,84718,72870,51.00,55.00,106.00,55,51,0.00,0.00,0,0
1508084476,s5,0.00,0.00,0.00,0,0,0.00,0.00,0.00,0,0,0.00,0.00,0,0
1508084476,eth0,0.00,0.00,0.00,0,0,0.00,0.00,0.00,0,0,0.00,0.00,0,0
1508084476,eth1,0.00,0.00,0.00,0,0,0.00,0.00,0.00,0,0,0.00,0.00,0,0
1508084476,s2,0.00,0.00,0.00,0,0,0.00,0.00,0.00,0,0,0.00,0.00,0,0
1508084476,s2-eth2,1926.00,71088.00,73014.00,71088,1926,25.00,24.00,49.00,24,25,0.00,0.00,0,0
1508084476,s2-eth1,82936.00,1650.00,84586.00,1650,82936,28.00,25.00,53.00,25,28,0.00,0.00,0,0
1508084476,lo,172.00,172.00,344.00,172,172,3.00,3.00,6.00,3,3,0.00,0.00,0,0
1508084476,s4,0.00,0.00,0.00,0,0,0.00,0.00,0.00,0,0,0.00,0.00,0,0
1508084476,total,85034.00,72910.00,157944.00,72910,85034,56.00,52.00,108.00,52,56,0.00,0.00,0,0
1508084477,s5,0.00,0.00,0.00,0,0,0.00,0.00,0.00,0,0,0.00,0.00,0,0
1508084477,eth0,0.00,0.00,0.00,0,0,0.00,0.00,0.00,0,0,0.00,0.00,0,0
1508084477,eth1,0.00,0.00,0.00,0,0,0.00,0.00,0.00,0,0,0.00,0.00,0,0
1508084477,s2,0.00,0.00,0.00,0,0,0.00,0.00,0.00,0,0,0.00,0.00,0,0
1508084477,s2-eth2,1980.00,97746.00,99726.00,97746,1980,30.00,33.00,63.00,33,30,0.00,0.00,0,0
1508084477,s2-eth1,82936.00,1914.00,84850.00,1914,82936,28.00,29.00,57.00,29,28,0.00,0.00,0,0
1508084477,lo,0.00,0.00,0.00,0,0,0.00,0.00,0.00,0,0,0.00,0.00,0,0
1508084477,s4,0.00,0.00,0.00,0,0,0.00,0.00,0.00,0,0,0.00,0.00,0,0
1508084477,total,84916.00,99660.00,184576.00,99660,84916,58.00,62.00,120.00,62,58,0.00,0.00,0,0
1508084478,s5,0.00,0.00,0.00,0,0,0.00,0.00,0.00,0,0,0.00,0.00,0,0
1508084478,eth0,180.00,180.00,360.00,180,180,3.00,3.00,6.00,3,3,0.00,0.00,0,0
1508084478,eth1,0.00,0.00,0.00,0,0,0.00,0.00,0.00,0,0,0.00,0.00,0,0
1508084478,s2,0.00,0.00,0.00,0,0,0.00,0.00,0.00,0,0,0.00,0.00,0,0
1508084478,s2-eth2,2303.00,86096.00,88399.00,86096,2303,33.00,32.00,65.00,32,33,0.00,0.00,0,0
1508084478,s2-eth1,98051.00,2196.00,100247.00,2196,98051,37.00,32.00,69.00,32,37,0.00,0.00,0,0
1508084478,lo,344.00,344.00,688.00,344,344,6.00,6.00,12.00,6,6,0.00,0.00,0,0
1508084478,s4,0.00,0.00,0.00,0,0,0.00,0.00,0.00,0,0,0.00,0.00,0,0
1508084478,total,100878.00,88816.00,189694.00,88816,100878,79.00,73.00,152.00,73,79,0.00,0.00,0,0
1508084479,s5,0.00,0.00,0.00,0,0,0.00,0.00,0.00,0,0,0.00,0.00,0,0
1508084479,eth0,0.00,0.00,0.00,0,0,0.00,0.00,0.00,0,0,0.00,0.00,0,0
1508084479,eth1,0.00,0.00,0.00,0,0,0.00,0.00,0.00,0,0,0.00,0.00,0,0
1508084479,s2,0.00,0.00,0.00,0,0,0.00,0.00,0.00,0,0,0.00,0.00,0,0
1508084479,s2-eth2,2451.55,115468.53,117920.09,115584,2454,36.96,39.96,76.92,40,37,0.00,0.00,0,0
1508084479,s2-eth1,97648.35,2451.55,100099.91,2454,97746,32.97,36.96,69.93,37,33,0.00,0.00,0,0
1508084479,lo,0.00,0.00,0.00,0,0,0.00,0.00,0.00,0,0,0.00,0.00,0,0
1508084479,s4,0.00,0.00,0.00,0,0,0.00,0.00,0.00,0,0,0.00,0.00,0,0
1508084479,total,100099.91,117920.09,218019.98,118038,100200,69.93,76.92,146.85,77,70,0.00,0.00,0,0
1508084480,s5,0.00,0.00,0.00,0,0,0.00,0.00,0.00,0,0,0.00,0.00,0,0
1508084480,eth0,0.00,0.00,0.00,0,0,0.00,0.00,0.00,0,0,0.00,0.00,0,0
1508084480,eth1,0.00,0.00,0.00,0,0,0.00,0.00,0.00,0,0,0.00,0.00,0,0
1508084480,s2,0.00,0.00,0.00,0,0,0.00,0.00,0.00,0,0,0.00,0.00,0,0
1508084480,s2-eth2,2178.00,83200.00,85378.00,83200,2178,31.00,32.00,63.00,32,31,0.00,0.00,0,0
1508084480,s2-eth1,95456.00,2178.00,97634.00,2178,95456,38.00,31.00,69.00,31,38,0.00,0.00,0,0
1508084480,lo,0.00,0.00,0.00,0,0,0.00,0.00,0.00,0,0,0.00,0.00,0,0
1508084480,s4,0.00,0.00,0.00,0,0,0.00,0.00,0.00,0,0,0.00,0.00,0,0
1508084480,total,97634.00,85378.00,183012.00,85378,97634,69.00,63.00,132.00,63,69,0.00,0.00,0,0
1508084481,s5,0.00,0.00,0.00,0,0,0.00,0.00,0.00,0,0,0.00,0.00,0,0
1508084481,eth0,0.00,0.00,0.00,0,0,0.00,0.00,0.00,0,0,0.00,0.00,0,0
1508084481,eth1,0.00,0.00,0.00,0,0,0.00,0.00,0.00,0,0,0.00,0.00,0,0
1508084481,s2,0.00,0.00,0.00,0,0,0.00,0.00,0.00,0,0,0.00,0.00,0,0
1508084481,s2-eth2,2568.00,106830.00,109398.00,106830,2568,38.00,39.00,77.00,39,38,0.00,0.00,0,0
1508084481,s2-eth1,91888.00,2568.00,94456.00,2568,91888,32.00,38.00,70.00,38,32,0.00,0.00,0,0
1508084481,lo,172.00,172.00,344.00,172,172,3.00,3.00,6.00,3,3,0.00,0.00,0,0
1508084481,s4,0.00,0.00,0.00,0,0,0.00,0.00,0.00,0,0,0.00,0.00,0,0
1508084481,total,94628.00,109570.00,204198.00,109570,94628,73.00,80.00,153.00,80,73,0.00,0.00,0,0
1508084482,s5,0.00,0.00,0.00,0,0,0.00,0.00,0.00,0,0,0.00,0.00,0,0
1508084482,eth0,0.00,0.00,0.00,0,0,0.00,0.00,0.00,0,0,0.00,0.00,0,0
1508084482,eth1,0.00,0.00,0.00,0,0,0.00,0.00,0.00,0,0,0.00,0.00,0,0
1508084482,s2,0.00,0.00,0.00,0,0,0.00,0.00,0.00,0,0,0.00,0.00,0,0
1508084482,s2-eth2,2085.91,71346.66,73432.57,71418,2088,29.97,28.97,58.94,29,30,0.00,0.00,0,0
1508084482,s2-eth1,80355.65,2085.91,82441.56,2088,80436,33.97,29.97,63.94,30,34,0.00,0.00,0,0
1508084482,lo,0.00,0.00,0.00,0,0,0.00,0.00,0.00,0,0,0.00,0.00,0,0
1508084482,s4,0.00,0.00,0.00,0,0,0.00,0.00,0.00,0,0,0.00,0.00,0,0
1508084482,total,82441.56,73432.57,155874.12,73506,82524,63.94,58.94,122.88,59,64,0.00,0.00,0,0
1508084483,s5,0.00,0.00,0.00,0,0,0.00,0.00,0.00,0,0,0.00,0.00,0,0
1508084483,eth0,0.00,0.00,0.00,0,0,0.00,0.00,0.00,0,0,0.00,0.00,0,0
1508084483,eth1,0.00,0.00,0.00,0,0,0.00,0.00,0.00,0,0,0.00,0.00,0,0
1508084483,s2,0.00,0.00,0.00,0,0,0.00,0.00,0.00,0,0,0.00,0.00,0,0
1508084483,s2-eth2,1846.15,85812.19,87658.34,85898,1848,27.97,28.97,56.94,29,28,0.00,0.00,0,0
1508084483,s2-eth1,73976.02,1846.15,75822.18,1848,74050,24.98,27.97,52.95,28,25,0.00,0.00,0,0
1508084483,lo,343.66,343.66,687.31,344,344,5.99,5.99,11.99,6,6,0.00,0.00,0,0
1508084483,s4,0.00,0.00,0.00,0,0,0.00,0.00,0.00,0,0,0.00,0.00,0,0
1508084483,total,76165.84,88002.00,164167.84,88090,76242,58.94,62.94,121.88,63,59,0.00,0.00,0,0
1508084484,s5,0.00,0.00,0.00,0,0,0.00,0.00,0.00,0,0,0.00,0.00,0,0
1508084484,eth0,0.00,0.00,0.00,0,0,0.00,0.00,0.00,0,0,0.00,0.00,0,0
1508084484,eth1,0.00,0.00,0.00,0,0,0.00,0.00,0.00,0,0,0.00,0.00,0,0
1508084484,s2,0.00,0.00,0.00,0,0,0.00,0.00,0.00,0,0,0.00,0.00,0,0
1508084484,s2-eth2,1906.09,77198.80,79104.90,77276,1908,27.97,29.97,57.94,30,28,0.00,0.00,0,0
1508084484,s2-eth1,83116.88,1906.09,85022.98,1908,83200,31.97,27.97,59.94,28,32,0.00,0.00,0,0
1508084484,lo,0.00,0.00,0.00,0,0,0.00,0.00,0.00,0,0,0.00,0.00,0,0
1508084484,s4,0.00,0.00,0.00,0,0,0.00,0.00,0.00,0,0,0.00,0.00,0,0
1508084484,total,85022.98,79104.90,164127.88,79184,85108,59.94,57.94,117.88,58,60,0.00,0.00,0,0
1508084485,s5,0.00,0.00,0.00,0,0,0.00,0.00,0.00,0,0,0.00,0.00,0,0
1508084485,eth0,0.00,0.00,0.00,0,0,0.00,0.00,0.00,0,0,0.00,0.00,0,0
1508084485,eth1,0.00,0.00,0.00,0,0,0.00,0.00,0.00,0,0,0.00,0.00,0,0
1508084485,s2,0.00,0.00,0.00,0,0,0.00,0.00,0.00,0,0,0.00,0.00,0,0
1508084485,s2-eth2,2514.00,86162.00,88676.00,86162,2514,33.00,33.00,66.00,33,33,0.00,0.00,0,0
1508084485,s2-eth1,77276.00,2172.00,79448.00,2172,77276,30.00,32.00,62.00,32,30,0.00,0.00,0,0
1508084485,lo,0.00,0.00,0.00,0,0,0.00,0.00,0.00,0,0,0.00,0.00,0,0
1508084485,s4,0.00,0.00,0.00,0,0,0.00,0.00,0.00,0,0,0.00,0.00,0,0
1508084485,total,79790.00,88334.00,168124.00,88334,79790,63.00,65.00,128.00,65,63,0.00,0.00,0,0
1508084486,s5,0.00,0.00,0.00,0,0,0.00,0.00,0.00,0,0,0.00,0.00,0,0
1508084486,eth0,0.00,0.00,0.00,0,0,0.00,0.00,0.00,0,0,0.00,0.00,0,0
1508084486,eth1,0.00,0.00,0.00,0,0,0.00,0.00,0.00,0,0,0.00,0.00,0,0
1508084486,s2,0.00,0.00,0.00,0,0,0.00,0.00,0.00,0,0,0.00,0.00,0,0
1508084486,s2-eth2,1914.00,91822.00,93736.00,91822,1914,29.00,31.00,60.00,31,29,0.00,0.00,0,0
1508084486,s2-eth1,97746.00,1914.00,99660.00,1914,97746,33.00,29.00,62.00,29,33,0.00,0.00,0,0
1508084486,lo,172.00,172.00,344.00,172,172,3.00,3.00,6.00,3,3,0.00,0.00,0,0
1508084486,s4,0.00,0.00,0.00,0,0,0.00,0.00,0.00,0,0,0.00,0.00,0,0
1508084486,total,99832.00,93908.00,193740.00,93908,99832,65.00,63.00,128.00,63,65,0.00,0.00,0,0
1508084487,s5,0.00,0.00,0.00,0,0,0.00,0.00,0.00,0,0,0.00,0.00,0,0
1508084487,eth0,0.00,0.00,0.00,0,0,0.00,0.00,0.00,0,0,0.00,0.00,0,0
1508084487,eth1,0.00,0.00,0.00,0,0,0.00,0.00,0.00,0,0,0.00,0.00,0,0
1508084487,s2,0.00,0.00,0.00,0,0,0.00,0.00,0.00,0,0,0.00,0.00,0,0
1508084487,s2-eth2,2244.00,100708.00,102952.00,100708,2244,34.00,34.00,68.00,34,34,0.00,0.00,0,0
1508084487,s2-eth1,91822.00,2244.00,94066.00,2244,91822,31.00,34.00,65.00,34,31,0.00,0.00,0,0
1508084487,lo,0.00,0.00,0.00,0,0,0.00,0.00,0.00,0,0,0.00,0.00,0,0
1508084487,s4,0.00,0.00,0.00,0,0,0.00,0.00,0.00,0,0,0.00,0.00,0,0
1508084487,total,94066.00,102952.00,197018.00,102952,94066,65.00,68.00,133.00,68,65,0.00,0.00,0,0
1508084488,s5,0.00,0.00,0.00,0,0,0.00,0.00,0.00,0,0,0.00,0.00,0,0
1508084488,eth0,179.82,179.82,359.64,180,180,3.00,3.00,5.99,3,3,0.00,0.00,0,0
1508084488,eth1,0.00,0.00,0.00,0,0,0.00,0.00,0.00,0,0,0.00,0.00,0,0
1508084488,s2,0.00,0.00,0.00,0,0,0.00,0.00,0.00,0,0,0.00,0.00,0,0
1508084488,s2-eth2,2577.42,103896.11,106473.53,104000,2580,37.96,39.96,77.92,40,38,0.00,0.00,0,0
1508084488,s2-eth1,106855.15,2577.42,109432.57,2580,106962,40.96,37.96,78.92,38,41,0.00,0.00,0,0
1508084488,lo,343.66,343.66,687.31,344,344,5.99,5.99,11.99,6,6,0.00,0.00,0,0
1508084488,s4,0.00,0.00,0.00,0,0,0.00,0.00,0.00,0,0,0.00,0.00,0,0
1508084488,total,109956.05,106997.01,216953.05,107104,110066,87.91,86.91,174.83,87,88,0.00,0.00,0,0
1508084489,s5,0.00,0.00,0.00,0,0,0.00,0.00,0.00,0,0,0.00,0.00,0,0
1508084489,eth0,0.00,0.00,0.00,0,0,0.00,0.00,0.00,0,0,0.00,0.00,0,0
1508084489,eth1,0.00,0.00,0.00,0,0,0.00,0.00,0.00,0,0,0.00,0.00,0,0
1508084489,s2,0.00,0.00,0.00,0,0,0.00,0.00,0.00,0,0,0.00,0.00,0,0
1508084489,s2-eth2,2514.00,104000.00,106514.00,104000,2514,37.00,40.00,77.00,40,37,0.00,0.00,0,0
1508084489,s2-eth1,99524.00,2514.00,102038.00,2514,99524,38.00,37.00,75.00,37,38,0.00,0.00,0,0
1508084489,lo,0.00,0.00,0.00,0,0,0.00,0.00,0.00,0,0,0.00,0.00,0,0
1508084489,s4,0.00,0.00,0.00,0,0,0.00,0.00,0.00,0,0,0.00,0.00,0,0
1508084489,total,102038.00,106514.00,208552.00,106514,102038,75.00,77.00,152.00,77,75,0.00,0.00,0,0
1508084490,s5,0.00,0.00,0.00,0,0,0.00,0.00,0.00,0,0,0.00,0.00,0,0
1508084490,eth0,0.00,0.00,0.00,0,0,0.00,0.00,0.00,0,0,0.00,0.00,0,0
1508084490,eth1,0.00,0.00,0.00,0,0,0.00,0.00,0.00,0,0,0.00,0.00,0,0
1508084490,s2,0.00,0.00,0.00,0,0,0.00,0.00,0.00,0,0,0.00,0.00,0,0
1508084490,s2-eth2,2574.00,112556.00,115130.00,112556,2574,39.00,38.00,77.00,38,39,0.00,0.00,0,0
1508084490,s2-eth1,114070.00,2640.00,116710.00,2640,114070,39.00,40.00,79.00,40,39,0.00,0.00,0,0
1508084490,lo,0.00,0.00,0.00,0,0,0.00,0.00,0.00,0,0,0.00,0.00,0,0
1508084490,s4,0.00,0.00,0.00,0,0,0.00,0.00,0.00,0,0,0.00,0.00,0,0
1508084490,total,116644.00,115196.00,231840.00,115196,116644,78.00,78.00,156.00,78,78,0.00,0.00,0,0
1508084491,s5,0.00,0.00,0.00,0,0,0.00,0.00,0.00,0,0,0.00,0.00,0,0
1508084491,eth0,0.00,0.00,0.00,0,0,0.00,0.00,0.00,0,0,0.00,0.00,0,0
1508084491,eth1,0.00,0.00,0.00,0,0,0.00,0.00,0.00,0,0,0.00,0.00,0,0
1508084491,s2,0.00,0.00,0.00,0,0,0.00,0.00,0.00,0,0,0.00,0.00,0,0
1508084491,s2-eth2,2820.00,109966.00,112786.00,109966,2820,42.00,43.00,85.00,43,42,0.00,0.00,0,0
1508084491,s2-eth1,104042.00,2754.00,106796.00,2754,104042,41.00,41.00,82.00,41,41,0.00,0.00,0,0
1508084491,lo,468.00,468.00,936.00,468,468,6.00,6.00,12.00,6,6,0.00,0.00,0,0
1508084491,s4,0.00,0.00,0.00,0,0,0.00,0.00,0.00,0,0,0.00,0.00,0,0
1508084491,total,107330.00,113188.00,220518.00,113188,107330,89.00,90.00,179.00,90,89,0.00,0.00,0,0
1508084492,s5,0.00,0.00,0.00,0,0,0.00,0.00,0.00,0,0,0.00,0.00,0,0
1508084492,eth0,0.00,0.00,0.00,0,0,0.00,0.00,0.00,0,0,0.00,0.00,0,0
1508084492,eth1,0.00,0.00,0.00,0,0,0.00,0.00,0.00,0,0,0.00,0.00,0,0
1508084492,s2,0.00,0.00,0.00,0,0,0.00,0.00,0.00,0,0,0.00,0.00,0,0
1508084492,s2-eth2,2520.00,89388.00,91908.00,89388,2520,36.00,38.00,74.00,38,36,0.00,0.00,0,0
1508084492,s2-eth1,89388.00,2520.00,91908.00,2520,89388,38.00,36.00,74.00,36,38,0.00,0.00,0,0
1508084492,lo,0.00,0.00,0.00,0,0,0.00,0.00,0.00,0,0,0.00,0.00,0,0
1508084492,s4,0.00,0.00,0.00,0,0,0.00,0.00,0.00,0,0,0.00,0.00,0,0
1508084492,total,91908.00,91908.00,183816.00,91908,91908,74.00,74.00,148.00,74,74,0.00,0.00,0,0
1508084493,s5,0.00,0.00,0.00,0,0,0.00,0.00,0.00,0,0,0.00,0.00,0,0
1508084493,eth0,59.94,59.94,119.88,60,60,1.00,1.00,2.00,1,1,0.00,0.00,0,0
1508084493,eth1,0.00,0.00,0.00,0,0,0.00,0.00,0.00,0,0,0.00,0.00,0,0
1508084493,s2,0.00,0.00,0.00,0,0,0.00,0.00,0.00,0,0,0.00,0.00,0,0
1508084493,s2-eth2,2241.76,100607.40,102849.16,100708,2244,33.97,33.97,67.93,34,34,0.00,0.00,0,0
1508084493,s2-eth1,91730.27,2241.76,93972.03,2244,91822,30.97,33.97,64.94,34,31,0.00,0.00,0,0
1508084493,lo,343.66,343.66,687.31,344,344,5.99,5.99,11.99,6,6,0.00,0.00,0,0
1508084493,s4,0.00,0.00,0.00,0,0,0.00,0.00,0.00,0,0,0.00,0.00,0,0
1508084493,total,94375.62,103252.75,197628.38,103356,94470,71.93,74.93,146.85,75,72,0.00,0.00,0,0
1508084494,s5,0.00,0.00,0.00,0,0,0.00,0.00,0.00,0,0,0.00,0.00,0,0
1508084494,eth0,0.00,0.00,0.00,0,0,0.00,0.00,0.00,0,0,0.00,0.00,0,0
1508084494,eth1,0.00,0.00,0.00,0,0,0.00,0.00,0.00,0,0,0.00,0.00,0,0
1508084494,s2,0.00,0.00,0.00,0,0,0.00,0.00,0.00,0,0,0.00,0.00,0,0
1508084494,s2-eth2,2219.00,97746.00,99965.00,97746,2219,33.00,33.00,66.00,33,33,0.00,0.00,0,0
1508084494,s2-eth1,103777.00,2112.00,105889.00,2112,103777,36.00,32.00,68.00,32,36,0.00,0.00,0,0
1508084494,lo,0.00,0.00,0.00,0,0,0.00,0.00,0.00,0,0,0.00,0.00,0,0
1508084494,s4,0.00,0.00,0.00,0,0,0.00,0.00,0.00,0,0,0.00,0.00,0,0
1508084494,total,105996.00,99858.00,205854.00,99858,105996,69.00,65.00,134.00,65,69,0.00,0.00,0,0
1508084495,s5,0.00,0.00,0.00,0,0,0.00,0.00,0.00,0,0,0.00,0.00,0,0
1508084495,eth0,0.00,0.00,0.00,0,0,0.00,0.00,0.00,0,0,0.00,0.00,0,0
1508084495,eth1,0.00,0.00,0.00,0,0,0.00,0.00,0.00,0,0,0.00,0.00,0,0
1508084495,s2,0.00,0.00,0.00,0,0,0.00,0.00,0.00,0,0,0.00,0.00,0,0
1508084495,s2-eth2,2664.00,80436.00,83100.00,80436,2664,34.00,34.00,68.00,34,34,0.00,0.00,0,0
1508084495,s2-eth1,71550.00,2322.00,73872.00,2322,71550,31.00,33.00,64.00,33,31,0.00,0.00,0,0
1508084495,lo,0.00,0.00,0.00,0,0,0.00,0.00,0.00,0,0,0.00,0.00,0,0
1508084495,s4,0.00,0.00,0.00,0,0,0.00,0.00,0.00,0,0,0.00,0.00,0,0
1508084495,total,74214.00,82758.00,156972.00,82758,74214,65.00,67.00,132.00,67,65,0.00,0.00,0,0
1508084496,s5,0.00,0.00,0.00,0,0,0.00,0.00,0.00,0,0,0.00,0.00,0,0
1508084496,eth0,0.00,0.00,0.00,0,0,0.00,0.00,0.00,0,0,0.00,0.00,0,0
1508084496,eth1,0.00,0.00,0.00,0,0,0.00,0.00,0.00,0,0,0.00,0.00,0,0
1508084496,s2,0.00,0.00,0.00,0,0,0.00,0.00,0.00,0,0,0.00,0.00,0,0
1508084496,s2-eth2,1714.29,79894.11,81608.39,79974,1716,25.97,26.97,52.95,27,26,0.00,0.00,0,0
1508084496,s2-eth1,82853.15,1714.29,84567.44,1716,82936,27.97,25.97,53.95,26,28,0.00,0.00,0,0
1508084496,lo,171.83,171.83,343.66,172,172,3.00,3.00,5.99,3,3,0.00,0.00,0,0
1508084496,s4,0.00,0.00,0.00,0,0,0.00,0.00,0.00,0,0,0.00,0.00,0,0
1508084496,total,84739.27,81780.22,166519.48,81862,84824,56.94,55.94,112.89,56,57,0.00,0.00,0,0
1508084497,s5,0.00,0.00,0.00,0,0,0.00,0.00,0.00,0,0,0.00,0.00,0,0
1508084497,eth0,319.68,319.68,639.36,320,320,4.00,4.00,7.99,4,4,0.00,0.00,0,0
1508084497,eth1,0.00,0.00,0.00,0,0,0.00,0.00,0.00,0,0,0.00,0.00,0,0
1508084497,s2,0.00,0.00,0.00,0,0,0.00,0.00,0.00,0,0,0.00,0.00,0,0
1508084497,s2-eth2,2175.82,103566.44,105742.26,103670,2178,32.97,34.97,67.93,35,33,0.00,0.00,0,0
1508084497,s2-eth1,97648.35,2175.82,99824.18,2178,97746,32.97,32.97,65.93,33,33,0.00,0.00,0,0
1508084497,lo,0.00,0.00,0.00,0,0,0.00,0.00,0.00,0,0,0.00,0.00,0,0
1508084497,s4,0.00,0.00,0.00,0,0,0.00,0.00,0.00,0,0,0.00,0.00,0,0
1508084497,total,100143.86,106061.94,206205.80,106168,100244,69.93,71.93,141.86,72,70,0.00,0.00,0,0
1508084498,s5,0.00,0.00,0.00,0,0,0.00,0.00,0.00,0,0,0.00,0.00,0,0
1508084498,eth0,180.00,180.00,360.00,180,180,3.00,3.00,6.00,3,3,0.00,0.00,0,0
1508084498,eth1,0.00,0.00,0.00,0,0,0.00,0.00,0.00,0,0,0.00,0.00,0,0
1508084498,s2,0.00,0.00,0.00,0,0,0.00,0.00,0.00,0,0,0.00,0.00,0,0
1508084498,s2-eth2,3036.00,151062.00,154098.00,151062,3036,46.00,51.00,97.00,51,46,0.00,0.00,0,0
1508084498,s2-eth1,151404.00,3036.00,154440.00,3036,151404,52.00,46.00,98.00,46,52,0.00,0.00,0,0
1508084498,lo,344.00,344.00,688.00,344,344,6.00,6.00,12.00,6,6,0.00,0.00,0,0
1508084498,s4,0.00,0.00,0.00,0,0,0.00,0.00,0.00,0,0,0.00,0.00,0,0
1508084498,total,154964.00,154622.00,309586.00,154622,154964,107.00,106.00,213.00,106,107,0.00,0.00,0,0
1508084499,s5,0.00,0.00,0.00,0,0,0.00,0.00,0.00,0,0,0.00,0.00,0,0
1508084499,eth0,0.00,0.00,0.00,0,0,0.00,0.00,0.00,0,0,0.00,0.00,0,0
1508084499,eth1,0.00,0.00,0.00,0,0,0.00,0.00,0.00,0,0,0.00,0.00,0,0
1508084499,s2,0.00,0.00,0.00,0,0,0.00,0.00,0.00,0,0,0.00,0.00,0,0
1508084499,s2-eth2,6228.00,217612.00,223840.00,217612,6228,86.00,94.00,180.00,94,86,0.00,0.00,0,0
1508084499,s2-eth1,211490.00,6228.00,217718.00,6228,211490,89.00,86.00,175.00,86,89,0.00,0.00,0,0
1508084499,lo,0.00,0.00,0.00,0,0,0.00,0.00,0.00,0,0,0.00,0.00,0,0
1508084499,s4,0.00,0.00,0.00,0,0,0.00,0.00,0.00,0,0,0.00,0.00,0,0
1508084499,total,217718.00,223840.00,441558.00,223840,217718,175.00,180.00,355.00,180,175,0.00,0.00,0,0
1508084500,s5,0.00,0.00,0.00,0,0,0.00,0.00,0.00,0,0,0.00,0.00,0,0
1508084500,eth0,0.00,0.00,0.00,0,0,0.00,0.00,0.00,0,0,0.00,0.00,0,0
1508084500,eth1,0.00,0.00,0.00,0,0,0.00,0.00,0.00,0,0,0.00,0.00,0,0
1508084500,s2,0.00,0.00,0.00,0,0,0.00,0.00,0.00,0,0,0.00,0.00,0,0
1508084500,s2-eth2,4562.00,175022.00,179584.00,175022,4562,67.00,63.00,130.00,63,67,0.00,0.00,0,0
1508084500,s2-eth1,166268.00,4562.00,170830.00,4562,166268,62.00,67.00,129.00,67,62,0.00,0.00,0,0
1508084500,lo,0.00,0.00,0.00,0,0,0.00,0.00,0.00,0,0,0.00,0.00,0,0
1508084500,s4,0.00,0.00,0.00,0,0,0.00,0.00,0.00,0,0,0.00,0.00,0,0
1508084500,total,170830.00,179584.00,350414.00,179584,170830,129.00,130.00,259.00,130,129,0.00,0.00,0,0
1508084501,s5,0.00,0.00,0.00,0,0,0.00,0.00,0.00,0,0,0.00,0.00,0,0
1508084501,eth0,0.00,0.00,0.00,0,0,0.00,0.00,0.00,0,0,0.00,0.00,0,0
1508084501,eth1,0.00,0.00,0.00,0,0,0.00,0.00,0.00,0,0,0.00,0.00,0,0
1508084501,s2,0.00,0.00,0.00,0,0,0.00,0.00,0.00,0,0,0.00,0.00,0,0
1508084501,s2-eth2,3758.24,171624.38,175382.62,171796,3762,56.94,57.94,114.89,58,57,0.00,0.00,0,0
1508084501,s2-eth1,180501.50,3758.24,184259.75,3762,180682,60.94,56.94,117.88,57,61,0.00,0.00,0,0
1508084501,lo,171.83,171.83,343.66,172,172,3.00,3.00,5.99,3,3,0.00,0.00,0,0
1508084501,s4,0.00,0.00,0.00,0,0,0.00,0.00,0.00,0,0,0.00,0.00,0,0
1508084501,total,184431.58,175554.45,359986.03,175730,184616,120.88,117.88,238.76,118,121,0.00,0.00,0,0
1508084502,s5,0.00,0.00,0.00,0,0,0.00,0.00,0.00,0,0,0.00,0.00,0,0
1508084502,eth0,0.00,0.00,0.00,0,0,0.00,0.00,0.00,0,0,0.00,0.00,0,0
1508084502,eth1,0.00,0.00,0.00,0,0,0.00,0.00,0.00,0,0,0.00,0.00,0,0
1508084502,s2,0.00,0.00,0.00,0,0,0.00,0.00,0.00,0,0,0.00,0.00,0,0
1508084502,s2-eth2,4087.91,168929.08,173016.98,169098,4092,59.94,60.94,120.88,61,60,0.00,0.00,0,0
1508084502,s2-eth1,154133.88,4087.91,158221.78,4092,154288,55.94,59.94,115.88,60,56,0.00,0.00,0,0
1508084502,lo,0.00,0.00,0.00,0,0,0.00,0.00,0.00,0,0,0.00,0.00,0,0
1508084502,s4,0.00,0.00,0.00,0,0,0.00,0.00,0.00,0,0,0.00,0.00,0,0
1508084502,total,158221.78,173016.98,331238.78,173190,158380,115.88,120.88,236.76,121,116,0.00,0.00,0,0
1508084503,s5,0.00,0.00,0.00,0,0,0.00,0.00,0.00,0,0,0.00,0.00,0,0
1508084503,eth0,810.00,828.00,1638.00,828,810,10.00,12.00,22.00,12,10,0.00,0.00,0,0
1508084503,eth1,0.00,0.00,0.00,0,0,0.00,0.00,0.00,0,0,0.00,0.00,0,0
1508084503,s2,0.00,0.00,0.00,0,0,0.00,0.00,0.00,0,0,0.00,0.00,0,0
1508084503,s2-eth2,3686.00,139808.00,143494.00,139808,3686,53.00,56.00,109.00,56,53,0.00,0.00,0,0
1508084503,s2-eth1,145732.00,3686.00,149418.00,3686,145732,58.00,53.00,111.00,53,58,0.00,0.00,0,0
1508084503,lo,344.00,344.00,688.00,344,344,6.00,6.00,12.00,6,6,0.00,0.00,0,0
1508084503,s4,0.00,0.00,0.00,0,0,0.00,0.00,0.00,0,0,0.00,0.00,0,0
1508084503,total,150572.00,144666.00,295238.00,144666,150572,127.00,127.00,254.00,127,127,0.00,0.00,0,0
1508084504,s5,0.00,0.00,0.00,0,0,0.00,0.00,0.00,0,0,0.00,0.00,0,0
1508084504,eth0,0.00,0.00,0.00,0,0,0.00,0.00,0.00,0,0,0.00,0.00,0,0
1508084504,eth1,0.00,0.00,0.00,0,0,0.00,0.00,0.00,0,0,0.00,0.00,0,0
1508084504,s2,0.00,0.00,0.00,0,0,0.00,0.00,0.00,0,0,0.00,0.00,0,0
1508084504,s2-eth2,4021.98,189378.62,193400.61,189568,4026,60.94,63.94,124.88,64,61,0.00,0.00,0,0
1508084504,s2-eth1,171624.38,4021.98,175646.36,4026,171796,57.94,60.94,118.88,61,58,0.00,0.00,0,0
1508084504,lo,0.00,0.00,0.00,0,0,0.00,0.00,0.00,0,0,0.00,0.00,0,0
1508084504,s4,0.00,0.00,0.00,0,0,0.00,0.00,0.00,0,0,0.00,0.00,0,0
1508084504,total,175646.36,193400.61,369046.97,193594,175822,118.88,124.88,243.76,125,119,0.00,0.00,0,0
1508084505,s5,0.00,0.00,0.00,0,0,0.00,0.00,0.00,0,0,0.00,0.00,0,0
1508084505,eth0,0.00,0.00,0.00,0,0,0.00,0.00,0.00,0,0,0.00,0.00,0,0
1508084505,eth1,0.00,0.00,0.00,0,0,0.00,0.00,0.00,0,0,0.00,0.00,0,0
1508084505,s2,0.00,0.00,0.00,0,0,0.00,0.00,0.00,0,0,0.00,0.00,0,0
1508084505,s2-eth2,4086.00,177918.00,182004.00,177918,4086,61.00,63.00,124.00,63,61,0.00,0.00,0,0
1508084505,s2-eth1,191148.00,4086.00,195234.00,4086,191148,66.00,61.00,127.00,61,66,0.00,0.00,0,0
1508084505,lo,0.00,0.00,0.00,0,0,0.00,0.00,0.00,0,0,0.00,0.00,0,0
1508084505,s4,0.00,0.00,0.00,0,0,0.00,0.00,0.00,0,0,0.00,0.00,0,0
1508084505,total,195234.00,182004.00,377238.00,182004,195234,127.00,124.00,251.00,124,127,0.00,0.00,0,0
1508084506,s5,0.00,0.00,0.00,0,0,0.00,0.00,0.00,0,0,0.00,0.00,0,0
1508084506,eth0,0.00,0.00,0.00,0,0,0.00,0.00,0.00,0,0,0.00,0.00,0,0
1508084506,eth1,0.00,0.00,0.00,0,0,0.00,0.00,0.00,0,0,0.00,0.00,0,0
1508084506,s2,0.00,0.00,0.00,0,0,0.00,0.00,0.00,0,0,0.00,0.00,0,0
1508084506,s2-eth2,3822.00,145402.00,149224.00,145402,3822,55.00,53.00,108.00,53,55,0.00,0.00,0,0
1508084506,s2-eth1,132172.00,3822.00,135994.00,3822,132172,50.00,55.00,105.00,55,50,0.00,0.00,0,0
1508084506,lo,172.00,172.00,344.00,172,172,3.00,3.00,6.00,3,3,0.00,0.00,0,0
1508084506,s4,0.00,0.00,0.00,0,0,0.00,0.00,0.00,0,0,0.00,0.00,0,0
1508084506,total,136166.00,149396.00,285562.00,149396,136166,108.00,111.00,219.00,111,108,0.00,0.00,0,0
1508084507,s5,0.00,0.00,0.00,0,0,0.00,0.00,0.00,0,0,0.00,0.00,0,0
1508084507,eth0,0.00,0.00,0.00,0,0,0.00,0.00,0.00,0,0,0.00,0.00,0,0
1508084507,eth1,0.00,0.00,0.00,0,0,0.00,0.00,0.00,0,0,0.00,0.00,0,0
1508084507,s2,0.00,0.00,0.00,0,0,0.00,0.00,0.00,0,0,0.00,0.00,0,0
1508084507,s2-eth2,2865.14,118559.45,121424.58,118678,2868,41.96,42.96,84.92,43,42,0.00,0.00,0,0
1508084507,s2-eth1,127436.57,2931.07,130367.63,2934,127564,45.95,42.96,88.91,43,46,0.00,0.00,0,0
1508084507,lo,0.00,0.00,0.00,0,0,0.00,0.00,0.00,0,0,0.00,0.00,0,0
1508084507,s4,0.00,0.00,0.00,0,0,0.00,0.00,0.00,0,0,0.00,0.00,0,0
1508084507,total,130301.70,121490.52,251792.22,121612,130432,87.91,85.91,173.83,86,88,0.00,0.00,0,0
1508084508,s5,0.00,0.00,0.00,0,0,0.00,0.00,0.00,0,0,0.00,0.00,0,0
1508084508,eth0,180.00,180.00,360.00,180,180,3.00,3.00,6.00,3,3,0.00,0.00,0,0
1508084508,eth1,0.00,0.00,0.00,0,0,0.00,0.00,0.00,0,0,0.00,0.00,0,0
1508084508,s2,0.00,0.00,0.00,0,0,0.00,0.00,0.00,0,0,0.00,0.00,0,0
1508084508,s2-eth2,2868.00,121640.00,124508.00,121640,2868,42.00,44.00,86.00,44,42,0.00,0.00,0,0
1508084508,s2-eth1,109792.00,2802.00,112594.00,2802,109792,40.00,41.00,81.00,41,40,0.00,0.00,0,0
1508084508,lo,344.00,344.00,688.00,344,344,6.00,6.00,12.00,6,6,0.00,0.00,0,0
1508084508,s4,0.00,0.00,0.00,0,0,0.00,0.00,0.00,0,0,0.00,0.00,0,0
1508084508,total,113184.00,124966.00,238150.00,124966,113184,91.00,94.00,185.00,94,91,0.00,0.00,0,0
1508084509,s5,0.00,0.00,0.00,0,0,0.00,0.00,0.00,0,0,0.00,0.00,0,0
1508084509,eth0,0.00,0.00,0.00,0,0,0.00,0.00,0.00,0,0,0.00,0.00,0,0
1508084509,eth1,0.00,0.00,0.00,0,0,0.00,0.00,0.00,0,0,0.00,0.00,0,0
1508084509,s2,0.00,0.00,0.00,0,0,0.00,0.00,0.00,0,0,0.00,0.00,0,0
1508084509,s2-eth2,2904.00,130328.00,133232.00,130328,2904,44.00,44.00,88.00,44,44,0.00,0.00,0,0
1508084509,s2-eth1,133290.00,2904.00,136194.00,2904,133290,45.00,44.00,89.00,44,45,0.00,0.00,0,0
1508084509,lo,0.00,0.00,0.00,0,0,0.00,0.00,0.00,0,0,0.00,0.00,0,0
1508084509,s4,0.00,0.00,0.00,0,0,0.00,0.00,0.00,0,0,0.00,0.00,0,0
1508084509,total,136194.00,133232.00,269426.00,133232,136194,89.00,88.00,177.00,88,89,0.00,0.00,0,0
1508084510,s5,0.00,0.00,0.00,0,0,0.00,0.00,0.00,0,0,0.00,0.00,0,0
1508084510,eth0,304.00,490.00,794.00,490,304,4.00,4.00,8.00,4,4,0.00,0.00,0,0
1508084510,eth1,0.00,0.00,0.00,0,0,0.00,0.00,0.00,0,0,0.00,0.00,0,0
1508084510,s2,0.00,0.00,0.00,0,0,0.00,0.00,0.00,0,0,0.00,0.00,0,0
1508084510,s2-eth2,3500.00,133290.00,136790.00,133290,3500,48.00,45.00,93.00,45,48,0.00,0.00,0,0
1508084510,s2-eth1,130968.00,2970.00,133938.00,2970,130968,48.00,45.00,93.00,45,48,0.00,0.00,0,0
1508084510,lo,682.00,682.00,1364.00,682,682,8.00,8.00,16.00,8,8,0.00,0.00,0,0
1508084510,s4,0.00,0.00,0.00,0,0,0.00,0.00,0.00,0,0,0.00,0.00,0,0
1508084510,total,135454.00,137432.00,272886.00,137432,135454,108.00,102.00,210.00,102,108,0.00,0.00,0,0
1508084511,s5,0.00,0.00,0.00,0,0,0.00,0.00,0.00,0,0,0.00,0.00,0,0
1508084511,eth0,456.00,735.00,1191.00,735,456,6.00,6.00,12.00,6,6,0.00,0.00,0,0
1508084511,eth1,0.00,0.00,0.00,0,0,0.00,0.00,0.00,0,0,0.00,0.00,0,0
1508084511,s2,0.00,0.00,0.00,0,0,0.00,0.00,0.00,0,0,0.00,0.00,0,0
1508084511,s2-eth2,3371.00,130328.00,133699.00,130328,3371,49.00,44.00,93.00,44,49,0.00,0.00,0,0
1508084511,s2-eth1,137141.00,2904.00,140045.00,2904,137141,52.00,44.00,96.00,44,52,0.00,0.00,0,0
1508084511,lo,1195.00,1195.00,2390.00,1195,1195,15.00,15.00,30.00,15,15,0.00,0.00,0,0
1508084511,s4,0.00,0.00,0.00,0,0,0.00,0.00,0.00,0,0,0.00,0.00,0,0
1508084511,total,142163.00,135162.00,277325.00,135162,142163,122.00,109.00,231.00,109,122,0.00,0.00,0,0
1508084512,s5,0.00,0.00,0.00,0,0,0.00,0.00,0.00,0,0,0.00,0.00,0,0
1508084512,eth0,152.00,245.00,397.00,245,152,2.00,2.00,4.00,2,2,0.00,0.00,0,0
1508084512,eth1,0.00,0.00,0.00,0,0,0.00,0.00,0.00,0,0,0.00,0.00,0,0
1508084512,s2,0.00,0.00,0.00,0,0,0.00,0.00,0.00,0,0,0.00,0.00,0,0
1508084512,s2-eth2,5120.00,133752.00,138872.00,133752,5120,56.00,52.00,108.00,52,56,0.00,0.00,0,0
1508084512,s2-eth1,129152.00,3264.00,132416.00,3264,129152,56.00,48.00,104.00,48,56,0.00,0.00,0,0
1508084512,lo,341.00,341.00,682.00,341,341,4.00,4.00,8.00,4,4,0.00,0.00,0,0
1508084512,s4,0.00,0.00,0.00,0,0,0.00,0.00,0.00,0,0,0.00,0.00,0,0
1508084512,total,134765.00,137602.00,272367.00,137602,134765,118.00,106.00,224.00,106,118,0.00,0.00,0,0
1508084513,s5,0.00,0.00,0.00,0,0,0.00,0.00,0.00,0,0,0.00,0.00,0,0
1508084513,eth0,0.00,0.00,0.00,0,0,0.00,0.00,0.00,0,0,0.00,0.00,0,0
1508084513,eth1,0.00,0.00,0.00,0,0,0.00,0.00,0.00,0,0,0.00,0.00,0,0
1508084513,s2,0.00,0.00,0.00,0,0,0.00,0.00,0.00,0,0,0.00,0.00,0,0
1508084513,s2-eth2,4222.00,156986.00,161208.00,156986,4222,54.00,53.00,107.00,53,54,0.00,0.00,0,0
1508084513,s2-eth1,148694.00,3366.00,152060.00,3366,148694,52.00,51.00,103.00,51,52,0.00,0.00,0,0
1508084513,lo,344.00,344.00,688.00,344,344,6.00,6.00,12.00,6,6,0.00,0.00,0,0
1508084513,s4,0.00,0.00,0.00,0,0,0.00,0.00,0.00,0,0,0.00,0.00,0,0
1508084513,total,153260.00,160696.00,313956.00,160696,153260,112.00,110.00,222.00,110,112,0.00,0.00,0,0
1508084514,s5,0.00,0.00,0.00,0,0,0.00,0.00,0.00,0,0,0.00,0.00,0,0
1508084514,eth0,0.00,0.00,0.00,0,0,0.00,0.00,0.00,0,0,0.00,0.00,0,0
1508084514,eth1,0.00,0.00,0.00,0,0,0.00,0.00,0.00,0,0,0.00,0.00,0,0
1508084514,s2,0.00,0.00,0.00,0,0,0.00,0.00,0.00,0,0,0.00,0.00,0,0
1508084514,s2-eth2,3331.67,111788.21,115119.88,111900,3335,46.95,49.95,96.90,50,47,0.00,0.00,0,0
1508084514,s2-eth1,121047.95,3224.78,124272.73,3228,121169,53.95,45.95,99.90,46,54,0.00,0.00,0,0
1508084514,lo,0.00,0.00,0.00,0,0,0.00,0.00,0.00,0,0,0.00,0.00,0,0
1508084514,s4,0.00,0.00,0.00,0,0,0.00,0.00,0.00,0,0,0.00,0.00,0,0
1508084514,total,124379.62,115012.99,239392.61,115128,124504,100.90,95.90,196.80,96,101,0.00,0.00,0,0
1508084515,s5,0.00,0.00,0.00,0,0,0.00,0.00,0.00,0,0,0.00,0.00,0,0
1508084515,eth0,0.00,0.00,0.00,0,0,0.00,0.00,0.00,0,0,0.00,0.00,0,0
1508084515,eth1,0.00,0.00,0.00,0,0,0.00,0.00,0.00,0,0,0.00,0.00,0,0
1508084515,s2,0.00,0.00,0.00,0,0,0.00,0.00,0.00,0,0,0.00,0.00,0,0
1508084515,s2-eth2,2779.00,99260.00,102039.00,99260,2779,39.00,34.00,73.00,34,39,0.00,0.00,0,0
1508084515,s2-eth1,91104.00,2442.00,93546.00,2442,91104,35.00,37.00,72.00,37,35,0.00,0.00,0,0
1508084515,lo,0.00,0.00,0.00,0,0,0.00,0.00,0.00,0,0,0.00,0.00,0,0
1508084515,s4,0.00,0.00,0.00,0,0,0.00,0.00,0.00,0,0,0.00,0.00,0,0
1508084515,total,93883.00,101702.00,195585.00,101702,93883,74.00,71.00,145.00,71,74,0.00,0.00,0,0
1508084516,s5,0.00,0.00,0.00,0,0,0.00,0.00,0.00,0,0,0.00,0.00,0,0
1508084516,eth0,0.00,0.00,0.00,0,0,0.00,0.00,0.00,0,0,0.00,0.00,0,0
1508084516,eth1,0.00,0.00,0.00,0,0,0.00,0.00,0.00,0,0,0.00,0.00,0,0
1508084516,s2,0.00,0.00,0.00,0,0,0.00,0.00,0.00,0,0,0.00,0.00,0,0
1508084516,s2-eth2,2439.00,73064.00,75503.00,73064,2439,31.00,32.00,63.00,32,31,0.00,0.00,0,0
1508084516,s2-eth1,74512.00,2112.00,76624.00,2112,74512,32.00,30.00,62.00,30,32,0.00,0.00,0,0
1508084516,lo,172.00,172.00,344.00,172,172,3.00,3.00,6.00,3,3,0.00,0.00,0,0
1508084516,s4,0.00,0.00,0.00,0,0,0.00,0.00,0.00,0,0,0.00,0.00,0,0
1508084516,total,77123.00,75348.00,152471.00,75348,77123,66.00,65.00,131.00,65,66,0.00,0.00,0,0
1508084517,s5,0.00,0.00,0.00,0,0,0.00,0.00,0.00,0,0,0.00,0.00,0,0
1508084517,eth0,0.00,0.00,0.00,0,0,0.00,0.00,0.00,0,0,0.00,0.00,0,0
1508084517,eth1,0.00,0.00,0.00,0,0,0.00,0.00,0.00,0,0,0.00,0.00,0,0
1508084517,s2,0.00,0.00,0.00,0,0,0.00,0.00,0.00,0,0,0.00,0.00,0,0
1508084517,s2-eth2,2178.00,97746.00,99924.00,97746,2178,33.00,33.00,66.00,33,33,0.00,0.00,0,0
1508084517,s2-eth1,94784.00,2178.00,96962.00,2178,94784,32.00,33.00,65.00,33,32,0.00,0.00,0,0
1508084517,lo,0.00,0.00,0.00,0,0,0.00,0.00,0.00,0,0,0.00,0.00,0,0
1508084517,s4,0.00,0.00,0.00,0,0,0.00,0.00,0.00,0,0,0.00,0.00,0,0
1508084517,total,96962.00,99924.00,196886.00,99924,96962,65.00,66.00,131.00,66,65,0.00,0.00,0,0
1508084518,s5,0.00,0.00,0.00,0,0,0.00,0.00,0.00,0,0,0.00,0.00,0,0
1508084518,eth0,180.00,180.00,360.00,180,180,3.00,3.00,6.00,3,3,0.00,0.00,0,0
1508084518,eth1,0.00,0.00,0.00,0,0,0.00,0.00,0.00,0,0,0.00,0.00,0,0
1508084518,s2,0.00,0.00,0.00,0,0,0.00,0.00,0.00,0,0,0.00,0.00,0,0
1508084518,s2-eth2,2327.00,94826.00,97153.00,94826,2327,35.00,33.00,68.00,33,35,0.00,0.00,0,0
1508084518,s2-eth1,97895.00,2220.00,100115.00,2220,97895,35.00,34.00,69.00,34,35,0.00,0.00,0,0
1508084518,lo,344.00,344.00,688.00,344,344,6.00,6.00,12.00,6,6,0.00,0.00,0,0
1508084518,s4,0.00,0.00,0.00,0,0,0.00,0.00,0.00,0,0,0.00,0.00,0,0
1508084518,total,100746.00,97570.00,198316.00,97570,100746,79.00,76.00,155.00,76,79,0.00,0.00,0,0
1508084519,s5,0.00,0.00,0.00,0,0,0.00,0.00,0.00,0,0,0.00,0.00,0,0
1508084519,eth0,0.00,0.00,0.00,0,0,0.00,0.00,0.00,0,0,0.00,0.00,0,0
1508084519,eth1,0.00,0.00,0.00,0,0,0.00,0.00,0.00,0,0,0.00,0.00,0,0
1508084519,s2,0.00,0.00,0.00,0,0,0.00,0.00,0.00,0,0,0.00,0.00,0,0
1508084519,s2-eth2,2512.00,118480.00,120992.00,118480,2512,38.00,40.00,78.00,40,38,0.00,0.00,0,0
1508084519,s2-eth1,115588.00,2442.00,118030.00,2442,115588,40.00,37.00,77.00,37,40,0.00,0.00,0,0
1508084519,lo,0.00,0.00,0.00,0,0,0.00,0.00,0.00,0,0,0.00,0.00,0,0
1508084519,s4,0.00,0.00,0.00,0,0,0.00,0.00,0.00,0,0,0.00,0.00,0,0
1508084519,total,118100.00,120922.00,239022.00,120922,118100,78.00,77.00,155.00,77,78,0.00,0.00,0,0
1508084520,s5,0.00,0.00,0.00,0,0,0.00,0.00,0.00,0,0,0.00,0.00,0,0
1508084520,eth0,0.00,0.00,0.00,0,0,0.00,0.00,0.00,0,0,0.00,0.00,0,0
1508084520,eth1,0.00,0.00,0.00,0,0,0.00,0.00,0.00,0,0,0.00,0.00,0,0
1508084520,s2,0.00,0.00,0.00,0,0,0.00,0.00,0.00,0,0,0.00,0.00,0,0
1508084520,s2-eth2,2985.02,103896.11,106881.12,104000,2988,39.96,39.96,79.92,40,40,0.00,0.00,0,0
1508084520,s2-eth1,100937.06,2643.36,103580.42,2646,101038,38.96,38.96,77.92,39,39,0.00,0.00,0,0
1508084520,lo,0.00,0.00,0.00,0,0,0.00,0.00,0.00,0,0,0.00,0.00,0,0
1508084520,s4,0.00,0.00,0.00,0,0,0.00,0.00,0.00,0,0,0.00,0.00,0,0
1508084520,total,103922.08,106539.46,210461.55,106646,104026,78.92,78.92,157.84,79,79,0.00,0.00,0,0
1508084521,s5,0.00,0.00,0.00,0,0,0.00,0.00,0.00,0,0,0.00,0.00,0,0
1508084521,eth0,0.00,0.00,0.00,0,0,0.00,0.00,0.00,0,0,0.00,0.00,0,0
1508084521,eth1,0.00,0.00,0.00,0,0,0.00,0.00,0.00,0,0,0.00,0.00,0,0
1508084521,s2,0.00,0.00,0.00,0,0,0.00,0.00,0.00,0,0,0.00,0.00,0,0
1508084521,s2-eth2,2508.00,115518.00,118026.00,115518,2508,38.00,39.00,77.00,39,38,0.00,0.00,0,0
1508084521,s2-eth1,115518.00,2508.00,118026.00,2508,115518,39.00,38.00,77.00,38,39,0.00,0.00,0,0
1508084521,lo,172.00,172.00,344.00,172,172,3.00,3.00,6.00,3,3,0.00,0.00,0,0
1508084521,s4,0.00,0.00,0.00,0,0,0.00,0.00,0.00,0,0,0.00,0.00,0,0
1508084521,total,118198.00,118198.00,236396.00,118198,118198,80.00,80.00,160.00,80,80,0.00,0.00,0,0
1508084522,s5,0.00,0.00,0.00,0,0,0.00,0.00,0.00,0,0,0.00,0.00,0,0
1508084522,eth0,0.00,0.00,0.00,0,0,0.00,0.00,0.00,0,0,0.00,0.00,0,0
1508084522,eth1,0.00,0.00,0.00,0,0,0.00,0.00,0.00,0,0,0.00,0.00,0,0
1508084522,s2,0.00,0.00,0.00,0,0,0.00,0.00,0.00,0,0,0.00,0.00,0,0
1508084522,s2-eth2,2574.00,118480.00,121054.00,118480,2574,39.00,40.00,79.00,40,39,0.00,0.00,0,0
1508084522,s2-eth1,112898.00,2574.00,115472.00,2574,112898,39.00,39.00,78.00,39,39,0.00,0.00,0,0
1508084522,lo,0.00,0.00,0.00,0,0,0.00,0.00,0.00,0,0,0.00,0.00,0,0
1508084522,s4,0.00,0.00,0.00,0,0,0.00,0.00,0.00,0,0,0.00,0.00,0,0
1508084522,total,115472.00,121054.00,236526.00,121054,115472,78.00,79.00,157.00,79,78,0.00,0.00,0,0
1508084523,s5,0.00,0.00,0.00,0,0,0.00,0.00,0.00,0,0,0.00,0.00,0,0
1508084523,eth0,0.00,0.00,0.00,0,0,0.00,0.00,0.00,0,0,0.00,0.00,0,0
1508084523,eth1,0.00,0.00,0.00,0,0,0.00,0.00,0.00,0,0,0.00,0.00,0,0
1508084523,s2,0.00,0.00,0.00,0,0,0.00,0.00,0.00,0,0,0.00,0.00,0,0
1508084523,s2-eth2,2670.00,101104.00,103774.00,101104,2670,39.00,40.00,79.00,40,39,0.00,0.00,0,0
1508084523,s2-eth1,107028.00,2670.00,109698.00,2670,107028,42.00,39.00,81.00,39,42,0.00,0.00,0,0
1508084523,lo,344.00,344.00,688.00,344,344,6.00,6.00,12.00,6,6,0.00,0.00,0,0
1508084523,s4,0.00,0.00,0.00,0,0,0.00,0.00,0.00,0,0,0.00,0.00,0,0
1508084523,total,110042.00,104118.00,214160.00,104118,110042,87.00,85.00,172.00,85,87,0.00,0.00,0,0
1508084524,s5,0.00,0.00,0.00,0,0,0.00,0.00,0.00,0,0,0.00,0.00,0,0
1508084524,eth0,0.00,0.00,0.00,0,0,0.00,0.00,0.00,0,0,0.00,0.00,0,0
1508084524,eth1,0.00,0.00,0.00,0,0,0.00,0.00,0.00,0,0,0.00,0.00,0,0
1508084524,s2,0.00,0.00,0.00,0,0,0.00,0.00,0.00,0,0,0.00,0.00,0,0
1508084524,s2-eth2,2904.00,136252.00,139156.00,136252,2904,44.00,46.00,90.00,46,44,0.00,0.00,0,0
1508084524,s2-eth1,130328.00,2904.00,133232.00,2904,130328,44.00,44.00,88.00,44,44,0.00,0.00,0,0
1508084524,lo,0.00,0.00,0.00,0,0,0.00,0.00,0.00,0,0,0.00,0.00,0,0
1508084524,s4,0.00,0.00,0.00,0,0,0.00,0.00,0.00,0,0,0.00,0.00,0,0
1508084524,total,133232.00,139156.00,272388.00,139156,133232,88.00,90.00,178.00,90,88,0.00,0.00,0,0
1508084525,s5,0.00,0.00,0.00,0,0,0.00,0.00,0.00,0,0,0.00,0.00,0,0
1508084525,eth0,0.00,0.00,0.00,0,0,0.00,0.00,0.00,0,0,0.00,0.00,0,0
1508084525,eth1,0.00,0.00,0.00,0,0,0.00,0.00,0.00,0,0,0.00,0.00,0,0
1508084525,s2,0.00,0.00,0.00,0,0,0.00,0.00,0.00,0,0,0.00,0.00,0,0
1508084525,s2-eth2,3000.00,95320.00,98320.00,95320,3000,44.00,40.00,84.00,40,44,0.00,0.00,0,0
1508084525,s2-eth1,104140.00,3000.00,107140.00,3000,104140,42.00,44.00,86.00,44,42,0.00,0.00,0,0
1508084525,lo,0.00,0.00,0.00,0,0,0.00,0.00,0.00,0,0,0.00,0.00,0,0
1508084525,s4,0.00,0.00,0.00,0,0,0.00,0.00,0.00,0,0,0.00,0.00,0,0
1508084525,total,107140.00,98320.00,205460.00,98320,107140,86.00,84.00,170.00,84,86,0.00,0.00,0,0
1508084526,s5,0.00,0.00,0.00,0,0,0.00,0.00,0.00,0,0,0.00,0.00,0,0
1508084526,eth0,0.00,0.00,0.00,0,0,0.00,0.00,0.00,0,0,0.00,0.00,0,0
1508084526,eth1,0.00,0.00,0.00,0,0,0.00,0.00,0.00,0,0,0.00,0.00,0,0
1508084526,s2,0.00,0.00,0.00,0,0,0.00,0.00,0.00,0,0,0.00,0.00,0,0
1508084526,s2-eth2,107.00,0.00,107.00,0,107,1.00,0.00,1.00,0,1,0.00,0.00,0,0
1508084526,s2-eth1,173.00,0.00,173.00,0,173,2.00,0.00,2.00,0,2,0.00,0.00,0,0
1508084526,lo,172.00,172.00,344.00,172,172,3.00,3.00,6.00,3,3,0.00,0.00,0,0
1508084526,s4,0.00,0.00,0.00,0,0,0.00,0.00,0.00,0,0,0.00,0.00,0,0
1508084526,total,452.00,172.00,624.00,172,452,6.00,3.00,9.00,3,6,0.00,0.00,0,0
1508084527,s5,0.00,0.00,0.00,0,0,0.00,0.00,0.00,0,0,0.00,0.00,0,0
1508084527,eth0,0.00,0.00,0.00,0,0,0.00,0.00,0.00,0,0,0.00,0.00,0,0
1508084527,eth1,0.00,0.00,0.00,0,0,0.00,0.00,0.00,0,0,0.00,0.00,0,0
1508084527,s2,0.00,0.00,0.00,0,0,0.00,0.00,0.00,0,0,0.00,0.00,0,0
1508084527,s2-eth2,0.00,0.00,0.00,0,0,0.00,0.00,0.00,0,0,0.00,0.00,0,0
1508084527,s2-eth1,0.00,0.00,0.00,0,0,0.00,0.00,0.00,0,0,0.00,0.00,0,0
1508084527,lo,0.00,0.00,0.00,0,0,0.00