1508082913,s5,0.00,0.00,0.00,0,0,0.00,0.00,0.00,0,0,0.00,0.00,0,0
1508082913,s1,0.00,0.00,0.00,0,0,0.00,0.00,0.00,0,0,0.00,0.00,0,0
1508082913,eth0,0.00,0.00,0.00,0,0,0.00,0.00,0.00,0,0,0.00,0.00,0,0
1508082913,eth1,0.00,0.00,0.00,0,0,0.00,0.00,0.00,0,0,0.00,0.00,0,0
1508082913,s1-eth2,0.00,0.00,0.00,0,0,0.00,0.00,0.00,0,0,0.00,0.00,0,0
1508082913,s1-eth1,0.00,0.00,0.00,0,0,0.00,0.00,0.00,0,0,0.00,0.00,0,0
1508082913,lo,0.00,0.00,0.00,0,0,0.00,0.00,0.00,0,0,0.00,0.00,0,0
1508082913,s4,0.00,0.00,0.00,0,0,0.00,0.00,0.00,0,0,0.00,0.00,0,0
1508082913,total,0.00,0.00,0.00,0,0,0.00,0.00,0.00,0,0,0.00,0.00,0,0
1508082914,s5,0.00,0.00,0.00,0,0,0.00,0.00,0.00,0,0,0.00,0.00,0,0
1508082914,s1,249.25,408.77,658.03,410,250,2.99,4.99,7.98,5,3,0.00,0.00,0,0
1508082914,eth0,0.00,0.00,0.00,0,0,0.00,0.00,0.00,0,0,0.00,0.00,0,0
1508082914,eth1,0.00,0.00,0.00,0,0,0.00,0.00,0.00,0,0,0.00,0.00,0,0
1508082914,s1-eth2,9087.74,214562.31,223650.05,215206,9115,114.66,100.70,215.35,101,115,0.00,0.00,0,0
1508082914,s1-eth1,246542.47,8033.97,254576.44,8042,246789,122.88,106.89,229.77,107,123,0.00,0.00,0,0
1508082914,lo,2189.81,2189.81,4379.62,2192,2192,22.98,22.98,45.95,23,23,0.00,0.00,0,0
1508082914,s4,0.00,0.00,0.00,0,0,0.00,0.00,0.00,0,0,0.00,0.00,0,0
1508082914,total,258087.92,225624.38,483712.31,225850,258346,263.74,235.76,499.50,236,264,0.00,0.00,0,0
1508082915,s5,0.00,0.00,0.00,0,0,0.00,0.00,0.00,0,0,0.00,0.00,0,0
1508082915,s1,0.00,89.91,89.91,90,0,0.00,1.00,1.00,1,0,0.00,0.00,0,0
1508082915,eth0,0.00,0.00,0.00,0,0,0.00,0.00,0.00,0,0,0.00,0.00,0,0
1508082915,eth1,0.00,0.00,0.00,0,0,0.00,0.00,0.00,0,0,0.00,0.00,0,0
1508082915,s1-eth2,8171.83,245100.91,253272.73,245346,8180,99.90,96.90,196.80,97,100,0.00,0.00,0,0
1508082915,s1-eth1,244630.38,6441.56,251071.94,6448,244875,99.90,91.91,191.81,92,100,0.00,0.00,0,0
1508082915,lo,287.71,287.71,575.42,288,288,3.00,3.00,5.99,3,3,0.00,0.00,0,0
1508082915,s4,0.00,0.00,0.00,0,0,0.00,0.00,0.00,0,0,0.00,0.00,0,0
1508082915,total,253089.92,251920.09,505010.00,252172,253343,202.80,192.81,395.60,193,203,0.00,0.00,0,0
1508082916,s5,0.00,0.00,0.00,0,0,0.00,0.00,0.00,0,0,0.00,0.00,0,0
1508082916,s1,0.00,0.00,0.00,0,0,0.00,0.00,0.00,0,0,0.00,0.00,0,0
1508082916,eth0,304.00,490.00,794.00,490,304,4.00,4.00,8.00,4,4,0.00,0.00,0,0
1508082916,eth1,0.00,0.00,0.00,0,0,0.00,0.00,0.00,0,0,0.00,0.00,0,0
1508082916,s1-eth2,8296.00,238218.00,246514.00,238218,8296,111.00,121.00,232.00,121,111,0.00,0.00,0,0
1508082916,s1-eth1,221957.00,7702.00,229659.00,7702,221957,112.00,109.00,221.00,109,112,0.00,0.00,0,0
1508082916,lo,682.00,682.00,1364.00,682,682,8.00,8.00,16.00,8,8,0.00,0.00,0,0
1508082916,s4,0.00,0.00,0.00,0,0,0.00,0.00,0.00,0,0,0.00,0.00,0,0
1508082916,total,231239.00,247092.00,478331.00,247092,231239,235.00,242.00,477.00,242,235,0.00,0.00,0,0
1508082917,s5,0.00,0.00,0.00,0,0,0.00,0.00,0.00,0,0,0.00,0.00,0,0
1508082917,s1,0.00,0.00,0.00,0,0,0.00,0.00,0.00,0,0,0.00,0.00,0,0
1508082917,eth0,151.85,244.76,396.60,245,152,2.00,2.00,4.00,2,2,0.00,0.00,0,0
1508082917,eth1,0.00,0.00,0.00,0,0,0.00,0.00,0.00,0,0,0.00,0.00,0,0
1508082917,s1-eth2,5027.97,203518.48,208546.45,203722,5033,73.93,80.92,154.85,81,74,0.00,0.00,0,0
1508082917,s1-eth1,190477.53,4921.08,195398.61,4926,190668,76.92,72.93,149.85,73,77,0.00,0.00,0,0
1508082917,lo,684.32,684.32,1368.63,685,685,9.99,9.99,19.98,10,10,0.00,0.00,0,0
1508082917,s4,0.00,0.00,0.00,0,0,0.00,0.00,0.00,0,0,0.00,0.00,0,0
1508082917,total,196341.66,209368.64,405710.31,209578,196538,162.84,165.83,328.67,166,163,0.00,0.00,0,0
1508082918,s5,0.00,0.00,0.00,0,0,0.00,0.00,0.00,0,0,0.00,0.00,0,0
1508082918,s1,69.93,139.86,209.79,140,70,1.00,2.00,3.00,2,1,0.00,0.00,0,0
1508082918,eth0,0.00,0.00,0.00,0,0,0.00,0.00,0.00,0,0,0.00,0.00,0,0
1508082918,eth1,0.00,0.00,0.00,0,0,0.00,0.00,0.00,0,0,0.00,0.00,0,0
1508082918,s1-eth2,6257.74,251720.28,257978.03,251972,6264,86.91,87.91,174.83,88,87,0.00,0.00,0,0
1508082918,s1-eth1,246268.73,5524.48,251793.22,5530,246515,88.91,82.92,171.83,83,89,0.00,0.00,0,0
1508082918,lo,803.20,803.20,1606.39,804,804,8.99,8.99,17.98,9,9,0.00,0.00,0,0
1508082918,s4,0.00,0.00,0.00,0,0,0.00,0.00,0.00,0,0,0.00,0.00,0,0
1508082918,total,253399.61,258187.81,511587.44,258446,253653,185.81,181.82,367.63,182,186,0.00,0.00,0,0
1508082919,s5,0.00,0.00,0.00,0,0,0.00,0.00,0.00,0,0,0.00,0.00,0,0
1508082919,s1,0.00,0.00,0.00,0,0,0.00,0.00,0.00,0,0,0.00,0.00,0,0
1508082919,eth0,0.00,0.00,0.00,0,0,0.00,0.00,0.00,0,0,0.00,0.00,0,0
1508082919,eth1,0.00,0.00,0.00,0,0,0.00,0.00,0.00,0,0,0.00,0.00,0,0
1508082919,s1-eth2,6501.50,249416.59,255918.09,249666,6508,93.91,96.90,190.81,97,94,0.00,0.00,0,0
1508082919,s1-eth1,243432.58,6501.50,249934.08,6508,243676,93.91,93.91,187.81,94,94,0.00,0.00,0,0
1508082919,lo,0.00,0.00,0.00,0,0,0.00,0.00,0.00,0,0,0.00,0.00,0,0
1508082919,s4,0.00,0.00,0.00,0,0,0.00,0.00,0.00,0,0,0.00,0.00,0,0
1508082919,total,249934.08,255918.09,505852.16,256174,250184,187.81,190.81,378.62,191,188,0.00,0.00,0,0
1508082920,s5,0.00,0.00,0.00,0,0,0.00,0.00,0.00,0,0,0.00,0.00,0,0
1508082920,s1,0.00,0.00,0.00,0,0,0.00,0.00,0.00,0,0,0.00,0.00,0,0
1508082920,eth0,0.00,0.00,0.00,0,0,0.00,0.00,0.00,0,0,0.00,0.00,0,0
1508082920,eth1,0.00,0.00,0.00,0,0,0.00,0.00,0.00,0,0,0.00,0.00,0,0
1508082920,s1-eth2,5754.00,259802.00,265556.00,259802,5754,85.00,97.00,182.00,97,85,0.00,0.00,0,0
1508082920,s1-eth1,243478.00,5754.00,249232.00,5754,243478,91.00,85.00,176.00,85,91,0.00,0.00,0,0
1508082920,lo,0.00,0.00,0.00,0,0,0.00,0.00,0.00,0,0,0.00,0.00,0,0
1508082920,s4,0.00,0.00,0.00,0,0,0.00,0.00,0.00,0,0,0.00,0.00,0,0
1508082920,total,249232.00,265556.00,514788.00,265556,249232,176.00,182.00,358.00,182,176,0.00,0.00,0,0
1508082921,s5,0.00,0.00,0.00,0,0,0.00,0.00,0.00,0,0,0.00,0.00,0,0
1508082921,s1,0.00,0.00,0.00,0,0,0.00,0.00,0.00,0,0,0.00,0.00,0,0
1508082921,eth0,59.94,59.94,119.88,60,60,1.00,1.00,2.00,1,1,0.00,0.00,0,0
1508082921,eth1,0.00,0.00,0.00,0,0,0.00,0.00,0.00,0,0,0.00,0.00,0,0
1508082921,s1-eth2,5789.21,248559.45,254348.66,248808,5795,82.92,83.92,166.83,84,83,0.00,0.00,0,0
1508082921,s1-eth1,245707.30,5340.66,251047.95,5346,245953,83.92,80.92,164.84,81,84,0.00,0.00,0,0
1508082921,lo,0.00,0.00,0.00,0,0,0.00,0.00,0.00,0,0,0.00,0.00,0,0
1508082921,s4,0.00,0.00,0.00,0,0,0.00,0.00,0.00,0,0,0.00,0.00,0,0
1508082921,total,251556.45,253960.05,505516.50,254214,251808,167.83,165.83,333.67,166,168,0.00,0.00,0,0
1508082922,s5,0.00,0.00,0.00,0,0,0.00,0.00,0.00,0,0,0.00,0.00,0,0
1508082922,s1,69.93,139.86,209.79,140,70,1.00,2.00,3.00,2,1,0.00,0.00,0,0
1508082922,eth0,0.00,0.00,0.00,0,0,0.00,0.00,0.00,0,0,0.00,0.00,0,0
1508082922,eth1,0.00,0.00,0.00,0,0,0.00,0.00,0.00,0,0,0.00,0.00,0,0
1508082922,s1-eth2,6131.87,249156.84,255288.72,249406,6138,90.91,92.91,183.82,93,91,0.00,0.00,0,0
1508082922,s1-eth1,246337.67,5992.01,252329.67,5998,246584,93.91,88.91,182.82,89,94,0.00,0.00,0,0
1508082922,lo,1146.85,1146.85,2293.71,1148,1148,14.99,14.99,29.97,15,15,0.00,0.00,0,0
1508082922,s4,0.00,0.00,0.00,0,0,0.00,0.00,0.00,0,0,0.00,0.00,0,0
1508082922,total,253686.33,256435.58,510121.91,256692,253940,200.80,198.80,399.60,199,201,0.00,0.00,0,0
1508082923,s5,0.00,0.00,0.00,0,0,0.00,0.00,0.00,0,0,0.00,0.00,0,0
1508082923,s1,0.00,0.00,0.00,0,0,0.00,0.00,0.00,0,0,0.00,0.00,0,0
1508082923,eth0,0.00,0.00,0.00,0,0,0.00,0.00,0.00,0,0,0.00,0.00,0,0
1508082923,eth1,0.00,0.00,0.00,0,0,0.00,0.00,0.00,0,0,0.00,0.00,0,0
1508082923,s1-eth2,6347.65,259740.27,266087.91,260000,6354,92.91,99.90,192.81,100,93,0.00,0.00,0,0
1508082923,s1-eth1,243774.23,6347.65,250121.89,6354,244018,94.91,92.91,187.81,93,95,0.00,0.00,0,0
1508082923,lo,0.00,0.00,0.00,0,0,0.00,0.00,0.00,0,0,0.00,0.00,0,0
1508082923,s4,0.00,0.00,0.00,0,0,0.00,0.00,0.00,0,0,0.00,0.00,0,0
1508082923,total,250121.89,266087.91,516209.81,266354,250372,187.81,192.81,380.62,193,188,0.00,0.00,0,0
1508082924,s5,0.00,0.00,0.00,0,0,0.00,0.00,0.00,0,0,0.00,0.00,0,0
1508082924,s1,0.00,0.00,0.00,0,0,0.00,0.00,0.00,0,0,0.00,0.00,0,0
1508082924,eth0,0.00,0.00,0.00,0,0,0.00,0.00,0.00,0,0,0.00,0.00,0,0
1508082924,eth1,0.00,0.00,0.00,0,0,0.00,0.00,0.00,0,0,0.00,0.00,0,0
1508082924,s1-eth2,5628.00,249138.00,254766.00,249138,5628,84.00,89.00,173.00,89,84,0.00,0.00,0,0
1508082924,s1-eth1,246176.00,5694.00,251870.00,5694,246176,88.00,85.00,173.00,85,88,0.00,0.00,0,0
1508082924,lo,0.00,0.00,0.00,0,0,0.00,0.00,0.00,0,0,0.00,0.00,0,0
1508082924,s4,0.00,0.00,0.00,0,0,0.00,0.00,0.00,0,0,0.00,0.00,0,0
1508082924,total,251804.00,254832.00,506636.00,254832,251804,172.00,174.00,346.00,174,172,0.00,0.00,0,0
1508082925,s5,0.00,0.00,0.00,0,0,0.00,0.00,0.00,0,0,0.00,0.00,0,0
1508082925,s1,0.00,0.00,0.00,0,0,0.00,0.00,0.00,0,0,0.00,0.00,0,0
1508082925,eth0,0.00,0.00,0.00,0,0,0.00,0.00,0.00,0,0,0.00,0.00,0,0
1508082925,eth1,0.00,0.00,0.00,0,0,0.00,0.00,0.00,0,0,0.00,0.00,0,0
1508082925,s1-eth2,5586.41,251782.22,257368.64,252034,5592,83.92,88.91,172.83,89,84,0.00,0.00,0,0
1508082925,s1-eth1,245864.14,5520.48,251384.62,5526,246110,86.91,82.92,169.83,83,87,0.00,0.00,0,0
1508082925,lo,0.00,0.00,0.00,0,0,0.00,0.00,0.00,0,0,0.00,0.00,0,0
1508082925,s4,0.00,0.00,0.00,0,0,0.00,0.00,0.00,0,0,0.00,0.00,0,0
1508082925,total,251702.00,257560.00,509262.00,257560,251702,171.00,172.00,343.00,172,171,0.00,0.00,0,0
1508082926,s5,0.00,0.00,0.00,0,0,0.00,0.00,0.00,0,0,0.00,0.00,0,0
1508082926,s1,0.00,0.00,0.00,0,0,0.00,0.00,0.00,0,0,0.00,0.00,0,0
1508082926,eth0,0.00,0.00,0.00,0,0,0.00,0.00,0.00,0,0,0.00,0.00,0,0
1508082926,eth1,0.00,0.00,0.00,0,0,0.00,0.00,0.00,0,0,0.00,0.00,0,0
1508082926,s1-eth2,5916.00,249270.00,255186.00,249270,5916,88.00,91.00,179.00,91,88,0.00,0.00,0,0
1508082926,s1-eth1,243346.00,5916.00,249262.00,5916,243346,89.00,88.00,177.00,88,89,0.00,0.00,0,0
1508082926,lo,172.00,172.00,344.00,172,172,3.00,3.00,6.00,3,3,0.00,0.00,0,0
1508082926,s4,0.00,0.00,0.00,0,0,0.00,0.00,0.00,0,0,0.00,0.00,0,0
1508082926,total,249434.00,255358.00,504792.00,255358,249434,180.00,182.00,362.00,182,180,0.00,0.00,0,0
1508082927,s5,0.00,0.00,0.00,0,0,0.00,0.00,0.00,0,0,0.00,0.00,0,0
1508082927,s1,0.00,0.00,0.00,0,0,0.00,0.00,0.00,0,0,0.00,0.00,0,0
1508082927,eth0,0.00,0.00,0.00,0,0,0.00,0.00,0.00,0,0,0.00,0.00,0,0
1508082927,eth1,0.00,0.00,0.00,0,0,0.00,0.00,0.00,0,0,0.00,0.00,0,0
1508082927,s1-eth2,5898.00,249468.00,255366.00,249468,5898,87.00,94.00,181.00,94,87,0.00,0.00,0,0
1508082927,s1-eth1,246506.00,5898.00,252404.00,5898,246506,93.00,87.00,180.00,87,93,0.00,0.00,0,0
1508082927,lo,344.00,344.00,688.00,344,344,6.00,6.00,12.00,6,6,0.00,0.00,0,0
1508082927,s4,0.00,0.00,0.00,0,0,0.00,0.00,0.00,0,0,0.00,0.00,0,0
1508082927,total,252748.00,255710.00,508458.00,255710,252748,186.00,187.00,373.00,187,186,0.00,0.00,0,0
1508082928,s5,0.00,0.00,0.00,0,0,0.00,0.00,0.00,0,0,0.00,0.00,0,0
1508082928,s1,0.00,0.00,0.00,0,0,0.00,0.00,0.00,0,0,0.00,0.00,0,0
1508082928,eth0,0.00,0.00,0.00,0,0,0.00,0.00,0.00,0,0,0.00,0.00,0,0
1508082928,eth1,0.00,0.00,0.00,0,0,0.00,0.00,0.00,0,0,0.00,0.00,0,0
1508082928,s1-eth2,5412.00,251770.00,257182.00,251770,5412,82.00,85.00,167.00,85,82,0.00,0.00,0,0
1508082928,s1-eth1,242884.00,5412.00,248296.00,5412,242884,82.00,82.00,164.00,82,82,0.00,0.00,0,0
1508082928,lo,0.00,0.00,0.00,0,0,0.00,0.00,0.00,0,0,0.00,0.00,0,0
1508082928,s4,0.00,0.00,0.00,0,0,0.00,0.00,0.00,0,0,0.00,0.00,0,0
1508082928,total,248296.00,257182.00,505478.00,257182,248296,164.00,167.00,331.00,167,164,0.00,0.00,0,0
1508082929,s5,0.00,0.00,0.00,0,0,0.00,0.00,0.00,0,0,0.00,0.00,0,0
1508082929,s1,0.00,0.00,0.00,0,0,0.00,0.00,0.00,0,0,0.00,0.00,0,0
1508082929,eth0,0.00,0.00,0.00,0,0,0.00,0.00,0.00,0,0,0.00,0.00,0,0
1508082929,eth1,0.00,0.00,0.00,0,0,0.00,0.00,0.00,0,0,0.00,0.00,0,0
1508082929,s1-eth2,6190.81,244813.19,251004.00,245058,6197,89.91,92.91,182.82,93,90,0.00,0.00,0,0
1508082929,s1-eth1,246300.70,6161.84,252462.55,6168,246547,92.91,89.91,182.82,90,93,0.00,0.00,0,0
1508082929,lo,0.00,0.00,0.00,0,0,0.00,0.00,0.00,0,0,0.00,0.00,0,0
1508082929,s4,0.00,0.00,0.00,0,0,0.00,0.00,0.00,0,0,0.00,0.00,0,0
1508082929,total,252491.52,250975.03,503466.56,251226,252744,182.82,182.82,365.63,183,183,0.00,0.00,0,0
1508082930,s5,0.00,0.00,0.00,0,0,0.00,0.00,0.00,0,0,0.00,0.00,0,0
1508082930,s1,0.00,0.00,0.00,0,0,0.00,0.00,0.00,0,0,0.00,0.00,0,0
1508082930,eth0,0.00,0.00,0.00,0,0,0.00,0.00,0.00,0,0,0.00,0.00,0,0
1508082930,eth1,0.00,0.00,0.00,0,0,0.00,0.00,0.00,0,0,0.00,0.00,0,0
1508082930,s1-eth2,6095.90,256319.69,262415.59,256576,6102,86.91,91.91,178.82,92,87,0.00,0.00,0,0
1508082930,s1-eth1,245996.02,5676.32,251672.33,5682,246242,88.91,84.92,173.83,85,89,0.00,0.00,0,0
1508082930,lo,0.00,0.00,0.00,0,0,0.00,0.00,0.00,0,0,0.00,0.00,0,0
1508082930,s4,0.00,0.00,0.00,0,0,0.00,0.00,0.00,0,0,0.00,0.00,0,0
1508082930,total,252091.92,261996.02,514087.94,262258,252344,175.82,176.82,352.65,177,176,0.00,0.00,0,0
1508082931,s5,0.00,0.00,0.00,0,0,0.00,0.00,0.00,0,0,0.00,0.00,0,0
1508082931,s1,0.00,0.00,0.00,0,0,0.00,0.00,0.00,0,0,0.00,0.00,0,0
1508082931,eth0,0.00,0.00,0.00,0,0,0.00,0.00,0.00,0,0,0.00,0.00,0,0
1508082931,eth1,0.00,0.00,0.00,0,0,0.00,0.00,0.00,0,0,0.00,0.00,0,0
1508082931,s1-eth2,5628.00,252100.00,257728.00,252100,5628,84.00,90.00,174.00,90,84,0.00,0.00,0,0
1508082931,s1-eth1,243148.00,5628.00,248776.00,5628,243148,86.00,84.00,170.00,84,86,0.00,0.00,0,0
1508082931,lo,172.00,172.00,344.00,172,172,3.00,3.00,6.00,3,3,0.00,0.00,0,0
1508082931,s4,0.00,0.00,0.00,0,0,0.00,0.00,0.00,0,0,0.00,0.00,0,0
1508082931,total,248948.00,257900.00,506848.00,257900,248948,173.00,177.00,350.00,177,173,0.00,0.00,0,0
1508082932,s5,0.00,0.00,0.00,0,0,0.00,0.00,0.00,0,0,0.00,0.00,0,0
1508082932,s1,0.00,0.00,0.00,0,0,0.00,0.00,0.00,0,0,0.00,0.00,0,0
1508082932,eth0,0.00,0.00,0.00,0,0,0.00,0.00,0.00,0,0,0.00,0.00,0,0
1508082932,eth1,0.00,0.00,0.00,0,0,0.00,0.00,0.00,0,0,0.00,0.00,0,0
1508082932,s1-eth2,5304.00,248874.00,254178.00,248874,5304,80.00,85.00,165.00,85,80,0.00,0.00,0,0
1508082932,s1-eth1,245978.00,5304.00,251282.00,5304,245978,85.00,80.00,165.00,80,85,0.00,0.00,0,0
1508082932,lo,344.00,344.00,688.00,344,344,6.00,6.00,12.00,6,6,0.00,0.00,0,0
1508082932,s4,0.00,0.00,0.00,0,0,0.00,0.00,0.00,0,0,0.00,0.00,0,0
1508082932,total,251626.00,254522.00,506148.00,254522,251626,171.00,171.00,342.00,171,171,0.00,0.00,0,0
1508082933,s5,0.00,0.00,0.00,0,0,0.00,0.00,0.00,0,0,0.00,0.00,0,0
1508082933,s1,0.00,0.00,0.00,0,0,0.00,0.00,0.00,0,0,0.00,0.00,0,0
1508082933,eth0,0.00,0.00,0.00,0,0,0.00,0.00,0.00,0,0,0.00,0.00,0,0
1508082933,eth1,0.00,0.00,0.00,0,0,0.00,0.00,0.00,0,0,0.00,0.00,0,0
1508082933,s1-eth2,6120.00,252430.00,258550.00,252430,6120,90.00,95.00,185.00,95,90,0.00,0.00,0,0
1508082933,s1-eth1,246506.00,6120.00,252626.00,6120,246506,93.00,90.00,183.00,90,93,0.00,0.00,0,0
1508082933,lo,0.00,0.00,0.00,0,0,0.00,0.00,0.00,0,0,0.00,0.00,0,0
1508082933,s4,0.00,0.00,0.00,0,0,0.00,0.00,0.00,0,0,0.00,0.00,0,0
1508082933,total,252626.00,258550.00,511176.00,258550,252626,183.00,185.00,368.00,185,183,0.00,0.00,0,0
1508082934,s5,0.00,0.00,0.00,0,0,0.00,0.00,0.00,0,0,0.00,0.00,0,0
1508082934,s1,0.00,0.00,0.00,0,0,0.00,0.00,0.00,0,0,0.00,0.00,0,0
1508082934,eth0,0.00,0.00,0.00,0,0,0.00,0.00,0.00,0,0,0.00,0.00,0,0
1508082934,eth1,0.00,0.00,0.00,0,0,0.00,0.00,0.00,0,0,0.00,0.00,0,0
1508082934,s1-eth2,5484.00,252166.00,257650.00,252166,5484,82.00,91.00,173.00,91,82,0.00,0.00,0,0
1508082934,s1-eth1,243280.00,5550.00,248830.00,5550,243280,88.00,83.00,171.00,83,88,0.00,0.00,0,0
1508082934,lo,0.00,0.00,0.00,0,0,0.00,0.00,0.00,0,0,0.00,0.00,0,0
1508082934,s4,0.00,0.00,0.00,0,0,0.00,0.00,0.00,0,0,0.00,0.00,0,0
1508082934,total,248764.00,257716.00,506480.00,257716,248764,170.00,174.00,344.00,174,170,0.00,0.00,0,0
1508082935,s5,0.00,0.00,0.00,0,0,0.00,0.00,0.00,0,0,0.00,0.00,0,0
1508082935,s1,0.00,0.00,0.00,0,0,0.00,0.00,0.00,0,0,0.00,0.00,0,0
1508082935,eth0,0.00,0.00,0.00,0,0,0.00,0.00,0.00,0,0,0.00,0.00,0,0
1508082935,eth1,0.00,0.00,0.00,0,0,0.00,0.00,0.00,0,0,0.00,0.00,0,0
1508082935,s1-eth2,5412.00,251770.00,257182.00,251770,5412,82.00,85.00,167.00,85,82,0.00,0.00,0,0
1508082935,s1-eth1,245846.00,5346.00,251192.00,5346,245846,83.00,81.00,164.00,81,83,0.00,0.00,0,0
1508082935,lo,0.00,0.00,0.00,0,0,0.00,0.00,0.00,0,0,0.00,0.00,0,0
1508082935,s4,0.00,0.00,0.00,0,0,0.00,0.00,0.00,0,0,0.00,0.00,0,0
1508082935,total,251258.00,257116.00,508374.00,257116,251258,165.00,166.00,331.00,166,165,0.00,0.00,0,0
1508082936,s5,0.00,0.00,0.00,0,0,0.00,0.00,0.00,0,0,0.00,0.00,0,0
1508082936,s1,0.00,0.00,0.00,0,0,0.00,0.00,0.00,0,0,0.00,0.00,0,0
1508082936,eth0,0.00,0.00,0.00,0,0,0.00,0.00,0.00,0,0,0.00,0.00,0,0
1508082936,eth1,0.00,0.00,0.00,0,0,0.00,0.00,0.00,0,0,0.00,0.00,0,0
1508082936,s1-eth2,5280.00,251770.00,257050.00,251770,5280,80.00,85.00,165.00,85,80,0.00,0.00,0,0
1508082936,s1-eth1,242884.00,5280.00,248164.00,5280,242884,82.00,80.00,162.00,80,82,0.00,0.00,0,0
1508082936,lo,172.00,172.00,344.00,172,172,3.00,3.00,6.00,3,3,0.00,0.00,0,0
1508082936,s4,0.00,0.00,0.00,0,0,0.00,0.00,0.00,0,0,0.00,0.00,0,0
1508082936,total,248336.00,257222.00,505558.00,257222,248336,165.00,168.00,333.00,168,165,0.00,0.00,0,0
1508082937,s5,0.00,0.00,0.00,0,0,0.00,0.00,0.00,0,0,0.00,0.00,0,0
1508082937,s1,0.00,0.00,0.00,0,0,0.00,0.00,0.00,0,0,0.00,0.00,0,0
1508082937,eth0,0.00,0.00,0.00,0,0,0.00,0.00,0.00,0,0,0.00,0.00,0,0
1508082937,eth1,0.00,0.00,0.00,0,0,0.00,0.00,0.00,0,0,0.00,0.00,0,0
1508082937,s1-eth2,6407.59,239158.84,245566.44,239398,6414,92.91,94.91,187.81,95,93,0.00,0.00,0,0
1508082937,s1-eth1,246523.48,6473.53,252997.02,6480,246770,96.90,93.91,190.81,94,97,0.00,0.00,0,0
1508082937,lo,343.66,343.66,687.31,344,344,5.99,5.99,11.99,6,6,0.00,0.00,0,0
1508082937,s4,0.00,0.00,0.00,0,0,0.00,0.00,0.00,0,0,0.00,0.00,0,0
1508082937,total,253274.73,245976.03,499250.75,246222,253528,195.80,194.81,390.61,195,196,0.00,0.00,0,0
1508082938,s5,0.00,0.00,0.00,0,0,0.00,0.00,0.00,0,0,0.00,0.00,0,0
1508082938,s1,0.00,0.00,0.00,0,0,0.00,0.00,0.00,0,0,0.00,0.00,0,0
1508082938,eth0,0.00,0.00,0.00,0,0,0.00,0.00,0.00,0,0,0.00,0.00,0,0
1508082938,eth1,0.00,0.00,0.00,0,0,0.00,0.00,0.00,0,0,0.00,0.00,0,0
1508082938,s1-eth2,6120.00,253986.00,260106.00,253986,6120,90.00,97.00,187.00,97,90,0.00,0.00,0,0
1508082938,s1-eth1,246890.00,6054.00,252944.00,6054,246890,95.00,89.00,184.00,89,95,0.00,0.00,0,0
1508082938,lo,296.00,296.00,592.00,296,296,3.00,3.00,6.00,3,3,0.00,0.00,0,0
1508082938,s4,0.00,0.00,0.00,0,0,0.00,0.00,0.00,0,0,0.00,0.00,0,0
1508082938,total,253306.00,260336.00,513642.00,260336,253306,188.00,189.00,377.00,189,188,0.00,0.00,0,0
1508082939,s5,0.00,0.00,0.00,0,0,0.00,0.00,0.00,0,0,0.00,0.00,0,0
1508082939,s1,0.00,0.00,0.00,0,0,0.00,0.00,0.00,0,0,0.00,0.00,0,0
1508082939,eth0,0.00,0.00,0.00,0,0,0.00,0.00,0.00,0,0,0.00,0.00,0,0
1508082939,eth1,0.00,0.00,0.00,0,0,0.00,0.00,0.00,0,0,0.00,0.00,0,0
1508082939,s1-eth2,5814.00,252100.00,257914.00,252100,5814,87.00,90.00,177.00,90,87,0.00,0.00,0,0
1508082939,s1-eth1,243214.00,5814.00,249028.00,5814,243214,87.00,87.00,174.00,87,87,0.00,0.00,0,0
1508082939,lo,0.00,0.00,0.00,0,0,0.00,0.00,0.00,0,0,0.00,0.00,0,0
1508082939,s4,0.00,0.00,0.00,0,0,0.00,0.00,0.00,0,0,0.00,0.00,0,0
1508082939,total,249028.00,257914.00,506942.00,257914,249028,174.00,177.00,351.00,177,174,0.00,0.00,0,0
1508082940,s5,0.00,0.00,0.00,0,0,0.00,0.00,0.00,0,0,0.00,0.00,0,0
1508082940,s1,0.00,0.00,0.00,0,0,0.00,0.00,0.00,0,0,0.00,0.00,0,0
1508082940,eth0,0.00,0.00,0.00,0,0,0.00,0.00,0.00,0,0,0.00,0.00,0,0
1508082940,eth1,0.00,0.00,0.00,0,0,0.00,0.00,0.00,0,0,0.00,0.00,0,0
1508082940,s1-eth2,5784.00,252166.00,257950.00,252166,5784,86.00,91.00,177.00,91,86,0.00,0.00,0,0
1508082940,s1-eth1,246242.00,5784.00,252026.00,5784,246242,89.00,86.00,175.00,86,89,0.00,0.00,0,0
1508082940,lo,0.00,0.00,0.00,0,0,0.00,0.00,0.00,0,0,0.00,0.00,0,0
1508082940,s4,0.00,0.00,0.00,0,0,0.00,0.00,0.00,0,0,0.00,0.00,0,0
1508082940,total,252026.00,257950.00,509976.00,257950,252026,175.00,177.00,352.00,177,175,0.00,0.00,0,0
1508082941,s5,0.00,0.00,0.00,0,0,0.00,0.00,0.00,0,0,0.00,0.00,0,0
1508082941,s1,0.00,0.00,0.00,0,0,0.00,0.00,0.00,0,0,0.00,0.00,0,0
1508082941,eth0,0.00,0.00,0.00,0,0,0.00,0.00,0.00,0,0,0.00,0.00,0,0
1508082941,eth1,0.00,0.00,0.00,0,0,0.00,0.00,0.00,0,0,0.00,0.00,0,0
1508082941,s1-eth2,6389.61,255202.80,261592.42,255458,6396,93.91,96.90,190.81,97,94,0.00,0.00,0,0
1508082941,s1-eth1,243366.64,6389.61,249756.25,6396,243610,92.91,93.91,186.81,94,93,0.00,0.00,0,0
1508082941,lo,0.00,0.00,0.00,0,0,0.00,0.00,0.00,0,0,0.00,0.00,0,0
1508082941,s4,0.00,0.00,0.00,0,0,0.00,0.00,0.00,0,0,0.00,0.00,0,0
1508082941,total,249756.25,261592.42,511348.66,261854,250006,186.81,190.81,377.62,191,187,0.00,0.00,0,0
1508082942,s5,0.00,0.00,0.00,0,0,0.00,0.00,0.00,0,0,0.00,0.00,0,0
1508082942,s1,0.00,0.00,0.00,0,0,0.00,0.00,0.00,0,0,0.00,0.00,0,0
1508082942,eth0,0.00,0.00,0.00,0,0,0.00,0.00,0.00,0,0,0.00,0.00,0,0
1508082942,eth1,0.00,0.00,0.00,0,0,0.00,0.00,0.00,0,0,0.00,0.00,0,0
1508082942,s1-eth2,5898.00,247822.00,253720.00,247822,5898,87.00,91.00,178.00,91,87,0.00,0.00,0,0
1508082942,s1-eth1,246308.00,5964.00,252272.00,5964,246308,90.00,88.00,178.00,88,90,0.00,0.00,0,0
1508082942,lo,516.00,516.00,1032.00,516,516,9.00,9.00,18.00,9,9,0.00,0.00,0,0
1508082942,s4,0.00,0.00,0.00,0,0,0.00,0.00,0.00,0,0,0.00,0.00,0,0
1508082942,total,252722.00,254302.00,507024.00,254302,252722,186.00,188.00,374.00,188,186,0.00,0.00,0,0
1508082943,s5,0.00,0.00,0.00,0,0,0.00,0.00,0.00,0,0,0.00,0.00,0,0
1508082943,s1,0.00,0.00,0.00,0,0,0.00,0.00,0.00,0,0,0.00,0.00,0,0
1508082943,eth0,0.00,0.00,0.00,0,0,0.00,0.00,0.00,0,0,0.00,0.00,0,0
1508082943,eth1,0.00,0.00,0.00,0,0,0.00,0.00,0.00,0,0,0.00,0.00,0,0
1508082943,s1-eth2,5784.00,253548.00,259332.00,253548,5784,86.00,90.00,176.00,90,86,0.00,0.00,0,0
1508082943,s1-eth1,244596.00,5796.00,250392.00,5796,244596,86.00,86.00,172.00,86,86,0.00,0.00,0,0
1508082943,lo,0.00,0.00,0.00,0,0,0.00,0.00,0.00,0,0,0.00,0.00,0,0
1508082943,s4,0.00,0.00,0.00,0,0,0.00,0.00,0.00,0,0,0.00,0.00,0,0
1508082943,total,250380.00,259344.00,509724.00,259344,250380,172.00,176.00,348.00,176,172,0.00,0.00,0,0
1508082944,s5,0.00,0.00,0.00,0,0,0.00,0.00,0.00,0,0,0.00,0.00,0,0
1508082944,s1,0.00,0.00,0.00,0,0,0.00,0.00,0.00,0,0,0.00,0.00,0,0
1508082944,eth0,0.00,0.00,0.00,0,0,0.00,0.00,0.00,0,0,0.00,0.00,0,0
1508082944,eth1,0.00,0.00,0.00,0,0,0.00,0.00,0.00,0,0,0.00,0.00,0,0
1508082944,s1-eth2,5838.00,252232.00,258070.00,252232,5838,87.00,92.00,179.00,92,87,0.00,0.00,0,0
1508082944,s1-eth1,244860.00,5760.00,250620.00,5760,244860,90.00,86.00,176.00,86,90,0.00,0.00,0,0
1508082944,lo,0.00,0.00,0.00,0,0,0.00,0.00,0.00,0,0,0.00,0.00,0,0
1508082944,s4,0.00,0.00,0.00,0,0,0.00,0.00,0.00,0,0,0.00,0.00,0,0
1508082944,total,250698.00,257992.00,508690.00,257992,250698,177.00,178.00,355.00,178,177,0.00,0.00,0,0
1508082945,s5,0.00,0.00,0.00,0,0,0.00,0.00,0.00,0,0,0.00,0.00,0,0
1508082945,s1,0.00,0.00,0.00,0,0,0.00,0.00,0.00,0,0,0.00,0.00,0,0
1508082945,eth0,0.00,0.00,0.00,0,0,0.00,0.00,0.00,0,0,0.00,0.00,0,0
1508082945,eth1,0.00,0.00,0.00,0,0,0.00,0.00,0.00,0,0,0.00,0.00,0,0
1508082945,s1-eth2,5953.00,248086.00,254039.00,248086,5953,86.00,95.00,181.00,95,86,0.00,0.00,0,0
1508082945,s1-eth1,245165.00,5846.00,251011.00,5846,245165,94.00,85.00,179.00,85,94,0.00,0.00,0,0
1508082945,lo,0.00,0.00,0.00,0,0,0.00,0.00,0.00,0,0,0.00,0.00,0,0
1508082945,s4,0.00,0.00,0.00,0,0,0.00,0.00,0.00,0,0,0.00,0.00,0,0
1508082945,total,251118.00,253932.00,505050.00,253932,251118,180.00,180.00,360.00,180,180,0.00,0.00,0,0
1508082946,s5,0.00,0.00,0.00,0,0,0.00,0.00,0.00,0,0,0.00,0.00,0,0
1508082946,s1,0.00,0.00,0.00,0,0,0.00,0.00,0.00,0,0,0.00,0.00,0,0
1508082946,eth0,0.00,0.00,0.00,0,0,0.00,0.00,0.00,0,0,0.00,0.00,0,0
1508082946,eth1,0.00,0.00,0.00,0,0,0.00,0.00,0.00,0,0,0.00,0.00,0,0
1508082946,s1-eth2,5724.00,254996.00,260720.00,254996,5724,86.00,90.00,176.00,90,86,0.00,0.00,0,0
1508082946,s1-eth1,244662.00,5724.00,250386.00,5724,244662,87.00,86.00,173.00,86,87,0.00,0.00,0,0
1508082946,lo,0.00,0.00,0.00,0,0,0.00,0.00,0.00,0,0,0.00,0.00,0,0
1508082946,s4,0.00,0.00,0.00,0,0,0.00,0.00,0.00,0,0,0.00,0.00,0,0
1508082946,total,250386.00,260720.00,511106.00,260720,250386,173.00,176.00,349.00,176,173,0.00,0.00,0,0
1508082947,s5,0.00,0.00,0.00,0,0,0.00,0.00,0.00,0,0,0.00,0.00,0,0
1508082947,s1,0.00,0.00,0.00,0,0,0.00,0.00,0.00,0,0,0.00,0.00,0,0
1508082947,eth0,0.00,0.00,0.00,0,0,0.00,0.00,0.00,0,0,0.00,0.00,0,0
1508082947,eth1,0.00,0.00,0.00,0,0,0.00,0.00,0.00,0,0,0.00,0.00,0,0
1508082947,s1-eth2,5840.16,255268.73,261108.89,255524,5846,84.92,97.90,182.82,98,85,0.00,0.00,0,0
1508082947,s1-eth1,246325.69,5840.16,252165.84,5846,246572,93.91,84.92,178.82,85,94,0.00,0.00,0,0
1508082947,lo,515.48,515.48,1030.97,516,516,8.99,8.99,17.98,9,9,0.00,0.00,0,0
1508082947,s4,0.00,0.00,0.00,0,0,0.00,0.00,0.00,0,0,0.00,0.00,0,0
1508082947,total,252681.33,261624.38,514305.72,261886,252934,187.81,191.81,379.62,192,188,0.00,0.00,0,0
1508082948,s5,0.00,0.00,0.00,0,0,0.00,0.00,0.00,0,0,0.00,0.00,0,0
1508082948,s1,0.00,0.00,0.00,0,0,0.00,0.00,0.00,0,0,0.00,0.00,0,0
1508082948,eth0,0.00,0.00,0.00,0,0,0.00,0.00,0.00,0,0,0.00,0.00,0,0
1508082948,eth1,0.00,0.00,0.00,0,0,0.00,0.00,0.00,0,0,0.00,0.00,0,0
1508082948,s1-eth2,5784.00,255128.00,260912.00,255128,5784,86.00,92.00,178.00,92,86,0.00,0.00,0,0
1508082948,s1-eth1,243280.00,5784.00,249064.00,5784,243280,88.00,86.00,174.00,86,88,0.00,0.00,0,0
1508082948,lo,0.00,0.00,0.00,0,0,0.00,0.00,0.00,0,0,0.00,0.00,0,0
1508082948,s4,0.00,0.00,0.00,0,0,0.00,0.00,0.00,0,0,0.00,0.00,0,0
1508082948,total,249064.00,260912.00,509976.00,260912,249064,174.00,178.00,352.00,178,174,0.00,0.00,0,0
1508082949,s5,0.00,0.00,0.00,0,0,0.00,0.00,0.00,0,0,0.00,0.00,0,0
1508082949,s1,0.00,0.00,0.00,0,0,0.00,0.00,0.00,0,0,0.00,0.00,0,0
1508082949,eth0,0.00,0.00,0.00,0,0,0.00,0.00,0.00,0,0,0.00,0.00,0,0
1508082949,eth1,0.00,0.00,0.00,0,0,0.00,0.00,0.00,0,0,0.00,0.00,0,0
1508082949,s1-eth2,5958.04,250533.47,256491.52,250784,5964,87.91,91.91,179.82,92,88,0.00,0.00,0,0
1508082949,s1-eth1,246061.94,6023.98,252085.92,6030,246308,89.91,88.91,178.82,89,90,0.00,0.00,0,0
1508082949,lo,0.00,0.00,0.00,0,0,0.00,0.00,0.00,0,0,0.00,0.00,0,0
1508082949,s4,0.00,0.00,0.00,0,0,0.00,0.00,0.00,0,0,0.00,0.00,0,0
1508082949,total,252019.98,256557.45,508577.44,256814,252272,177.82,180.82,358.64,181,178,0.00,0.00,0,0
1508082950,s5,0.00,0.00,0.00,0,0,0.00,0.00,0.00,0,0,0.00,0.00,0,0
1508082950,s1,0.00,0.00,0.00,0,0,0.00,0.00,0.00,0,0,0.00,0.00,0,0
1508082950,eth0,0.00,0.00,0.00,0,0,0.00,0.00,0.00,0,0,0.00,0.00,0,0
1508082950,eth1,0.00,0.00,0.00,0,0,0.00,0.00,0.00,0,0,0.00,0.00,0,0
1508082950,s1-eth2,6294.00,252364.00,258658.00,252364,6294,89.00,94.00,183.00,94,89,0.00,0.00,0,0
1508082950,s1-eth1,246440.00,5886.00,252326.00,5886,246440,92.00,87.00,179.00,87,92,0.00,0.00,0,0
1508082950,lo,0.00,0.00,0.00,0,0,0.00,0.00,0.00,0,0,0.00,0.00,0,0
1508082950,s4,0.00,0.00,0.00,0,0,0.00,0.00,0.00,0,0,0.00,0.00,0,0
1508082950,total,252734.00,258250.00,510984.00,258250,252734,181.00,181.00,362.00,181,181,0.00,0.00,0,0
1508082951,s5,0.00,0.00,0.00,0,0,0.00,0.00,0.00,0,0,0.00,0.00,0,0
1508082951,s1,0.00,0.00,0.00,0,0,0.00,0.00,0.00,0,0,0.00,0.00,0,0
1508082951,eth0,0.00,0.00,0.00,0,0,0.00,0.00,0.00,0,0,0.00,0.00,0,0
1508082951,eth1,0.00,0.00,0.00,0,0,0.00,0.00,0.00,0,0,0.00,0.00,0,0
1508082951,s1-eth2,5850.00,255128.00,260978.00,255128,5850,87.00,92.00,179.00,92,87,0.00,0.00,0,0
1508082951,s1-eth1,243214.00,5850.00,249064.00,5850,243214,87.00,87.00,174.00,87,87,0.00,0.00,0,0
1508082951,lo,0.00,0.00,0.00,0,0,0.00,0.00,0.00,0,0,0.00,0.00,0,0
1508082951,s4,0.00,0.00,0.00,0,0,0.00,0.00,0.00,0,0,0.00,0.00,0,0
1508082951,total,249064.00,260978.00,510042.00,260978,249064,174.00,179.00,353.00,179,174,0.00,0.00,0,0
1508082952,s5,0.00,0.00,0.00,0,0,0.00,0.00,0.00,0,0,0.00,0.00,0,0
1508082952,s1,0.00,0.00,0.00,0,0,0.00,0.00,0.00,0,0,0.00,0.00,0,0
1508082952,eth0,0.00,0.00,0.00,0,0,0.00,0.00,0.00,0,0,0.00,0.00,0,0
1508082952,eth1,0.00,0.00,0.00,0,0,0.00,0.00,0.00,0,0,0.00,0.00,0,0
1508082952,s1-eth2,6323.68,256781.22,263104.91,257038,6330,92.91,98.90,191.81,99,93,0.00,0.00,0,0
1508082952,s1-eth1,246391.61,6389.61,252781.22,6396,246638,94.91,93.91,188.81,94,95,0.00,0.00,0,0
1508082952,lo,515.48,515.48,1030.97,516,516,8.99,8.99,17.98,9,9,0.00,0.00,0,0
1508082952,s4,0.00,0.00,0.00,0,0,0.00,0.00,0.00,0,0,0.00,0.00,0,0
1508082952,total,253230.78,263686.31,516917.09,263950,253484,196.80,201.80,398.60,202,197,0.00,0.00,0,0
1508082953,s5,0.00,0.00,0.00,0,0,0.00,0.00,0.00,0,0,0.00,0.00,0,0
1508082953,s1,0.00,0.00,0.00,0,0,0.00,0.00,0.00,0,0,0.00,0.00,0,0
1508082953,eth0,0.00,0.00,0.00,0,0,0.00,0.00,0.00,0,0,0.00,0.00,0,0
1508082953,eth1,0.00,0.00,0.00,0,0,0.00,0.00,0.00,0,0,0.00,0.00,0,0
1508082953,s1-eth2,5778.22,259344.66,265122.88,259604,5784,85.91,93.91,179.82,94,86,0.00,0.00,0,0
1508082953,s1-eth1,245996.02,5712.29,251708.30,5718,246242,88.91,84.92,173.83,85,89,0.00,0.00,0,0
1508082953,lo,0.00,0.00,0.00,0,0,0.00,0.00,0.00,0,0,0.00,0.00,0,0
1508082953,s4,0.00,0.00,0.00,0,0,0.00,0.00,0.00,0,0,0.00,0.00,0,0
1508082953,total,251774.23,265056.94,516831.19,265322,252026,174.83,178.82,353.65,179,175,0.00,0.00,0,0
1508082954,s5,0.00,0.00,0.00,0,0,0.00,0.00,0.00,0,0,0.00,0.00,0,0
1508082954,s1,0.00,0.00,0.00,0,0,0.00,0.00,0.00,0,0,0.00,0.00,0,0
1508082954,eth0,0.00,0.00,0.00,0,0,0.00,0.00,0.00,0,0,0.00,0.00,0,0
1508082954,eth1,0.00,0.00,0.00,0,0,0.00,0.00,0.00,0,0,0.00,0.00,0,0
1508082954,s1-eth2,6018.00,252298.00,258316.00,252298,6018,89.00,93.00,182.00,93,89,0.00,0.00,0,0
1508082954,s1-eth1,243412.00,6018.00,249430.00,6018,243412,90.00,89.00,179.00,89,90,0.00,0.00,0,0
1508082954,lo,0.00,0.00,0.00,0,0,0.00,0.00,0.00,0,0,0.00,0.00,0,0
1508082954,s4,0.00,0.00,0.00,0,0,0.00,0.00,0.00,0,0,0.00,0.00,0,0
1508082954,total,249430.00,258316.00,507746.00,258316,249430,179.00,182.00,361.00,182,179,0.00,0.00,0,0
1508082955,s5,0.00,0.00,0.00,0,0,0.00,0.00,0.00,0,0,0.00,0.00,0,0
1508082955,s1,0.00,0.00,0.00,0,0,0.00,0.00,0.00,0,0,0.00,0.00,0,0
1508082955,eth0,0.00,0.00,0.00,0,0,0.00,0.00,0.00,0,0,0.00,0.00,0,0
1508082955,eth1,0.00,0.00,0.00,0,0,0.00,0.00,0.00,0,0,0.00,0.00,0,0
1508082955,s1-eth2,5364.00,249006.00,254370.00,249006,5364,80.00,87.00,167.00,87,80,0.00,0.00,0,0
1508082955,s1-eth1,245978.00,5364.00,251342.00,5364,245978,85.00,80.00,165.00,80,85,0.00,0.00,0,0
1508082955,lo,0.00,0.00,0.00,0,0,0.00,0.00,0.00,0,0,0.00,0.00,0,0
1508082955,s4,0.00,0.00,0.00,0,0,0.00,0.00,0.00,0,0,0.00,0.00,0,0
1508082955,total,251342.00,254370.00,505712.00,254370,251342,165.00,167.00,332.00,167,165,0.00,0.00,0,0
1508082956,s5,0.00,0.00,0.00,0,0,0.00,0.00,0.00,0,0,0.00,0.00,0,0
1508082956,s1,0.00,0.00,0.00,0,0,0.00,0.00,0.00,0,0,0.00,0.00,0,0
1508082956,eth0,0.00,0.00,0.00,0,0,0.00,0.00,0.00,0,0,0.00,0.00,0,0
1508082956,eth1,0.00,0.00,0.00,0,0,0.00,0.00,0.00,0,0,0.00,0.00,0,0
1508082956,s1-eth2,5772.00,255062.00,260834.00,255062,5772,86.00,91.00,177.00,91,86,0.00,0.00,0,0
1508082956,s1-eth1,243280.00,5772.00,249052.00,5772,243280,88.00,86.00,174.00,86,88,0.00,0.00,0,0
1508082956,lo,0.00,0.00,0.00,0,0,0.00,0.00,0.00,0,0,0.00,0.00,0,0
1508082956,s4,0.00,0.00,0.00,0,0,0.00,0.00,0.00,0,0,0.00,0.00,0,0
1508082956,total,249052.00,260834.00,509886.00,260834,249052,174.00,177.00,351.00,177,174,0.00,0.00,0,0
1508082957,s5,0.00,0.00,0.00,0,0,0.00,0.00,0.00,0,0,0.00,0.00,0,0
1508082957,s1,0.00,0.00,0.00,0,0,0.00,0.00,0.00,0,0,0.00,0.00,0,0
1508082957,eth0,0.00,0.00,0.00,0,0,0.00,0.00,0.00,0,0,0.00,0.00,0,0
1508082957,eth1,0.00,0.00,0.00,0,0,0.00,0.00,0.00,0,0,0.00,0.00,0,0
1508082957,s1-eth2,6096.00,249336.00,255432.00,249336,6096,86.00,92.00,178.00,92,86,0.00,0.00,0,0
1508082957,s1-eth1,245202.00,5754.00,250956.00,5754,245202,91.00,85.00,176.00,85,91,0.00,0.00,0,0
1508082957,lo,516.00,516.00,1032.00,516,516,9.00,9.00,18.00,9,9,0.00,0.00,0,0
1508082957,s4,0.00,0.00,0.00,0,0,0.00,0.00,0.00,0,0,0.00,0.00,0,0
1508082957,total,251814.00,255606.00,507420.00,255606,251814,186.00,186.00,372.00,186,186,0.00,0.00,0,0
1508082958,s5,0.00,0.00,0.00,0,0,0.00,0.00,0.00,0,0,0.00,0.00,0,0
1508082958,s1,0.00,0.00,0.00,0,0,0.00,0.00,0.00,0,0,0.00,0.00,0,0
1508082958,eth0,0.00,0.00,0.00,0,0,0.00,0.00,0.00,0,0,0.00,0.00,0,0
1508082958,eth1,0.00,0.00,0.00,0,0,0.00,0.00,0.00,0,0,0.00,0.00,0,0
1508082958,s1-eth2,5976.00,256840.00,262816.00,256840,5976,88.00,96.00,184.00,96,88,0.00,0.00,0,0
1508082958,s1-eth1,247954.00,5976.00,253930.00,5976,247954,93.00,88.00,181.00,88,93,0.00,0.00,0,0
1508082958,lo,0.00,0.00,0.00,0,0,0.00,0.00,0.00,0,0,0.00,0.00,0,0
1508082958,s4,0.00,0.00,0.00,0,0,0.00,0.00,0.00,0,0,0.00,0.00,0,0
1508082958,total,253930.00,262816.00,516746.00,262816,253930,181.00,184.00,365.00,184,181,0.00,0.00,0,0
1508082959,s5,0.00,0.00,0.00,0,0,0.00,0.00,0.00,0,0,0.00,0.00,0,0
1508082959,s1,0.00,0.00,0.00,0,0,0.00,0.00,0.00,0,0,0.00,0.00,0,0
1508082959,eth0,0.00,0.00,0.00,0,0,0.00,0.00,0.00,0,0,0.00,0.00,0,0
1508082959,eth1,0.00,0.00,0.00,0,0,0.00,0.00,0.00,0,0,0.00,0.00,0,0
1508082959,s1-eth2,6450.00,254208.00,260658.00,254208,6450,95.00,100.00,195.00,100,95,0.00,0.00,0,0
1508082959,s1-eth1,243808.00,6450.00,250258.00,6450,243808,96.00,95.00,191.00,95,96,0.00,0.00,0,0
1508082959,lo,0.00,0.00,0.00,0,0,0.00,0.00,0.00,0,0,0.00,0.00,0,0
1508082959,s4,0.00,0.00,0.00,0,0,0.00,0.00,0.00,0,0,0.00,0.00,0,0
1508082959,total,250258.00,260658.00,510916.00,260658,250258,191.00,195.00,386.00,195,191,0.00,0.00,0,0
1508082960,s5,0.00,0.00,0.00,0,0,0.00,0.00,0.00,0,0,0.00,0.00,0,0
1508082960,s1,0.00,0.00,0.00,0,0,0.00,0.00,0.00,0,0,0.00,0.00,0,0
1508082960,eth0,304.00,490.00,794.00,490,304,4.00,4.00,8.00,4,4,0.00,0.00,0,0
1508082960,eth1,0.00,0.00,0.00,0,0,0.00,0.00,0.00,0,0,0.00,0.00,0,0
1508082960,s1-eth2,6246.00,249534.00,255780.00,249534,6246,87.00,95.00,182.00,95,87,0.00,0.00,0,0
1508082960,s1-eth1,235044.00,5794.00,240838.00,5794,235044,90.00,85.00,175.00,85,90,0.00,0.00,0,0
1508082960,lo,682.00,682.00,1364.00,682,682,8.00,8.00,16.00,8,8,0.00,0.00,0,0
1508082960,s4,0.00,0.00,0.00,0,0,0.00,0.00,0.00,0,0,0.00,0.00,0,0
1508082960,total,242276.00,256500.00,498776.00,256500,242276,189.00,192.00,381.00,192,189,0.00,0.00,0,0
1508082961,s5,0.00,0.00,0.00,0,0,0.00,0.00,0.00,0,0,0.00,0.00,0,0
1508082961,s1,0.00,0.00,0.00,0,0,0.00,0.00,0.00,0,0,0.00,0.00,0,0
1508082961,eth0,152.00,245.00,397.00,245,152,2.00,2.00,4.00,2,2,0.00,0.00,0,0
1508082961,eth1,0.00,0.00,0.00,0,0,0.00,0.00,0.00,0,0,0.00,0.00,0,0
1508082961,s1-eth2,6038.00,250718.00,256756.00,250718,6038,89.00,91.00,180.00,91,89,0.00,0.00,0,0
1508082961,s1-eth1,246562.00,5850.00,252412.00,5850,246562,93.00,87.00,180.00,87,93,0.00,0.00,0,0
1508082961,lo,341.00,341.00,682.00,341,341,4.00,4.00,8.00,4,4,0.00,0.00,0,0
1508082961,s4,0.00,0.00,0.00,0,0,0.00,0.00,0.00,0,0,0.00,0.00,0,0
1508082961,total,253093.00,257154.00,510247.00,257154,253093,188.00,184.00,372.00,184,188,0.00,0.00,0,0
1508082962,s5,0.00,0.00,0.00,0,0,0.00,0.00,0.00,0,0,0.00,0.00,0,0
1508082962,s1,0.00,0.00,0.00,0,0,0.00,0.00,0.00,0,0,0.00,0.00,0,0
1508082962,eth0,304.00,490.00,794.00,490,304,4.00,4.00,8.00,4,4,0.00,0.00,0,0
1508082962,eth1,0.00,0.00,0.00,0,0,0.00,0.00,0.00,0,0,0.00,0.00,0,0
1508082962,s1-eth2,7218.00,252166.00,259384.00,252166,7218,95.00,91.00,186.00,91,95,0.00,0.00,0,0
1508082962,s1-eth1,245386.00,5784.00,251170.00,5784,245386,99.00,86.00,185.00,86,99,0.00,0.00,0,0
1508082962,lo,1198.00,1198.00,2396.00,1198,1198,17.00,17.00,34.00,17,17,0.00,0.00,0,0
1508082962,s4,0.00,0.00,0.00,0,0,0.00,0.00,0.00,0,0,0.00,0.00,0,0
1508082962,total,254106.00,259638.00,513744.00,259638,254106,215.00,198.00,413.00,198,215,0.00,0.00,0,0
1508082963,s5,0.00,0.00,0.00,0,0,0.00,0.00,0.00,0,0,0.00,0.00,0,0
1508082963,s1,0.00,0.00,0.00,0,0,0.00,0.00,0.00,0,0,0.00,0.00,0,0
1508082963,eth0,152.00,245.00,397.00,245,152,2.00,2.00,4.00,2,2,0.00,0.00,0,0
1508082963,eth1,0.00,0.00,0.00,0,0,0.00,0.00,0.00,0,0,0.00,0.00,0,0
1508082963,s1-eth2,6570.00,256444.00,263014.00,256444,6570,88.00,90.00,178.00,90,88,0.00,0.00,0,0
1508082963,s1-eth1,243376.00,5604.00,248980.00,5604,243376,87.00,84.00,171.00,84,87,0.00,0.00,0,0
1508082963,lo,341.00,341.00,682.00,341,341,4.00,4.00,8.00,4,4,0.00,0.00,0,0
1508082963,s4,0.00,0.00,0.00,0,0,0.00,0.00,0.00,0,0,0.00,0.00,0,0
1508082963,total,250439.00,262634.00,513073.00,262634,250439,181.00,180.00,361.00,180,181,0.00,0.00,0,0
1508082964,s5,0.00,0.00,0.00,0,0,0.00,0.00,0.00,0,0,0.00,0.00,0,0
1508082964,s1,0.00,0.00,0.00,0,0,0.00,0.00,0.00,0,0,0.00,0.00,0,0
1508082964,eth0,0.00,0.00,0.00,0,0,0.00,0.00,0.00,0,0,0.00,0.00,0,0
1508082964,eth1,0.00,0.00,0.00,0,0,0.00,0.00,0.00,0,0,0.00,0.00,0,0
1508082964,s1-eth2,5919.08,248601.41,254520.48,248850,5925,81.92,84.92,166.83,85,82,0.00,0.00,0,0
1508082964,s1-eth1,246310.70,5250.75,251561.45,5256,246557,85.91,79.92,165.83,80,86,0.00,0.00,0,0
1508082964,lo,0.00,0.00,0.00,0,0,0.00,0.00,0.00,0,0,0.00,0.00,0,0
1508082964,s4,0.00,0.00,0.00,0,0,0.00,0.00,0.00,0,0,0.00,0.00,0,0
1508082964,total,252229.78,253852.16,506081.94,254106,252482,167.83,164.84,332.67,165,168,0.00,0.00,0,0
1508082965,s5,0.00,0.00,0.00,0,0,0.00,0.00,0.00,0,0,0.00,0.00,0,0
1508082965,s1,0.00,0.00,0.00,0,0,0.00,0.00,0.00,0,0,0.00,0.00,0,0
1508082965,eth0,59.94,59.94,119.88,60,60,1.00,1.00,2.00,1,1,0.00,0.00,0,0
1508082965,eth1,0.00,0.00,0.00,0,0,0.00,0.00,0.00,0,0,0.00,0.00,0,0
1508082965,s1-eth2,6463.54,249086.92,255550.45,249336,6470,91.91,91.91,183.82,92,92,0.00,0.00,0,0
1508082965,s1-eth1,243542.47,6089.91,249632.38,6096,243786,91.91,89.91,181.82,90,92,0.00,0.00,0,0
1508082965,lo,0.00,0.00,0.00,0,0,0.00,0.00,0.00,0,0,0.00,0.00,0,0
1508082965,s4,0.00,0.00,0.00,0,0,0.00,0.00,0.00,0,0,0.00,0.00,0,0
1508082965,total,250065.94,255236.77,505302.72,255492,250316,184.82,182.82,367.63,183,185,0.00,0.00,0,0
1508082966,s5,0.00,0.00,0.00,0,0,0.00,0.00,0.00,0,0,0.00,0.00,0,0
1508082966,s1,0.00,0.00,0.00,0,0,0.00,0.00,0.00,0,0,0.00,0.00,0,0
1508082966,eth0,0.00,0.00,0.00,0,0,0.00,0.00,0.00,0,0,0.00,0.00,0,0
1508082966,eth1,0.00,0.00,0.00,0,0,0.00,0.00,0.00,0,0,0.00,0.00,0,0
1508082966,s1-eth2,6025.00,246044.00,252069.00,246044,6025,86.00,86.00,172.00,86,86,0.00,0.00,0,0
1508082966,s1-eth1,246441.00,5628.00,252069.00,5628,246441,88.00,84.00,172.00,84,88,0.00,0.00,0,0
1508082966,lo,0.00,0.00,0.00,0,0,0.00,0.00,0.00,0,0,0.00,0.00,0,0
1508082966,s4,0.00,0.00,0.00,0,0,0.00,0.00,0.00,0,0,0.00,0.00,0,0
1508082966,total,252466.00,251672.00,504138.00,251672,252466,174.00,170.00,344.00,170,174,0.00,0.00,0,0
1508082967,s5,0.00,0.00,0.00,0,0,0.00,0.00,0.00,0,0,0.00,0.00,0,0
1508082967,s1,0.00,0.00,0.00,0,0,0.00,0.00,0.00,0,0,0.00,0.00,0,0
1508082967,eth0,0.00,0.00,0.00,0,0,0.00,0.00,0.00,0,0,0.00,0.00,0,0
1508082967,eth1,0.00,0.00,0.00,0,0,0.00,0.00,0.00,0,0,0.00,0.00,0,0
1508082967,s1-eth2,6149.85,253624.38,259774.23,253878,6156,89.91,94.91,184.82,95,90,0.00,0.00,0,0
1508082967,s1-eth1,246193.81,6149.85,252343.66,6156,246440,91.91,89.91,181.82,90,92,0.00,0.00,0,0
1508082967,lo,515.48,515.48,1030.97,516,516,8.99,8.99,17.98,9,9,0.00,0.00,0,0
1508082967,s4,0.00,0.00,0.00,0,0,0.00,0.00,0.00,0,0,0.00,0.00,0,0
1508082967,total,252859.14,260289.72,513148.88,260550,253112,190.81,193.81,384.62,194,191,0.00,0.00,0,0
1508082968,s5,0.00,0.00,0.00,0,0,0.00,0.00,0.00,0,0,0.00,0.00,0,0
1508082968,s1,0.00,0.00,0.00,0,0,0.00,0.00,0.00,0,0,0.00,0.00,0,0
1508082968,eth0,0.00,0.00,0.00,0,0,0.00,0.00,0.00,0,0,0.00,0.00,0,0
1508082968,eth1,0.00,0.00,0.00,0,0,0.00,0.00,0.00,0,0,0.00,0.00,0,0
1508082968,s1-eth2,5071.86,248311.39,253383.23,248808,5082,76.85,83.83,160.68,84,77,0.00,0.00,0,0
1508082968,s1-eth1,242399.20,5071.86,247471.06,5082,242884,81.84,76.85,158.68,77,82,0.00,0.00,0,0
1508082968,lo,0.00,0.00,0.00,0,0,0.00,0.00,0.00,0,0,0.00,0.00,0,0
1508082968,s4,0.00,0.00,0.00,0,0,0.00,0.00,0.00,0,0,0.00,0.00,0,0
1508082968,total,247471.06,253383.23,500854.31,253890,247966,158.68,160.68,319.36,161,159,0.00,0.00,0,0
1508082969,s5,0.00,0.00,0.00,0,0,0.00,0.00,0.00,0,0,0.00,0.00,0,0
1508082969,s1,0.00,0.00,0.00,0,0,0.00,0.00,0.00,0,0,0.00,0.00,0,0
1508082969,eth0,0.00,0.00,0.00,0,0,0.00,0.00,0.00,0,0,0.00,0.00,0,0
1508082969,eth1,0.00,0.00,0.00,0,0,0.00,0.00,0.00,0,0,0.00,0.00,0,0
1508082969,s1-eth2,6455.00,249666.00,256121.00,249666,6455,93.00,97.00,190.00,97,93,0.00,0.00,0,0
1508082969,s1-eth1,246745.00,6348.00,253093.00,6348,246745,96.00,92.00,188.00,92,96,0.00,0.00,0,0
1508082969,lo,0.00,0.00,0.00,0,0,0.00,0.00,0.00,0,0,0.00,0.00,0,0
1508082969,s4,0.00,0.00,0.00,0,0,0.00,0.00,0.00,0,0,0.00,0.00,0,0
1508082969,total,253200.00,256014.00,509214.00,256014,253200,189.00,189.00,378.00,189,189,0.00,0.00,0,0
1508082970,s5,0.00,0.00,0.00,0,0,0.00,0.00,0.00,0,0,0.00,0.00,0,0
1508082970,s1,0.00,0.00,0.00,0,0,0.00,0.00,0.00,0,0,0.00,0.00,0,0
1508082970,eth0,0.00,0.00,0.00,0,0,0.00,0.00,0.00,0,0,0.00,0.00,0,0
1508082970,eth1,0.00,0.00,0.00,0,0,0.00,0.00,0.00,0,0,0.00,0.00,0,0
1508082970,s1-eth2,6274.00,253680.00,259954.00,253680,6274,89.00,92.00,181.00,92,89,0.00,0.00,0,0
1508082970,s1-eth1,243692.00,5862.00,249554.00,5862,243692,90.00,87.00,177.00,87,90,0.00,0.00,0,0
1508082970,lo,0.00,0.00,0.00,0,0,0.00,0.00,0.00,0,0,0.00,0.00,0,0
1508082970,s4,0.00,0.00,0.00,0,0,0.00,0.00,0.00,0,0,0.00,0.00,0,0
1508082970,total,249966.00,259542.00,509508.00,259542,249966,179.00,179.00,358.00,179,179,0.00,0.00,0,0
1508082971,s5,0.00,0.00,0.00,0,0,0.00,0.00,0.00,0,0,0.00,0.00,0,0
1508082971,s1,0.00,0.00,0.00,0,0,0.00,0.00,0.00,0,0,0.00,0.00,0,0
1508082971,eth0,0.00,0.00,0.00,0,0,0.00,0.00,0.00,0,0,0.00,0.00,0,0
1508082971,eth1,0.00,0.00,0.00,0,0,0.00,0.00,0.00,0,0,0.00,0.00,0,0
1508082971,s1-eth2,5928.07,247772.23,253700.31,248020,5934,86.91,93.91,180.82,94,87,0.00,0.00,0,0
1508082971,s1-eth1,246259.75,5994.01,252253.75,6000,246506,92.91,87.91,180.82,88,93,0.00,0.00,0,0
1508082971,lo,0.00,0.00,0.00,0,0,0.00,0.00,0.00,0,0,0.00,0.00,0,0
1508082971,s4,0.00,0.00,0.00,0,0,0.00,0.00,0.00,0,0,0.00,0.00,0,0
1508082971,total,252187.81,253766.23,505954.06,254020,252440,179.82,181.82,361.64,182,180,0.00,0.00,0,0
1508082972,s5,0.00,0.00,0.00,0,0,0.00,0.00,0.00,0,0,0.00,0.00,0,0
1508082972,s1,0.00,0.00,0.00,0,0,0.00,0.00,0.00,0,0,0.00,0.00,0,0
1508082972,eth0,0.00,0.00,0.00,0,0,0.00,0.00,0.00,0,0,0.00,0.00,0,0
1508082972,eth1,0.00,0.00,0.00,0,0,0.00,0.00,0.00,0,0,0.00,0.00,0,0
1508082972,s1-eth2,5892.00,255062.00,260954.00,255062,5892,88.00,91.00,179.00,91,88,0.00,0.00,0,0
1508082972,s1-eth1,246176.00,5826.00,252002.00,5826,246176,88.00,87.00,175.00,87,88,0.00,0.00,0,0
1508082972,lo,516.00,516.00,1032.00,516,516,9.00,9.00,18.00,9,9,0.00,0.00,0,0
1508082972,s4,0.00,0.00,0.00,0,0,0.00,0.00,0.00,0,0,0.00,0.00,0,0
1508082972,total,252584.00,261404.00,513988.00,261404,252584,185.00,187.00,372.00,187,185,0.00,0.00,0,0
1508082973,s5,0.00,0.00,0.00,0,0,0.00,0.00,0.00,0,0,0.00,0.00,0,0
1508082973,s1,0.00,0.00,0.00,0,0,0.00,0.00,0.00,0,0,0.00,0.00,0,0
1508082973,eth0,0.00,0.00,0.00,0,0,0.00,0.00,0.00,0,0,0.00,0.00,0,0
1508082973,eth1,0.00,0.00,0.00,0,0,0.00,0.00,0.00,0,0,0.00,0.00,0,0
1508082973,s1-eth2,6392.00,260330.00,266722.00,260330,6392,92.00,105.00,197.00,105,92,0.00,0.00,0,0
1508082973,s1-eth1,237884.00,6392.00,244276.00,6392,237884,94.00,92.00,186.00,92,94,0.00,0.00,0,0
1508082973,lo,0.00,0.00,0.00,0,0,0.00,0.00,0.00,0,0,0.00,0.00,0,0
1508082973,s4,0.00,0.00,0.00,0,0,0.00,0.00,0.00,0,0,0.00,0.00,0,0
1508082973,total,244276.00,266722.00,510998.00,266722,244276,186.00,197.00,383.00,197,186,0.00,0.00,0,0
1508082974,s5,0.00,0.00,0.00,0,0,0.00,0.00,0.00,0,0,0.00,0.00,0,0
1508082974,s1,0.00,0.00,0.00,0,0,0.00,0.00,0.00,0,0,0.00,0.00,0,0
1508082974,eth0,0.00,0.00,0.00,0,0,0.00,0.00,0.00,0,0,0.00,0.00,0,0
1508082974,eth1,0.00,0.00,0.00,0,0,0.00,0.00,0.00,0,0,0.00,0.00,0,0
1508082974,s1-eth2,4764.00,209292.00,214056.00,209292,4764,72.00,74.00,146.00,74,72,0.00,0.00,0,0
1508082974,s1-eth1,215282.00,4764.00,220046.00,4764,215282,77.00,72.00,149.00,72,77,0.00,0.00,0,0
1508082974,lo,0.00,0.00,0.00,0,0,0.00,0.00,0.00,0,0,0.00,0.00,0,0
1508082974,s4,0.00,0.00,0.00,0,0,0.00,0.00,0.00,0,0,0.00,0.00,0,0
1508082974,total,220046.00,214056.00,434102.00,214056,220046,149.00,146.00,295.00,146,149,0.00,0.00,0,0
1508082975,s5,0.00,0.00,0.00,0,0,0.00,0.00,0.00,0,0,0.00,0.00,0,0
1508082975,s1,0.00,0.00,0.00,0,0,0.00,0.00,0.00,0,0,0.00,0.00,0,0
1508082975,eth0,0.00,0.00,0.00,0,0,0.00,0.00,0.00,0,0,0.00,0.00,0,0
1508082975,eth1,0.00,0.00,0.00,0,0,0.00,0.00,0.00,0,0,0.00,0.00,0,0
1508082975,s1-eth2,0.00,0.00,0.00,0,0,0.00,0.00,0.00,0,0,0.00,0.00,0,0
1508082975,s1-eth1,0.00,0.00,0.00,0,0,0.00,0.00,0.00,0,0,0.00,0.00,0,0
1508082975,lo,0.00,0.00,0.00,0,0,0.00,0.00,0.00,0,0,0.00,0.00,0,0
1508082975,s4,0.00,0.00,0.00,0,0,0.00,0.00,0.00,0,0,0.00,0.00,0,0
1508082975,total,0.00,0.00,0.00,0,0,0.00,0.00,0.00,0,0,0.00,0.00,0,0
1508082976,s5,0.00,0.00,0.00,0,0,0.00,0.00,0.00,0,0,0.00,0.00,0,0
1508082976,s1,0.00,0.00,0.00,0,0,0.00,0.00,0.00,0,0,0.00,0.00,0,0
1508082976,eth0,0.00,0.00,0.00,0,0,0.00,0.00,0.00,0,0,0.00,0.00,0,0
1508082976,eth1,0.00,0.00,0.00,0,0,0.00,0.00,0.00,0,0,0.00,0.00,0,0
1508082976,s1-eth2,0.00,0.00,0.00,0,0,0.00,0.00,0.00,0,0,0.00,0.00,0,0
1508082976,s1-eth1,0.00,0.00,0.00,0,0,0.00,0.00,0.00,0,0,0.00,0.00,0,0
1508082976,lo,0.00,0.00,0.00,0,0,0.00,0.00,0.00,0,0,0.00,0.00,0,0
1508082976,s4,0.00,0.00,0.00,0,0,0.00,0.00,0.00,0,0,0.00,0.00,0,0
1508082976,total,0.00,0.00,0.00,0,0,0.00,0.00,0.00,0,0,0.00,0.00,0,0
1508082977,s5,0.00,0.00,0.00,0,0,0.00,0.00,0.00,0,0,0.00,0.00,0,0
1508082977,s1,0.00,0.00,0.00,0,0,0.00,0.00,0.00,