1508084535,s5,0.00,0.00,0.00,0,0,0.00,0.00,0.00,0,0,0.00,0.00,0,0
1508084535,eth0,0.00,0.00,0.00,0,0,0.00,0.00,0.00,0,0,0.00,0.00,0,0
1508084535,eth1,0.00,0.00,0.00,0,0,0.00,0.00,0.00,0,0,0.00,0.00,0,0
1508084535,s2,0.00,0.00,0.00,0,0,0.00,0.00,0.00,0,0,0.00,0.00,0,0
1508084535,s2-eth2,0.00,0.00,0.00,0,0,0.00,0.00,0.00,0,0,0.00,0.00,0,0
1508084535,s2-eth1,0.00,0.00,0.00,0,0,0.00,0.00,0.00,0,0,0.00,0.00,0,0
1508084535,lo,0.00,0.00,0.00,0,0,0.00,0.00,0.00,0,0,0.00,0.00,0,0
1508084535,s4,0.00,0.00,0.00,0,0,0.00,0.00,0.00,0,0,0.00,0.00,0,0
1508084535,total,0.00,0.00,0.00,0,0,0.00,0.00,0.00,0,0,0.00,0.00,0,0
1508084536,s5,0.00,0.00,0.00,0,0,0.00,0.00,0.00,0,0,0.00,0.00,0,0
1508084536,eth0,304.00,490.00,794.00,490,304,4.00,4.00,8.00,4,4,0.00,0.00,0,0
1508084536,eth1,0.00,0.00,0.00,0,0,0.00,0.00,0.00,0,0,0.00,0.00,0,0
1508084536,s2,0.00,90.00,90.00,90,0,0.00,1.00,1.00,1,0,0.00,0.00,0,0
1508084536,s2-eth2,9751.00,213994.00,223745.00,213994,9751,118.00,105.00,223.00,105,118,0.00,0.00,0,0
1508084536,s2-eth1,235621.00,7972.00,243593.00,7972,235621,123.00,108.00,231.00,108,123,0.00,0.00,0,0
1508084536,lo,970.00,970.00,1940.00,970,970,11.00,11.00,22.00,11,11,0.00,0.00,0,0
1508084536,s4,0.00,0.00,0.00,0,0,0.00,0.00,0.00,0,0,0.00,0.00,0,0
1508084536,total,246646.00,223516.00,470162.00,223516,246646,256.00,229.00,485.00,229,256,0.00,0.00,0,0
1508084537,s5,0.00,0.00,0.00,0,0,0.00,0.00,0.00,0,0,0.00,0.00,0,0
1508084537,eth0,152.00,245.00,397.00,245,152,2.00,2.00,4.00,2,2,0.00,0.00,0,0
1508084537,eth1,0.00,0.00,0.00,0,0,0.00,0.00,0.00,0,0,0.00,0.00,0,0
1508084537,s2,0.00,0.00,0.00,0,0,0.00,0.00,0.00,0,0,0.00,0.00,0,0
1508084537,s2-eth2,6177.00,245846.00,252023.00,245846,6177,83.00,83.00,166.00,83,83,0.00,0.00,0,0
1508084537,s2-eth1,237254.00,5214.00,242468.00,5214,237254,82.00,79.00,161.00,79,82,0.00,0.00,0,0
1508084537,lo,341.00,341.00,682.00,341,341,4.00,4.00,8.00,4,4,0.00,0.00,0,0
1508084537,s4,0.00,0.00,0.00,0,0,0.00,0.00,0.00,0,0,0.00,0.00,0,0
1508084537,total,243924.00,251646.00,495570.00,251646,243924,171.00,168.00,339.00,168,171,0.00,0.00,0,0
1508084538,s5,0.00,0.00,0.00,0,0,0.00,0.00,0.00,0,0,0.00,0.00,0,0
1508084538,eth0,180.00,180.00,360.00,180,180,3.00,3.00,6.00,3,3,0.00,0.00,0,0
1508084538,eth1,0.00,0.00,0.00,0,0,0.00,0.00,0.00,0,0,0.00,0.00,0,0
1508084538,s2,0.00,0.00,0.00,0,0,0.00,0.00,0.00,0,0,0.00,0.00,0,0
1508084538,s2-eth2,5499.00,216424.00,221923.00,216424,5499,77.00,76.00,153.00,76,77,0.00,0.00,0,0
1508084538,s2-eth1,225637.00,5172.00,230809.00,5172,225637,80.00,76.00,156.00,76,80,0.00,0.00,0,0
1508084538,lo,0.00,0.00,0.00,0,0,0.00,0.00,0.00,0,0,0.00,0.00,0,0
1508084538,s4,0.00,0.00,0.00,0,0,0.00,0.00,0.00,0,0,0.00,0.00,0,0
1508084538,total,231316.00,221776.00,453092.00,221776,231316,160.00,155.00,315.00,155,160,0.00,0.00,0,0
1508084539,s5,0.00,0.00,0.00,0,0,0.00,0.00,0.00,0,0,0.00,0.00,0,0
1508084539,eth0,0.00,0.00,0.00,0,0,0.00,0.00,0.00,0,0,0.00,0.00,0,0
1508084539,eth1,0.00,0.00,0.00,0,0,0.00,0.00,0.00,0,0,0.00,0.00,0,0
1508084539,s2,70.00,140.00,210.00,140,70,1.00,2.00,3.00,2,1,0.00,0.00,0,0
1508084539,s2-eth2,4642.00,167786.00,172428.00,167786,4642,64.00,63.00,127.00,63,64,0.00,0.00,0,0
1508084539,s2-eth1,160726.00,4198.00,164924.00,4198,160726,62.00,61.00,123.00,61,62,0.00,0.00,0,0
1508084539,lo,804.00,804.00,1608.00,804,804,9.00,9.00,18.00,9,9,0.00,0.00,0,0
1508084539,s4,0.00,0.00,0.00,0,0,0.00,0.00,0.00,0,0,0.00,0.00,0,0
1508084539,total,166242.00,172928.00,339170.00,172928,166242,136.00,135.00,271.00,135,136,0.00,0.00,0,0
1508084540,s5,0.00,0.00,0.00,0,0,0.00,0.00,0.00,0,0,0.00,0.00,0,0
1508084540,eth0,0.00,0.00,0.00,0,0,0.00,0.00,0.00,0,0,0.00,0.00,0,0
1508084540,eth1,0.00,0.00,0.00,0,0,0.00,0.00,0.00,0,0,0.00,0.00,0,0
1508084540,s2,0.00,0.00,0.00,0,0,0.00,0.00,0.00,0,0,0.00,0.00,0,0
1508084540,s2-eth2,3595.00,101368.00,104963.00,101368,3595,47.00,44.00,91.00,44,47,0.00,0.00,0,0
1508084540,s2-eth1,104466.00,3198.00,107664.00,3198,104466,47.00,45.00,92.00,45,47,0.00,0.00,0,0
1508084540,lo,344.00,344.00,688.00,344,344,6.00,6.00,12.00,6,6,0.00,0.00,0,0
1508084540,s4,0.00,0.00,0.00,0,0,0.00,0.00,0.00,0,0,0.00,0.00,0,0
1508084540,total,108405.00,104910.00,213315.00,104910,108405,100.00,95.00,195.00,95,100,0.00,0.00,0,0
1508084541,s5,0.00,0.00,0.00,0,0,0.00,0.00,0.00,0,0,0.00,0.00,0,0
1508084541,eth0,0.00,0.00,0.00,0,0,0.00,0.00,0.00,0,0,0.00,0.00,0,0
1508084541,eth1,0.00,0.00,0.00,0,0,0.00,0.00,0.00,0,0,0.00,0.00,0,0
1508084541,s2,0.00,0.00,0.00,0,0,0.00,0.00,0.00,0,0,0.00,0.00,0,0
1508084541,s2-eth2,2148.00,97878.00,100026.00,97878,2148,32.00,35.00,67.00,35,32,0.00,0.00,0,0
1508084541,s2-eth1,95126.00,2148.00,97274.00,2148,95126,33.00,32.00,65.00,32,33,0.00,0.00,0,0
1508084541,lo,0.00,0.00,0.00,0,0,0.00,0.00,0.00,0,0,0.00,0.00,0,0
1508084541,s4,0.00,0.00,0.00,0,0,0.00,0.00,0.00,0,0,0.00,0.00,0,0
1508084541,total,97274.00,100026.00,197300.00,100026,97274,65.00,67.00,132.00,67,65,0.00,0.00,0,0
1508084542,s5,0.00,0.00,0.00,0,0,0.00,0.00,0.00,0,0,0.00,0.00,0,0
1508084542,eth0,0.00,0.00,0.00,0,0,0.00,0.00,0.00,0,0,0.00,0.00,0,0
1508084542,eth1,0.00,0.00,0.00,0,0,0.00,0.00,0.00,0,0,0.00,0.00,0,0
1508084542,s2,0.00,0.00,0.00,0,0,0.00,0.00,0.00,0,0,0.00,0.00,0,0
1508084542,s2-eth2,2766.00,100774.00,103540.00,100774,2766,37.00,35.00,72.00,35,37,0.00,0.00,0,0
1508084542,s2-eth1,97944.00,2424.00,100368.00,2424,97944,36.00,36.00,72.00,36,36,0.00,0.00,0,0
1508084542,lo,0.00,0.00,0.00,0,0,0.00,0.00,0.00,0,0,0.00,0.00,0,0
1508084542,s4,0.00,0.00,0.00,0,0,0.00,0.00,0.00,0,0,0.00,0.00,0,0
1508084542,total,100710.00,103198.00,203908.00,103198,100710,73.00,71.00,144.00,71,73,0.00,0.00,0,0
1508084543,s5,0.00,0.00,0.00,0,0,0.00,0.00,0.00,0,0,0.00,0.00,0,0
1508084543,eth0,0.00,0.00,0.00,0,0,0.00,0.00,0.00,0,0,0.00,0.00,0,0
1508084543,eth1,0.00,0.00,0.00,0,0,0.00,0.00,0.00,0,0,0.00,0.00,0,0
1508084543,s2,70.00,140.00,210.00,140,70,1.00,2.00,3.00,2,1,0.00,0.00,0,0
1508084543,s2-eth2,2689.00,115588.00,118277.00,115588,2689,40.00,40.00,80.00,40,40,0.00,0.00,0,0
1508084543,s2-eth1,118727.00,2578.00,121305.00,2578,118727,43.00,39.00,82.00,39,43,0.00,0.00,0,0
1508084543,lo,804.00,804.00,1608.00,804,804,9.00,9.00,18.00,9,9,0.00,0.00,0,0
1508084543,s4,0.00,0.00,0.00,0,0,0.00,0.00,0.00,0,0,0.00,0.00,0,0
1508084543,total,122290.00,119110.00,241400.00,119110,122290,93.00,90.00,183.00,90,93,0.00,0.00,0,0
1508084544,s5,0.00,0.00,0.00,0,0,0.00,0.00,0.00,0,0,0.00,0.00,0,0
1508084544,eth0,0.00,0.00,0.00,0,0,0.00,0.00,0.00,0,0,0.00,0.00,0,0
1508084544,eth1,0.00,0.00,0.00,0,0,0.00,0.00,0.00,0,0,0.00,0.00,0,0
1508084544,s2,0.00,0.00,0.00,0,0,0.00,0.00,0.00,0,0,0.00,0.00,0,0
1508084544,s2-eth2,2710.00,118480.00,121190.00,118480,2710,41.00,40.00,81.00,40,41,0.00,0.00,0,0
1508084544,s2-eth1,115588.00,2574.00,118162.00,2574,115588,40.00,39.00,79.00,39,40,0.00,0.00,0,0
1508084544,lo,0.00,0.00,0.00,0,0,0.00,0.00,0.00,0,0,0.00,0.00,0,0
1508084544,s4,0.00,0.00,0.00,0,0,0.00,0.00,0.00,0,0,0.00,0.00,0,0
1508084544,total,118298.00,121054.00,239352.00,121054,118298,81.00,79.00,160.00,79,81,0.00,0.00,0,0
1508084545,s5,0.00,0.00,0.00,0,0,0.00,0.00,0.00,0,0,0.00,0.00,0,0
1508084545,eth0,0.00,0.00,0.00,0,0,0.00,0.00,0.00,0,0,0.00,0.00,0,0
1508084545,eth1,0.00,0.00,0.00,0,0,0.00,0.00,0.00,0,0,0.00,0.00,0,0
1508084545,s2,0.00,0.00,0.00,0,0,0.00,0.00,0.00,0,0,0.00,0.00,0,0
1508084545,s2-eth2,2997.00,121716.29,124713.29,121838,3000,43.96,46.95,90.91,47,44,0.00,0.00,0,0
1508084545,s2-eth1,115798.20,2997.00,118795.21,3000,115914,44.96,43.96,88.91,44,45,0.00,0.00,0,0
1508084545,lo,343.66,343.66,687.31,344,344,5.99,5.99,11.99,6,6,0.00,0.00,0,0
1508084545,s4,0.00,0.00,0.00,0,0,0.00,0.00,0.00,0,0,0.00,0.00,0,0
1508084545,total,119138.87,125056.95,244195.81,125182,119258,94.91,96.90,191.81,97,95,0.00,0.00,0,0
1508084546,s5,0.00,0.00,0.00,0,0,0.00,0.00,0.00,0,0,0.00,0.00,0,0
1508084546,eth0,0.00,0.00,0.00,0,0,0.00,0.00,0.00,0,0,0.00,0.00,0,0
1508084546,eth1,0.00,0.00,0.00,0,0,0.00,0.00,0.00,0,0,0.00,0.00,0,0
1508084546,s2,0.00,0.00,0.00,0,0,0.00,0.00,0.00,0,0,0.00,0.00,0,0
1508084546,s2-eth2,2637.36,118361.64,120999.01,118480,2640,39.96,39.96,79.92,40,40,0.00,0.00,0,0
1508084546,s2-eth1,124279.73,2637.36,126917.09,2640,124404,41.96,39.96,81.92,40,42,0.00,0.00,0,0
1508084546,lo,0.00,0.00,0.00,0,0,0.00,0.00,0.00,0,0,0.00,0.00,0,0
1508084546,s4,0.00,0.00,0.00,0,0,0.00,0.00,0.00,0,0,0.00,0.00,0,0
1508084546,total,126917.09,120999.01,247916.09,121120,127044,81.92,79.92,161.84,80,82,0.00,0.00,0,0
1508084547,s5,0.00,0.00,0.00,0,0,0.00,0.00,0.00,0,0,0.00,0.00,0,0
1508084547,eth0,0.00,0.00,0.00,0,0,0.00,0.00,0.00,0,0,0.00,0.00,0,0
1508084547,eth1,0.00,0.00,0.00,0,0,0.00,0.00,0.00,0,0,0.00,0.00,0,0
1508084547,s2,0.00,0.00,0.00,0,0,0.00,0.00,0.00,0,0,0.00,0.00,0,0
1508084547,s2-eth2,3128.87,121716.29,124845.16,121838,3132,45.95,46.95,92.91,47,46,0.00,0.00,0,0
1508084547,s2-eth1,106921.08,3128.87,110049.95,3132,107028,41.96,45.95,87.91,46,42,0.00,0.00,0,0
1508084547,lo,0.00,0.00,0.00,0,0,0.00,0.00,0.00,0,0,0.00,0.00,0,0
1508084547,s4,0.00,0.00,0.00,0,0,0.00,0.00,0.00,0,0,0.00,0.00,0,0
1508084547,total,110049.95,124845.16,234895.11,124970,110160,87.91,92.91,180.82,93,88,0.00,0.00,0,0
1508084548,s5,0.00,0.00,0.00,0,0,0.00,0.00,0.00,0,0,0.00,0.00,0,0
1508084548,eth0,180.00,180.00,360.00,180,180,3.00,3.00,6.00,3,3,0.00,0.00,0,0
1508084548,eth1,0.00,0.00,0.00,0,0,0.00,0.00,0.00,0,0,0.00,0.00,0,0
1508084548,s2,0.00,0.00,0.00,0,0,0.00,0.00,0.00,0,0,0.00,0.00,0,0
1508084548,s2-eth2,2508.00,118480.00,120988.00,118480,2508,38.00,40.00,78.00,40,38,0.00,0.00,0,0
1508084548,s2-eth1,124404.00,2508.00,126912.00,2508,124404,42.00,38.00,80.00,38,42,0.00,0.00,0,0
1508084548,lo,172.00,172.00,344.00,172,172,3.00,3.00,6.00,3,3,0.00,0.00,0,0
1508084548,s4,0.00,0.00,0.00,0,0,0.00,0.00,0.00,0,0,0.00,0.00,0,0
1508084548,total,127264.00,121340.00,248604.00,121340,127264,86.00,84.00,170.00,84,86,0.00,0.00,0,0
1508084549,s5,0.00,0.00,0.00,0,0,0.00,0.00,0.00,0,0,0.00,0.00,0,0
1508084549,eth0,0.00,0.00,0.00,0,0,0.00,0.00,0.00,0,0,0.00,0.00,0,0
1508084549,eth1,0.00,0.00,0.00,0,0,0.00,0.00,0.00,0,0,0.00,0.00,0,0
1508084549,s2,0.00,0.00,0.00,0,0,0.00,0.00,0.00,0,0,0.00,0.00,0,0
1508084549,s2-eth2,2868.00,107028.00,109896.00,107028,2868,42.00,42.00,84.00,42,42,0.00,0.00,0,0
1508084549,s2-eth1,104408.00,2868.00,107276.00,2868,104408,42.00,42.00,84.00,42,42,0.00,0.00,0,0
1508084549,lo,0.00,0.00,0.00,0,0,0.00,0.00,0.00,0,0,0.00,0.00,0,0
1508084549,s4,0.00,0.00,0.00,0,0,0.00,0.00,0.00,0,0,0.00,0.00,0,0
1508084549,total,107276.00,109896.00,217172.00,109896,107276,84.00,84.00,168.00,84,84,0.00,0.00,0,0
1508084550,s5,0.00,0.00,0.00,0,0,0.00,0.00,0.00,0,0,0.00,0.00,0,0
1508084550,eth0,0.00,0.00,0.00,0,0,0.00,0.00,0.00,0,0,0.00,0.00,0,0
1508084550,eth1,0.00,0.00,0.00,0,0,0.00,0.00,0.00,0,0,0.00,0.00,0,0
1508084550,s2,0.00,0.00,0.00,0,0,0.00,0.00,0.00,0,0,0.00,0.00,0,0
1508084550,s2-eth2,2616.00,101170.00,103786.00,101170,2616,38.00,41.00,79.00,41,38,0.00,0.00,0,0
1508084550,s2-eth1,104066.00,2616.00,106682.00,2616,104066,41.00,38.00,79.00,38,41,0.00,0.00,0,0
1508084550,lo,344.00,344.00,688.00,344,344,6.00,6.00,12.00,6,6,0.00,0.00,0,0
1508084550,s4,0.00,0.00,0.00,0,0,0.00,0.00,0.00,0,0,0.00,0.00,0,0
1508084550,total,107026.00,104130.00,211156.00,104130,107026,85.00,85.00,170.00,85,85,0.00,0.00,0,0
1508084551,s5,0.00,0.00,0.00,0,0,0.00,0.00,0.00,0,0,0.00,0.00,0,0
1508084551,eth0,0.00,0.00,0.00,0,0,0.00,0.00,0.00,0,0,0.00,0.00,0,0
1508084551,eth1,0.00,0.00,0.00,0,0,0.00,0.00,0.00,0,0,0.00,0.00,0,0
1508084551,s2,0.00,0.00,0.00,0,0,0.00,0.00,0.00,0,0,0.00,0.00,0,0
1508084551,s2-eth2,2333.00,94850.00,97183.00,94850,2333,34.00,33.00,67.00,33,34,0.00,0.00,0,0
1508084551,s2-eth1,86137.00,2226.00,88363.00,2226,86137,32.00,33.00,65.00,33,32,0.00,0.00,0,0
1508084551,lo,0.00,0.00,0.00,0,0,0.00,0.00,0.00,0,0,0.00,0.00,0,0
1508084551,s4,0.00,0.00,0.00,0,0,0.00,0.00,0.00,0,0,0.00,0.00,0,0
1508084551,total,88470.00,97076.00,185546.00,97076,88470,66.00,66.00,132.00,66,66,0.00,0.00,0,0
1508084552,s5,0.00,0.00,0.00,0,0,0.00,0.00,0.00,0,0,0.00,0.00,0,0
1508084552,eth0,0.00,0.00,0.00,0,0,0.00,0.00,0.00,0,0,0.00,0.00,0,0
1508084552,eth1,0.00,0.00,0.00,0,0,0.00,0.00,0.00,0,0,0.00,0.00,0,0
1508084552,s2,0.00,0.00,0.00,0,0,0.00,0.00,0.00,0,0,0.00,0.00,0,0
1508084552,s2-eth2,1980.00,91822.00,93802.00,91822,1980,30.00,31.00,61.00,31,30,0.00,0.00,0,0
1508084552,s2-eth1,100708.00,1980.00,102688.00,1980,100708,34.00,30.00,64.00,30,34,0.00,0.00,0,0
1508084552,lo,0.00,0.00,0.00,0,0,0.00,0.00,0.00,0,0,0.00,0.00,0,0
1508084552,s4,0.00,0.00,0.00,0,0,0.00,0.00,0.00,0,0,0.00,0.00,0,0
1508084552,total,102688.00,93802.00,196490.00,93802,102688,64.00,61.00,125.00,61,64,0.00,0.00,0,0
1508084553,s5,0.00,0.00,0.00,0,0,0.00,0.00,0.00,0,0,0.00,0.00,0,0
1508084553,eth0,60.00,60.00,120.00,60,60,1.00,1.00,2.00,1,1,0.00,0.00,0,0
1508084553,eth1,0.00,0.00,0.00,0,0,0.00,0.00,0.00,0,0,0.00,0.00,0,0
1508084553,s2,0.00,0.00,0.00,0,0,0.00,0.00,0.00,0,0,0.00,0.00,0,0
1508084553,s2-eth2,2574.00,121442.00,124016.00,121442,2574,39.00,41.00,80.00,41,39,0.00,0.00,0,0
1508084553,s2-eth1,106632.00,2574.00,109206.00,2574,106632,36.00,39.00,75.00,39,36,0.00,0.00,0,0
1508084553,lo,172.00,172.00,344.00,172,172,3.00,3.00,6.00,3,3,0.00,0.00,0,0
1508084553,s4,0.00,0.00,0.00,0,0,0.00,0.00,0.00,0,0,0.00,0.00,0,0
1508084553,total,109438.00,124248.00,233686.00,124248,109438,79.00,84.00,163.00,84,79,0.00,0.00,0,0
1508084554,s5,0.00,0.00,0.00,0,0,0.00,0.00,0.00,0,0,0.00,0.00,0,0
1508084554,eth0,681.00,540.00,1221.00,540,681,9.00,9.00,18.00,9,9,0.00,0.00,0,0
1508084554,eth1,0.00,0.00,0.00,0,0,0.00,0.00,0.00,0,0,0.00,0.00,0,0
1508084554,s2,0.00,0.00,0.00,0,0,0.00,0.00,0.00,0,0,0.00,0.00,0,0
1508084554,s2-eth2,2634.00,117230.00,119864.00,117230,2634,39.00,43.00,82.00,43,39,0.00,0.00,0,0
1508084554,s2-eth1,132040.00,2634.00,134674.00,2634,132040,48.00,39.00,87.00,39,48,0.00,0.00,0,0
1508084554,lo,0.00,0.00,0.00,0,0,0.00,0.00,0.00,0,0,0.00,0.00,0,0
1508084554,s4,0.00,0.00,0.00,0,0,0.00,0.00,0.00,0,0,0.00,0.00,0,0
1508084554,total,135355.00,120404.00,255759.00,120404,135355,96.00,91.00,187.00,91,96,0.00,0.00,0,0
1508084555,s5,0.00,0.00,0.00,0,0,0.00,0.00,0.00,0,0,0.00,0.00,0,0
1508084555,eth0,0.00,0.00,0.00,0,0,0.00,0.00,0.00,0,0,0.00,0.00,0,0
1508084555,eth1,0.00,0.00,0.00,0,0,0.00,0.00,0.00,0,0,0.00,0.00,0,0
1508084555,s2,0.00,0.00,0.00,0,0,0.00,0.00,0.00,0,0,0.00,0.00,0,0
1508084555,s2-eth2,3756.00,143888.00,147644.00,143888,3756,52.00,52.00,104.00,52,52,0.00,0.00,0,0
1508084555,s2-eth1,123154.00,3414.00,126568.00,3414,123154,45.00,51.00,96.00,51,45,0.00,0.00,0,0
1508084555,lo,344.00,344.00,688.00,344,344,6.00,6.00,12.00,6,6,0.00,0.00,0,0
1508084555,s4,0.00,0.00,0.00,0,0,0.00,0.00,0.00,0,0,0.00,0.00,0,0
1508084555,total,127254.00,147646.00,274900.00,147646,127254,103.00,109.00,212.00,109,103,0.00,0.00,0,0
1508084556,s5,0.00,0.00,0.00,0,0,0.00,0.00,0.00,0,0,0.00,0.00,0,0
1508084556,eth0,0.00,0.00,0.00,0,0,0.00,0.00,0.00,0,0,0.00,0.00,0,0
1508084556,eth1,0.00,0.00,0.00,0,0,0.00,0.00,0.00,0,0,0.00,0.00,0,0
1508084556,s2,0.00,0.00,0.00,0,0,0.00,0.00,0.00,0,0,0.00,0.00,0,0
1508084556,s2-eth2,3234.00,148100.00,151334.00,148100,3234,49.00,50.00,99.00,50,49,0.00,0.00,0,0
1508084556,s2-eth1,159948.00,3234.00,163182.00,3234,159948,54.00,49.00,103.00,49,54,0.00,0.00,0,0
1508084556,lo,0.00,0.00,0.00,0,0,0.00,0.00,0.00,0,0,0.00,0.00,0,0
1508084556,s4,0.00,0.00,0.00,0,0,0.00,0.00,0.00,0,0,0.00,0.00,0,0
1508084556,total,163182.00,151334.00,314516.00,151334,163182,103.00,99.00,202.00,99,103,0.00,0.00,0,0
1508084557,s5,0.00,0.00,0.00,0,0,0.00,0.00,0.00,0,0,0.00,0.00,0,0
1508084557,eth0,0.00,0.00,0.00,0,0,0.00,0.00,0.00,0,0,0.00,0.00,0,0
1508084557,eth1,0.00,0.00,0.00,0,0,0.00,0.00,0.00,0,0,0.00,0.00,0,0
1508084557,s2,0.00,0.00,0.00,0,0,0.00,0.00,0.00,0,0,0.00,0.00,0,0
1508084557,s2-eth2,3768.00,122300.00,126068.00,122300,3768,54.00,54.00,108.00,54,54,0.00,0.00,0,0
1508084557,s2-eth1,110452.00,3768.00,114220.00,3768,110452,50.00,54.00,104.00,54,50,0.00,0.00,0,0
1508084557,lo,0.00,0.00,0.00,0,0,0.00,0.00,0.00,0,0,0.00,0.00,0,0
1508084557,s4,0.00,0.00,0.00,0,0,0.00,0.00,0.00,0,0,0.00,0.00,0,0
1508084557,total,114220.00,126068.00,240288.00,126068,114220,104.00,108.00,212.00,108,104,0.00,0.00,0,0
1508084558,s5,0.00,0.00,0.00,0,0,0.00,0.00,0.00,0,0,0.00,0.00,0,0
1508084558,eth0,0.00,0.00,0.00,0,0,0.00,0.00,0.00,0,0,0.00,0.00,0,0
1508084558,eth1,0.00,0.00,0.00,0,0,0.00,0.00,0.00,0,0,0.00,0.00,0,0
1508084558,s2,0.00,0.00,0.00,0,0,0.00,0.00,0.00,0,0,0.00,0.00,0,0
1508084558,s2-eth2,1788.00,77276.00,79064.00,77276,1788,26.00,30.00,56.00,30,26,0.00,0.00,0,0
1508084558,s2-eth1,84648.00,1788.00,86436.00,1788,84648,32.00,26.00,58.00,26,32,0.00,0.00,0,0
1508084558,lo,172.00,172.00,344.00,172,172,3.00,3.00,6.00,3,3,0.00,0.00,0,0
1508084558,s4,0.00,0.00,0.00,0,0,0.00,0.00,0.00,0,0,0.00,0.00,0,0
1508084558,total,86608.00,79236.00,165844.00,79236,86608,61.00,59.00,120.00,59,61,0.00,0.00,0,0
1508084559,s5,0.00,0.00,0.00,0,0,0.00,0.00,0.00,0,0,0.00,0.00,0,0
1508084559,eth0,0.00,0.00,0.00,0,0,0.00,0.00,0.00,0,0,0.00,0.00,0,0
1508084559,eth1,0.00,0.00,0.00,0,0,0.00,0.00,0.00,0,0,0.00,0.00,0,0
1508084559,s2,0.00,0.00,0.00,0,0,0.00,0.00,0.00,0,0,0.00,0.00,0,0
1508084559,s2-eth2,1780.22,49186.82,50967.04,49236,1782,24.98,21.98,46.95,22,25,0.00,0.00,0,0
1508084559,s2-eth1,40309.69,1780.22,42089.91,1782,40350,18.98,24.98,43.96,25,19,0.00,0.00,0,0
1508084559,lo,0.00,0.00,0.00,0,0,0.00,0.00,0.00,0,0,0.00,0.00,0,0
1508084559,s4,0.00,0.00,0.00,0,0,0.00,0.00,0.00,0,0,0.00,0.00,0,0
1508084559,total,42089.91,50967.04,93056.95,51018,42132,43.96,46.95,90.91,47,44,0.00,0.00,0,0
1508084560,s5,0.00,0.00,0.00,0,0,0.00,0.00,0.00,0,0,0.00,0.00,0,0
1508084560,eth0,0.00,0.00,0.00,0,0,0.00,0.00,0.00,0,0,0.00,0.00,0,0
1508084560,eth1,0.00,0.00,0.00,0,0,0.00,0.00,0.00,0,0,0.00,0.00,0,0
1508084560,s2,0.00,0.00,0.00,0,0,0.00,0.00,0.00,0,0,0.00,0.00,0,0
1508084560,s2-eth2,990.00,53316.00,54306.00,53316,990,15.00,18.00,33.00,18,15,0.00,0.00,0,0
1508084560,s2-eth1,59582.00,990.00,60572.00,990,59582,21.00,15.00,36.00,15,21,0.00,0.00,0,0
1508084560,lo,344.00,344.00,688.00,344,344,6.00,6.00,12.00,6,6,0.00,0.00,0,0
1508084560,s4,0.00,0.00,0.00,0,0,0.00,0.00,0.00,0,0,0.00,0.00,0,0
1508084560,total,60916.00,54650.00,115566.00,54650,60916,42.00,39.00,81.00,39,42,0.00,0.00,0,0
1508084561,s5,0.00,0.00,0.00,0,0,0.00,0.00,0.00,0,0,0.00,0.00,0,0
1508084561,eth0,0.00,0.00,0.00,0,0,0.00,0.00,0.00,0,0,0.00,0.00,0,0
1508084561,eth1,0.00,0.00,0.00,0,0,0.00,0.00,0.00,0,0,0.00,0.00,0,0
1508084561,s2,0.00,0.00,0.00,0,0,0.00,0.00,0.00,0,0,0.00,0.00,0,0
1508084561,s2-eth2,1740.00,83002.00,84742.00,83002,1740,26.00,29.00,55.00,29,26,0.00,0.00,0,0
1508084561,s2-eth1,79974.00,1740.00,81714.00,1740,79974,27.00,26.00,53.00,26,27,0.00,0.00,0,0
1508084561,lo,0.00,0.00,0.00,0,0,0.00,0.00,0.00,0,0,0.00,0.00,0,0
1508084561,s4,0.00,0.00,0.00,0,0,0.00,0.00,0.00,0,0,0.00,0.00,0,0
1508084561,total,81714.00,84742.00,166456.00,84742,81714,53.00,55.00,108.00,55,53,0.00,0.00,0,0
1508084562,s5,0.00,0.00,0.00,0,0,0.00,0.00,0.00,0,0,0.00,0.00,0,0
1508084562,eth0,0.00,0.00,0.00,0,0,0.00,0.00,0.00,0,0,0.00,0.00,0,0
1508084562,eth1,0.00,0.00,0.00,0,0,0.00,0.00,0.00,0,0,0.00,0.00,0,0
1508084562,s2,0.00,0.00,0.00,0,0,0.00,0.00,0.00,0,0,0.00,0.00,0,0
1508084562,s2-eth2,2361.64,83248.75,85610.39,83332,2364,33.97,33.97,67.93,34,34,0.00,0.00,0,0
1508084562,s2-eth1,80355.65,2361.64,82717.28,2364,80436,33.97,33.97,67.93,34,34,0.00,0.00,0,0
1508084562,lo,0.00,0.00,0.00,0,0,0.00,0.00,0.00,0,0,0.00,0.00,0,0
1508084562,s4,0.00,0.00,0.00,0,0,0.00,0.00,0.00,0,0,0.00,0.00,0,0
1508084562,total,82717.28,85610.39,168327.67,85696,82800,67.93,67.93,135.86,68,68,0.00,0.00,0,0
1508084563,s5,0.00,0.00,0.00,0,0,0.00,0.00,0.00,0,0,0.00,0.00,0,0
1508084563,eth0,0.00,0.00,0.00,0,0,0.00,0.00,0.00,0,0,0.00,0.00,0,0
1508084563,eth1,0.00,0.00,0.00,0,0,0.00,0.00,0.00,0,0,0.00,0.00,0,0
1508084563,s2,0.00,0.00,0.00,0,0,0.00,0.00,0.00,0,0,0.00,0.00,0,0
1508084563,s2-eth2,1554.00,71220.00,72774.00,71220,1554,23.00,26.00,49.00,26,23,0.00,0.00,0,0
1508084563,s2-eth1,68192.00,1554.00,69746.00,1554,68192,24.00,23.00,47.00,23,24,0.00,0.00,0,0
1508084563,lo,172.00,172.00,344.00,172,172,3.00,3.00,6.00,3,3,0.00,0.00,0,0
1508084563,s4,0.00,0.00,0.00,0,0,0.00,0.00,0.00,0,0,0.00,0.00,0,0
1508084563,total,69918.00,72946.00,142864.00,72946,69918,50.00,52.00,102.00,52,50,0.00,0.00,0,0
1508084564,s5,0.00,0.00,0.00,0,0,0.00,0.00,0.00,0,0,0.00,0.00,0,0
1508084564,eth0,0.00,0.00,0.00,0,0,0.00,0.00,0.00,0,0,0.00,0.00,0,0
1508084564,eth1,0.00,0.00,0.00,0,0,0.00,0.00,0.00,0,0,0.00,0.00,0,0
1508084564,s2,0.00,0.00,0.00,0,0,0.00,0.00,0.00,0,0,0.00,0.00,0,0
1508084564,s2-eth2,1476.00,62376.00,63852.00,62376,1476,22.00,24.00,46.00,24,22,0.00,0.00,0,0
1508084564,s2-eth1,53514.00,1476.00,54990.00,1476,53514,21.00,22.00,43.00,22,21,0.00,0.00,0,0
1508084564,lo,296.00,296.00,592.00,296,296,3.00,3.00,6.00,3,3,0.00,0.00,0,0
1508084564,s4,0.00,0.00,0.00,0,0,0.00,0.00,0.00,0,0,0.00,0.00,0,0
1508084564,total,55286.00,64148.00,119434.00,64148,55286,46.00,49.00,95.00,49,46,0.00,0.00,0,0
1508084565,s5,0.00,0.00,0.00,0,0,0.00,0.00,0.00,0,0,0.00,0.00,0,0
1508084565,eth0,0.00,0.00,0.00,0,0,0.00,0.00,0.00,0,0,0.00,0.00,0,0
1508084565,eth1,0.00,0.00,0.00,0,0,0.00,0.00,0.00,0,0,0.00,0.00,0,0
1508084565,s2,0.00,0.00,0.00,0,0,0.00,0.00,0.00,0,0,0.00,0.00,0,0
1508084565,s2-eth2,1716.00,77012.00,78728.00,77012,1716,26.00,26.00,52.00,26,26,0.00,0.00,0,0
1508084565,s2-eth1,80016.00,1716.00,81732.00,1716,80016,28.00,26.00,54.00,26,28,0.00,0.00,0,0
1508084565,lo,344.00,344.00,688.00,344,344,6.00,6.00,12.00,6,6,0.00,0.00,0,0
1508084565,s4,0.00,0.00,0.00,0,0,0.00,0.00,0.00,0,0,0.00,0.00,0,0
1508084565,total,82076.00,79072.00,161148.00,79072,82076,60.00,58.00,118.00,58,60,0.00,0.00,0,0
1508084566,s5,0.00,0.00,0.00,0,0,0.00,0.00,0.00,0,0,0.00,0.00,0,0
1508084566,eth0,0.00,0.00,0.00,0,0,0.00,0.00,0.00,0,0,0.00,0.00,0,0
1508084566,eth1,0.00,0.00,0.00,0,0,0.00,0.00,0.00,0,0,0.00,0.00,0,0
1508084566,s2,0.00,0.00,0.00,0,0,0.00,0.00,0.00,0,0,0.00,0.00,0,0
1508084566,s2-eth2,1794.00,81488.00,83282.00,81488,1794,27.00,28.00,55.00,28,27,0.00,0.00,0,0
1508084566,s2-eth1,79974.00,1794.00,81768.00,1794,79974,27.00,27.00,54.00,27,27,0.00,0.00,0,0
1508084566,lo,0.00,0.00,0.00,0,0,0.00,0.00,0.00,0,0,0.00,0.00,0,0
1508084566,s4,0.00,0.00,0.00,0,0,0.00,0.00,0.00,0,0,0.00,0.00,0,0
1508084566,total,81768.00,83282.00,165050.00,83282,81768,54.00,55.00,109.00,55,54,0.00,0.00,0,0
1508084567,s5,0.00,0.00,0.00,0,0,0.00,0.00,0.00,0,0,0.00,0.00,0,0
1508084567,eth0,0.00,0.00,0.00,0,0,0.00,0.00,0.00,0,0,0.00,0.00,0,0
1508084567,eth1,0.00,0.00,0.00,0,0,0.00,0.00,0.00,0,0,0.00,0.00,0,0
1508084567,s2,0.00,0.00,0.00,0,0,0.00,0.00,0.00,0,0,0.00,0.00,0,0
1508084567,s2-eth2,2261.00,76026.00,78287.00,76026,2261,32.00,33.00,65.00,33,32,0.00,0.00,0,0
1508084567,s2-eth1,71723.00,2154.00,73877.00,2154,71723,33.00,31.00,64.00,31,33,0.00,0.00,0,0
1508084567,lo,0.00,0.00,0.00,0,0,0.00,0.00,0.00,0,0,0.00,0.00,0,0
1508084567,s4,0.00,0.00,0.00,0,0,0.00,0.00,0.00,0,0,0.00,0.00,0,0
1508084567,total,73984.00,78180.00,152164.00,78180,73984,65.00,64.00,129.00,64,65,0.00,0.00,0,0
1508084568,s5,0.00,0.00,0.00,0,0,0.00,0.00,0.00,0,0,0.00,0.00,0,0
1508084568,eth0,0.00,0.00,0.00,0,0,0.00,0.00,0.00,0,0,0.00,0.00,0,0
1508084568,eth1,0.00,0.00,0.00,0,0,0.00,0.00,0.00,0,0,0.00,0.00,0,0
1508084568,s2,0.00,0.00,0.00,0,0,0.00,0.00,0.00,0,0,0.00,0.00,0,0
1508084568,s2-eth2,1978.02,91730.27,93708.30,91822,1980,29.97,30.97,60.94,31,30,0.00,0.00,0,0
1508084568,s2-eth1,88771.23,1978.02,90749.25,1980,88860,29.97,29.97,59.94,30,30,0.00,0.00,0,0
1508084568,lo,0.00,0.00,0.00,0,0,0.00,0.00,0.00,0,0,0.00,0.00,0,0
1508084568,s4,0.00,0.00,0.00,0,0,0.00,0.00,0.00,0,0,0.00,0.00,0,0
1508084568,total,90749.25,93708.30,184457.55,93802,90840,59.94,60.94,120.88,61,60,0.00,0.00,0,0
1508084569,s5,0.00,0.00,0.00,0,0,0.00,0.00,0.00,0,0,0.00,0.00,0,0
1508084569,eth0,0.00,0.00,0.00,0,0,0.00,0.00,0.00,0,0,0.00,0.00,0,0
1508084569,eth1,0.00,0.00,0.00,0,0,0.00,0.00,0.00,0,0,0.00,0.00,0,0
1508084569,s2,0.00,0.00,0.00,0,0,0.00,0.00,0.00,0,0,0.00,0.00,0,0
1508084569,s2-eth2,2109.89,94689.31,96799.20,94784,2112,31.97,31.97,63.94,32,32,0.00,0.00,0,0
1508084569,s2-eth1,97648.35,2109.89,99758.24,2112,97746,32.97,31.97,64.94,32,33,0.00,0.00,0,0
1508084569,lo,171.83,171.83,343.66,172,172,3.00,3.00,5.99,3,3,0.00,0.00,0,0
1508084569,s4,0.00,0.00,0.00,0,0,0.00,0.00,0.00,0,0,0.00,0.00,0,0
1508084569,total,99930.07,96971.03,196901.11,97068,100030,67.93,66.93,134.87,67,68,0.00,0.00,0,0
1508084570,s5,0.00,0.00,0.00,0,0,0.00,0.00,0.00,0,0,0.00,0.00,0,0
1508084570,eth0,0.00,0.00,0.00,0,0,0.00,0.00,0.00,0,0,0.00,0.00,0,0
1508084570,eth1,0.00,0.00,0.00,0,0,0.00,0.00,0.00,0,0,0.00,0.00,0,0
1508084570,s2,0.00,0.00,0.00,0,0,0.00,0.00,0.00,0,0,0.00,0.00,0,0
1508084570,s2-eth2,2328.00,94982.00,97310.00,94982,2328,34.00,35.00,69.00,35,34,0.00,0.00,0,0
1508084570,s2-eth1,92020.00,2328.00,94348.00,2328,92020,34.00,34.00,68.00,34,34,0.00,0.00,0,0
1508084570,lo,344.00,344.00,688.00,344,344,6.00,6.00,12.00,6,6,0.00,0.00,0,0
1508084570,s4,0.00,0.00,0.00,0,0,0.00,0.00,0.00,0,0,0.00,0.00,0,0
1508084570,total,94692.00,97654.00,192346.00,97654,94692,74.00,75.00,149.00,75,74,0.00,0.00,0,0
1508084571,s5,0.00,0.00,0.00,0,0,0.00,0.00,0.00,0,0,0.00,0.00,0,0
1508084571,eth0,0.00,0.00,0.00,0,0,0.00,0.00,0.00,0,0,0.00,0.00,0,0
1508084571,eth1,0.00,0.00,0.00,0,0,0.00,0.00,0.00,0,0,0.00,0.00,0,0
1508084571,s2,0.00,0.00,0.00,0,0,0.00,0.00,0.00,0,0,0.00,0.00,0,0
1508084571,s2-eth2,2652.00,109594.00,112246.00,109594,2652,36.00,37.00,73.00,37,36,0.00,0.00,0,0
1508084571,s2-eth1,106632.00,2376.00,109008.00,2376,106632,36.00,36.00,72.00,36,36,0.00,0.00,0,0
1508084571,lo,0.00,0.00,0.00,0,0,0.00,0.00,0.00,0,0,0.00,0.00,0,0
1508084571,s4,0.00,0.00,0.00,0,0,0.00,0.00,0.00,0,0,0.00,0.00,0,0
1508084571,total,109284.00,111970.00,221254.00,111970,109284,72.00,73.00,145.00,73,72,0.00,0.00,0,0
1508084572,s5,0.00,0.00,0.00,0,0,0.00,0.00,0.00,0,0,0.00,0.00,0,0
1508084572,eth0,0.00,0.00,0.00,0,0,0.00,0.00,0.00,0,0,0.00,0.00,0,0
1508084572,eth1,0.00,0.00,0.00,0,0,0.00,0.00,0.00,0,0,0.00,0.00,0,0
1508084572,s2,0.00,0.00,0.00,0,0,0.00,0.00,0.00,0,0,0.00,0.00,0,0
1508084572,s2-eth2,2508.00,115518.00,118026.00,115518,2508,38.00,39.00,77.00,39,38,0.00,0.00,0,0
1508084572,s2-eth1,115518.00,2442.00,117960.00,2442,115518,39.00,37.00,76.00,37,39,0.00,0.00,0,0
1508084572,lo,0.00,0.00,0.00,0,0,0.00,0.00,0.00,0,0,0.00,0.00,0,0
1508084572,s4,0.00,0.00,0.00,0,0,0.00,0.00,0.00,0,0,0.00,0.00,0,0
1508084572,total,118026.00,117960.00,235986.00,117960,118026,77.00,76.00,153.00,76,77,0.00,0.00,0,0
1508084573,s5,0.00,0.00,0.00,0,0,0.00,0.00,0.00,0,0,0.00,0.00,0,0
1508084573,eth0,0.00,0.00,0.00,0,0,0.00,0.00,0.00,0,0,0.00,0.00,0,0
1508084573,eth1,0.00,0.00,0.00,0,0,0.00,0.00,0.00,0,0,0.00,0.00,0,0
1508084573,s2,0.00,0.00,0.00,0,0,0.00,0.00,0.00,0,0,0.00,0.00,0,0
1508084573,s2-eth2,2262.00,92020.00,94282.00,92020,2262,33.00,34.00,67.00,34,33,0.00,0.00,0,0
1508084573,s2-eth1,89058.00,2340.00,91398.00,2340,89058,33.00,34.00,67.00,34,33,0.00,0.00,0,0
1508084573,lo,0.00,0.00,0.00,0,0,0.00,0.00,0.00,0,0,0.00,0.00,0,0
1508084573,s4,0.00,0.00,0.00,0,0,0.00,0.00,0.00,0,0,0.00,0.00,0,0
1508084573,total,91320.00,94360.00,185680.00,94360,91320,66.00,68.00,134.00,68,66,0.00,0.00,0,0
1508084574,s5,0.00,0.00,0.00,0,0,0.00,0.00,0.00,0,0,0.00,0.00,0,0
1508084574,eth0,0.00,0.00,0.00,0,0,0.00,0.00,0.00,0,0,0.00,0.00,0,0
1508084574,eth1,0.00,0.00,0.00,0,0,0.00,0.00,0.00,0,0,0.00,0.00,0,0
1508084574,s2,0.00,0.00,0.00,0,0,0.00,0.00,0.00,0,0,0.00,0.00,0,0
1508084574,s2-eth2,2391.61,97846.16,100237.77,97944,2394,34.97,35.96,70.93,36,35,0.00,0.00,0,0
1508084574,s2-eth1,97846.16,2313.69,100159.84,2316,97944,35.96,33.97,69.93,34,36,0.00,0.00,0,0
1508084574,lo,171.83,171.83,343.66,172,172,3.00,3.00,5.99,3,3,0.00,0.00,0,0
1508084574,s4,0.00,0.00,0.00,0,0,0.00,0.00,0.00,0,0,0.00,0.00,0,0
1508084574,total,100409.59,100331.67,200741.27,100432,100510,73.93,72.93,146.85,73,74,0.00,0.00,0,0
1508084575,s5,0.00,0.00,0.00,0,0,0.00,0.00,0.00,0,0,0.00,0.00,0,0
1508084575,eth0,0.00,0.00,0.00,0,0,0.00,0.00,0.00,0,0,0.00,0.00,0,0
1508084575,eth1,0.00,0.00,0.00,0,0,0.00,0.00,0.00,0,0,0.00,0.00,0,0
1508084575,s2,0.00,0.00,0.00,0,0,0.00,0.00,0.00,0,0,0.00,0.00,0,0
1508084575,s2-eth2,2400.00,109660.00,112060.00,109660,2400,36.00,38.00,74.00,38,36,0.00,0.00,0,0
1508084575,s2-eth1,106632.00,2400.00,109032.00,2400,106632,36.00,36.00,72.00,36,36,0.00,0.00,0,0
1508084575,lo,344.00,344.00,688.00,344,344,6.00,6.00,12.00,6,6,0.00,0.00,0,0
1508084575,s4,0.00,0.00,0.00,0,0,0.00,0.00,0.00,0,0,0.00,0.00,0,0
1508084575,total,109376.00,112404.00,221780.00,112404,109376,78.00,80.00,158.00,80,78,0.00,0.00,0,0
1508084576,s5,0.00,0.00,0.00,0,0,0.00,0.00,0.00,0,0,0.00,0.00,0,0
1508084576,eth0,0.00,0.00,0.00,0,0,0.00,0.00,0.00,0,0,0.00,0.00,0,0
1508084576,eth1,0.00,0.00,0.00,0,0,0.00,0.00,0.00,0,0,0.00,0.00,0,0
1508084576,s2,0.00,0.00,0.00,0,0,0.00,0.00,0.00,0,0,0.00,0.00,0,0
1508084576,s2-eth2,2022.00,74446.00,76468.00,74446,2022,29.00,31.00,60.00,31,29,0.00,0.00,0,0
1508084576,s2-eth1,68588.00,2022.00,70610.00,2022,68588,30.00,29.00,59.00,29,30,0.00,0.00,0,0
1508084576,lo,0.00,0.00,0.00,0,0,0.00,0.00,0.00,0,0,0.00,0.00,0,0
1508084576,s4,0.00,0.00,0.00,0,0,0.00,0.00,0.00,0,0,0.00,0.00,0,0
1508084576,total,70610.00,76468.00,147078.00,76468,70610,59.00,60.00,119.00,60,59,0.00,0.00,0,0
1508084577,s5,0.00,0.00,0.00,0,0,0.00,0.00,0.00,0,0,0.00,0.00,0,0
1508084577,eth0,0.00,0.00,0.00,0,0,0.00,0.00,0.00,0,0,0.00,0.00,0,0
1508084577,eth1,0.00,0.00,0.00,0,0,0.00,0.00,0.00,0,0,0.00,0.00,0,0
1508084577,s2,0.00,0.00,0.00,0,0,0.00,0.00,0.00,0,0,0.00,0.00,0,0
1508084577,s2-eth2,1584.00,77012.00,78596.00,77012,1584,24.00,26.00,50.00,26,24,0.00,0.00,0,0
1508084577,s2-eth1,79974.00,1584.00,81558.00,1584,79974,27.00,24.00,51.00,24,27,0.00,0.00,0,0
1508084577,lo,0.00,0.00,0.00,0,0,0.00,0.00,0.00,0,0,0.00,0.00,0,0
1508084577,s4,0.00,0.00,0.00,0,0,0.00,0.00,0.00,0,0,0.00,0.00,0,0
1508084577,total,81558.00,78596.00,160154.00,78596,81558,51.00,50.00,101.00,50,51,0.00,0.00,0,0
1508084578,s5,0.00,0.00,0.00,0,0,0.00,0.00,0.00,0,0,0.00,0.00,0,0
1508084578,eth0,0.00,0.00,0.00,0,0,0.00,0.00,0.00,0,0,0.00,0.00,0,0
1508084578,eth1,0.00,0.00,0.00,0,0,0.00,0.00,0.00,0,0,0.00,0.00,0,0
1508084578,s2,0.00,0.00,0.00,0,0,0.00,0.00,0.00,0,0,0.00,0.00,0,0
1508084578,s2-eth2,2244.00,103670.00,105914.00,103670,2244,34.00,35.00,69.00,35,34,0.00,0.00,0,0
1508084578,s2-eth1,100708.00,2244.00,102952.00,2244,100708,34.00,34.00,68.00,34,34,0.00,0.00,0,0
1508084578,lo,0.00,0.00,0.00,0,0,0.00,0.00,0.00,0,0,0.00,0.00,0,0
1508084578,s4,0.00,0.00,0.00,0,0,0.00,0.00,0.00,0,0,0.00,0.00,0,0
1508084578,total,102952.00,105914.00,208866.00,105914,102952,68.00,69.00,137.00,69,68,0.00,0.00,0,0
1508084579,s5,0.00,0.00,0.00,0,0,0.00,0.00,0.00,0,0,0.00,0.00,0,0
1508084579,eth0,0.00,0.00,0.00,0,0,0.00,0.00,0.00,0,0,0.00,0.00,0,0
1508084579,eth1,0.00,0.00,0.00,0,0,0.00,0.00,0.00,0,0,0.00,0.00,0,0
1508084579,s2,0.00,0.00,0.00,0,0,0.00,0.00,0.00,0,0,0.00,0.00,0,0
1508084579,s2-eth2,3102.00,123484.00,126586.00,123484,3102,45.00,50.00,95.00,50,45,0.00,0.00,0,0
1508084579,s2-eth1,122246.00,3102.00,125348.00,3102,122246,49.00,45.00,94.00,45,49,0.00,0.00,0,0
1508084579,lo,172.00,172.00,344.00,172,172,3.00,3.00,6.00,3,3,0.00,0.00,0,0
1508084579,s4,0.00,0.00,0.00,0,0,0.00,0.00,0.00,0,0,0.00,0.00,0,0
1508084579,total,125520.00,126758.00,252278.00,126758,125520,97.00,98.00,195.00,98,97,0.00,0.00,0,0
1508084580,s5,0.00,0.00,0.00,0,0,0.00,0.00,0.00,0,0,0.00,0.00,0,0
1508084580,eth0,0.00,0.00,0.00,0,0,0.00,0.00,0.00,0,0,0.00,0.00,0,0
1508084580,eth1,0.00,0.00,0.00,0,0,0.00,0.00,0.00,0,0,0.00,0.00,0,0
1508084580,s2,0.00,0.00,0.00,0,0,0.00,0.00,0.00,0,0,0.00,0.00,0,0
1508084580,s2-eth2,2577.42,96465.54,99042.96,96562,2580,37.96,36.96,74.93,37,38,0.00,0.00,0,0
1508084580,s2-eth1,89166.84,2577.42,91744.26,2580,89256,35.96,37.96,73.93,38,36,0.00,0.00,0,0
1508084580,lo,343.66,343.66,687.31,344,344,5.99,5.99,11.99,6,6,0.00,0.00,0,0
1508084580,s4,0.00,0.00,0.00,0,0,0.00,0.00,0.00,0,0,0.00,0.00,0,0
1508084580,total,92087.91,99386.62,191474.53,99486,92180,79.92,80.92,160.84,81,80,0.00,0.00,0,0
1508084581,s5,0.00,0.00,0.00,0,0,0.00,0.00,0.00,0,0,0.00,0.00,0,0
1508084581,eth0,0.00,0.00,0.00,0,0,0.00,0.00,0.00,0,0,0.00,0.00,0,0
1508084581,eth1,0.00,0.00,0.00,0,0,0.00,0.00,0.00,0,0,0.00,0.00,0,0
1508084581,s2,0.00,0.00,0.00,0,0,0.00,0.00,0.00,0,0,0.00,0.00,0,0
1508084581,s2-eth2,1764.00,50882.00,52646.00,50882,1764,24.00,25.00,49.00,25,24,0.00,0.00,0,0
1508084581,s2-eth1,53778.00,1764.00,55542.00,1764,53778,25.00,24.00,49.00,24,25,0.00,0.00,0,0
1508084581,lo,0.00,0.00,0.00,0,0,0.00,0.00,0.00,0,0,0.00,0.00,0,0
1508084581,s4,0.00,0.00,0.00,0,0,0.00,0.00,0.00,0,0,0.00,0.00,0,0
1508084581,total,55542.00,52646.00,108188.00,52646,55542,49.00,49.00,98.00,49,49,0.00,0.00,0,0
1508084582,s5,0.00,0.00,0.00,0,0,0.00,0.00,0.00,0,0,0.00,0.00,0,0
1508084582,eth0,304.00,490.00,794.00,490,304,4.00,4.00,8.00,4,4,0.00,0.00,0,0
1508084582,eth1,0.00,0.00,0.00,0,0,0.00,0.00,0.00,0,0,0.00,0.00,0,0
1508084582,s2,0.00,0.00,0.00,0,0,0.00,0.00,0.00,0,0,0.00,0.00,0,0
1508084582,s2-eth2,1960.00,57792.00,59752.00,57792,1960,24.00,20.00,44.00,20,24,0.00,0.00,0,0
1508084582,s2-eth1,53834.00,1320.00,55154.00,1320,53834,21.00,20.00,41.00,20,21,0.00,0.00,0,0
1508084582,lo,682.00,682.00,1364.00,682,682,8.00,8.00,16.00,8,8,0.00,0.00,0,0
1508084582,s4,0.00,0.00,0.00,0,0,0.00,0.00,0.00,0,0,0.00,0.00,0,0
1508084582,total,56780.00,60284.00,117064.00,60284,56780,57.00,52.00,109.00,52,57,0.00,0.00,0,0
1508084583,s5,0.00,0.00,0.00,0,0,0.00,0.00,0.00,0,0,0.00,0.00,0,0
1508084583,eth0,304.00,490.00,794.00,490,304,4.00,4.00,8.00,4,4,0.00,0.00,0,0
1508084583,eth1,0.00,0.00,0.00,0,0,0.00,0.00,0.00,0,0,0.00,0.00,0,0
1508084583,s2,0.00,0.00,0.00,0,0,0.00,0.00,0.00,0,0,0.00,0.00,0,0
1508084583,s2-eth2,1342.00,47524.00,48866.00,47524,1342,19.00,18.00,37.00,18,19,0.00,0.00,0,0
1508084583,s2-eth1,50674.00,1092.00,51766.00,1092,50674,21.00,16.00,37.00,16,21,0.00,0.00,0,0
1508084583,lo,682.00,682.00,1364.00,682,682,8.00,8.00,16.00,8,8,0.00,0.00,0,0
1508084583,s4,0.00,0.00,0.00,0,0,0.00,0.00,0.00,0,0,0.00,0.00,0,0
1508084583,total,53002.00,49788.00,102790.00,49788,53002,52.00,46.00,98.00,46,52,0.00,0.00,0,0
1508084584,s5,0.00,0.00,0.00,0,0,0.00,0.00,0.00,0,0,0.00,0.00,0,0
1508084584,eth0,152.00,245.00,397.00,245,152,2.00,2.00,4.00,2,2,0.00,0.00,0,0
1508084584,eth1,0.00,0.00,0.00,0,0,0.00,0.00,0.00,0,0,0.00,0.00,0,0
1508084584,s2,0.00,0.00,0.00,0,0,0.00,0.00,0.00,0,0,0.00,0.00,0,0
1508084584,s2-eth2,3242.00,62202.00,65444.00,62202,3242,29.00,21.00,50.00,21,29,0.00,0.00,0,0
1508084584,s2-eth1,55095.00,1386.00,56481.00,1386,55095,28.00,21.00,49.00,21,28,0.00,0.00,0,0
1508084584,lo,513.00,513.00,1026.00,513,513,7.00,7.00,14.00,7,7,0.00,0.00,0,0
1508084584,s4,0.00,0.00,0.00,0,0,0.00,0.00,0.00,0,0,0.00,0.00,0,0
1508084584,total,59002.00,64346.00,123348.00,64346,59002,66.00,51.00,117.00,51,66,0.00,0.00,0,0
1508084585,s5,0.00,0.00,0.00,0,0,0.00,0.00,0.00,0,0,0.00,0.00,0,0
1508084585,eth0,152.00,245.00,397.00,245,152,2.00,2.00,4.00,2,2,0.00,0.00,0,0
1508084585,eth1,0.00,0.00,0.00,0,0,0.00,0.00,0.00,0,0,0.00,0.00,0,0
1508084585,s2,0.00,0.00,0.00,0,0,0.00,0.00,0.00,0,0,0.00,0.00,0,0
1508084585,s2-eth2,1694.00,62202.00,63896.00,62202,1694,22.00,21.00,43.00,21,22,0.00,0.00,0,0
1508084585,s2-eth1,71789.00,1320.00,73109.00,1320,71789,27.00,20.00,47.00,20,27,0.00,0.00,0,0
1508084585,lo,685.00,685.00,1370.00,685,685,10.00,10.00,20.00,10,10,0.00,0.00,0,0
1508084585,s4,0.00,0.00,0.00,0,0,0.00,0.00,0.00,0,0,0.00,0.00,0,0
1508084585,total,74320.00,64452.00,138772.00,64452,74320,61.00,53.00,114.00,53,61,0.00,0.00,0,0
1508084586,s5,0.00,0.00,0.00,0,0,0.00,0.00,0.00,0,0,0.00,0.00,0,0
1508084586,eth0,0.00,0.00,0.00,0,0,0.00,0.00,0.00,0,0,0.00,0.00,0,0
1508084586,eth1,0.00,0.00,0.00,0,0,0.00,0.00,0.00,0,0,0.00,0.00,0,0
1508084586,s2,0.00,0.00,0.00,0,0,0.00,0.00,0.00,0,0,0.00,0.00,0,0
1508084586,s2-eth2,2580.42,88771.23,91351.65,88860,2583,30.97,29.97,60.94,30,31,0.00,0.00,0,0
1508084586,s2-eth1,74644.36,1912.09,76556.45,1914,74719,26.97,28.97,55.94,29,27,0.00,0.00,0,0
1508084586,lo,0.00,0.00,0.00,0,0,0.00,0.00,0.00,0,0,0.00,0.00,0,0
1508084586,s4,0.00,0.00,0.00,0,0,0.00,0.00,0.00,0,0,0.00,0.00,0,0
1508084586,total,77224.77,90683.32,167908.09,90774,77302,57.94,58.94,116.88,59,58,0.00,0.00,0,0
1508084587,s5,0.00,0.00,0.00,0,0,0.00,0.00,0.00,0,0,0.00,0.00,0,0
1508084587,eth0,0.00,0.00,0.00,0,0,0.00,0.00,0.00,0,0,0.00,0.00,0,0
1508084587,eth1,0.00,0.00,0.00,0,0,0.00,0.00,0.00,0,0,0.00,0.00,0,0
1508084587,s2,0.00,0.00,0.00,0,0,0.00,0.00,0.00,0,0,0.00,0.00,0,0
1508084587,s2-eth2,2559.44,96465.54,99024.98,96562,2562,33.97,36.96,70.93,37,34,0.00,0.00,0,0
1508084587,s2-eth1,107162.84,2115.88,109278.73,2118,107270,41.96,30.97,72.93,31,42,0.00,0.00,0,0
1508084587,lo,0.00,0.00,0.00,0,0,0.00,0.00,0.00,0,0,0.00,0.00,0,0
1508084587,s4,0.00,0.00,0.00,0,0,0.00,0.00,0.00,0,0,0.00,0.00,0,0
1508084587,total,109722.28,98581.42,208303.70,98680,109832,75.92,67.93,143.86,68,76,0.00,0.00,0,0
1508084588,s5,0.00,0.00,0.00,0,0,0.00,0.00,0.00,0,0,0.00,0.00,0,0
1508084588,eth0,0.00,0.00,0.00,0,0,0.00,0.00,0.00,0,0,0.00,0.00,0,0
1508084588,eth1,0.00,0.00,0.00,0,0,0.00,0.00,0.00,0,0,0.00,0.00,0,0
1508084588,s2,0.00,0.00,0.00,0,0,0.00,0.00,0.00,0,0,0.00,0.00,0,0
1508084588,s2-eth2,3237.00,74578.00,77815.00,74578,3237,38.00,33.00,71.00,33,38,0.00,0.00,0,0
1508084588,s2-eth1,64509.00,2568.00,67077.00,2568,64509,30.00,36.00,66.00,36,30,0.00,0.00,0,0
1508084588,lo,0.00,0.00,0.00,0,0,0.00,0.00,0.00,0,0,0.00,0.00,0,0
1508084588,s4,0.00,0.00,0.00,0,0,0.00,0.00,0.00,0,0,0.00,0.00,0,0
1508084588,total,67746.00,77146.00,144892.00,77146,67746,68.00,69.00,137.00,69,68,0.00,0.00,0,0
1508084589,s5,0.00,0.00,0.00,0,0,0.00,0.00,0.00,0,0,0.00,0.00,0,0
1508084589,eth0,0.00,0.00,0.00,0,0,0.00,0.00,0.00,0,0,0.00,0.00,0,0
1508084589,eth1,0.00,0.00,0.00,0,0,0.00,0.00,0.00,0,0,0.00,0.00,0,0
1508084589,s2,0.00,0.00,0.00,0,0,0.00,0.00,0.00,0,0,0.00,0.00,0,0
1508084589,s2-eth2,1452.00,65164.00,66616.00,65164,1452,22.00,22.00,44.00,22,22,0.00,0.00,0,0
1508084589,s2-eth1,73010.00,1452.00,74462.00,1452,73010,27.00,22.00,49.00,22,27,0.00,0.00,0,0
1508084589,lo,172.00,172.00,344.00,172,172,3.00,3.00,6.00,3,3,0.00,0.00,0,0
1508084589,s4,0.00,0.00,0.00,0,0,0.00,0.00,0.00,0,0,0.00,0.00,0,0
1508084589,total,74634.00,66788.00,141422.00,66788,74634,52.00,47.00,99.00,47,52,0.00,0.00,0,0
1508084590,s5,0.00,0.00,0.00,0,0,0.00,0.00,0.00,0,0,0.00,0.00,0,0
1508084590,eth0,0.00,0.00,0.00,0,0,0.00,0.00,0.00,0,0,0.00,0.00,0,0
1508084590,eth1,0.00,0.00,0.00,0,0,0.00,0.00,0.00,0,0,0.00,0.00,0,0
1508084590,s2,0.00,0.00,0.00,0,0,0.00,0.00,0.00,0,0,0.00,0.00,0,0
1508084590,s2-eth2,1848.00,82936.00,84784.00,82936,1848,28.00,28.00,56.00,28,28,0.00,0.00,0,0
1508084590,s2-eth1,71088.00,1848.00,72936.00,1848,71088,24.00,28.00,52.00,28,24,0.00,0.00,0,0
1508084590,lo,344.00,344.00,688.00,344,344,6.00,6.00,12.00,6,6,0.00,0.00,0,0
1508084590,s4,0.00,0.00,0.00,0,0,0.00,0.00,0.00,0,0,0.00,0.00,0,0
1508084590,total,73280.00,85128.00,158408.00,85128,73280,58.00,62.00,120.00,62,58,0.00,0.00,0,0
1508084591,s5,0.00,0.00,0.00,0,0,0.00,0.00,0.00,0,0,0.00,0.00,0,0
1508084591,eth0,0.00,0.00,0.00,0,0,0.00,0.00,0.00,0,0,0.00,0.00,0,0
1508084591,eth1,0.00,0.00,0.00,0,0,0.00,0.00,0.00,0,0,0.00,0.00,0,0
1508084591,s2,0.00,0.00,0.00,0,0,0.00,0.00,0.00,0,0,0.00,0.00,0,0
1508084591,s2-eth2,1677.00,62334.00,64011.00,62334,1677,24.00,23.00,47.00,23,24,0.00,0.00,0,0
1508084591,s2-eth1,71327.00,1500.00,72827.00,1500,71327,27.00,22.00,49.00,22,27,0.00,0.00,0,0
1508084591,lo,0.00,0.00,0.00,0,0,0.00,0.00,0.00,0,0,0.00,0.00,0,0
1508084591,s4,0.00,0.00,0.00,0,0,0.00,0.00,0.00,0,0,0.00,0.00,0,0
1508084591,total,73004.00,63834.00,136838.00,63834,73004,51.00,45.00,96.00,45,51,0.00,0.00,0,0
1508084592,s5,0.00,0.00,0.00,0,0,0.00,0.00,0.00,0,0,0.00,0.00,0,0
1508084592,eth0,0.00,0.00,0.00,0,0,0.00,0.00,0.00,0,0,0.00,0.00,0,0
1508084592,eth1,0.00,0.00,0.00,0,0,0.00,0.00,0.00,0,0,0.00,0.00,0,0
1508084592,s2,0.00,0.00,0.00,0,0,0.00,0.00,0.00,0,0,0.00,0.00,0,0
1508084592,s2-eth2,1846.15,82853.15,84699.30,82936,1848,27.97,27.97,55.94,28,28,0.00,0.00,0,0
1508084592,s2-eth1,74045.95,1846.15,75892.11,1848,74120,25.97,27.97,53.95,28,26,0.00,0.00,0,0
1508084592,lo,0.00,0.00,0.00,0,0,0.00,0.00,0.00,0,0,0.00,0.00,0,0
1508084592,s4,0.00,0.00,0.00,0,0,0.00,0.00,0.00,0,0,0.00,0.00,0,0
1508084592,total,75892.11,84699.30,160591.41,84784,75968,53.95,55.94,109.89,56,54,0.00,0.00,0,0
1508084593,s5,0.00,0.00,0.00,0,0,0.00,0.00,0.00,0,0,0.00,0.00,0,0
1508084593,eth0,0.00,0.00,0.00,0,0,0.00,0.00,0.00,0,0,0.00,0.00,0,0
1508084593,eth1,0.00,0.00,0.00,0,0,0.00,0.00,0.00,0,0,0.00,0.00,0,0
1508084593,s2,0.00,0.00,0.00,0,0,0.00,0.00,0.00,0,0,0.00,0.00,0,0
1508084593,s2-eth2,1822.18,85854.15,87676.33,85940,1824,27.97,29.97,57.94,30,28,0.00,0.00,0,0
1508084593,s2-eth1,88771.23,1822.18,90593.41,1824,88860,29.97,27.97,57.94,28,30,0.00,0.00,0,0
1508084593,lo,0.00,0.00,0.00,0,0,0.00,0.00,0.00,0,0,0.00,0.00,0,0
1508084593,s4,0.00,0.00,0.00,0,0,0.00,0.00,0.00,0,0,0.00,0.00,0,0
1508084593,total,90593.41,87676.33,178269.73,87764,90684,57.94,57.94,115.88,58,58,0.00,0.00,0,0
1508084594,s5,0.00,0.00,0.00,0,0,0.00,0.00,0.00,0,0,0.00,0.00,0,0
1508084594,eth0,0.00,0.00,0.00,0,0,0.00,0.00,0.00,0,0,0.00,0.00,0,0
1508084594,eth1,0.00,0.00,0.00,0,0,0.00,0.00,0.00,0,0,0.00,0.00,0,0
1508084594,s2,0.00,0.00,0.00,0,0,0.00,0.00,0.00,0,0,0.00,0.00,0,0
1508084594,s2-eth2,2373.63,109484.52,111858.15,109594,2376,35.96,36.96,72.93,37,36,0.00,0.00,0,0
1508084594,s2-eth1,103950.05,2373.63,106323.68,2376,104054,36.96,35.96,72.93,36,37,0.00,0.00,0,0
1508084594,lo,171.83,171.83,343.66,172,172,3.00,3.00,5.99,3,3,0.00,0.00,0,0
1508084594,s4,0.00,0.00,0.00,0,0,0.00,0.00,0.00,0,0,0.00,0.00,0,0
1508084594,total,106495.51,112029.98,218525.48,112142,106602,75.92,75.92,151.85,76,76,0.00,0.00,0,0
1508084595,s5,0.00,0.00,0.00,0,0,0.00,0.00,0.00,0,0,0.00,0.00,0,0
1508084595,eth0,0.00,0.00,0.00,0,0,0.00,0.00,0.00,0,0,0.00,0.00,0,0
1508084595,eth1,0.00,0.00,0.00,0,0,0.00,0.00,0.00,0,0,0.00,0.00,0,0
1508084595,s2,0.00,0.00,0.00,0,0,0.00,0.00,0.00,0,0,0.00,0.00,0,0
1508084595,s2-eth2,2742.00,123022.00,125764.00,123022,2742,41.00,43.00,84.00,43,41,0.00,0.00,0,0
1508084595,s2-eth1,130394.00,2820.00,133214.00,2820,130394,45.00,42.00,87.00,42,45,0.00,0.00,0,0
1508084595,lo,344.00,344.00,688.00,344,344,6.00,6.00,12.00,6,6,0.00,0.00,0,0
1508084595,s4,0.00,0.00,0.00,0,0,0.00,0.00,0.00,0,0,0.00,0.00,0,0
1508084595,total,133480.00,126186.00,259666.00,126186,133480,92.00,91.00,183.00,91,92,0.00,0.00,0,0
1508084596,s5,0.00,0.00,0.00,0,0,0.00,0.00,0.00,0,0,0.00,0.00,0,0
1508084596,eth0,0.00,0.00,0.00,0,0,0.00,0.00,0.00,0,0,0.00,0.00,0,0
1508084596,eth1,0.00,0.00,0.00,0,0,0.00,0.00,0.00,0,0,0.00,0.00,0,0
1508084596,s2,0.00,0.00,0.00,0,0,0.00,0.00,0.00,0,0,0.00,0.00,0,0
1508084596,s2-eth2,4014.00,113546.00,117560.00,113546,4014,53.00,53.00,106.00,53,53,0.00,0.00,0,0
1508084596,s2-eth1,95774.00,3594.00,99368.00,3594,95774,47.00,51.00,98.00,51,47,0.00,0.00,0,0
1508084596,lo,0.00,0.00,0.00,0,0,0.00,0.00,0.00,0,0,0.00,0.00,0,0
1508084596,s4,0.00,0.00,0.00,0,0,0.00,0.00,0.00,0,0,0.00,0.00,0,0
1508084596,total,99788.00,117140.00,216928.00,117140,99788,100.00,104.00,204.00,104,100,0.00,0.00,0,0
1508084597,s5,0.00,0.00,0.00,0,0,0.00,0.00,0.00,0,0,0.00,0.00,0,0
1508084597,eth0,0.00,0.00,0.00,0,0,0.00,0.00,0.00,0,0,0.00,0.00,0,0
1508084597,eth1,0.00,0.00,0.00,0,0,0.00,0.00,0.00,0,0,0.00,0.00,0,0
1508084597,s2,0.00,0.00,0.00,0,0,0.00,0.00,0.00,0,0,0.00,0.00,0,0
1508084597,s2-eth2,1782.00,85964.00,87746.00,85964,1782,27.00,30.00,57.00,30,27,0.00,0.00,0,0
1508084597,s2-eth1,100774.00,1782.00,102556.00,1782,100774,35.00,27.00,62.00,27,35,0.00,0.00,0,0
1508084597,lo,0.00,0.00,0.00,0,0,0.00,0.00,0.00,0,0,0.00,0.00,0,0
1508084597,s4,0.00,0.00,0.00,0,0,0.00,0.00,0.00,0,0,0.00,0.00,0,0
1508084597,total,102556.00,87746.00,190302.00,87746,102556,62.00,57.00,119.00,57,62,0.00,0.00,0,0
1508084598,s5,0.00,0.00,0.00,0,0,0.00,0.00,0.00,0,0,0.00,0.00,0,0
1508084598,eth0,0.00,0.00,0.00,0,0,0.00,0.00,0.00,0,0,0.00,0.00,0,0
1508084598,eth1,0.00,0.00,0.00,0,0,0.00,0.00,0.00,0,0,0.00,0.00,0,0
1508084598,s2,0.00,0.00,0.00,0,0,0.00,0.00,0.00,0,0,0.00,0.00,0,0
1508084598,s2-eth2,2490.00,117230.00,119720.00,117230,2490,37.00,43.00,80.00,43,37,0.00,0.00,0,0
1508084598,s2-eth1,100708.00,2490.00,103198.00,2490,100708,34.00,37.00,71.00,37,34,0.00,0.00,0,0
1508084598,lo,0.00,0.00,0.00,0,0,0.00,0.00,0.00,0,0,0.00,0.00,0,0
1508084598,s4,0.00,0.00,0.00,0,0,0.00,0.00,0.00,0,0,0.00,0.00,0,0
1508084598,total,103198.00,119720.00,222918.00,119720,103198,71.00,80.00,151.00,80,71,0.00,0.00,0,0
1508084599,s5,0.00,0.00,0.00,0,0,0.00,0.00,0.00,0,0,0.00,0.00,0,0
1508084599,eth0,0.00,0.00,0.00,0,0,0.00,0.00,0.00,0,0,0.00,0.00,0,0
1508084599,eth1,0.00,0.00,0.00,0,0,0.00,0.00,0.00,0,0,0.00,0.00,0,0
1508084599,s2,0.00,0.00,0.00,0,0,0.00,0.00,0.00,0,0,0.00,0.00,0,0
1508084599,s2-eth2,2042.96,54803.20,56846.16,54858,2045,29.97,20.98,50.95,21,30,0.00,0.00,0,0
1508084599,s2-eth1,68456.55,1936.06,70392.61,1938,68525,29.97,28.97,58.94,29,30,0.00,0.00,0,0
1508084599,lo,171.83,171.83,343.66,172,172,3.00,3.00,5.99,3,3,0.00,0.00,0,0
1508084599,s4,0.00,0.00,0.00,0,0,0.00,0.00