1508087436,s1,0.00,0.00,0.00,0,0,0.00,0.00,0.00,0,0,0.00,0.00,0,0
1508087436,eth0,0.00,0.00,0.00,0,0,0.00,0.00,0.00,0,0,0.00,0.00,0,0
1508087436,eth1,0.00,0.00,0.00,0,0,0.00,0.00,0.00,0,0,0.00,0.00,0,0
1508087436,s2,0.00,0.00,0.00,0,0,0.00,0.00,0.00,0,0,0.00,0.00,0,0
1508087436,s1-eth2,0.00,0.00,0.00,0,0,0.00,0.00,0.00,0,0,0.00,0.00,0,0
1508087436,s1-eth1,0.00,0.00,0.00,0,0,0.00,0.00,0.00,0,0,0.00,0.00,0,0
1508087436,s2-eth2,0.00,0.00,0.00,0,0,0.00,0.00,0.00,0,0,0.00,0.00,0,0
1508087436,s2-eth1,0.00,0.00,0.00,0,0,0.00,0.00,0.00,0,0,0.00,0.00,0,0
1508087436,lo,0.00,0.00,0.00,0,0,0.00,0.00,0.00,0,0,0.00,0.00,0,0
1508087436,total,0.00,0.00,0.00,0,0,0.00,0.00,0.00,0,0,0.00,0.00,0,0
1508087437,s1,249.75,409.59,659.34,410,250,3.00,5.00,7.99,5,3,0.00,0.00,0,0
1508087437,eth0,607.39,979.02,1586.41,980,608,7.99,7.99,15.98,8,8,0.00,0.00,0,0
1508087437,eth1,0.00,0.00,0.00,0,0,0.00,0.00,0.00,0,0,0.00,0.00,0,0
1508087437,s2,249.75,249.75,499.50,250,250,3.00,3.00,5.99,3,3,0.00,0.00,0,0
1508087437,s1-eth2,2263.74,249.75,2513.49,250,2266,12.99,3.00,15.98,3,13,0.00,0.00,0,0
1508087437,s1-eth1,1635.36,159.84,1795.20,160,1637,12.99,2.00,14.99,2,13,0.00,0.00,0,0
1508087437,s2-eth2,1914.09,249.75,2163.84,250,1916,11.99,3.00,14.99,3,12,0.00,0.00,0,0
1508087437,s2-eth1,1964.04,0.00,1964.04,0,1966,10.99,0.00,10.99,0,11,0.00,0.00,0,0
1508087437,lo,5290.71,5290.71,10581.42,5296,5296,57.94,57.94,115.88,58,58,0.00,0.00,0,0
1508087437,total,14174.83,7588.41,21763.24,7596,14189,120.88,81.92,202.80,82,121,0.00,0.00,0,0
1508087438,s1,0.00,90.00,90.00,90,0,0.00,1.00,1.00,1,0,0.00,0.00,0,0
1508087438,eth0,152.00,245.00,397.00,245,152,2.00,2.00,4.00,2,2,0.00,0.00,0,0
1508087438,eth1,0.00,0.00,0.00,0,0,0.00,0.00,0.00,0,0,0.00,0.00,0,0
1508087438,s2,0.00,0.00,0.00,0,0,0.00,0.00,0.00,0,0,0.00,0.00,0,0
1508087438,s1-eth2,726.00,0.00,726.00,0,726,4.00,0.00,4.00,0,4,0.00,0.00,0,0
1508087438,s1-eth1,1231.00,90.00,1321.00,90,1231,5.00,1.00,6.00,1,5,0.00,0.00,0,0
1508087438,s2-eth2,1076.00,0.00,1076.00,0,1076,5.00,0.00,5.00,0,5,0.00,0.00,0,0
1508087438,s2-eth1,514.00,0.00,514.00,0,514,2.00,0.00,2.00,0,2,0.00,0.00,0,0
1508087438,lo,629.00,629.00,1258.00,629,629,7.00,7.00,14.00,7,7,0.00,0.00,0,0
1508087438,total,4328.00,1054.00,5382.00,1054,4328,25.00,11.00,36.00,11,25,0.00,0.00,0,0
1508087439,s1,0.00,0.00,0.00,0,0,0.00,0.00,0.00,0,0,0.00,0.00,0,0
1508087439,eth0,0.00,0.00,0.00,0,0,0.00,0.00,0.00,0,0,0.00,0.00,0,0
1508087439,eth1,0.00,0.00,0.00,0,0,0.00,0.00,0.00,0,0,0.00,0.00,0,0
1508087439,s2,0.00,0.00,0.00,0,0,0.00,0.00,0.00,0,0,0.00,0.00,0,0
1508087439,s1-eth2,327.00,0.00,327.00,0,327,1.00,0.00,1.00,0,1,0.00,0.00,0,0
1508087439,s1-eth1,327.00,0.00,327.00,0,327,1.00,0.00,1.00,0,1,0.00,0.00,0,0
1508087439,s2-eth2,327.00,0.00,327.00,0,327,1.00,0.00,1.00,0,1,0.00,0.00,0,0
1508087439,s2-eth1,107.00,0.00,107.00,0,107,1.00,0.00,1.00,0,1,0.00,0.00,0,0
1508087439,lo,0.00,0.00,0.00,0,0,0.00,0.00,0.00,0,0,0.00,0.00,0,0
1508087439,total,1088.00,0.00,1088.00,0,1088,4.00,0.00,4.00,0,4,0.00,0.00,0,0
1508087440,s1,0.00,0.00,0.00,0,0,0.00,0.00,0.00,0,0,0.00,0.00,0,0
1508087440,eth0,0.00,0.00,0.00,0,0,0.00,0.00,0.00,0,0,0.00,0.00,0,0
1508087440,eth1,0.00,0.00,0.00,0,0,0.00,0.00,0.00,0,0,0.00,0.00,0,0
1508087440,s2,0.00,70.00,70.00,70,0,0.00,1.00,1.00,1,0,0.00,0.00,0,0
1508087440,s1-eth2,486.00,42.00,528.00,42,486,4.00,1.00,5.00,1,4,0.00,0.00,0,0
1508087440,s1-eth1,416.00,42.00,458.00,42,416,3.00,1.00,4.00,1,3,0.00,0.00,0,0
1508087440,s2-eth2,444.00,0.00,444.00,0,444,3.00,0.00,3.00,0,3,0.00,0.00,0,0
1508087440,s2-eth1,664.00,70.00,734.00,70,664,3.00,1.00,4.00,1,3,0.00,0.00,0,0
1508087440,lo,808.00,808.00,1616.00,808,808,8.00,8.00,16.00,8,8,0.00,0.00,0,0
1508087440,total,2818.00,1032.00,3850.00,1032,2818,21.00,12.00,33.00,12,21,0.00,0.00,0,0
1508087441,s1,69.93,139.86,209.79,140,70,1.00,2.00,3.00,2,1,0.00,0.00,0,0
1508087441,eth0,0.00,0.00,0.00,0,0,0.00,0.00,0.00,0,0,0.00,0.00,0,0
1508087441,eth1,0.00,0.00,0.00,0,0,0.00,0.00,0.00,0,0,0.00,0.00,0,0
1508087441,s2,69.93,69.93,139.86,70,70,1.00,1.00,2.00,1,1,0.00,0.00,0,0
1508087441,s1-eth2,466.53,69.93,536.46,70,467,3.00,1.00,4.00,1,3,0.00,0.00,0,0
1508087441,s1-eth1,808.19,69.93,878.12,70,809,4.00,1.00,5.00,1,4,0.00,0.00,0,0
1508087441,s2-eth2,466.53,69.93,536.46,70,467,3.00,1.00,4.00,1,3,0.00,0.00,0,0
1508087441,s2-eth1,139.86,0.00,139.86,0,140,2.00,0.00,2.00,0,2,0.00,0.00,0,0
1508087441,lo,1390.61,1390.61,2781.22,1392,1392,15.98,15.98,31.97,16,16,0.00,0.00,0,0
1508087441,total,3411.59,1810.19,5221.78,1812,3415,29.97,21.98,51.95,22,30,0.00,0.00,0,0
1508087442,s1,0.00,0.00,0.00,0,0,0.00,0.00,0.00,0,0,0.00,0.00,0,0
1508087442,eth0,0.00,0.00,0.00,0,0,0.00,0.00,0.00,0,0,0.00,0.00,0,0
1508087442,eth1,0.00,0.00,0.00,0,0,0.00,0.00,0.00,0,0,0.00,0.00,0,0
1508087442,s2,0.00,0.00,0.00,0,0,0.00,0.00,0.00,0,0,0.00,0.00,0,0
1508087442,s1-eth2,0.00,0.00,0.00,0,0,0.00,0.00,0.00,0,0,0.00,0.00,0,0
1508087442,s1-eth1,0.00,0.00,0.00,0,0,0.00,0.00,0.00,0,0,0.00,0.00,0,0
1508087442,s2-eth2,0.00,0.00,0.00,0,0,0.00,0.00,0.00,0,0,0.00,0.00,0,0
1508087442,s2-eth1,0.00,0.00,0.00,0,0,0.00,0.00,0.00,0,0,0.00,0.00,0,0
1508087442,lo,0.00,0.00,0.00,0,0,0.00,0.00,0.00,0,0,0.00,0.00,0,0
1508087442,total,0.00,0.00,0.00,0,0,0.00,0.00,0.00,0,0,0.00,0.00,0,0
1508087443,s1,0.00,0.00,0.00,0,0,0.00,0.00,0.00,0,0,0.00,0.00,0,0
1508087443,eth0,0.00,0.00,0.00,0,0,0.00,0.00,0.00,0,0,0.00,0.00,0,0
1508087443,eth1,0.00,0.00,0.00,0,0,0.00,0.00,0.00,0,0,0.00,0.00,0,0
1508087443,s2,0.00,0.00,0.00,0,0,0.00,0.00,0.00,0,0,0.00,0.00,0,0
1508087443,s1-eth2,0.00,0.00,0.00,0,0,0.00,0.00,0.00,0,0,0.00,0.00,0,0
1508087443,s1-eth1,0.00,0.00,0.00,0,0,0.00,0.00,0.00,0,0,0.00,0.00,0,0
1508087443,s2-eth2,342.00,0.00,342.00,0,342,1.00,0.00,1.00,0,1,0.00,0.00,0,0
1508087443,s2-eth1,107.00,0.00,107.00,0,107,1.00,0.00,1.00,0,1,0.00,0.00,0,0
1508087443,lo,0.00,0.00,0.00,0,0,0.00,0.00,0.00,0,0,0.00,0.00,0,0
1508087443,total,449.00,0.00,449.00,0,449,2.00,0.00,2.00,0,2,0.00,0.00,0,0
1508087444,s1,0.00,0.00,0.00,0,0,0.00,0.00,0.00,0,0,0.00,0.00,0,0
1508087444,eth0,0.00,0.00,0.00,0,0,0.00,0.00,0.00,0,0,0.00,0.00,0,0
1508087444,eth1,0.00,0.00,0.00,0,0,0.00,0.00,0.00,0,0,0.00,0.00,0,0
1508087444,s2,0.00,70.00,70.00,70,0,0.00,1.00,1.00,1,0,0.00,0.00,0,0
1508087444,s1-eth2,177.00,0.00,177.00,0,177,2.00,0.00,2.00,0,2,0.00,0.00,0,0
1508087444,s1-eth1,107.00,0.00,107.00,0,107,1.00,0.00,1.00,0,1,0.00,0.00,0,0
1508087444,s2-eth2,177.00,0.00,177.00,0,177,2.00,0.00,2.00,0,2,0.00,0.00,0,0
1508087444,s2-eth1,70.00,70.00,140.00,70,70,1.00,1.00,2.00,1,1,0.00,0.00,0,0
1508087444,lo,268.00,268.00,536.00,268,268,3.00,3.00,6.00,3,3,0.00,0.00,0,0
1508087444,total,799.00,408.00,1207.00,408,799,9.00,5.00,14.00,5,9,0.00,0.00,0,0
1508087445,s1,70.00,140.00,210.00,140,70,1.00,2.00,3.00,2,1,0.00,0.00,0,0
1508087445,eth0,0.00,0.00,0.00,0,0,0.00,0.00,0.00,0,0,0.00,0.00,0,0
1508087445,eth1,0.00,0.00,0.00,0,0,0.00,0.00,0.00,0,0,0.00,0.00,0,0
1508087445,s2,70.00,70.00,140.00,70,70,1.00,1.00,2.00,1,1,0.00,0.00,0,0
1508087445,s1-eth2,140.00,70.00,210.00,70,140,2.00,1.00,3.00,1,2,0.00,0.00,0,0
1508087445,s1-eth1,210.00,70.00,280.00,70,210,3.00,1.00,4.00,1,3,0.00,0.00,0,0
1508087445,s2-eth2,140.00,70.00,210.00,70,140,2.00,1.00,3.00,1,2,0.00,0.00,0,0
1508087445,s2-eth1,140.00,0.00,140.00,0,140,2.00,0.00,2.00,0,2,0.00,0.00,0,0
1508087445,lo,1340.00,1340.00,2680.00,1340,1340,15.00,15.00,30.00,15,15,0.00,0.00,0,0
1508087445,total,2110.00,1760.00,3870.00,1760,2110,26.00,21.00,47.00,21,26,0.00,0.00,0,0
1508087446,s1,0.00,0.00,0.00,0,0,0.00,0.00,0.00,0,0,0.00,0.00,0,0
1508087446,eth0,0.00,0.00,0.00,0,0,0.00,0.00,0.00,0,0,0.00,0.00,0,0
1508087446,eth1,0.00,0.00,0.00,0,0,0.00,0.00,0.00,0,0,0.00,0.00,0,0
1508087446,s2,0.00,0.00,0.00,0,0,0.00,0.00,0.00,0,0,0.00,0.00,0,0
1508087446,s1-eth2,341.66,0.00,341.66,0,342,1.00,0.00,1.00,0,1,0.00,0.00,0,0
1508087446,s1-eth1,0.00,0.00,0.00,0,0,0.00,0.00,0.00,0,0,0.00,0.00,0,0
1508087446,s2-eth2,0.00,0.00,0.00,0,0,0.00,0.00,0.00,0,0,0.00,0.00,0,0
1508087446,s2-eth1,341.66,0.00,341.66,0,342,1.00,0.00,1.00,0,1,0.00,0.00,0,0
1508087446,lo,0.00,0.00,0.00,0,0,0.00,0.00,0.00,0,0,0.00,0.00,0,0
1508087446,total,683.32,0.00,683.32,0,684,2.00,0.00,2.00,0,2,0.00,0.00,0,0
1508087447,s1,0.00,0.00,0.00,0,0,0.00,0.00,0.00,0,0,0.00,0.00,0,0
1508087447,eth0,0.00,0.00,0.00,0,0,0.00,0.00,0.00,0,0,0.00,0.00,0,0
1508087447,eth1,0.00,0.00,0.00,0,0,0.00,0.00,0.00,0,0,0.00,0.00,0,0
1508087447,s2,0.00,0.00,0.00,0,0,0.00,0.00,0.00,0,0,0.00,0.00,0,0
1508087447,s1-eth2,0.00,0.00,0.00,0,0,0.00,0.00,0.00,0,0,0.00,0.00,0,0
1508087447,s1-eth1,342.00,0.00,342.00,0,342,1.00,0.00,1.00,0,1,0.00,0.00,0,0
1508087447,s2-eth2,0.00,0.00,0.00,0,0,0.00,0.00,0.00,0,0,0.00,0.00,0,0
1508087447,s2-eth1,0.00,0.00,0.00,0,0,0.00,0.00,0.00,0,0,0.00,0.00,0,0
1508087447,lo,0.00,0.00,0.00,0,0,0.00,0.00,0.00,0,0,0.00,0.00,0,0
1508087447,total,342.00,0.00,342.00,0,342,1.00,0.00,1.00,0,1,0.00,0.00,0,0
1508087448,s1,0.00,0.00,0.00,0,0,0.00,0.00,0.00,0,0,0.00,0.00,0,0
1508087448,eth0,0.00,0.00,0.00,0,0,0.00,0.00,0.00,0,0,0.00,0.00,0,0
1508087448,eth1,0.00,0.00,0.00,0,0,0.00,0.00,0.00,0,0,0.00,0.00,0,0
1508087448,s2,0.00,0.00,0.00,0,0,0.00,0.00,0.00,0,0,0.00,0.00,0,0
1508087448,s1-eth2,0.00,0.00,0.00,0,0,0.00,0.00,0.00,0,0,0.00,0.00,0,0
1508087448,s1-eth1,0.00,0.00,0.00,0,0,0.00,0.00,0.00,0,0,0.00,0.00,0,0
1508087448,s2-eth2,0.00,0.00,0.00,0,0,0.00,0.00,0.00,0,0,0.00,0.00,0,0
1508087448,s2-eth1,0.00,0.00,0.00,0,0,0.00,0.00,0.00,0,0,0.00,0.00,0,0
1508087448,lo,0.00,0.00,0.00,0,0,0.00,0.00,0.00,0,0,0.00,0.00,0,0
1508087448,total,0.00,0.00,0.00,0,0,0.00,0.00,0.00,0,0,0.00,0.00,0,0
1508087449,s1,0.00,0.00,0.00,0,0,0.00,0.00,0.00,0,0,0.00,0.00,0,0
1508087449,eth0,0.00,0.00,0.00,0,0,0.00,0.00,0.00,0,0,0.00,0.00,0,0
1508087449,eth1,0.00,0.00,0.00,0,0,0.00,0.00,0.00,0,0,0.00,0.00,0,0
1508087449,s2,0.00,0.00,0.00,0,0,0.00,0.00,0.00,0,0,0.00,0.00,0,0
1508087449,s1-eth2,0.00,0.00,0.00,0,0,0.00,0.00,0.00,0,0,0.00,0.00,0,0
1508087449,s1-eth1,0.00,0.00,0.00,0,0,0.00,0.00,0.00,0,0,0.00,0.00,0,0
1508087449,s2-eth2,342.00,0.00,342.00,0,342,1.00,0.00,1.00,0,1,0.00,0.00,0,0
1508087449,s2-eth1,0.00,0.00,0.00,0,0,0.00,0.00,0.00,0,0,0.00,0.00,0,0
1508087449,lo,344.00,344.00,688.00,344,344,6.00,6.00,12.00,6,6,0.00,0.00,0,0
1508087449,total,686.00,344.00,1030.00,344,686,7.00,6.00,13.00,6,7,0.00,0.00,0,0
1508087450,s1,0.00,0.00,0.00,0,0,0.00,0.00,0.00,0,0,0.00,0.00,0,0
1508087450,eth0,0.00,0.00,0.00,0,0,0.00,0.00,0.00,0,0,0.00,0.00,0,0
1508087450,eth1,0.00,0.00,0.00,0,0,0.00,0.00,0.00,0,0,0.00,0.00,0,0
1508087450,s2,0.00,0.00,0.00,0,0,0.00,0.00,0.00,0,0,0.00,0.00,0,0
1508087450,s1-eth2,0.00,0.00,0.00,0,0,0.00,0.00,0.00,0,0,0.00,0.00,0,0
1508087450,s1-eth1,0.00,0.00,0.00,0,0,0.00,0.00,0.00,0,0,0.00,0.00,0,0
1508087450,s2-eth2,0.00,0.00,0.00,0,0,0.00,0.00,0.00,0,0,0.00,0.00,0,0
1508087450,s2-eth1,0.00,0.00,0.00,0,0,0.00,0.00,0.00,0,0,0.00,0.00,0,0
1508087450,lo,0.00,0.00,0.00,0,0,0.00,0.00,0.00,0,0,0.00,0.00,0,0
1508087450,total,0.00,0.00,0.00,0,0,0.00,0.00,0.00,0,0,0.00,0.00,0,0
1508087451,s1,0.00,0.00,0.00,0,0,0.00,0.00,0.00,0,0,0.00,0.00,0,0
1508087451,eth0,0.00,0.00,0.00,0,0,0.00,0.00,0.00,0,0,0.00,0.00,0,0
1508087451,eth1,0.00,0.00,0.00,0,0,0.00,0.00,0.00,0,0,0.00,0.00,0,0
1508087451,s2,0.00,0.00,0.00,0,0,0.00,0.00,0.00,0,0,0.00,0.00,0,0
1508087451,s1-eth2,0.00,0.00,0.00,0,0,0.00,0.00,0.00,0,0,0.00,0.00,0,0
1508087451,s1-eth1,0.00,0.00,0.00,0,0,0.00,0.00,0.00,0,0,0.00,0.00,0,0
1508087451,s2-eth2,0.00,0.00,0.00,0,0,0.00,0.00,0.00,0,0,0.00,0.00,0,0
1508087451,s2-eth1,106.89,0.00,106.89,0,107,1.00,0.00,1.00,0,1,0.00,0.00,0,0
1508087451,lo,0.00,0.00,0.00,0,0,0.00,0.00,0.00,0,0,0.00,0.00,0,0
1508087451,total,106.89,0.00,106.89,0,107,1.00,0.00,1.00,0,1,0.00,0.00,0,0
1508087452,s1,0.00,0.00,0.00,0,0,0.00,0.00,0.00,0,0,0.00,0.00,0,0
1508087452,eth0,0.00,0.00,0.00,0,0,0.00,0.00,0.00,0,0,0.00,0.00,0,0
1508087452,eth1,0.00,0.00,0.00,0,0,0.00,0.00,0.00,0,0,0.00,0.00,0,0
1508087452,s2,0.00,0.00,0.00,0,0,0.00,0.00,0.00,0,0,0.00,0.00,0,0
1508087452,s1-eth2,107.00,0.00,107.00,0,107,1.00,0.00,1.00,0,1,0.00,0.00,0,0
1508087452,s1-eth1,107.00,0.00,107.00,0,107,1.00,0.00,1.00,0,1,0.00,0.00,0,0
1508087452,s2-eth2,107.00,0.00,107.00,0,107,1.00,0.00,1.00,0,1,0.00,0.00,0,0
1508087452,s2-eth1,0.00,0.00,0.00,0,0,0.00,0.00,0.00,0,0,0.00,0.00,0,0
1508087452,lo,0.00,0.00,0.00,0,0,0.00,0.00,0.00,0,0,0.00,0.00,0,0
1508087452,total,321.00,0.00,321.00,0,321,3.00,0.00,3.00,0,3,0.00,0.00,0,0
1508087453,s1,0.00,0.00,0.00,0,0,0.00,0.00,0.00,0,0,0.00,0.00,0,0
1508087453,eth0,0.00,0.00,0.00,0,0,0.00,0.00,0.00,0,0,0.00,0.00,0,0
1508087453,eth1,0.00,0.00,0.00,0,0,0.00,0.00,0.00,0,0,0.00,0.00,0,0
1508087453,s2,0.00,0.00,0.00,0,0,0.00,0.00,0.00,0,0,0.00,0.00,0,0
1508087453,s1-eth2,0.00,0.00,0.00,0,0,0.00,0.00,0.00,0,0,0.00,0.00,0,0
1508087453,s1-eth1,0.00,0.00,0.00,0,0,0.00,0.00,0.00,0,0,0.00,0.00,0,0
1508087453,s2-eth2,0.00,0.00,0.00,0,0,0.00,0.00,0.00,0,0,0.00,0.00,0,0
1508087453,s2-eth1,0.00,0.00,0.00,0,0,0.00,0.00,0.00,0,0,0.00,0.00,0,0
1508087453,lo,0.00,0.00,0.00,0,0,0.00,0.00,0.00,0,0,0.00,0.00,0,0
1508087453,total,0.00,0.00,0.00,0,0,0.00,0.00,0.00,0,0,0.00,0.00,0,0
1508087454,s1,0.00,0.00,0.00,0,0,0.00,0.00,0.00,0,0,0.00,0.00,0,0
1508087454,eth0,0.00,0.00,0.00,0,0,0.00,0.00,0.00,0,0,0.00,0.00,0,0
1508087454,eth1,0.00,0.00,0.00,0,0,0.00,0.00,0.00,0,0,0.00,0.00,0,0
1508087454,s2,0.00,0.00,0.00,0,0,0.00,0.00,0.00,0,0,0.00,0.00,0,0
1508087454,s1-eth2,0.00,0.00,0.00,0,0,0.00,0.00,0.00,0,0,0.00,0.00,0,0
1508087454,s1-eth1,0.00,0.00,0.00,0,0,0.00,0.00,0.00,0,0,0.00,0.00,0,0
1508087454,s2-eth2,0.00,0.00,0.00,0,0,0.00,0.00,0.00,0,0,0.00,0.00,0,0
1508087454,s2-eth1,0.00,0.00,0.00,0,0,0.00,0.00,0.00,0,0,0.00,0.00,0,0
1508087454,lo,343.66,343.66,687.31,344,344,5.99,5.99,11.99,6,6,0.00,0.00,0,0
1508087454,total,343.66,343.66,687.31,344,344,5.99,5.99,11.99,6,6,0.00,0.00,0,0
1508087455,s1,0.00,0.00,0.00,0,0,0.00,0.00,0.00,0,0,0.00,0.00,0,0
1508087455,eth0,0.00,0.00,0.00,0,0,0.00,0.00,0.00,0,0,0.00,0.00,0,0
1508087455,eth1,0.00,0.00,0.00,0,0,0.00,0.00,0.00,0,0,0.00,0.00,0,0
1508087455,s2,0.00,0.00,0.00,0,0,0.00,0.00,0.00,0,0,0.00,0.00,0,0
1508087455,s1-eth2,0.00,0.00,0.00,0,0,0.00,0.00,0.00,0,0,0.00,0.00,0,0
1508087455,s1-eth1,0.00,0.00,0.00,0,0,0.00,0.00,0.00,0,0,0.00,0.00,0,0
1508087455,s2-eth2,0.00,0.00,0.00,0,0,0.00,0.00,0.00,0,0,0.00,0.00,0,0
1508087455,s2-eth1,0.00,0.00,0.00,0,0,0.00,0.00,0.00,0,0,0.00,0.00,0,0
1508087455,lo,0.00,0.00,0.00,0,0,0.00,0.00,0.00,0,0,0.00,0.00,0,0
1508087455,total,0.00,0.00,0.00,0,0,0.00,0.00,0.00,0,0,0.00,0.00,0,0
1508087456,s1,0.00,42.00,42.00,42,0,0.00,1.00,1.00,1,0,0.00,0.00,0,0
1508087456,eth0,0.00,0.00,0.00,0,0,0.00,0.00,0.00,0,0,0.00,0.00,0,0
1508087456,eth1,0.00,0.00,0.00,0,0,0.00,0.00,0.00,0,0,0.00,0.00,0,0
1508087456,s2,0.00,84.00,84.00,84,0,0.00,2.00,2.00,2,0,0.00,0.00,0,0
1508087456,s1-eth2,11600.00,249206.00,260806.00,249206,11600,150.00,175.00,325.00,175,150,0.00,0.00,0,0
1508087456,s1-eth1,230996.00,11674.00,242670.00,11674,230996,162.00,151.00,313.00,151,162,0.00,0.00,0,0
1508087456,s2-eth2,2204.00,106240.00,108444.00,106240,2204,30.00,74.00,104.00,74,30,0.00,0.00,0,0
1508087456,s2-eth1,63848.00,2204.00,66052.00,2204,63848,46.00,30.00,76.00,30,46,0.00,0.00,0,0
1508087456,lo,4632.00,4632.00,9264.00,4632,4632,40.00,40.00,80.00,40,40,0.00,0.00,0,0
1508087456,total,313280.00,374082.00,687362.00,374082,313280,428.00,473.00,901.00,473,428,0.00,0.00,0,0
1508087457,s1,0.00,42.00,42.00,42,0,0.00,1.00,1.00,1,0,0.00,0.00,0,0
1508087457,eth0,0.00,0.00,0.00,0,0,0.00,0.00,0.00,0,0,0.00,0.00,0,0
1508087457,eth1,0.00,0.00,0.00,0,0,0.00,0.00,0.00,0,0,0.00,0.00,0,0
1508087457,s2,0.00,42.00,42.00,42,0,0.00,1.00,1.00,1,0,0.00,0.00,0,0
1508087457,s1-eth2,12312.00,257422.00,269734.00,257422,12312,162.00,171.00,333.00,171,162,0.00,0.00,0,0
1508087457,s1-eth1,251366.00,12312.00,263678.00,12312,251366,167.00,162.00,329.00,162,167,0.00,0.00,0,0
1508087457,s2-eth2,12344.00,242282.00,254626.00,242282,12344,144.00,161.00,305.00,161,144,0.00,0.00,0,0
1508087457,s2-eth1,251366.00,12344.00,263710.00,12344,251366,167.00,144.00,311.00,144,167,0.00,0.00,0,0
1508087457,lo,480.00,480.00,960.00,480,480,6.00,6.00,12.00,6,6,0.00,0.00,0,0
1508087457,total,527868.00,524924.00,1052792.00,524924,527868,646.00,646.00,1292.00,646,646,0.00,0.00,0,0
1508087458,s1,0.00,42.00,42.00,42,0,0.00,1.00,1.00,1,0,0.00,0.00,0,0
1508087458,eth0,0.00,0.00,0.00,0,0,0.00,0.00,0.00,0,0,0.00,0.00,0,0
1508087458,eth1,0.00,0.00,0.00,0,0,0.00,0.00,0.00,0,0,0.00,0.00,0,0
1508087458,s2,0.00,42.00,42.00,42,0,0.00,1.00,1.00,1,0,0.00,0.00,0,0
1508087458,s1-eth2,12352.00,255908.00,268260.00,255908,12352,160.00,170.00,330.00,170,160,0.00,0.00,0,0
1508087458,s1-eth1,249852.00,12278.00,262130.00,12278,249852,166.00,159.00,325.00,159,166,0.00,0.00,0,0
1508087458,s2-eth2,13048.00,242282.00,255330.00,242282,13048,164.00,161.00,325.00,161,164,0.00,0.00,0,0
1508087458,s2-eth1,249852.00,13048.00,262900.00,13048,249852,166.00,164.00,330.00,164,166,0.00,0.00,0,0
1508087458,lo,480.00,480.00,960.00,480,480,6.00,6.00,12.00,6,6,0.00,0.00,0,0
1508087458,total,525584.00,524080.00,1049664.00,524080,525584,662.00,662.00,1324.00,662,662,0.00,0.00,0,0
1508087459,s1,0.00,42.00,42.00,42,0,0.00,1.00,1.00,1,0,0.00,0.00,0,0
1508087459,eth0,0.00,0.00,0.00,0,0,0.00,0.00,0.00,0,0,0.00,0.00,0,0
1508087459,eth1,0.00,0.00,0.00,0,0,0.00,0.00,0.00,0,0,0.00,0.00,0,0
1508087459,s2,0.00,42.00,42.00,42,0,0.00,1.00,1.00,1,0,0.00,0.00,0,0
1508087459,s1-eth2,12750.00,258936.00,271686.00,258936,12750,163.00,172.00,335.00,172,163,0.00,0.00,0,0
1508087459,s1-eth1,249852.00,12408.00,262260.00,12408,249852,166.00,162.00,328.00,162,166,0.00,0.00,0,0
1508087459,s2-eth2,8458.00,216544.00,225002.00,216544,8458,109.00,144.00,253.00,144,109,0.00,0.00,0,0
1508087459,s2-eth1,213516.00,8458.00,221974.00,8458,213516,142.00,109.00,251.00,109,142,0.00,0.00,0,0
1508087459,lo,480.00,480.00,960.00,480,480,6.00,6.00,12.00,6,6,0.00,0.00,0,0
1508087459,total,485056.00,496910.00,981966.00,496910,485056,586.00,595.00,1181.00,595,586,0.00,0.00,0,0
1508087460,s1,0.00,42.00,42.00,42,0,0.00,1.00,1.00,1,0,0.00,0.00,0,0
1508087460,eth0,0.00,0.00,0.00,0,0,0.00,0.00,0.00,0,0,0.00,0.00,0,0
1508087460,eth1,0.00,0.00,0.00,0,0,0.00,0.00,0.00,0,0,0.00,0.00,0,0
1508087460,s2,0.00,42.00,42.00,42,0,0.00,1.00,1.00,1,0,0.00,0.00,0,0
1508087460,s1-eth2,12372.00,261964.00,274336.00,261964,12372,160.00,174.00,334.00,174,160,0.00,0.00,0,0
1508087460,s1-eth1,249852.00,12372.00,262224.00,12372,249852,166.00,160.00,326.00,160,166,0.00,0.00,0,0
1508087460,s2-eth2,6128.00,201404.00,207532.00,201404,6128,80.00,134.00,214.00,134,80,0.00,0.00,0,0
1508087460,s2-eth1,207460.00,6128.00,213588.00,6128,207460,138.00,80.00,218.00,80,138,0.00,0.00,0,0
1508087460,lo,480.00,480.00,960.00,480,480,6.00,6.00,12.00,6,6,0.00,0.00,0,0
1508087460,total,476292.00,482432.00,958724.00,482432,476292,550.00,556.00,1106.00,556,550,0.00,0.00,0,0
1508087461,s1,0.00,42.00,42.00,42,0,0.00,1.00,1.00,1,0,0.00,0.00,0,0
1508087461,eth0,0.00,0.00,0.00,0,0,0.00,0.00,0.00,0,0,0.00,0.00,0,0
1508087461,eth1,0.00,0.00,0.00,0,0,0.00,0.00,0.00,0,0,0.00,0.00,0,0
1508087461,s2,0.00,42.00,42.00,42,0,0.00,1.00,1.00,1,0,0.00,0.00,0,0
1508087461,s1-eth2,12014.00,260450.00,272464.00,260450,12014,159.00,173.00,332.00,173,159,0.00,0.00,0,0
1508087461,s1-eth1,249852.00,12014.00,261866.00,12014,249852,166.00,159.00,325.00,159,166,0.00,0.00,0,0
1508087461,s2-eth2,6206.00,183236.00,189442.00,183236,6206,81.00,122.00,203.00,122,81,0.00,0.00,0,0
1508087461,s2-eth1,179036.00,6206.00,185242.00,6206,179036,120.00,81.00,201.00,81,120,0.00,0.00,0,0
1508087461,lo,480.00,480.00,960.00,480,480,6.00,6.00,12.00,6,6,0.00,0.00,0,0
1508087461,total,447588.00,462470.00,910058.00,462470,447588,532.00,543.00,1075.00,543,532,0.00,0.00,0,0
1508087462,s1,0.00,0.00,0.00,0,0,0.00,0.00,0.00,0,0,0.00,0.00,0,0
1508087462,eth0,0.00,0.00,0.00,0,0,0.00,0.00,0.00,0,0,0.00,0.00,0,0
1508087462,eth1,0.00,0.00,0.00,0,0,0.00,0.00,0.00,0,0,0.00,0.00,0,0
1508087462,s2,0.00,0.00,0.00,0,0,0.00,0.00,0.00,0,0,0.00,0.00,0,0
1508087462,s1-eth2,12540.00,252838.00,265378.00,252838,12540,160.00,167.00,327.00,167,160,0.00,0.00,0,0
1508087462,s1-eth1,249810.00,12614.00,262424.00,12614,249810,165.00,161.00,326.00,161,165,0.00,0.00,0,0
1508087462,s2-eth2,6862.00,180166.00,187028.00,180166,6862,89.00,119.00,208.00,119,89,0.00,0.00,0,0
1508087462,s2-eth1,180166.00,6862.00,187028.00,6862,180166,119.00,89.00,208.00,89,119,0.00,0.00,0,0
1508087462,lo,0.00,0.00,0.00,0,0,0.00,0.00,0.00,0,0,0.00,0.00,0,0
1508087462,total,449378.00,452480.00,901858.00,452480,449378,533.00,536.00,1069.00,536,533,0.00,0.00,0,0
1508087463,s1,0.00,0.00,0.00,0,0,0.00,0.00,0.00,0,0,0.00,0.00,0,0
1508087463,eth0,0.00,0.00,0.00,0,0,0.00,0.00,0.00,0,0,0.00,0.00,0,0
1508087463,eth1,0.00,0.00,0.00,0,0,0.00,0.00,0.00,0,0,0.00,0.00,0,0
1508087463,s2,0.00,0.00,0.00,0,0,0.00,0.00,0.00,0,0,0.00,0.00,0,0
1508087463,s1-eth2,12454.00,263436.00,275890.00,263436,12454,159.00,174.00,333.00,174,159,0.00,0.00,0,0
1508087463,s1-eth1,248296.00,12380.00,260676.00,12380,248296,164.00,158.00,322.00,158,164,0.00,0.00,0,0
1508087463,s2-eth2,7128.00,161998.00,169126.00,161998,7128,90.00,107.00,197.00,107,90,0.00,0.00,0,0
1508087463,s2-eth1,163512.00,7128.00,170640.00,7128,163512,108.00,90.00,198.00,90,108,0.00,0.00,0,0
1508087463,lo,0.00,0.00,0.00,0,0,0.00,0.00,0.00,0,0,0.00,0.00,0,0
1508087463,total,431390.00,444942.00,876332.00,444942,431390,521.00,529.00,1050.00,529,521,0.00,0.00,0,0
1508087464,s1,0.00,0.00,0.00,0,0,0.00,0.00,0.00,0,0,0.00,0.00,0,0
1508087464,eth0,0.00,0.00,0.00,0,0,0.00,0.00,0.00,0,0,0.00,0.00,0,0
1508087464,eth1,0.00,0.00,0.00,0,0,0.00,0.00,0.00,0,0,0.00,0.00,0,0
1508087464,s2,0.00,0.00,0.00,0,0,0.00,0.00,0.00,0,0,0.00,0.00,0,0
1508087464,s1-eth2,11938.06,264685.31,276623.38,264950,11950,158.84,174.83,333.67,175,159,0.00,0.00,0,0
1508087464,s1-eth1,252585.42,12011.99,264597.41,12024,252838,166.83,159.84,326.67,160,167,0.00,0.00,0,0
1508087464,s2-eth2,4415.58,117974.03,122389.62,118092,4420,53.95,77.92,131.87,78,54,0.00,0.00,0,0
1508087464,s2-eth1,114949.05,4073.93,119022.98,4078,115064,75.92,52.95,128.87,53,76,0.00,0.00,0,0
1508087464,lo,0.00,0.00,0.00,0,0,0.00,0.00,0.00,0,0,0.00,0.00,0,0
1508087464,total,383888.12,398745.25,782633.38,399144,384272,455.54,465.53,921.08,466,456,0.00,0.00,0,0
1508087465,s1,0.00,0.00,0.00,0,0,0.00,0.00,0.00,0,0,0.00,0.00,0,0
1508087465,eth0,0.00,0.00,0.00,0,0,0.00,0.00,0.00,0,0,0.00,0.00,0,0
1508087465,eth1,0.00,0.00,0.00,0,0,0.00,0.00,0.00,0,0,0.00,0.00,0,0
1508087465,s2,0.00,0.00,0.00,0,0,0.00,0.00,0.00,0,0,0.00,0.00,0,0
1508087465,s1-eth2,12618.00,252838.00,265456.00,252838,12618,165.00,167.00,332.00,167,165,0.00,0.00,0,0
1508087465,s1-eth1,249810.00,12544.00,262354.00,12544,249810,165.00,164.00,329.00,164,165,0.00,0.00,0,0
1508087465,s2-eth2,4728.00,93868.00,98596.00,93868,4728,60.00,62.00,122.00,62,60,0.00,0.00,0,0
1508087465,s2-eth1,90840.00,4728.00,95568.00,4728,90840,60.00,60.00,120.00,60,60,0.00,0.00,0,0
1508087465,lo,344.00,344.00,688.00,344,344,6.00,6.00,12.00,6,6,0.00,0.00,0,0
1508087465,total,358340.00,364322.00,722662.00,364322,358340,456.00,459.00,915.00,459,456,0.00,0.00,0,0
1508087466,s1,0.00,0.00,0.00,0,0,0.00,0.00,0.00,0,0,0.00,0.00,0,0
1508087466,eth0,0.00,0.00,0.00,0,0,0.00,0.00,0.00,0,0,0.00,0.00,0,0
1508087466,eth1,0.00,0.00,0.00,0,0,0.00,0.00,0.00,0,0,0.00,0.00,0,0
1508087466,s2,0.00,0.00,0.00,0,0,0.00,0.00,0.00,0,0,0.00,0.00,0,0
1508087466,s1-eth2,11926.00,255866.00,267792.00,255866,11926,155.00,169.00,324.00,169,155,0.00,0.00,0,0
1508087466,s1-eth1,249810.00,11926.00,261736.00,11926,249810,165.00,155.00,320.00,155,165,0.00,0.00,0,0
1508087466,s2-eth2,3578.00,83312.00,86890.00,83312,3578,47.00,56.00,103.00,56,47,0.00,0.00,0,0
1508087466,s2-eth1,87854.00,3578.00,91432.00,3578,87854,59.00,47.00,106.00,47,59,0.00,0.00,0,0
1508087466,lo,592.00,592.00,1184.00,592,592,6.00,6.00,12.00,6,6,0.00,0.00,0,0
1508087466,total,353760.00,355274.00,709034.00,355274,353760,432.00,433.00,865.00,433,432,0.00,0.00,0,0
1508087467,s1,0.00,0.00,0.00,0,0,0.00,0.00,0.00,0,0,0.00,0.00,0,0
1508087467,eth0,0.00,0.00,0.00,0,0,0.00,0.00,0.00,0,0,0.00,0.00,0,0
1508087467,eth1,0.00,0.00,0.00,0,0,0.00,0.00,0.00,0,0,0.00,0.00,0,0
1508087467,s2,0.00,0.00,0.00,0,0,0.00,0.00,0.00,0,0,0.00,0.00,0,0
1508087467,s1-eth2,12392.00,260408.00,272800.00,260408,12392,160.00,172.00,332.00,172,160,0.00,0.00,0,0
1508087467,s1-eth1,249810.00,12392.00,262202.00,12392,249810,165.00,160.00,325.00,160,165,0.00,0.00,0,0
1508087467,s2-eth2,3932.00,102952.00,106884.00,102952,3932,52.00,68.00,120.00,68,52,0.00,0.00,0,0
1508087467,s2-eth1,95489.00,3932.00,99421.00,3932,95489,64.00,52.00,116.00,52,64,0.00,0.00,0,0
1508087467,lo,0.00,0.00,0.00,0,0,0.00,0.00,0.00,0,0,0.00,0.00,0,0
1508087467,total,361623.00,379684.00,741307.00,379684,361623,441.00,452.00,893.00,452,441,0.00,0.00,0,0
1508087468,s1,0.00,0.00,0.00,0,0,0.00,0.00,0.00,0,0,0.00,0.00,0,0
1508087468,eth0,0.00,0.00,0.00,0,0,0.00,0.00,0.00,0,0,0.00,0.00,0,0
1508087468,eth1,0.00,0.00,0.00,0,0,0.00,0.00,0.00,0,0,0.00,0.00,0,0
1508087468,s2,0.00,0.00,0.00,0,0,0.00,0.00,0.00,0,0,0.00,0.00,0,0
1508087468,s1-eth2,11731.00,257380.00,269111.00,257380,11731,153.00,170.00,323.00,170,153,0.00,0.00,0,0
1508087468,s1-eth1,244203.00,11624.00,255827.00,11624,244203,163.00,152.00,315.00,152,163,0.00,0.00,0,0
1508087468,s2-eth2,3709.00,72672.00,76381.00,72672,3709,46.00,48.00,94.00,48,46,0.00,0.00,0,0
1508087468,s2-eth1,72672.00,3602.00,76274.00,3602,72672,48.00,45.00,93.00,45,48,0.00,0.00,0,0
1508087468,lo,0.00,0.00,0.00,0,0,0.00,0.00,0.00,0,0,0.00,0.00,0,0
1508087468,total,332315.00,345278.00,677593.00,345278,332315,410.00,415.00,825.00,415,410,0.00,0.00,0,0
1508087469,s1,0.00,0.00,0.00,0,0,0.00,0.00,0.00,0,0,0.00,0.00,0,0
1508087469,eth0,0.00,0.00,0.00,0,0,0.00,0.00,0.00,0,0,0.00,0.00,0,0
1508087469,eth1,0.00,0.00,0.00,0,0,0.00,0.00,0.00,0,0,0.00,0.00,0,0
1508087469,s2,0.00,0.00,0.00,0,0,0.00,0.00,0.00,0,0,0.00,0.00,0,0
1508087469,s1-eth2,12311.69,252585.42,264897.12,252838,12324,161.84,166.83,328.67,167,162,0.00,0.00,0,0
1508087469,s1-eth1,249560.45,12311.69,261872.14,12324,249810,164.84,161.84,326.67,162,165,0.00,0.00,0,0
1508087469,s2-eth2,3090.91,69574.43,72665.34,69644,3094,40.96,45.95,86.91,46,41,0.00,0.00,0,0
1508087469,s2-eth1,71086.91,3090.91,74177.82,3094,71158,46.95,40.96,87.91,41,47,0.00,0.00,0,0
1508087469,lo,0.00,0.00,0.00,0,0,0.00,0.00,0.00,0,0,0.00,0.00,0,0
1508087469,total,336049.97,337562.44,673612.38,337900,336386,414.59,415.58,830.17,416,415,0.00,0.00,0,0
1508087470,s1,0.00,0.00,0.00,0,0,0.00,0.00,0.00,0,0,0.00,0.00,0,0
1508087470,eth0,0.00,0.00,0.00,0,0,0.00,0.00,0.00,0,0,0.00,0.00,0,0
1508087470,eth1,0.00,0.00,0.00,0,0,0.00,0.00,0.00,0,0,0.00,0.00,0,0
1508087470,s2,0.00,0.00,0.00,0,0,0.00,0.00,0.00,0,0,0.00,0.00,0,0
1508087470,s1-eth2,12714.00,258894.00,271608.00,258894,12714,163.00,171.00,334.00,171,163,0.00,0.00,0,0
1508087470,s1-eth1,251324.00,12788.00,264112.00,12788,251324,166.00,164.00,330.00,164,166,0.00,0.00,0,0
1508087470,s2-eth2,3376.00,78728.00,82104.00,78728,3376,44.00,52.00,96.00,52,44,0.00,0.00,0,0
1508087470,s2-eth1,72672.00,3376.00,76048.00,3376,72672,48.00,44.00,92.00,44,48,0.00,0.00,0,0
1508087470,lo,344.00,344.00,688.00,344,344,6.00,6.00,12.00,6,6,0.00,0.00,0,0
1508087470,total,340430.00,354130.00,694560.00,354130,340430,427.00,437.00,864.00,437,427,0.00,0.00,0,0
1508087471,s1,0.00,0.00,0.00,0,0,0.00,0.00,0.00,0,0,0.00,0.00,0,0
1508087471,eth0,0.00,0.00,0.00,0,0,0.00,0.00,0.00,0,0,0.00,0.00,0,0
1508087471,eth1,0.00,0.00,0.00,0,0,0.00,0.00,0.00,0,0,0.00,0.00,0,0
1508087471,s2,0.00,0.00,0.00,0,0,0.00,0.00,0.00,0,0,0.00,0.00,0,0
1508087471,s1-eth2,11836.00,260408.00,272244.00,260408,11836,158.00,172.00,330.00,172,158,0.00,0.00,0,0
1508087471,s1-eth1,249810.00,11762.00,261572.00,11762,249810,165.00,157.00,322.00,157,165,0.00,0.00,0,0
1508087471,s2-eth2,2738.00,84784.00,87522.00,84784,2738,37.00,56.00,93.00,56,37,0.00,0.00,0,0
1508087471,s2-eth1,89326.00,2738.00,92064.00,2738,89326,59.00,37.00,96.00,37,59,0.00,0.00,0,0
1508087471,lo,0.00,0.00,0.00,0,0,0.00,0.00,0.00,0,0,0.00,0.00,0,0
1508087471,total,353710.00,359692.00,713402.00,359692,353710,419.00,422.00,841.00,422,419,0.00,0.00,0,0
1508087472,s1,0.00,0.00,0.00,0,0,0.00,0.00,0.00,0,0,0.00,0.00,0,0
1508087472,eth0,0.00,0.00,0.00,0,0,0.00,0.00,0.00,0,0,0.00,0.00,0,0
1508087472,eth1,0.00,0.00,0.00,0,0,0.00,0.00,0.00,0,0,0.00,0.00,0,0
1508087472,s2,0.00,0.00,0.00,0,0,0.00,0.00,0.00,0,0,0.00,0.00,0,0
1508087472,s1-eth2,11790.00,254352.00,266142.00,254352,11790,149.00,168.00,317.00,168,149,0.00,0.00,0,0
1508087472,s1-eth1,249810.00,11448.00,261258.00,11448,249810,165.00,148.00,313.00,148,165,0.00,0.00,0,0
1508087472,s2-eth2,3774.00,112036.00,115810.00,112036,3774,51.00,74.00,125.00,74,51,0.00,0.00,0,0
1508087472,s2-eth1,104808.00,3774.00,108582.00,3774,104808,70.00,51.00,121.00,51,70,0.00,0.00,0,0
1508087472,lo,0.00,0.00,0.00,0,0,0.00,0.00,0.00,0,0,0.00,0.00,0,0
1508087472,total,370182.00,381610.00,751792.00,381610,370182,435.00,441.00,876.00,441,435,0.00,0.00,0,0
1508087473,s1,0.00,0.00,0.00,0,0,0.00,0.00,0.00,0,0,0.00,0.00,0,0
1508087473,eth0,0.00,0.00,0.00,0,0,0.00,0.00,0.00,0,0,0.00,0.00,0,0
1508087473,eth1,0.00,0.00,0.00,0,0,0.00,0.00,0.00,0,0,0.00,0.00,0,0
1508087473,s2,0.00,0.00,0.00,0,0,0.00,0.00,0.00,0,0,0.00,0.00,0,0
1508087473,s1-eth2,12588.00,255866.00,268454.00,255866,12588,162.00,169.00,331.00,169,162,0.00,0.00,0,0
1508087473,s1-eth1,249810.00,12588.00,262398.00,12588,249810,165.00,162.00,327.00,162,165,0.00,0.00,0,0
1508087473,s2-eth2,5188.00,124148.00,129336.00,124148,5188,68.00,82.00,150.00,82,68,0.00,0.00,0,0
1508087473,s2-eth1,128690.00,5188.00,133878.00,5188,128690,85.00,68.00,153.00,68,85,0.00,0.00,0,0
1508087473,lo,0.00,0.00,0.00,0,0,0.00,0.00,0.00,0,0,0.00,0.00,0,0
1508087473,total,396276.00,397790.00,794066.00,397790,396276,480.00,481.00,961.00,481,480,0.00,0.00,0,0
1508087474,s1,0.00,0.00,0.00,0,0,0.00,0.00,0.00,0,0,0.00,0.00,0,0
1508087474,eth0,0.00,0.00,0.00,0,0,0.00,0.00,0.00,0,0,0.00,0.00,0,0
1508087474,eth1,0.00,0.00,0.00,0,0,0.00,0.00,0.00,0,0,0.00,0.00,0,0
1508087474,s2,0.00,0.00,0.00,0,0,0.00,0.00,0.00,0,0,0.00,0.00,0,0
1508087474,s1-eth2,12312.00,257380.00,269692.00,257380,12312,162.00,170.00,332.00,170,162,0.00,0.00,0,0
1508087474,s1-eth1,249810.00,12312.00,262122.00,12312,249810,165.00,162.00,327.00,162,165,0.00,0.00,0,0
1508087474,s2-eth2,4924.00,98410.00,103334.00,98410,4924,62.00,65.00,127.00,65,62,0.00,0.00,0,0
1508087474,s2-eth1,93868.00,4924.00,98792.00,4924,93868,62.00,62.00,124.00,62,62,0.00,0.00,0,0
1508087474,lo,0.00,0.00,0.00,0,0,0.00,0.00,0.00,0,0,0.00,0.00,0,0
1508087474,total,360914.00,373026.00,733940.00,373026,360914,451.00,459.00,910.00,459,451,0.00,0.00,0,0
1508087475,s1,0.00,0.00,0.00,0,0,0.00,0.00,0.00,0,0,0.00,0.00,0,0
1508087475,eth0,0.00,0.00,0.00,0,0,0.00,0.00,0.00,0,0,0.00,0.00,0,0
1508087475,eth1,0.00,0.00,0.00,0,0,0.00,0.00,0.00,0,0,0.00,0.00,0,0
1508087475,s2,0.00,0.00,0.00,0,0,0.00,0.00,0.00,0,0,0.00,0.00,0,0
1508087475,s1-eth2,12128.00,255866.00,267994.00,255866,12128,160.00,169.00,329.00,169,160,0.00,0.00,0,0
1508087475,s1-eth1,249810.00,12202.00,262012.00,12202,249810,165.00,161.00,326.00,161,165,0.00,0.00,0,0
1508087475,s2-eth2,3682.00,81756.00,85438.00,81756,3682,47.00,54.00,101.00,54,47,0.00,0.00,0,0
1508087475,s2-eth1,69644.00,3682.00,73326.00,3682,69644,46.00,47.00,93.00,47,46,0.00,0.00,0,0
1508087475,lo,344.00,344.00,688.00,344,344,6.00,6.00,12.00,6,6,0.00,0.00,0,0
1508087475,total,335608.00,353850.00,689458.00,353850,335608,424.00,437.00,861.00,437,424,0.00,0.00,0,0
1508087476,s1,0.00,0.00,0.00,0,0,0.00,0.00,0.00,0,0,0.00,0.00,0,0
1508087476,eth0,0.00,0.00,0.00,0,0,0.00,0.00,0.00,0,0,0.00,0.00,0,0
1508087476,eth1,0.00,0.00,0.00,0,0,0.00,0.00,0.00,0,0,0.00,0.00,0,0
1508087476,s2,0.00,0.00,0.00,0,0,0.00,0.00,0.00,0,0,0.00,0.00,0,0
1508087476,s1-eth2,12700.00,254352.00,267052.00,254352,12700,164.00,168.00,332.00,168,164,0.00,0.00,0,0
1508087476,s1-eth1,250152.00,12700.00,262852.00,12700,250152,166.00,164.00,330.00,164,166,0.00,0.00,0,0
1508087476,s2-eth2,4214.00,90840.00,95054.00,90840,4214,55.00,60.00,115.00,60,55,0.00,0.00,0,0
1508087476,s2-eth1,98410.00,4214.00,102624.00,4214,98410,65.00,55.00,120.00,55,65,0.00,0.00,0,0
1508087476,lo,0.00,0.00,0.00,0,0,0.00,0.00,0.00,0,0,0.00,0.00,0,0
1508087476,total,365476.00,362106.00,727582.00,362106,365476,450.00,447.00,897.00,447,450,0.00,0.00,0,0
1508087477,s1,0.00,0.00,0.00,0,0,0.00,0.00,0.00,0,0,0.00,0.00,0,0
1508087477,eth0,0.00,0.00,0.00,0,0,0.00,0.00,0.00,0,0,0.00,0.00,0,0
1508087477,eth1,0.00,0.00,0.00,0,0,0.00,0.00,0.00,0,0,0.00,0.00,0,0
1508087477,s2,0.00,0.00,0.00,0,0,0.00,0.00,0.00,0,0,0.00,0.00,0,0
1508087477,s1-eth2,12237.76,257122.89,269360.66,257380,12250,158.84,169.83,328.67,170,159,0.00,0.00,0,0
1508087477,s1-eth1,251072.94,12163.84,263236.78,12176,251324,165.83,157.84,323.68,158,166,0.00,0.00,0,0
1508087477,s2-eth2,2621.38,63524.48,66145.86,63588,2624,33.97,41.96,75.92,42,34,0.00,0.00,0,0
1508087477,s2-eth1,60499.50,2621.38,63120.88,2624,60560,39.96,33.97,73.93,34,40,0.00,0.00,0,0
1508087477,lo,0.00,0.00,0.00,0,0,0.00,0.00,0.00,0,0,0.00,0.00,0,0
1508087477,total,326431.56,335432.56,661864.12,335768,326758,398.60,403.60,802.20,404,399,0.00,0.00,0,0
1508087478,s1,0.00,0.00,0.00,0,0,0.00,0.00,0.00,0,0,0.00,0.00,0,0
1508087478,eth0,0.00,0.00,0.00,0,0,0.00,0.00,0.00,0,0,0.00,0.00,0,0
1508087478,eth1,0.00,0.00,0.00,0,0,0.00,0.00,0.00,0,0,0.00,0.00,0,0
1508087478,s2,0.00,0.00,0.00,0,0,0.00,0.00,0.00,0,0,0.00,0.00,0,0
1508087478,s1-eth2,11918.08,263172.84,275090.91,263436,11930,156.84,173.83,330.67,174,157,0.00,0.00,0,0
1508087478,s1-eth1,249560.45,11918.08,261478.53,11930,249810,164.84,156.84,321.68,157,165,0.00,0.00,0,0
1508087478,s2-eth2,2361.64,58987.02,61348.65,59046,2364,29.97,38.96,68.93,39,30,0.00,0.00,0,0
1508087478,s2-eth1,58987.02,2361.64,61348.65,2364,59046,38.96,29.97,68.93,30,39,0.00,0.00,0,0
1508087478,lo,0.00,0.00,0.00,0,0,0.00,0.00,0.00,0,0,0.00,0.00,0,0
1508087478,total,322827.19,336439.56,659266.75,336776,323150,390.61,399.60,790.21,400,391,0.00,0.00,0,0
1508087479,s1,0.00,0.00,0.00,0,0,0.00,0.00,0.00,0,0,0.00,0.00,0,0
1508087479,eth0,0.00,0.00,0.00,0,0,0.00,0.00,0.00,0,0,0.00,0.00,0,0
1508087479,eth1,0.00,0.00,0.00,0,0,0.00,0.00,0.00,0,0,0.00,0.00,0,0
1508087479,s2,0.00,0.00,0.00,0,0,0.00,0.00,0.00,0,0,0.00,0.00,0,0
1508087479,s1-eth2,12269.73,254097.91,266367.62,254352,12282,158.84,167.83,326.67,168,159,0.00,0.00,0,0
1508087479,s1-eth1,249560.45,12343.66,261904.11,12356,249810,164.84,159.84,324.68,160,165,0.00,0.00,0,0
1508087479,s2-eth2,2291.71,81674.33,83966.04,81756,2294,30.97,53.95,84.92,54,31,0.00,0.00,0,0
1508087479,s2-eth1,78649.35,2291.71,80941.06,2294,78728,51.95,30.97,82.92,31,52,0.00,0.00,0,0
1508087479,lo,0.00,0.00,0.00,0,0,0.00,0.00,0.00,0,0,0.00,0.00,0,0
1508087479,total,342771.25,350407.59,693178.81,350758,343114,406.59,412.59,819.18,413,407,0.00,0.00,0,0
1508087480,s1,0.00,0.00,0.00,0,0,0.00,0.00,0.00,0,0,0.00,0.00,0,0
1508087480,eth0,0.00,0.00,0.00,0,0,0.00,0.00,0.00,0,0,0.00,0.00,0,0
1508087480,eth1,0.00,0.00,0.00,0,0,0.00,0.00,0.00,0,0,0.00,0.00,0,0
1508087480,s2,0.00,0.00,0.00,0,0,0.00,0.00,0.00,0,0,0.00,0.00,0,0
1508087480,s1-eth2,12222.00,258894.00,271116.00,258894,12222,159.00,171.00,330.00,171,159,0.00,0.00,0,0
1508087480,s1-eth1,251324.00,12148.00,263472.00,12148,251324,166.00,158.00,324.00,158,166,0.00,0.00,0,0
1508087480,s2-eth2,3464.00,92354.00,95818.00,92354,3464,46.00,61.00,107.00,61,46,0.00,0.00,0,0
1508087480,s2-eth1,90840.00,3464.00,94304.00,3464,90840,60.00,46.00,106.00,46,60,0.00,0.00,0,0
1508087480,lo,344.00,344.00,688.00,344,344,6.00,6.00,12.00,6,6,0.00,0.00,0,0
1508087480,total,358194.00,367204.00,725398.00,367204,358194,437.00,442.00,879.00,442,437,0.00,0.00,0,0
1508087481,s1,0.00,0.00,0.00,0,0,0.00,0.00,0.00,0,0,0.00,0.00,0,0
1508087481,eth0,0.00,0.00,0.00,0,0,0.00,0.00,0.00,0,0,0.00,0.00,0,0
1508087481,eth1,0.00,0.00,0.00,0,0,0.00,0.00,0.00,0,0,0.00,0.00,0,0
1508087481,s2,0.00,0.00,0.00,0,0,0.00,0.00,0.00,0,0,0.00,0.00,0,0
1508087481,s1-eth2,12016.00,260408.00,272424.00,260408,12016,158.00,172.00,330.00,172,158,0.00,0.00,0,0
1508087481,s1-eth1,249810.00,12016.00,261826.00,12016,249810,165.00,158.00,323.00,158,165,0.00,0.00,0,0
1508087481,s2-eth2,4002.00,89326.00,93328.00,89326,4002,51.00,59.00,110.00,59,51,0.00,0.00,0,0
1508087481,s2-eth1,84784.00,4002.00,88786.00,4002,84784,56.00,51.00,107.00,51,56,0.00,0.00,0,0
1508087481,lo,0.00,0.00,0.00,0,0,0.00,0.00,0.00,0,0,0.00,0.00,0,0
1508087481,total,350612.00,365752.00,716364.00,365752,350612,430.00,440.00,870.00,440,430,0.00,0.00,0,0
1508087482,s1,0.00,0.00,0.00,0,0,0.00,0.00,0.00,0,0,0.00,0.00,0,0
1508087482,eth0,0.00,0.00,0.00,0,0,0.00,0.00,0.00,0,0,0.00,0.00,0,0
1508087482,eth1,0.00,0.00,0.00,0,0,0.00,0.00,0.00,0,0,0.00,0.00,0,0
1508087482,s2,0.00,0.00,0.00,0,0,0.00,0.00,0.00,0,0,0.00,0.00,0,0
1508087482,s1-eth2,12270.00,255866.00,268136.00,255866,12270,159.00,169.00,328.00,169,159,0.00,0.00,0,0
1508087482,s1-eth1,249810.00,12270.00,262080.00,12270,249810,165.00,159.00,324.00,159,165,0.00,0.00,0,0
1508087482,s2-eth2,3732.00,78728.00,82460.00,78728,3732,48.00,52.00,100.00,52,48,0.00,0.00,0,0
1508087482,s2-eth1,81756.00,3732.00,85488.00,3732,81756,54.00,48.00,102.00,48,54,0.00,0.00,0,0
1508087482,lo,0.00,0.00,0.00,0,0,0.00,0.00,0.00,0,0,0.00,0.00,0,0
1508087482,total,347568.00,350596.00,698164.00,350596,347568,426.00,428.00,854.00,428,426,0.00,0.00,0,0
1508087483,s1,0.00,0.00,0.00,0,0,0.00,0.00,0.00,0,0,0.00,0.00,0,0
1508087483,eth0,456.00,735.00,1191.00,735,456,6.00,6.00,12.00,6,6,0.00,0.00,0,0
1508087483,eth1,0.00,0.00,0.00,0,0,0.00,0.00,0.00,0,0,0.00,0.00,0,0
1508087483,s2,0.00,0.00,0.00,0,0,0.00,0.00,0.00,0,0,0.00,0.00,0,0
1508087483,s1-eth2,12778.00,257380.00,270158.00,257380,12778,165.00,170.00,335.00,170,165,0.00,0.00,0,0
1508087483,s1-eth1,250262.00,12326.00,262588.00,12326,250262,167.00,163.00,330.00,163,167,0.00,0.00,0,0
1508087483,s2-eth2,2972.00,92354.00,95326.00,92354,2972,36.00,61.00,97.00,61,36,0.00,0.00,0,0
1508087483,s2-eth1,79180.00,2442.00,81622.00,2442,79180,54.00,33.00,87.00,33,54,0.00,0.00,0,0
1508087483,lo,1023.00,1023.00,2046.00,1023,1023,12.00,12.00,24.00,12,12,0.00,0.00,0,0
1508087483,total,346671.00,366260.00,712931.00,366260,346671,440.00,445.00,885.00,445,440,0.00,0.00,0,0
1508087484,s1,0.00,0.00,0.00,0,0,0.00,0.00,0.00,0,0,0.00,0.00,0,0
1508087484,eth0,303.70,489.51,793.21,490,304,4.00,4.00,7.99,4,4,0.00,0.00,0,0
1508087484,eth1,0.00,0.00,0.00,0,0,0.00,0.00,0.00,0,0,0.00,0.00,0,0
1508087484,s2,0.00,0.00,0.00,0,0,0.00,0.00,0.00,0,0,0.00,0.00,0,0
1508087484,s1-eth2,12861.14,258635.38,271496.50,258894,12874,164.84,170.83,335.66,171,165,0.00,0.00,0,0
1508087484,s1-eth1,249748.27,12673.33,262421.59,12686,249998,166.83,162.84,329.67,163,167,0.00,0.00,0,0
1508087484,s2-eth2,4014.99,105874.12,109889.12,105980,4019,52.95,69.93,122.88,70,53,0.00,0.00,0,0
1508087484,s2-eth1,112111.89,3548.45,115660.34,3552,112224,75.92,47.95,123.88,48,76,0.00,0.00,0,0
1508087484,lo,681.32,681.32,1362.64,682,682,7.99,7.99,15.98,8,8,0.00,0.00,0,0
1508087484,total,379721.28,381902.09,761623.38,382284,380101,472.53,463.54,936.06,464,473,0.00,0.00,0,0
1508087485,s1,0.00,0.00,0.00,0,0,0.00,0.00,0.00,0,0,0.00,0.00,0,0
1508087485,eth0,455.54,734.27,1189.81,735,456,5.99,5.99,11.99,6,6,0.00,0.00,0,0
1508087485,eth1,0.00,0.00,0.00,0,0,0.00,0.00,0.00,0,0,0.00,0.00,0,0
1508087485,s2,0.00,0.00,0.00,0,0,0.00,0.00,0.00,0,0,0.00,0.00,0,0
1508087485,s1-eth2,13948.05,255610.39,269558.44,255866,13962,170.83,168.83,339.66,169,171,0.00,0.00,0,0
1508087485,s1-eth1,249390.61,12515.48,261906.09,12528,249640,171.83,161.84,333.67,162,172,0.00,0.00,0,0
1508087485,s2-eth2,5990.01,111924.08,117914.09,112036,5996,61.94,73.93,135.86,74,62,0.00,0.00,0,0
1508087485,s2-eth1,106762.24,4135.86,110898.10,4140,106869,75.92,53.95,129.87,54,76,0.00,0.00,0,0
1508087485,lo,1365.63,1365.63,2731.27,1367,1367,17.98,17.98,35.96,18,18,0.00,0.00,0,0
1508087485,total,377912.09,386285.72,764197.81,386672,378290,504.50,482.52,987.01,483,505,0.00,0.00,0,0
1508087486,s1,0.00,0.00,0.00,0,0,0.00,0.00,0.00,0,0,0.00,0.00,0,0
1508087486,eth0,152.00,245.00,397.00,245,152,2.00,2.00,4.00,2,2,0.00,0.00,0,0
1508087486,eth1,0.00,0.00,0.00,0,0,0.00,0.00,0.00,0,0,0.00,0.00,0,0
1508087486,s2,0.00,0.00,0.00,0,0,0.00,0.00,0.00,0,0,0.00,0.00,0,0
1508087486,s1-eth2,12768.00,258894.00,271662.00,258894,12768,159.00,171.00,330.00,171,159,0.00,0.00,0,0
1508087486,s1-eth1,250946.00,11722.00,262668.00,11722,250946,170.00,155.00,325.00,155,170,0.00,0.00,0,0
1508087486,s2-eth2,4710.00,121120.00,125830.00,121120,4710,54.00,80.00,134.00,80,54,0.00,0.00,0,0
1508087486,s2-eth1,131528.00,3774.00,135302.00,3774,131528,92.00,51.00,143.00,51,92,0.00,0.00,0,0
1508087486,lo,341.00,341.00,682.00,341,341,4.00,4.00,8.00,4,4,0.00,0.00,0,0
1508087486,total,400445.00,396096.00,796541.00,396096,400445,481.00,463.00,944.00,463,481,0.00,0.00,0,0
1508087487,s1,0.00,0.00,0.00,0,0,0.00,0.00,0.00,0,0,0.00,0.00,0,0
1508087487,eth0,0.00,0.00,0.00,0,0,0.00,0.00,0.00,0,0,0.00,0.00,0,0
1508087487,eth1,0.00,0.00,0.00,0,0,0.00,0.00,0.00,0,0,0.00,0.00,0,0
1508087487,s2,0.00,0.00,0.00,0,0,0.00,0.00,0.00,0,0,0.00,0.00,0,0
1508087487,s1-eth2,12613.00,263436.00,276049.00,263436,12613,158.00,174.00,332.00,174,158,0.00,0.00,0,0
1508087487,s1-eth1,250479.00,12018.00,262497.00,12018,250479,167.00,157.00,324.00,157,167,0.00,0.00,0,0
1508087487,s2-eth2,5931.00,122634.00,128565.00,122634,5931,75.00,81.00,156.00,81,75,0.00,0.00,0,0
1508087487,s2-eth1,112972.00,5824.00,118796.00,5824,112972,77.00,74.00,151.00,74,77,0.00,0.00,0,0
1508087487,lo,0.00,0.00,0.00,0,0,0.00,0.00,0.00,0,0,0.00,0.00,0,0
1508087487,total,381995.00,403912.00,785907.00,403912,381995,477.00,486.00,963.00,486,477,0.00,0.00,0,0
1508087488,s1,0.00,0.00,0.00,0,0,0.00,0.00,0.00,0,0,0.00,0.00,0,0
1508087488,eth0,60.00,60.00,120.00,60,60,1.00,1.00,2.00,1,1,0.00,0.00,0,0
1508087488,eth1,0.00,0.00,0.00,0,0,0.00,0.00,0.00,0,0,0.00,0.00,0,0
1508087488,s2,0.00,0.00,0.00,0,0,0.00,0.00,0.00,0,0,0.00,0.00,0,0
1508087488,s1-eth2,12928.00,248296.00,261224.00,248296,12928,165.00,164.00,329.00,164,165,0.00,0.00,0,0
1508087488,s1-eth1,248670.00,12566.00,261236.00,12566,248670,166.00,163.00,329.00,163,166,0.00,0.00,0,0
1508087488,s2-eth2,4333.00,96896.00,101229.00,96896,4333,56.00,64.00,120.00,64,56,0.00,0.00,0,0
1508087488,s2-eth1,101545.00,3996.00,105541.00,3996,101545,68.00,54.00,122.00,54,68,0.00,0.00,0,0
1508087488,lo,0.00,0.00,0.00,0,0,0.00,0.00,0.00,0,0,0.00,0.00,0,0
1508087488,total,367536.00,361814.00,729350.00,361814,367536,456.00,446.00,902.00,446,456,0.00,0.00,0,0
1508087489,s1,0.00,0.00,0.00,0,0,0.00,0.00,0.00,0,0,0.00,0.00,0,0
1508087489,eth0,0.00,0.00,0.00,0,0,0.00,0.00,0.00,0,0,0.00,0.00,0,0
1508087489,eth1,0.00,0.00,0.00,0,0,0.00,0.00,0.00,0,0,0.00,0.00,0,0
1508087489,s2,0.00,0.00,0.00,0,0,0.00,0.00,0.00,0,0,0.00,0.00,0,0
1508087489,s1-eth2,13225.00,261922.00,275147.00,261922,13225,166.00,173.00,339.00,173,166,0.00,0.00,0,0
1508087489,s1-eth1,250207.00,12474.00,262681.00,12474,250207,167.00,163.00,330.00,163,167,0.00,0.00,0,0
1508087489,s2-eth2,3657.00,121120.00,124777.00,121120,3657,46.00,80.00,126.00,80,46,0.00,0.00,0,0
1508087489,s2-eth1,118756.00,3330.00,122086.00,3330,118756,81.00,45.00,126.00,45,81,0.00,0.00,0,0
1508087489,lo,0.00,0.00,0.00,0,0,0.00,0.00,0.00,0,0,0.00,0.00,0,0
1508087489,total,385845.00,398846.00,784691.00,398846,385845,460.00,461.00,921.00,461,460,0.00,0.00,0,0
1508087490,s1,0.00,0.00,0.00,0,0,0.00,0.00,0.00,0,0,0.00,0.00,0,0
1508087490,eth0,0.00,0.00,0.00,0,0,0.00,0.00,0.00,0,0,0.00,0.00,0,0
1508087490,eth1,0.00,0.00,0.00,0,0,0.00,0.00,0.00,0,0,0.00,0.00,0,0
1508087490,s2,0.00,0.00,0.00,0,0,0.00,0.00,0.00,0,0,0.00,0.00,0,0
1508087490,s1-eth2,12639.36,254097.91,266737.28,254352,12652,163.84,167.83,331.67,168,164,0.00,0.00,0,0
1508087490,s1-eth1,251072.94,12565.43,263638.38,12578,251324,165.83,162.84,328.67,163,166,0.00,0.00,0,0
1508087490,s2-eth2,5550.45,139148.86,144699.30,139288,5556,69.93,91.91,161.84,92,70,0.00,0.00,0,0
1508087490,s2-eth1,137978.03,5208.79,143186.81,5214,138116,91.91,68.93,160.84,69,92,0.00,0.00,0,0
1508087490,lo,343.66,343.66,687.31,344,344,5.99,5.99,11.99,6,6,0.00,0.00,0,0
1508087490,total,407584.44,411364.66,818949.06,411776,407992,497.50,497.50,995.01,498,498,0.00,0.00,0,0
1508087491,s1,0.00,0.00,0.00,0,0,0.00,0.00,0.00,0,0,0.00,0.00,0,0
1508087491,eth0,0.00,0.00,0.00,0,0,0.00,0.00,0.00,0,0,0.00,0.00,0,0
1508087491,eth1,0.00,0.00,0.00,0,0,0.00,0.00,0.00,0,0,0.00,0.00,0,0
1508087491,s2,0.00,0.00,0.00,0,0,0.00,0.00,0.00,0,0,0.00,0.00,0,0
1508087491,s1-eth2,12478.00,261922.00,274400.00,261922,12478,161.00,173.00,334.00,173,161,0.00,0.00,0,0
1508087491,s1-eth1,249810.00,12478.00,262288.00,12478,249810,165.00,161.00,326.00,161,165,0.00,0.00,0,0
1508087491,s2-eth2,4493.00,125662.00,130155.00,125662,4493,58.00,83.00,141.00,83,58,0.00,0.00,0,0
1508087491,s2-eth1,125662.00,4386.00,130048.00,4386,125662,83.00,57.00,140.00,57,83,0.00,0.00,0,0
1508087491,lo,0.00,0.00,0.00,0,0,0.00,0.00,0.00,0,0,0.00,0.00,0,0
1508087491,total,392443.00,404448.00,796891.00,404448,392443,467.00,474.00,941.00,474,467,0.00,0.00,0,0
1508087492,s1,0.00,0.00,0.00,0,0,0.00,0.00,0.00,0,0,0.00,0.00,0,0
1508087492,eth0,0.00,0.00,0.00,0,0,0.00,0.00,0.00,0,0,0.00,0.00,0,0
1508087492,eth1,0.00,0.00,0.00,0,0,0.00,0.00,0.00,0,0,0.00,0.00,0,0
1508087492,s2,0.00,0.00,0.00,0,0,0.00,0.00,0.00,0,0,0.00,0.00,0,0
1508087492,s1-eth2,12435.00,261922.00,274357.00,261922,12435,163.00,173.00,336.00,173,163,0.00,0.00,0,0
1508087492,s1-eth1,249917.00,12328.00,262245.00,12328,249917,166.00,162.00,328.00,162,166,0.00,0.00,0,0
1508087492,s2-eth2,4914.00,128690.00,133604.00,128690,4914,65.00,85.00,150.00,85,65,0.00,0.00,0,0
1508087492,s2-eth1,128797.00,4844.00,133641.00,4844,128797,86.00,64.00,150.00,64,86,0.00,0.00,0,0
1508087492,lo,0.00,0.00,0.00,0,0,0.00,0.00,0.00,0,0,0.00,0.00,0,0
1508087492,total,396063.00,407784.00,803847.00,407784,396063,480.00,484.00,964.00,484,480,0.00,0.00,0,0
1508087493,s1,0.00,0.00,0.00,0,0,0.00,0.00,0.00,0,0,0.00,0.00,0,0
1508087493,eth0,0.00,0.00,0.00,0,0,0.00,0.00,0.00,0,0,0.00,0.00,0,0
1508087493,eth1,0.00,0.00,0.00,0,0,0.00,0.00,0.00,0,0,0.00,0.00,0,0
1508087493,s2,0.00,0.00,0.00,0,0,0.00,0.00,0.00,0,0,0.00,0.00,0,0
1508087493,s1-eth2,12078.00,255866.00,267944.00,255866,12078,161.00,169.00,330.00,169,161,0.00,0.00,0,0
1508087493,s1-eth1,250222.00,12008.00,262230.00,12008,250222,167.00,160.00,327.00,160,167,0.00,0.00,0,0
1508087493,s2-eth2,5048.00,112036.00,117084.00,112036,5048,64.00,74.00,138.00,74,64,0.00,0.00,0,0
1508087493,s2-eth1,106050.00,5048.00,111098.00,5048,106050,71.00,64.00,135.00,64,71,0.00,0.00,0,0
1508087493,lo,0.00,0.00,0.00,0,0,0.00,0.00,0.00,0,0,0.00,0.00,0,0
1508087493,total,373398.00,384958.00,758356.00,384958,373398,463.00,467.00,930.00,467,463,0.00,0.00,0,0
1508087494,s1,0.00,0.00,0.00,0,0,0.00,0.00,0.00,0,0,0.00,0.00,0,0
1508087494,eth0,0.00,0.00,0.00,0,0,0.00,0.00,0.00,0,0,0.00,0.00,0,0
1508087494,eth1,0.00,0.00,0.00,0,0,0.00,0.00,0.00,0,0,0.00,0.00,0,0
1508087494,s2,0.00,0.00,0.00,0,0,0.00,0.00,0.00,0,0,0.00,0.00,0,0
1508087494,s1-eth2,12286.00,249810.00,262096.00,249810,12286,159.00,165.00,324.00,165,159,0.00,0.00,0,0
1508087494,s1-eth1,249810.00,12360.00,262170.00,12360,249810,165.00,160.00,325.00,160,165,0.00,0.00,0,0
1508087494,s2-eth2,3436.00,75700.00,79136.00,75700,3436,44.00,50.00,94.00,50,44,0.00,0.00,0,0
1508087494,s2-eth1,79070.00,3436.00,82506.00,3436,79070,53.00,44.00,97.00,44,53,0.00,0.00,0,0
1508087494,lo,0.00,0.00,0.00,0,0,0.00,0.00,0.00,0,0,0.00,0.00,0,0
1508087494,total,344602.00,341306.00,685908.00,341306,344602,421.00,419.00,840.00,419,421,0.00,0.00,0,0
1508087495,s1,0.00,0.00,0.00,0,0,0.00,0.00,0.00,0,0,0.00,0.00,0,0
1508087495,eth0,0.00,0.00,0.00,0,0,0.00,0.00,0.00,0,0,0.00,0.00,0,0
1508087495,eth1,0.00,0.00,0.00,0,0,0.00,0.00,0.00,0,0,0.00,0.00,0,0
1508087495,s2,0.00,0.00,0.00,0,0,0.00,0.00,0.00,0,0,0.00,0.00,0,0
1508087495,s1-eth2,12613.39,258635.38,271248.75,258894,12626,162.84,170.83,333.67,171,163,0.00,0.00,0,0
1508087495,s1-eth1,251072.94,12197.80,263270.75,12210,251324,165.83,160.84,326.67,161,166,0.00,0.00,0,0
1508087495,s2-eth2,2739.26,60499.50,63238.76,60560,2742,34.97,39.96,74.93,40,35,0.00,0.00,0,0
1508087495,s2-eth1,55962.04,2739.26,58701.30,2742,56018,36.96,34.97,71.93,35,37,0.00,0.00,0,0
1508087495,lo,343.66,343.66,687.31,344,344,5.99,5.99,11.99,6,6,0.00,0.00,0,0
1508087495,total,322731.28,334415.59,657146.88,334750,323054,406.59,412.59,819.18,413,407,0.00,0.00,0,0
1508087496,s1,0.00,0.00,0.00,0,0,0.00,0.00,0.00,0,0,0.00,0.00,0,0
1508087496,eth0,0.00,0.00,0.00,0,0,0.00,0.00,0.00,0,0,0.00,0.00,0,0
1508087496,eth1,0.00,0.00,0.00,0,0,0.00,0.00,0.00,0,0,0.00,0.00,0,0
1508087496,s2,0.00,0.00,0.00,0,0,0.00,0.00,0.00,0,0,0.00,0.00,0,0
1508087496,s1-eth2,12258.00,260408.00,272666.00,260408,12258,159.00,172.00,331.00,172,159,0.00,0.00,0,0
1508087496,s1-eth1,249810.00,12258.00,262068.00,12258,249810,165.00,159.00,324.00,159,165,0.00,0.00,0,0
1508087496,s2-eth2,2638.00,57532.00,60170.00,57532,2638,35.00,38.00,73.00,38,35,0.00,0.00,0,0
1508087496,s2-eth1,60560.00,2638.00,63198.00,2638,60560,40.00,35.00,75.00,35,40,0.00,0.00,0,0
1508087496,lo,0.00,0.00,0.00,0,0,0.00,0.00,0.00,0,0,0.00,0.00,0,0
1508087496,total,325266.00,332836.00,658102.00,332836,325266,399.00,404.00,803.00,404,399,0.00,0.00,0,0
1508087497,s1,0.00,0.00,0.00,0,0,0.00,0.00,0.00,0,0,0.00,0.00,0,0
1508087497,eth0,0.00,0.00,0.00,0,0,0.00,0.00,0.00,0,0,0.00,0.00,0,0
1508087497,eth1,0.00,0.00,0.00,0,0,0.00,0.00,0.00,0,0,0.00,0.00,0,0
1508087497,s2,0.00,0.00,0.00,0,0,0.00,0.00,0.00,0,0,0.00,0.00,0,0
1508087497,s1-eth2,12474.00,251324.00,263798.00,251324,12474,159.00,166.00,325.00,166,159,0.00,0.00,0,0
1508087497,s1-eth1,246782.00,12474.00,259256.00,12474,246782,163.00,159.00,322.00,159,163,0.00,0.00,0,0
1508087497,s2-eth2,3348.00,72672.00,76020.00,72672,3348,40.00,48.00,88.00,48,40,0.00,0.00,0,0
1508087497,s2-eth1,69644.00,3006.00,72650.00,3006,69644,46.00,39.00,85.00,39,46,0.00,0.00,0,0
1508087497,lo,0.00,0.00,0.00,0,0,0.00,0.00,0.00,0,0,0.00,0.00,0,0
1508087497,total,332248.00,339476.00,671724.00,339476,332248,408.00,412.00,820.00,412,408,0.00,0.00,0,0
1508087498,s1,0.00,0.00,0.00,0,0,0.00,0.00,0.00,0,0,0.00,0.00,0,0
1508087498,eth0,0.00,0.00,0.00,0,0,0.00,0.00,0.00,0,0,0.00,0.00,0,0
1508087498,eth1,0.00,0.00,0.00,0,0,0.00,0.00,0.00,0,0,0.00,0.00,0,0
1508087498,s2,0.00,0.00,0.00,0,0,0.00,0.00,0.00,0,0,0.00,0.00,0,0
1508087498,s1-eth2,10142.00,214988.00,225130.00,214988,10142,131.00,142.00,273.00,142,131,0.00,0.00,0,0
1508087498,s1-eth1,201362.00,10228.00,211590.00,10228,201362,133.00,132.00,265.00,132,133,0.00,0.00,0,0
1508087498,s2-eth2,3278.00,80242.00,83520.00,80242,3278,43.00,53.00,96.00,53,43,0.00,0.00,0,0
1508087498,s2-eth1,80584.00,3278.00,83862.00,3278,80584,54.00,43.00,97.00,43,54,0.00,0.00,0,0
1508087498,lo,0.00,0.00,0.00,0,0,0.00,0.00,0.00,0,0,0.00,0.00,0,0
1508087498,total,295366.00,308736.00,604102.00,308736,295366,361.00,370.00,731.00,370,361,0.00,0.00,0,0
1508087499,s1,0.00,0.00,0.00,0,0,0.00,0.00,0.00,0,0,0.00,0.00,0,0
1508087499,eth0,0.00,0.00,0.00,0,0,0.00,0.00,0.00,0,0,0.00,0.00,0,0
1508087499,eth1,0.00,0.00,0.00,0,0,0.00,0.00,0.00,0,0,0.00,0.00,0,0
1508087499,s2,0.00,0.00,0.00,0,0,0.00,0.00,0.00,0,0,0.00,0.00,0,0
1508087499,s1-eth2,12340.00,261922.00,274262.00,261922,12340,160.00,173.00,333.00,173,160,0.00,0.00,0,0
1508087499,s1-eth1,246782.00,12254.00,259036.00,12254,246782,163.00,159.00,322.00,159,163,0.00,0.00,0,0
1508087499,s2-eth2,3165.00,84784.00,87949.00,84784,3165,42.00,56.00,98.00,56,42,0.00,0.00,0,0
1508087499,s2-eth1,80242.00,3058.00,83300.00,3058,80242,53.00,41.00,94.00,41,53,0.00,0.00,0,0
1508087499,lo,0.00,0.00,0.00,0,0,0.00,0.00,0.00,0,0,0.00,0.00,0,0
1508087499,total,342529.00,362018.00,704547.00,362018,342529,418.00,429.00,847.00,429,418,0.00,0.00,0,0
1508087500,s1,0.00,0.00,0.00,0,0,0.00,0.00,0.00,0,0,0.00,0.00,0,0
1508087500,eth0,0.00,0.00,0.00,0,0,0.00,0.00,0.00,0,0,0.00,0.00,0,0
1508087500,eth1,0.00,0.00,0.00,0,0,0.00,0.00,0.00,0,0,0.00,0.00,0,0
1508087500,s2,0.00,0.00,0.00,0,0,0.00,0.00,0.00,0,0,0.00,0.00,0,0
1508087500,s1-eth2,12488.51,261660.34,274148.84,261922,12501,161.84,172.83,334.67,173,162,0.00,0.00,0,0
1508087500,s1-eth1,249667.34,12381.62,262048.95,12394,249917,165.83,160.84,326.67,161,166,0.00,0.00,0,0
1508087500,s2-eth2,3606.39,86211.79,89818.19,86298,3610,46.95,56.94,103.90,57,47,0.00,0.00,0,0
1508087500,s2-eth1,84806.20,3606.39,88412.59,3610,84891,56.94,46.95,103.90,47,57,0.00,0.00,0,0
1508087500,lo,343.66,343.66,687.31,344,344,5.99,5.99,11.99,6,6,0.00,0.00,0,0
1508087500,total,350912.09,364203.81,715115.88,364568,351263,437.56,443.56,881.12,444,438,0.00,0.00,0,0
1508087501,s1,0.00,0.00,0.00,0,0,0.00,0.00,0.00,0,0,0.00,0.00,0,0
1508087501,eth0,0.00,0.00,0.00,0,0,0.00,0.00,0.00,0,0,0.00,0.00,0,0
1508087501,eth1,0.00,0.00,0.00,0,0,0.00,0.00,0.00,0,0,0.00,0.00,0,0
1508087501,s2,0.00,0.00,0.00,0,0,0.00,0.00,0.00,0,0,0.00,0.00,0,0
1508087501,s1-eth2,12342.00,263436.00,275778.00,263436,12342,161.00,174.00,335.00,174,161,0.00,0.00,0,0
1508087501,s1-eth1,251324.00,12416.00,263740.00,12416,251324,166.00,162.00,328.00,162,166,0.00,0.00,0,0
1508087501,s2-eth2,3314.00,87812.00,91126.00,87812,3314,43.00,58.00,101.00,58,43,0.00,0.00,0,0
1508087501,s2-eth1,90840.00,3314.00,94154.00,3314,90840,60.00,43.00,103.00,43,60,0.00,0.00,0,0
1508087501,lo,0.00,0.00,0.00,0,0,0.00,0.00,0.00,0,0,0.00,0.00,0,0
1508087501,total,357820.00,366978.00,724798.00,366978,357820,430.00,437.00,867.00,437,430,0.00,0.00,0,0
1508087502,s1,0.00,0.00,0.00,0,0,0.00,0.00,0.00,0,0,0.00,0.00,0,0
1508087502,eth0,0.00,0.00,0.00,0,0,0.00,0.00,0.00,0,0,0.00,0.00,0,0
1508087502,eth1,0.00,0.00,0.00,0,0,0.00,0.00,0.00,0,0,0.00,0.00,0,0
1508087502,s2,0.00,0.00,0.00,0,0,0.00,0.00,0.00,0,0,0.00,0.00,0,0
1508087502,s1-eth2,12720.00,257422.00,270142.00,257422,12720,164.00,171.00,335.00,171,164,0.00,0.00,0,0
1508087502,s1-eth1,249852.00,12646.00,262498.00,12646,249852,166.00,163.00,329.00,163,166,0.00,0.00,0,0
1508087502,s2-eth2,3978.00,89326.00,93304.00,89326,3978,51.00,59.00,110.00,59,51,0.00,0.00,0,0
1508087502,s2-eth1,81756.00,3978.00,85734.00,3978,81756,54.00,51.00,105.00,51,54,0.00,0.00,0,0
1508087502,lo,592.00,592.00,1184.00,592,592,6.00,6.00,12.00,6,6,0.00,0.00,0,0
1508087502,total,348898.00,363964.00,712862.00,363964,348898,441.00,450.00,891.00,450,441,0.00,0.00,0,0
1508087503,s1,0.00,0.00,0.00,0,0,0.00,0.00,0.00,0,0,0.00,0.00,0,0
1508087503,eth0,0.00,0.00,0.00,0,0,0.00,0.00,0.00,0,0,0.00,0.00,0,0
1508087503,eth1,0.00,0.00,0.00,0,0,0.00,0.00,0.00,0,0,0.00,0.00,0,0
1508087503,s2,0.00,0.00,0.00,0,0,0.00,0.00,0.00,0,0,0.00,0.00,0,0
1508087503,s1-eth2,12326.00,261922.00,274248.00,261922,12326,159.00,173.00,332.00,173,159,0.00,0.00,0,0
1508087503,s1-eth1,249810.00,12326.00,262136.00,12326,249810,165.00,159.00,324.00,159,165,0.00,0.00,0,0
1508087503,s2-eth2,2946.00,84784.00,87730.00,84784,2946,39.00,56.00,95.00,56,39,0.00,0.00,0,0
1508087503,s2-eth1,89326.00,2946.00,92272.00,2946,89326,59.00,39.00,98.00,39,59,0.00,0.00,0,0
1508087503,lo,0.00,0.00,0.00,0,0,0.00,0.00,0.00,0,0,0.00,0.00,0,0
1508087503,total,354408.00,361978.00,716386.00,361978,354408,422.00,427.00,849.00,427,422,0.00,0.00,0,0
1508087504,s1,0.00,0.00,0.00,0,0,0.00,0.00,0.00,0,0,0.00,0.00,0,0
1508087504,eth0,0.00,0.00,0.00,0,0,0.00,0.00,0.00,0,0,0.00,0.00,0,0
1508087504,eth1,0.00,0.00,0.00,0,0,0.00,0.00,0.00,0,0,0.00,0.00,0,0
1508087504,s2,0.00,0.00,0.00,0,0,0.00,0.00,0.00,0,0,0.00,0.00,0,0
1508087504,s1-eth2,12559.44,257122.89,269682.31,257380,12572,159.84,169.83,329.67,170,160,0.00,0.00,0,0
1508087504,s1-eth1,249560.45,12217.78,261778.23,12230,249810,164.84,158.84,323.68,159,165,0.00,0.00,0,0
1508087504,s2-eth2,3030.97,105874.12,108905.10,105980,3034,40.96,69.93,110.89,70,41,0.00,0.00,0,0
1508087504,s2-eth1,93774.23,3030.97,96805.20,3034,93868,61.94,40.96,102.90,41,62,0.00,0.00,0,0
1508087504,lo,0.00,0.00,0.00,0,0,0.00,0.00,0.00,0,0,0.00,0.00,0,0
1508087504,total,358925.09,378245.75,737170.88,378624,359284,427.57,439.56,867.13,440,428,0.00,0.00,0,0
1508087505,s1,0.00,0.00,0.00,0,0,0.00,0.00,0.00,0,0,0.00,0.00,0,0
1508087505,eth0,0.00,0.00,0.00,0,0,0.00,0.00,0.00,0,0,0.00,0.00,0,0
1508087505,eth1,0.00,0.00,0.00,0,0,0.00,0.00,0.00,0,0,0.00,0.00,0,0
1508087505,s2,0.00,0.00,0.00,0,0,0.00,0.00,0.00,0,0,0.00,0.00,0,0
1508087505,s1-eth2,12602.00,266464.00,279066.00,266464,12602,161.00,176.00,337.00,176,161,0.00,0.00,0,0
1508087505,s1-eth1,250152.00,12602.00,262754.00,12602,250152,166.00,161.00,327.00,161,166,0.00,0.00,0,0
1508087505,s2-eth2,2886.00,110522.00,113408.00,110522,2886,39.00,73.00,112.00,73,39,0.00,0.00,0,0
1508087505,s2-eth1,119606.00,2886.00,122492.00,2886,119606,79.00,39.00,118.00,39,79,0.00,0.00,0,0
1508087505,lo,172.00,172.00,344.00,172,172,3.00,3.00,6.00,3,3,0.00,0.00,0,0
1508087505,total,385418.00,392646.00,778064.00,392646,385418,448.00,452.00,900.00,452,448,0.00,0.00,0,0
1508087506,s1,0.00,0.00,0.00,0,0,0.00,0.00,0.00,0,0,0.00,0.00,0,0
1508087506,eth0,0.00,0.00,0.00,0,0,0.00,0.00,0.00,0,0,0.00,0.00,0,0
1508087506,eth1,0.00,0.00,0.00,0,0,0.00,0.00,0.00,0,0,0.00,0.00,0,0
1508087506,s2,0.00,0.00,0.00,0,0,0.00,0.00,0.00,0,0,0.00,0.00,0,0
1508087506,s1-eth2,12112.00,260408.00,272520.00,260408,12112,158.00,172.00,330.00,172,158,0.00,0.00,0,0
1508087506,s1-eth1,249810.00,12112.00,261922.00,12112,249810,165.00,158.00,323.00,158,165,0.00,0.00,0,0
1508087506,s2-eth2,4234.00,92354.00,96588.00,92354,4234,53.00,61.00,114.00,61,53,0.00,0.00,0,0
1508087506,s2-eth1,81756.00,4234.00,85990.00,4234,81756,54.00,53.00,107.00,53,54,0.00,0.00,0,0
1508087506,lo,0.00,0.00,0.00,0,0,0.00,0.00,0.00,0,0,0.00,0.00,0,0
1508087506,total,347912.00,369108.00,717020.00,369108,347912,430.00,444.00,874.00,444,430,0.00,0.00,0,0
1508087507,s1,0.00,0.00,0.00,0,0,0.00,0.00,0.00,0,0,0.00,0.00,0,0
1508087507,eth0,0.00,0.00,0.00,0,0,0.00,0.00,0.00,0,0,0.00,0.00,0,0
1508087507,eth1,0.00,0.00,0.00,0,0,0.00,0.00,0.00,0,0,0.00,0.00,0,0
1508087507,s2,0.00,0.00,0.00,0,0,0.00,0.00,0.00,0,0,0.00,0.00,0,0
1508087507,s1-eth2,12450.00,257380.00,269830.00,257380,12450,161.00,170.00,331.00,170,161,0.00,0.00,0,0
1508087507,s1-eth1,251324.00,12524.00,263848.00,12524,251324,166.00,162.00,328.00,162,166,0.00,0.00,0,0
1508087507,s2-eth2,3126.00,71158.00,74284.00,71158,3126,37.00,47.00,84.00,47,37,0.00,0.00,0,0
1508087507,s2-eth1,80242.00,2784.00,83026.00,2784,80242,53.00,36.00,89.00,36,53,0.00,0.00,0,0
1508087507,lo,172.00,172.00,344.00,172,172,3.00,3.00,6.00,3,3,0.00,0.00,0,0
1508087507,total,347314.00,344018.00,691332.00,344018,347314,420.00,418.00,838.00,418,420,0.00,0.00,0,0
1508087508,s1,0.00,0.00,0.00,0,0,0.00,0.00,0.00,0,0,0.00,0.00,0,0
1508087508,eth0,0.00,0.00,0.00,0,0,0.00,0.00,0.00,0,0,0.00,0.00,0,0
1508087508,eth1,0.00,0.00,0.00,0,0,0.00,0.00,0.00,0,0,0.00,0.00,0,0
1508087508,s2,0.00,0.00,0.00,0,0,0.00,0.00,0.00,0,0,0.00,0.00,0,0
1508087508,s1-eth2,12470.00,261922.00,274392.00,261922,12470,163.00,173.00,336.00,173,163,0.00,0.00,0,0
1508087508,s1-eth1,249810.00,12396.00,262206.00,12396,249810,165.00,162.00,327.00,162,165,0.00,0.00,0,0
1508087508,s2-eth2,2678.00,66616.00,69294.00,66616,2678,33.00,44.00,77.00,44,33,0.00,0.00,0,0
1508087508,s2-eth1,60902.00,2678.00,63580.00,2678,60902,41.00,33.00,74.00,33,41,0.00,0.00,0,0
1508087508,lo,0.00,0.00,0.00,0,0,0.00,0.00,0.00,0,0,0.00,0.00,0,0
1508087508,total,325860.00,343612.00,669472.00,343612,325860,402.00,412.00,814.00,412,402,0.00,0.00,0,0
1508087509,s1,0.00,0.00,0.00,0,0,0.00,0.00,0.00,0,0,0.00,0.00,0,0
1508087509,eth0,0.00,0.00,0.00,0,0,0.00,0.00,0.00,0,0,0.00,0.00,0,0
1508087509,eth1,0.00,0.00,0.00,0,0,0.00,0.00,0.00,0,0,0.00,0.00,0,0
1508087509,s2,0.00,0.00,0.00,0,0,0.00,0.00,0.00,0,0,0.00,0.00,0,0
1508087509,s1-eth2,12035.96,255610.39,267646.38,255866,12048,155.84,168.83,324.68,169,156,0.00,0.00,0,0
1508087509,s1-eth1,249560.45,12035.96,261596.41,12048,249810,164.84,155.84,320.68,156,165,0.00,0.00,0,0
1508087509,s2-eth2,1626.37,48399.60,50025.98,48448,1628,21.98,31.97,53.95,32,22,0.00,0.00,0,0
1508087509,s2-eth1,51424.58,1700.30,53124.88,1702,51476,33.97,22.98,56.94,23,34,0.00,0.00,0,0
1508087509,lo,0.00,0.00,0.00,0,0,0.00,0.00,0.00,0,0,0.00,0.00,0,0
1508087509,total,314647.38,317746.25,632393.62,318064,314962,376.62,379.62,756.24,380,377,0.00,0.00,0,0
1508087510,s1,0.00,0.00,0.00,0,0,0.00,0.00,0.00,0,0,0.00,0.00,0,0
1508087510,eth0,0.00,0.00,0.00,0,0,0.00,0.00,0.00,0,0,0.00,0.00,0,0
1508087510,eth1,0.00,0.00,0.00,0,0,0.00,0.00,0.00,0,0,0.00,0.00,0,0
1508087510,s2,0.00,0.00,0.00,0,0,0.00,0.00,0.00,0,0,0.00,0.00,0,0
1508087510,s1-eth2,12419.58,258635.38,271054.94,258894,12432,161.84,170.83,332.67,171,162,0.00,0.00,0,0
1508087510,s1-eth1,251072.94,12419.58,263492.50,12432,251324,165.83,161.84,327.67,162,166,0.00,0.00,0,0
1508087510,s2-eth2,2805.19,65036.96,67842.16,65102,2808,35.96,42.96,78.92,43,36,0.00,0.00,0,0
1508087510,s2-eth1,54449.55,2731.27,57180.82,2734,54504,35.96,34.97,70.93,35,36,0.00,0.00,0,0
1508087510,lo,171.83,171.83,343.66,172,172,3.00,3.00,5.99,3,3,0.00,0.00,0,0
1508087510,total,320919.09,338995.00,659914.12,339334,321240,402.60,413.59,816.18,414,403,0.00,0.00,0,0
1508087511,s1,0.00,0.00,0.00,0,0,0.00,0.00,0.00,0,0,0.00,0.00,0,0
1508087511,eth0,0.00,0.00,0.00,0,0,0.00,0.00,0.00,0,0,0.00,0.00,0,0
1508087511,eth1,0.00,0.00,0.00,0,0,0.00,0.00,0.00,0,0,0.00,0.00,0,0
1508087511,s2,0.00,0.00,0.00,0,0,0.00,0.00,0.00,0,0,0.00,0.00,0,0
1508087511,s1-eth2,12148.00,257380.00,269528.00,257380,12148,158.00,170.00,328.00,170,158,0.00,0.00,0,0
1508087511,s1-eth1,249810.00,12148.00,261958.00,12148,249810,165.00,158.00,323.00,158,165,0.00,0.00,0,0
1508087511,s2-eth2,2586.00,49962.00,52548.00,49962,2586,33.00,33.00,66.00,33,33,0.00,0.00,0,0
1508087511,s2-eth1,57532.00,2586.00,60118.00,2586,57532,38.00,33.00,71.00,33,38,0.00,0.00,0,0
1508087511,lo,0.00,0.00,0.00,0,0,0.00,0.00,0.00,0,0,0.00,0.00,0,0
1508087511,total,322076.00,322076.00,644152.00,322076,322076,394.00,394.00,788.00,394,394,0.00,0.00,0,0
1508087512,s1,0.00,0.00,0.00,0,0,0.00,0.00,0.00,0,0,0.00,0.00,0,0
1508087512,eth0,0.00,0.00,0.00,0,0,0.00,0.00,0.00,0,0,0.00,0.00,0,0
1508087512,eth1,0.00,0.00,0.00,0,0,0.00,0.00,0.00,0,0,0.00,0.00,0,0
1508087512,s2,0.00,0.00,0.00,0,0,0.00,0.00,0.00,0,0,0.00,0.00,0,0
1508087512,s1-eth2,11858.00,261922.00,273780.00,261922,11858,157.00,173.00,330.00,173,157,0.00,0.00,0,0
1508087512,s1-eth1,249810.00,11858.00,261668.00,11858,249810,165.00,157.00,322.00,157,165,0.00,0.00,0,0
1508087512,s2-eth2,2562.00,52990.00,55552.00,52990,2562,33.00,35.00,68.00,35,33,0.00,0.00,0,0
1508087512,s2-eth1,42392.00,2562.00,44954.00,2562,42392,28.00,33.00,61.00,33,28,0.00,0.00,0,0
1508087512,lo,172.00,172.00,344.00,172,172,3.00,3.00,6.00,3,3,0.00,0.00,0,0
1508087512,total,306794.00,329504.00,636298.00,329504,306794,386.00,401.00,787.00,401,386,0.00,0.00,0,0
1508087513,s1,0.00,0.00,0.00,0,0,0.00,0.00,0.00,0,0,0.00,0.00,0,0
1508087513,eth0,0.00,0.00,0.00,0,0,0.00,0.00,0.00,0,0,0.00,0.00,0,0
1508087513,eth1,0.00,0.00,0.00,0,0,0.00,0.00,0.00,0,0,0.00,0.00,0,0
1508087513,s2,0.00,0.00,0.00,0,0,0.00,0.00,0.00,0,0,0.00,0.00,0,0
1508087513,s1-eth2,11810.00,258894.00,270704.00,258894,11810,155.00,171.00,326.00,171,155,0.00,0.00,0,0
1508087513,s1-eth1,249810.00,11810.00,261620.00,11810,249810,165.00,155.00,320.00,155,165,0.00,0.00,0,0
1508087513,s2-eth2,1982.00,42392.00,44374.00,42392,1982,25.00,28.00,53.00,28,25,0.00,0.00,0,0
1508087513,s2-eth1,43906.00,1982.00,45888.00,1982,43906,29.00,25.00,54.00,25,29,0.00,0.00,0,0
1508087513,lo,0.00,0.00,0.00,0,0,0.00,0.00,0.00,0,0,0.00,0.00,0,0
1508087513,total,307508.00,315078.00,622586.00,315078,307508,374.00,379.00,753.00,379,374,0.00,0.00,0,0
1508087514,s1,0.00,0.00,0.00,0,0,0.00,0.00,0.00,0,0,0.00,0.00,0,0
1508087514,eth0,0.00,0.00,0.00,0,0,0.00,0.00,0.00,0,0,0.00,0.00,0,0
1508087514,eth1,0.00,0.00,0.00,0,0,0.00,0.00,0.00,0,0,0.00,0.00,0,0
1508087514,s2,0.00,0.00,0.00,0,0,0.00,0.00,0.00,0,0,0.00,0.00,0,0
1508087514,s1-eth2,12236.00,249810.00,262046.00,249810,12236,158.00,165.00,323.00,165,158,0.00,0.00,0,0
1508087514,s1-eth1,249810.00,12236.00,262046.00,12236,249810,165.00,158.00,323.00,158,165,0.00,0.00,0,0
1508087514,s2-eth2,2080.00,42392.00,44472.00,42392,2080,26.00,28.00,54.00,28,26,0.00,0.00,0,0
1508087514,s2-eth1,40878.00,2080.00,42958.00,2080,40878,27.00,26.00,53.00,26,27,0.00,0.00,0,0
1508087514,lo,0.00,0.00,0.00,0,0,0.00,0.00,0.00,0,0,0.00,0.00,0,0
1508087514,total,305004.00,306518.00,611522.00,306518,305004,376.00,377.00,753.00,377,376,0.00,0.00,0,0
1508087515,s1,0.00,0.00,0.00,0,0,0.00,0.00,0.00,0,0,0.00,0.00,0,0
1508087515,eth0,0.00,0.00,0.00,0,0,0.00,0.00,0.00,0,0,0.00,0.00,0,0
1508087515,eth1,0.00,0.00,0.00,0,0,0.00,0.00,0.00,0,0,0.00,0.00,0,0
1508087515,s2,0.00,0.00,0.00,0,0,0.00,0.00,0.00,0,0,0.00,0.00,0,0
1508087515,s1-eth2,11910.00,257380.00,269290.00,257380,11910,159.00,170.00,329.00,170,159,0.00,0.00,0,0
1508087515,s1-eth1,249810.00,11984.00,261794.00,11984,249810,165.00,160.00,325.00,160,165,0.00,0.00,0,0
1508087515,s2-eth2,1659.00,36336.00,37995.00,36336,1659,21.00,24.00,45.00,24,21,0.00,0.00,0,0
1508087515,s2-eth1,34822.00,1552.00,36374.00,1552,34822,23.00,20.00,43.00,20,23,0.00,0.00,0,0
1508087515,lo,172.00,172.00,344.00,172,172,3.00,3.00,6.00,3,3,0.00,0.00,0,0
1508087515,total,298373.00,307424.00,605797.00,307424,298373,371.00,377.00,748.00,377,371,0.00,0.00,0,0
1508087516,s1,0.00,0.00,0.00,0,0,0.00,0.00,0.00,0,0,0.00,0.00,0,0
1508087516,eth0,0.00,0.00,0.00,0,0,0.00,0.00,0.00,0,0,0.00,0.00,0,0
1508087516,eth1,0.00,0.00,0.00,0,0,0.00,0.00,0.00,0,0,0.00,0.00,0,0
1508087516,s2,0.00,0.00,0.00,0,0,0.00,0.00,0.00,0,0,0.00,0.00,0,0
1508087516,s1-eth2,11753.00,254352.00,266105.00,254352,11753,150.00,168.00,318.00,168,150,0.00,0.00,0,0
1508087516,s1-eth1,251431.00,11572.00,263003.00,11572,251431,167.00,148.00,315.00,148,167,0.00,0.00,0,0
1508087516,s2-eth2,2706.00,60602.00,63308.00,60602,2706,37.00,41.00,78.00,41,37,0.00,0.00,0,0
1508087516,s2-eth1,56167.00,2706.00,58873.00,2706,56167,39.00,37.00,76.00,37,39,0.00,0.00,0,0
1508087516,lo,0.00,0.00,0.00,0,0,0.00,0.00,0.00,0,0,0.00,0.00,0,0
1508087516,total,322057.00,329232.00,651289.00,329232,322057,393.00,394.00,787.00,394,393,0.00,0.00,0,0
1508087517,s1,0.00,0.00,0.00,0,0,0.00,0.00,0.00,0,0,0.00,0.00,0,0
1508087517,eth0,0.00,0.00,0.00,0,0,0.00,0.00,0.00,0,0,0.00,0.00,0,0
1508087517,eth1,0.00,0.00,0.00,0,0,0.00,0.00,0.00,0,0,0.00,0.00,0,0
1508087517,s2,0.00,0.00,0.00,0,0,0.00,0.00,0.00,0,0,0.00,0.00,0,0
1508087517,s1-eth2,8760.00,167156.00,175916.00,167156,8760,114.00,114.00,228.00,114,114,0.00,0.00,0,0
1508087517,s1-eth1,176240.00,8760.00,185000.00,8760,176240,120.00,114.00,234.00,114,120,0.00,0.00,0,0
1508087517,s2-eth2,2442.00,54652.00,57094.00,54652,2442,33.00,38.00,71.00,38,33,0.00,0.00,0,0
1508087517,s2-eth1,60708.00,2442.00,63150.00,2442,60708,42.00,33.00,75.00,33,42,0.00,0.00,0,0
1508087517,lo,172.00,172.00,344.00,172,172,3.00,3.00,6.00,3,3,0.00,0.00,0,0
1508087517,total,248322.00,233182.00,481504.00,233182,248322,312.00,302.00,614.00,302,312,0.00,0.00,0,0
1508087518,s1,0.00,0.00,0.00,0,0,0.00,0.00,0.00,0,0,0.00,0.00,0,0
1508087518,eth0,0.00,0.00,0.00,0,0,0.00,0.00,0.00,0,0,0.00,0.00,0,0
1508087518,eth1,0.00,0.00,0.00,0,0,0.00,0.00,0.00,0,0,0.00,0.00,0,0
1508087518,s2,0.00,0.00,0.00,0,0,0.00,0.00,0.00,0,0,0.00,0.00,0,0
1508087518,s1-eth2,0.00,0.00,0.00,0,0,0.00,0.00,0.00,0,0,0.00,0.00,0,0
1508087518,s1-eth1,0.00,0.00,0.00,0,0,0.00,0.00,0.00,0,0,0.00,0.00,0,0
1508087518,s2-eth2,0.00,0.00,0.00,0,0,0.00,0.00,0.00,0,0,0.00,0.00,0,0
1508087518,s2-eth1,0.00,0.00,0.00,0,0,0.00,0.00,0.00,0,0,0.00,0.00,0,0
1508087518,lo,0.00,0.00,0.00,0,0,0.00,0.00,0.00,0,0,0.00,0.00,0,0
1508087518,total,0.00,0.00,0.00,0,0,0.00,0.00,0.00,0,0,0.00,0.00,0,0
1508087519,s1,0.00,0.00,0.00,0,0,0.00,0.00,0.00,0,0,0.00,0.00,0,0
1508087519,eth0,0.00,0.00,0.00,0,0,0.00,0.00,0.00,0,0,0.00,0.00,0,0
1508087519,eth1,0.00,0.00,0.00,0,0,0.00,0.00,0.00,0,0,0.00,0.00,0,0
1508087519,s2,0.00,0.00,0.00,0,0,0.00,0.00,0.00,0,0,0.00,0.00,0,0
1508087519,s1-eth2,342.00,0.00,342.00,0,342,1.00,0.00,1.00,0,1,0.00,0.00,0,0
1508087519,s1-eth1,0.00,0.00,0.00,0,0,0.00,0.00,0.00,0,0,0.00,0.00,0,0
1508087519,s2-eth2,0.00,0.00,0.00,0,0,0.00,0.00,0.00,0,0,0.00,0.00,0,0
1508087519,s2-eth1,0.00,0.00,0.00,0,0,0.00,0.00,0.00,0,0,0.00,0.00,0,0
1508087519,lo,0.00,0.00,0.00,0,0,0.00,0.00,0.00,0,0,0.00,0.00,0,0
1508087519,total,342.00,0.00,342.00,0,342,1.00,0.00,1.00,0,1,0.00,0.00,0,0
1508087520,s1,0.00,0.00,0.00,0,0,0.00,0.00,0.00,0,0,0.00,0.00,0,0
1508087520,eth0,0.00,0.00,0.00,0,0,0.00,0.00,0.00,0,0,0.00,0.00,0,0
1508087520,eth1,0.00,0.00,0.00,0,0,0.00,0.00,0.00,0,0,0.00,0.00,0,0
1508087520,s2,0.00,0.00,0.00,0,0,0.00,0.00,0.00,0,0,0.00,0.00,0,0
1508087520,s1-eth2,0.00,0.00,0.00,0,0,0.00,0.00,0.00,0,0,0.00,0.00,0,0
1508087520,s1-eth1,0.00,0.00,0.00,0,0,0.00,0.00,0.00,0,0,0.00,0.00,0,0
1508087520,s2-eth2,0.00,0.00,0.00,0,0,0.00,0.00,0.00,0,0,0.00,0.00,0,0
1508087520,s2-eth1,0.00,0.00,0.00,0,0,0.00,0.00,0.00,0,0,0.00,0.00,0,0
1508087520,lo,172.00,172.00,344.00,172,172,3.00,3.00,6.00,3,3,0.00,0.00,0,0
1508087520,total,172.00,172.00,344.00,172,172,3.00,3.00,6.00,3,3,0.00,0.00,0,0
1508087521,s1,0.00,0.00,0.00,0,0,0.00,0.00,0.00,0,0,0.00,0.00,0,0
1508087521,eth0,0.00,0.00,0.00,0,0,0.00,0.00,0.00,0,0,0.00,0.00,0,0
1508087521,eth1,0.00,0.00,0.00,0,0,0.00,0.00,0.00,0,0,0.00,0.00,0,0
1508087521,s2,0.00,0.00,0.00,0,0,0.00,0.00,0.00,0,0,0.00,0.00,0,0
1508087521,s1-eth2,0.00,0.00,0.00,0,0,0.00,0.00,0.00,0,0,0.00,0.00,0,0
1508087521,s1-eth1,0.00,0.00,0.00,0,0,0.00,0.00,0.00,0,0,0.00,0.00,0,0
1508087521,s2-eth2,0.00,0.00,0.00,0,0,0.00,0.00,0.00,0,0,0.00,0.00,0,0
1508087521,s2-eth1,0.00,0.00,0.00,0,0,0.00,0.00,0.00,0,0,0.00,0.00,0,0
1508087521,lo,0.00,0.00,0.00,0,0,0.00,0.00,0.00,0,0,0.00,0.00,0,0
1508087521,total,0.00,0.00,0.00,0,0,0.00,0.00,0.00,0,0,0.00,0.00,0,0
1508087522,s1,0.00,0.00,0.00,0,0,0.00,0.00,0.00,0,0,0.00,0.00,0,0
1508087522,eth0,0.00,0.00,0.0