1508092344,s1,0.00,0.00,0.00,0,0,0.00,0.00,0.00,0,0,0.00,0.00,0,0
1508092344,eth0,0.00,0.00,0.00,0,0,0.00,0.00,0.00,0,0,0.00,0.00,0,0
1508092344,eth1,0.00,0.00,0.00,0,0,0.00,0.00,0.00,0,0,0.00,0.00,0,0
1508092344,s1-eth2,0.00,0.00,0.00,0,0,0.00,0.00,0.00,0,0,0.00,0.00,0,0
1508092344,s1-eth1,0.00,0.00,0.00,0,0,0.00,0.00,0.00,0,0,0.00,0.00,0,0
1508092344,lo,0.00,0.00,0.00,0,0,0.00,0.00,0.00,0,0,0.00,0.00,0,0
1508092344,total,0.00,0.00,0.00,0,0,0.00,0.00,0.00,0,0,0.00,0.00,0,0
1508092345,s1,249.75,409.59,659.34,410,250,3.00,5.00,7.99,5,3,0.00,0.00,0,0
1508092345,eth0,303.70,489.51,793.21,490,304,4.00,4.00,7.99,4,4,0.00,0.00,0,0
1508092345,eth1,0.00,0.00,0.00,0,0,0.00,0.00,0.00,0,0,0.00,0.00,0,0
1508092345,s1-eth2,8503.50,241948.06,250451.56,242190,8512,103.90,92.91,196.80,93,104,0.00,0.00,0,0
1508092345,s1-eth1,246376.62,6465.53,252842.17,6472,246623,106.89,93.91,200.80,94,107,0.00,0.00,0,0
1508092345,lo,2923.08,2923.08,5846.15,2926,2926,31.97,31.97,63.94,32,32,0.00,0.00,0,0
1508092345,total,258356.66,252235.77,510592.41,252488,258615,249.75,227.77,477.52,228,250,0.00,0.00,0,0
1508092346,s1,0.00,90.00,90.00,90,0,0.00,1.00,1.00,1,0,0.00,0.00,0,0
1508092346,eth0,152.00,245.00,397.00,245,152,2.00,2.00,4.00,2,2,0.00,0.00,0,0
1508092346,eth1,0.00,0.00,0.00,0,0,0.00,0.00,0.00,0,0,0.00,0.00,0,0
1508092346,s1-eth2,6759.00,246332.00,253091.00,246332,6759,90.00,90.00,180.00,90,90,0.00,0.00,0,0
1508092346,s1-eth1,244771.00,5730.00,250501.00,5730,244771,95.00,85.00,180.00,85,95,0.00,0.00,0,0
1508092346,lo,629.00,629.00,1258.00,629,629,7.00,7.00,14.00,7,7,0.00,0.00,0,0
1508092346,total,252311.00,253026.00,505337.00,253026,252311,194.00,185.00,379.00,185,194,0.00,0.00,0,0
1508092347,s1,0.00,0.00,0.00,0,0,0.00,0.00,0.00,0,0,0.00,0.00,0,0
1508092347,eth0,0.00,0.00,0.00,0,0,0.00,0.00,0.00,0,0,0.00,0.00,0,0
1508092347,eth1,0.00,0.00,0.00,0,0,0.00,0.00,0.00,0,0,0.00,0.00,0,0
1508092347,s1-eth2,5280.00,251770.00,257050.00,251770,5280,80.00,85.00,165.00,85,80,0.00,0.00,0,0
1508092347,s1-eth1,246515.00,5280.00,251795.00,5280,246515,85.00,80.00,165.00,80,85,0.00,0.00,0,0
1508092347,lo,0.00,0.00,0.00,0,0,0.00,0.00,0.00,0,0,0.00,0.00,0,0
1508092347,total,251795.00,257050.00,508845.00,257050,251795,165.00,165.00,330.00,165,165,0.00,0.00,0,0
1508092348,s1,0.00,0.00,0.00,0,0,0.00,0.00,0.00,0,0,0.00,0.00,0,0
1508092348,eth0,0.00,0.00,0.00,0,0,0.00,0.00,0.00,0,0,0.00,0.00,0,0
1508092348,eth1,0.00,0.00,0.00,0,0,0.00,0.00,0.00,0,0,0.00,0.00,0,0
1508092348,s1-eth2,7182.00,251576.00,258758.00,251576,7182,100.00,104.00,204.00,104,100,0.00,0.00,0,0
1508092348,s1-eth1,244245.00,6738.00,250983.00,6738,244245,102.00,97.00,199.00,97,102,0.00,0.00,0,0
1508092348,lo,0.00,0.00,0.00,0,0,0.00,0.00,0.00,0,0,0.00,0.00,0,0
1508092348,total,251427.00,258314.00,509741.00,258314,251427,202.00,201.00,403.00,201,202,0.00,0.00,0,0
1508092349,s1,69.93,139.86,209.79,140,70,1.00,2.00,3.00,2,1,0.00,0.00,0,0
1508092349,eth0,0.00,0.00,0.00,0,0,0.00,0.00,0.00,0,0,0.00,0.00,0,0
1508092349,eth1,0.00,0.00,0.00,0,0,0.00,0.00,0.00,0,0,0.00,0.00,0,0
1508092349,s1-eth2,6546.45,252445.56,258992.02,252698,6553,91.91,98.90,190.81,99,92,0.00,0.00,0,0
1508092349,s1-eth1,242789.22,6215.78,249005.00,6222,243032,98.90,90.91,189.81,91,99,0.00,0.00,0,0
1508092349,lo,803.20,803.20,1606.39,804,804,8.99,8.99,17.98,9,9,0.00,0.00,0,0
1508092349,total,250208.80,259604.41,509813.19,259864,250459,200.80,200.80,401.60,201,201,0.00,0.00,0,0
1508092350,s1,0.00,0.00,0.00,0,0,0.00,0.00,0.00,0,0,0.00,0.00,0,0
1508092350,eth0,0.00,0.00,0.00,0,0,0.00,0.00,0.00,0,0,0.00,0.00,0,0
1508092350,eth1,0.00,0.00,0.00,0,0,0.00,0.00,0.00,0,0,0.00,0.00,0,0
1508092350,s1-eth2,6504.00,255524.00,262028.00,255524,6504,96.00,98.00,194.00,98,96,0.00,0.00,0,0
1508092350,s1-eth1,245190.00,6438.00,251628.00,6438,245190,95.00,95.00,190.00,95,95,0.00,0.00,0,0
1508092350,lo,0.00,0.00,0.00,0,0,0.00,0.00,0.00,0,0,0.00,0.00,0,0
1508092350,total,251694.00,261962.00,513656.00,261962,251694,191.00,193.00,384.00,193,191,0.00,0.00,0,0
1508092351,s1,0.00,0.00,0.00,0,0,0.00,0.00,0.00,0,0,0.00,0.00,0,0
1508092351,eth0,0.00,0.00,0.00,0,0,0.00,0.00,0.00,0,0,0.00,0.00,0,0
1508092351,eth1,0.00,0.00,0.00,0,0,0.00,0.00,0.00,0,0,0.00,0.00,0,0
1508092351,s1-eth2,6018.00,259736.00,265754.00,259736,6018,89.00,96.00,185.00,96,89,0.00,0.00,0,0
1508092351,s1-eth1,244860.00,6018.00,250878.00,6018,244860,90.00,89.00,179.00,89,90,0.00,0.00,0,0
1508092351,lo,0.00,0.00,0.00,0,0,0.00,0.00,0.00,0,0,0.00,0.00,0,0
1508092351,total,250878.00,265754.00,516632.00,265754,250878,179.00,185.00,364.00,185,179,0.00,0.00,0,0
1508092352,s1,0.00,0.00,0.00,0,0,0.00,0.00,0.00,0,0,0.00,0.00,0,0
1508092352,eth0,0.00,0.00,0.00,0,0,0.00,0.00,0.00,0,0,0.00,0.00,0,0
1508092352,eth1,0.00,0.00,0.00,0,0,0.00,0.00,0.00,0,0,0.00,0.00,0,0
1508092352,s1-eth2,6512.49,250731.28,257243.77,250982,6519,90.91,94.91,185.81,95,91,0.00,0.00,0,0
1508092352,s1-eth1,246234.77,5994.01,252228.78,6000,246481,91.91,87.91,179.82,88,92,0.00,0.00,0,0
1508092352,lo,0.00,0.00,0.00,0,0,0.00,0.00,0.00,0,0,0.00,0.00,0,0
1508092352,total,252747.27,256725.28,509472.53,256982,253000,182.82,182.82,365.63,183,183,0.00,0.00,0,0
1508092353,s1,70.00,140.00,210.00,140,70,1.00,2.00,3.00,2,1,0.00,0.00,0,0
1508092353,eth0,0.00,0.00,0.00,0,0,0.00,0.00,0.00,0,0,0.00,0.00,0,0
1508092353,eth1,0.00,0.00,0.00,0,0,0.00,0.00,0.00,0,0,0.00,0.00,0,0
1508092353,s1-eth2,5150.85,210623.38,215774.23,210834,5156,75.92,78.92,154.85,79,76,0.00,0.00,0,0
1508092353,s1-eth1,203806.20,5080.92,208887.12,5086,204010,80.92,74.93,155.84,75,81,0.00,0.00,0,0
1508092353,lo,803.20,803.20,1606.39,804,804,8.99,8.99,17.98,9,9,0.00,0.00,0,0
1508092353,total,209830.17,216647.36,426477.53,216864,210040,166.83,164.84,331.67,165,167,0.00,0.00,0,0
1508092354,s1,0.00,0.00,0.00,0,0,0.00,0.00,0.00,0,0,0.00,0.00,0,0
1508092354,eth0,0.00,0.00,0.00,0,0,0.00,0.00,0.00,0,0,0.00,0.00,0,0
1508092354,eth1,0.00,0.00,0.00,0,0,0.00,0.00,0.00,0,0,0.00,0.00,0,0
1508092354,s1-eth2,5532.00,247756.00,253288.00,247756,5532,82.00,90.00,172.00,90,82,0.00,0.00,0,0
1508092354,s1-eth1,234394.00,5532.00,239926.00,5532,234394,85.00,82.00,167.00,82,85,0.00,0.00,0,0
1508092354,lo,0.00,0.00,0.00,0,0,0.00,0.00,0.00,0,0,0.00,0.00,0,0
1508092354,total,239926.00,253288.00,493214.00,253288,239926,167.00,172.00,339.00,172,167,0.00,0.00,0,0
1508092355,s1,0.00,0.00,0.00,0,0,0.00,0.00,0.00,0,0,0.00,0.00,0,0
1508092355,eth0,0.00,0.00,0.00,0,0,0.00,0.00,0.00,0,0,0.00,0.00,0,0
1508092355,eth1,0.00,0.00,0.00,0,0,0.00,0.00,0.00,0,0,0.00,0.00,0,0
1508092355,s1-eth2,6222.00,251114.00,257336.00,251114,6222,91.00,97.00,188.00,97,91,0.00,0.00,0,0
1508092355,s1-eth1,243676.00,6288.00,249964.00,6288,243676,94.00,92.00,186.00,92,94,0.00,0.00,0,0
1508092355,lo,0.00,0.00,0.00,0,0,0.00,0.00,0.00,0,0,0.00,0.00,0,0
1508092355,total,249898.00,257402.00,507300.00,257402,249898,185.00,189.00,374.00,189,185,0.00,0.00,0,0
1508092356,s1,0.00,0.00,0.00,0,0,0.00,0.00,0.00,0,0,0.00,0.00,0,0
1508092356,eth0,0.00,0.00,0.00,0,0,0.00,0.00,0.00,0,0,0.00,0.00,0,0
1508092356,eth1,0.00,0.00,0.00,0,0,0.00,0.00,0.00,0,0,0.00,0.00,0,0
1508092356,s1-eth2,5838.00,252100.00,257938.00,252100,5838,87.00,90.00,177.00,90,87,0.00,0.00,0,0
1508092356,s1-eth1,246176.00,5772.00,251948.00,5772,246176,88.00,86.00,174.00,86,88,0.00,0.00,0,0
1508092356,lo,0.00,0.00,0.00,0,0,0.00,0.00,0.00,0,0,0.00,0.00,0,0
1508092356,total,252014.00,257872.00,509886.00,257872,252014,175.00,176.00,351.00,176,175,0.00,0.00,0,0
1508092357,s1,0.00,0.00,0.00,0,0,0.00,0.00,0.00,0,0,0.00,0.00,0,0
1508092357,eth0,0.00,0.00,0.00,0,0,0.00,0.00,0.00,0,0,0.00,0.00,0,0
1508092357,eth1,0.00,0.00,0.00,0,0,0.00,0.00,0.00,0,0,0.00,0.00,0,0
1508092357,s1-eth2,5694.00,255062.00,260756.00,255062,5694,85.00,91.00,176.00,91,85,0.00,0.00,0,0
1508092357,s1-eth1,243214.00,5694.00,248908.00,5694,243214,87.00,85.00,172.00,85,87,0.00,0.00,0,0
1508092357,lo,0.00,0.00,0.00,0,0,0.00,0.00,0.00,0,0,0.00,0.00,0,0
1508092357,total,248908.00,260756.00,509664.00,260756,248908,172.00,176.00,348.00,176,172,0.00,0.00,0,0
1508092358,s1,0.00,0.00,0.00,0,0,0.00,0.00,0.00,0,0,0.00,0.00,0,0
1508092358,eth0,0.00,0.00,0.00,0,0,0.00,0.00,0.00,0,0,0.00,0.00,0,0
1508092358,eth1,0.00,0.00,0.00,0,0,0.00,0.00,0.00,0,0,0.00,0.00,0,0
1508092358,s1-eth2,5928.00,250652.00,256580.00,250652,5928,84.00,90.00,174.00,90,84,0.00,0.00,0,0
1508092358,s1-eth1,246176.00,5586.00,251762.00,5586,246176,88.00,83.00,171.00,83,88,0.00,0.00,0,0
1508092358,lo,172.00,172.00,344.00,172,172,3.00,3.00,6.00,3,3,0.00,0.00,0,0
1508092358,total,252276.00,256410.00,508686.00,256410,252276,175.00,176.00,351.00,176,175,0.00,0.00,0,0
1508092359,s1,0.00,0.00,0.00,0,0,0.00,0.00,0.00,0,0,0.00,0.00,0,0
1508092359,eth0,0.00,0.00,0.00,0,0,0.00,0.00,0.00,0,0,0.00,0.00,0,0
1508092359,eth1,0.00,0.00,0.00,0,0,0.00,0.00,0.00,0,0,0.00,0.00,0,0
1508092359,s1-eth2,5562.00,251968.00,257530.00,251968,5562,83.00,88.00,171.00,88,83,0.00,0.00,0,0
1508092359,s1-eth1,246044.00,5562.00,251606.00,5562,246044,86.00,83.00,169.00,83,86,0.00,0.00,0,0
1508092359,lo,0.00,0.00,0.00,0,0,0.00,0.00,0.00,0,0,0.00,0.00,0,0
1508092359,total,251606.00,257530.00,509136.00,257530,251606,169.00,171.00,340.00,171,169,0.00,0.00,0,0
1508092360,s1,0.00,0.00,0.00,0,0,0.00,0.00,0.00,0,0,0.00,0.00,0,0
1508092360,eth0,0.00,0.00,0.00,0,0,0.00,0.00,0.00,0,0,0.00,0.00,0,0
1508092360,eth1,0.00,0.00,0.00,0,0,0.00,0.00,0.00,0,0,0.00,0.00,0,0
1508092360,s1-eth2,6424.58,255466.55,261891.11,255722,6431,92.91,100.90,193.81,101,93,0.00,0.00,0,0
1508092360,s1-eth1,243737.27,6317.68,250054.95,6324,243981,97.90,91.91,189.81,92,98,0.00,0.00,0,0
1508092360,lo,0.00,0.00,0.00,0,0,0.00,0.00,0.00,0,0,0.00,0.00,0,0
1508092360,total,250161.84,261784.22,511946.06,262046,250412,190.81,192.81,383.62,193,191,0.00,0.00,0,0
1508092361,s1,0.00,0.00,0.00,0,0,0.00,0.00,0.00,0,0,0.00,0.00,0,0
1508092361,eth0,0.00,0.00,0.00,0,0,0.00,0.00,0.00,0,0,0.00,0.00,0,0
1508092361,eth1,0.00,0.00,0.00,0,0,0.00,0.00,0.00,0,0,0.00,0.00,0,0
1508092361,s1-eth2,5706.00,252166.00,257872.00,252166,5706,85.00,91.00,176.00,91,85,0.00,0.00,0,0
1508092361,s1-eth1,246242.00,5706.00,251948.00,5706,246242,89.00,85.00,174.00,85,89,0.00,0.00,0,0
1508092361,lo,0.00,0.00,0.00,0,0,0.00,0.00,0.00,0,0,0.00,0.00,0,0
1508092361,total,251948.00,257872.00,509820.00,257872,251948,174.00,176.00,350.00,176,174,0.00,0.00,0,0
1508092362,s1,0.00,0.00,0.00,0,0,0.00,0.00,0.00,0,0,0.00,0.00,0,0
1508092362,eth0,0.00,0.00,0.00,0,0,0.00,0.00,0.00,0,0,0.00,0.00,0,0
1508092362,eth1,0.00,0.00,0.00,0,0,0.00,0.00,0.00,0,0,0.00,0.00,0,0
1508092362,s1-eth2,6323.68,258227.78,264551.47,258486,6330,92.91,98.90,191.81,99,93,0.00,0.00,0,0
1508092362,s1-eth1,243366.64,6323.68,249690.31,6330,243610,92.91,92.91,185.81,93,93,0.00,0.00,0,0
1508092362,lo,0.00,0.00,0.00,0,0,0.00,0.00,0.00,0,0,0.00,0.00,0,0
1508092362,total,249690.31,264551.47,514241.78,264816,249940,185.81,191.81,377.62,192,186,0.00,0.00,0,0
1508092363,s1,0.00,0.00,0.00,0,0,0.00,0.00,0.00,0,0,0.00,0.00,0,0
1508092363,eth0,0.00,0.00,0.00,0,0,0.00,0.00,0.00,0,0,0.00,0.00,0,0
1508092363,eth1,0.00,0.00,0.00,0,0,0.00,0.00,0.00,0,0,0.00,0.00,0,0
1508092363,s1-eth2,5978.02,246061.94,252039.97,246308,5984,87.91,89.91,177.82,90,88,0.00,0.00,0,0
1508092363,s1-eth1,245996.02,5978.02,251974.03,5984,246242,88.91,87.91,176.82,88,89,0.00,0.00,0,0
1508092363,lo,171.83,171.83,343.66,172,172,3.00,3.00,5.99,3,3,0.00,0.00,0,0
1508092363,total,252145.86,252211.80,504357.66,252464,252398,179.82,180.82,360.64,181,180,0.00,0.00,0,0
1508092364,s1,0.00,0.00,0.00,0,0,0.00,0.00,0.00,0,0,0.00,0.00,0,0
1508092364,eth0,0.00,0.00,0.00,0,0,0.00,0.00,0.00,0,0,0.00,0.00,0,0
1508092364,eth1,0.00,0.00,0.00,0,0,0.00,0.00,0.00,0,0,0.00,0.00,0,0
1508092364,s1-eth2,6055.94,253558.45,259614.39,253812,6062,88.91,93.91,182.82,94,89,0.00,0.00,0,0
1508092364,s1-eth1,246127.88,6055.94,252183.83,6062,246374,90.91,88.91,179.82,89,91,0.00,0.00,0,0
1508092364,lo,0.00,0.00,0.00,0,0,0.00,0.00,0.00,0,0,0.00,0.00,0,0
1508092364,total,252183.83,259614.39,511798.22,259874,252436,179.82,182.82,362.64,183,180,0.00,0.00,0,0
1508092365,s1,0.00,0.00,0.00,0,0,0.00,0.00,0.00,0,0,0.00,0.00,0,0
1508092365,eth0,0.00,0.00,0.00,0,0,0.00,0.00,0.00,0,0,0.00,0.00,0,0
1508092365,eth1,0.00,0.00,0.00,0,0,0.00,0.00,0.00,0,0,0.00,0.00,0,0
1508092365,s1-eth2,5700.30,251848.16,257548.45,252100,5706,84.92,89.91,174.83,90,85,0.00,0.00,0,0
1508092365,s1-eth1,242971.03,5700.30,248671.33,5706,243214,86.91,84.92,171.83,85,87,0.00,0.00,0,0
1508092365,lo,0.00,0.00,0.00,0,0,0.00,0.00,0.00,0,0,0.00,0.00,0,0
1508092365,total,248671.33,257548.45,506219.78,257806,248920,171.83,174.83,346.65,175,172,0.00,0.00,0,0
1508092366,s1,0.00,0.00,0.00,0,0,0.00,0.00,0.00,0,0,0.00,0.00,0,0
1508092366,eth0,0.00,0.00,0.00,0,0,0.00,0.00,0.00,0,0,0.00,0.00,0,0
1508092366,eth1,0.00,0.00,0.00,0,0,0.00,0.00,0.00,0,0,0.00,0.00,0,0
1508092366,s1-eth2,5916.00,252166.00,258082.00,252166,5916,88.00,91.00,179.00,91,88,0.00,0.00,0,0
1508092366,s1-eth1,246242.00,5916.00,252158.00,5916,246242,89.00,88.00,177.00,88,89,0.00,0.00,0,0
1508092366,lo,0.00,0.00,0.00,0,0,0.00,0.00,0.00,0,0,0.00,0.00,0,0
1508092366,total,252158.00,258082.00,510240.00,258082,252158,177.00,179.00,356.00,179,177,0.00,0.00,0,0
1508092367,s1,0.00,0.00,0.00,0,0,0.00,0.00,0.00,0,0,0.00,0.00,0,0
1508092367,eth0,0.00,0.00,0.00,0,0,0.00,0.00,0.00,0,0,0.00,0.00,0,0
1508092367,eth1,0.00,0.00,0.00,0,0,0.00,0.00,0.00,0,0,0.00,0.00,0,0
1508092367,s1-eth2,6030.00,253878.00,259908.00,253878,6030,89.00,95.00,184.00,95,89,0.00,0.00,0,0
1508092367,s1-eth1,243478.00,6030.00,249508.00,6030,243478,91.00,89.00,180.00,89,91,0.00,0.00,0,0
1508092367,lo,0.00,0.00,0.00,0,0,0.00,0.00,0.00,0,0,0.00,0.00,0,0
1508092367,total,249508.00,259908.00,509416.00,259908,249508,180.00,184.00,364.00,184,180,0.00,0.00,0,0
1508092368,s1,0.00,0.00,0.00,0,0,0.00,0.00,0.00,0,0,0.00,0.00,0,0
1508092368,eth0,0.00,0.00,0.00,0,0,0.00,0.00,0.00,0,0,0.00,0.00,0,0
1508092368,eth1,0.00,0.00,0.00,0,0,0.00,0.00,0.00,0,0,0.00,0.00,0,0
1508092368,s1-eth2,5322.68,251650.36,256973.03,251902,5328,79.92,86.91,166.83,87,80,0.00,0.00,0,0
1508092368,s1-eth1,246073.94,5388.61,251462.55,5394,246320,85.91,80.92,166.83,81,86,0.00,0.00,0,0
1508092368,lo,171.83,171.83,343.66,172,172,3.00,3.00,5.99,3,3,0.00,0.00,0,0
1508092368,total,251568.44,257210.80,508779.25,257468,251820,168.83,170.83,339.66,171,169,0.00,0.00,0,0
1508092369,s1,0.00,0.00,0.00,0,0,0.00,0.00,0.00,0,0,0.00,0.00,0,0
1508092369,eth0,0.00,0.00,0.00,0,0,0.00,0.00,0.00,0,0,0.00,0.00,0,0
1508092369,eth1,0.00,0.00,0.00,0,0,0.00,0.00,0.00,0,0,0.00,0.00,0,0
1508092369,s1-eth2,5406.59,251518.48,256925.08,251770,5412,81.92,84.92,166.83,85,82,0.00,0.00,0,0
1508092369,s1-eth1,245600.41,5340.66,250941.06,5346,245846,82.92,80.92,163.84,81,83,0.00,0.00,0,0
1508092369,lo,0.00,0.00,0.00,0,0,0.00,0.00,0.00,0,0,0.00,0.00,0,0
1508092369,total,251007.00,256859.14,507866.16,257116,251258,164.84,165.83,330.67,166,165,0.00,0.00,0,0
1508092370,s1,0.00,0.00,0.00,0,0,0.00,0.00,0.00,0,0,0.00,0.00,0,0
1508092370,eth0,0.00,0.00,0.00,0,0,0.00,0.00,0.00,0,0,0.00,0.00,0,0
1508092370,eth1,0.00,0.00,0.00,0,0,0.00,0.00,0.00,0,0,0.00,0.00,0,0
1508092370,s1-eth2,7264.74,252903.11,260167.84,253156,7272,99.90,105.89,205.79,106,100,0.00,0.00,0,0
1508092370,s1-eth1,243960.05,6923.08,250883.12,6930,244204,101.90,98.90,200.80,99,102,0.00,0.00,0,0
1508092370,lo,0.00,0.00,0.00,0,0,0.00,0.00,0.00,0,0,0.00,0.00,0,0
1508092370,total,251224.78,259826.19,511050.97,260086,251476,201.80,204.80,406.59,205,202,0.00,0.00,0,0
1508092371,s1,0.00,0.00,0.00,0,0,0.00,0.00,0.00,0,0,0.00,0.00,0,0
1508092371,eth0,0.00,0.00,0.00,0,0,0.00,0.00,0.00,0,0,0.00,0.00,0,0
1508092371,eth1,0.00,0.00,0.00,0,0,0.00,0.00,0.00,0,0,0.00,0.00,0,0
1508092371,s1-eth2,5748.25,250665.34,256413.59,250916,5754,84.92,93.91,178.82,94,85,0.00,0.00,0,0
1508092371,s1-eth1,246193.81,5748.25,251942.06,5754,246440,91.91,84.92,176.82,85,92,0.00,0.00,0,0
1508092371,lo,0.00,0.00,0.00,0,0,0.00,0.00,0.00,0,0,0.00,0.00,0,0
1508092371,total,251942.06,256413.59,508355.66,256670,252194,176.82,178.82,355.64,179,177,0.00,0.00,0,0
1508092372,s1,0.00,0.00,0.00,0,0,0.00,0.00,0.00,0,0,0.00,0.00,0,0
1508092372,eth0,0.00,0.00,0.00,0,0,0.00,0.00,0.00,0,0,0.00,0.00,0,0
1508092372,eth1,0.00,0.00,0.00,0,0,0.00,0.00,0.00,0,0,0.00,0.00,0,0
1508092372,s1-eth2,5922.08,257898.11,263820.19,258156,5928,87.91,93.91,181.82,94,88,0.00,0.00,0,0
1508092372,s1-eth1,246061.94,5922.08,251984.02,5928,246308,89.91,87.91,177.82,88,90,0.00,0.00,0,0
1508092372,lo,0.00,0.00,0.00,0,0,0.00,0.00,0.00,0,0,0.00,0.00,0,0
1508092372,total,251984.02,263820.19,515804.22,264084,252236,177.82,181.82,359.64,182,178,0.00,0.00,0,0
1508092373,s1,0.00,0.00,0.00,0,0,0.00,0.00,0.00,0,0,0.00,0.00,0,0
1508092373,eth0,0.00,0.00,0.00,0,0,0.00,0.00,0.00,0,0,0.00,0.00,0,0
1508092373,eth1,0.00,0.00,0.00,0,0,0.00,0.00,0.00,0,0,0.00,0.00,0,0
1508092373,s1-eth2,7102.90,251852.16,258955.05,252104,7110,102.90,111.89,214.79,112,103,0.00,0.00,0,0
1508092373,s1-eth1,241396.61,7102.90,248499.50,7110,241638,106.89,102.90,209.79,103,107,0.00,0.00,0,0
1508092373,lo,171.83,171.83,343.66,172,172,3.00,3.00,5.99,3,3,0.00,0.00,0,0
1508092373,total,248671.33,259126.88,507798.22,259386,248920,212.79,217.78,430.57,218,213,0.00,0.00,0,0
1508092374,s1,0.00,0.00,0.00,0,0,0.00,0.00,0.00,0,0,0.00,0.00,0,0
1508092374,eth0,0.00,0.00,0.00,0,0,0.00,0.00,0.00,0,0,0.00,0.00,0,0
1508092374,eth1,0.00,0.00,0.00,0,0,0.00,0.00,0.00,0,0,0.00,0.00,0,0
1508092374,s1-eth2,6096.00,258288.00,264384.00,258288,6096,90.00,96.00,186.00,96,90,0.00,0.00,0,0
1508092374,s1-eth1,243478.00,6096.00,249574.00,6096,243478,91.00,90.00,181.00,90,91,0.00,0.00,0,0
1508092374,lo,0.00,0.00,0.00,0,0,0.00,0.00,0.00,0,0,0.00,0.00,0,0
1508092374,total,249574.00,264384.00,513958.00,264384,249574,181.00,186.00,367.00,186,181,0.00,0.00,0,0
1508092375,s1,0.00,0.00,0.00,0,0,0.00,0.00,0.00,0,0,0.00,0.00,0,0
1508092375,eth0,0.00,0.00,0.00,0,0,0.00,0.00,0.00,0,0,0.00,0.00,0,0
1508092375,eth1,0.00,0.00,0.00,0,0,0.00,0.00,0.00,0,0,0.00,0.00,0,0
1508092375,s1-eth2,5460.00,249006.00,254466.00,249006,5460,82.00,87.00,169.00,87,82,0.00,0.00,0,0
1508092375,s1-eth1,246044.00,5526.00,251570.00,5526,246044,86.00,83.00,169.00,83,86,0.00,0.00,0,0
1508092375,lo,0.00,0.00,0.00,0,0,0.00,0.00,0.00,0,0,0.00,0.00,0,0
1508092375,total,251504.00,254532.00,506036.00,254532,251504,168.00,170.00,338.00,170,168,0.00,0.00,0,0
1508092376,s1,0.00,0.00,0.00,0,0,0.00,0.00,0.00,0,0,0.00,0.00,0,0
1508092376,eth0,0.00,0.00,0.00,0,0,0.00,0.00,0.00,0,0,0.00,0.00,0,0
1508092376,eth1,0.00,0.00,0.00,0,0,0.00,0.00,0.00,0,0,0.00,0.00,0,0
1508092376,s1-eth2,5627.37,251716.30,257343.66,251968,5633,83.92,87.91,171.83,88,84,0.00,0.00,0,0
1508092376,s1-eth1,245905.11,5454.55,251359.64,5460,246151,86.91,81.92,168.83,82,87,0.00,0.00,0,0
1508092376,lo,0.00,0.00,0.00,0,0,0.00,0.00,0.00,0,0,0.00,0.00,0,0
1508092376,total,251532.47,257170.84,508703.31,257428,251784,170.83,169.83,340.66,170,171,0.00,0.00,0,0
1508092377,s1,0.00,0.00,0.00,0,0,0.00,0.00,0.00,0,0,0.00,0.00,0,0
1508092377,eth0,0.00,0.00,0.00,0,0,0.00,0.00,0.00,0,0,0.00,0.00,0,0
1508092377,eth1,0.00,0.00,0.00,0,0,0.00,0.00,0.00,0,0,0.00,0.00,0,0
1508092377,s1-eth2,5892.00,248940.00,254832.00,248940,5892,84.00,86.00,170.00,86,84,0.00,0.00,0,0
1508092377,s1-eth1,243016.00,5550.00,248566.00,5550,243016,84.00,83.00,167.00,83,84,0.00,0.00,0,0
1508092377,lo,0.00,0.00,0.00,0,0,0.00,0.00,0.00,0,0,0.00,0.00,0,0
1508092377,total,248908.00,254490.00,503398.00,254490,248908,168.00,169.00,337.00,169,168,0.00,0.00,0,0
1508092378,s1,0.00,0.00,0.00,0,0,0.00,0.00,0.00,0,0,0.00,0.00,0,0
1508092378,eth0,0.00,0.00,0.00,0,0,0.00,0.00,0.00,0,0,0.00,0.00,0,0
1508092378,eth1,0.00,0.00,0.00,0,0,0.00,0.00,0.00,0,0,0.00,0.00,0,0
1508092378,s1-eth2,6336.00,251246.00,257582.00,251246,6336,92.00,99.00,191.00,99,92,0.00,0.00,0,0
1508092378,s1-eth1,246770.00,6336.00,253106.00,6336,246770,97.00,92.00,189.00,92,97,0.00,0.00,0,0
1508092378,lo,172.00,172.00,344.00,172,172,3.00,3.00,6.00,3,3,0.00,0.00,0,0
1508092378,total,253278.00,257754.00,511032.00,257754,253278,192.00,194.00,386.00,194,192,0.00,0.00,0,0
1508092379,s1,0.00,0.00,0.00,0,0,0.00,0.00,0.00,0,0,0.00,0.00,0,0
1508092379,eth0,0.00,0.00,0.00,0,0,0.00,0.00,0.00,0,0,0.00,0.00,0,0
1508092379,eth1,0.00,0.00,0.00,0,0,0.00,0.00,0.00,0,0,0.00,0.00,0,0
1508092379,s1-eth2,6600.00,255854.00,262454.00,255854,6600,96.00,103.00,199.00,103,96,0.00,0.00,0,0
1508092379,s1-eth1,243940.00,6666.00,250606.00,6666,243940,98.00,97.00,195.00,97,98,0.00,0.00,0,0
1508092379,lo,0.00,0.00,0.00,0,0,0.00,0.00,0.00,0,0,0.00,0.00,0,0
1508092379,total,250540.00,262520.00,513060.00,262520,250540,194.00,200.00,394.00,200,194,0.00,0.00,0,0
1508092380,s1,0.00,0.00,0.00,0,0,0.00,0.00,0.00,0,0,0.00,0.00,0,0
1508092380,eth0,0.00,0.00,0.00,0,0,0.00,0.00,0.00,0,0,0.00,0.00,0,0
1508092380,eth1,0.00,0.00,0.00,0,0,0.00,0.00,0.00,0,0,0.00,0.00,0,0
1508092380,s1-eth2,5784.00,258156.00,263940.00,258156,5784,86.00,94.00,180.00,94,86,0.00,0.00,0,0
1508092380,s1-eth1,246308.00,5718.00,252026.00,5718,246308,90.00,85.00,175.00,85,90,0.00,0.00,0,0
1508092380,lo,0.00,0.00,0.00,0,0,0.00,0.00,0.00,0,0,0.00,0.00,0,0
1508092380,total,252092.00,263874.00,515966.00,263874,252092,176.00,179.00,355.00,179,176,0.00,0.00,0,0
1508092381,s1,0.00,0.00,0.00,0,0,0.00,0.00,0.00,0,0,0.00,0.00,0,0
1508092381,eth0,0.00,0.00,0.00,0,0,0.00,0.00,0.00,0,0,0.00,0.00,0,0
1508092381,eth1,0.00,0.00,0.00,0,0,0.00,0.00,0.00,0,0,0.00,0.00,0,0
1508092381,s1-eth2,6384.00,258552.00,264936.00,258552,6384,94.00,100.00,194.00,100,94,0.00,0.00,0,0
1508092381,s1-eth1,243742.00,6450.00,250192.00,6450,243742,95.00,95.00,190.00,95,95,0.00,0.00,0,0
1508092381,lo,0.00,0.00,0.00,0,0,0.00,0.00,0.00,0,0,0.00,0.00,0,0
1508092381,total,250126.00,265002.00,515128.00,265002,250126,189.00,195.00,384.00,195,189,0.00,0.00,0,0
1508092382,s1,0.00,0.00,0.00,0,0,0.00,0.00,0.00,0,0,0.00,0.00,0,0
1508092382,eth0,0.00,0.00,0.00,0,0,0.00,0.00,0.00,0,0,0.00,0.00,0,0
1508092382,eth1,0.00,0.00,0.00,0,0,0.00,0.00,0.00,0,0,0.00,0.00,0,0
1508092382,s1-eth2,5280.00,251770.00,257050.00,251770,5280,80.00,85.00,165.00,85,80,0.00,0.00,0,0
1508092382,s1-eth1,245846.00,5214.00,251060.00,5214,245846,83.00,79.00,162.00,79,83,0.00,0.00,0,0
1508092382,lo,0.00,0.00,0.00,0,0,0.00,0.00,0.00,0,0,0.00,0.00,0,0
1508092382,total,251126.00,256984.00,508110.00,256984,251126,163.00,164.00,327.00,164,163,0.00,0.00,0,0
1508092383,s1,0.00,0.00,0.00,0,0,0.00,0.00,0.00,0,0,0.00,0.00,0,0
1508092383,eth0,0.00,0.00,0.00,0,0,0.00,0.00,0.00,0,0,0.00,0.00,0,0
1508092383,eth1,0.00,0.00,0.00,0,0,0.00,0.00,0.00,0,0,0.00,0.00,0,0
1508092383,s1-eth2,5958.04,244615.39,250573.44,244860,5964,87.91,89.91,177.82,90,88,0.00,0.00,0,0
1508092383,s1-eth1,243102.91,5958.04,249060.95,5964,243346,88.91,87.91,176.82,88,89,0.00,0.00,0,0
1508092383,lo,171.83,171.83,343.66,172,172,3.00,3.00,5.99,3,3,0.00,0.00,0,0
1508092383,total,249232.78,250745.27,499978.03,250996,249482,179.82,180.82,360.64,181,180,0.00,0.00,0,0
1508092384,s1,0.00,0.00,0.00,0,0,0.00,0.00,0.00,0,0,0.00,0.00,0,0
1508092384,eth0,0.00,0.00,0.00,0,0,0.00,0.00,0.00,0,0,0.00,0.00,0,0
1508092384,eth1,0.00,0.00,0.00,0,0,0.00,0.00,0.00,0,0,0.00,0.00,0,0
1508092384,s1-eth2,5442.56,250137.88,255580.42,250388,5448,81.92,85.91,167.83,86,82,0.00,0.00,0,0
1508092384,s1-eth1,245732.28,5508.49,251240.77,5514,245978,84.92,82.92,167.83,83,85,0.00,0.00,0,0
1508092384,lo,0.00,0.00,0.00,0,0,0.00,0.00,0.00,0,0,0.00,0.00,0,0
1508092384,total,251174.83,255646.36,506821.19,255902,251426,166.83,168.83,335.66,169,167,0.00,0.00,0,0
1508092385,s1,0.00,0.00,0.00,0,0,0.00,0.00,0.00,0,0,0.00,0.00,0,0
1508092385,eth0,0.00,0.00,0.00,0,0,0.00,0.00,0.00,0,0,0.00,0.00,0,0
1508092385,eth1,0.00,0.00,0.00,0,0,0.00,0.00,0.00,0,0,0.00,0.00,0,0
1508092385,s1-eth2,5434.00,247624.00,253058.00,247624,5434,81.00,88.00,169.00,88,81,0.00,0.00,0,0
1508092385,s1-eth1,244806.00,5454.00,250260.00,5454,244806,85.00,81.00,166.00,81,85,0.00,0.00,0,0
1508092385,lo,0.00,0.00,0.00,0,0,0.00,0.00,0.00,0,0,0.00,0.00,0,0
1508092385,total,250240.00,253078.00,503318.00,253078,250240,166.00,169.00,335.00,169,166,0.00,0.00,0,0
1508092386,s1,0.00,0.00,0.00,0,0,0.00,0.00,0.00,0,0,0.00,0.00,0,0
1508092386,eth0,0.00,0.00,0.00,0,0,0.00,0.00,0.00,0,0,0.00,0.00,0,0
1508092386,eth1,0.00,0.00,0.00,0,0,0.00,0.00,0.00,0,0,0.00,0.00,0,0
1508092386,s1-eth2,6176.00,253548.00,259724.00,253548,6176,92.00,90.00,182.00,90,92,0.00,0.00,0,0
1508092386,s1-eth1,244860.00,6090.00,250950.00,6090,244860,90.00,91.00,181.00,91,90,0.00,0.00,0,0
1508092386,lo,0.00,0.00,0.00,0,0,0.00,0.00,0.00,0,0,0.00,0.00,0,0
1508092386,total,251036.00,259638.00,510674.00,259638,251036,182.00,181.00,363.00,181,182,0.00,0.00,0,0
1508092387,s1,0.00,0.00,0.00,0,0,0.00,0.00,0.00,0,0,0.00,0.00,0,0
1508092387,eth0,0.00,0.00,0.00,0,0,0.00,0.00,0.00,0,0,0.00,0.00,0,0
1508092387,eth1,0.00,0.00,0.00,0,0,0.00,0.00,0.00,0,0,0.00,0.00,0,0
1508092387,s1-eth2,6167.83,246325.69,252493.52,246572,6174,90.91,93.91,184.82,94,91,0.00,0.00,0,0
1508092387,s1-eth1,246325.69,6167.83,252493.52,6174,246572,93.91,90.91,184.82,91,94,0.00,0.00,0,0
1508092387,lo,0.00,0.00,0.00,0,0,0.00,0.00,0.00,0,0,0.00,0.00,0,0
1508092387,total,252493.52,252493.52,504987.03,252746,252746,184.82,184.82,369.63,185,185,0.00,0.00,0,0
1508092388,s1,0.00,0.00,0.00,0,0,0.00,0.00,0.00,0,0,0.00,0.00,0,0
1508092388,eth0,0.00,0.00,0.00,0,0,0.00,0.00,0.00,0,0,0.00,0.00,0,0
1508092388,eth1,0.00,0.00,0.00,0,0,0.00,0.00,0.00,0,0,0.00,0.00,0,0
1508092388,s1-eth2,5664.34,248823.19,254487.52,249072,5670,84.92,87.91,172.83,88,85,0.00,0.00,0,0
1508092388,s1-eth1,245864.14,5664.34,251528.48,5670,246110,86.91,84.92,171.83,85,87,0.00,0.00,0,0
1508092388,lo,171.83,171.83,343.66,172,172,3.00,3.00,5.99,3,3,0.00,0.00,0,0
1508092388,total,251700.31,254659.34,506359.66,254914,251952,174.83,175.82,350.65,176,175,0.00,0.00,0,0
1508092389,s1,0.00,0.00,0.00,0,0,0.00,0.00,0.00,0,0,0.00,0.00,0,0
1508092389,eth0,0.00,0.00,0.00,0,0,0.00,0.00,0.00,0,0,0.00,0.00,0,0
1508092389,eth1,0.00,0.00,0.00,0,0,0.00,0.00,0.00,0,0,0.00,0.00,0,0
1508092389,s1-eth2,6347.65,250863.14,257210.80,251114,6354,92.91,96.90,189.81,97,93,0.00,0.00,0,0
1508092389,s1-eth1,243432.58,6347.65,249780.23,6354,243676,93.91,92.91,186.81,93,94,0.00,0.00,0,0
1508092389,lo,0.00,0.00,0.00,0,0,0.00,0.00,0.00,0,0,0.00,0.00,0,0
1508092389,total,249780.23,257210.80,506991.03,257468,250030,186.81,189.81,376.62,190,187,0.00,0.00,0,0
1508092390,s1,0.00,0.00,0.00,0,0,0.00,0.00,0.00,0,0,0.00,0.00,0,0
1508092390,eth0,0.00,0.00,0.00,0,0,0.00,0.00,0.00,0,0,0.00,0.00,0,0
1508092390,eth1,0.00,0.00,0.00,0,0,0.00,0.00,0.00,0,0,0.00,0.00,0,0
1508092390,s1-eth2,5214.00,248808.00,254022.00,248808,5214,79.00,84.00,163.00,84,79,0.00,0.00,0,0
1508092390,s1-eth1,245846.00,5214.00,251060.00,5214,245846,83.00,79.00,162.00,79,83,0.00,0.00,0,0
1508092390,lo,0.00,0.00,0.00,0,0,0.00,0.00,0.00,0,0,0.00,0.00,0,0
1508092390,total,251060.00,254022.00,505082.00,254022,251060,162.00,163.00,325.00,163,162,0.00,0.00,0,0
1508092391,s1,0.00,0.00,0.00,0,0,0.00,0.00,0.00,0,0,0.00,0.00,0,0
1508092391,eth0,304.00,490.00,794.00,490,304,4.00,4.00,8.00,4,4,0.00,0.00,0,0
1508092391,eth1,0.00,0.00,0.00,0,0,0.00,0.00,0.00,0,0,0.00,0.00,0,0
1508092391,s1-eth2,6946.00,251156.00,258102.00,251156,6946,97.00,98.00,195.00,98,97,0.00,0.00,0,0
1508092391,s1-eth1,244280.00,6494.00,250774.00,6494,244280,98.00,95.00,193.00,95,98,0.00,0.00,0,0
1508092391,lo,978.00,978.00,1956.00,978,978,11.00,11.00,22.00,11,11,0.00,0.00,0,0
1508092391,total,252508.00,259118.00,511626.00,259118,252508,210.00,208.00,418.00,208,210,0.00,0.00,0,0
1508092392,s1,0.00,0.00,0.00,0,0,0.00,0.00,0.00,0,0,0.00,0.00,0,0
1508092392,eth0,151.85,244.76,396.60,245,152,2.00,2.00,4.00,2,2,0.00,0.00,0,0
1508092392,eth1,0.00,0.00,0.00,0,0,0.00,0.00,0.00,0,0,0.00,0.00,0,0
1508092392,s1-eth2,5690.31,251848.16,257538.47,252100,5696,83.92,89.91,173.83,90,84,0.00,0.00,0,0
1508092392,s1-eth1,246008.00,5502.50,251510.50,5508,246254,88.91,81.92,170.83,82,89,0.00,0.00,0,0
1508092392,lo,340.66,340.66,681.32,341,341,4.00,4.00,7.99,4,4,0.00,0.00,0,0
1508092392,total,252190.81,257936.08,510126.88,258194,252443,178.82,177.82,356.64,178,179,0.00,0.00,0,0
1508092393,s1,0.00,0.00,0.00,0,0,0.00,0.00,0.00,0,0,0.00,0.00,0,0
1508092393,eth0,304.00,490.00,794.00,490,304,4.00,4.00,8.00,4,4,0.00,0.00,0,0
1508092393,eth1,0.00,0.00,0.00,0,0,0.00,0.00,0.00,0,0,0.00,0.00,0,0
1508092393,s1-eth2,7534.00,252034.00,259568.00,252034,7534,93.00,89.00,182.00,89,93,0.00,0.00,0,0
1508092393,s1-eth1,245078.00,5628.00,250706.00,5628,245078,95.00,84.00,179.00,84,95,0.00,0.00,0,0
1508092393,lo,682.00,682.00,1364.00,682,682,8.00,8.00,16.00,8,8,0.00,0.00,0,0
1508092393,total,253598.00,258834.00,512432.00,258834,253598,200.00,185.00,385.00,185,200,0.00,0.00,0,0
1508092394,s1,0.00,0.00,0.00,0,0,0.00,0.00,0.00,0,0,0.00,0.00,0,0
1508092394,eth0,151.85,244.76,396.60,245,152,2.00,2.00,4.00,2,2,0.00,0.00,0,0
1508092394,eth1,0.00,0.00,0.00,0,0,0.00,0.00,0.00,0,0,0.00,0.00,0,0
1508092394,s1-eth2,6565.43,250665.34,257230.78,250916,6572,92.91,93.91,186.81,94,93,0.00,0.00,0,0
1508092394,s1-eth1,243965.05,6071.93,250036.97,6078,244209,94.91,88.91,183.82,89,95,0.00,0.00,0,0
1508092394,lo,340.66,340.66,681.32,341,341,4.00,4.00,7.99,4,4,0.00,0.00,0,0
1508092394,total,251022.98,257322.69,508345.66,257580,251274,193.81,188.81,382.62,189,194,0.00,0.00,0,0
1508092395,s1,0.00,0.00,0.00,0,0,0.00,0.00,0.00,0,0,0.00,0.00,0,0
1508092395,eth0,0.00,0.00,0.00,0,0,0.00,0.00,0.00,0,0,0.00,0.00,0,0
1508092395,eth1,0.00,0.00,0.00,0,0,0.00,0.00,0.00,0,0,0.00,0.00,0,0
1508092395,s1-eth2,5943.06,251518.48,257461.55,251770,5949,81.92,84.92,166.83,85,82,0.00,0.00,0,0
1508092395,s1-eth1,245942.06,5274.73,251216.80,5280,246188,83.92,79.92,163.84,80,84,0.00,0.00,0,0
1508092395,lo,0.00,0.00,0.00,0,0,0.00,0.00,0.00,0,0,0.00,0.00,0,0
1508092395,total,251885.12,256793.22,508678.34,257050,252137,165.83,164.84,330.67,165,166,0.00,0.00,0,0
1508092396,s1,0.00,0.00,0.00,0,0,0.00,0.00,0.00,0,0,0.00,0.00,0,0
1508092396,eth0,60.00,60.00,120.00,60,60,1.00,1.00,2.00,1,1,0.00,0.00,0,0
1508092396,eth1,0.00,0.00,0.00,0,0,0.00,0.00,0.00,0,0,0.00,0.00,0,0
1508092396,s1-eth2,6758.00,248152.00,254910.00,248152,6758,94.00,96.00,190.00,96,94,0.00,0.00,0,0
1508092396,s1-eth1,244311.00,6384.00,250695.00,6384,244311,96.00,92.00,188.00,92,96,0.00,0.00,0,0
1508092396,lo,172.00,172.00,344.00,172,172,3.00,3.00,6.00,3,3,0.00,0.00,0,0
1508092396,total,251301.00,254768.00,506069.00,254768,251301,194.00,192.00,386.00,192,194,0.00,0.00,0,0
1508092397,s1,0.00,0.00,0.00,0,0,0.00,0.00,0.00,0,0,0.00,0.00,0,0
1508092397,eth0,0.00,0.00,0.00,0,0,0.00,0.00,0.00,0,0,0.00,0.00,0,0
1508092397,eth1,0.00,0.00,0.00,0,0,0.00,0.00,0.00,0,0,0.00,0.00,0,0
1508092397,s1-eth2,5851.15,248757.25,254608.41,249006,5857,83.92,86.91,170.83,87,84,0.00,0.00,0,0
1508092397,s1-eth1,246209.80,5454.55,251664.34,5460,246456,87.91,81.92,169.83,82,88,0.00,0.00,0,0
1508092397,lo,0.00,0.00,0.00,0,0,0.00,0.00,0.00,0,0,0.00,0.00,0,0
1508092397,total,252060.95,254211.80,506272.75,254466,252313,171.83,168.83,340.66,169,172,0.00,0.00,0,0
1508092398,s1,0.00,0.00,0.00,0,0,0.00,0.00,0.00,0,0,0.00,0.00,0,0
1508092398,eth0,0.00,0.00,0.00,0,0,0.00,0.00,0.00,0,0,0.00,0.00,0,0
1508092398,eth1,0.00,0.00,0.00,0,0,0.00,0.00,0.00,0,0,0.00,0.00,0,0
1508092398,s1-eth2,5208.79,248559.45,253768.23,248808,5214,78.92,83.92,162.84,84,79,0.00,0.00,0,0
1508092398,s1-eth1,242641.36,5208.79,247850.16,5214,242884,81.92,78.92,160.84,79,82,0.00,0.00,0,0
1508092398,lo,0.00,0.00,0.00,0,0,0.00,0.00,0.00,0,0,0.00,0.00,0,0
1508092398,total,247850.16,253768.23,501618.41,254022,248098,160.84,162.84,323.68,163,161,0.00,0.00,0,0
1508092399,s1,0.00,0.00,0.00,0,0,0.00,0.00,0.00,0,0,0.00,0.00,0,0
1508092399,eth0,0.00,0.00,0.00,0,0,0.00,0.00,0.00,0,0,0.00,0.00,0,0
1508092399,eth1,0.00,0.00,0.00,0,0,0.00,0.00,0.00,0,0,0.00,0.00,0,0
1508092399,s1-eth2,5784.00,246044.00,251828.00,246044,5784,82.00,86.00,168.00,86,82,0.00,0.00,0,0
1508092399,s1-eth1,246044.00,5508.00,251552.00,5508,246044,86.00,82.00,168.00,82,86,0.00,0.00,0,0
1508092399,lo,0.00,0.00,0.00,0,0,0.00,0.00,0.00,0,0,0.00,0.00,0,0
1508092399,total,251828.00,251552.00,503380.00,251552,251828,168.00,168.00,336.00,168,168,0.00,0.00,0,0
1508092400,s1,0.00,0.00,0.00,0,0,0.00,0.00,0.00,0,0,0.00,0.00,0,0
1508092400,eth0,0.00,0.00,0.00,0,0,0.00,0.00,0.00,0,0,0.00,0.00,0,0
1508092400,eth1,0.00,0.00,0.00,0,0,0.00,0.00,0.00,0,0,0.00,0.00,0,0
1508092400,s1-eth2,5855.00,249138.00,254993.00,249138,5855,87.00,89.00,176.00,89,87,0.00,0.00,0,0
1508092400,s1-eth1,246283.00,5682.00,251965.00,5682,246283,89.00,85.00,174.00,85,89,0.00,0.00,0,0
1508092400,lo,0.00,0.00,0.00,0,0,0.00,0.00,0.00,0,0,0.00,0.00,0,0
1508092400,total,252138.00,254820.00,506958.00,254820,252138,176.00,174.00,350.00,174,176,0.00,0.00,0,0
1508092401,s1,0.00,0.00,0.00,0,0,0.00,0.00,0.00,0,0,0.00,0.00,0,0
1508092401,eth0,0.00,0.00,0.00,0,0,0.00,0.00,0.00,0,0,0.00,0.00,0,0
1508092401,eth1,0.00,0.00,0.00,0,0,0.00,0.00,0.00,0,0,0.00,0.00,0,0
1508092401,s1-eth2,5854.15,246061.94,251916.09,246308,5860,85.91,89.91,175.82,90,86,0.00,0.00,0,0
1508092401,s1-eth1,243172.83,5784.22,248957.05,5790,243416,89.91,84.92,174.83,85,90,0.00,0.00,0,0
1508092401,lo,171.83,171.83,343.66,172,172,3.00,3.00,5.99,3,3,0.00,0.00,0,0
1508092401,total,249198.81,252017.98,501216.78,252270,249448,178.82,177.82,356.64,178,179,0.00,0.00,0,0
1508092402,s1,0.00,0.00,0.00,0,0,0.00,0.00,0.00,0,0,0.00,0.00,0,0
1508092402,eth0,0.00,0.00,0.00,0,0,0.00,0.00,0.00,0,0,0.00,0.00,0,0
1508092402,eth1,0.00,0.00,0.00,0,0,0.00,0.00,0.00,0,0,0.00,0.00,0,0
1508092402,s1-eth2,5280.00,248808.00,254088.00,248808,5280,80.00,84.00,164.00,84,80,0.00,0.00,0,0
1508092402,s1-eth1,245846.00,5280.00,251126.00,5280,245846,83.00,80.00,163.00,80,83,0.00,0.00,0,0
1508092402,lo,0.00,0.00,0.00,0,0,0.00,0.00,0.00,0,0,0.00,0.00,0,0
1508092402,total,251126.00,254088.00,505214.00,254088,251126,163.00,164.00,327.00,164,163,0.00,0.00,0,0
1508092403,s1,0.00,0.00,0.00,0,0,0.00,0.00,0.00,0,0,0.00,0.00,0,0
1508092403,eth0,0.00,0.00,0.00,0,0,0.00,0.00,0.00,0,0,0.00,0.00,0,0
1508092403,eth1,0.00,0.00,0.00,0,0,0.00,0.00,0.00,0,0,0.00,0.00,0,0
1508092403,s1-eth2,6161.84,246325.69,252487.52,246572,6168,89.91,93.91,183.82,94,90,0.00,0.00,0,0
1508092403,s1-eth1,246259.75,6161.84,252421.58,6168,246506,92.91,89.91,182.82,90,93,0.00,0.00,0,0
1508092403,lo,0.00,0.00,0.00,0,0,0.00,0.00,0.00,0,0,0.00,0.00,0,0
1508092403,total,252421.58,252487.52,504909.09,252740,252674,182.82,183.82,366.63,184,183,0.00,0.00,0,0
1508092404,s1,0.00,0.00,0.00,0,0,0.00,0.00,0.00,0,0,0.00,0.00,0,0
1508092404,eth0,0.00,0.00,0.00,0,0,0.00,0.00,0.00,0,0,0.00,0.00,0,0
1508092404,eth1,0.00,0.00,0.00,0,0,0.00,0.00,0.00,0,0,0.00,0.00,0,0
1508092404,s1-eth2,6071.93,252309.70,258381.62,252562,6078,88.91,96.90,185.81,97,89,0.00,0.00,0,0
1508092404,s1-eth1,243774.23,6137.86,249912.09,6144,244018,94.91,89.91,184.82,90,95,0.00,0.00,0,0
1508092404,lo,0.00,0.00,0.00,0,0,0.00,0.00,0.00,0,0,0.00,0.00,0,0
1508092404,total,249846.16,258447.56,508293.72,258706,250096,183.82,186.81,370.63,187,184,0.00,0.00,0,0
1508092405,s1,0.00,0.00,0.00,0,0,0.00,0.00,0.00,0,0,0.00,0.00,0,0
1508092405,eth0,0.00,0.00,0.00,0,0,0.00,0.00,0.00,0,0,0.00,0.00,0,0
1508092405,eth1,0.00,0.00,0.00,0,0,0.00,0.00,0.00,0,0,0.00,0.00,0,0
1508092405,s1-eth2,1120.88,36575.43,37696.30,36612,1122,16.98,13.99,30.97,14,17,0.00,0.00,0,0
1508092405,s1-eth1,45452.55,1054.95,46507.49,1056,45498,16.98,15.98,32.97,16,17,0.00,0.00,0,0
1508092405,lo,0.00,0.00,0.00,0,0,0.00,0.00,0.00,0,0,0.00,0.00,0,0
1508092405,total,46573.43,37630.37,84203.80,37668,46620,33.97,29.97,63.94,30,34,0.00,0.00,0,0
1508092406,s1,0.00,0.00,0.00,0,0,0.00,0.00,0.00,0,0,0.00,0.00,0,0
1508092406,eth0,0.00,0.00,0.00,0,0,0.00,0.00,0.00,0,0,0.00,0.00,0,0
1508092406,eth1,0.00,0.00,0.00,0,0,0.00,0.00,0.00,0,0,0.00,0.00,0,0
1508092406,s1-eth2,0.00,0.00,0.00,0,0,0.00,0.00,0.00,0,0,0.00,0.00,0,0
1508092406,s1-eth1,0.00,0.00,0.00,0,0,0.00,0.00,0.00,0,0,0.00,0.00,0,0
1508092406,lo,171.83,171.83,343.66,172,172,3.00,3.00,5.99,3,3,0.00,0.00,0,0
1508092406,total,171.83,171.83,343.66,172,172,3.00,3.00,5.99,3,3,0.00,0.00,0,0
1508092407,s1,0.00,0.00,0.00,0,0,0.00,0.00,0.00,0,0,0.00,0.00,0,0
1508092407,eth0,0.00,0.00,0.00,0,0,0.00,0.00,0.00,0,0,0.00,0.00,0,0
1508092407,eth1,0.00,0.00,0.00,0,0,0.00,0.00,0.00,0,0,0.00,0.00,0,0
1508092407,s1-eth2,0.00,0.00,0.00,0,0,0.00,0.00,0.00,0,0,0.00,0.00,0,0
1508092407,s1-eth1,0.00,0.00,0.00,0,0,0.00,0.00,0.00,0,0,0.00,0.00,0,0
1508092407,lo,0.00,0.00,0.00,0,0,0.00,0.00,0.00,0,0,0.00,0.00,0,0
1508092407,total,0.00,0.00,0.00,0,0,0.00,0.00,0.00,0,0,0.00,0.00,0,0
1508092408,s1,0.00,0.00,0.00,0,0,0.00,0.00,0.00,0,0,0.00,0.00,0,0
1508092408,eth0,0.00,0.00,0.00,0,0,0.00,0.00,0.00,0,0,0.00,0.00,0,0
1508092408,eth1,0.00,0.00,0.00,0,0,0.00,0.00,0.00,0,0,0.00,0.00,0,0
1508092408,s1-eth2,449.00,0.00,449.00,0,449,2.00,0.00,2.00,0,2,0.00,0.00,0,0
1508092408,s1-eth1,107.00,0.00,107.00,0,107,1.00,0.00,1.00,0,1,0.00,0.00,0,0
1508092408,lo,0.00,0.00,0.00,0,0,0.00,0.00,0.00,0,0,0.00,0.00,0,0
1508092408,total,556.00,0.00,556.00,0