1508092253,s1,0.00,0.00,0.00,0,0,0.00,0.00,0.00,0,0,0.00,0.00,0,0
1508092253,eth0,0.00,0.00,0.00,0,0,0.00,0.00,0.00,0,0,0.00,0.00,0,0
1508092253,eth1,0.00,0.00,0.00,0,0,0.00,0.00,0.00,0,0,0.00,0.00,0,0
1508092253,s2,0.00,0.00,0.00,0,0,0.00,0.00,0.00,0,0,0.00,0.00,0,0
1508092253,s1-eth2,0.00,0.00,0.00,0,0,0.00,0.00,0.00,0,0,0.00,0.00,0,0
1508092253,s1-eth1,0.00,0.00,0.00,0,0,0.00,0.00,0.00,0,0,0.00,0.00,0,0
1508092253,s2-eth2,0.00,0.00,0.00,0,0,0.00,0.00,0.00,0,0,0.00,0.00,0,0
1508092253,s2-eth1,0.00,0.00,0.00,0,0,0.00,0.00,0.00,0,0,0.00,0.00,0,0
1508092253,lo,0.00,0.00,0.00,0,0,0.00,0.00,0.00,0,0,0.00,0.00,0,0
1508092253,total,0.00,0.00,0.00,0,0,0.00,0.00,0.00,0,0,0.00,0.00,0,0
1508092254,s1,250.00,160.00,410.00,160,250,3.00,2.00,5.00,2,3,0.00,0.00,0,0
1508092254,eth0,760.00,1225.00,1985.00,1225,760,10.00,10.00,20.00,10,10,0.00,0.00,0,0
1508092254,eth1,0.00,0.00,0.00,0,0,0.00,0.00,0.00,0,0,0.00,0.00,0,0
1508092254,s2,160.00,250.00,410.00,250,160,2.00,3.00,5.00,3,2,0.00,0.00,0,0
1508092254,s1-eth2,1484.00,160.00,1644.00,160,1484,10.00,2.00,12.00,2,10,0.00,0.00,0,0
1508092254,s1-eth1,1844.00,0.00,1844.00,0,1844,14.00,0.00,14.00,0,14,0.00,0.00,0,0
1508092254,s2-eth2,1554.00,90.00,1644.00,90,1554,11.00,1.00,12.00,1,11,0.00,0.00,0,0
1508092254,s2-eth1,2196.00,160.00,2356.00,160,2196,12.00,2.00,14.00,2,12,0.00,0.00,0,0
1508092254,lo,4505.00,4505.00,9010.00,4505,4505,50.00,50.00,100.00,50,50,0.00,0.00,0,0
1508092254,total,12753.00,6550.00,19303.00,6550,12753,112.00,70.00,182.00,70,112,0.00,0.00,0,0
1508092255,s1,0.00,89.91,89.91,90,0,0.00,1.00,1.00,1,0,0.00,0.00,0,0
1508092255,eth0,151.85,244.76,396.60,245,152,2.00,2.00,4.00,2,2,0.00,0.00,0,0
1508092255,eth1,0.00,0.00,0.00,0,0,0.00,0.00,0.00,0,0,0.00,0.00,0,0
1508092255,s2,89.91,89.91,179.82,90,90,1.00,1.00,2.00,1,1,0.00,0.00,0,0
1508092255,s1-eth2,1506.49,89.91,1596.40,90,1508,6.99,1.00,7.99,1,7,0.00,0.00,0,0
1508092255,s1-eth1,1396.60,0.00,1396.60,0,1398,5.99,0.00,5.99,0,6,0.00,0.00,0,0
1508092255,s2-eth2,1686.31,0.00,1686.31,0,1688,8.99,0.00,8.99,0,9,0.00,0.00,0,0
1508092255,s2-eth1,603.40,89.91,693.31,90,604,3.00,1.00,4.00,1,3,0.00,0.00,0,0
1508092255,lo,1203.80,1203.80,2407.59,1205,1205,12.99,12.99,25.97,13,13,0.00,0.00,0,0
1508092255,total,6638.36,1808.19,8446.55,1810,6645,40.96,18.98,59.94,19,41,0.00,0.00,0,0
1508092256,s1,0.00,0.00,0.00,0,0,0.00,0.00,0.00,0,0,0.00,0.00,0,0
1508092256,eth0,0.00,0.00,0.00,0,0,0.00,0.00,0.00,0,0,0.00,0.00,0,0
1508092256,eth1,0.00,0.00,0.00,0,0,0.00,0.00,0.00,0,0,0.00,0.00,0,0
1508092256,s2,0.00,0.00,0.00,0,0,0.00,0.00,0.00,0,0,0.00,0.00,0,0
1508092256,s1-eth2,327.00,0.00,327.00,0,327,1.00,0.00,1.00,0,1,0.00,0.00,0,0
1508092256,s1-eth1,327.00,0.00,327.00,0,327,1.00,0.00,1.00,0,1,0.00,0.00,0,0
1508092256,s2-eth2,327.00,0.00,327.00,0,327,1.00,0.00,1.00,0,1,0.00,0.00,0,0
1508092256,s2-eth1,342.00,0.00,342.00,0,342,1.00,0.00,1.00,0,1,0.00,0.00,0,0
1508092256,lo,0.00,0.00,0.00,0,0,0.00,0.00,0.00,0,0,0.00,0.00,0,0
1508092256,total,1323.00,0.00,1323.00,0,1323,4.00,0.00,4.00,0,4,0.00,0.00,0,0
1508092257,s1,0.00,70.00,70.00,70,0,0.00,1.00,1.00,1,0,0.00,0.00,0,0
1508092257,eth0,60.00,60.00,120.00,60,60,1.00,1.00,2.00,1,1,0.00,0.00,0,0
1508092257,eth1,0.00,0.00,0.00,0,0,0.00,0.00,0.00,0,0,0.00,0.00,0,0
1508092257,s2,0.00,70.00,70.00,70,0,0.00,1.00,1.00,1,0,0.00,0.00,0,0
1508092257,s1-eth2,486.00,42.00,528.00,42,486,4.00,1.00,5.00,1,4,0.00,0.00,0,0
1508092257,s1-eth1,416.00,112.00,528.00,112,416,3.00,2.00,5.00,2,3,0.00,0.00,0,0
1508092257,s2-eth2,374.00,70.00,444.00,70,374,2.00,1.00,3.00,1,2,0.00,0.00,0,0
1508092257,s2-eth1,841.00,0.00,841.00,0,841,5.00,0.00,5.00,0,5,0.00,0.00,0,0
1508092257,lo,1024.00,1024.00,2048.00,1024,1024,10.00,10.00,20.00,10,10,0.00,0.00,0,0
1508092257,total,3201.00,1448.00,4649.00,1448,3201,25.00,17.00,42.00,17,25,0.00,0.00,0,0
1508092258,s1,70.00,70.00,140.00,70,70,1.00,1.00,2.00,1,1,0.00,0.00,0,0
1508092258,eth0,0.00,0.00,0.00,0,0,0.00,0.00,0.00,0,0,0.00,0.00,0,0
1508092258,eth1,0.00,0.00,0.00,0,0,0.00,0.00,0.00,0,0,0.00,0.00,0,0
1508092258,s2,70.00,70.00,140.00,70,70,1.00,1.00,2.00,1,1,0.00,0.00,0,0
1508092258,s1-eth2,467.00,70.00,537.00,70,467,3.00,1.00,4.00,1,3,0.00,0.00,0,0
1508092258,s1-eth1,537.00,0.00,537.00,0,537,4.00,0.00,4.00,0,4,0.00,0.00,0,0
1508092258,s2-eth2,537.00,0.00,537.00,0,537,4.00,0.00,4.00,0,4,0.00,0.00,0,0
1508092258,s2-eth1,70.00,70.00,140.00,70,70,1.00,1.00,2.00,1,1,0.00,0.00,0,0
1508092258,lo,1124.00,1124.00,2248.00,1124,1124,13.00,13.00,26.00,13,13,0.00,0.00,0,0
1508092258,total,2875.00,1404.00,4279.00,1404,2875,27.00,17.00,44.00,17,27,0.00,0.00,0,0
1508092259,s1,0.00,0.00,0.00,0,0,0.00,0.00,0.00,0,0,0.00,0.00,0,0
1508092259,eth0,0.00,0.00,0.00,0,0,0.00,0.00,0.00,0,0,0.00,0.00,0,0
1508092259,eth1,0.00,0.00,0.00,0,0,0.00,0.00,0.00,0,0,0.00,0.00,0,0
1508092259,s2,0.00,0.00,0.00,0,0,0.00,0.00,0.00,0,0,0.00,0.00,0,0
1508092259,s1-eth2,0.00,0.00,0.00,0,0,0.00,0.00,0.00,0,0,0.00,0.00,0,0
1508092259,s1-eth1,0.00,0.00,0.00,0,0,0.00,0.00,0.00,0,0,0.00,0.00,0,0
1508092259,s2-eth2,341.66,0.00,341.66,0,342,1.00,0.00,1.00,0,1,0.00,0.00,0,0
1508092259,s2-eth1,0.00,0.00,0.00,0,0,0.00,0.00,0.00,0,0,0.00,0.00,0,0
1508092259,lo,0.00,0.00,0.00,0,0,0.00,0.00,0.00,0,0,0.00,0.00,0,0
1508092259,total,341.66,0.00,341.66,0,342,1.00,0.00,1.00,0,1,0.00,0.00,0,0
1508092260,s1,0.00,0.00,0.00,0,0,0.00,0.00,0.00,0,0,0.00,0.00,0,0
1508092260,eth0,0.00,0.00,0.00,0,0,0.00,0.00,0.00,0,0,0.00,0.00,0,0
1508092260,eth1,0.00,0.00,0.00,0,0,0.00,0.00,0.00,0,0,0.00,0.00,0,0
1508092260,s2,0.00,0.00,0.00,0,0,0.00,0.00,0.00,0,0,0.00,0.00,0,0
1508092260,s1-eth2,0.00,0.00,0.00,0,0,0.00,0.00,0.00,0,0,0.00,0.00,0,0
1508092260,s1-eth1,341.66,0.00,341.66,0,342,1.00,0.00,1.00,0,1,0.00,0.00,0,0
1508092260,s2-eth2,0.00,0.00,0.00,0,0,0.00,0.00,0.00,0,0,0.00,0.00,0,0
1508092260,s2-eth1,0.00,0.00,0.00,0,0,0.00,0.00,0.00,0,0,0.00,0.00,0,0
1508092260,lo,0.00,0.00,0.00,0,0,0.00,0.00,0.00,0,0,0.00,0.00,0,0
1508092260,total,341.66,0.00,341.66,0,342,1.00,0.00,1.00,0,1,0.00,0.00,0,0
1508092261,s1,0.00,69.93,69.93,70,0,0.00,1.00,1.00,1,0,0.00,0.00,0,0
1508092261,eth0,0.00,0.00,0.00,0,0,0.00,0.00,0.00,0,0,0.00,0.00,0,0
1508092261,eth1,0.00,0.00,0.00,0,0,0.00,0.00,0.00,0,0,0.00,0.00,0,0
1508092261,s2,0.00,69.93,69.93,70,0,0.00,1.00,1.00,1,0,0.00,0.00,0,0
1508092261,s1-eth2,176.82,0.00,176.82,0,177,2.00,0.00,2.00,0,2,0.00,0.00,0,0
1508092261,s1-eth1,106.89,69.93,176.82,70,107,1.00,1.00,2.00,1,1,0.00,0.00,0,0
1508092261,s2-eth2,106.89,69.93,176.82,70,107,1.00,1.00,2.00,1,1,0.00,0.00,0,0
1508092261,s2-eth1,176.82,0.00,176.82,0,177,2.00,0.00,2.00,0,2,0.00,0.00,0,0
1508092261,lo,535.46,535.46,1070.93,536,536,5.99,5.99,11.99,6,6,0.00,0.00,0,0
1508092261,total,1102.90,815.18,1918.08,816,1104,11.99,9.99,21.98,10,12,0.00,0.00,0,0
1508092262,s1,70.00,70.00,140.00,70,70,1.00,1.00,2.00,1,1,0.00,0.00,0,0
1508092262,eth0,0.00,0.00,0.00,0,0,0.00,0.00,0.00,0,0,0.00,0.00,0,0
1508092262,eth1,0.00,0.00,0.00,0,0,0.00,0.00,0.00,0,0,0.00,0.00,0,0
1508092262,s2,70.00,70.00,140.00,70,70,1.00,1.00,2.00,1,1,0.00,0.00,0,0
1508092262,s1-eth2,140.00,70.00,210.00,70,140,2.00,1.00,3.00,1,2,0.00,0.00,0,0
1508092262,s1-eth1,210.00,0.00,210.00,0,210,3.00,0.00,3.00,0,3,0.00,0.00,0,0
1508092262,s2-eth2,210.00,0.00,210.00,0,210,3.00,0.00,3.00,0,3,0.00,0.00,0,0
1508092262,s2-eth1,482.00,70.00,552.00,70,482,3.00,1.00,4.00,1,3,0.00,0.00,0,0
1508092262,lo,1072.00,1072.00,2144.00,1072,1072,12.00,12.00,24.00,12,12,0.00,0.00,0,0
1508092262,total,2254.00,1352.00,3606.00,1352,2254,25.00,16.00,41.00,16,25,0.00,0.00,0,0
1508092263,s1,0.00,0.00,0.00,0,0,0.00,0.00,0.00,0,0,0.00,0.00,0,0
1508092263,eth0,0.00,0.00,0.00,0,0,0.00,0.00,0.00,0,0,0.00,0.00,0,0
1508092263,eth1,0.00,0.00,0.00,0,0,0.00,0.00,0.00,0,0,0.00,0.00,0,0
1508092263,s2,0.00,0.00,0.00,0,0,0.00,0.00,0.00,0,0,0.00,0.00,0,0
1508092263,s1-eth2,341.66,0.00,341.66,0,342,1.00,0.00,1.00,0,1,0.00,0.00,0,0
1508092263,s1-eth1,0.00,0.00,0.00,0,0,0.00,0.00,0.00,0,0,0.00,0.00,0,0
1508092263,s2-eth2,0.00,0.00,0.00,0,0,0.00,0.00,0.00,0,0,0.00,0.00,0,0
1508092263,s2-eth1,0.00,0.00,0.00,0,0,0.00,0.00,0.00,0,0,0.00,0.00,0,0
1508092263,lo,0.00,0.00,0.00,0,0,0.00,0.00,0.00,0,0,0.00,0.00,0,0
1508092263,total,341.66,0.00,341.66,0,342,1.00,0.00,1.00,0,1,0.00,0.00,0,0
1508092264,s1,0.00,0.00,0.00,0,0,0.00,0.00,0.00,0,0,0.00,0.00,0,0
1508092264,eth0,0.00,0.00,0.00,0,0,0.00,0.00,0.00,0,0,0.00,0.00,0,0
1508092264,eth1,0.00,0.00,0.00,0,0,0.00,0.00,0.00,0,0,0.00,0.00,0,0
1508092264,s2,0.00,0.00,0.00,0,0,0.00,0.00,0.00,0,0,0.00,0.00,0,0
1508092264,s1-eth2,0.00,0.00,0.00,0,0,0.00,0.00,0.00,0,0,0.00,0.00,0,0
1508092264,s1-eth1,0.00,0.00,0.00,0,0,0.00,0.00,0.00,0,0,0.00,0.00,0,0
1508092264,s2-eth2,342.00,0.00,342.00,0,342,1.00,0.00,1.00,0,1,0.00,0.00,0,0
1508092264,s2-eth1,0.00,0.00,0.00,0,0,0.00,0.00,0.00,0,0,0.00,0.00,0,0
1508092264,lo,0.00,0.00,0.00,0,0,0.00,0.00,0.00,0,0,0.00,0.00,0,0
1508092264,total,342.00,0.00,342.00,0,342,1.00,0.00,1.00,0,1,0.00,0.00,0,0
1508092265,s1,0.00,0.00,0.00,0,0,0.00,0.00,0.00,0,0,0.00,0.00,0,0
1508092265,eth0,0.00,0.00,0.00,0,0,0.00,0.00,0.00,0,0,0.00,0.00,0,0
1508092265,eth1,0.00,0.00,0.00,0,0,0.00,0.00,0.00,0,0,0.00,0.00,0,0
1508092265,s2,0.00,0.00,0.00,0,0,0.00,0.00,0.00,0,0,0.00,0.00,0,0
1508092265,s1-eth2,0.00,0.00,0.00,0,0,0.00,0.00,0.00,0,0,0.00,0.00,0,0
1508092265,s1-eth1,0.00,0.00,0.00,0,0,0.00,0.00,0.00,0,0,0.00,0.00,0,0
1508092265,s2-eth2,0.00,0.00,0.00,0,0,0.00,0.00,0.00,0,0,0.00,0.00,0,0
1508092265,s2-eth1,0.00,0.00,0.00,0,0,0.00,0.00,0.00,0,0,0.00,0.00,0,0
1508092265,lo,0.00,0.00,0.00,0,0,0.00,0.00,0.00,0,0,0.00,0.00,0,0
1508092265,total,0.00,0.00,0.00,0,0,0.00,0.00,0.00,0,0,0.00,0.00,0,0
1508092266,s1,0.00,0.00,0.00,0,0,0.00,0.00,0.00,0,0,0.00,0.00,0,0
1508092266,eth0,0.00,0.00,0.00,0,0,0.00,0.00,0.00,0,0,0.00,0.00,0,0
1508092266,eth1,0.00,0.00,0.00,0,0,0.00,0.00,0.00,0,0,0.00,0.00,0,0
1508092266,s2,0.00,0.00,0.00,0,0,0.00,0.00,0.00,0,0,0.00,0.00,0,0
1508092266,s1-eth2,0.00,0.00,0.00,0,0,0.00,0.00,0.00,0,0,0.00,0.00,0,0
1508092266,s1-eth1,0.00,0.00,0.00,0,0,0.00,0.00,0.00,0,0,0.00,0.00,0,0
1508092266,s2-eth2,0.00,0.00,0.00,0,0,0.00,0.00,0.00,0,0,0.00,0.00,0,0
1508092266,s2-eth1,0.00,0.00,0.00,0,0,0.00,0.00,0.00,0,0,0.00,0.00,0,0
1508092266,lo,344.00,344.00,688.00,344,344,6.00,6.00,12.00,6,6,0.00,0.00,0,0
1508092266,total,344.00,344.00,688.00,344,344,6.00,6.00,12.00,6,6,0.00,0.00,0,0
1508092267,s1,0.00,0.00,0.00,0,0,0.00,0.00,0.00,0,0,0.00,0.00,0,0
1508092267,eth0,0.00,0.00,0.00,0,0,0.00,0.00,0.00,0,0,0.00,0.00,0,0
1508092267,eth1,0.00,0.00,0.00,0,0,0.00,0.00,0.00,0,0,0.00,0.00,0,0
1508092267,s2,0.00,0.00,0.00,0,0,0.00,0.00,0.00,0,0,0.00,0.00,0,0
1508092267,s1-eth2,0.00,0.00,0.00,0,0,0.00,0.00,0.00,0,0,0.00,0.00,0,0
1508092267,s1-eth1,0.00,0.00,0.00,0,0,0.00,0.00,0.00,0,0,0.00,0.00,0,0
1508092267,s2-eth2,0.00,0.00,0.00,0,0,0.00,0.00,0.00,0,0,0.00,0.00,0,0
1508092267,s2-eth1,0.00,0.00,0.00,0,0,0.00,0.00,0.00,0,0,0.00,0.00,0,0
1508092267,lo,0.00,0.00,0.00,0,0,0.00,0.00,0.00,0,0,0.00,0.00,0,0
1508092267,total,0.00,0.00,0.00,0,0,0.00,0.00,0.00,0,0,0.00,0.00,0,0
1508092268,s1,0.00,0.00,0.00,0,0,0.00,0.00,0.00,0,0,0.00,0.00,0,0
1508092268,eth0,0.00,0.00,0.00,0,0,0.00,0.00,0.00,0,0,0.00,0.00,0,0
1508092268,eth1,0.00,0.00,0.00,0,0,0.00,0.00,0.00,0,0,0.00,0.00,0,0
1508092268,s2,0.00,0.00,0.00,0,0,0.00,0.00,0.00,0,0,0.00,0.00,0,0
1508092268,s1-eth2,0.00,0.00,0.00,0,0,0.00,0.00,0.00,0,0,0.00,0.00,0,0
1508092268,s1-eth1,0.00,0.00,0.00,0,0,0.00,0.00,0.00,0,0,0.00,0.00,0,0
1508092268,s2-eth2,0.00,0.00,0.00,0,0,0.00,0.00,0.00,0,0,0.00,0.00,0,0
1508092268,s2-eth1,0.00,0.00,0.00,0,0,0.00,0.00,0.00,0,0,0.00,0.00,0,0
1508092268,lo,0.00,0.00,0.00,0,0,0.00,0.00,0.00,0,0,0.00,0.00,0,0
1508092268,total,0.00,0.00,0.00,0,0,0.00,0.00,0.00,0,0,0.00,0.00,0,0
1508092269,s1,0.00,0.00,0.00,0,0,0.00,0.00,0.00,0,0,0.00,0.00,0,0
1508092269,eth0,0.00,0.00,0.00,0,0,0.00,0.00,0.00,0,0,0.00,0.00,0,0
1508092269,eth1,0.00,0.00,0.00,0,0,0.00,0.00,0.00,0,0,0.00,0.00,0,0
1508092269,s2,0.00,0.00,0.00,0,0,0.00,0.00,0.00,0,0,0.00,0.00,0,0
1508092269,s1-eth2,107.00,0.00,107.00,0,107,1.00,0.00,1.00,0,1,0.00,0.00,0,0
1508092269,s1-eth1,107.00,0.00,107.00,0,107,1.00,0.00,1.00,0,1,0.00,0.00,0,0
1508092269,s2-eth2,107.00,0.00,107.00,0,107,1.00,0.00,1.00,0,1,0.00,0.00,0,0
1508092269,s2-eth1,107.00,0.00,107.00,0,107,1.00,0.00,1.00,0,1,0.00,0.00,0,0
1508092269,lo,0.00,0.00,0.00,0,0,0.00,0.00,0.00,0,0,0.00,0.00,0,0
1508092269,total,428.00,0.00,428.00,0,428,4.00,0.00,4.00,0,4,0.00,0.00,0,0
1508092270,s1,0.00,0.00,0.00,0,0,0.00,0.00,0.00,0,0,0.00,0.00,0,0
1508092270,eth0,0.00,0.00,0.00,0,0,0.00,0.00,0.00,0,0,0.00,0.00,0,0
1508092270,eth1,0.00,0.00,0.00,0,0,0.00,0.00,0.00,0,0,0.00,0.00,0,0
1508092270,s2,0.00,0.00,0.00,0,0,0.00,0.00,0.00,0,0,0.00,0.00,0,0
1508092270,s1-eth2,0.00,0.00,0.00,0,0,0.00,0.00,0.00,0,0,0.00,0.00,0,0
1508092270,s1-eth1,0.00,0.00,0.00,0,0,0.00,0.00,0.00,0,0,0.00,0.00,0,0
1508092270,s2-eth2,342.00,0.00,342.00,0,342,1.00,0.00,1.00,0,1,0.00,0.00,0,0
1508092270,s2-eth1,0.00,0.00,0.00,0,0,0.00,0.00,0.00,0,0,0.00,0.00,0,0
1508092270,lo,0.00,0.00,0.00,0,0,0.00,0.00,0.00,0,0,0.00,0.00,0,0
1508092270,total,342.00,0.00,342.00,0,342,1.00,0.00,1.00,0,1,0.00,0.00,0,0
1508092271,s1,0.00,0.00,0.00,0,0,0.00,0.00,0.00,0,0,0.00,0.00,0,0
1508092271,eth0,0.00,0.00,0.00,0,0,0.00,0.00,0.00,0,0,0.00,0.00,0,0
1508092271,eth1,0.00,0.00,0.00,0,0,0.00,0.00,0.00,0,0,0.00,0.00,0,0
1508092271,s2,0.00,0.00,0.00,0,0,0.00,0.00,0.00,0,0,0.00,0.00,0,0
1508092271,s1-eth2,0.00,0.00,0.00,0,0,0.00,0.00,0.00,0,0,0.00,0.00,0,0
1508092271,s1-eth1,342.00,0.00,342.00,0,342,1.00,0.00,1.00,0,1,0.00,0.00,0,0
1508092271,s2-eth2,0.00,0.00,0.00,0,0,0.00,0.00,0.00,0,0,0.00,0.00,0,0
1508092271,s2-eth1,342.00,0.00,342.00,0,342,1.00,0.00,1.00,0,1,0.00,0.00,0,0
1508092271,lo,344.00,344.00,688.00,344,344,6.00,6.00,12.00,6,6,0.00,0.00,0,0
1508092271,total,1028.00,344.00,1372.00,344,1028,8.00,6.00,14.00,6,8,0.00,0.00,0,0
1508092272,s1,0.00,0.00,0.00,0,0,0.00,0.00,0.00,0,0,0.00,0.00,0,0
1508092272,eth0,0.00,0.00,0.00,0,0,0.00,0.00,0.00,0,0,0.00,0.00,0,0
1508092272,eth1,0.00,0.00,0.00,0,0,0.00,0.00,0.00,0,0,0.00,0.00,0,0
1508092272,s2,0.00,0.00,0.00,0,0,0.00,0.00,0.00,0,0,0.00,0.00,0,0
1508092272,s1-eth2,0.00,0.00,0.00,0,0,0.00,0.00,0.00,0,0,0.00,0.00,0,0
1508092272,s1-eth1,0.00,0.00,0.00,0,0,0.00,0.00,0.00,0,0,0.00,0.00,0,0
1508092272,s2-eth2,0.00,0.00,0.00,0,0,0.00,0.00,0.00,0,0,0.00,0.00,0,0
1508092272,s2-eth1,0.00,0.00,0.00,0,0,0.00,0.00,0.00,0,0,0.00,0.00,0,0
1508092272,lo,0.00,0.00,0.00,0,0,0.00,0.00,0.00,0,0,0.00,0.00,0,0
1508092272,total,0.00,0.00,0.00,0,0,0.00,0.00,0.00,0,0,0.00,0.00,0,0
1508092273,s1,0.00,42.00,42.00,42,0,0.00,1.00,1.00,1,0,0.00,0.00,0,0
1508092273,eth0,0.00,0.00,0.00,0,0,0.00,0.00,0.00,0,0,0.00,0.00,0,0
1508092273,eth1,0.00,0.00,0.00,0,0,0.00,0.00,0.00,0,0,0.00,0.00,0,0
1508092273,s2,0.00,84.00,84.00,84,0,0.00,2.00,2.00,2,0,0.00,0.00,0,0
1508092273,s1-eth2,11884.00,270402.00,282286.00,270402,11884,154.00,189.00,343.00,189,154,0.00,0.00,0,0
1508092273,s1-eth1,232552.00,11884.00,244436.00,11884,232552,164.00,154.00,318.00,154,164,0.00,0.00,0,0
1508092273,s2-eth2,2426.00,106240.00,108666.00,106240,2426,33.00,74.00,107.00,74,33,0.00,0.00,0,0
1508092273,s2-eth1,63848.00,2426.00,66274.00,2426,63848,46.00,33.00,79.00,33,46,0.00,0.00,0,0
1508092273,lo,4736.00,4736.00,9472.00,4736,4736,42.00,42.00,84.00,42,42,0.00,0.00,0,0
1508092273,total,315446.00,395814.00,711260.00,395814,315446,439.00,495.00,934.00,495,439,0.00,0.00,0,0
1508092274,s1,0.00,41.96,41.96,42,0,0.00,1.00,1.00,1,0,0.00,0.00,0,0
1508092274,eth0,0.00,0.00,0.00,0,0,0.00,0.00,0.00,0,0,0.00,0.00,0,0
1508092274,eth1,0.00,0.00,0.00,0,0,0.00,0.00,0.00,0,0,0.00,0.00,0,0
1508092274,s2,0.00,41.96,41.96,42,0,0.00,1.00,1.00,1,0,0.00,0.00,0,0
1508092274,s1-eth2,12479.52,245064.94,257544.47,245310,12492,153.85,162.84,316.68,163,154,0.00,0.00,0,0
1508092274,s1-eth1,249602.41,12137.86,261740.27,12150,249852,165.83,152.85,318.68,153,166,0.00,0.00,0,0
1508092274,s2-eth2,13474.53,239014.98,252489.52,239254,13488,161.84,158.84,320.68,159,162,0.00,0.00,0,0
1508092274,s2-eth1,249602.41,13474.53,263076.94,13488,249852,165.83,161.84,327.67,162,166,0.00,0.00,0,0
1508092274,lo,479.52,479.52,959.04,480,480,5.99,5.99,11.99,6,6,0.00,0.00,0,0
1508092274,total,525638.38,510255.75,1035894.12,510766,526164,653.35,644.36,1297.70,645,654,0.00,0.00,0,0
1508092275,s1,0.00,42.00,42.00,42,0,0.00,1.00,1.00,1,0,0.00,0.00,0,0
1508092275,eth0,0.00,0.00,0.00,0,0,0.00,0.00,0.00,0,0,0.00,0.00,0,0
1508092275,eth1,0.00,0.00,0.00,0,0,0.00,0.00,0.00,0,0,0.00,0.00,0,0
1508092275,s2,0.00,42.00,42.00,42,0,0.00,1.00,1.00,1,0,0.00,0.00,0,0
1508092275,s1-eth2,12088.00,245310.00,257398.00,245310,12088,158.00,163.00,321.00,163,158,0.00,0.00,0,0
1508092275,s1-eth1,249852.00,12088.00,261940.00,12088,249852,166.00,158.00,324.00,158,166,0.00,0.00,0,0
1508092275,s2-eth2,9416.00,234712.00,244128.00,234712,9416,116.00,156.00,272.00,156,116,0.00,0.00,0,0
1508092275,s2-eth1,239212.00,9416.00,248628.00,9416,239212,158.00,116.00,274.00,116,158,0.00,0.00,0,0
1508092275,lo,480.00,480.00,960.00,480,480,6.00,6.00,12.00,6,6,0.00,0.00,0,0
1508092275,total,511048.00,502090.00,1013138.00,502090,511048,604.00,601.00,1205.00,601,604,0.00,0.00,0,0
1508092276,s1,0.00,42.00,42.00,42,0,0.00,1.00,1.00,1,0,0.00,0.00,0,0
1508092276,eth0,0.00,0.00,0.00,0,0,0.00,0.00,0.00,0,0,0.00,0.00,0,0
1508092276,eth1,0.00,0.00,0.00,0,0,0.00,0.00,0.00,0,0,0.00,0.00,0,0
1508092276,s2,0.00,42.00,42.00,42,0,0.00,1.00,1.00,1,0,0.00,0.00,0,0
1508092276,s1-eth2,12540.00,249852.00,262392.00,249852,12540,162.00,166.00,328.00,166,162,0.00,0.00,0,0
1508092276,s1-eth1,251366.00,12540.00,263906.00,12540,251366,167.00,162.00,329.00,162,167,0.00,0.00,0,0
1508092276,s2-eth2,9672.00,242282.00,251954.00,242282,9672,126.00,161.00,287.00,161,126,0.00,0.00,0,0
1508092276,s2-eth1,246824.00,9672.00,256496.00,9672,246824,164.00,126.00,290.00,126,164,0.00,0.00,0,0
1508092276,lo,480.00,480.00,960.00,480,480,6.00,6.00,12.00,6,6,0.00,0.00,0,0
1508092276,total,520882.00,514910.00,1035792.00,514910,520882,625.00,623.00,1248.00,623,625,0.00,0.00,0,0
1508092277,s1,0.00,42.00,42.00,42,0,0.00,1.00,1.00,1,0,0.00,0.00,0,0
1508092277,eth0,0.00,0.00,0.00,0,0,0.00,0.00,0.00,0,0,0.00,0.00,0,0
1508092277,eth1,0.00,0.00,0.00,0,0,0.00,0.00,0.00,0,0,0.00,0.00,0,0
1508092277,s2,0.00,42.00,42.00,42,0,0.00,1.00,1.00,1,0,0.00,0.00,0,0
1508092277,s1-eth2,12018.00,258936.00,270954.00,258936,12018,159.00,172.00,331.00,172,159,0.00,0.00,0,0
1508092277,s1-eth1,249852.00,12018.00,261870.00,12018,249852,166.00,159.00,325.00,159,166,0.00,0.00,0,0
1508092277,s2-eth2,6290.00,228656.00,234946.00,228656,6290,85.00,152.00,237.00,152,85,0.00,0.00,0,0
1508092277,s2-eth1,222600.00,6462.00,229062.00,6462,222600,148.00,87.00,235.00,87,148,0.00,0.00,0,0
1508092277,lo,480.00,480.00,960.00,480,480,6.00,6.00,12.00,6,6,0.00,0.00,0,0
1508092277,total,491240.00,506636.00,997876.00,506636,491240,564.00,578.00,1142.00,578,564,0.00,0.00,0,0
1508092278,s1,0.00,42.00,42.00,42,0,0.00,1.00,1.00,1,0,0.00,0.00,0,0
1508092278,eth0,0.00,0.00,0.00,0,0,0.00,0.00,0.00,0,0,0.00,0.00,0,0
1508092278,eth1,0.00,0.00,0.00,0,0,0.00,0.00,0.00,0,0,0.00,0.00,0,0
1508092278,s2,0.00,42.00,42.00,42,0,0.00,1.00,1.00,1,0,0.00,0.00,0,0
1508092278,s1-eth2,12458.00,254394.00,266852.00,254394,12458,163.00,169.00,332.00,169,163,0.00,0.00,0,0
1508092278,s1-eth1,249852.00,12458.00,262310.00,12458,249852,166.00,163.00,329.00,163,166,0.00,0.00,0,0
1508092278,s2-eth2,7954.00,201404.00,209358.00,201404,7954,101.00,134.00,235.00,134,101,0.00,0.00,0,0
1508092278,s2-eth1,198376.00,7782.00,206158.00,7782,198376,132.00,99.00,231.00,99,132,0.00,0.00,0,0
1508092278,lo,480.00,480.00,960.00,480,480,6.00,6.00,12.00,6,6,0.00,0.00,0,0
1508092278,total,469120.00,476602.00,945722.00,476602,469120,568.00,573.00,1141.00,573,568,0.00,0.00,0,0
1508092279,s1,0.00,0.00,0.00,0,0,0.00,0.00,0.00,0,0,0.00,0.00,0,0
1508092279,eth0,0.00,0.00,0.00,0,0,0.00,0.00,0.00,0,0,0.00,0.00,0,0
1508092279,eth1,0.00,0.00,0.00,0,0,0.00,0.00,0.00,0,0,0.00,0.00,0,0
1508092279,s2,0.00,0.00,0.00,0,0,0.00,0.00,0.00,0,0,0.00,0.00,0,0
1508092279,s1-eth2,12526.00,257380.00,269906.00,257380,12526,161.00,170.00,331.00,170,161,0.00,0.00,0,0
1508092279,s1-eth1,249810.00,12526.00,262336.00,12526,249810,165.00,161.00,326.00,161,165,0.00,0.00,0,0
1508092279,s2-eth2,7324.00,151400.00,158724.00,151400,7324,90.00,100.00,190.00,100,90,0.00,0.00,0,0
1508092279,s2-eth1,151400.00,7324.00,158724.00,7324,151400,100.00,90.00,190.00,90,100,0.00,0.00,0,0
1508092279,lo,0.00,0.00,0.00,0,0,0.00,0.00,0.00,0,0,0.00,0.00,0,0
1508092279,total,421060.00,428630.00,849690.00,428630,421060,516.00,521.00,1037.00,521,516,0.00,0.00,0,0
1508092280,s1,0.00,0.00,0.00,0,0,0.00,0.00,0.00,0,0,0.00,0.00,0,0
1508092280,eth0,0.00,0.00,0.00,0,0,0.00,0.00,0.00,0,0,0.00,0.00,0,0
1508092280,eth1,0.00,0.00,0.00,0,0,0.00,0.00,0.00,0,0,0.00,0.00,0,0
1508092280,s2,0.00,0.00,0.00,0,0,0.00,0.00,0.00,0,0,0.00,0.00,0,0
1508092280,s1-eth2,12472.00,263436.00,275908.00,263436,12472,160.00,174.00,334.00,174,160,0.00,0.00,0,0
1508092280,s1-eth1,249810.00,12472.00,262282.00,12472,249810,165.00,160.00,325.00,160,165,0.00,0.00,0,0
1508092280,s2-eth2,5130.00,113550.00,118680.00,113550,5130,61.00,75.00,136.00,75,61,0.00,0.00,0,0
1508092280,s2-eth1,116578.00,4788.00,121366.00,4788,116578,77.00,60.00,137.00,60,77,0.00,0.00,0,0
1508092280,lo,0.00,0.00,0.00,0,0,0.00,0.00,0.00,0,0,0.00,0.00,0,0
1508092280,total,383990.00,394246.00,778236.00,394246,383990,463.00,469.00,932.00,469,463,0.00,0.00,0,0
1508092281,s1,0.00,0.00,0.00,0,0,0.00,0.00,0.00,0,0,0.00,0.00,0,0
1508092281,eth0,0.00,0.00,0.00,0,0,0.00,0.00,0.00,0,0,0.00,0.00,0,0
1508092281,eth1,0.00,0.00,0.00,0,0,0.00,0.00,0.00,0,0,0.00,0.00,0,0
1508092281,s2,0.00,0.00,0.00,0,0,0.00,0.00,0.00,0,0,0.00,0.00,0,0
1508092281,s1-eth2,11712.00,260408.00,272120.00,260408,11712,156.00,172.00,328.00,172,156,0.00,0.00,0,0
1508092281,s1-eth1,249810.00,11712.00,261522.00,11712,249810,165.00,156.00,321.00,156,165,0.00,0.00,0,0
1508092281,s2-eth2,3626.00,107494.00,111120.00,107494,3626,49.00,71.00,120.00,71,49,0.00,0.00,0,0
1508092281,s2-eth1,109008.00,3700.00,112708.00,3700,109008,72.00,50.00,122.00,50,72,0.00,0.00,0,0
1508092281,lo,0.00,0.00,0.00,0,0,0.00,0.00,0.00,0,0,0.00,0.00,0,0
1508092281,total,374156.00,383314.00,757470.00,383314,374156,442.00,449.00,891.00,449,442,0.00,0.00,0,0
1508092282,s1,0.00,0.00,0.00,0,0,0.00,0.00,0.00,0,0,0.00,0.00,0,0
1508092282,eth0,0.00,0.00,0.00,0,0,0.00,0.00,0.00,0,0,0.00,0.00,0,0
1508092282,eth1,0.00,0.00,0.00,0,0,0.00,0.00,0.00,0,0,0.00,0.00,0,0
1508092282,s2,0.00,0.00,0.00,0,0,0.00,0.00,0.00,0,0,0.00,0.00,0,0
1508092282,s1-eth2,12565.43,254097.91,266663.34,254352,12578,162.84,167.83,330.67,168,163,0.00,0.00,0,0
1508092282,s1-eth1,251072.94,12639.36,263712.28,12652,251324,165.83,163.84,329.67,164,166,0.00,0.00,0,0
1508092282,s2-eth2,4731.27,136123.88,140855.16,136260,4736,63.94,89.91,153.85,90,64,0.00,0.00,0,0
1508092282,s2-eth1,122511.49,4657.34,127168.84,4662,122634,80.92,62.94,143.86,63,81,0.00,0.00,0,0
1508092282,lo,343.66,343.66,687.31,344,344,5.99,5.99,11.99,6,6,0.00,0.00,0,0
1508092282,total,391224.78,407862.16,799086.94,408270,391616,479.52,490.51,970.03,491,480,0.00,0.00,0,0
1508092283,s1,0.00,0.00,0.00,0,0,0.00,0.00,0.00,0,0,0.00,0.00,0,0
1508092283,eth0,0.00,0.00,0.00,0,0,0.00,0.00,0.00,0,0,0.00,0.00,0,0
1508092283,eth1,0.00,0.00,0.00,0,0,0.00,0.00,0.00,0,0,0.00,0.00,0,0
1508092283,s2,0.00,0.00,0.00,0,0,0.00,0.00,0.00,0,0,0.00,0.00,0,0
1508092283,s1-eth2,12144.00,255866.00,268010.00,255866,12144,160.00,169.00,329.00,169,160,0.00,0.00,0,0
1508092283,s1-eth1,249810.00,12144.00,261954.00,12144,249810,165.00,160.00,325.00,160,165,0.00,0.00,0,0
1508092283,s2-eth2,4556.00,142358.00,146914.00,142358,4556,62.00,95.00,157.00,95,62,0.00,0.00,0,0
1508092283,s2-eth1,154470.00,4630.00,159100.00,4630,154470,103.00,63.00,166.00,63,103,0.00,0.00,0,0
1508092283,lo,592.00,592.00,1184.00,592,592,6.00,6.00,12.00,6,6,0.00,0.00,0,0
1508092283,total,421572.00,415590.00,837162.00,415590,421572,496.00,493.00,989.00,493,496,0.00,0.00,0,0
1508092284,s1,0.00,0.00,0.00,0,0,0.00,0.00,0.00,0,0,0.00,0.00,0,0
1508092284,eth0,0.00,0.00,0.00,0,0,0.00,0.00,0.00,0,0,0.00,0.00,0,0
1508092284,eth1,0.00,0.00,0.00,0,0,0.00,0.00,0.00,0,0,0.00,0.00,0,0
1508092284,s2,0.00,0.00,0.00,0,0,0.00,0.00,0.00,0,0,0.00,0.00,0,0
1508092284,s1-eth2,12252.00,252838.00,265090.00,252838,12252,162.00,167.00,329.00,167,162,0.00,0.00,0,0
1508092284,s1-eth1,249810.00,12178.00,261988.00,12178,249810,165.00,161.00,326.00,161,165,0.00,0.00,0,0
1508092284,s2-eth2,6188.00,146858.00,153046.00,146858,6188,78.00,97.00,175.00,97,78,0.00,0.00,0,0
1508092284,s2-eth1,140802.00,6114.00,146916.00,6114,140802,93.00,77.00,170.00,77,93,0.00,0.00,0,0
1508092284,lo,0.00,0.00,0.00,0,0,0.00,0.00,0.00,0,0,0.00,0.00,0,0
1508092284,total,409052.00,417988.00,827040.00,417988,409052,498.00,502.00,1000.00,502,498,0.00,0.00,0,0
1508092285,s1,0.00,0.00,0.00,0,0,0.00,0.00,0.00,0,0,0.00,0.00,0,0
1508092285,eth0,0.00,0.00,0.00,0,0,0.00,0.00,0.00,0,0,0.00,0.00,0,0
1508092285,eth1,0.00,0.00,0.00,0,0,0.00,0.00,0.00,0,0,0.00,0.00,0,0
1508092285,s2,0.00,0.00,0.00,0,0,0.00,0.00,0.00,0,0,0.00,0.00,0,0
1508092285,s1-eth2,12815.00,255866.00,268681.00,255866,12815,165.00,169.00,334.00,169,165,0.00,0.00,0,0
1508092285,s1-eth1,250259.00,12708.00,262967.00,12708,250259,167.00,164.00,331.00,164,167,0.00,0.00,0,0
1508092285,s2-eth2,3927.00,113550.00,117477.00,113550,3927,51.00,75.00,126.00,75,51,0.00,0.00,0,0
1508092285,s2-eth1,116685.00,3820.00,120505.00,3820,116685,78.00,50.00,128.00,50,78,0.00,0.00,0,0
1508092285,lo,0.00,0.00,0.00,0,0,0.00,0.00,0.00,0,0,0.00,0.00,0,0
1508092285,total,383686.00,385944.00,769630.00,385944,383686,461.00,458.00,919.00,458,461,0.00,0.00,0,0
1508092286,s1,0.00,0.00,0.00,0,0,0.00,0.00,0.00,0,0,0.00,0.00,0,0
1508092286,eth0,0.00,0.00,0.00,0,0,0.00,0.00,0.00,0,0,0.00,0.00,0,0
1508092286,eth1,0.00,0.00,0.00,0,0,0.00,0.00,0.00,0,0,0.00,0.00,0,0
1508092286,s2,0.00,0.00,0.00,0,0,0.00,0.00,0.00,0,0,0.00,0.00,0,0
1508092286,s1-eth2,12556.00,263436.00,275992.00,263436,12556,164.00,174.00,338.00,174,164,0.00,0.00,0,0
1508092286,s1-eth1,249810.00,12556.00,262366.00,12556,249810,165.00,164.00,329.00,164,165,0.00,0.00,0,0
1508092286,s2-eth2,3700.00,130204.00,133904.00,130204,3700,50.00,86.00,136.00,86,50,0.00,0.00,0,0
1508092286,s2-eth1,121120.00,3700.00,124820.00,3700,121120,80.00,50.00,130.00,50,80,0.00,0.00,0,0
1508092286,lo,0.00,0.00,0.00,0,0,0.00,0.00,0.00,0,0,0.00,0.00,0,0
1508092286,total,387186.00,409896.00,797082.00,409896,387186,459.00,474.00,933.00,474,459,0.00,0.00,0,0
1508092287,s1,0.00,0.00,0.00,0,0,0.00,0.00,0.00,0,0,0.00,0.00,0,0
1508092287,eth0,0.00,0.00,0.00,0,0,0.00,0.00,0.00,0,0,0.00,0.00,0,0
1508092287,eth1,0.00,0.00,0.00,0,0,0.00,0.00,0.00,0,0,0.00,0.00,0,0
1508092287,s2,0.00,0.00,0.00,0,0,0.00,0.00,0.00,0,0,0.00,0.00,0,0
1508092287,s1-eth2,12733.27,254097.91,266831.19,254352,12746,160.84,167.83,328.67,168,161,0.00,0.00,0,0
1508092287,s1-eth1,249560.45,12465.54,262025.98,12478,249810,164.84,160.84,325.67,161,165,0.00,0.00,0,0
1508092287,s2-eth2,5748.25,131586.42,137334.67,131718,5754,74.93,86.91,161.84,87,75,0.00,0.00,0,0
1508092287,s2-eth1,137636.38,5748.25,143384.62,5754,137774,90.91,74.93,165.83,75,91,0.00,0.00,0,0
1508092287,lo,343.66,343.66,687.31,344,344,5.99,5.99,11.99,6,6,0.00,0.00,0,0
1508092287,total,406022.00,404241.78,810263.75,404646,406428,497.50,496.50,994.01,497,498,0.00,0.00,0,0
1508092288,s1,0.00,0.00,0.00,0,0,0.00,0.00,0.00,0,0,0.00,0.00,0,0
1508092288,eth0,0.00,0.00,0.00,0,0,0.00,0.00,0.00,0,0,0.00,0.00,0,0
1508092288,eth1,0.00,0.00,0.00,0,0,0.00,0.00,0.00,0,0,0.00,0.00,0,0
1508092288,s2,0.00,0.00,0.00,0,0,0.00,0.00,0.00,0,0,0.00,0.00,0,0
1508092288,s1-eth2,12211.79,260147.86,272359.66,260408,12224,159.84,171.83,331.67,172,160,0.00,0.00,0,0
1508092288,s1-eth1,251072.94,12211.79,263284.72,12224,251324,165.83,159.84,325.67,160,166,0.00,0.00,0,0
1508092288,s2-eth2,4435.56,145198.81,149634.38,145344,4440,59.94,95.90,155.84,96,60,0.00,0.00,0,0
1508092288,s2-eth1,143686.31,4521.48,148207.80,4526,143830,94.91,60.94,155.84,61,95,0.00,0.00,0,0
1508092288,lo,0.00,0.00,0.00,0,0,0.00,0.00,0.00,0,0,0.00,0.00,0,0
1508092288,total,411406.59,422079.94,833486.56,422502,411818,480.52,488.51,969.03,489,481,0.00,0.00,0,0
1508092289,s1,0.00,0.00,0.00,0,0,0.00,0.00,0.00,0,0,0.00,0.00,0,0
1508092289,eth0,0.00,0.00,0.00,0,0,0.00,0.00,0.00,0,0,0.00,0.00,0,0
1508092289,eth1,0.00,0.00,0.00,0,0,0.00,0.00,0.00,0,0,0.00,0.00,0,0
1508092289,s2,0.00,0.00,0.00,0,0,0.00,0.00,0.00,0,0,0.00,0.00,0,0
1508092289,s1-eth2,12446.00,252838.00,265284.00,252838,12446,163.00,167.00,330.00,167,163,0.00,0.00,0,0
1508092289,s1-eth1,249810.00,12372.00,262182.00,12372,249810,165.00,162.00,327.00,162,165,0.00,0.00,0,0
1508092289,s2-eth2,6078.00,125662.00,131740.00,125662,6078,71.00,83.00,154.00,83,71,0.00,0.00,0,0
1508092289,s2-eth1,112378.00,5650.00,118028.00,5650,112378,75.00,69.00,144.00,69,75,0.00,0.00,0,0
1508092289,lo,0.00,0.00,0.00,0,0,0.00,0.00,0.00,0,0,0.00,0.00,0,0
1508092289,total,380712.00,396522.00,777234.00,396522,380712,474.00,481.00,955.00,481,474,0.00,0.00,0,0
1508092290,s1,0.00,0.00,0.00,0,0,0.00,0.00,0.00,0,0,0.00,0.00,0,0
1508092290,eth0,0.00,0.00,0.00,0,0,0.00,0.00,0.00,0,0,0.00,0.00,0,0
1508092290,eth1,0.00,0.00,0.00,0,0,0.00,0.00,0.00,0,0,0.00,0.00,0,0
1508092290,s2,0.00,0.00,0.00,0,0,0.00,0.00,0.00,0,0,0.00,0.00,0,0
1508092290,s1-eth2,12011.99,264685.31,276697.31,264950,12024,159.84,174.83,334.67,175,160,0.00,0.00,0,0
1508092290,s1-eth1,249560.45,12011.99,261572.44,12024,249810,164.84,159.84,324.68,160,165,0.00,0.00,0,0
1508092290,s2-eth2,3844.16,111924.08,115768.23,112036,3848,51.95,73.93,125.87,74,52,0.00,0.00,0,0
1508092290,s2-eth1,125536.47,3844.16,129380.62,3848,125662,82.92,51.95,134.87,52,83,0.00,0.00,0,0
1508092290,lo,0.00,0.00,0.00,0,0,0.00,0.00,0.00,0,0,0.00,0.00,0,0
1508092290,total,390953.06,392465.53,783418.62,392858,391344,459.54,460.54,920.08,461,460,0.00,0.00,0,0
1508092291,s1,0.00,0.00,0.00,0,0,0.00,0.00,0.00,0,0,0.00,0.00,0,0
1508092291,eth0,0.00,0.00,0.00,0,0,0.00,0.00,0.00,0,0,0.00,0.00,0,0
1508092291,eth1,0.00,0.00,0.00,0,0,0.00,0.00,0.00,0,0,0.00,0.00,0,0
1508092291,s2,0.00,0.00,0.00,0,0,0.00,0.00,0.00,0,0,0.00,0.00,0,0
1508092291,s1-eth2,12318.00,245268.00,257586.00,245268,12318,159.00,162.00,321.00,162,159,0.00,0.00,0,0
1508092291,s1-eth1,249810.00,12404.00,262214.00,12404,249810,165.00,160.00,325.00,160,165,0.00,0.00,0,0
1508092291,s2-eth2,4842.00,121120.00,125962.00,121120,4842,63.00,80.00,143.00,80,63,0.00,0.00,0,0
1508092291,s2-eth1,107494.00,4842.00,112336.00,4842,107494,71.00,63.00,134.00,63,71,0.00,0.00,0,0
1508092291,lo,0.00,0.00,0.00,0,0,0.00,0.00,0.00,0,0,0.00,0.00,0,0
1508092291,total,374464.00,383634.00,758098.00,383634,374464,458.00,465.00,923.00,465,458,0.00,0.00,0,0
1508092292,s1,0.00,0.00,0.00,0,0,0.00,0.00,0.00,0,0,0.00,0.00,0,0
1508092292,eth0,0.00,0.00,0.00,0,0,0.00,0.00,0.00,0,0,0.00,0.00,0,0
1508092292,eth1,0.00,0.00,0.00,0,0,0.00,0.00,0.00,0,0,0.00,0.00,0,0
1508092292,s2,0.00,0.00,0.00,0,0,0.00,0.00,0.00,0,0,0.00,0.00,0,0
1508092292,s1-eth2,12398.00,258894.00,271292.00,258894,12398,163.00,171.00,334.00,171,163,0.00,0.00,0,0
1508092292,s1-eth1,251324.00,12312.00,263636.00,12312,251324,166.00,162.00,328.00,162,166,0.00,0.00,0,0
1508092292,s2-eth2,4218.00,128690.00,132908.00,128690,4218,57.00,85.00,142.00,85,57,0.00,0.00,0,0
1508092292,s2-eth1,133232.00,4218.00,137450.00,4218,133232,88.00,57.00,145.00,57,88,0.00,0.00,0,0
1508092292,lo,344.00,344.00,688.00,344,344,6.00,6.00,12.00,6,6,0.00,0.00,0,0
1508092292,total,401516.00,404458.00,805974.00,404458,401516,480.00,481.00,961.00,481,480,0.00,0.00,0,0
1508092293,s1,0.00,0.00,0.00,0,0,0.00,0.00,0.00,0,0,0.00,0.00,0,0
1508092293,eth0,0.00,0.00,0.00,0,0,0.00,0.00,0.00,0,0,0.00,0.00,0,0
1508092293,eth1,0.00,0.00,0.00,0,0,0.00,0.00,0.00,0,0,0.00,0.00,0,0
1508092293,s2,0.00,0.00,0.00,0,0,0.00,0.00,0.00,0,0,0.00,0.00,0,0
1508092293,s1-eth2,12053.95,255610.39,267664.34,255866,12066,158.84,168.83,327.67,169,159,0.00,0.00,0,0
1508092293,s1-eth1,249560.45,12053.95,261614.39,12066,249810,164.84,158.84,323.68,159,165,0.00,0.00,0,0
1508092293,s2-eth2,4871.13,99824.18,104695.30,99924,4876,61.94,65.93,127.87,66,62,0.00,0.00,0,0
1508092293,s2-eth1,95286.72,4871.13,100157.84,4876,95382,62.94,61.94,124.88,62,63,0.00,0.00,0,0
1508092293,lo,0.00,0.00,0.00,0,0,0.00,0.00,0.00,0,0,0.00,0.00,0,0
1508092293,total,361772.25,372359.66,734131.88,372732,362134,448.55,455.54,904.10,456,449,0.00,0.00,0,0
1508092294,s1,0.00,0.00,0.00,0,0,0.00,0.00,0.00,0,0,0.00,0.00,0,0
1508092294,eth0,0.00,0.00,0.00,0,0,0.00,0.00,0.00,0,0,0.00,0.00,0,0
1508092294,eth1,0.00,0.00,0.00,0,0,0.00,0.00,0.00,0,0,0.00,0.00,0,0
1508092294,s2,0.00,0.00,0.00,0,0,0.00,0.00,0.00,0,0,0.00,0.00,0,0
1508092294,s1-eth2,12282.00,255866.00,268148.00,255866,12282,159.00,169.00,328.00,169,159,0.00,0.00,0,0
1508092294,s1-eth1,248296.00,12282.00,260578.00,12282,248296,164.00,159.00,323.00,159,164,0.00,0.00,0,0
1508092294,s2-eth2,2932.00,78728.00,81660.00,78728,2932,38.00,52.00,90.00,52,38,0.00,0.00,0,0
1508092294,s2-eth1,86298.00,2932.00,89230.00,2932,86298,57.00,38.00,95.00,38,57,0.00,0.00,0,0
1508092294,lo,0.00,0.00,0.00,0,0,0.00,0.00,0.00,0,0,0.00,0.00,0,0
1508092294,total,349808.00,349808.00,699616.00,349808,349808,418.00,418.00,836.00,418,418,0.00,0.00,0,0
1508092295,s1,0.00,0.00,0.00,0,0,0.00,0.00,0.00,0,0,0.00,0.00,0,0
1508092295,eth0,0.00,0.00,0.00,0,0,0.00,0.00,0.00,0,0,0.00,0.00,0,0
1508092295,eth1,0.00,0.00,0.00,0,0,0.00,0.00,0.00,0,0,0.00,0.00,0,0
1508092295,s2,0.00,0.00,0.00,0,0,0.00,0.00,0.00,0,0,0.00,0.00,0,0
1508092295,s1-eth2,12222.00,254352.00,266574.00,254352,12222,159.00,168.00,327.00,168,159,0.00,0.00,0,0
1508092295,s1-eth1,249810.00,12222.00,262032.00,12222,249810,165.00,159.00,324.00,159,165,0.00,0.00,0,0
1508092295,s2-eth2,2760.00,56018.00,58778.00,56018,2760,36.00,37.00,73.00,37,36,0.00,0.00,0,0
1508092295,s2-eth1,45420.00,2760.00,48180.00,2760,45420,30.00,36.00,66.00,36,30,0.00,0.00,0,0
1508092295,lo,0.00,0.00,0.00,0,0,0.00,0.00,0.00,0,0,0.00,0.00,0,0
1508092295,total,310212.00,325352.00,635564.00,325352,310212,390.00,400.00,790.00,400,390,0.00,0.00,0,0
1508092296,s1,0.00,0.00,0.00,0,0,0.00,0.00,0.00,0,0,0.00,0.00,0,0
1508092296,eth0,0.00,0.00,0.00,0,0,0.00,0.00,0.00,0,0,0.00,0.00,0,0
1508092296,eth1,0.00,0.00,0.00,0,0,0.00,0.00,0.00,0,0,0.00,0.00,0,0
1508092296,s2,0.00,0.00,0.00,0,0,0.00,0.00,0.00,0,0,0.00,0.00,0,0
1508092296,s1-eth2,12605.39,258635.38,271240.78,258894,12618,162.84,170.83,333.67,171,163,0.00,0.00,0,0
1508092296,s1-eth1,249560.45,12691.31,262251.75,12704,249810,164.84,163.84,328.67,164,165,0.00,0.00,0,0
1508092296,s2-eth2,2153.85,52937.06,55090.91,52990,2156,27.97,34.97,62.94,35,28,0.00,0.00,0,0
1508092296,s2-eth1,60499.50,2153.85,62653.35,2156,60560,39.96,27.97,67.93,28,40,0.00,0.00,0,0
1508092296,lo,0.00,0.00,0.00,0,0,0.00,0.00,0.00,0,0,0.00,0.00,0,0
1508092296,total,324819.19,326417.59,651236.75,326744,325144,395.60,397.60,793.21,398,396,0.00,0.00,0,0
1508092297,s1,0.00,0.00,0.00,0,0,0.00,0.00,0.00,0,0,0.00,0.00,0,0
1508092297,eth0,0.00,0.00,0.00,0,0,0.00,0.00,0.00,0,0,0.00,0.00,0,0
1508092297,eth1,0.00,0.00,0.00,0,0,0.00,0.00,0.00,0,0,0.00,0.00,0,0
1508092297,s2,0.00,0.00,0.00,0,0,0.00,0.00,0.00,0,0,0.00,0.00,0,0
1508092297,s1-eth2,12119.88,261660.34,273780.22,261922,12132,161.84,172.83,334.67,173,162,0.00,0.00,0,0
1508092297,s1-eth1,251072.94,12107.89,263180.81,12120,251324,165.83,161.84,327.67,162,166,0.00,0.00,0,0
1508092297,s2-eth2,1922.08,74111.89,76033.97,74186,1924,25.97,48.95,74.93,49,26,0.00,0.00,0,0
1508092297,s2-eth1,66549.45,1922.08,68471.53,1924,66616,43.96,25.97,69.93,26,44,0.00,0.00,0,0
1508092297,lo,343.66,343.66,687.31,344,344,5.99,5.99,11.99,6,6,0.00,0.00,0,0
1508092297,total,332008.00,350145.88,682153.88,350496,332340,403.60,415.58,819.18,416,404,0.00,0.00,0,0
1508092298,s1,0.00,0.00,0.00,0,0,0.00,0.00,0.00,0,0,0.00,0.00,0,0
1508092298,eth0,0.00,0.00,0.00,0,0,0.00,0.00,0.00,0,0,0.00,0.00,0,0
1508092298,eth1,0.00,0.00,0.00,0,0,0.00,0.00,0.00,0,0,0.00,0.00,0,0
1508092298,s2,0.00,0.00,0.00,0,0,0.00,0.00,0.00,0,0,0.00,0.00,0,0
1508092298,s1-eth2,12444.00,249810.00,262254.00,249810,12444,162.00,165.00,327.00,165,162,0.00,0.00,0,0
1508092298,s1-eth1,249810.00,12370.00,262180.00,12370,249810,165.00,161.00,326.00,161,165,0.00,0.00,0,0
1508092298,s2-eth2,3142.00,68130.00,71272.00,68130,3142,41.00,45.00,86.00,45,41,0.00,0.00,0,0
1508092298,s2-eth1,69644.00,3142.00,72786.00,3142,69644,46.00,41.00,87.00,41,46,0.00,0.00,0,0
1508092298,lo,0.00,0.00,0.00,0,0,0.00,0.00,0.00,0,0,0.00,0.00,0,0
1508092298,total,335040.00,333452.00,668492.00,333452,335040,414.00,412.00,826.00,412,414,0.00,0.00,0,0
1508092299,s1,0.00,0.00,0.00,0,0,0.00,0.00,0.00,0,0,0.00,0.00,0,0
1508092299,eth0,0.00,0.00,0.00,0,0,0.00,0.00,0.00,0,0,0.00,0.00,0,0
1508092299,eth1,0.00,0.00,0.00,0,0,0.00,0.00,0.00,0,0,0.00,0.00,0,0
1508092299,s2,0.00,0.00,0.00,0,0,0.00,0.00,0.00,0,0,0.00,0.00,0,0
1508092299,s1-eth2,12140.00,258894.00,271034.00,258894,12140,160.00,171.00,331.00,171,160,0.00,0.00,0,0
1508092299,s1-eth1,249810.00,12140.00,261950.00,12140,249810,165.00,160.00,325.00,160,165,0.00,0.00,0,0
1508092299,s2-eth2,3610.00,80242.00,83852.00,80242,3610,47.00,53.00,100.00,53,47,0.00,0.00,0,0
1508092299,s2-eth1,78728.00,3610.00,82338.00,3610,78728,52.00,47.00,99.00,47,52,0.00,0.00,0,0
1508092299,lo,0.00,0.00,0.00,0,0,0.00,0.00,0.00,0,0,0.00,0.00,0,0
1508092299,total,344288.00,354886.00,699174.00,354886,344288,424.00,431.00,855.00,431,424,0.00,0.00,0,0
1508092300,s1,0.00,0.00,0.00,0,0,0.00,0.00,0.00,0,0,0.00,0.00,0,0
1508092300,eth0,304.00,245.00,549.00,245,304,4.00,2.00,6.00,2,4,0.00,0.00,0,0
1508092300,eth1,0.00,0.00,0.00,0,0,0.00,0.00,0.00,0,0,0.00,0.00,0,0
1508092300,s2,0.00,0.00,0.00,0,0,0.00,0.00,0.00,0,0,0.00,0.00,0,0
1508092300,s1-eth2,12436.00,252838.00,265274.00,252838,12436,162.00,167.00,329.00,167,162,0.00,0.00,0,0
1508092300,s1-eth1,249810.00,12436.00,262246.00,12436,249810,165.00,162.00,327.00,162,165,0.00,0.00,0,0
1508092300,s2-eth2,3626.00,93868.00,97494.00,93868,3626,49.00,62.00,111.00,62,49,0.00,0.00,0,0
1508092300,s2-eth1,92354.00,3626.00,95980.00,3626,92354,61.00,49.00,110.00,49,61,0.00,0.00,0,0
1508092300,lo,465.00,465.00,930.00,465,465,6.00,6.00,12.00,6,6,0.00,0.00,0,0
1508092300,total,358995.00,363478.00,722473.00,363478,358995,447.00,448.00,895.00,448,447,0.00,0.00,0,0
1508092301,s1,0.00,0.00,0.00,0,0,0.00,0.00,0.00,0,0,0.00,0.00,0,0
1508092301,eth0,152.00,490.00,642.00,490,152,2.00,4.00,6.00,4,2,0.00,0.00,0,0
1508092301,eth1,0.00,0.00,0.00,0,0,0.00,0.00,0.00,0,0,0.00,0.00,0,0
1508092301,s2,0.00,0.00,0.00,0,0,0.00,0.00,0.00,0,0,0.00,0.00,0,0
1508092301,s1-eth2,12618.00,255866.00,268484.00,255866,12618,161.00,169.00,330.00,169,161,0.00,0.00,0,0
1508092301,s1-eth1,250450.00,11978.00,262428.00,11978,250450,169.00,157.00,326.00,157,169,0.00,0.00,0,0
1508092301,s2-eth2,4792.00,102952.00,107744.00,102952,4792,58.00,68.00,126.00,68,58,0.00,0.00,0,0
1508092301,s2-eth1,102078.00,4152.00,106230.00,4152,102078,71.00,54.00,125.00,54,71,0.00,0.00,0,0
1508092301,lo,558.00,558.00,1116.00,558,558,6.00,6.00,12.00,6,6,0.00,0.00,0,0
1508092301,total,370648.00,375996.00,746644.00,375996,370648,467.00,458.00,925.00,458,467,0.00,0.00,0,0
1508092302,s1,0.00,0.00,0.00,0,0,0.00,0.00,0.00,0,0,0.00,0.00,0,0
1508092302,eth0,760.00,1225.00,1985.00,1225,760,10.00,10.00,20.00,10,10,0.00,0.00,0,0
1508092302,eth1,0.00,0.00,0.00,0,0,0.00,0.00,0.00,0,0,0.00,0.00,0,0
1508092302,s2,0.00,0.00,0.00,0,0,0.00,0.00,0.00,0,0,0.00,0.00,0,0
1508092302,s1-eth2,14224.00,248296.00,262520.00,248296,14224,168.00,164.00,332.00,164,168,0.00,0.00,0,0
1508092302,s1-eth1,249640.00,12228.00,261868.00,12228,249640,172.00,158.00,330.00,158,172,0.00,0.00,0,0
1508092302,s2-eth2,5643.00,72672.00,78315.00,72672,5643,58.00,48.00,106.00,48,58,0.00,0.00,0,0
1508092302,s2-eth1,69129.00,3864.00,72993.00,3864,69129,52.00,48.00,100.00,48,52,0.00,0.00,0,0
1508092302,lo,2049.00,2049.00,4098.00,2049,2049,26.00,26.00,52.00,26,26,0.00,0.00,0,0
1508092302,total,341445.00,340334.00,681779.00,340334,341445,486.00,454.00,940.00,454,486,0.00,0.00,0,0
1508092303,s1,0.00,0.00,0.00,0,0,0.00,0.00,0.00,0,0,0.00,0.00,0,0
1508092303,eth0,152.00,245.00,397.00,245,152,2.00,2.00,4.00,2,2,0.00,0.00,0,0
1508092303,eth1,0.00,0.00,0.00,0,0,0.00,0.00,0.00,0,0,0.00,0.00,0,0
1508092303,s2,0.00,0.00,0.00,0,0,0.00,0.00,0.00,0,0,0.00,0.00,0,0
1508092303,s1-eth2,12390.00,260408.00,272798.00,260408,12390,158.00,172.00,330.00,172,158,0.00,0.00,0,0
1508092303,s1-eth1,242674.00,12060.00,254734.00,12060,242674,162.00,156.00,318.00,156,162,0.00,0.00,0,0
1508092303,s2-eth2,3159.00,62074.00,65233.00,62074,3159,36.00,41.00,77.00,41,36,0.00,0.00,0,0
1508092303,s2-eth1,64989.00,2538.00,67527.00,2538,64989,48.00,33.00,81.00,33,48,0.00,0.00,0,0
1508092303,lo,341.00,341.00,682.00,341,341,4.00,4.00,8.00,4,4,0.00,0.00,0,0
1508092303,total,323705.00,337666.00,661371.00,337666,323705,410.00,408.00,818.00,408,410,0.00,0.00,0,0
1508092304,s1,0.00,0.00,0.00,0,0,0.00,0.00,0.00,0,0,0.00,0.00,0,0
1508092304,eth0,0.00,0.00,0.00,0,0,0.00,0.00,0.00,0,0,0.00,0.00,0,0
1508092304,eth1,0.00,0.00,0.00,0,0,0.00,0.00,0.00,0,0,0.00,0.00,0,0
1508092304,s2,0.00,0.00,0.00,0,0,0.00,0.00,0.00,0,0,0.00,0.00,0,0
1508092304,s1-eth2,13007.99,263172.84,276180.81,263436,13021,161.84,173.83,335.66,174,162,0.00,0.00,0,0
1508092304,s1-eth1,248716.30,12339.66,261055.95,12352,248965,165.83,159.84,325.67,160,166,0.00,0.00,0,0
1508092304,s2-eth2,2832.17,42349.65,45181.82,42392,2835,28.97,27.97,56.94,28,29,0.00,0.00,0,0
1508092304,s2-eth1,41178.82,2163.84,43342.66,2166,41220,27.97,26.97,54.95,27,28,0.00,0.00,0,0
1508092304,lo,0.00,0.00,0.00,0,0,0.00,0.00,0.00,0,0,0.00,0.00,0,0
1508092304,total,305735.28,320025.97,625761.25,320346,306041,384.62,388.61,773.23,389,385,0.00,0.00,0,0
1508092305,s1,0.00,0.00,0.00,0,0,0.00,0.00,0.00,0,0,0.00,0.00,0,0
1508092305,eth0,60.00,60.00,120.00,60,60,1.00,1.00,2.00,1,1,0.00,0.00,0,0
1508092305,eth1,0.00,0.00,0.00,0,0,0.00,0.00,0.00,0,0,0.00,0.00,0,0
1508092305,s2,0.00,0.00,0.00,0,0,0.00,0.00,0.00,0,0,0.00,0.00,0,0
1508092305,s1-eth2,12382.00,260408.00,272790.00,260408,12382,160.00,172.00,332.00,172,160,0.00,0.00,0,0
1508092305,s1-eth1,250184.00,11934.00,262118.00,11934,250184,167.00,157.00,324.00,157,167,0.00,0.00,0,0
1508092305,s2-eth2,2198.00,40878.00,43076.00,40878,2198,26.00,27.00,53.00,27,26,0.00,0.00,0,0
1508092305,s2-eth1,41252.00,1824.00,43076.00,1824,41252,29.00,24.00,53.00,24,29,0.00,0.00,0,0
1508092305,lo,0.00,0.00,0.00,0,0,0.00,0.00,0.00,0,0,0.00,0.00,0,0
1508092305,total,306076.00,315104.00,621180.00,315104,306076,383.00,381.00,764.00,381,383,0.00,0.00,0,0
1508092306,s1,0.00,0.00,0.00,0,0,0.00,0.00,0.00,0,0,0.00,0.00,0,0
1508092306,eth0,0.00,0.00,0.00,0,0,0.00,0.00,0.00,0,0,0.00,0.00,0,0
1508092306,eth1,0.00,0.00,0.00,0,0,0.00,0.00,0.00,0,0,0.00,0.00,0,0
1508092306,s2,0.00,0.00,0.00,0,0,0.00,0.00,0.00,0,0,0.00,0.00,0,0
1508092306,s1-eth2,12635.00,252838.00,265473.00,252838,12635,163.00,167.00,330.00,167,163,0.00,0.00,0,0
1508092306,s1-eth1,250207.00,12238.00,262445.00,12238,250207,167.00,161.00,328.00,161,167,0.00,0.00,0,0
1508092306,s2-eth2,2393.00,43906.00,46299.00,43906,2393,28.00,29.00,57.00,29,28,0.00,0.00,0,0
1508092306,s2-eth1,38247.00,1996.00,40243.00,1996,38247,27.00,26.00,53.00,26,27,0.00,0.00,0,0
1508092306,lo,0.00,0.00,0.00,0,0,0.00,0.00,0.00,0,0,0.00,0.00,0,0
1508092306,total,303482.00,310978.00,614460.00,310978,303482,385.00,383.00,768.00,383,385,0.00,0.00,0,0
1508092307,s1,0.00,0.00,0.00,0,0,0.00,0.00,0.00,0,0,0.00,0.00,0,0
1508092307,eth0,0.00,0.00,0.00,0,0,0.00,0.00,0.00,0,0,0.00,0.00,0,0
1508092307,eth1,0.00,0.00,0.00,0,0,0.00,0.00,0.00,0,0,0.00,0.00,0,0
1508092307,s2,0.00,0.00,0.00,0,0,0.00,0.00,0.00,0,0,0.00,0.00,0,0
1508092307,s1-eth2,12548.00,255866.00,268414.00,255866,12548,162.00,169.00,331.00,169,162,0.00,0.00,0,0
1508092307,s1-eth1,249810.00,12548.00,262358.00,12548,249810,165.00,162.00,327.00,162,165,0.00,0.00,0,0
1508092307,s2-eth2,1922.00,46934.00,48856.00,46934,1922,25.00,31.00,56.00,31,25,0.00,0.00,0,0
1508092307,s2-eth1,51818.00,1922.00,53740.00,1922,51818,35.00,25.00,60.00,25,35,0.00,0.00,0,0
1508092307,lo,344.00,344.00,688.00,344,344,6.00,6.00,12.00,6,6,0.00,0.00,0,0
1508092307,total,316442.00,317614.00,634056.00,317614,316442,393.00,393.00,786.00,393,393,0.00,0.00,0,0
1508092308,s1,0.00,0.00,0.00,0,0,0.00,0.00,0.00,0,0,0.00,0.00,0,0
1508092308,eth0,0.00,0.00,0.00,0,0,0.00,0.00,0.00,0,0,0.00,0.00,0,0
1508092308,eth1,0.00,0.00,0.00,0,0,0.00,0.00,0.00,0,0,0.00,0.00,0,0
1508092308,s2,0.00,0.00,0.00,0,0,0.00,0.00,0.00,0,0,0.00,0.00,0,0
1508092308,s1-eth2,12738.00,257380.00,270118.00,257380,12738,163.00,170.00,333.00,170,163,0.00,0.00,0,0
1508092308,s1-eth1,251324.00,12824.00,264148.00,12824,251324,166.00,164.00,330.00,164,166,0.00,0.00,0,0
1508092308,s2-eth2,2084.00,62074.00,64158.00,62074,2084,28.00,41.00,69.00,41,28,0.00,0.00,0,0
1508092308,s2-eth1,51476.00,2084.00,53560.00,2084,51476,34.00,28.00,62.00,28,34,0.00,0.00,0,0
1508092308,lo,0.00,0.00,0.00,0,0,0.00,0.00,0.00,0,0,0.00,0.00,0,0
1508092308,total,317622.00,334362.00,651984.00,334362,317622,391.00,403.00,794.00,403,391,0.00,0.00,0,0
1508092309,s1,0.00,0.00,0.00,0,0,0.00,0.00,0.00,0,0,0.00,0.00,0,0
1508092309,eth0,0.00,0.00,0.00,0,0,0.00,0.00,0.00,0,0,0.00,0.00,0,0
1508092309,eth1,0.00,0.00,0.00,0,0,0.00,0.00,0.00,0,0,0.00,0.00,0,0
1508092309,s2,0.00,0.00,0.00,0,0,0.00,0.00,0.00,0,0,0.00,0.00,0,0
1508092309,s1-eth2,11691.00,248296.00,259987.00,248296,11691,149.00,164.00,313.00,164,149,0.00,0.00,0,0
1508092309,s1-eth1,230235.00,11498.00,241733.00,11498,230235,153.00,147.00,300.00,147,153,0.00,0.00,0,0
1508092309,s2-eth2,2617.00,51476.00,54093.00,51476,2617,30.00,34.00,64.00,34,30,0.00,0.00,0,0
1508092309,s2-eth1,60667.00,2168.00,62835.00,2168,60667,41.00,28.00,69.00,28,41,0.00,0.00,0,0
1508092309,lo,0.00,0.00,0.00,0,0,0.00,0.00,0.00,0,0,0.00,0.00,0,0
1508092309,total,305210.00,313438.00,618648.00,313438,305210,373.00,373.00,746.00,373,373,0.00,0.00,0,0
1508092310,s1,0.00,0.00,0.00,0,0,0.00,0.00,0.00,0,0,0.00,0.00,0,0
1508092310,eth0,0.00,0.00,0.00,0,0,0.00,0.00,0.00,0,0,0.00,0.00,0,0
1508092310,eth1,0.00,0.00,0.00,0,0,0.00,0.00,0.00,0,0,0.00,0.00,0,0
1508092310,s2,0.00,0.00,0.00,0,0,0.00,0.00,0.00,0,0,0.00,0.00,0,0
1508092310,s1-eth2,12300.00,266464.00,278764.00,266464,12300,164.00,176.00,340.00,176,164,0.00,0.00,0,0
1508092310,s1-eth1,251736.00,12230.00,263966.00,12230,251736,168.00,163.00,331.00,163,168,0.00,0.00,0,0
1508092310,s2-eth2,1920.00,69644.00,71564.00,69644,1920,26.00,46.00,72.00,46,26,0.00,0.00,0,0
1508092310,s2-eth1,60972.00,1850.00,62822.00,1850,60972,42.00,25.00,67.00,25,42,0.00,0.00,0,0
1508092310,lo,0.00,0.00,0.00,0,0,0.00,0.00,0.00,0,0,0.00,0.00,0,0
1508092310,total,326928.00,350188.00,677116.00,350188,326928,400.00,410.00,810.00,410,400,0.00,0.00,0,0
1508092311,s1,0.00,0.00,0.00,0,0,0.00,0.00,0.00,0,0,0.00,0.00,0,0
1508092311,eth0,0.00,0.00,0.00,0,0,0.00,0.00,0.00,0,0,0.00,0.00,0,0
1508092311,eth1,0.00,0.00,0.00,0,0,0.00,0.00,0.00,0,0,0.00,0.00,0,0
1508092311,s2,0.00,0.00,0.00,0,0,0.00,0.00,0.00,0,0,0.00,0.00,0,0
1508092311,s1-eth2,12479.52,251072.94,263552.47,251324,12492,155.84,165.83,321.68,166,156,0.00,0.00,0,0
1508092311,s1-eth1,251072.94,12211.79,263284.72,12224,251324,165.83,155.84,321.68,156,166,0.00,0.00,0,0
1508092311,s2-eth2,2809.19,78649.35,81458.55,78728,2812,37.96,51.95,89.91,52,38,0.00,0.00,0,0
1508092311,s2-eth1,81674.33,2809.19,84483.52,2812,81756,53.95,37.96,91.91,38,54,0.00,0.00,0,0
1508092311,lo,0.00,0.00,0.00,0,0,0.00,0.00,0.00,0,0,0.00,0.00,0,0
1508092311,total,348035.97,344743.28,692779.25,345088,348384,413.59,411.59,825.17,412,414,0.00,0.00,0,0
1508092312,s1,0.00,0.00,0.00,0,0,0.00,0.00,0.00,0,0,0.00,0.00,0,0
1508092312,eth0,0.00,0.00,0.00,0,0,0.00,0.00,0.00,0,0,0.00,0.00,0,0
1508092312,eth1,0.00,0.00,0.00,0,0,0.00,0.00,0.00,0,0,0.00,0.00,0,0
1508092312,s2,0.00,0.00,0.00,0,0,0.00,0.00,0.00,0,0,0.00,0.00,0,0
1508092312,s1-eth2,12568.00,258936.00,271504.00,258936,12568,162.00,172.00,334.00,172,162,0.00,0.00,0,0
1508092312,s1-eth1,249852.00,12568.00,262420.00,12568,249852,166.00,162.00,328.00,162,166,0.00,0.00,0,0
1508092312,s2-eth2,3844.00,93868.00,97712.00,93868,3844,50.00,62.00,112.00,62,50,0.00,0.00,0,0
1508092312,s2-eth1,90840.00,3844.00,94684.00,3844,90840,60.00,50.00,110.00,50,60,0.00,0.00,0,0
1508092312,lo,468.00,468.00,936.00,468,468,6.00,6.00,12.00,6,6,0.00,0.00,0,0
1508092312,total,357572.00,369684.00,727256.00,369684,357572,444.00,452.00,896.00,452,444,0.00,0.00,0,0
1508092313,s1,0.00,0.00,0.00,0,0,0.00,0.00,0.00,0,0,0.00,0.00,0,0
1508092313,eth0,0.00,0.00,0.00,0,0,0.00,0.00,0.00,0,0,0.00,0.00,0,0
1508092313,eth1,0.00,0.00,0.00,0,0,0.00,0.00,0.00,0,0,0.00,0.00,0,0
1508092313,s2,0.00,0.00,0.00,0,0,0.00,0.00,0.00,0,0,0.00,0.00,0,0
1508092313,s1-eth2,12268.00,260408.00,272676.00,260408,12268,158.00,172.00,330.00,172,158,0.00,0.00,0,0
1508092313,s1-eth1,248296.00,12268.00,260564.00,12268,248296,164.00,158.00,322.00,158,164,0.00,0.00,0,0
1508092313,s2-eth2,2984.00,102952.00,105936.00,102952,2984,40.00,68.00,108.00,68,40,0.00,0.00,0,0
1508092313,s2-eth1,98410.00,2984.00,101394.00,2984,98410,65.00,40.00,105.00,40,65,0.00,0.00,0,0
1508092313,lo,0.00,0.00,0.00,0,0,0.00,0.00,0.00,0,0,0.00,0.00,0,0
1508092313,total,361958.00,378612.00,740570.00,378612,361958,427.00,438.00,865.00,438,427,0.00,0.00,0,0
1508092314,s1,0.00,0.00,0.00,0,0,0.00,0.00,0.00,0,0,0.00,0.00,0,0
1508092314,eth0,0.00,0.00,0.00,0,0,0.00,0.00,0.00,0,0,0.00,0.00,0,0
1508092314,eth1,0.00,0.00,0.00,0,0,0.00,0.00,0.00,0,0,0.00,0.00,0,0
1508092314,s2,0.00,0.00,0.00,0,0,0.00,0.00,0.00,0,0,0.00,0.00,0,0
1508092314,s1-eth2,12508.00,260408.00,272916.00,260408,12508,162.00,172.00,334.00,172,162,0.00,0.00,0,0
1508092314,s1-eth1,251324.00,12434.00,263758.00,12434,251324,166.00,161.00,327.00,161,166,0.00,0.00,0,0
1508092314,s2-eth2,3350.00,87812.00,91162.00,87812,3350,43.00,58.00,101.00,58,43,0.00,0.00,0,0
1508092314,s2-eth1,92354.00,3350.00,95704.00,3350,92354,61.00,43.00,104.00,43,61,0.00,0.00,0,0
1508092314,lo,0.00,0.00,0.00,0,0,0.00,0.00,0.00,0,0,0.00,0.00,0,0
1508092314,total,359536.00,364004.00,723540.00,364004,359536,432.00,434.00,866.00,434,432,0.00,0.00,0,0
1508092315,s1,0.00,0.00,0.00,0,0,0.00,0.00,0.00,0,0,0.00,0.00,0,0
1508092315,eth0,0.00,0.00,0.00,0,0,0.00,0.00,0.00,0,0,0.00,0.00,0,0
1508092315,eth1,0.00,0.00,0.00,0,0,0.00,0.00,0.00,0,0,0.00,0.00,0,0
1508092315,s2,0.00,0.00,0.00,0,0,0.00,0.00,0.00,0,0,0.00,0.00,0,0
1508092315,s1-eth2,11956.00,261922.00,273878.00,261922,11956,158.00,173.00,331.00,173,158,0.00,0.00,0,0
1508092315,s1-eth1,249810.00,11956.00,261766.00,11956,249810,165.00,158.00,323.00,158,165,0.00,0.00,0,0
1508092315,s2-eth2,3918.00,96896.00,100814.00,96896,3918,51.00,64.00,115.00,64,51,0.00,0.00,0,0
1508092315,s2-eth1,92354.00,3918.00,96272.00,3918,92354,61.00,51.00,112.00,51,61,0.00,0.00,0,0
1508092315,lo,0.00,0.00,0.00,0,0,0.00,0.00,0.00,0,0,0.00,0.00,0,0
1508092315,total,358038.00,374692.00,732730.00,374692,358038,435.00,446.00,881.00,446,435,0.00,0.00,0,0
1508092316,s1,0.00,0.00,0.00,0,0,0.00,0.00,0.00,0,0,0.00,0.00,0,0
1508092316,eth0,0.00,0.00,0.00,0,0,0.00,0.00,0.00,0,0,0.00,0.00,0,0
1508092316,eth1,0.00,0.00,0.00,0,0,0.00,0.00,0.00,0,0,0.00,0.00,0,0
1508092316,s2,0.00,0.00,0.00,0,0,0.00,0.00,0.00,0,0,0.00,0.00,0,0
1508092316,s1-eth2,12515.48,252585.42,265100.91,252838,12528,161.84,166.83,328.67,167,162,0.00,0.00,0,0
1508092316,s1-eth1,249560.45,12515.48,262075.94,12528,249810,164.84,161.84,326.67,162,165,0.00,0.00,0,0
1508092316,s2-eth2,3850.15,72599.41,76449.55,72672,3854,48.95,47.95,96.90,48,49,0.00,0.00,0,0
1508092316,s2-eth1,74111.89,3850.15,77962.04,3854,74186,48.95,48.95,97.90,49,49,0.00,0.00,0,0
1508092316,lo,171.83,171.83,343.66,172,172,3.00,3.00,5.99,3,3,0.00,0.00,0,0
1508092316,total,340209.81,341722.28,681932.06,342064,340550,427.57,428.57,856.14,429,428,0.00,0.00,0,0
1508092317,s1,0.00,0.00,0.00,0,0,0.00,0.00,0.00,0,0,0.00,0.00,0,0
1508092317,eth0,0.00,0.00,0.00,0,0,0.00,0.00,0.00,0,0,0.00,0.00,0,0
1508092317,eth1,0.00,0.00,0.00,0,0,0.00,0.00,0.00,0,0,0.00,0.00,0,0
1508092317,s2,0.00,0.00,0.00,0,0,0.00,0.00,0.00,0,0,0.00,0.00,0,0
1508092317,s1-eth2,12234.53,259888.23,272122.75,260408,12259,158.68,171.66,330.34,172,159,0.00,0.00,0,0
1508092317,s1-eth1,250929.16,12213.57,263142.72,12238,251431,166.67,158.68,325.35,159,167,0.00,0.00,0,0
1508092317,s2-eth2,2617.76,72526.95,75144.71,72672,2623,34.93,47.90,82.83,48,35,0.00,0.00,0,0
1508092317,s2-eth1,69953.09,2510.98,72464.07,2516,70093,47.90,33.93,81.84,34,48,0.00,0.00,0,0
1508092317,lo,171.66,171.66,343.31,172,172,2.99,2.99,5.99,3,3,0.00,0.00,0,0
1508092317,total,335906.19,347311.38,683217.56,348006,336578,411.18,415.17,826.35,416,412,0.00,0.00,0,0
1508092318,s1,0.00,0.00,0.00,0,0,0.00,0.00,0.00,0,0,0.00,0.00,0,0
1508092318,eth0,0.00,0.00,0.00,0,0,0.00,0.00,0.00,0,0,0.00,0.00,0,0
1508092318,eth1,0.00,0.00,0.00,0,0,0.00,0.00,0.00,0,0,0.00,0.00,0,0
1508092318,s2,0.00,0.00,0.00,0,0,0.00,0.00,0.00,0,0,0.00,0.00,0,0
1508092318,s1-eth2,12544.00,260408.00,272952.00,260408,12544,164.00,172.00,336.00,172,164,0.00,0.00,0,0
1508092318,s1-eth1,249810.00,12458.00,262268.00,12458,249810,165.00,163.00,328.00,163,165,0.00,0.00,0,0
1508092318,s2-eth2,2476.00,66616.00,69092.00,66616,2476,32.00,44.00,76.00,44,32,0.00,0.00,0,0
1508092318,s2-eth1,71158.00,2476.00,73634.00,2476,71158,47.00,32.00,79.00,32,47,0.00,0.00,0,0
1508092318,lo,0.00,0.00,0.00,0,0,0.00,0.00,0.00,0,0,0.00,0.00,0,0
1508092318,total,335988.00,341958.00,677946.00,341958,335988,408.00,411.00,819.00,411,408,0.00,0.00,0,0
1508092319,s1,0.00,0.00,0.00,0,0,0.00,0.00,0.00,0,0,0.00,0.00,0,0
1508092319,eth0,0.00,0.00,0.00,0,0,0.00,0.00,0.00,0,0,0.00,0.00,0,0
1508092319,eth1,0.00,0.00,0.00,0,0,0.00,0.00,0.00,0,0,0.00,0.00,0,0
1508092319,s2,0.00,0.00,0.00,0,0,0.00,0.00,0.00,0,0,0.00,0.00,0,0
1508092319,s1-eth2,11978.00,252838.00,264816.00,252838,11978,157.00,167.00,324.00,167,157,0.00,0.00,0,0
1508092319,s1-eth1,249810.00,11978.00,261788.00,11978,249810,165.00,157.00,322.00,157,165,0.00,0.00,0,0
1508092319,s2-eth2,2846.00,69644.00,72490.00,69644,2846,33.00,46.00,79.00,46,33,0.00,0.00,0,0
1508092319,s2-eth1,62074.00,2504.00,64578.00,2504,62074,41.00,32.00,73.00,32,41,0.00,0.00,0,0
1508092319,lo,0.00,0.00,0.00,0,0,0.00,0.00,0.00,0,0,0.00,0.00,0,0
1508092319,total,326708.00,336964.00,663672.00,336964,326708,396.00,402.00,798.00,402,396,0.00,0.00,0,0
1508092320,s1,0.00,0.00,0.00,0,0,0.00,0.00,0.00,0,0,0.00,0.00,0,0
1508092320,eth0,0.00,0.00,0.00,0,0,0.00,0.00,0.00,0,0,0.00,0.00,0,0
1508092320,eth1,0.00,0.00,0.00,0,0,0.00,0.00,0.00,0,0,0.00,0.00,0,0
1508092320,s2,0.00,0.00,0.00,0,0,0.00,0.00,0.00,0,0,0.00,0.00,0,0
1508092320,s1-eth2,11832.00,258894.00,270726.00,258894,11832,156.00,171.00,327.00,171,156,0.00,0.00,0,0
1508092320,s1-eth1,249810.00,11832.00,261642.00,11832,249810,165.00,156.00,321.00,156,165,0.00,0.00,0,0
1508092320,s2-eth2,2464.00,54504.00,56968.00,54504,2464,32.00,36.00,68.00,36,32,0.00,0.00,0,0
1508092320,s2-eth1,48448.00,2464.00,50912.00,2464,48448,32.00,32.00,64.00,32,32,0.00,0.00,0,0
1508092320,lo,0.00,0.00,0.00,0,0,0.00,0.00,0.00,0,0,0.00,0.00,0,0
1508092320,total,312554.00,327694.00,640248.00,327694,312554,385.00,395.00,780.00,395,385,0.00,0.00,0,0
1508092321,s1,0.00,0.00,0.00,0,0,0.00,0.00,0.00,0,0,0.00,0.00,0,0
1508092321,eth0,0.00,0.00,0.00,0,0,0.00,0.00,0.00,0,0,0.00,0.00,0,0
1508092321,eth1,0.00,0.00,0.00,0,0,0.00,0.00,0.00,0,0,0.00,0.00,0,0
1508092321,s2,0.00,0.00,0.00,0,0,0.00,0.00,0.00,0,0,0.00,0.00,0,0
1508092321,s1-eth2,12172.00,252838.00,265010.00,252838,12172,158.00,167.00,325.00,167,158,0.00,0.00,0,0
1508092321,s1-eth1,249810.00,12172.00,261982.00,12172,249810,165.00,158.00,323.00,158,165,0.00,0.00,0,0
1508092321,s2-eth2,2230.00,49962.00,52192.00,49962,2230,29.00,33.00,62.00,33,29,0.00,0.00,0,0
1508092321,s2-eth1,57532.00,2230.00,59762.00,2230,57532,38.00,29.00,67.00,29,38,0.00,0.00,0,0
1508092321,lo,172.00,172.00,344.00,172,172,3.00,3.00,6.00,3,3,0.00,0.00,0,0
1508092321,total,321916.00,317374.00,639290.00,317374,321916,393.00,390.00,783.00,390,393,0.00,0.00,0,0
1508092322,s1,0.00,0.00,0.00,0,0,0.00,0.00,0.00,0,0,0.00,0.00,0,0
1508092322,eth0,0.00,0.00,0.00,0,0,0.00,0.00,0.00,0,0,0.00,0.00,0,0
1508092322,eth1,0.00,0.00,0.00,0,0,0.00,0.00,0.00,0,0,0.00,0.00,0,0
1508092322,s2,0.00,0.00,0.00,0,0,0.00,0.00,0.00,0,0,0.00,0.00,0,0
1508092322,s1-eth2,12300.00,257380.00,269680.00,257380,12300,160.00,170.00,330.00,170,160,0.00,0.00,0,0
1508092322,s1-eth1,250152.00,12300.00,262452.00,12300,250152,166.00,160.00,326.00,160,166,0.00,0.00,0,0
1508092322,s2-eth2,3404.00,81756.00,85160.00,81756,3404,46.00,54.00,100.00,54,46,0.00,0.00,0,0
1508092322,s2-eth1,72672.00,3404.00,76076.00,3404,72672,48.00,46.00,94.00,46,48,0.00,0.00,0,0
1508092322,lo,172.00,172.00,344.00,172,172,3.00,3.00,6.00,3,3,0.00,0.00,0,0
1508092322,total,338700.00,355012.00,693712.00,355012,338700,423.00,433.00,856.00,433,423,0.00,0.00,0,0
1508092323,s1,0.00,0.00,0.00,0,0,0.00,0.00,0.00,0,0,0.00,0.00,0,0
1508092323,eth0,0.00,0.00,0.00,0,0,0.00,0.00,0.00,0,0,0.00,0.00,0,0
1508092323,eth1,0.00,0.00,0.00,0,0,0.00,0.00,0.00,0,0,0.00,0.00,0,0
1508092323,s2,0.00,0.00,0.00,0,0,0.00,0.00,0.00,0,0,0.00,0.00,0,0
1508092323,s1-eth2,12384.00,258894.00,271278.00,258894,12384,162.00,171.00,333.00,171,162,0.00,0.00,0,0
1508092323,s1-eth1,249810.00,12458.00,262268.00,12458,249810,165.00,163.00,328.00,163,165,0.00,0.00,0,0
1508092323,s2-eth2,3548.00,87812.00,91360.00,87812,3548,46.00,58.00,104.00,58,46,0.00,0.00,0,0
1508092323,s2-eth1,90840.00,3548.00,94388.00,3548,90840,60.00,46.00,106.00,46,60,0.00,0.00,0,0
1508092323,lo,0.00,0.00,0.00,0,0,0.00,0.00,0.00,0,0,0.00,0.00,0,0
1508092323,total,356582.00,362712.00,719294.00,362712,356582,433.00,438.00,871.00,438,433,0.00,0.00,0,0
1508092324,s1,0.00,0.00,0.00,0,0,0.00,0.00,0.00,0,0,0.00,0.00,0,0
1508092324,eth0,0.00,0.00,0.00,0,0,0.00,0.00,0.00,0,0,0.00,0.00,0,0
1508092324,eth1,0.00,0.00,0.00,0,0,0.00,0.00,0.00,0,0,0.00,0.00,0,0
1508092324,s2,0.00,0.00,0.00,0,0,0.00,0.00,0.00,0,0,0.00,0.00,0,0
1508092324,s1-eth2,12412.00,257380.00,269792.00,257380,12412,164.00,170.00,334.00,170,164,0.00,0.00,0,0
1508092324,s1-eth1,251324.00,12338.00,263662.00,12338,251324,166.00,163.00,329.00,163,166,0.00,0.00,0,0
1508092324,s2-eth2,3538.00,102952.00,106490.00,102952,3538,47.00,68.00,115.00,68,47,0.00,0.00,0,0
1508092324,s2-eth1,99924.00,3538.00,103462.00,3538,99924,66.00,47.00,113.00,47,66,0.00,0.00,0,0
1508092324,lo,0.00,0.00,0.00,0,0,0.00,0.00,0.00,0,0,0.00,0.00,0,0
1508092324,total,367198.00,376208.00,743406.00,376208,367198,443.00,448.00,891.00,448,443,0.00,0.00,0,0
1508092325,s1,0.00,0.00,0.00,0,0,0.00,0.00,0.00,0,0,0.00,0.00,0,0
1508092325,eth0,0.00,0.00,0.00,0,0,0.00,0.00,0.00,0,0,0.00,0.00,0,0
1508092325,eth1,0.00,0.00,0.00,0,0,0.00,0.00,0.00,0,0,0.00,0.00,0,0
1508092325,s2,0.00,0.00,0.00,0,0,0.00,0.00,0.00,0,0,0.00,0.00,0,0
1508092325,s1-eth2,12614.00,252838.00,265452.00,252838,12614,161.00,167.00,328.00,167,161,0.00,0.00,0,0
1508092325,s1-eth1,249810.00,12272.00,262082.00,12272,249810,165.00,160.00,325.00,160,165,0.00,0.00,0,0
1508092325,s2-eth2,3204.00,54546.00,57750.00,54546,3204,40.00,37.00,77.00,37,40,0.00,0.00,0,0
1508092325,s2-eth1,56018.00,3204.00,59222.00,3204,56018,37.00,40.00,77.00,40,37,0.00,0.00,0,0
1508092325,lo,0.00,0.00,0.00,0,0,0.00,0.00,0.00,0,0,0.00,0.00,0,0
1508092325,total,321646.00,322860.00,644506.00,322860,321646,403.00,404.00,807.00,404,403,0.00,0.00,0,0
1508092326,s1,0.00,0.00,0.00,0,0,0.00,0.00,0.00,0,0,0.00,0.00,0,0
1508092326,eth0,0.00,0.00,0.00,0,0,0.00,0.00,0.00,0,0,0.00,0.00,0,0
1508092326,eth1,0.00,0.00,0.00,0,0,0.00,0.00,0.00,0,0,0.00,0.00,0,0
1508092326,s2,0.00,0.00,0.00,0,0,0.00,0.00,0.00,0,0,0.00,0.00,0,0
1508092326,s1-eth2,11322.00,261922.00,273244.00,261922,11322,153.00,173.00,326.00,173,153,0.00,0.00,0,0
1508092326,s1-eth1,249810.00,11322.00,261132.00,11322,249810,165.00,153.00,318.00,153,165,0.00,0.00,0,0
1508092326,s2-eth2,1702.00,54504.00,56206.00,54504,1702,23.00,36.00,59.00,36,23,0.00,0.00,0,0
1508092326,s2-eth1,53032.00,1702.00,54734.00,1702,53032,36.00,23.00,59.00,23,36,0.00,0.00,0,0
1508092326,lo,172.00,172.00,344.00,172,172,3.00,3.00,6.00,3,3,0.00,0.00,0,0
1508092326,total,316038.00,329622.00,645660.00,329622,316038,380.00,388.00,768.00,388,380,0.00,0.00,0,0
1508092327,s1,0.00,0.00,0.00,0,0,0.00,0.00,0.00,0,0,0.00,0.00,0,0
1508092327,eth0,0.00,0.00,0.00,0,0,0.00,0.00,0.00,0,0,0.00,0.00,0,0
1508092327,eth1,0.00,0.00,0.00,0,0,0.00,0.00,0.00,0,0,0.00,0.00,0,0
1508092327,s2,0.00,0.00,0.00,0,0,0.00,0.00,0.00,0,0,0.00,0.00,0,0
1508092327,s1-eth2,12463.54,246535.47,258999.02,246782,12476,157.84,162.84,320.68,163,158,0.00,0.00,0,0
1508092327,s1-eth1,249560.45,12549.45,262109.89,12562,249810,164.84,158.84,323.68,159,165,0.00,0.00,0,0
1508092327,s2-eth2,2683.32,62011.99,64695.30,62074,2686,34.97,40.96,75.92,41,35,0.00,0.00,0,0
1508092327,s2-eth1,57474.53,2683.32,60157.84,2686,57532,37.96,34.97,72.93,35,38,0.00,0.00,0,0
1508092327,lo,171.83,171.83,343.66,172,172,3.00,3.00,5.99,3,3,0.00,0.00,0,0
1508092327,total,322353.66,323952.06,646305.69,324276,322676,398.60,400.60,799.20,401,399,0.00,0.00,0,0
1508092328,s1,0.00,0.00,0.00,0,0,0.00,0.00,0.00,0,0,0.00,0.00,0,0
1508092328,eth0,0.00,0.00,0.00,0,0,0.00,0.00,0.00,0,0,0.00,0.00,0,0
1508092328,eth1,0.00,0.00,0.00,0,0,0.00,0.00,0.00,0,0,0.00,0.00,0,0
1508092328,s2,0.00,0.00,0.00,0,0,0.00,0.00,0.00,0,0,0.00,0.00,0,0
1508092328,s1-eth2,12139.86,264685.31,276825.19,264950,12152,157.84,174.83,332.67,175,158,0.00,0.00,0,0
1508092328,s1-eth1,251072.94,12127.87,263200.81,12140,251324,165.83,157.84,323.68,158,166,0.00,0.00,0,0
1508092328,s2-eth2,2291.71,69574.43,71866.13,69644,2294,30.97,45.95,76.92,46,31,0.00,0.00,0,0
1508092328,s2-eth1,68061.94,2291.71,70353.65,2294,68130,44.96,30.97,75.92,31,45,0.00,0.00,0,0
1508092328,lo,0.00,0.00,0.00,0,0,0.00,0.00,0.00,0,0,0.00,0.00,0,0
1508092328,total,333566.44,348679.34,682245.75,349028,333900,399.60,409.59,809.19,410,400,0.00,0.00,0,0
1508092329,s1,0.00,0.00,0.00,0,0,0.00,0.00,0.00,0,0,0.00,0.00,0,0
1508092329,eth0,0.00,0.00,0.00,0,0,0.00,0.00,0.00,0,0,0.00,0.00,0,0
1508092329,eth1,0.00,0.00,0.00,0,0,0.00,0.00,0.00,0,0,0.00,0.00,0,0
1508092329,s2,0.00,0.00,0.00,0,0,0.00,0.00,0.00,0,0,0.00,0.00,0,0
1508092329,s1-eth2,12265.73,261660.34,273926.09,261922,12278,162.84,172.83,335.66,173,163,0.00,0.00,0,0
1508092329,s1-eth1,249560.45,12191.81,261752.25,12204,249810,164.84,161.84,326.67,162,165,0.00,0.00,0,0
1508092329,s2-eth2,2631.37,51424.58,54055.95,51476,2634,32.97,33.97,66.93,34,33,0.00,0.00,0,0
1508092329,s2-eth1,54449.55,2631.37,57080.92,2634,54504,35.96,32.97,68.93,33,36,0.00,0.00,0,0
1508092329,lo,0.00,0.00,0.00,0,0,0.00,0.00,0.00,0,0,0.00,0.00,0,0
1508092329,total,318907.09,327908.09,646815.19,328236,319226,396.60,401.60,798.20,402,397,0.00,0.00,0,0
1508092330,s1,0.00,0.00,0.00,0,0,0.00,0.00,0.00,0,0,0.00,0.00,0,0
1508092330,eth0,0.00,0.00,0.00,0,0,0.00,0.00,0.00,0,0,0.00,0.00,0,0
1508092330,eth1,0.00,0.00,0.00,0,0,0.00,0.00,0.00,0,0,0.00,0.00,0,0
1508092330,s2,0.00,0.00,0.00,0,0,0.00,0.00,0.00,0,0,0.00,0.00,0,0
1508092330,s1-eth2,12448.00,251324.00,263772.00,251324,12448,160.00,166.00,326.00,166,160,0.00,0.00,0,0
1508092330,s1-eth1,249810.00,12522.00,262332.00,12522,249810,165.00,161.00,326.00,161,165,0.00,0.00,0,0
1508092330,s2-eth2,2254.00,52990.00,55244.00,52990,2254,29.00,35.00,64.00,35,29,0.00,0.00,0,0
1508092330,s2-eth1,45420.00,2254.00,47674.00,2254,45420,30.00,29.00,59.00,29,30,0.00,0.00,0,0
1508092330,lo,0.00,0.00,0.00,0,0,0.00,0.00,0.00,0,0,0.00,0.00,0,0
1508092330,total,309932.00,319090.00,629022.00,319090,309932,384.00,391.00,775.00,391,384,0.00,0.00,0,0
1508092331,s1,0.00,0.00,0.00,0,0,0.00,0.00,0.00,0,0,0.00,0.00,0,0
1508092331,eth0,0.00,0.00,0.00,0,0,0.00,0.00,0.00,0,0,0.00,0.00,0,0
1508092331,eth1,0.00,0.00,0.00,0,0,0.00,0.00,0.00,0,0,0.00,0.00,0,0
1508092331,s2,0.00,0.00,0.00,0,0,0.00,0.00,0.00,0,0,0.00,0.00,0,0
1508092331,s1-eth2,12363.64,260147.86,272511.50,260408,12376,159.84,171.83,331.67,172,160,0.00,0.00,0,0
1508092331,s1-eth1,249560.45,12289.71,261850.16,12302,249810,164.84,158.84,323.68,159,165,0.00,0.00,0,0
1508092331,s2-eth2,2287.71,46887.11,49174.83,46934,2290,28.97,30.97,59.94,31,29,0.00,0.00,0,0
1508092331,s2-eth1,49912.09,2287.71,52199.80,2290,49962,32.97,28.97,61.94,29,33,0.00,0.00,0,0
1508092331,lo,171.83,171.83,343.66,172,172,3.00,3.00,5.99,3,3,0.00,0.00,0,0
1508092331,total,314295.72,321784.22,636079.94,322106,314610,389.61,393.61,783.22,394,390,0.00,0.00,0,0
1508092332,s1,0.00,0.00,0.00,0,0,0.00,0.00,0.00,0,0,0.00,0.00,0,0
1508092332,eth0,0.00,0.00,0.00,0,0,0.00,0.00,0.00,0,0,0.00,0.00,0,0
1508092332,eth1,0.00,0.00,0.00,0,0,0.00,0.00,0.00,0,0,0.00,0.00,0,0
1508092332,s2,0.00,0.00,0.00,0,0,0.00,0.00,0.00,0,0,0.00,0.00,0,0
1508092332,s1-eth2,12501.00,261399.20,273900.22,261922,12526,160.68,172.65,333.33,173,161,0.00,0.00,0,0
1508092332,s1-eth1,249311.39,12574.85,261886.23,12600,249810,164.67,161.68,326.35,162,165,0.00,0.00,0,0
1508092332,s2-eth2,2459.08,54395.21,56854.29,54504,2464,31.94,35.93,67.86,36,32,0.00,0.00,0,0
1508092332,s2-eth1,45329.34,2459.08,47788.43,2464,45420,29.94,31.94,61.88,32,30,0.00,0.00,0,0
1508092332,lo,171.66,171.66,343.31,172,172,2.99,2.99,5.99,3,3,0.00,0.00,0,0
1508092332,total,309772.47,331000.00,640772.50,331662,310392,390.22,405.19,795.41,406,391,0.00,0.00,0,0
1508092333,s1,0.00,0.00,0.00,0,0,0.00,0.00,0.00,0,0,0.00,0.00,0,0
1508092333,eth0,0.00,0.00,0.00,0,0,0.00,0.00,0.00,0,0,0.00,0.00,0,0
1508092333,eth1,0.00,0.00,0.00,0,0,0.00,0.00,0.00,0,0,0.00,0.00,0,0
1508092333,s2,0.00,0.00,0.00,0,0,0.00,0.00,0.00,0,0,0.00,0.00,0,0
1508092333,s1-eth2,12733.00,261922.00,274655.00,261922,12733,164.00,173.00,337.00,173,164,0.00,0.00,0,0
1508092333,s1-eth1,251431.00,12552.00,263983.00,12552,251431,167.00,162.00,329.00,162,167,0.00,0.00,0,0
1508092333,s2-eth2,2493.00,51476.00,53969.00,51476,2493,32.00,34.00,66.00,34,32,0.00,0.00,0,0
1508092333,s2-eth1,57639.00,2386.00,60025.00,2386,57639,39.00,31.00,70.00,31,39,0.00,0.00,0,0
1508092333,lo,0.00,0.00,0.00,0,0,0.00,0.00,0.00,0,0,0.00,0.00,0,0
1508092333,total,324296.00,328336.00,652632.00,328336,324296,402.00,400.00,802.00,400,402,0.00,0.00,0,0
1508092334,s1,0.00,0.00,0.00,0,0,0.00,0.00,0.00,0,0,0.00,0.00,0,0
1508092334,eth0,0.00,0.00,0.00,0,0,0.00,0.00,0.00,0,0,0.00,0.00,0,0
1508092334,eth1,0.00,0.00,0.00,0,0,0.00,0.00,0.00,0,0,0.00,0.00,0,0
1508092334,s2,0.00,0.00,0.00,0,0,0.00,0.00,0.00,0,0,0.00,0.00,0,0
1508092334,s1-eth2,5562.00,105616.00,111178.00,105616,5562,75.00,72.00,147.00,72,75,0.00,0.00,0,0
1508092334,s1-eth1,111672.00,5562.00,117234.00,5562,111672,76.00,75.00,151.00,75,76,0.00,0.00,0,0
1508092334,s2-eth2,1332.00,30354.00,31686.00,30354,1332,18.00,21.00,39.00,21,18,0.00,0.00,0,0
1508092334,s2-eth1,30354.00,1332.00,31686.00,1332,30354,21.00,18.00,39.00,18,21,0.00,0.00,0,0
1508092334,lo,0.00,0.00,0.00,0,0,0.00,0.00,0.00,0,0,0.00,0.00,0,0
1508092334,total,148920.00,142864.00,291784.00,142864,148920,190.00,186.00,376.00,186,190,0.00,0.00,0,0
1508092335,s1,0.00,0.00,0.00,0,0,0.00,0.00,0.00,0,0,0.00,0.00,0,0
1508092335,eth0,0.00,0.00,0.00,0,0,0.00,0.00,0.00,0,0,0.00,0.00,0,0
1508092335,eth1,0.00,0.00,0.00,0,0,0.00,0.00,0.00,0,0,0.00,0.00,0,0
1508092335,s2,0.00,0.00,0.00,0,0,0.00,0.00,0.00,0,0,0.00,0.00,0,0
1508092335,s1-eth2,234.00,222.00,456.00,222,234,3.00,3.00,6.00,3,3,0.00,0.00,0,0
1508092335,s1-eth1,148.00,234.00,382.00,234,148,2.00,3.00,5.00,3,2,0.00,0.00,0,0
1508092335,s2-eth2,74.00,74.00,148.00,74,74,1.00,1.00,2.00,1,1,0.00,0.00,0,0
1508092335,s2-eth1,74.00,74.00,148.00,74,74,1.00,1.00,2.00,1,1,0.00,0.00,0,0
1508092335,lo,0.00,0.00,0.00,0,0,0.00,0.00,0.00,0,0,0.00,0.00,0,0
1508092335,total,530.00,604.00,1134.00,604,530,7.00,8.00,15.00,8,7,0.00,0.00,0,0
1508092336,s1,0.00,0.00,0.00,0,0,0.00,0.00,0.00,0,0,0.00,0.00,0,0
1508092336,eth0,0.00,0.00,0.00,0,0,0.00,0.00,0.00,0,0,0.00,0.00,0,0
1508092336,eth1,0.00,0.00,0.00,0,0,0.00,0.00,0.00,0,0,0.00,0.00,0,0
1508092336,s2,0.00,0.00,0.00,0,0,0.00,0.00,0.00,0,0,0.00,0.00,0,0
1508092336,s1-eth2,0.00,0.00,0.00,0,0,0.00,0.00,0.00,0,0,0.00,0.00,0,0
1508092336,s1-eth1,0.00,0.00,0.00,0,0,0.00,0.00,0.00,0,0,0.00,0.00,0,0
1508092336,s2-eth2,0.00,0.00,0.00,0,0,0.00,0.00,0.00,0,0,0.00,0.00,0,0
1508092336,s2-eth1,0.00,0.00,0.00,0,0,0.00,0.00,0.00,0,0,0.00,0.00,0,0
1508092336,lo,172.00,172.00,344.00,172,172,3.00,3.00,6.00,3,3,0.00,0.00,0,0
1508092336,total,172.00,172.00,344.00,172,172,3.00,3.00,6.00,3,3,0.00,0.00,0,0
1508092337,s1,0.00,0.00,0.00,0,0,0.00,0.00,0.00,0,0,0.00,0.00,0,0
1508092337,eth0,0.00,0.00,0.00,0,0,0.00,0.00,0.00,0,0,0.00,0.00,0,0
1508092337,eth1,0.00,0.00,0.00,0,0,0.00,0.00,0.00,0,0,0.00,0.00,0,0
1508092337,s2,0.00,0.00,0.00,0,0,0.00,0.00,0.00,0,0,0.00,0.00,0,0
1508092337,s1-eth2,0.00,0.00,0.00,0,0,0.00,0.00,0.00,0,0,0.00,0.00,0,0
1508092337,s1-eth1,342.00,0.00,342.00,0,342,1.00,0.00,1.00,0,1,0.00,0.00,0,0
1508092337,s2-eth2,0.00,0.00,0.00,0,0,0.00,0.00,0.00,0,0,0.00,0.00,0,0
1508092337,s2-eth1,0.00,0.00,0.00,0,0,0.00,0.00,0.00,0,0,0.00,0.00,0,0
1508092337,lo,172.00,172.00,344.00,172,172,3.00,3.00,6.00,3,3,0.00,0.00,0,0
1508092337,total,514.00,172.00,686.00,172,514,4.00,3.00,7.00,3,4,0.00,0.00,0,0
1508092338,s1,0.00,0.00,0.00,0,0,0.00,0.00,0.00,0,0,0.00,0.00,0,0
1508092338,eth0,0.00,0.00,0.00,0,0,0.00,0.00,0.00,0,0,0.00,0.00,0,0
1508092338,eth1,0.00,0.00,0.00,0,0,0.00,0.00,0.00,0,0,0.00,0.00,0,0
1508092338,s2,0.00,0.00,0.00,0,0,0.00,0.00,0.00,0,0,0.00,0.00,0,0
1508092338,s1-eth2,0.00,0.00,0.00,0,0,0.00,0.00,0.00,0,0,0.00,0.00,0,0
1508092338,s1-eth1,0.00,0.00,0.00,0,0,0.00,0.00,0.00,0,0,0.00,0.00,0,0
1508092338,s2-eth2,0.00,0.00,0.00,0,0,0.00,0.00,0.00,0,0,0.00,0.00,0,0
1508092338,s2-eth1,342.00,0.00,342.00,0,342,1.00,0.00,1.00,0,1,0.00,0.00,0,0
1508092338,lo,0.00,0.00,0.00,0,0,0.00,0.00,0.00,0,0,0.00,0.00,0,0
1508092338,total,342.00,0.00,342.00,0,342,1.00,0.00,1.00,0,1,0.00,0.00