1508092568,s1,0.00,0.00,0.00,0,0,0.00,0.00,0.00,0,0,0.00,0.00,0,0
1508092568,eth0,0.00,0.00,0.00,0,0,0.00,0.00,0.00,0,0,0.00,0.00,0,0
1508092568,eth1,0.00,0.00,0.00,0,0,0.00,0.00,0.00,0,0,0.00,0.00,0,0
1508092568,s1-eth2,0.00,0.00,0.00,0,0,0.00,0.00,0.00,0,0,0.00,0.00,0,0
1508092568,s1-eth1,0.00,0.00,0.00,0,0,0.00,0.00,0.00,0,0,0.00,0.00,0,0
1508092568,lo,0.00,0.00,0.00,0,0,0.00,0.00,0.00,0,0,0.00,0.00,0,0
1508092568,total,0.00,0.00,0.00,0,0,0.00,0.00,0.00,0,0,0.00,0.00,0,0
1508092569,s1,0.00,0.00,0.00,0,0,0.00,0.00,0.00,0,0,0.00,0.00,0,0
1508092569,eth0,0.00,0.00,0.00,0,0,0.00,0.00,0.00,0,0,0.00,0.00,0,0
1508092569,eth1,0.00,0.00,0.00,0,0,0.00,0.00,0.00,0,0,0.00,0.00,0,0
1508092569,s1-eth2,6887.11,243300.70,250187.81,243544,6894,96.90,91.91,188.81,92,97,0.00,0.00,0,0
1508092569,s1-eth1,246787.22,6479.52,253266.73,6486,247034,100.90,94.91,195.80,95,101,0.00,0.00,0,0
1508092569,lo,0.00,0.00,0.00,0,0,0.00,0.00,0.00,0,0,0.00,0.00,0,0
1508092569,total,253674.33,249780.23,503454.56,250030,253928,197.80,186.81,384.62,187,198,0.00,0.00,0,0
1508092570,s1,0.00,0.00,0.00,0,0,0.00,0.00,0.00,0,0,0.00,0.00,0,0
1508092570,eth0,0.00,0.00,0.00,0,0,0.00,0.00,0.00,0,0,0.00,0.00,0,0
1508092570,eth1,0.00,0.00,0.00,0,0,0.00,0.00,0.00,0,0,0.00,0.00,0,0
1508092570,s1-eth2,6023.98,249086.92,255110.89,249336,6030,88.91,91.91,180.82,92,89,0.00,0.00,0,0
1508092570,s1-eth1,243168.84,6023.98,249192.81,6030,243412,89.91,88.91,178.82,89,90,0.00,0.00,0,0
1508092570,lo,0.00,0.00,0.00,0,0,0.00,0.00,0.00,0,0,0.00,0.00,0,0
1508092570,total,249192.81,255110.89,504303.72,255366,249442,178.82,180.82,359.64,181,179,0.00,0.00,0,0
1508092571,s1,0.00,0.00,0.00,0,0,0.00,0.00,0.00,0,0,0.00,0.00,0,0
1508092571,eth0,0.00,0.00,0.00,0,0,0.00,0.00,0.00,0,0,0.00,0.00,0,0
1508092571,eth1,0.00,0.00,0.00,0,0,0.00,0.00,0.00,0,0,0.00,0.00,0,0
1508092571,s1-eth2,5148.00,245846.00,250994.00,245846,5148,78.00,83.00,161.00,83,78,0.00,0.00,0,0
1508092571,s1-eth1,245846.00,5214.00,251060.00,5214,245846,83.00,79.00,162.00,79,83,0.00,0.00,0,0
1508092571,lo,0.00,0.00,0.00,0,0,0.00,0.00,0.00,0,0,0.00,0.00,0,0
1508092571,total,250994.00,251060.00,502054.00,251060,250994,161.00,162.00,323.00,162,161,0.00,0.00,0,0
1508092572,s1,0.00,0.00,0.00,0,0,0.00,0.00,0.00,0,0,0.00,0.00,0,0
1508092572,eth0,0.00,0.00,0.00,0,0,0.00,0.00,0.00,0,0,0.00,0.00,0,0
1508092572,eth1,0.00,0.00,0.00,0,0,0.00,0.00,0.00,0,0,0.00,0.00,0,0
1508092572,s1-eth2,6549.45,252507.50,259056.95,252760,6556,93.91,99.90,193.81,100,94,0.00,0.00,0,0
1508092572,s1-eth1,246589.42,6483.52,253072.94,6490,246836,97.90,92.91,190.81,93,98,0.00,0.00,0,0
1508092572,lo,171.83,171.83,343.66,172,172,3.00,3.00,5.99,3,3,0.00,0.00,0,0
1508092572,total,253310.70,259162.84,512473.53,259422,253564,194.81,195.80,390.61,196,195,0.00,0.00,0,0
1508092573,s1,0.00,0.00,0.00,0,0,0.00,0.00,0.00,0,0,0.00,0.00,0,0
1508092573,eth0,0.00,0.00,0.00,0,0,0.00,0.00,0.00,0,0,0.00,0.00,0,0
1508092573,eth1,0.00,0.00,0.00,0,0,0.00,0.00,0.00,0,0,0.00,0.00,0,0
1508092573,s1-eth2,5442.56,248691.31,254133.88,248940,5448,81.92,85.91,167.83,86,82,0.00,0.00,0,0
1508092573,s1-eth1,242880.12,5442.56,248322.69,5448,243123,84.92,81.92,166.83,82,85,0.00,0.00,0,0
1508092573,lo,0.00,0.00,0.00,0,0,0.00,0.00,0.00,0,0,0.00,0.00,0,0
1508092573,total,248322.69,254133.88,502456.56,254388,248571,166.83,167.83,334.67,168,167,0.00,0.00,0,0
1508092574,s1,0.00,0.00,0.00,0,0,0.00,0.00,0.00,0,0,0.00,0.00,0,0
1508092574,eth0,0.00,0.00,0.00,0,0,0.00,0.00,0.00,0,0,0.00,0.00,0,0
1508092574,eth1,0.00,0.00,0.00,0,0,0.00,0.00,0.00,0,0,0.00,0.00,0,0
1508092574,s1-eth2,5711.00,252100.00,257811.00,252100,5711,85.00,90.00,175.00,90,85,0.00,0.00,0,0
1508092574,s1-eth1,246176.00,5604.00,251780.00,5604,246176,88.00,84.00,172.00,84,88,0.00,0.00,0,0
1508092574,lo,0.00,0.00,0.00,0,0,0.00,0.00,0.00,0,0,0.00,0.00,0,0
1508092574,total,251887.00,257704.00,509591.00,257704,251887,173.00,174.00,347.00,174,173,0.00,0.00,0,0
1508092575,s1,0.00,0.00,0.00,0,0,0.00,0.00,0.00,0,0,0.00,0.00,0,0
1508092575,eth0,0.00,0.00,0.00,0,0,0.00,0.00,0.00,0,0,0.00,0.00,0,0
1508092575,eth1,0.00,0.00,0.00,0,0,0.00,0.00,0.00,0,0,0.00,0.00,0,0
1508092575,s1-eth2,5484.00,249006.00,254490.00,249006,5484,82.00,87.00,169.00,87,82,0.00,0.00,0,0
1508092575,s1-eth1,246044.00,5484.00,251528.00,5484,246044,86.00,82.00,168.00,82,86,0.00,0.00,0,0
1508092575,lo,0.00,0.00,0.00,0,0,0.00,0.00,0.00,0,0,0.00,0.00,0,0
1508092575,total,251528.00,254490.00,506018.00,254490,251528,168.00,169.00,337.00,169,168,0.00,0.00,0,0
1508092576,s1,0.00,0.00,0.00,0,0,0.00,0.00,0.00,0,0,0.00,0.00,0,0
1508092576,eth0,0.00,0.00,0.00,0,0,0.00,0.00,0.00,0,0,0.00,0.00,0,0
1508092576,eth1,0.00,0.00,0.00,0,0,0.00,0.00,0.00,0,0,0.00,0.00,0,0
1508092576,s1-eth2,7142.86,254217.80,261360.64,254472,7150,98.90,103.90,202.80,104,99,0.00,0.00,0,0
1508092576,s1-eth1,244169.84,6867.13,251036.97,6874,244414,100.90,98.90,199.80,99,101,0.00,0.00,0,0
1508092576,lo,0.00,0.00,0.00,0,0,0.00,0.00,0.00,0,0,0.00,0.00,0,0
1508092576,total,251312.69,261084.92,512397.62,261346,251564,199.80,202.80,402.60,203,200,0.00,0.00,0,0
1508092577,s1,0.00,0.00,0.00,0,0,0.00,0.00,0.00,0,0,0.00,0.00,0,0
1508092577,eth0,0.00,0.00,0.00,0,0,0.00,0.00,0.00,0,0,0.00,0.00,0,0
1508092577,eth1,0.00,0.00,0.00,0,0,0.00,0.00,0.00,0,0,0.00,0.00,0,0
1508092577,s1-eth2,5850.00,255128.00,260978.00,255128,5850,87.00,92.00,179.00,92,87,0.00,0.00,0,0
1508092577,s1-eth1,246242.00,5784.00,252026.00,5784,246242,89.00,86.00,175.00,86,89,0.00,0.00,0,0
1508092577,lo,172.00,172.00,344.00,172,172,3.00,3.00,6.00,3,3,0.00,0.00,0,0
1508092577,total,252264.00,261084.00,513348.00,261084,252264,179.00,181.00,360.00,181,179,0.00,0.00,0,0
1508092578,s1,0.00,0.00,0.00,0,0,0.00,0.00,0.00,0,0,0.00,0.00,0,0
1508092578,eth0,0.00,0.00,0.00,0,0,0.00,0.00,0.00,0,0,0.00,0.00,0,0
1508092578,eth1,0.00,0.00,0.00,0,0,0.00,0.00,0.00,0,0,0.00,0.00,0,0
1508092578,s1-eth2,5412.59,253294.72,258707.30,253548,5418,80.92,89.91,170.83,90,81,0.00,0.00,0,0
1508092578,s1-eth1,242773.23,5412.59,248185.83,5418,243016,83.92,80.92,164.84,81,84,0.00,0.00,0,0
1508092578,lo,0.00,0.00,0.00,0,0,0.00,0.00,0.00,0,0,0.00,0.00,0,0
1508092578,total,248185.83,258707.30,506893.12,258966,248434,164.84,170.83,335.66,171,165,0.00,0.00,0,0
1508092579,s1,0.00,0.00,0.00,0,0,0.00,0.00,0.00,0,0,0.00,0.00,0,0
1508092579,eth0,0.00,0.00,0.00,0,0,0.00,0.00,0.00,0,0,0.00,0.00,0,0
1508092579,eth1,0.00,0.00,0.00,0,0,0.00,0.00,0.00,0,0,0.00,0.00,0,0
1508092579,s1-eth2,6396.00,250982.00,257378.00,250982,6396,94.00,95.00,189.00,95,94,0.00,0.00,0,0
1508092579,s1-eth1,246638.00,6462.00,253100.00,6462,246638,95.00,95.00,190.00,95,95,0.00,0.00,0,0
1508092579,lo,0.00,0.00,0.00,0,0,0.00,0.00,0.00,0,0,0.00,0.00,0,0
1508092579,total,253034.00,257444.00,510478.00,257444,253034,189.00,190.00,379.00,190,189,0.00,0.00,0,0
1508092580,s1,0.00,0.00,0.00,0,0,0.00,0.00,0.00,0,0,0.00,0.00,0,0
1508092580,eth0,0.00,0.00,0.00,0,0,0.00,0.00,0.00,0,0,0.00,0.00,0,0
1508092580,eth1,0.00,0.00,0.00,0,0,0.00,0.00,0.00,0,0,0.00,0.00,0,0
1508092580,s1-eth2,6072.00,255326.00,261398.00,255326,6072,90.00,95.00,185.00,95,90,0.00,0.00,0,0
1508092580,s1-eth1,246440.00,6006.00,252446.00,6006,246440,92.00,89.00,181.00,89,92,0.00,0.00,0,0
1508092580,lo,0.00,0.00,0.00,0,0,0.00,0.00,0.00,0,0,0.00,0.00,0,0
1508092580,total,252512.00,261332.00,513844.00,261332,252512,182.00,184.00,366.00,184,182,0.00,0.00,0,0
1508092581,s1,0.00,0.00,0.00,0,0,0.00,0.00,0.00,0,0,0.00,0.00,0,0
1508092581,eth0,0.00,0.00,0.00,0,0,0.00,0.00,0.00,0,0,0.00,0.00,0,0
1508092581,eth1,0.00,0.00,0.00,0,0,0.00,0.00,0.00,0,0,0.00,0.00,0,0
1508092581,s1-eth2,5868.13,253492.52,259360.64,253746,5874,86.91,92.91,179.82,93,87,0.00,0.00,0,0
1508092581,s1-eth1,243102.91,5868.13,248971.03,5874,243346,88.91,86.91,175.82,87,89,0.00,0.00,0,0
1508092581,lo,0.00,0.00,0.00,0,0,0.00,0.00,0.00,0,0,0.00,0.00,0,0
1508092581,total,248971.03,259360.64,508331.69,259620,249220,175.82,179.82,355.64,180,176,0.00,0.00,0,0
1508092582,s1,0.00,0.00,0.00,0,0,0.00,0.00,0.00,0,0,0.00,0.00,0,0
1508092582,eth0,0.00,0.00,0.00,0,0,0.00,0.00,0.00,0,0,0.00,0.00,0,0
1508092582,eth1,0.00,0.00,0.00,0,0,0.00,0.00,0.00,0,0,0.00,0.00,0,0
1508092582,s1-eth2,4662.00,197666.00,202328.00,197666,4662,69.00,77.00,146.00,77,69,0.00,0.00,0,0
1508092582,s1-eth1,192084.00,4662.00,196746.00,4662,192084,76.00,69.00,145.00,69,76,0.00,0.00,0,0
1508092582,lo,172.00,172.00,344.00,172,172,3.00,3.00,6.00,3,3,0.00,0.00,0,0
1508092582,total,196918.00,202500.00,399418.00,202500,196918,148.00,149.00,297.00,149,148,0.00,0.00,0,0
1508092583,s1,0.00,0.00,0.00,0,0,0.00,0.00,0.00,0,0,0.00,0.00,0,0
1508092583,eth0,0.00,0.00,0.00,0,0,0.00,0.00,0.00,0,0,0.00,0.00,0,0
1508092583,eth1,0.00,0.00,0.00,0,0,0.00,0.00,0.00,0,0,0.00,0.00,0,0
1508092583,s1-eth2,5694.00,253548.00,259242.00,253548,5694,85.00,90.00,175.00,90,85,0.00,0.00,0,0
1508092583,s1-eth1,243148.00,5694.00,248842.00,5694,243148,86.00,85.00,171.00,85,86,0.00,0.00,0,0
1508092583,lo,0.00,0.00,0.00,0,0,0.00,0.00,0.00,0,0,0.00,0.00,0,0
1508092583,total,248842.00,259242.00,508084.00,259242,248842,171.00,175.00,346.00,175,171,0.00,0.00,0,0
1508092584,s1,0.00,0.00,0.00,0,0,0.00,0.00,0.00,0,0,0.00,0.00,0,0
1508092584,eth0,0.00,0.00,0.00,0,0,0.00,0.00,0.00,0,0,0.00,0.00,0,0
1508092584,eth1,0.00,0.00,0.00,0,0,0.00,0.00,0.00,0,0,0.00,0.00,0,0
1508092584,s1-eth2,6330.00,252562.00,258892.00,252562,6330,93.00,97.00,190.00,97,93,0.00,0.00,0,0
1508092584,s1-eth1,246638.00,6330.00,252968.00,6330,246638,95.00,93.00,188.00,93,95,0.00,0.00,0,0
1508092584,lo,0.00,0.00,0.00,0,0,0.00,0.00,0.00,0,0,0.00,0.00,0,0
1508092584,total,252968.00,258892.00,511860.00,258892,252968,188.00,190.00,378.00,190,188,0.00,0.00,0,0
1508092585,s1,0.00,0.00,0.00,0,0,0.00,0.00,0.00,0,0,0.00,0.00,0,0
1508092585,eth0,0.00,0.00,0.00,0,0,0.00,0.00,0.00,0,0,0.00,0.00,0,0
1508092585,eth1,0.00,0.00,0.00,0,0,0.00,0.00,0.00,0,0,0.00,0.00,0,0
1508092585,s1-eth2,5760.00,253680.00,259440.00,253680,5760,86.00,92.00,178.00,92,86,0.00,0.00,0,0
1508092585,s1-eth1,243280.00,5760.00,249040.00,5760,243280,88.00,86.00,174.00,86,88,0.00,0.00,0,0
1508092585,lo,0.00,0.00,0.00,0,0,0.00,0.00,0.00,0,0,0.00,0.00,0,0
1508092585,total,249040.00,259440.00,508480.00,259440,249040,174.00,178.00,352.00,178,174,0.00,0.00,0,0
1508092586,s1,0.00,0.00,0.00,0,0,0.00,0.00,0.00,0,0,0.00,0.00,0,0
1508092586,eth0,0.00,0.00,0.00,0,0,0.00,0.00,0.00,0,0,0.00,0.00,0,0
1508092586,eth1,0.00,0.00,0.00,0,0,0.00,0.00,0.00,0,0,0.00,0.00,0,0
1508092586,s1-eth2,6077.92,252111.89,258189.81,252364,6084,89.91,93.91,183.82,94,90,0.00,0.00,0,0
1508092586,s1-eth1,246193.81,6077.92,252271.73,6084,246440,91.91,89.91,181.82,90,92,0.00,0.00,0,0
1508092586,lo,0.00,0.00,0.00,0,0,0.00,0.00,0.00,0,0,0.00,0.00,0,0
1508092586,total,252271.73,258189.81,510461.56,258448,252524,181.82,183.82,365.63,184,182,0.00,0.00,0,0
1508092587,s1,0.00,0.00,0.00,0,0,0.00,0.00,0.00,0,0,0.00,0.00,0,0
1508092587,eth0,0.00,0.00,0.00,0,0,0.00,0.00,0.00,0,0,0.00,0.00,0,0
1508092587,eth1,0.00,0.00,0.00,0,0,0.00,0.00,0.00,0,0,0.00,0.00,0,0
1508092587,s1-eth2,6738.00,260462.00,267200.00,260462,6738,99.00,107.00,206.00,107,99,0.00,0.00,0,0
1508092587,s1-eth1,244138.00,6738.00,250876.00,6738,244138,101.00,99.00,200.00,99,101,0.00,0.00,0,0
1508092587,lo,172.00,172.00,344.00,172,172,3.00,3.00,6.00,3,3,0.00,0.00,0,0
1508092587,total,251048.00,267372.00,518420.00,267372,251048,203.00,209.00,412.00,209,203,0.00,0.00,0,0
1508092588,s1,0.00,0.00,0.00,0,0,0.00,0.00,0.00,0,0,0.00,0.00,0,0
1508092588,eth0,0.00,0.00,0.00,0,0,0.00,0.00,0.00,0,0,0.00,0.00,0,0
1508092588,eth1,0.00,0.00,0.00,0,0,0.00,0.00,0.00,0,0,0.00,0.00,0,0
1508092588,s1-eth2,5850.00,258090.00,263940.00,258090,5850,87.00,93.00,180.00,93,87,0.00,0.00,0,0
1508092588,s1-eth1,246242.00,5850.00,252092.00,5850,246242,89.00,87.00,176.00,87,89,0.00,0.00,0,0
1508092588,lo,0.00,0.00,0.00,0,0,0.00,0.00,0.00,0,0,0.00,0.00,0,0
1508092588,total,252092.00,263940.00,516032.00,263940,252092,176.00,180.00,356.00,180,176,0.00,0.00,0,0
1508092589,s1,0.00,0.00,0.00,0,0,0.00,0.00,0.00,0,0,0.00,0.00,0,0
1508092589,eth0,0.00,0.00,0.00,0,0,0.00,0.00,0.00,0,0,0.00,0.00,0,0
1508092589,eth1,0.00,0.00,0.00,0,0,0.00,0.00,0.00,0,0,0.00,0.00,0,0
1508092589,s1-eth2,5736.00,252034.00,257770.00,252034,5736,86.00,89.00,175.00,89,86,0.00,0.00,0,0
1508092589,s1-eth1,243255.00,5736.00,248991.00,5736,243255,87.00,86.00,173.00,86,87,0.00,0.00,0,0
1508092589,lo,0.00,0.00,0.00,0,0,0.00,0.00,0.00,0,0,0.00,0.00,0,0
1508092589,total,248991.00,257770.00,506761.00,257770,248991,173.00,175.00,348.00,175,173,0.00,0.00,0,0
1508092590,s1,0.00,0.00,0.00,0,0,0.00,0.00,0.00,0,0,0.00,0.00,0,0
1508092590,eth0,0.00,0.00,0.00,0,0,0.00,0.00,0.00,0,0,0.00,0.00,0,0
1508092590,eth1,0.00,0.00,0.00,0,0,0.00,0.00,0.00,0,0,0.00,0.00,0,0
1508092590,s1-eth2,5789.21,245600.41,251389.62,245846,5795,82.92,82.92,165.83,83,83,0.00,0.00,0,0
1508092590,s1-eth1,245600.41,5406.59,251007.00,5412,245846,82.92,81.92,164.84,82,83,0.00,0.00,0,0
1508092590,lo,0.00,0.00,0.00,0,0,0.00,0.00,0.00,0,0,0.00,0.00,0,0
1508092590,total,251389.62,251007.00,502396.62,251258,251641,165.83,164.84,330.67,165,166,0.00,0.00,0,0
1508092591,s1,0.00,0.00,0.00,0,0,0.00,0.00,0.00,0,0,0.00,0.00,0,0
1508092591,eth0,0.00,0.00,0.00,0,0,0.00,0.00,0.00,0,0,0.00,0.00,0,0
1508092591,eth1,0.00,0.00,0.00,0,0,0.00,0.00,0.00,0,0,0.00,0.00,0,0
1508092591,s1-eth2,5928.00,247822.00,253750.00,247822,5928,88.00,91.00,179.00,91,88,0.00,0.00,0,0
1508092591,s1-eth1,246242.00,5862.00,252104.00,5862,246242,89.00,87.00,176.00,87,89,0.00,0.00,0,0
1508092591,lo,0.00,0.00,0.00,0,0,0.00,0.00,0.00,0,0,0.00,0.00,0,0
1508092591,total,252170.00,253684.00,505854.00,253684,252170,177.00,178.00,355.00,178,177,0.00,0.00,0,0
1508092592,s1,0.00,0.00,0.00,0,0,0.00,0.00,0.00,0,0,0.00,0.00,0,0
1508092592,eth0,0.00,0.00,0.00,0,0,0.00,0.00,0.00,0,0,0.00,0.00,0,0
1508092592,eth1,0.00,0.00,0.00,0,0,0.00,0.00,0.00,0,0,0.00,0.00,0,0
1508092592,s1-eth2,6390.00,249864.00,256254.00,249864,6390,93.00,100.00,193.00,100,93,0.00,0.00,0,0
1508092592,s1-eth1,243808.00,6390.00,250198.00,6390,243808,96.00,93.00,189.00,93,96,0.00,0.00,0,0
1508092592,lo,172.00,172.00,344.00,172,172,3.00,3.00,6.00,3,3,0.00,0.00,0,0
1508092592,total,250370.00,256426.00,506796.00,256426,250370,192.00,196.00,388.00,196,192,0.00,0.00,0,0
1508092593,s1,0.00,0.00,0.00,0,0,0.00,0.00,0.00,0,0,0.00,0.00,0,0
1508092593,eth0,0.00,0.00,0.00,0,0,0.00,0.00,0.00,0,0,0.00,0.00,0,0
1508092593,eth1,0.00,0.00,0.00,0,0,0.00,0.00,0.00,0,0,0.00,0.00,0,0
1508092593,s1-eth2,5604.00,244530.00,250134.00,244530,5604,84.00,85.00,169.00,85,84,0.00,0.00,0,0
1508092593,s1-eth1,246176.00,5604.00,251780.00,5604,246176,88.00,84.00,172.00,84,88,0.00,0.00,0,0
1508092593,lo,0.00,0.00,0.00,0,0,0.00,0.00,0.00,0,0,0.00,0.00,0,0
1508092593,total,251780.00,250134.00,501914.00,250134,251780,172.00,169.00,341.00,169,172,0.00,0.00,0,0
1508092594,s1,0.00,0.00,0.00,0,0,0.00,0.00,0.00,0,0,0.00,0.00,0,0
1508092594,eth0,0.00,0.00,0.00,0,0,0.00,0.00,0.00,0,0,0.00,0.00,0,0
1508092594,eth1,0.00,0.00,0.00,0,0,0.00,0.00,0.00,0,0,0.00,0.00,0,0
1508092594,s1-eth2,6108.00,258288.00,264396.00,258288,6108,90.00,96.00,186.00,96,90,0.00,0.00,0,0
1508092594,s1-eth1,243478.00,6108.00,249586.00,6108,243478,91.00,90.00,181.00,90,91,0.00,0.00,0,0
1508092594,lo,0.00,0.00,0.00,0,0,0.00,0.00,0.00,0,0,0.00,0.00,0,0
1508092594,total,249586.00,264396.00,513982.00,264396,249586,181.00,186.00,367.00,186,181,0.00,0.00,0,0
1508092595,s1,0.00,0.00,0.00,0,0,0.00,0.00,0.00,0,0,0.00,0.00,0,0
1508092595,eth0,0.00,0.00,0.00,0,0,0.00,0.00,0.00,0,0,0.00,0.00,0,0
1508092595,eth1,0.00,0.00,0.00,0,0,0.00,0.00,0.00,0,0,0.00,0.00,0,0
1508092595,s1-eth2,5328.00,251902.00,257230.00,251902,5328,80.00,87.00,167.00,87,80,0.00,0.00,0,0
1508092595,s1-eth1,245978.00,5394.00,251372.00,5394,245978,85.00,81.00,166.00,81,85,0.00,0.00,0,0
1508092595,lo,0.00,0.00,0.00,0,0,0.00,0.00,0.00,0,0,0.00,0.00,0,0
1508092595,total,251306.00,257296.00,508602.00,257296,251306,165.00,168.00,333.00,168,165,0.00,0.00,0,0
1508092596,s1,0.00,0.00,0.00,0,0,0.00,0.00,0.00,0,0,0.00,0.00,0,0
1508092596,eth0,0.00,0.00,0.00,0,0,0.00,0.00,0.00,0,0,0.00,0.00,0,0
1508092596,eth1,0.00,0.00,0.00,0,0,0.00,0.00,0.00,0,0,0.00,0.00,0,0
1508092596,s1-eth2,5472.53,251518.48,256991.02,251770,5478,82.92,84.92,167.83,85,83,0.00,0.00,0,0
1508092596,s1-eth1,245942.06,5406.59,251348.66,5412,246188,83.92,81.92,165.83,82,84,0.00,0.00,0,0
1508092596,lo,0.00,0.00,0.00,0,0,0.00,0.00,0.00,0,0,0.00,0.00,0,0
1508092596,total,251414.59,256925.08,508339.69,257182,251666,166.83,166.83,333.67,167,167,0.00,0.00,0,0
1508092597,s1,0.00,0.00,0.00,0,0,0.00,0.00,0.00,0,0,0.00,0.00,0,0
1508092597,eth0,0.00,0.00,0.00,0,0,0.00,0.00,0.00,0,0,0.00,0.00,0,0
1508092597,eth1,0.00,0.00,0.00,0,0,0.00,0.00,0.00,0,0,0.00,0.00,0,0
1508092597,s1-eth2,6570.00,246770.00,253340.00,246770,6570,95.00,97.00,192.00,97,95,0.00,0.00,0,0
1508092597,s1-eth1,243742.00,6570.00,250312.00,6570,243742,95.00,95.00,190.00,95,95,0.00,0.00,0,0
1508092597,lo,172.00,172.00,344.00,172,172,3.00,3.00,6.00,3,3,0.00,0.00,0,0
1508092597,total,250484.00,253512.00,503996.00,253512,250484,193.00,195.00,388.00,195,193,0.00,0.00,0,0
1508092598,s1,0.00,0.00,0.00,0,0,0.00,0.00,0.00,0,0,0.00,0.00,0,0
1508092598,eth0,0.00,0.00,0.00,0,0,0.00,0.00,0.00,0,0,0.00,0.00,0,0
1508092598,eth1,0.00,0.00,0.00,0,0,0.00,0.00,0.00,0,0,0.00,0.00,0,0
1508092598,s1-eth2,5208.79,251518.48,256727.28,251770,5214,78.92,84.92,163.84,85,79,0.00,0.00,0,0
1508092598,s1-eth1,245600.41,5208.79,250809.20,5214,245846,82.92,78.92,161.84,79,83,0.00,0.00,0,0
1508092598,lo,0.00,0.00,0.00,0,0,0.00,0.00,0.00,0,0,0.00,0.00,0,0
1508092598,total,250809.20,256727.28,507536.47,256984,251060,161.84,163.84,325.67,164,162,0.00,0.00,0,0
1508092599,s1,0.00,0.00,0.00,0,0,0.00,0.00,0.00,0,0,0.00,0.00,0,0
1508092599,eth0,0.00,0.00,0.00,0,0,0.00,0.00,0.00,0,0,0.00,0.00,0,0
1508092599,eth1,0.00,0.00,0.00,0,0,0.00,0.00,0.00,0,0,0.00,0.00,0,0
1508092599,s1-eth2,6804.00,247100.00,253904.00,247100,6804,98.00,102.00,200.00,102,98,0.00,0.00,0,0
1508092599,s1-eth1,245520.00,6804.00,252324.00,6804,245520,100.00,98.00,198.00,98,100,0.00,0.00,0,0
1508092599,lo,0.00,0.00,0.00,0,0,0.00,0.00,0.00,0,0,0.00,0.00,0,0
1508092599,total,252324.00,253904.00,506228.00,253904,252324,198.00,200.00,398.00,200,198,0.00,0.00,0,0
1508092600,s1,0.00,0.00,0.00,0,0,0.00,0.00,0.00,0,0,0.00,0.00,0,0
1508092600,eth0,0.00,0.00,0.00,0,0,0.00,0.00,0.00,0,0,0.00,0.00,0,0
1508092600,eth1,0.00,0.00,0.00,0,0,0.00,0.00,0.00,0,0,0.00,0.00,0,0
1508092600,s1-eth2,5990.00,203066.00,209056.00,203066,5990,87.00,93.00,180.00,93,87,0.00,0.00,0,0
1508092600,s1-eth1,186742.00,5990.00,192732.00,5990,186742,87.00,87.00,174.00,87,87,0.00,0.00,0,0
1508092600,lo,0.00,0.00,0.00,0,0,0.00,0.00,0.00,0,0,0.00,0.00,0,0
1508092600,total,192732.00,209056.00,401788.00,209056,192732,174.00,180.00,354.00,180,174,0.00,0.00,0,0
1508092601,s1,0.00,0.00,0.00,0,0,0.00,0.00,0.00,0,0,0.00,0.00,0,0
1508092601,eth0,0.00,0.00,0.00,0,0,0.00,0.00,0.00,0,0,0.00,0.00,0,0
1508092601,eth1,0.00,0.00,0.00,0,0,0.00,0.00,0.00,0,0,0.00,0.00,0,0
1508092601,s1-eth2,5682.00,252034.00,257716.00,252034,5682,85.00,89.00,174.00,89,85,0.00,0.00,0,0
1508092601,s1-eth1,243148.00,5682.00,248830.00,5682,243148,86.00,85.00,171.00,85,86,0.00,0.00,0,0
1508092601,lo,0.00,0.00,0.00,0,0,0.00,0.00,0.00,0,0,0.00,0.00,0,0
1508092601,total,248830.00,257716.00,506546.00,257716,248830,171.00,174.00,345.00,174,171,0.00,0.00,0,0
1508092602,s1,0.00,0.00,0.00,0,0,0.00,0.00,0.00,0,0,0.00,0.00,0,0
1508092602,eth0,0.00,0.00,0.00,0,0,0.00,0.00,0.00,0,0,0.00,0.00,0,0
1508092602,eth1,0.00,0.00,0.00,0,0,0.00,0.00,0.00,0,0,0.00,0.00,0,0
1508092602,s1-eth2,5974.03,257964.05,263938.06,258222,5980,87.91,94.91,182.82,95,88,0.00,0.00,0,0
1508092602,s1-eth1,246127.88,5974.03,252101.91,5980,246374,90.91,87.91,178.82,88,91,0.00,0.00,0,0
1508092602,lo,171.83,171.83,343.66,172,172,3.00,3.00,5.99,3,3,0.00,0.00,0,0
1508092602,total,252273.73,264109.91,516383.62,264374,252526,181.82,185.81,367.63,186,182,0.00,0.00,0,0
1508092603,s1,0.00,0.00,0.00,0,0,0.00,0.00,0.00,0,0,0.00,0.00,0,0
1508092603,eth0,0.00,0.00,0.00,0,0,0.00,0.00,0.00,0,0,0.00,0.00,0,0
1508092603,eth1,0.00,0.00,0.00,0,0,0.00,0.00,0.00,0,0,0.00,0.00,0,0
1508092603,s1-eth2,5946.05,250467.55,256413.59,250718,5952,87.91,90.91,178.82,91,88,0.00,0.00,0,0
1508092603,s1-eth1,245996.02,5946.05,251942.06,5952,246242,88.91,87.91,176.82,88,89,0.00,0.00,0,0
1508092603,lo,0.00,0.00,0.00,0,0,0.00,0.00,0.00,0,0,0.00,0.00,0,0
1508092603,total,251942.06,256413.59,508355.66,256670,252194,176.82,178.82,355.64,179,177,0.00,0.00,0,0
1508092604,s1,0.00,0.00,0.00,0,0,0.00,0.00,0.00,0,0,0.00,0.00,0,0
1508092604,eth0,87.00,0.00,87.00,0,87,1.00,0.00,1.00,0,1,0.00,0.00,0,0
1508092604,eth1,0.00,0.00,0.00,0,0,0.00,0.00,0.00,0,0,0.00,0.00,0,0
1508092604,s1-eth2,5964.00,252364.00,258328.00,252364,5964,88.00,94.00,182.00,94,88,0.00,0.00,0,0
1508092604,s1-eth1,243478.00,5964.00,249442.00,5964,243478,91.00,88.00,179.00,88,91,0.00,0.00,0,0
1508092604,lo,0.00,0.00,0.00,0,0,0.00,0.00,0.00,0,0,0.00,0.00,0,0
1508092604,total,249529.00,258328.00,507857.00,258328,249529,180.00,182.00,362.00,182,180,0.00,0.00,0,0
1508092605,s1,0.00,0.00,0.00,0,0,0.00,0.00,0.00,0,0,0.00,0.00,0,0
1508092605,eth0,304.00,490.00,794.00,490,304,4.00,4.00,8.00,4,4,0.00,0.00,0,0
1508092605,eth1,0.00,0.00,0.00,0,0,0.00,0.00,0.00,0,0,0.00,0.00,0,0
1508092605,s1-eth2,6446.00,252232.00,258678.00,252232,6446,91.00,92.00,183.00,92,91,0.00,0.00,0,0
1508092605,s1-eth1,246760.00,5994.00,252754.00,5994,246760,92.00,89.00,181.00,89,92,0.00,0.00,0,0
1508092605,lo,682.00,682.00,1364.00,682,682,8.00,8.00,16.00,8,8,0.00,0.00,0,0
1508092605,total,254192.00,259398.00,513590.00,259398,254192,195.00,193.00,388.00,193,195,0.00,0.00,0,0
1508092606,s1,0.00,0.00,0.00,0,0,0.00,0.00,0.00,0,0,0.00,0.00,0,0
1508092606,eth0,151.85,244.76,396.60,245,152,2.00,2.00,4.00,2,2,0.00,0.00,0,0
1508092606,eth1,0.00,0.00,0.00,0,0,0.00,0.00,0.00,0,0,0.00,0.00,0,0
1508092606,s1-eth2,5834.17,251848.16,257682.33,252100,5840,85.91,89.91,175.82,90,86,0.00,0.00,0,0
1508092606,s1-eth1,243158.84,5646.35,248805.20,5652,243402,88.91,83.92,172.83,84,89,0.00,0.00,0,0
1508092606,lo,340.66,340.66,681.32,341,341,4.00,4.00,7.99,4,4,0.00,0.00,0,0
1508092606,total,249485.52,258079.92,507565.44,258338,249735,180.82,179.82,360.64,180,181,0.00,0.00,0,0
1508092607,s1,0.00,0.00,0.00,0,0,0.00,0.00,0.00,0,0,0.00,0.00,0,0
1508092607,eth0,411.00,490.00,901.00,490,411,5.00,4.00,9.00,4,5,0.00,0.00,0,0
1508092607,eth1,0.00,0.00,0.00,0,0,0.00,0.00,0.00,0,0,0.00,0.00,0,0
1508092607,s1-eth2,7260.00,252166.00,259426.00,252166,7260,96.00,91.00,187.00,91,96,0.00,0.00,0,0
1508092607,s1-eth1,244969.00,5826.00,250795.00,5826,244969,97.00,87.00,184.00,87,97,0.00,0.00,0,0
1508092607,lo,854.00,854.00,1708.00,854,854,11.00,11.00,22.00,11,11,0.00,0.00,0,0
1508092607,total,253494.00,259336.00,512830.00,259336,253494,209.00,193.00,402.00,193,209,0.00,0.00,0,0
1508092608,s1,0.00,0.00,0.00,0,0,0.00,0.00,0.00,0,0,0.00,0.00,0,0
1508092608,eth0,152.00,245.00,397.00,245,152,2.00,2.00,4.00,2,2,0.00,0.00,0,0
1508092608,eth1,0.00,0.00,0.00,0,0,0.00,0.00,0.00,0,0,0.00,0.00,0,0
1508092608,s1-eth2,7198.00,252406.00,259604.00,252406,7198,92.00,95.00,187.00,95,92,0.00,0.00,0,0
1508092608,s1-eth1,247103.00,5890.00,252993.00,5890,247103,96.00,87.00,183.00,87,96,0.00,0.00,0,0
1508092608,lo,637.00,637.00,1274.00,637,637,7.00,7.00,14.00,7,7,0.00,0.00,0,0
1508092608,total,255090.00,259178.00,514268.00,259178,255090,197.00,191.00,388.00,191,197,0.00,0.00,0,0
1508092609,s1,0.00,0.00,0.00,0,0,0.00,0.00,0.00,0,0,0.00,0.00,0,0
1508092609,eth0,0.00,0.00,0.00,0,0,0.00,0.00,0.00,0,0,0.00,0.00,0,0
1508092609,eth1,0.00,0.00,0.00,0,0,0.00,0.00,0.00,0,0,0.00,0.00,0,0
1508092609,s1-eth2,6045.00,252166.00,258211.00,252166,6045,86.00,91.00,177.00,91,86,0.00,0.00,0,0
1508092609,s1-eth1,243949.00,5784.00,249733.00,5784,243949,90.00,86.00,176.00,86,90,0.00,0.00,0,0
1508092609,lo,0.00,0.00,0.00,0,0,0.00,0.00,0.00,0,0,0.00,0.00,0,0
1508092609,total,249994.00,257950.00,507944.00,257950,249994,176.00,177.00,353.00,177,176,0.00,0.00,0,0
1508092610,s1,0.00,0.00,0.00,0,0,0.00,0.00,0.00,0,0,0.00,0.00,0,0
1508092610,eth0,59.94,59.94,119.88,60,60,1.00,1.00,2.00,1,1,0.00,0.00,0,0
1508092610,eth1,0.00,0.00,0.00,0,0,0.00,0.00,0.00,0,0,0.00,0.00,0,0
1508092610,s1-eth2,5954.05,251980.03,257934.08,252232,5960,84.92,91.91,176.82,92,85,0.00,0.00,0,0
1508092610,s1-eth1,244857.16,5514.49,250371.64,5520,245102,89.91,81.92,171.83,82,90,0.00,0.00,0,0
1508092610,lo,0.00,0.00,0.00,0,0,0.00,0.00,0.00,0,0,0.00,0.00,0,0
1508092610,total,250871.14,257554.45,508425.59,257812,251122,175.82,174.83,350.65,175,176,0.00,0.00,0,0
1508092611,s1,0.00,0.00,0.00,0,0,0.00,0.00,0.00,0,0,0.00,0.00,0,0
1508092611,eth0,0.00,0.00,0.00,0,0,0.00,0.00,0.00,0,0,0.00,0.00,0,0
1508092611,eth1,0.00,0.00,0.00,0,0,0.00,0.00,0.00,0,0,0.00,0.00,0,0
1508092611,s1-eth2,7177.00,255920.00,263097.00,255920,7177,100.00,104.00,204.00,104,100,0.00,0.00,0,0
1508092611,s1-eth1,245983.00,6780.00,252763.00,6780,245983,103.00,98.00,201.00,98,103,0.00,0.00,0,0
1508092611,lo,0.00,0.00,0.00,0,0,0.00,0.00,0.00,0,0,0.00,0.00,0,0
1508092611,total,253160.00,262700.00,515860.00,262700,253160,203.00,202.00,405.00,202,203,0.00,0.00,0,0
1508092612,s1,0.00,0.00,0.00,0,0,0.00,0.00,0.00,0,0,0.00,0.00,0,0
1508092612,eth0,0.00,0.00,0.00,0,0,0.00,0.00,0.00,0,0,0.00,0.00,0,0
1508092612,eth1,0.00,0.00,0.00,0,0,0.00,0.00,0.00,0,0,0.00,0.00,0,0
1508092612,s1-eth2,5562.00,252100.00,257662.00,252100,5562,83.00,90.00,173.00,90,83,0.00,0.00,0,0
1508092612,s1-eth1,244596.00,5628.00,250224.00,5628,244596,86.00,84.00,170.00,84,86,0.00,0.00,0,0
1508092612,lo,172.00,172.00,344.00,172,172,3.00,3.00,6.00,3,3,0.00,0.00,0,0
1508092612,total,250330.00,257900.00,508230.00,257900,250330,172.00,177.00,349.00,177,172,0.00,0.00,0,0
1508092613,s1,0.00,0.00,0.00,0,0,0.00,0.00,0.00,0,0,0.00,0.00,0,0
1508092613,eth0,0.00,0.00,0.00,0,0,0.00,0.00,0.00,0,0,0.00,0.00,0,0
1508092613,eth1,0.00,0.00,0.00,0,0,0.00,0.00,0.00,0,0,0.00,0.00,0,0
1508092613,s1-eth2,5472.53,254477.53,259950.06,254732,5478,82.92,85.91,168.83,86,83,0.00,0.00,0,0
1508092613,s1-eth1,244219.78,5406.59,249626.38,5412,244464,83.92,81.92,165.83,82,84,0.00,0.00,0,0
1508092613,lo,0.00,0.00,0.00,0,0,0.00,0.00,0.00,0,0,0.00,0.00,0,0
1508092613,total,249692.31,259884.12,509576.44,260144,249942,166.83,167.83,334.67,168,167,0.00,0.00,0,0
1508092614,s1,0.00,0.00,0.00,0,0,0.00,0.00,0.00,0,0,0.00,0.00,0,0
1508092614,eth0,0.00,0.00,0.00,0,0,0.00,0.00,0.00,0,0,0.00,0.00,0,0
1508092614,eth1,0.00,0.00,0.00,0,0,0.00,0.00,0.00,0,0,0.00,0.00,0,0
1508092614,s1-eth2,6263.00,249732.00,255995.00,249732,6263,91.00,98.00,189.00,98,91,0.00,0.00,0,0
1508092614,s1-eth1,246877.00,6156.00,253033.00,6156,246877,98.00,90.00,188.00,90,98,0.00,0.00,0,0
1508092614,lo,0.00,0.00,0.00,0,0,0.00,0.00,0.00,0,0,0.00,0.00,0,0
1508092614,total,253140.00,255888.00,509028.00,255888,253140,189.00,188.00,377.00,188,189,0.00,0.00,0,0
1508092615,s1,0.00,0.00,0.00,0,0,0.00,0.00,0.00,0,0,0.00,0.00,0,0
1508092615,eth0,0.00,0.00,0.00,0,0,0.00,0.00,0.00,0,0,0.00,0.00,0,0
1508092615,eth1,0.00,0.00,0.00,0,0,0.00,0.00,0.00,0,0,0.00,0.00,0,0
1508092615,s1-eth2,6622.00,250982.00,257604.00,250982,6622,93.00,95.00,188.00,95,93,0.00,0.00,0,0
1508092615,s1-eth1,243548.00,6210.00,249758.00,6210,243548,92.00,91.00,183.00,91,92,0.00,0.00,0,0
1508092615,lo,0.00,0.00,0.00,0,0,0.00,0.00,0.00,0,0,0.00,0.00,0,0
1508092615,total,250170.00,257192.00,507362.00,257192,250170,185.00,186.00,371.00,186,185,0.00,0.00,0,0
1508092616,s1,0.00,0.00,0.00,0,0,0.00,0.00,0.00,0,0,0.00,0.00,0,0
1508092616,eth0,0.00,0.00,0.00,0,0,0.00,0.00,0.00,0,0,0.00,0.00,0,0
1508092616,eth1,0.00,0.00,0.00,0,0,0.00,0.00,0.00,0,0,0.00,0.00,0,0
1508092616,s1-eth2,6245.75,261054.95,267300.72,261316,6252,91.91,97.90,189.81,98,92,0.00,0.00,0,0
1508092616,s1-eth1,246601.41,6245.75,252847.16,6252,246848,93.91,91.91,185.81,92,94,0.00,0.00,0,0
1508092616,lo,0.00,0.00,0.00,0,0,0.00,0.00,0.00,0,0,0.00,0.00,0,0
1508092616,total,252847.16,267300.72,520147.88,267568,253100,185.81,189.81,375.62,190,186,0.00,0.00,0,0
1508092617,s1,0.00,0.00,0.00,0,0,0.00,0.00,0.00,0,0,0.00,0.00,0,0
1508092617,eth0,0.00,0.00,0.00,0,0,0.00,0.00,0.00,0,0,0.00,0.00,0,0
1508092617,eth1,0.00,0.00,0.00,0,0,0.00,0.00,0.00,0,0,0.00,0.00,0,0
1508092617,s1-eth2,5838.16,255070.94,260909.09,255326,5844,85.91,94.91,180.82,95,86,0.00,0.00,0,0
1508092617,s1-eth1,246193.81,5838.16,252031.97,5844,246440,91.91,85.91,177.82,86,92,0.00,0.00,0,0
1508092617,lo,171.83,171.83,343.66,172,172,3.00,3.00,5.99,3,3,0.00,0.00,0,0
1508092617,total,252203.80,261080.92,513284.72,261342,252456,180.82,183.82,364.64,184,181,0.00,0.00,0,0
1508092618,s1,0.00,0.00,0.00,0,0,0.00,0.00,0.00,0,0,0.00,0.00,0,0
1508092618,eth0,0.00,0.00,0.00,0,0,0.00,0.00,0.00,0,0,0.00,0.00,0,0
1508092618,eth1,0.00,0.00,0.00,0,0,0.00,0.00,0.00,0,0,0.00,0.00,0,0
1508092618,s1-eth2,5550.00,252100.00,257650.00,252100,5550,83.00,90.00,173.00,90,83,0.00,0.00,0,0
1508092618,s1-eth1,243214.00,5550.00,248764.00,5550,243214,87.00,83.00,170.00,83,87,0.00,0.00,0,0
1508092618,lo,0.00,0.00,0.00,0,0,0.00,0.00,0.00,0,0,0.00,0.00,0,0
1508092618,total,248764.00,257650.00,506414.00,257650,248764,170.00,173.00,343.00,173,170,0.00,0.00,0,0
1508092619,s1,0.00,0.00,0.00,0,0,0.00,0.00,0.00,0,0,0.00,0.00,0,0
1508092619,eth0,0.00,0.00,0.00,0,0,0.00,0.00,0.00,0,0,0.00,0.00,0,0
1508092619,eth1,0.00,0.00,0.00,0,0,0.00,0.00,0.00,0,0,0.00,0.00,0,0
1508092619,s1-eth2,5964.00,255260.00,261224.00,255260,5964,88.00,94.00,182.00,94,88,0.00,0.00,0,0
1508092619,s1-eth1,246374.00,5964.00,252338.00,5964,246374,91.00,88.00,179.00,88,91,0.00,0.00,0,0
1508092619,lo,0.00,0.00,0.00,0,0,0.00,0.00,0.00,0,0,0.00,0.00,0,0
1508092619,total,252338.00,261224.00,513562.00,261224,252338,179.00,182.00,361.00,182,179,0.00,0.00,0,0
1508092620,s1,0.00,0.00,0.00,0,0,0.00,0.00,0.00,0,0,0.00,0.00,0,0
1508092620,eth0,0.00,0.00,0.00,0,0,0.00,0.00,0.00,0,0,0.00,0.00,0,0
1508092620,eth1,0.00,0.00,0.00,0,0,0.00,0.00,0.00,0,0,0.00,0.00,0,0
1508092620,s1-eth2,5760.00,251968.00,257728.00,251968,5760,86.00,88.00,174.00,88,86,0.00,0.00,0,0
1508092620,s1-eth1,243082.00,5760.00,248842.00,5760,243082,85.00,86.00,171.00,86,85,0.00,0.00,0,0
1508092620,lo,0.00,0.00,0.00,0,0,0.00,0.00,0.00,0,0,0.00,0.00,0,0
1508092620,total,248842.00,257728.00,506570.00,257728,248842,171.00,174.00,345.00,174,171,0.00,0.00,0,0
1508092621,s1,0.00,0.00,0.00,0,0,0.00,0.00,0.00,0,0,0.00,0.00,0,0
1508092621,eth0,0.00,0.00,0.00,0,0,0.00,0.00,0.00,0,0,0.00,0.00,0,0
1508092621,eth1,0.00,0.00,0.00,0,0,0.00,0.00,0.00,0,0,0.00,0.00,0,0
1508092621,s1-eth2,5574.00,246242.00,251816.00,246242,5574,83.00,89.00,172.00,89,83,0.00,0.00,0,0
1508092621,s1-eth1,246242.00,5574.00,251816.00,5574,246242,89.00,83.00,172.00,83,89,0.00,0.00,0,0
1508092621,lo,0.00,0.00,0.00,0,0,0.00,0.00,0.00,0,0,0.00,0.00,0,0
1508092621,total,251816.00,251816.00,503632.00,251816,251816,172.00,172.00,344.00,172,172,0.00,0.00,0,0
1508092622,s1,0.00,0.00,0.00,0,0,0.00,0.00,0.00,0,0,0.00,0.00,0,0
1508092622,eth0,0.00,0.00,0.00,0,0,0.00,0.00,0.00,0,0,0.00,0.00,0,0
1508092622,eth1,0.00,0.00,0.00,0,0,0.00,0.00,0.00,0,0,0.00,0.00,0,0
1508092622,s1-eth2,5663.34,251716.30,257379.62,251968,5669,83.92,87.91,171.83,88,84,0.00,0.00,0,0
1508092622,s1-eth1,245905.11,5556.44,251461.55,5562,246151,86.91,82.92,169.83,83,87,0.00,0.00,0,0
1508092622,lo,171.83,171.83,343.66,172,172,3.00,3.00,5.99,3,3,0.00,0.00,0,0
1508092622,total,251740.27,257444.56,509184.84,257702,251992,173.83,173.83,347.65,174,174,0.00,0.00,0,0
1508092623,s1,0.00,0.00,0.00,0,0,0.00,0.00,0.00,0,0,0.00,0.00,0,0
1508092623,eth0,0.00,0.00,0.00,0,0,0.00,0.00,0.00,0,0,0.00,0.00,0,0
1508092623,eth1,0.00,0.00,0.00,0,0,0.00,0.00,0.00,0,0,0.00,0.00,0,0
1508092623,s1-eth2,6167.83,252177.83,258345.66,252430,6174,90.91,94.91,185.81,95,91,0.00,0.00,0,0
1508092623,s1-eth1,243300.70,6167.83,249468.53,6174,243544,91.91,90.91,182.82,91,92,0.00,0.00,0,0
1508092623,lo,0.00,0.00,0.00,0,0,0.00,0.00,0.00,0,0,0.00,0.00,0,0
1508092623,total,249468.53,258345.66,507814.19,258604,249718,182.82,185.81,368.63,186,183,0.00,0.00,0,0
1508092624,s1,0.00,0.00,0.00,0,0,0.00,0.00,0.00,0,0,0.00,0.00,0,0
1508092624,eth0,0.00,0.00,0.00,0,0,0.00,0.00,0.00,0,0,0.00,0.00,0,0
1508092624,eth1,0.00,0.00,0.00,0,0,0.00,0.00,0.00,0,0,0.00,0.00,0,0
1508092624,s1-eth2,5532.47,248823.19,254355.66,249072,5538,82.92,87.91,170.83,88,83,0.00,0.00,0,0
1508092624,s1-eth1,246205.80,5532.47,251738.27,5538,246452,87.91,82.92,170.83,83,88,0.00,0.00,0,0
1508092624,lo,0.00,0.00,0.00,0,0,0.00,0.00,0.00,0,0,0.00,0.00,0,0
1508092624,total,251738.27,254355.66,506093.91,254610,251990,170.83,170.83,341.66,171,171,0.00,0.00,0,0
1508092625,s1,0.00,0.00,0.00,0,0,0.00,0.00,0.00,0,0,0.00,0.00,0,0
1508092625,eth0,0.00,0.00,0.00,0,0,0.00,0.00,0.00,0,0,0.00,0.00,0,0
1508092625,eth1,0.00,0.00,0.00,0,0,0.00,0.00,0.00,0,0,0.00,0.00,0,0
1508092625,s1-eth2,5760.24,246259.75,252019.98,246506,5766,84.92,92.91,177.82,93,85,0.00,0.00,0,0
1508092625,s1-eth1,244615.39,5826.17,250441.56,5832,244860,89.91,85.91,175.82,86,90,0.00,0.00,0,0
1508092625,lo,0.00,0.00,0.00,0,0,0.00,0.00,0.00,0,0,0.00,0.00,0,0
1508092625,total,250375.62,252085.92,502461.56,252338,250626,174.83,178.82,353.65,179,175,0.00,0.00,0,0
1508092626,s1,0.00,0.00,0.00,0,0,0.00,0.00,0.00,0,0,0.00,0.00,0,0
1508092626,eth0,0.00,0.00,0.00,0,0,0.00,0.00,0.00,0,0,0.00,0.00,0,0
1508092626,eth1,0.00,0.00,0.00,0,0,0.00,0.00,0.00,0,0,0.00,0.00,0,0
1508092626,s1-eth2,6348.00,249402.00,255750.00,249402,6348,94.00,93.00,187.00,93,94,0.00,0.00,0,0
1508092626,s1-eth1,245058.00,6282.00,251340.00,6282,245058,93.00,93.00,186.00,93,93,0.00,0.00,0,0
1508092626,lo,0.00,0.00,0.00,0,0,0.00,0.00,0.00,0,0,0.00,0.00,0,0
1508092626,total,251406.00,255684.00,507090.00,255684,251406,187.00,186.00,373.00,186,187,0.00,0.00,0,0
1508092627,s1,0.00,0.00,0.00,0,0,0.00,0.00,0.00,0,0,0.00,0.00,0,0
1508092627,eth0,0.00,0.00,0.00,0,0,0.00,0.00,0.00,0,0,0.00,0.00,0,0
1508092627,eth1,0.00,0.00,0.00,0,0,0.00,0.00,0.00,0,0,0.00,0.00,0,0
1508092627,s1-eth2,5952.00,256708.00,262660.00,256708,5952,88.00,94.00,182.00,94,88,0.00,0.00,0,0
1508092627,s1-eth1,246308.00,5952.00,252260.00,5952,246308,90.00,88.00,178.00,88,90,0.00,0.00,0,0
1508092627,lo,172.00,172.00,344.00,172,172,3.00,3.00,6.00,3,3,0.00,0.00,0,0
1508092627,total,252432.00,262832.00,515264.00,262832,252432,181.00,185.00,366.00,185,181,0.00,0.00,0,0
1508092628,s1,0.00,0.00,0.00,0,0,0.00,0.00,0.00,0,0,0.00,0.00,0,0
1508092628,eth0,0.00,0.00,0.00,0,0,0.00,0.00,0.00,0,0,0.00,0.00,0,0
1508092628,eth1,0.00,0.00,0.00,0,0,0.00,0.00,0.00,0,0,0.00,0.00,0,0
1508092628,s1-eth2,5928.00,252232.00,258160.00,252232,5928,88.00,92.00,180.00,92,88,0.00,0.00,0,0
1508092628,s1-eth1,243280.00,5928.00,249208.00,5928,243280,88.00,88.00,176.00,88,88,0.00,0.00,0,0
1508092628,lo,0.00,0.00,0.00,0,0,0.00,0.00,0.00,0,0,0.00,0.00,0,0
1508092628,total,249208.00,258160.00,507368.00,258160,249208,176.00,180.00,356.00,180,176,0.00,0.00,0,0
1508092629,s1,0.00,0.00,0.00,0,0,0.00,0.00,0.00,0,0,0.00,0.00,0,0
1508092629,eth0,0.00,0.00,0.00,0,0,0.00,0.00,0.00,0,0,0.00,0.00,0,0
1508092629,eth1,0.00,0.00,0.00,0,0,0.00,0.00,0.00,0,0,0.00,0.00,0,0
1508092629,s1-eth2,2412.00,96050.00,98462.00,96050,2412,36.00,37.00,73.00,37,36,0.00,0.00,0,0
1508092629,s1-eth1,99012.00,2412.00,101424.00,2412,99012,38.00,36.00,74.00,36,38,0.00,0.00,0,0
1508092629,lo,0.00,0.00,0.00,0,0,0.00,0.00,0.00,0,0,0.00,0.00,0,0
1508092629,total,101424.00,98462.00,199886.00,98462,101424,74.00,73.00,147.00,73,74,0.00,0.00,0,0
1508092630,s1,0.00,0.00,0.00,0,0,0.00,0.00,0.00,0,0,0.00,0.00,0,0
1508092630,eth0,0.00,0.00,0.00,0,0,0.00,0.00,0.00,0,0,0.00,0.00,0,0
1508092630,eth1,0.00,0.00,0.00,0,0,0.00,0.00,0.00,0,0,0.00,0.00,0,0
1508092630,s1-eth2,342.00,0.00,342.00,0,342,1.00,0.00,1.00,0,1,0.00,0.00,0,0
1508092630,s1-eth1,0.00,0.00,0.00,0,0,0.00,0.00,0.00,0,0,0.00,0.00,0,0
1508092630,lo,0.00,0.00,0.00,0,0,0.00,0.00,0.00,0,0,0.00,0.00,0,0
1508092630,total,342.00,0.00,342.00,0,342,1.00,0.00,1.00,0,1,0.00,0.00,0,0
1508092631,s1,0.00,0.00,0.00,0,0,0.00,0.00,0.00,0,0,0.00,0.00,0,0
1508092631,eth0,0.00,0.00,0.00,0,0,0.00,0.00,0.00,0,0,0.00,0.00,0,0
1508092631,eth1,0.00,0.00,0.00,0,0,0.00,0.00,0.00,0,0,0.00,0.00,0,0
1508092631,s1-eth2,0.00,0.00,0.00,0,0,0.00,0.00,0.00,0,0,0.00,0.00,0,0
1508092631,s1-eth1,0.00,0.00,0.00,0,0,0.00,0.00,0.00,0,0,0.00,0.00,0,0
1508092631,lo,0.00,0.00,0.00,0,0,0.00,0.00,0.00,0,0,0.00,0.00,0,0
1508092631,total,0.00,0.00,0.00,0,0,0.00,0.00,0.00,0,0,0.00,0.00,0,0
1508092632,s1,0.00,0.00,0.00,0,0,0.00,0.00,0.00,0,0,0.00,0.00,0,0
1508092632,eth0,0.00,0.00,0.00,0,0,0.00,0.00,0.00,0,0,0.00,0.00,0,0
1508092632,eth1,0.00,0.00,0.00,0,0,0.00,0.00,0.00,0,0,0.00,0.00,0,0
1508092632,s1-eth2,0.00,0.00,0.00,0,0,0.00,0.00,0.00,0,0,0.00,0.00,0,0
1508092632,s1-eth1,0.00,0.00,0.00,0,0,0.00,0.00,0.00,0,0,0.00,0.00,0,0
1508092632,lo,171.83,171.83,343.66,172,172,3.00,3.00,5.99,3,3,0.00,0.00,0,0
1508092632,total,171.83,171.83,343.66,172,172,3.00,3.00,5.99,3,3,0.00,0.00,0,0
1508092633,s1,0.00,0.00,0.00,0,0,0.00,0.00,0.00,0