1508092649,eth0,0.00,0.00,0.00,0,0,0.00,0.00,0.00,0,0,0.00,0.00,0,0
1508092649,eth1,0.00,0.00,0.00,0,0,0.00,0.00,0.00,0,0,0.00,0.00,0,0
1508092649,s2,0.00,0.00,0.00,0,0,0.00,0.00,0.00,0,0,0.00,0.00,0,0
1508092649,s2-eth2,0.00,0.00,0.00,0,0,0.00,0.00,0.00,0,0,0.00,0.00,0,0
1508092649,s2-eth1,0.00,0.00,0.00,0,0,0.00,0.00,0.00,0,0,0.00,0.00,0,0
1508092649,lo,0.00,0.00,0.00,0,0,0.00,0.00,0.00,0,0,0.00,0.00,0,0
1508092649,total,0.00,0.00,0.00,0,0,0.00,0.00,0.00,0,0,0.00,0.00,0,0
1508092650,eth0,0.00,0.00,0.00,0,0,0.00,0.00,0.00,0,0,0.00,0.00,0,0
1508092650,eth1,0.00,0.00,0.00,0,0,0.00,0.00,0.00,0,0,0.00,0.00,0,0
1508092650,s2,0.00,0.00,0.00,0,0,0.00,0.00,0.00,0,0,0.00,0.00,0,0
1508092650,s2-eth2,7698.30,131318.69,139016.98,131450,7706,86.91,60.94,147.85,61,87,0.00,0.00,0,0
1508092650,s2-eth1,199310.69,7356.64,206667.34,7364,199510,82.92,85.91,168.83,86,83,0.00,0.00,0,0
1508092650,lo,0.00,0.00,0.00,0,0,0.00,0.00,0.00,0,0,0.00,0.00,0,0
1508092650,total,207009.00,138675.33,345684.31,138814,207216,169.83,146.85,316.68,147,170,0.00,0.00,0,0
1508092651,eth0,0.00,0.00,0.00,0,0,0.00,0.00,0.00,0,0,0.00,0.00,0,0
1508092651,eth1,0.00,0.00,0.00,0,0,0.00,0.00,0.00,0,0,0.00,0.00,0,0
1508092651,s2,0.00,0.00,0.00,0,0,0.00,0.00,0.00,0,0,0.00,0.00,0,0
1508092651,s2-eth2,5436.00,261580.00,267016.00,261580,5436,78.00,102.00,180.00,102,78,0.00,0.00,0,0
1508092651,s2-eth1,227352.00,5502.00,232854.00,5502,227352,88.00,79.00,167.00,79,88,0.00,0.00,0,0
1508092651,lo,0.00,0.00,0.00,0,0,0.00,0.00,0.00,0,0,0.00,0.00,0,0
1508092651,total,232788.00,267082.00,499870.00,267082,232788,166.00,181.00,347.00,181,166,0.00,0.00,0,0
1508092652,eth0,0.00,0.00,0.00,0,0,0.00,0.00,0.00,0,0,0.00,0.00,0,0
1508092652,eth1,0.00,0.00,0.00,0,0,0.00,0.00,0.00,0,0,0.00,0.00,0,0
1508092652,s2,0.00,0.00,0.00,0,0,0.00,0.00,0.00,0,0,0.00,0.00,0,0
1508092652,s2-eth2,7410.00,215178.00,222588.00,215178,7410,103.00,101.00,204.00,101,103,0.00,0.00,0,0
1508092652,s2-eth1,229856.00,7500.00,237356.00,7500,229856,104.00,104.00,208.00,104,104,0.00,0.00,0,0
1508092652,lo,0.00,0.00,0.00,0,0,0.00,0.00,0.00,0,0,0.00,0.00,0,0
1508092652,total,237266.00,222678.00,459944.00,222678,237266,207.00,205.00,412.00,205,207,0.00,0.00,0,0
1508092653,eth0,0.00,0.00,0.00,0,0,0.00,0.00,0.00,0,0,0.00,0.00,0,0
1508092653,eth1,0.00,0.00,0.00,0,0,0.00,0.00,0.00,0,0,0.00,0.00,0,0
1508092653,s2,0.00,0.00,0.00,0,0,0.00,0.00,0.00,0,0,0.00,0.00,0,0
1508092653,s2-eth2,4374.00,113348.00,117722.00,113348,4374,61.00,50.00,111.00,50,61,0.00,0.00,0,0
1508092653,s2-eth1,117956.00,4218.00,122174.00,4218,117956,54.00,59.00,113.00,59,54,0.00,0.00,0,0
1508092653,lo,0.00,0.00,0.00,0,0,0.00,0.00,0.00,0,0,0.00,0.00,0,0
1508092653,total,122330.00,117566.00,239896.00,117566,122330,115.00,109.00,224.00,109,115,0.00,0.00,0,0
1508092654,eth0,0.00,0.00,0.00,0,0,0.00,0.00,0.00,0,0,0.00,0.00,0,0
1508092654,eth1,0.00,0.00,0.00,0,0,0.00,0.00,0.00,0,0,0.00,0.00,0,0
1508092654,s2,0.00,0.00,0.00,0,0,0.00,0.00,0.00,0,0,0.00,0.00,0,0
1508092654,s2-eth2,2172.00,86162.00,88334.00,86162,2172,32.00,33.00,65.00,33,32,0.00,0.00,0,0
1508092654,s2-eth1,74314.00,2172.00,76486.00,2172,74314,29.00,32.00,61.00,32,29,0.00,0.00,0,0
1508092654,lo,172.00,172.00,344.00,172,172,3.00,3.00,6.00,3,3,0.00,0.00,0,0
1508092654,total,76658.00,88506.00,165164.00,88506,76658,64.00,68.00,132.00,68,64,0.00,0.00,0,0
1508092655,eth0,0.00,0.00,0.00,0,0,0.00,0.00,0.00,0,0,0.00,0.00,0,0
1508092655,eth1,0.00,0.00,0.00,0,0,0.00,0.00,0.00,0,0,0.00,0.00,0,0
1508092655,s2,0.00,0.00,0.00,0,0,0.00,0.00,0.00,0,0,0.00,0.00,0,0
1508092655,s2-eth2,2147.00,80238.00,82385.00,80238,2147,31.00,31.00,62.00,31,31,0.00,0.00,0,0
1508092655,s2-eth1,86269.00,2040.00,88309.00,2040,86269,34.00,30.00,64.00,30,34,0.00,0.00,0,0
1508092655,lo,0.00,0.00,0.00,0,0,0.00,0.00,0.00,0,0,0.00,0.00,0,0
1508092655,total,88327.67,82195.80,170523.48,82278,88416,64.94,60.94,125.87,61,65,0.00,0.00,0,0
1508092656,eth0,0.00,0.00,0.00,0,0,0.00,0.00,0.00,0,0,0.00,0.00,0,0
1508092656,eth1,0.00,0.00,0.00,0,0,0.00,0.00,0.00,0,0,0.00,0.00,0,0
1508092656,s2,0.00,0.00,0.00,0,0,0.00,0.00,0.00,0,0,0.00,0.00,0,0
1508092656,s2-eth2,1924.08,58129.87,60053.95,58188,1926,26.97,25.97,52.95,26,27,0.00,0.00,0,0
1508092656,s2-eth1,50699.30,1924.08,52623.38,1926,50750,22.98,26.97,49.95,27,23,0.00,0.00,0,0
1508092656,lo,0.00,0.00,0.00,0,0,0.00,0.00,0.00,0,0,0.00,0.00,0,0
1508092656,total,52676.00,60114.00,112790.00,60114,52676,50.00,53.00,103.00,53,50,0.00,0.00,0,0
1508092657,eth0,0.00,0.00,0.00,0,0,0.00,0.00,0.00,0,0,0.00,0.00,0,0
1508092657,eth1,0.00,0.00,0.00,0,0,0.00,0.00,0.00,0,0,0.00,0.00,0,0
1508092657,s2,0.00,0.00,0.00,0,0,0.00,0.00,0.00,0,0,0.00,0.00,0,0
1508092657,s2-eth2,840.00,26922.00,27762.00,26922,840,12.00,13.00,25.00,13,12,0.00,0.00,0,0
1508092657,s2-eth1,28712.00,840.00,29552.00,840,28712,14.00,12.00,26.00,12,14,0.00,0.00,0,0
1508092657,lo,0.00,0.00,0.00,0,0,0.00,0.00,0.00,0,0,0.00,0.00,0,0
1508092657,total,29552.00,27762.00,57314.00,27762,29552,26.00,25.00,51.00,25,26,0.00,0.00,0,0
1508092658,eth0,0.00,0.00,0.00,0,0,0.00,0.00,0.00,0,0,0.00,0.00,0,0
1508092658,eth1,0.00,0.00,0.00,0,0,0.00,0.00,0.00,0,0,0.00,0.00,0,0
1508092658,s2,0.00,0.00,0.00,0,0,0.00,0.00,0.00,0,0,0.00,0.00,0,0
1508092658,s2-eth2,1090.91,31498.50,32589.41,31530,1092,15.98,16.98,32.97,17,16,0.00,0.00,0,0
1508092658,s2-eth1,25580.42,1090.91,26671.33,1092,25606,14.99,15.98,30.97,16,15,0.00,0.00,0,0
1508092658,lo,0.00,0.00,0.00,0,0,0.00,0.00,0.00,0,0,0.00,0.00,0,0
1508092658,total,26671.33,32589.41,59260.74,32622,26698,30.97,32.97,63.94,33,31,0.00,0.00,0,0
1508092659,eth0,0.00,0.00,0.00,0,0,0.00,0.00,0.00,0,0,0.00,0.00,0,0
1508092659,eth1,0.00,0.00,0.00,0,0,0.00,0.00,0.00,0,0,0.00,0.00,0,0
1508092659,s2,0.00,0.00,0.00,0,0,0.00,0.00,0.00,0,0,0.00,0.00,0,0
1508092659,s2-eth2,791.21,38467.54,39258.74,38506,792,11.99,12.99,24.98,13,12,0.00,0.00,0,0
1508092659,s2-eth1,44385.62,791.21,45176.82,792,44430,14.99,11.99,26.97,12,15,0.00,0.00,0,0
1508092659,lo,171.83,171.83,343.66,172,172,3.00,3.00,5.99,3,3,0.00,0.00,0,0
1508092659,total,45348.65,39430.57,84779.23,39470,45394,29.97,27.97,57.94,28,30,0.00,0.00,0,0
1508092660,eth0,0.00,0.00,0.00,0,0,0.00,0.00,0.00,0,0,0.00,0.00,0,0
1508092660,eth1,0.00,0.00,0.00,0,0,0.00,0.00,0.00,0,0,0.00,0.00,0,0
1508092660,s2,0.00,0.00,0.00,0,0,0.00,0.00,0.00,0,0,0.00,0.00,0,0
1508092660,s2-eth2,1386.00,68126.00,69512.00,68126,1386,21.00,23.00,44.00,23,21,0.00,0.00,0,0
1508092660,s2-eth1,56278.00,1386.00,57664.00,1386,56278,19.00,21.00,40.00,21,19,0.00,0.00,0,0
1508092660,lo,0.00,0.00,0.00,0,0,0.00,0.00,0.00,0,0,0.00,0.00,0,0
1508092660,total,57664.00,69512.00,127176.00,69512,57664,40.00,44.00,84.00,44,40,0.00,0.00,0,0
1508092661,eth0,0.00,0.00,0.00,0,0,0.00,0.00,0.00,0,0,0.00,0.00,0,0
1508092661,eth1,0.00,0.00,0.00,0,0,0.00,0.00,0.00,0,0,0.00,0.00,0,0
1508092661,s2,0.00,0.00,0.00,0,0,0.00,0.00,0.00,0,0,0.00,0.00,0,0
1508092661,s2-eth2,2187.81,67072.93,69260.74,67140,2190,26.97,29.97,56.94,30,27,0.00,0.00,0,0
1508092661,s2-eth1,71478.52,1846.15,73324.68,1848,71550,30.97,25.97,56.94,26,31,0.00,0.00,0,0
1508092661,lo,0.00,0.00,0.00,0,0,0.00,0.00,0.00,0,0,0.00,0.00,0,0
1508092661,total,73666.34,68919.09,142585.42,68988,73740,57.94,55.94,113.89,56,58,0.00,0.00,0,0
1508092662,eth0,0.00,0.00,0.00,0,0,0.00,0.00,0.00,0,0,0.00,0.00,0,0
1508092662,eth1,0.00,0.00,0.00,0,0,0.00,0.00,0.00,0,0,0.00,0.00,0,0
1508092662,s2,0.00,0.00,0.00,0,0,0.00,0.00,0.00,0,0,0.00,0.00,0,0
1508092662,s2-eth2,2172.00,86162.00,88334.00,86162,2172,32.00,33.00,65.00,33,32,0.00,0.00,0,0
1508092662,s2-eth1,77276.00,2238.00,79514.00,2238,77276,30.00,33.00,63.00,33,30,0.00,0.00,0,0
1508092662,lo,0.00,0.00,0.00,0,0,0.00,0.00,0.00,0,0,0.00,0.00,0,0
1508092662,total,79448.00,88400.00,167848.00,88400,79448,62.00,66.00,128.00,66,62,0.00,0.00,0,0
1508092663,eth0,0.00,0.00,0.00,0,0,0.00,0.00,0.00,0,0,0.00,0.00,0,0
1508092663,eth1,0.00,0.00,0.00,0,0,0.00,0.00,0.00,0,0,0.00,0.00,0,0
1508092663,s2,0.00,0.00,0.00,0,0,0.00,0.00,0.00,0,0,0.00,0.00,0,0
1508092663,s2-eth2,1938.00,87478.00,89416.00,87478,1938,29.00,31.00,60.00,31,29,0.00,0.00,0,0
1508092663,s2-eth1,90716.00,1872.00,92588.00,1872,90716,32.00,28.00,60.00,28,32,0.00,0.00,0,0
1508092663,lo,0.00,0.00,0.00,0,0,0.00,0.00,0.00,0,0,0.00,0.00,0,0
1508092663,total,92654.00,89350.00,182004.00,89350,92654,61.00,59.00,120.00,59,61,0.00,0.00,0,0
1508092664,eth0,0.00,0.00,0.00,0,0,0.00,0.00,0.00,0,0,0.00,0.00,0,0
1508092664,eth1,0.00,0.00,0.00,0,0,0.00,0.00,0.00,0,0,0.00,0.00,0,0
1508092664,s2,0.00,0.00,0.00,0,0,0.00,0.00,0.00,0,0,0.00,0.00,0,0
1508092664,s2-eth2,2133.87,65626.38,67760.24,65692,2136,29.97,29.97,59.94,30,30,0.00,0.00,0,0
1508092664,s2-eth1,58261.74,2199.80,60461.54,2202,58320,27.97,30.97,58.94,31,28,0.00,0.00,0,0
1508092664,lo,171.83,171.83,343.66,172,172,3.00,3.00,5.99,3,3,0.00,0.00,0,0
1508092664,total,60567.43,67998.00,128565.44,68066,60628,60.94,63.94,124.88,64,61,0.00,0.00,0,0
1508092665,eth0,0.00,0.00,0.00,0,0,0.00,0.00,0.00,0,0,0.00,0.00,0,0
1508092665,eth1,0.00,0.00,0.00,0,0,0.00,0.00,0.00,0,0,0.00,0.00,0,0
1508092665,s2,0.00,0.00,0.00,0,0,0.00,0.00,0.00,0,0,0.00,0.00,0,0
1508092665,s2-eth2,1384.62,68057.95,69442.56,68126,1386,20.98,22.98,43.96,23,21,0.00,0.00,0,0
1508092665,s2-eth1,68057.95,1318.68,69376.62,1320,68126,22.98,19.98,42.96,20,23,0.00,0.00,0,0
1508092665,lo,0.00,0.00,0.00,0,0,0.00,0.00,0.00,0,0,0.00,0.00,0,0
1508092665,total,69442.56,69376.62,138819.19,69446,69512,43.96,42.96,86.91,43,44,0.00,0.00,0,0
1508092666,eth0,0.00,0.00,0.00,0,0,0.00,0.00,0.00,0,0,0.00,0.00,0,0
1508092666,eth1,0.00,0.00,0.00,0,0,0.00,0.00,0.00,0,0,0.00,0.00,0,0
1508092666,s2,0.00,0.00,0.00,0,0,0.00,0.00,0.00,0,0,0.00,0.00,0,0
1508092666,s2-eth2,1716.00,82936.00,84652.00,82936,1716,26.00,28.00,54.00,28,26,0.00,0.00,0,0
1508092666,s2-eth1,79974.00,1716.00,81690.00,1716,79974,27.00,26.00,53.00,26,27,0.00,0.00,0,0
1508092666,lo,0.00,0.00,0.00,0,0,0.00,0.00,0.00,0,0,0.00,0.00,0,0
1508092666,total,81690.00,84652.00,166342.00,84652,81690,53.00,54.00,107.00,54,53,0.00,0.00,0,0
1508092667,eth0,0.00,0.00,0.00,0,0,0.00,0.00,0.00,0,0,0.00,0.00,0,0
1508092667,eth1,0.00,0.00,0.00,0,0,0.00,0.00,0.00,0,0,0.00,0.00,0,0
1508092667,s2,0.00,0.00,0.00,0,0,0.00,0.00,0.00,0,0,0.00,0.00,0,0
1508092667,s2-eth2,2967.03,147952.05,150919.08,148100,2970,44.96,49.95,94.91,50,45,0.00,0.00,0,0
1508092667,s2-eth1,136115.89,2967.03,139082.92,2970,136252,45.95,44.96,90.91,45,46,0.00,0.00,0,0
1508092667,lo,0.00,0.00,0.00,0,0,0.00,0.00,0.00,0,0,0.00,0.00,0,0
1508092667,total,139082.92,150919.08,290002.00,151070,139222,90.91,94.91,185.81,95,91,0.00,0.00,0,0
1508092668,eth0,0.00,0.00,0.00,0,0,0.00,0.00,0.00,0,0,0.00,0.00,0,0
1508092668,eth1,0.00,0.00,0.00,0,0,0.00,0.00,0.00,0,0,0.00,0.00,0,0
1508092668,s2,0.00,0.00,0.00,0,0,0.00,0.00,0.00,0,0,0.00,0.00,0,0
1508092668,s2-eth2,5029.94,178287.44,183317.38,178644,5040,71.86,73.85,145.71,74,72,0.00,0.00,0,0
1508092668,s2-eth1,181177.66,5029.94,186207.59,5040,181540,73.85,71.86,145.71,72,74,0.00,0.00,0,0
1508092668,lo,0.00,0.00,0.00,0,0,0.00,0.00,0.00,0,0,0.00,0.00,0,0
1508092668,total,186207.59,183317.38,369524.97,183684,186580,145.71,145.71,291.42,146,146,0.00,0.00,0,0
1508092669,eth0,0.00,0.00,0.00,0,0,0.00,0.00,0.00,0,0,0.00,0.00,0,0
1508092669,eth1,0.00,0.00,0.00,0,0,0.00,0.00,0.00,0,0,0.00,0.00,0,0
1508092669,s2,0.00,0.00,0.00,0,0,0.00,0.00,0.00,0,0,0.00,0.00,0,0
1508092669,s2-eth2,3642.00,151062.00,154704.00,151062,3642,51.00,51.00,102.00,51,51,0.00,0.00,0,0
1508092669,s2-eth1,154090.00,3300.00,157390.00,3300,154090,53.00,50.00,103.00,50,53,0.00,0.00,0,0
1508092669,lo,172.00,172.00,344.00,172,172,3.00,3.00,6.00,3,3,0.00,0.00,0,0
1508092669,total,157904.00,154534.00,312438.00,154534,157904,107.00,104.00,211.00,104,107,0.00,0.00,0,0
1508092670,eth0,0.00,0.00,0.00,0,0,0.00,0.00,0.00,0,0,0.00,0.00,0,0
1508092670,eth1,0.00,0.00,0.00,0,0,0.00,0.00,0.00,0,0,0.00,0.00,0,0
1508092670,s2,0.00,0.00,0.00,0,0,0.00,0.00,0.00,0,0,0.00,0.00,0,0
1508092670,s2-eth2,3738.00,142638.00,146376.00,142638,3738,55.00,55.00,110.00,55,55,0.00,0.00,0,0
1508092670,s2-eth1,133752.00,3738.00,137490.00,3738,133752,52.00,55.00,107.00,55,52,0.00,0.00,0,0
1508092670,lo,0.00,0.00,0.00,0,0,0.00,0.00,0.00,0,0,0.00,0.00,0,0
1508092670,total,137490.00,146376.00,283866.00,146376,137490,107.00,110.00,217.00,110,107,0.00,0.00,0,0
1508092671,eth0,0.00,0.00,0.00,0,0,0.00,0.00,0.00,0,0,0.00,0.00,0,0
1508092671,eth1,0.00,0.00,0.00,0,0,0.00,0.00,0.00,0,0,0.00,0.00,0,0
1508092671,s2,0.00,0.00,0.00,0,0,0.00,0.00,0.00,0,0,0.00,0.00,0,0
1508092671,s2-eth2,3007.99,139074.92,142082.92,139214,3011,44.96,46.95,91.91,47,45,0.00,0.00,0,0
1508092671,s2-eth1,151017.98,2901.10,153919.08,2904,151169,51.95,43.96,95.90,44,52,0.00,0.00,0,0
1508092671,lo,0.00,0.00,0.00,0,0,0.00,0.00,0.00,0,0,0.00,0.00,0,0
1508092671,total,154025.98,141976.03,296002.00,142118,154180,96.90,90.91,187.81,91,97,0.00,0.00,0,0
1508092673,eth0,0.00,0.00,0.00,0,0,0.00,0.00,0.00,0,0,0.00,0.00,0,0
1508092673,eth1,0.00,0.00,0.00,0,0,0.00,0.00,0.00,0,0,0.00,0.00,0,0
1508092673,s2,0.00,0.00,0.00,0,0,0.00,0.00,0.00,0,0,0.00,0.00,0,0
1508092673,s2-eth2,3428.57,159788.22,163216.78,159948,3432,51.95,53.95,105.89,54,52,0.00,0.00,0,0
1508092673,s2-eth1,142033.97,3428.57,145462.55,3432,142176,47.95,51.95,99.90,52,48,0.00,0.00,0,0
1508092673,lo,0.00,0.00,0.00,0,0,0.00,0.00,0.00,0,0,0.00,0.00,0,0
1508092673,total,145462.55,163216.78,308679.34,163380,145608,99.90,105.89,205.79,106,100,0.00,0.00,0,0
1508092674,eth0,0.00,0.00,0.00,0,0,0.00,0.00,0.00,0,0,0.00,0.00,0,0
1508092674,eth1,0.00,0.00,0.00,0,0,0.00,0.00,0.00,0,0,0.00,0.00,0,0
1508092674,s2,0.00,0.00,0.00,0,0,0.00,0.00,0.00,0,0,0.00,0.00,0,0
1508092674,s2-eth2,3528.00,120786.00,124314.00,120786,3528,50.00,53.00,103.00,53,50,0.00,0.00,0,0
1508092674,s2-eth1,125196.00,3528.00,128724.00,3528,125196,54.00,50.00,104.00,50,54,0.00,0.00,0,0
1508092674,lo,0.00,0.00,0.00,0,0,0.00,0.00,0.00,0,0,0.00,0.00,0,0
1508092674,total,128724.00,124314.00,253038.00,124314,128724,104.00,103.00,207.00,103,104,0.00,0.00,0,0
1508092675,eth0,0.00,0.00,0.00,0,0,0.00,0.00,0.00,0,0,0.00,0.00,0,0
1508092675,eth1,0.00,0.00,0.00,0,0,0.00,0.00,0.00,0,0,0.00,0.00,0,0
1508092675,s2,0.00,0.00,0.00,0,0,0.00,0.00,0.00,0,0,0.00,0.00,0,0
1508092675,s2-eth2,3272.73,121782.22,125054.95,121904,3276,47.95,47.95,95.90,48,48,0.00,0.00,0,0
1508092675,s2-eth1,119164.84,3272.73,122437.56,3276,119284,47.95,47.95,95.90,48,48,0.00,0.00,0,0
1508092675,lo,171.83,171.83,343.66,172,172,3.00,3.00,5.99,3,3,0.00,0.00,0,0
1508092675,total,122609.39,125226.77,247836.17,125352,122732,98.90,98.90,197.80,99,99,0.00,0.00,0,0
1508092676,eth0,0.00,0.00,0.00,0,0,0.00,0.00,0.00,0,0,0.00,0.00,0,0
1508092676,eth1,0.00,0.00,0.00,0,0,0.00,0.00,0.00,0,0,0.00,0.00,0,0
1508092676,s2,0.00,0.00,0.00,0,0,0.00,0.00,0.00,0,0,0.00,0.00,0,0
1508092676,s2-eth2,2637.36,121320.68,123958.05,121442,2640,39.96,40.96,80.92,41,40,0.00,0.00,0,0
1508092676,s2-eth1,124279.73,2637.36,126917.09,2640,124404,41.96,39.96,81.92,40,42,0.00,0.00,0,0
1508092676,lo,0.00,0.00,0.00,0,0,0.00,0.00,0.00,0,0,0.00,0.00,0,0
1508092676,total,126917.09,123958.05,250875.12,124082,127044,81.92,80.92,162.84,81,82,0.00,0.00,0,0
1508092677,eth0,0.00,0.00,0.00,0,0,0.00,0.00,0.00,0,0,0.00,0.00,0,0
1508092677,eth1,0.00,0.00,0.00,0,0,0.00,0.00,0.00,0,0,0.00,0.00,0,0
1508092677,s2,0.00,0.00,0.00,0,0,0.00,0.00,0.00,0,0,0.00,0.00,0,0
1508092677,s2-eth2,2799.20,118559.45,121358.65,118678,2802,40.96,42.96,83.92,43,41,0.00,0.00,0,0
1508092677,s2-eth1,115600.41,2799.20,118399.60,2802,115716,41.96,40.96,82.92,41,42,0.00,0.00,0,0
1508092677,lo,0.00,0.00,0.00,0,0,0.00,0.00,0.00,0,0,0.00,0.00,0,0
1508092677,total,118399.60,121358.65,239758.25,121480,118518,82.92,83.92,166.83,84,83,0.00,0.00,0,0
1508092678,eth0,0.00,0.00,0.00,0,0,0.00,0.00,0.00,0,0,0.00,0.00,0,0
1508092678,eth1,0.00,0.00,0.00,0,0,0.00,0.00,0.00,0,0,0.00,0.00,0,0
1508092678,s2,0.00,0.00,0.00,0,0,0.00,0.00,0.00,0,0,0.00,0.00,0,0
1508092678,s2-eth2,2799.20,106921.08,109720.28,107028,2802,40.96,41.96,82.92,42,41,0.00,0.00,0,0
1508092678,s2-eth1,106921.08,2799.20,109720.28,2802,107028,41.96,40.96,82.92,41,42,0.00,0.00,0,0
1508092678,lo,0.00,0.00,0.00,0,0,0.00,0.00,0.00,0,0,0.00,0.00,0,0
1508092678,total,109720.28,109720.28,219440.56,109830,109830,82.92,82.92,165.83,83,83,0.00,0.00,0,0
1508092679,eth0,0.00,0.00,0.00,0,0,0.00,0.00,0.00,0,0,0.00,0.00,0,0
1508092679,eth1,0.00,0.00,0.00,0,0,0.00,0.00,0.00,0,0,0.00,0.00,0,0
1508092679,s2,0.00,0.00,0.00,0,0,0.00,0.00,0.00,0,0,0.00,0.00,0,0
1508092679,s2-eth2,2244.00,103670.00,105914.00,103670,2244,34.00,35.00,69.00,35,34,0.00,0.00,0,0
1508092679,s2-eth1,97746.00,2244.00,99990.00,2244,97746,33.00,34.00,67.00,34,33,0.00,0.00,0,0
1508092679,lo,0.00,0.00,0.00,0,0,0.00,0.00,0.00,0,0,0.00,0.00,0,0
1508092679,total,99990.00,105914.00,205904.00,105914,99990,67.00,69.00,136.00,69,67,0.00,0.00,0,0
1508092680,eth0,0.00,0.00,0.00,0,0,0.00,0.00,0.00,0,0,0.00,0.00,0,0
1508092680,eth1,0.00,0.00,0.00,0,0,0.00,0.00,0.00,0,0,0.00,0.00,0,0
1508092680,s2,0.00,0.00,0.00,0,0,0.00,0.00,0.00,0,0,0.00,0.00,0,0
1508092680,s2-eth2,2508.00,112556.00,115064.00,112556,2508,38.00,38.00,76.00,38,38,0.00,0.00,0,0
1508092680,s2-eth1,118480.00,2508.00,120988.00,2508,118480,40.00,38.00,78.00,38,40,0.00,0.00,0,0
1508092680,lo,172.00,172.00,344.00,172,172,3.00,3.00,6.00,3,3,0.00,0.00,0,0
1508092680,total,121160.00,115236.00,236396.00,115236,121160,81.00,79.00,160.00,79,81,0.00,0.00,0,0
1508092681,eth0,0.00,0.00,0.00,0,0,0.00,0.00,0.00,0,0,0.00,0.00,0,0
1508092681,eth1,0.00,0.00,0.00,0,0,0.00,0.00,0.00,0,0,0.00,0.00,0,0
1508092681,s2,0.00,0.00,0.00,0,0,0.00,0.00,0.00,0,0,0.00,0.00,0,0
1508092681,s2-eth2,2865.14,115798.20,118663.34,115914,2868,41.96,44.96,86.91,45,42,0.00,0.00,0,0
1508092681,s2-eth1,101003.00,2865.14,103868.13,2868,101104,39.96,41.96,81.92,42,40,0.00,0.00,0,0
1508092681,lo,0.00,0.00,0.00,0,0,0.00,0.00,0.00,0,0,0.00,0.00,0,0
1508092681,total,103868.13,118663.34,222531.47,118782,103972,81.92,86.91,168.83,87,82,0.00,0.00,0,0
1508092682,eth0,0.00,0.00,0.00,0,0,0.00,0.00,0.00,0,0,0.00,0.00,0,0
1508092682,eth1,0.00,0.00,0.00,0,0,0.00,0.00,0.00,0,0,0.00,0.00,0,0
1508092682,s2,0.00,0.00,0.00,0,0,0.00,0.00,0.00,0,0,0.00,0.00,0,0
1508092682,s2-eth2,2547.45,118403.60,120951.05,118522,2550,38.96,40.96,79.92,41,39,0.00,0.00,0,0
1508092682,s2-eth1,130239.77,2547.45,132787.22,2550,130370,44.96,38.96,83.92,39,45,0.00,0.00,0,0
1508092682,lo,295.70,295.70,591.41,296,296,3.00,3.00,5.99,3,3,0.00,0.00,0,0
1508092682,total,133082.92,121246.76,254329.67,121368,133216,86.91,82.92,169.83,83,87,0.00,0.00,0,0
1508092683,eth0,0.00,0.00,0.00,0,0,0.00,0.00,0.00,0,0,0.00,0.00,0,0
1508092683,eth1,0.00,0.00,0.00,0,0,0.00,0.00,0.00,0,0,0.00,0.00,0,0
1508092683,s2,0.00,0.00,0.00,0,0,0.00,0.00,0.00,0,0,0.00,0.00,0,0
1508092683,s2-eth2,2991.01,95348.66,98339.66,95444,2994,42.96,41.96,84.92,42,43,0.00,0.00,0,0
1508092683,s2-eth1,89430.57,2991.01,92421.58,2994,89520,39.96,42.96,82.92,43,40,0.00,0.00,0,0
1508092683,lo,0.00,0.00,0.00,0,0,0.00,0.00,0.00,0,0,0.00,0.00,0,0
1508092683,total,92421.58,98339.66,190761.25,98438,92514,82.92,84.92,167.83,85,83,0.00,0.00,0,0
1508092684,eth0,0.00,0.00,0.00,0,0,0.00,0.00,0.00,0,0,0.00,0.00,0,0
1508092684,eth1,0.00,0.00,0.00,0,0,0.00,0.00,0.00,0,0,0.00,0.00,0,0
1508092684,s2,0.00,0.00,0.00,0,0,0.00,0.00,0.00,0,0,0.00,0.00,0,0
1508092684,s2-eth2,1584.00,77012.00,78596.00,77012,1584,24.00,26.00,50.00,26,24,0.00,0.00,0,0
1508092684,s2-eth1,74392.00,1584.00,75976.00,1584,74392,26.00,24.00,50.00,24,26,0.00,0.00,0,0
1508092684,lo,0.00,0.00,0.00,0,0,0.00,0.00,0.00,0,0,0.00,0.00,0,0
1508092684,total,75976.00,78596.00,154572.00,78596,75976,50.00,50.00,100.00,50,50,0.00,0.00,0,0
1508092685,eth0,0.00,0.00,0.00,0,0,0.00,0.00,0.00,0,0,0.00,0.00,0,0
1508092685,eth1,0.00,0.00,0.00,0,0,0.00,0.00,0.00,0,0,0.00,0.00,0,0
1508092685,s2,0.00,0.00,0.00,0,0,0.00,0.00,0.00,0,0,0.00,0.00,0,0
1508092685,s2-eth2,2382.00,83200.00,85582.00,83200,2382,31.00,32.00,63.00,32,31,0.00,0.00,0,0
1508092685,s2-eth1,89124.00,2106.00,91230.00,2106,89124,34.00,31.00,65.00,31,34,0.00,0.00,0,0
1508092685,lo,0.00,0.00,0.00,0,0,0.00,0.00,0.00,0,0,0.00,0.00,0,0
1508092685,total,91506.00,85306.00,176812.00,85306,91506,65.00,63.00,128.00,63,65,0.00,0.00,0,0
1508092686,eth0,0.00,0.00,0.00,0,0,0.00,0.00,0.00,0,0,0.00,0.00,0,0
1508092686,eth1,0.00,0.00,0.00,0,0,0.00,0.00,0.00,0,0,0.00,0.00,0,0
1508092686,s2,0.00,0.00,0.00,0,0,0.00,0.00,0.00,0,0,0.00,0.00,0,0
1508092686,s2-eth2,2167.66,85990.02,88157.69,86162,2172,31.94,32.93,64.87,33,32,0.00,0.00,0,0
1508092686,s2-eth1,68253.49,2101.80,70355.29,2106,68390,26.95,30.94,57.88,31,27,0.00,0.00,0,0
1508092686,lo,0.00,0.00,0.00,0,0,0.00,0.00,0.00,0,0,0.00,0.00,0,0
1508092686,total,70421.16,88091.82,158512.98,88268,70562,58.88,63.87,122.75,64,59,0.00,0.00,0,0
1508092687,eth0,0.00,0.00,0.00,0,0,0.00,0.00,0.00,0,0,0.00,0.00,0,0
1508092687,eth1,0.00,0.00,0.00,0,0,0.00,0.00,0.00,0,0,0.00,0.00,0,0
1508092687,s2,0.00,0.00,0.00,0,0,0.00,0.00,0.00,0,0,0.00,0.00,0,0
1508092687,s2-eth2,1782.00,85898.00,87680.00,85898,1782,27.00,29.00,56.00,29,27,0.00,0.00,0,0
1508092687,s2-eth1,100708.00,1782.00,102490.00,1782,100708,34.00,27.00,61.00,27,34,0.00,0.00,0,0
1508092687,lo,172.00,172.00,344.00,172,172,3.00,3.00,6.00,3,3,0.00,0.00,0,0
1508092687,total,102662.00,87852.00,190514.00,87852,102662,64.00,59.00,123.00,59,64,0.00,0.00,0,0
1508092688,eth0,304.00,490.00,794.00,490,304,4.00,4.00,8.00,4,4,0.00,0.00,0,0
1508092688,eth1,0.00,0.00,0.00,0,0,0.00,0.00,0.00,0,0,0.00,0.00,0,0
1508092688,s2,0.00,0.00,0.00,0,0,0.00,0.00,0.00,0,0,0.00,0.00,0,0
1508092688,s2-eth2,2950.00,106632.00,109582.00,106632,2950,39.00,36.00,75.00,36,39,0.00,0.00,0,0
1508092688,s2-eth1,89500.00,2310.00,91810.00,2310,89500,34.00,35.00,69.00,35,34,0.00,0.00,0,0
1508092688,lo,682.00,682.00,1364.00,682,682,8.00,8.00,16.00,8,8,0.00,0.00,0,0
1508092688,total,93436.00,110114.00,203550.00,110114,93436,85.00,83.00,168.00,83,85,0.00,0.00,0,0
1508092689,eth0,455.54,734.27,1189.81,735,456,5.99,5.99,11.99,6,6,0.00,0.00,0,0
1508092689,eth1,0.00,0.00,0.00,0,0,0.00,0.00,0.00,0,0,0.00,0.00,0,0
1508092689,s2,0.00,0.00,0.00,0,0,0.00,0.00,0.00,0,0,0.00,0.00,0,0
1508092689,s2-eth2,4084.92,106525.48,110610.39,106632,4089,44.96,35.96,80.92,36,45,0.00,0.00,0,0
1508092689,s2-eth1,125167.84,2307.69,127475.53,2310,125293,47.95,34.97,82.92,35,48,0.00,0.00,0,0
1508092689,lo,1021.98,1021.98,2043.96,1023,1023,11.99,11.99,23.98,12,12,0.00,0.00,0,0
1508092689,total,130730.27,110589.41,241319.69,110700,130861,110.89,88.91,199.80,89,111,0.00,0.00,0,0
1508092690,eth0,152.00,245.00,397.00,245,152,2.00,2.00,4.00,2,2,0.00,0.00,0,0
1508092690,eth1,0.00,0.00,0.00,0,0,0.00,0.00,0.00,0,0,0.00,0.00,0,0
1508092690,s2,0.00,0.00,0.00,0,0,0.00,0.00,0.00,0,0,0.00,0.00,0,0
1508092690,s2-eth2,3723.00,151062.00,154785.00,151062,3723,50.00,51.00,101.00,51,50,0.00,0.00,0,0
1508092690,s2-eth1,134614.00,3102.00,137716.00,3102,134614,51.00,47.00,98.00,47,51,0.00,0.00,0,0
1508092690,lo,341.00,341.00,682.00,341,341,4.00,4.00,8.00,4,4,0.00,0.00,0,0
1508092690,total,138830.00,154750.00,293580.00,154750,138830,107.00,104.00,211.00,104,107,0.00,0.00,0,0
1508092691,eth0,0.00,0.00,0.00,0,0,0.00,0.00,0.00,0,0,0.00,0.00,0,0
1508092691,eth1,0.00,0.00,0.00,0,0,0.00,0.00,0.00,0,0,0.00,0.00,0,0
1508092691,s2,0.00,0.00,0.00,0,0,0.00,0.00,0.00,0,0,0.00,0.00,0,0
1508092691,s2-eth2,5391.00,210632.00,216023.00,210632,5391,71.00,76.00,147.00,76,71,0.00,0.00,0,0
1508092691,s2-eth1,211488.00,4722.00,216210.00,4722,211488,79.00,69.00,148.00,69,79,0.00,0.00,0,0
1508092691,lo,0.00,0.00,0.00,0,0,0.00,0.00,0.00,0,0,0.00,0.00,0,0
1508092691,total,216879.00,215354.00,432233.00,215354,216879,150.00,145.00,295.00,145,150,0.00,0.00,0,0
1508092692,eth0,0.00,0.00,0.00,0,0,0.00,0.00,0.00,0,0,0.00,0.00,0,0
1508092692,eth1,0.00,0.00,0.00,0,0,0.00,0.00,0.00,0,0,0.00,0.00,0,0
1508092692,s2,0.00,0.00,0.00,0,0,0.00,0.00,0.00,0,0,0.00,0.00,0,0
1508092692,s2-eth2,5732.00,237026.00,242758.00,237026,5732,83.00,81.00,164.00,81,83,0.00,0.00,0,0
1508092692,s2-eth1,225285.00,5358.00,230643.00,5358,225285,78.00,81.00,159.00,81,78,0.00,0.00,0,0
1508092692,lo,172.00,172.00,344.00,172,172,3.00,3.00,6.00,3,3,0.00,0.00,0,0
1508092692,total,231189.00,242556.00,473745.00,242556,231189,164.00,165.00,329.00,165,164,0.00,0.00,0,0
1508092693,eth0,60.00,60.00,120.00,60,60,1.00,1.00,2.00,1,1,0.00,0.00,0,0
1508092693,eth1,0.00,0.00,0.00,0,0,0.00,0.00,0.00,0,0,0.00,0.00,0,0
1508092693,s2,0.00,0.00,0.00,0,0,0.00,0.00,0.00,0,0,0.00,0.00,0,0
1508092693,s2-eth2,5527.00,199180.00,204707.00,199180,5527,77.00,78.00,155.00,78,77,0.00,0.00,0,0
1508092693,s2-eth1,202806.00,5196.00,208002.00,5196,202806,82.00,76.00,158.00,76,82,0.00,0.00,0,0
1508092693,lo,0.00,0.00,0.00,0,0,0.00,0.00,0.00,0,0,0.00,0.00,0,0
1508092693,total,208393.00,204436.00,412829.00,204436,208393,160.00,155.00,315.00,155,160,0.00,0.00,0,0
1508092694,eth0,0.00,0.00,0.00,0,0,0.00,0.00,0.00,0,0,0.00,0.00,0,0
1508092694,eth1,0.00,0.00,0.00,0,0,0.00,0.00,0.00,0,0,0.00,0.00,0,0
1508092694,s2,0.00,0.00,0.00,0,0,0.00,0.00,0.00,0,0,0.00,0.00,0,0
1508092694,s2-eth2,4302.00,180946.00,185248.00,180946,4302,63.00,65.00,128.00,65,63,0.00,0.00,0,0
1508092694,s2-eth1,178326.00,4236.00,182562.00,4236,178326,65.00,62.00,127.00,62,65,0.00,0.00,0,0
1508092694,lo,0.00,0.00,0.00,0,0,0.00,0.00,0.00,0,0,0.00,0.00,0,0
1508092694,total,182628.00,185182.00,367810.00,185182,182628,128.00,127.00,255.00,127,128,0.00,0.00,0,0
1508092695,eth0,0.00,0.00,0.00,0,0,0.00,0.00,0.00,0,0,0.00,0.00,0,0
1508092695,eth1,0.00,0.00,0.00,0,0,0.00,0.00,0.00,0,0,0.00,0.00,0,0
1508092695,s2,0.00,0.00,0.00,0,0,0.00,0.00,0.00,0,0,0.00,0.00,0,0
1508092695,s2-eth2,4554.00,207340.00,211894.00,207340,4554,69.00,70.00,139.00,70,69,0.00,0.00,0,0
1508092695,s2-eth1,216226.00,4620.00,220846.00,4620,216226,73.00,70.00,143.00,70,73,0.00,0.00,0,0
1508092695,lo,0.00,0.00,0.00,0,0,0.00,0.00,0.00,0,0,0.00,0.00,0,0
1508092695,total,220780.00,211960.00,432740.00,211960,220780,142.00,140.00,282.00,140,142,0.00,0.00,0,0
1508092696,eth0,0.00,0.00,0.00,0,0,0.00,0.00,0.00,0,0,0.00,0.00,0,0
1508092696,eth1,0.00,0.00,0.00,0,0,0.00,0.00,0.00,0,0,0.00,0.00,0,0
1508092696,s2,0.00,0.00,0.00,0,0,0.00,0.00,0.00,0,0,0.00,0.00,0,0
1508092696,s2-eth2,4524.48,169126.88,173651.36,169296,4529,63.94,63.94,127.87,64,64,0.00,0.00,0,0
1508092696,s2-eth1,163249.75,4351.65,167601.41,4356,163413,61.94,61.94,123.88,62,62,0.00,0.00,0,0
1508092696,lo,0.00,0.00,0.00,0,0,0.00,0.00,0.00,0,0,0.00,0.00,0,0
1508092696,total,167774.23,173478.53,341252.75,173652,167942,125.87,125.87,251.75,126,126,0.00,0.00,0,0
1508092697,eth0,0.00,0.00,0.00,0,0,0.00,0.00,0.00,0,0,0.00,0.00,0,0
1508092697,eth1,0.00,0.00,0.00,0,0,0.00,0.00,0.00,0,0,0.00,0.00,0,0
1508092697,s2,0.00,0.00,0.00,0,0,0.00,0.00,0.00,0,0,0.00,0.00,0,0
1508092697,s2-eth2,3156.84,94099.91,97256.74,94194,3160,43.96,44.96,88.91,45,44,0.00,0.00,0,0
1508092697,s2-eth1,97062.94,3086.91,100149.85,3090,97160,45.95,42.96,88.91,43,46,0.00,0.00,0,0
1508092697,lo,171.83,171.83,343.66,172,172,3.00,3.00,5.99,3,3,0.00,0.00,0,0
1508092697,total,100391.61,97358.64,197750.25,97456,100492,92.91,90.91,183.82,91,93,0.00,0.00,0,0
1508092698,eth0,0.00,0.00,0.00,0,0,0.00,0.00,0.00,0,0,0.00,0.00,0,0
1508092698,eth1,0.00,0.00,0.00,0,0,0.00,0.00,0.00,0,0,0.00,0.00,0,0
1508092698,s2,0.00,0.00,0.00,0,0,0.00,0.00,0.00,0,0,0.00,0.00,0,0
1508092698,s2-eth2,1950.00,63782.00,65732.00,63782,1950,25.00,23.00,48.00,23,25,0.00,0.00,0,0
1508092698,s2-eth1,63848.00,1608.00,65456.00,1608,63848,24.00,24.00,48.00,24,24,0.00,0.00,0,0
1508092698,lo,0.00,0.00,0.00,0,0,0.00,0.00,0.00,0,0,0.00,0.00,0,0
1508092698,total,65798.00,65390.00,131188.00,65390,65798,49.00,47.00,96.00,47,49,0.00,0.00,0,0
1508092699,eth0,0.00,0.00,0.00,0,0,0.00,0.00,0.00,0,0,0.00,0.00,0,0
1508092699,eth1,0.00,0.00,0.00,0,0,0.00,0.00,0.00,0,0,0.00,0.00,0,0
1508092699,s2,0.00,0.00,0.00,0,0,0.00,0.00,0.00,0,0,0.00,0.00,0,0
1508092699,s2-eth2,1716.00,82936.00,84652.00,82936,1716,26.00,28.00,54.00,28,26,0.00,0.00,0,0
1508092699,s2-eth1,71088.00,1716.00,72804.00,1716,71088,24.00,26.00,50.00,26,24,0.00,0.00,0,0
1508092699,lo,0.00,0.00,0.00,0,0,0.00,0.00,0.00,0,0,0.00,0.00,0,0
1508092699,total,72804.00,84652.00,157456.00,84652,72804,50.00,54.00,104.00,54,50,0.00,0.00,0,0
1508092700,eth0,0.00,0.00,0.00,0,0,0.00,0.00,0.00,0,0,0.00,0.00,0,0
1508092700,eth1,0.00,0.00,0.00,0,0,0.00,0.00,0.00,0,0,0.00,0.00,0,0
1508092700,s2,0.00,0.00,0.00,0,0,0.00,0.00,0.00,0,0,0.00,0.00,0,0
1508092700,s2-eth2,2061.94,86009.99,88071.93,86096,2064,29.97,31.97,61.94,32,30,0.00,0.00,0,0
1508092700,s2-eth1,94887.12,2061.94,96949.05,2064,94982,34.97,29.97,64.94,30,35,0.00,0.00,0,0
1508092700,lo,0.00,0.00,0.00,0,0,0.00,0.00,0.00,0,0,0.00,0.00,0,0
1508092700,total,96949.05,88071.93,185020.98,88160,97046,64.94,61.94,126.87,62,65,0.00,0.00,0,0
1508092701,eth0,0.00,0.00,0.00,0,0,0.00,0.00,0.00,0,0,0.00,0.00,0,0
1508092701,eth1,0.00,0.00,0.00,0,0,0.00,0.00,0.00,0,0,0.00,0.00,0,0
1508092701,s2,0.00,0.00,0.00,0,0,0.00,0.00,0.00,0,0,0.00,0.00,0,0
1508092701,s2-eth2,2637.36,118361.64,120999.01,118480,2640,39.96,39.96,79.92,40,40,0.00,0.00,0,0
1508092701,s2-eth1,109826.18,2637.36,112463.54,2640,109936,37.96,39.96,77.92,40,38,0.00,0.00,0,0
1508092701,lo,171.83,171.83,343.66,172,172,3.00,3.00,5.99,3,3,0.00,0.00,0,0
1508092701,total,112635.37,121170.84,233806.20,121292,112748,80.92,82.92,163.84,83,81,0.00,0.00,0,0
1508092702,eth0,0.00,0.00,0.00,0,0,0.00,0.00,0.00,0,0,0.00,0.00,0,0
1508092702,eth1,0.00,0.00,0.00,0,0,0.00,0.00,0.00,0,0,0.00,0.00,0,0
1508092702,s2,0.00,0.00,0.00,0,0,0.00,0.00,0.00,0,0,0.00,0.00,0,0
1508092702,s2-eth2,1650.00,61018.00,62668.00,61018,1650,23.00,25.00,48.00,25,23,0.00,0.00,0,0
1508092702,s2-eth1,65428.00,1650.00,67078.00,1650,65428,26.00,23.00,49.00,23,26,0.00,0.00,0,0
1508092702,lo,0.00,0.00,0.00,0,0,0.00,0.00,0.00,0,0,0.00,0.00,0,0
1508092702,total,67078.00,62668.00,129746.00,62668,67078,49.00,48.00,97.00,48,49,0.00,0.00,0,0
1508092703,eth0,0.00,0.00,0.00,0,0,0.00,0.00,0.00,0,0,0.00,0.00,0,0
1508092703,eth1,0.00,0.00,0.00,0,0,0.00,0.00,0.00,0,0,0.00,0.00,0,0
1508092703,s2,0.00,0.00,0.00,0,0,0.00,0.00,0.00,0,0,0.00,0.00,0,0
1508092703,s2-eth2,1224.00,50486.00,51710.00,50486,1224,18.00,19.00,37.00,19,18,0.00,0.00,0,0
1508092703,s2-eth1,47524.00,1224.00,48748.00,1224,47524,18.00,18.00,36.00,18,18,0.00,0.00,0,0
1508092703,lo,0.00,0.00,0.00,0,0,0.00,0.00,0.00,0,0,0.00,0.00,0,0
1508092703,total,48748.00,51710.00,100458.00,51710,48748,36.00,37.00,73.00,37,36,0.00,0.00,0,0
1508092704,eth0,0.00,0.00,0.00,0,0,0.00,0.00,0.00,0,0,0.00,0.00,0,0
1508092704,eth1,0.00,0.00,0.00,0,0,0.00,0.00,0.00,0,0,0.00,0.00,0,0
1508092704,s2,0.00,0.00,0.00,0,0,0.00,0.00,0.00,0,0,0.00,0.00,0,0
1508092704,s2-eth2,1425.57,59180.82,60606.39,59240,1427,20.98,19.98,40.96,20,21,0.00,0.00,0,0
1508092704,s2-eth1,56328.67,1318.68,57647.36,1320,56385,19.98,19.98,39.96,20,20,0.00,0.00,0,0
1508092704,lo,0.00,0.00,0.00,0,0,0.00,0.00,0.00,0,0,0.00,0.00,0,0
1508092704,total,57754.25,60499.50,118253.75,60560,57812,40.96,39.96,80.92,40,41,0.00,0.00,0,0
1508092705,eth0,0.00,0.00,0.00,0,0,0.00,0.00,0.00,0,0,0.00,0.00,0,0
1508092705,eth1,0.00,0.00,0.00,0,0,0.00,0.00,0.00,0,0,0.00,0.00,0,0
1508092705,s2,0.00,0.00,0.00,0,0,0.00,0.00,0.00,0,0,0.00,0.00,0,0
1508092705,s2-eth2,1344.00,63782.00,65126.00,63782,1344,20.00,23.00,43.00,23,20,0.00,0.00,0,0
1508092705,s2-eth1,66744.00,1344.00,68088.00,1344,66744,24.00,20.00,44.00,20,24,0.00,0.00,0,0
1508092705,lo,0.00,0.00,0.00,0,0,0.00,0.00,0.00,0,0,0.00,0.00,0,0
1508092705,total,68088.00,65126.00,133214.00,65126,68088,44.00,43.00,87.00,43,44,0.00,0.00,0,0
1508092706,eth0,0.00,0.00,0.00,0,0,0.00,0.00,0.00,0,0,0.00,0.00,0,0
1508092706,eth1,0.00,0.00,0.00,0,0,0.00,0.00,0.00,0,0,0.00,0.00,0,0
1508092706,s2,0.00,0.00,0.00,0,0,0.00,0.00,0.00,0,0,0.00,0.00,0,0
1508092706,s2-eth2,1660.34,72529.47,74189.81,72602,1662,24.98,24.98,49.95,25,25,0.00,0.00,0,0
1508092706,s2-eth1,60693.31,1660.34,62353.65,1662,60754,20.98,24.98,45.95,25,21,0.00,0.00,0,0
1508092706,lo,171.83,171.83,343.66,172,172,3.00,3.00,5.99,3,3,0.00,0.00,0,0
1508092706,total,62525.48,74361.64,136887.11,74436,62588,48.95,52.95,101.90,53,49,0.00,0.00,0,0
1508092707,eth0,0.00,0.00,0.00,0,0,0.00,0.00,0.00,0,0,0.00,0.00,0,0
1508092707,eth1,0.00,0.00,0.00,0,0,0.00,0.00,0.00,0,0,0.00,0.00,0,0
1508092707,s2,0.00,0.00,0.00,0,0,0.00,0.00,0.00,0,0,0.00,0.00,0,0
1508092707,s2-eth2,1580.84,70946.11,72526.95,71088,1584,23.95,23.95,47.90,24,24,0.00,0.00,0,0
1508092707,s2-eth1,82770.46,1580.84,84351.30,1584,82936,27.94,23.95,51.90,24,28,0.00,0.00,0,0
1508092707,lo,0.00,0.00,0.00,0,0,0.00,0.00,0.00,0,0,0.00,0.00,0,0
1508092707,total,84351.30,72526.95,156878.25,72672,84520,51.90,47.90,99.80,48,52,0.00,0.00,0,0
1508092708,eth0,0.00,0.00,0.00,0,0,0.00,0.00,0.00,0,0,0.00,0.00,0,0
1508092708,eth1,0.00,0.00,0.00,0,0,0.00,0.00,0.00,0,0,0.00,0.00,0,0
1508092708,s2,0.00,0.00,0.00,0,0,0.00,0.00,0.00,0,0,0.00,0.00,0,0
1508092708,s2-eth2,1848.00,88860.00,90708.00,88860,1848,28.00,30.00,58.00,30,28,0.00,0.00,0,0
1508092708,s2-eth1,74050.00,1848.00,75898.00,1848,74050,25.00,28.00,53.00,28,25,0.00,0.00,0,0
1508092708,lo,0.00,0.00,0.00,0,0,0.00,0.00,0.00,0,0,0.00,0.00,0,0
1508092708,total,75898.00,90708.00,166606.00,90708,75898,53.00,58.00,111.00,58,53,0.00,0.00,0,0
1508092709,eth0,0.00,0.00,0.00,0,0,0.00,0.00,0.00,0,0,0.00,0.00,0,0
1508092709,eth1,0.00,0.00,0.00,0,0,0.00,0.00,0.00,0,0,0.00,0.00,0,0
1508092709,s2,0.00,0.00,0.00,0,0,0.00,0.00,0.00,0,0,0.00,0.00,0,0
1508092709,s2-eth2,2037.96,77198.80,79236.77,77276,2040,29.97,29.97,59.94,30,30,0.00,0.00,0,0
1508092709,s2-eth1,89034.97,2037.96,91072.93,2040,89124,33.97,29.97,63.94,30,34,0.00,0.00,0,0
1508092709,lo,0.00,0.00,0.00,0,0,0.00,0.00,0.00,0,0,0.00,0.00,0,0
1508092709,total,91072.93,79236.77,170309.69,79316,91164,63.94,59.94,123.88,60,64,0.00,0.00,0,0
1508092710,eth0,0.00,0.00,0.00,0,0,0.00,0.00,0.00,0,0,0.00,0.00,0,0
1508092710,eth1,0.00,0.00,0.00,0,0,0.00,0.00,0.00,0,0,0.00,0.00,0,0
1508092710,s2,0.00,0.00,0.00,0,0,0.00,0.00,0.00,0,0,0.00,0.00,0,0
1508092710,s2-eth2,2178.00,103670.00,105848.00,103670,2178,33.00,35.00,68.00,35,33,0.00,0.00,0,0
1508092710,s2-eth1,88860.00,2178.00,91038.00,2178,88860,30.00,33.00,63.00,33,30,0.00,0.00,0,0
1508092710,lo,0.00,0.00,0.00,0,0,0.00,0.00,0.00,0,0,0.00,0.00,0,0
1508092710,total,91038.00,105848.00,196886.00,105848,91038,63.00,68.00,131.00,68,63,0.00,0.00,0,0
1508092711,eth0,0.00,0.00,0.00,0,0,0.00,0.00,0.00,0,0,0.00,0.00,0,0
1508092711,eth1,0.00,0.00,0.00,0,0,0.00,0.00,0.00,0,0,0.00,0.00,0,0
1508092711,s2,0.00,0.00,0.00,0,0,0.00,0.00,0.00,0,0,0.00,0.00,0,0
1508092711,s2-eth2,2046.00,94784.00,96830.00,94784,2046,31.00,32.00,63.00,32,31,0.00,0.00,0,0
1508092711,s2-eth1,109594.00,2046.00,111640.00,2046,109594,37.00,31.00,68.00,31,37,0.00,0.00,0,0
1508092711,lo,172.00,172.00,344.00,172,172,3.00,3.00,6.00,3,3,0.00,0.00,0,0
1508092711,total,111812.00,97002.00,208814.00,97002,111812,71.00,66.00,137.00,66,71,0.00,0.00,0,0
1508092712,eth0,0.00,0.00,0.00,0,0,0.00,0.00,0.00,0,0,0.00,0.00,0,0
1508092712,eth1,0.00,0.00,0.00,0,0,0.00,0.00,0.00,0,0,0.00,0.00,0,0
1508092712,s2,0.00,0.00,0.00,0,0,0.00,0.00,0.00,0,0,0.00,0.00,0,0
1508092712,s2-eth2,2640.00,124404.00,127044.00,124404,2640,40.00,42.00,82.00,42,40,0.00,0.00,0,0
1508092712,s2-eth1,106632.00,2706.00,109338.00,2706,106632,36.00,41.00,77.00,41,36,0.00,0.00,0,0
1508092712,lo,0.00,0.00,0.00,0,0,0.00,0.00,0.00,0,0,0.00,0.00,0,0
1508092712,total,109272.00,127110.00,236382.00,127110,109272,76.00,83.00,159.00,83,76,0.00,0.00,0,0
1508092713,eth0,0.00,0.00,0.00,0,0,0.00,0.00,0.00,0,0,0.00,0.00,0,0
1508092713,eth1,0.00,0.00,0.00,0,0,0.00,0.00,0.00,0,0,0.00,0.00,0,0
1508092713,s2,0.00,0.00,0.00,0,0,0.00,0.00,0.00,0,0,0.00,0.00,0,0
1508092713,s2-eth2,2958.00,92004.00,94962.00,92004,2958,41.00,34.00,75.00,34,41,0.00,0.00,0,0
1508092713,s2-eth1,109776.00,2550.00,112326.00,2550,109776,40.00,39.00,79.00,39,40,0.00,0.00,0,0
1508092713,lo,0.00,0.00,0.00,0,0,0.00,0.00,0.00,0,0,0.00,0.00,0,0
1508092713,total,112734.00,94554.00,207288.00,94554,112734,81.00,73.00,154.00,73,81,0.00,0.00,0,0
1508092714,eth0,0.00,0.00,0.00,0,0,0.00,0.00,0.00,0,0,0.00,0.00,0,0
1508092714,eth1,0.00,0.00,0.00,0,0,0.00,0.00,0.00,0,0,0.00,0.00,0,0
1508092714,s2,0.00,0.00,0.00,0,0,0.00,0.00,0.00,0,0,0.00,0.00,0,0
1508092714,s2-eth2,0.00,0.00,0.00,0,0,0.00,0.00,0.00,0,0,0.00,0.00,0,0
1508092714,s2-eth1,0.00,0.00,0.00,0,0,0.00,0.00,0.00,0,0,0.00,0.00,0,0
1508092714,lo,0.00,0.00,0.00,0,0,0.00,0.00,0.00,0,0,0.00,0.00,0,0
1508092714,total,0.00,0.00,0.00,0,0,0.00,0.00,0.00,0,0,0.00,0.00,0,0
1508092715,eth0,0.00,0.00,0.00,0,0,0.00,0.00,0.00,0,0,0.00,0.00,0,0
1508092715,eth1,0.00,0.00,0.00,0,0,0.00,0.00,0.00,0,0,0.00,0.00,0,0
1508092715,s2,0.00,0.00,0.00,0,0,0.00,0.00,0.00,0,0,0.00,0.00,0,0
1508092715,s2-eth2,0.00,0.00,0.00,0,0,0.00,0.00,0.00,0,0,0.00,0.00,0,0
1508092715,s2-eth1,0.00,0.00,0.00,0,0,0.00,0.00,0.00,0,0,0.00,0.00,0,0
1508092715,lo,0.00,0.00,0.00,0,0,0.00,0.00,0.00,0,0,0.00,0.00,0,0
1508092715,total,0.00,0.00,0.00,0,0,0.00,0.00,0.00,0,0,0.00,0.00,0,0
1508092716,eth0,0.00,0.00,0.00,0,0,0.00,0.00,