1508035374,s5,0.00,0.00,0.00,0,0,0.00,0.00,0.00,0,0,0.00,0.00,0,0
1508035374,s1,0.00,0.00,0.00,0,0,0.00,0.00,0.00,0,0,0.00,0.00,0,0
1508035374,eth0,0.00,0.00,0.00,0,0,0.00,0.00,0.00,0,0,0.00,0.00,0,0
1508035374,eth1,0.00,0.00,0.00,0,0,0.00,0.00,0.00,0,0,0.00,0.00,0,0
1508035374,s2,0.00,0.00,0.00,0,0,0.00,0.00,0.00,0,0,0.00,0.00,0,0
1508035374,s1-eth2,0.00,0.00,0.00,0,0,0.00,0.00,0.00,0,0,0.00,0.00,0,0
1508035374,s1-eth1,0.00,0.00,0.00,0,0,0.00,0.00,0.00,0,0,0.00,0.00,0,0
1508035374,s2-eth2,0.00,0.00,0.00,0,0,0.00,0.00,0.00,0,0,0.00,0.00,0,0
1508035374,s2-eth1,0.00,0.00,0.00,0,0,0.00,0.00,0.00,0,0,0.00,0.00,0,0
1508035374,lo,0.00,0.00,0.00,0,0,0.00,0.00,0.00,0,0,0.00,0.00,0,0
1508035374,s4,0.00,0.00,0.00,0,0,0.00,0.00,0.00,0,0,0.00,0.00,0,0
1508035374,total,0.00,0.00,0.00,0,0,0.00,0.00,0.00,0,0,0.00,0.00,0,0
1508035375,s5,0.00,0.00,0.00,0,0,0.00,0.00,0.00,0,0,0.00,0.00,0,0
1508035375,s1,250.00,250.00,500.00,250,250,3.00,3.00,6.00,3,3,0.00,0.00,0,0
1508035375,eth0,760.00,1225.00,1985.00,1225,760,10.00,10.00,20.00,10,10,0.00,0.00,0,0
1508035375,eth1,0.00,0.00,0.00,0,0,0.00,0.00,0.00,0,0,0.00,0.00,0,0
1508035375,s2,250.00,340.00,590.00,340,250,3.00,4.00,7.00,4,3,0.00,0.00,0,0
1508035375,s1-eth2,11584.00,254442.00,266026.00,254442,11584,132.00,169.00,301.00,169,132,0.00,0.00,0,0
1508035375,s1-eth1,250325.00,9228.00,259553.00,9228,250325,177.00,118.00,295.00,118,177,0.00,0.00,0,0
1508035375,s2-eth2,2079.00,90.00,2169.00,90,2079,14.00,1.00,15.00,1,14,0.00,0.00,0,0
1508035375,s2-eth1,2446.00,250.00,2696.00,250,2446,15.00,3.00,18.00,3,15,0.00,0.00,0,0
1508035375,lo,5369.00,5369.00,10738.00,5369,5369,59.00,59.00,118.00,59,59,0.00,0.00,0,0
1508035375,s4,0.00,0.00,0.00,0,0,0.00,0.00,0.00,0,0,0.00,0.00,0,0
1508035375,total,273063.00,271194.00,544257.00,271194,273063,413.00,367.00,780.00,367,413,0.00,0.00,0,0
1508035376,s5,0.00,0.00,0.00,0,0,0.00,0.00,0.00,0,0,0.00,0.00,0,0
1508035376,s1,0.00,89.91,89.91,90,0,0.00,1.00,1.00,1,0,0.00,0.00,0,0
1508035376,eth0,151.85,244.76,396.60,245,152,2.00,2.00,4.00,2,2,0.00,0.00,0,0
1508035376,eth1,0.00,0.00,0.00,0,0,0.00,0.00,0.00,0,0,0.00,0.00,0,0
1508035376,s2,0.00,0.00,0.00,0,0,0.00,0.00,0.00,0,0,0.00,0.00,0,0
1508035376,s1-eth2,9189.81,249560.45,258750.25,249810,9199,113.89,164.84,278.72,165,114,0.00,0.00,0,0
1508035376,s1-eth1,250612.39,8569.43,259181.83,8578,250863,169.83,110.89,280.72,111,170,0.00,0.00,0,0
1508035376,s2-eth2,1161.84,0.00,1161.84,0,1163,5.99,0.00,5.99,0,6,0.00,0.00,0,0
1508035376,s2-eth1,962.04,0.00,962.04,0,963,4.00,0.00,4.00,0,4,0.00,0.00,0,0
1508035376,lo,628.37,628.37,1256.74,629,629,6.99,6.99,13.99,7,7,0.00,0.00,0,0
1508035376,s4,0.00,0.00,0.00,0,0,0.00,0.00,0.00,0,0,0.00,0.00,0,0
1508035376,total,262706.31,259092.92,521799.22,259352,262969,302.70,285.71,588.41,286,303,0.00,0.00,0,0
1508035377,s5,0.00,0.00,0.00,0,0,0.00,0.00,0.00,0,0,0.00,0.00,0,0
1508035377,s1,0.00,0.00,0.00,0,0,0.00,0.00,0.00,0,0,0.00,0.00,0,0
1508035377,eth0,0.00,0.00,0.00,0,0,0.00,0.00,0.00,0,0,0.00,0.00,0,0
1508035377,eth1,0.00,0.00,0.00,0,0,0.00,0.00,0.00,0,0,0.00,0.00,0,0
1508035377,s2,0.00,0.00,0.00,0,0,0.00,0.00,0.00,0,0,0.00,0.00,0,0
1508035377,s1-eth2,9110.89,252585.42,261696.31,252838,9120,113.89,166.83,280.72,167,114,0.00,0.00,0,0
1508035377,s1-eth1,249887.12,8769.23,258656.34,8778,250137,165.83,112.89,278.72,113,166,0.00,0.00,0,0
1508035377,s2-eth2,326.67,0.00,326.67,0,327,1.00,0.00,1.00,0,1,0.00,0.00,0,0
1508035377,s2-eth1,0.00,0.00,0.00,0,0,0.00,0.00,0.00,0,0,0.00,0.00,0,0
1508035377,lo,0.00,0.00,0.00,0,0,0.00,0.00,0.00,0,0,0.00,0.00,0,0
1508035377,s4,0.00,0.00,0.00,0,0,0.00,0.00,0.00,0,0,0.00,0.00,0,0
1508035377,total,259324.69,261354.66,520679.34,261616,259584,280.72,279.72,560.44,280,281,0.00,0.00,0,0
1508035378,s5,0.00,0.00,0.00,0,0,0.00,0.00,0.00,0,0,0.00,0.00,0,0
1508035378,s1,0.00,69.93,69.93,70,0,0.00,1.00,1.00,1,0,0.00,0.00,0,0
1508035378,eth0,59.94,59.94,119.88,60,60,1.00,1.00,2.00,1,1,0.00,0.00,0,0
1508035378,eth1,0.00,0.00,0.00,0,0,0.00,0.00,0.00,0,0,0.00,0.00,0,0
1508035378,s2,0.00,69.93,69.93,70,0,0.00,1.00,1.00,1,0,0.00,0.00,0,0
1508035378,s1-eth2,9099.90,263242.75,272342.66,263506,9109,112.89,174.83,287.71,175,113,0.00,0.00,0,0
1508035378,s1-eth1,250004.00,8473.53,258477.53,8482,250254,167.83,110.89,278.72,111,168,0.00,0.00,0,0
1508035378,s2-eth2,373.63,69.93,443.56,70,374,2.00,1.00,3.00,1,2,0.00,0.00,0,0
1508035378,s2-eth1,770.23,0.00,770.23,0,771,4.00,0.00,4.00,0,4,0.00,0.00,0,0
1508035378,lo,535.46,535.46,1070.93,536,536,5.99,5.99,11.99,6,6,0.00,0.00,0,0
1508035378,s4,0.00,0.00,0.00,0,0,0.00,0.00,0.00,0,0,0.00,0.00,0,0
1508035378,total,260843.16,272521.50,533364.62,272794,261104,293.71,295.70,589.41,296,294,0.00,0.00,0,0
1508035379,s5,0.00,0.00,0.00,0,0,0.00,0.00,0.00,0,0,0.00,0.00,0,0
1508035379,s1,70.00,70.00,140.00,70,70,1.00,1.00,2.00,1,1,0.00,0.00,0,0
1508035379,eth0,0.00,0.00,0.00,0,0,0.00,0.00,0.00,0,0,0.00,0.00,0,0
1508035379,eth1,0.00,0.00,0.00,0,0,0.00,0.00,0.00,0,0,0.00,0.00,0,0
1508035379,s2,70.00,70.00,140.00,70,70,1.00,1.00,2.00,1,1,0.00,0.00,0,0
1508035379,s1-eth2,9010.00,254352.00,263362.00,254352,9010,117.00,168.00,285.00,168,117,0.00,0.00,0,0
1508035379,s1-eth1,248763.00,8870.00,257633.00,8870,248763,167.00,115.00,282.00,115,167,0.00,0.00,0,0
1508035379,s2-eth2,537.00,0.00,537.00,0,537,4.00,0.00,4.00,0,4,0.00,0.00,0,0
1508035379,s2-eth1,482.00,70.00,552.00,70,482,3.00,1.00,4.00,1,3,0.00,0.00,0,0
1508035379,lo,1520.00,1520.00,3040.00,1520,1520,20.00,20.00,40.00,20,20,0.00,0.00,0,0
1508035379,s4,0.00,0.00,0.00,0,0,0.00,0.00,0.00,0,0,0.00,0.00,0,0
1508035379,total,260452.00,264952.00,525404.00,264952,260452,313.00,306.00,619.00,306,313,0.00,0.00,0,0
1508035380,s5,0.00,0.00,0.00,0,0,0.00,0.00,0.00,0,0,0.00,0.00,0,0
1508035380,s1,0.00,0.00,0.00,0,0,0.00,0.00,0.00,0,0,0.00,0.00,0,0
1508035380,eth0,0.00,0.00,0.00,0,0,0.00,0.00,0.00,0,0,0.00,0.00,0,0
1508035380,eth1,0.00,0.00,0.00,0,0,0.00,0.00,0.00,0,0,0.00,0.00,0,0
1508035380,s2,0.00,0.00,0.00,0,0,0.00,0.00,0.00,0,0,0.00,0.00,0,0
1508035380,s1-eth2,8220.00,254352.00,262572.00,254352,8220,108.00,168.00,276.00,168,108,0.00,0.00,0,0
1508035380,s1-eth1,251324.00,8146.00,259470.00,8146,251324,166.00,107.00,273.00,107,166,0.00,0.00,0,0
1508035380,s2-eth2,0.00,0.00,0.00,0,0,0.00,0.00,0.00,0,0,0.00,0.00,0,0
1508035380,s2-eth1,0.00,0.00,0.00,0,0,0.00,0.00,0.00,0,0,0.00,0.00,0,0
1508035380,lo,0.00,0.00,0.00,0,0,0.00,0.00,0.00,0,0,0.00,0.00,0,0
1508035380,s4,0.00,0.00,0.00,0,0,0.00,0.00,0.00,0,0,0.00,0.00,0,0
1508035380,total,259544.00,262498.00,522042.00,262498,259544,274.00,275.00,549.00,275,274,0.00,0.00,0,0
1508035381,s5,0.00,0.00,0.00,0,0,0.00,0.00,0.00,0,0,0.00,0.00,0,0
1508035381,s1,0.00,0.00,0.00,0,0,0.00,0.00,0.00,0,0,0.00,0.00,0,0
1508035381,eth0,0.00,0.00,0.00,0,0,0.00,0.00,0.00,0,0,0.00,0.00,0,0
1508035381,eth1,0.00,0.00,0.00,0,0,0.00,0.00,0.00,0,0,0.00,0.00,0,0
1508035381,s2,0.00,0.00,0.00,0,0,0.00,0.00,0.00,0,0,0.00,0.00,0,0
1508035381,s1-eth2,10150.00,254352.00,264502.00,254352,10150,131.00,168.00,299.00,168,131,0.00,0.00,0,0
1508035381,s1-eth1,249810.00,10150.00,259960.00,10150,249810,165.00,131.00,296.00,131,165,0.00,0.00,0,0
1508035381,s2-eth2,342.00,0.00,342.00,0,342,1.00,0.00,1.00,0,1,0.00,0.00,0,0
1508035381,s2-eth1,0.00,0.00,0.00,0,0,0.00,0.00,0.00,0,0,0.00,0.00,0,0
1508035381,lo,0.00,0.00,0.00,0,0,0.00,0.00,0.00,0,0,0.00,0.00,0,0
1508035381,s4,0.00,0.00,0.00,0,0,0.00,0.00,0.00,0,0,0.00,0.00,0,0
1508035381,total,260302.00,264502.00,524804.00,264502,260302,297.00,299.00,596.00,299,297,0.00,0.00,0,0
1508035382,s5,0.00,0.00,0.00,0,0,0.00,0.00,0.00,0,0,0.00,0.00,0,0
1508035382,s1,0.00,70.00,70.00,70,0,0.00,1.00,1.00,1,0,0.00,0.00,0,0
1508035382,eth0,0.00,0.00,0.00,0,0,0.00,0.00,0.00,0,0,0.00,0.00,0,0
1508035382,eth1,0.00,0.00,0.00,0,0,0.00,0.00,0.00,0,0,0.00,0.00,0,0
1508035382,s2,0.00,70.00,70.00,70,0,0.00,1.00,1.00,1,0,0.00,0.00,0,0
1508035382,s1-eth2,9505.00,261992.00,271497.00,261992,9505,122.00,174.00,296.00,174,122,0.00,0.00,0,0
1508035382,s1-eth1,250329.00,9398.00,259727.00,9398,250329,168.00,121.00,289.00,121,168,0.00,0.00,0,0
1508035382,s2-eth2,107.00,70.00,177.00,70,107,1.00,1.00,2.00,1,1,0.00,0.00,0,0
1508035382,s2-eth1,107.00,0.00,107.00,0,107,1.00,0.00,1.00,0,1,0.00,0.00,0,0
1508035382,lo,536.00,536.00,1072.00,536,536,6.00,6.00,12.00,6,6,0.00,0.00,0,0
1508035382,s4,0.00,0.00,0.00,0,0,0.00,0.00,0.00,0,0,0.00,0.00,0,0
1508035382,total,260584.00,272136.00,532720.00,272136,260584,298.00,304.00,602.00,304,298,0.00,0.00,0,0
1508035383,s5,0.00,0.00,0.00,0,0,0.00,0.00,0.00,0,0,0.00,0.00,0,0
1508035383,s1,70.00,70.00,140.00,70,70,1.00,1.00,2.00,1,1,0.00,0.00,0,0
1508035383,eth0,0.00,0.00,0.00,0,0,0.00,0.00,0.00,0,0,0.00,0.00,0,0
1508035383,eth1,0.00,0.00,0.00,0,0,0.00,0.00,0.00,0,0,0.00,0.00,0,0
1508035383,s2,70.00,70.00,140.00,70,70,1.00,1.00,2.00,1,1,0.00,0.00,0,0
1508035383,s1-eth2,8610.00,254352.00,262962.00,254352,8610,109.00,168.00,277.00,168,109,0.00,0.00,0,0
1508035383,s1-eth1,249950.00,8128.00,258078.00,8128,249950,167.00,106.00,273.00,106,167,0.00,0.00,0,0
1508035383,s2-eth2,210.00,0.00,210.00,0,210,3.00,0.00,3.00,0,3,0.00,0.00,0,0
1508035383,s2-eth1,210.00,70.00,280.00,70,210,3.00,1.00,4.00,1,3,0.00,0.00,0,0
1508035383,lo,1072.00,1072.00,2144.00,1072,1072,12.00,12.00,24.00,12,12,0.00,0.00,0,0
1508035383,s4,0.00,0.00,0.00,0,0,0.00,0.00,0.00,0,0,0.00,0.00,0,0
1508035383,total,260192.00,263762.00,523954.00,263762,260192,296.00,289.00,585.00,289,296,0.00,0.00,0,0
1508035384,s5,0.00,0.00,0.00,0,0,0.00,0.00,0.00,0,0,0.00,0.00,0,0
1508035384,s1,0.00,0.00,0.00,0,0,0.00,0.00,0.00,0,0,0.00,0.00,0,0
1508035384,eth0,0.00,0.00,0.00,0,0,0.00,0.00,0.00,0,0,0.00,0.00,0,0
1508035384,eth1,0.00,0.00,0.00,0,0,0.00,0.00,0.00,0,0,0.00,0.00,0,0
1508035384,s2,0.00,0.00,0.00,0,0,0.00,0.00,0.00,0,0,0.00,0.00,0,0
1508035384,s1-eth2,11134.00,260408.00,271542.00,260408,11134,143.00,172.00,315.00,172,143,0.00,0.00,0,0
1508035384,s1-eth1,248296.00,11134.00,259430.00,11134,248296,164.00,143.00,307.00,143,164,0.00,0.00,0,0
1508035384,s2-eth2,0.00,0.00,0.00,0,0,0.00,0.00,0.00,0,0,0.00,0.00,0,0
1508035384,s2-eth1,0.00,0.00,0.00,0,0,0.00,0.00,0.00,0,0,0.00,0.00,0,0
1508035384,lo,344.00,344.00,688.00,344,344,6.00,6.00,12.00,6,6,0.00,0.00,0,0
1508035384,s4,0.00,0.00,0.00,0,0,0.00,0.00,0.00,0,0,0.00,0.00,0,0
1508035384,total,259774.00,271886.00,531660.00,271886,259774,313.00,321.00,634.00,321,313,0.00,0.00,0,0
1508035385,s5,0.00,0.00,0.00,0,0,0.00,0.00,0.00,0,0,0.00,0.00,0,0
1508035385,s1,0.00,0.00,0.00,0,0,0.00,0.00,0.00,0,0,0.00,0.00,0,0
1508035385,eth0,0.00,0.00,0.00,0,0,0.00,0.00,0.00,0,0,0.00,0.00,0,0
1508035385,eth1,0.00,0.00,0.00,0,0,0.00,0.00,0.00,0,0,0.00,0.00,0,0
1508035385,s2,0.00,0.00,0.00,0,0,0.00,0.00,0.00,0,0,0.00,0.00,0,0
1508035385,s1-eth2,8712.00,255866.00,264578.00,255866,8712,114.00,169.00,283.00,169,114,0.00,0.00,0,0
1508035385,s1-eth1,249810.00,8786.00,258596.00,8786,249810,165.00,115.00,280.00,115,165,0.00,0.00,0,0
1508035385,s2-eth2,0.00,0.00,0.00,0,0,0.00,0.00,0.00,0,0,0.00,0.00,0,0
1508035385,s2-eth1,0.00,0.00,0.00,0,0,0.00,0.00,0.00,0,0,0.00,0.00,0,0
1508035385,lo,0.00,0.00,0.00,0,0,0.00,0.00,0.00,0,0,0.00,0.00,0,0
1508035385,s4,0.00,0.00,0.00,0,0,0.00,0.00,0.00,0,0,0.00,0.00,0,0
1508035385,total,258522.00,264652.00,523174.00,264652,258522,279.00,284.00,563.00,284,279,0.00,0.00,0,0
1508035386,s5,0.00,0.00,0.00,0,0,0.00,0.00,0.00,0,0,0.00,0.00,0,0
1508035386,s1,0.00,0.00,0.00,0,0,0.00,0.00,0.00,0,0,0.00,0.00,0,0
1508035386,eth0,0.00,0.00,0.00,0,0,0.00,0.00,0.00,0,0,0.00,0.00,0,0
1508035386,eth1,0.00,0.00,0.00,0,0,0.00,0.00,0.00,0,0,0.00,0.00,0,0
1508035386,s2,0.00,0.00,0.00,0,0,0.00,0.00,0.00,0,0,0.00,0.00,0,0
1508035386,s1-eth2,6721.28,199648.36,206369.64,199848,6728,87.91,131.87,219.78,132,88,0.00,0.00,0,0
1508035386,s1-eth1,192085.92,6647.35,198733.27,6654,192278,126.87,86.91,213.79,87,127,0.00,0.00,0,0
1508035386,s2-eth2,0.00,0.00,0.00,0,0,0.00,0.00,0.00,0,0,0.00,0.00,0,0
1508035386,s2-eth1,341.66,0.00,341.66,0,342,1.00,0.00,1.00,0,1,0.00,0.00,0,0
1508035386,lo,0.00,0.00,0.00,0,0,0.00,0.00,0.00,0,0,0.00,0.00,0,0
1508035386,s4,0.00,0.00,0.00,0,0,0.00,0.00,0.00,0,0,0.00,0.00,0,0
1508035386,total,199148.86,206295.70,405444.56,206502,199348,215.78,218.78,434.57,219,216,0.00,0.00,0,0
1508035387,s5,0.00,0.00,0.00,0,0,0.00,0.00,0.00,0,0,0.00,0.00,0,0
1508035387,s1,0.00,0.00,0.00,0,0,0.00,0.00,0.00,0,0,0.00,0.00,0,0
1508035387,eth0,0.00,0.00,0.00,0,0,0.00,0.00,0.00,0,0,0.00,0.00,0,0
1508035387,eth1,0.00,0.00,0.00,0,0,0.00,0.00,0.00,0,0,0.00,0.00,0,0
1508035387,s2,0.00,0.00,0.00,0,0,0.00,0.00,0.00,0,0,0.00,0.00,0,0
1508035387,s1-eth2,8920.00,255866.00,264786.00,255866,8920,116.00,169.00,285.00,169,116,0.00,0.00,0,0
1508035387,s1-eth1,251324.00,8994.00,260318.00,8994,251324,166.00,117.00,283.00,117,166,0.00,0.00,0,0
1508035387,s2-eth2,0.00,0.00,0.00,0,0,0.00,0.00,0.00,0,0,0.00,0.00,0,0
1508035387,s2-eth1,0.00,0.00,0.00,0,0,0.00,0.00,0.00,0,0,0.00,0.00,0,0
1508035387,lo,0.00,0.00,0.00,0,0,0.00,0.00,0.00,0,0,0.00,0.00,0,0
1508035387,s4,0.00,0.00,0.00,0,0,0.00,0.00,0.00,0,0,0.00,0.00,0,0
1508035387,total,260244.00,264860.00,525104.00,264860,260244,282.00,286.00,568.00,286,282,0.00,0.00,0,0
1508035388,s5,0.00,0.00,0.00,0,0,0.00,0.00,0.00,0,0,0.00,0.00,0,0
1508035388,s1,0.00,0.00,0.00,0,0,0.00,0.00,0.00,0,0,0.00,0.00,0,0
1508035388,eth0,0.00,0.00,0.00,0,0,0.00,0.00,0.00,0,0,0.00,0.00,0,0
1508035388,eth1,0.00,0.00,0.00,0,0,0.00,0.00,0.00,0,0,0.00,0.00,0,0
1508035388,s2,0.00,0.00,0.00,0,0,0.00,0.00,0.00,0,0,0.00,0.00,0,0
1508035388,s1-eth2,8882.00,254352.00,263234.00,254352,8882,115.00,168.00,283.00,168,115,0.00,0.00,0,0
1508035388,s1-eth1,249810.00,8808.00,258618.00,8808,249810,165.00,114.00,279.00,114,165,0.00,0.00,0,0
1508035388,s2-eth2,0.00,0.00,0.00,0,0,0.00,0.00,0.00,0,0,0.00,0.00,0,0
1508035388,s2-eth1,0.00,0.00,0.00,0,0,0.00,0.00,0.00,0,0,0.00,0.00,0,0
1508035388,lo,344.00,344.00,688.00,344,344,6.00,6.00,12.00,6,6,0.00,0.00,0,0
1508035388,s4,0.00,0.00,0.00,0,0,0.00,0.00,0.00,0,0,0.00,0.00,0,0
1508035388,total,259036.00,263504.00,522540.00,263504,259036,286.00,288.00,574.00,288,286,0.00,0.00,0,0
1508035389,s5,0.00,0.00,0.00,0,0,0.00,0.00,0.00,0,0,0.00,0.00,0,0
1508035389,s1,0.00,0.00,0.00,0,0,0.00,0.00,0.00,0,0,0.00,0.00,0,0
1508035389,eth0,0.00,0.00,0.00,0,0,0.00,0.00,0.00,0,0,0.00,0.00,0,0
1508035389,eth1,0.00,0.00,0.00,0,0,0.00,0.00,0.00,0,0,0.00,0.00,0,0
1508035389,s2,0.00,0.00,0.00,0,0,0.00,0.00,0.00,0,0,0.00,0.00,0,0
1508035389,s1-eth2,9078.00,257380.00,266458.00,257380,9078,117.00,170.00,287.00,170,117,0.00,0.00,0,0
1508035389,s1-eth1,249810.00,9078.00,258888.00,9078,249810,165.00,117.00,282.00,117,165,0.00,0.00,0,0
1508035389,s2-eth2,0.00,0.00,0.00,0,0,0.00,0.00,0.00,0,0,0.00,0.00,0,0
1508035389,s2-eth1,0.00,0.00,0.00,0,0,0.00,0.00,0.00,0,0,0.00,0.00,0,0
1508035389,lo,344.00,344.00,688.00,344,344,6.00,6.00,12.00,6,6,0.00,0.00,0,0
1508035389,s4,0.00,0.00,0.00,0,0,0.00,0.00,0.00,0,0,0.00,0.00,0,0
1508035389,total,259232.00,266802.00,526034.00,266802,259232,288.00,293.00,581.00,293,288,0.00,0.00,0,0
1508035390,s5,0.00,0.00,0.00,0,0,0.00,0.00,0.00,0,0,0.00,0.00,0,0
1508035390,s1,0.00,0.00,0.00,0,0,0.00,0.00,0.00,0,0,0.00,0.00,0,0
1508035390,eth0,0.00,0.00,0.00,0,0,0.00,0.00,0.00,0,0,0.00,0.00,0,0
1508035390,eth1,0.00,0.00,0.00,0,0,0.00,0.00,0.00,0,0,0.00,0.00,0,0
1508035390,s2,0.00,0.00,0.00,0,0,0.00,0.00,0.00,0,0,0.00,0.00,0,0
1508035390,s1-eth2,11075.00,260408.00,271483.00,260408,11075,137.00,172.00,309.00,172,137,0.00,0.00,0,0
1508035390,s1-eth1,246889.00,10700.00,257589.00,10700,246889,164.00,136.00,300.00,136,164,0.00,0.00,0,0
1508035390,s2-eth2,107.00,0.00,107.00,0,107,1.00,0.00,1.00,0,1,0.00,0.00,0,0
1508035390,s2-eth1,107.00,0.00,107.00,0,107,1.00,0.00,1.00,0,1,0.00,0.00,0,0
1508035390,lo,0.00,0.00,0.00,0,0,0.00,0.00,0.00,0,0,0.00,0.00,0,0
1508035390,s4,0.00,0.00,0.00,0,0,0.00,0.00,0.00,0,0,0.00,0.00,0,0
1508035390,total,258178.00,271108.00,529286.00,271108,258178,303.00,308.00,611.00,308,303,0.00,0.00,0,0
1508035391,s5,0.00,0.00,0.00,0,0,0.00,0.00,0.00,0,0,0.00,0.00,0,0
1508035391,s1,0.00,0.00,0.00,0,0,0.00,0.00,0.00,0,0,0.00,0.00,0,0
1508035391,eth0,0.00,0.00,0.00,0,0,0.00,0.00,0.00,0,0,0.00,0.00,0,0
1508035391,eth1,0.00,0.00,0.00,0,0,0.00,0.00,0.00,0,0,0.00,0.00,0,0
1508035391,s2,0.00,0.00,0.00,0,0,0.00,0.00,0.00,0,0,0.00,0.00,0,0
1508035391,s1-eth2,9920.08,258635.38,268555.44,258894,9930,128.87,170.83,299.70,171,129,0.00,0.00,0,0
1508035391,s1-eth1,249560.45,9846.15,259406.59,9856,249810,164.84,127.87,292.71,128,165,0.00,0.00,0,0
1508035391,s2-eth2,341.66,0.00,341.66,0,342,1.00,0.00,1.00,0,1,0.00,0.00,0,0
1508035391,s2-eth1,0.00,0.00,0.00,0,0,0.00,0.00,0.00,0,0,0.00,0.00,0,0
1508035391,lo,0.00,0.00,0.00,0,0,0.00,0.00,0.00,0,0,0.00,0.00,0,0
1508035391,s4,0.00,0.00,0.00,0,0,0.00,0.00,0.00,0,0,0.00,0.00,0,0
1508035391,total,259822.19,268481.53,528303.69,268750,260082,294.71,298.70,593.41,299,295,0.00,0.00,0,0
1508035392,s5,0.00,0.00,0.00,0,0,0.00,0.00,0.00,0,0,0.00,0.00,0,0
1508035392,s1,0.00,0.00,0.00,0,0,0.00,0.00,0.00,0,0,0.00,0.00,0,0
1508035392,eth0,0.00,0.00,0.00,0,0,0.00,0.00,0.00,0,0,0.00,0.00,0,0
1508035392,eth1,0.00,0.00,0.00,0,0,0.00,0.00,0.00,0,0,0.00,0.00,0,0
1508035392,s2,0.00,0.00,0.00,0,0,0.00,0.00,0.00,0,0,0.00,0.00,0,0
1508035392,s1-eth2,10544.00,260408.00,270952.00,260408,10544,136.00,172.00,308.00,172,136,0.00,0.00,0,0
1508035392,s1-eth1,249810.00,10544.00,260354.00,10544,249810,165.00,136.00,301.00,136,165,0.00,0.00,0,0
1508035392,s2-eth2,0.00,0.00,0.00,0,0,0.00,0.00,0.00,0,0,0.00,0.00,0,0
1508035392,s2-eth1,0.00,0.00,0.00,0,0,0.00,0.00,0.00,0,0,0.00,0.00,0,0
1508035392,lo,0.00,0.00,0.00,0,0,0.00,0.00,0.00,0,0,0.00,0.00,0,0
1508035392,s4,0.00,0.00,0.00,0,0,0.00,0.00,0.00,0,0,0.00,0.00,0,0
1508035392,total,260354.00,270952.00,531306.00,270952,260354,301.00,308.00,609.00,308,301,0.00,0.00,0,0
1508035393,s5,0.00,0.00,0.00,0,0,0.00,0.00,0.00,0,0,0.00,0.00,0,0
1508035393,s1,0.00,0.00,0.00,0,0,0.00,0.00,0.00,0,0,0.00,0.00,0,0
1508035393,eth0,0.00,0.00,0.00,0,0,0.00,0.00,0.00,0,0,0.00,0.00,0,0
1508035393,eth1,0.00,0.00,0.00,0,0,0.00,0.00,0.00,0,0,0.00,0.00,0,0
1508035393,s2,0.00,0.00,0.00,0,0,0.00,0.00,0.00,0,0,0.00,0.00,0,0
1508035393,s1-eth2,9388.00,263436.00,272824.00,263436,9388,122.00,174.00,296.00,174,122,0.00,0.00,0,0
1508035393,s1-eth1,249810.00,9388.00,259198.00,9388,249810,165.00,122.00,287.00,122,165,0.00,0.00,0,0
1508035393,s2-eth2,0.00,0.00,0.00,0,0,0.00,0.00,0.00,0,0,0.00,0.00,0,0
1508035393,s2-eth1,0.00,0.00,0.00,0,0,0.00,0.00,0.00,0,0,0.00,0.00,0,0
1508035393,lo,344.00,344.00,688.00,344,344,6.00,6.00,12.00,6,6,0.00,0.00,0,0
1508035393,s4,0.00,0.00,0.00,0,0,0.00,0.00,0.00,0,0,0.00,0.00,0,0
1508035393,total,259542.00,273168.00,532710.00,273168,259542,293.00,302.00,595.00,302,293,0.00,0.00,0,0
1508035394,s5,0.00,0.00,0.00,0,0,0.00,0.00,0.00,0,0,0.00,0.00,0,0
1508035394,s1,0.00,0.00,0.00,0,0,0.00,0.00,0.00,0,0,0.00,0.00,0,0
1508035394,eth0,0.00,0.00,0.00,0,0,0.00,0.00,0.00,0,0,0.00,0.00,0,0
1508035394,eth1,0.00,0.00,0.00,0,0,0.00,0.00,0.00,0,0,0.00,0.00,0,0
1508035394,s2,0.00,0.00,0.00,0,0,0.00,0.00,0.00,0,0,0.00,0.00,0,0
1508035394,s1-eth2,10002.00,255866.00,265868.00,255866,10002,129.00,169.00,298.00,169,129,0.00,0.00,0,0
1508035394,s1-eth1,251324.00,10076.00,261400.00,10076,251324,166.00,130.00,296.00,130,166,0.00,0.00,0,0
1508035394,s2-eth2,0.00,0.00,0.00,0,0,0.00,0.00,0.00,0,0,0.00,0.00,0,0
1508035394,s2-eth1,0.00,0.00,0.00,0,0,0.00,0.00,0.00,0,0,0.00,0.00,0,0
1508035394,lo,344.00,344.00,688.00,344,344,6.00,6.00,12.00,6,6,0.00,0.00,0,0
1508035394,s4,0.00,0.00,0.00,0,0,0.00,0.00,0.00,0,0,0.00,0.00,0,0
1508035394,total,261670.00,266286.00,527956.00,266286,261670,301.00,305.00,606.00,305,301,0.00,0.00,0,0
1508035395,s5,0.00,0.00,0.00,0,0,0.00,0.00,0.00,0,0,0.00,0.00,0,0
1508035395,s1,0.00,0.00,0.00,0,0,0.00,0.00,0.00,0,0,0.00,0.00,0,0
1508035395,eth0,0.00,0.00,0.00,0,0,0.00,0.00,0.00,0,0,0.00,0.00,0,0
1508035395,eth1,0.00,0.00,0.00,0,0,0.00,0.00,0.00,0,0,0.00,0.00,0,0
1508035395,s2,0.00,0.00,0.00,0,0,0.00,0.00,0.00,0,0,0.00,0.00,0,0
1508035395,s1-eth2,8114.00,258894.00,267008.00,258894,8114,107.00,171.00,278.00,171,107,0.00,0.00,0,0
1508035395,s1-eth1,249810.00,8040.00,257850.00,8040,249810,165.00,106.00,271.00,106,165,0.00,0.00,0,0
1508035395,s2-eth2,0.00,0.00,0.00,0,0,0.00,0.00,0.00,0,0,0.00,0.00,0,0
1508035395,s2-eth1,0.00,0.00,0.00,0,0,0.00,0.00,0.00,0,0,0.00,0.00,0,0
1508035395,lo,0.00,0.00,0.00,0,0,0.00,0.00,0.00,0,0,0.00,0.00,0,0
1508035395,s4,0.00,0.00,0.00,0,0,0.00,0.00,0.00,0,0,0.00,0.00,0,0
1508035395,total,257924.00,266934.00,524858.00,266934,257924,272.00,277.00,549.00,277,272,0.00,0.00,0,0
1508035396,s5,0.00,0.00,0.00,0,0,0.00,0.00,0.00,0,0,0.00,0.00,0,0
1508035396,s1,0.00,0.00,0.00,0,0,0.00,0.00,0.00,0,0,0.00,0.00,0,0
1508035396,eth0,0.00,0.00,0.00,0,0,0.00,0.00,0.00,0,0,0.00,0.00,0,0
1508035396,eth1,0.00,0.00,0.00,0,0,0.00,0.00,0.00,0,0,0.00,0.00,0,0
1508035396,s2,0.00,0.00,0.00,0,0,0.00,0.00,0.00,0,0,0.00,0.00,0,0
1508035396,s1-eth2,9082.00,252838.00,261920.00,252838,9082,117.00,167.00,284.00,167,117,0.00,0.00,0,0
1508035396,s1-eth1,249810.00,9082.00,258892.00,9082,249810,165.00,117.00,282.00,117,165,0.00,0.00,0,0
1508035396,s2-eth2,0.00,0.00,0.00,0,0,0.00,0.00,0.00,0,0,0.00,0.00,0,0
1508035396,s2-eth1,0.00,0.00,0.00,0,0,0.00,0.00,0.00,0,0,0.00,0.00,0,0
1508035396,lo,0.00,0.00,0.00,0,0,0.00,0.00,0.00,0,0,0.00,0.00,0,0
1508035396,s4,0.00,0.00,0.00,0,0,0.00,0.00,0.00,0,0,0.00,0.00,0,0
1508035396,total,258892.00,261920.00,520812.00,261920,258892,282.00,284.00,566.00,284,282,0.00,0.00,0,0
1508035397,s5,0.00,0.00,0.00,0,0,0.00,0.00,0.00,0,0,0.00,0.00,0,0
1508035397,s1,0.00,0.00,0.00,0,0,0.00,0.00,0.00,0,0,0.00,0.00,0,0
1508035397,eth0,0.00,0.00,0.00,0,0,0.00,0.00,0.00,0,0,0.00,0.00,0,0
1508035397,eth1,0.00,0.00,0.00,0,0,0.00,0.00,0.00,0,0,0.00,0.00,0,0
1508035397,s2,0.00,0.00,0.00,0,0,0.00,0.00,0.00,0,0,0.00,0.00,0,0
1508035397,s1-eth2,10227.77,257122.89,267350.66,257380,10238,132.87,169.83,302.70,170,133,0.00,0.00,0,0
1508035397,s1-eth1,251072.94,10301.70,261374.62,10312,251324,165.83,133.87,299.70,134,166,0.00,0.00,0,0
1508035397,s2-eth2,0.00,0.00,0.00,0,0,0.00,0.00,0.00,0,0,0.00,0.00,0,0
1508035397,s2-eth1,0.00,0.00,0.00,0,0,0.00,0.00,0.00,0,0,0.00,0.00,0,0
1508035397,lo,0.00,0.00,0.00,0,0,0.00,0.00,0.00,0,0,0.00,0.00,0,0
1508035397,s4,0.00,0.00,0.00,0,0,0.00,0.00,0.00,0,0,0.00,0.00,0,0
1508035397,total,261300.70,267424.59,528725.31,267692,261562,298.70,303.70,602.40,304,299,0.00,0.00,0,0
1508035398,s5,0.00,0.00,0.00,0,0,0.00,0.00,0.00,0,0,0.00,0.00,0,0
1508035398,s1,0.00,0.00,0.00,0,0,0.00,0.00,0.00,0,0,0.00,0.00,0,0
1508035398,eth0,0.00,0.00,0.00,0,0,0.00,0.00,0.00,0,0,0.00,0.00,0,0
1508035398,eth1,0.00,0.00,0.00,0,0,0.00,0.00,0.00,0,0,0.00,0.00,0,0
1508035398,s2,0.00,0.00,0.00,0,0,0.00,0.00,0.00,0,0,0.00,0.00,0,0
1508035398,s1-eth2,8650.00,260408.00,269058.00,260408,8650,113.00,172.00,285.00,172,113,0.00,0.00,0,0
1508035398,s1-eth1,249810.00,8650.00,258460.00,8650,249810,165.00,113.00,278.00,113,165,0.00,0.00,0,0
1508035398,s2-eth2,0.00,0.00,0.00,0,0,0.00,0.00,0.00,0,0,0.00,0.00,0,0
1508035398,s2-eth1,0.00,0.00,0.00,0,0,0.00,0.00,0.00,0,0,0.00,0.00,0,0
1508035398,lo,344.00,344.00,688.00,344,344,6.00,6.00,12.00,6,6,0.00,0.00,0,0
1508035398,s4,0.00,0.00,0.00,0,0,0.00,0.00,0.00,0,0,0.00,0.00,0,0
1508035398,total,258804.00,269402.00,528206.00,269402,258804,284.00,291.00,575.00,291,284,0.00,0.00,0,0
1508035399,s5,0.00,0.00,0.00,0,0,0.00,0.00,0.00,0,0,0.00,0.00,0,0
1508035399,s1,0.00,0.00,0.00,0,0,0.00,0.00,0.00,0,0,0.00,0.00,0,0
1508035399,eth0,0.00,0.00,0.00,0,0,0.00,0.00,0.00,0,0,0.00,0.00,0,0
1508035399,eth1,0.00,0.00,0.00,0,0,0.00,0.00,0.00,0,0,0.00,0.00,0,0
1508035399,s2,0.00,0.00,0.00,0,0,0.00,0.00,0.00,0,0,0.00,0.00,0,0
1508035399,s1-eth2,7962.00,254352.00,262314.00,254352,7962,105.00,168.00,273.00,168,105,0.00,0.00,0,0
1508035399,s1-eth1,249810.00,7888.00,257698.00,7888,249810,165.00,104.00,269.00,104,165,0.00,0.00,0,0
1508035399,s2-eth2,0.00,0.00,0.00,0,0,0.00,0.00,0.00,0,0,0.00,0.00,0,0
1508035399,s2-eth1,0.00,0.00,0.00,0,0,0.00,0.00,0.00,0,0,0.00,0.00,0,0
1508035399,lo,344.00,344.00,688.00,344,344,6.00,6.00,12.00,6,6,0.00,0.00,0,0
1508035399,s4,0.00,0.00,0.00,0,0,0.00,0.00,0.00,0,0,0.00,0.00,0,0
1508035399,total,258116.00,262584.00,520700.00,262584,258116,276.00,278.00,554.00,278,276,0.00,0.00,0,0
1508035400,s5,0.00,0.00,0.00,0,0,0.00,0.00,0.00,0,0,0.00,0.00,0,0
1508035400,s1,0.00,0.00,0.00,0,0,0.00,0.00,0.00,0,0,0.00,0.00,0,0
1508035400,eth0,0.00,0.00,0.00,0,0,0.00,0.00,0.00,0,0,0.00,0.00,0,0
1508035400,eth1,0.00,0.00,0.00,0,0,0.00,0.00,0.00,0,0,0.00,0.00,0,0
1508035400,s2,0.00,0.00,0.00,0,0,0.00,0.00,0.00,0,0,0.00,0.00,0,0
1508035400,s1-eth2,10335.67,255610.39,265946.06,255866,10346,132.87,168.83,301.70,169,133,0.00,0.00,0,0
1508035400,s1-eth1,248047.95,10335.67,258383.62,10346,248296,163.84,132.87,296.70,133,164,0.00,0.00,0,0
1508035400,s2-eth2,0.00,0.00,0.00,0,0,0.00,0.00,0.00,0,0,0.00,0.00,0,0
1508035400,s2-eth1,0.00,0.00,0.00,0,0,0.00,0.00,0.00,0,0,0.00,0.00,0,0
1508035400,lo,0.00,0.00,0.00,0,0,0.00,0.00,0.00,0,0,0.00,0.00,0,0
1508035400,s4,0.00,0.00,0.00,0,0,0.00,0.00,0.00,0,0,0.00,0.00,0,0
1508035400,total,258383.62,265946.06,524329.69,266212,258642,296.70,301.70,598.40,302,297,0.00,0.00,0,0
1508035401,s5,0.00,0.00,0.00,0,0,0.00,0.00,0.00,0,0,0.00,0.00,0,0
1508035401,s1,0.00,0.00,0.00,0,0,0.00,0.00,0.00,0,0,0.00,0.00,0,0
1508035401,eth0,0.00,0.00,0.00,0,0,0.00,0.00,0.00,0,0,0.00,0.00,0,0
1508035401,eth1,0.00,0.00,0.00,0,0,0.00,0.00,0.00,0,0,0.00,0.00,0,0
1508035401,s2,0.00,0.00,0.00,0,0,0.00,0.00,0.00,0,0,0.00,0.00,0,0
1508035401,s1-eth2,8662.00,260408.00,269070.00,260408,8662,113.00,172.00,285.00,172,113,0.00,0.00,0,0
1508035401,s1-eth1,249810.00,8662.00,258472.00,8662,249810,165.00,113.00,278.00,113,165,0.00,0.00,0,0
1508035401,s2-eth2,0.00,0.00,0.00,0,0,0.00,0.00,0.00,0,0,0.00,0.00,0,0
1508035401,s2-eth1,0.00,0.00,0.00,0,0,0.00,0.00,0.00,0,0,0.00,0.00,0,0
1508035401,lo,0.00,0.00,0.00,0,0,0.00,0.00,0.00,0,0,0.00,0.00,0,0
1508035401,s4,0.00,0.00,0.00,0,0,0.00,0.00,0.00,0,0,0.00,0.00,0,0
1508035401,total,258472.00,269070.00,527542.00,269070,258472,278.00,285.00,563.00,285,278,0.00,0.00,0,0
1508035402,s5,0.00,0.00,0.00,0,0,0.00,0.00,0.00,0,0,0.00,0.00,0,0
1508035402,s1,0.00,0.00,0.00,0,0,0.00,0.00,0.00,0,0,0.00,0.00,0,0
1508035402,eth0,0.00,0.00,0.00,0,0,0.00,0.00,0.00,0,0,0.00,0.00,0,0
1508035402,eth1,0.00,0.00,0.00,0,0,0.00,0.00,0.00,0,0,0.00,0.00,0,0
1508035402,s2,0.00,0.00,0.00,0,0,0.00,0.00,0.00,0,0,0.00,0.00,0,0
1508035402,s1-eth2,9098.00,261922.00,271020.00,261922,9098,117.00,173.00,290.00,173,117,0.00,0.00,0,0
1508035402,s1-eth1,249810.00,9098.00,258908.00,9098,249810,165.00,117.00,282.00,117,165,0.00,0.00,0,0
1508035402,s2-eth2,0.00,0.00,0.00,0,0,0.00,0.00,0.00,0,0,0.00,0.00,0,0
1508035402,s2-eth1,0.00,0.00,0.00,0,0,0.00,0.00,0.00,0,0,0.00,0.00,0,0
1508035402,lo,0.00,0.00,0.00,0,0,0.00,0.00,0.00,0,0,0.00,0.00,0,0
1508035402,s4,0.00,0.00,0.00,0,0,0.00,0.00,0.00,0,0,0.00,0.00,0,0
1508035402,total,258908.00,271020.00,529928.00,271020,258908,282.00,290.00,572.00,290,282,0.00,0.00,0,0
1508035403,s5,0.00,0.00,0.00,0,0,0.00,0.00,0.00,0,0,0.00,0.00,0,0
1508035403,s1,0.00,0.00,0.00,0,0,0.00,0.00,0.00,0,0,0.00,0.00,0,0
1508035403,eth0,0.00,0.00,0.00,0,0,0.00,0.00,0.00,0,0,0.00,0.00,0,0
1508035403,eth1,0.00,0.00,0.00,0,0,0.00,0.00,0.00,0,0,0.00,0.00,0,0
1508035403,s2,0.00,0.00,0.00,0,0,0.00,0.00,0.00,0,0,0.00,0.00,0,0
1508035403,s1-eth2,9306.00,260408.00,269714.00,260408,9306,121.00,172.00,293.00,172,121,0.00,0.00,0,0
1508035403,s1-eth1,251324.00,9306.00,260630.00,9306,251324,166.00,121.00,287.00,121,166,0.00,0.00,0,0
1508035403,s2-eth2,0.00,0.00,0.00,0,0,0.00,0.00,0.00,0,0,0.00,0.00,0,0
1508035403,s2-eth1,0.00,0.00,0.00,0,0,0.00,0.00,0.00,0,0,0.00,0.00,0,0
1508035403,lo,344.00,344.00,688.00,344,344,6.00,6.00,12.00,6,6,0.00,0.00,0,0
1508035403,s4,0.00,0.00,0.00,0,0,0.00,0.00,0.00,0,0,0.00,0.00,0,0
1508035403,total,260974.00,270058.00,531032.00,270058,260974,293.00,299.00,592.00,299,293,0.00,0.00,0,0
1508035404,s5,0.00,0.00,0.00,0,0,0.00,0.00,0.00,0,0,0.00,0.00,0,0
1508035404,s1,0.00,0.00,0.00,0,0,0.00,0.00,0.00,0,0,0.00,0.00,0,0
1508035404,eth0,0.00,0.00,0.00,0,0,0.00,0.00,0.00,0,0,0.00,0.00,0,0
1508035404,eth1,0.00,0.00,0.00,0,0,0.00,0.00,0.00,0,0,0.00,0.00,0,0
1508035404,s2,0.00,0.00,0.00,0,0,0.00,0.00,0.00,0,0,0.00,0.00,0,0
1508035404,s1-eth2,9194.81,258635.38,267830.19,258894,9204,119.88,170.83,290.71,171,120,0.00,0.00,0,0
1508035404,s1-eth1,249902.11,9194.81,259096.91,9204,250152,165.83,119.88,285.71,120,166,0.00,0.00,0,0
1508035404,s2-eth2,0.00,0.00,0.00,0,0,0.00,0.00,0.00,0,0,0.00,0.00,0,0
1508035404,s2-eth1,0.00,0.00,0.00,0,0,0.00,0.00,0.00,0,0,0.00,0.00,0,0
1508035404,lo,343.66,343.66,687.31,344,344,5.99,5.99,11.99,6,6,0.00,0.00,0,0
1508035404,s4,0.00,0.00,0.00,0,0,0.00,0.00,0.00,0,0,0.00,0.00,0,0
1508035404,total,259440.56,268173.84,527614.38,268442,259700,291.71,296.70,588.41,297,292,0.00,0.00,0,0
1508035405,s5,0.00,0.00,0.00,0,0,0.00,0.00,0.00,0,0,0.00,0.00,0,0
1508035405,s1,0.00,0.00,0.00,0,0,0.00,0.00,0.00,0,0,0.00,0.00,0,0
1508035405,eth0,0.00,0.00,0.00,0,0,0.00,0.00,0.00,0,0,0.00,0.00,0,0
1508035405,eth1,0.00,0.00,0.00,0,0,0.00,0.00,0.00,0,0,0.00,0.00,0,0
1508035405,s2,0.00,0.00,0.00,0,0,0.00,0.00,0.00,0,0,0.00,0.00,0,0
1508035405,s1-eth2,8958.00,255866.00,264824.00,255866,8958,117.00,169.00,286.00,169,117,0.00,0.00,0,0
1508035405,s1-eth1,249810.00,8958.00,258768.00,8958,249810,165.00,117.00,282.00,117,165,0.00,0.00,0,0
1508035405,s2-eth2,0.00,0.00,0.00,0,0,0.00,0.00,0.00,0,0,0.00,0.00,0,0
1508035405,s2-eth1,0.00,0.00,0.00,0,0,0.00,0.00,0.00,0,0,0.00,0.00,0,0
1508035405,lo,0.00,0.00,0.00,0,0,0.00,0.00,0.00,0,0,0.00,0.00,0,0
1508035405,s4,0.00,0.00,0.00,0,0,0.00,0.00,0.00,0,0,0.00,0.00,0,0
1508035405,total,258768.00,264824.00,523592.00,264824,258768,282.00,286.00,568.00,286,282,0.00,0.00,0,0
1508035406,s5,0.00,0.00,0.00,0,0,0.00,0.00,0.00,0,0,0.00,0.00,0,0
1508035406,s1,0.00,0.00,0.00,0,0,0.00,0.00,0.00,0,0,0.00,0.00,0,0
1508035406,eth0,0.00,0.00,0.00,0,0,0.00,0.00,0.00,0,0,0.00,0.00,0,0
1508035406,eth1,0.00,0.00,0.00,0,0,0.00,0.00,0.00,0,0,0.00,0.00,0,0
1508035406,s2,0.00,0.00,0.00,0,0,0.00,0.00,0.00,0,0,0.00,0.00,0,0
1508035406,s1-eth2,8559.00,252838.00,261397.00,252838,8559,111.00,167.00,278.00,167,111,0.00,0.00,0,0
1508035406,s1-eth1,249917.00,8452.00,258369.00,8452,249917,166.00,110.00,276.00,110,166,0.00,0.00,0,0
1508035406,s2-eth2,107.00,0.00,107.00,0,107,1.00,0.00,1.00,0,1,0.00,0.00,0,0
1508035406,s2-eth1,107.00,0.00,107.00,0,107,1.00,0.00,1.00,0,1,0.00,0.00,0,0
1508035406,lo,0.00,0.00,0.00,0,0,0.00,0.00,0.00,0,0,0.00,0.00,0,0
1508035406,s4,0.00,0.00,0.00,0,0,0.00,0.00,0.00,0,0,0.00,0.00,0,0
1508035406,total,258690.00,261290.00,519980.00,261290,258690,279.00,277.00,556.00,277,279,0.00,0.00,0,0
1508035407,s5,0.00,0.00,0.00,0,0,0.00,0.00,0.00,0,0,0.00,0.00,0,0
1508035407,s1,0.00,0.00,0.00,0,0,0.00,0.00,0.00,0,0,0.00,0.00,0,0
1508035407,eth0,0.00,0.00,0.00,0,0,0.00,0.00,0.00,0,0,0.00,0.00,0,0
1508035407,eth1,0.00,0.00,0.00,0,0,0.00,0.00,0.00,0,0,0.00,0.00,0,0
1508035407,s2,0.00,0.00,0.00,0,0,0.00,0.00,0.00,0,0,0.00,0.00,0,0
1508035407,s1-eth2,8139.72,250822.36,258962.08,251324,8156,105.79,165.67,271.46,166,106,0.00,0.00,0,0
1508035407,s1-eth1,250822.36,8213.57,259035.94,8230,251324,165.67,106.79,272.46,107,166,0.00,0.00,0,0
1508035407,s2-eth2,341.32,0.00,341.32,0,342,1.00,0.00,1.00,0,1,0.00,0.00,0,0
1508035407,s2-eth1,341.32,0.00,341.32,0,342,1.00,0.00,1.00,0,1,0.00,0.00,0,0
1508035407,lo,0.00,0.00,0.00,0,0,0.00,0.00,0.00,0,0,0.00,0.00,0,0
1508035407,s4,0.00,0.00,0.00,0,0,0.00,0.00,0.00,0,0,0.00,0.00,0,0
1508035407,total,259644.72,259035.94,518680.66,259554,260164,273.45,272.46,545.91,273,274,0.00,0.00,0,0
1508035408,s5,0.00,0.00,0.00,0,0,0.00,0.00,0.00,0,0,0.00,0.00,0,0
1508035408,s1,0.00,0.00,0.00,0,0,0.00,0.00,0.00,0,0,0.00,0.00,0,0
1508035408,eth0,0.00,0.00,0.00,0,0,0.00,0.00,0.00,0,0,0.00,0.00,0,0
1508035408,eth1,0.00,0.00,0.00,0,0,0.00,0.00,0.00,0,0,0.00,0.00,0,0
1508035408,s2,0.00,0.00,0.00,0,0,0.00,0.00,0.00,0,0,0.00,0.00,0,0
1508035408,s1-eth2,8940.00,261922.00,270862.00,261922,8940,116.00,173.00,289.00,173,116,0.00,0.00,0,0
1508035408,s1-eth1,249810.00,8866.00,258676.00,8866,249810,165.00,115.00,280.00,115,165,0.00,0.00,0,0
1508035408,s2-eth2,0.00,0.00,0.00,0,0,0.00,0.00,0.00,0,0,0.00,0.00,0,0
1508035408,s2-eth1,0.00,0.00,0.00,0,0,0.00,0.00,0.00,0,0,0.00,0.00,0,0
1508035408,lo,344.00,344.00,688.00,344,344,6.00,6.00,12.00,6,6,0.00,0.00,0,0
1508035408,s4,0.00,0.00,0.00,0,0,0.00,0.00,0.00,0,0,0.00,0.00,0,0
1508035408,total,259094.00,271132.00,530226.00,271132,259094,287.00,294.00,581.00,294,287,0.00,0.00,0,0
1508035409,s5,0.00,0.00,0.00,0,0,0.00,0.00,0.00,0,0,0.00,0.00,0,0
1508035409,s1,0.00,0.00,0.00,0,0,0.00,0.00,0.00,0,0,0.00,0.00,0,0
1508035409,eth0,0.00,0.00,0.00,0,0,0.00,0.00,0.00,0,0,0.00,0.00,0,0
1508035409,eth1,0.00,0.00,0.00,0,0,0.00,0.00,0.00,0,0,0.00,0.00,0,0
1508035409,s2,0.00,0.00,0.00,0,0,0.00,0.00,0.00,0,0,0.00,0.00,0,0
1508035409,s1-eth2,9174.00,260450.00,269624.00,260450,9174,119.00,173.00,292.00,173,119,0.00,0.00,0,0
1508035409,s1-eth1,249852.00,9174.00,259026.00,9174,249852,166.00,119.00,285.00,119,166,0.00,0.00,0,0
1508035409,s2-eth2,0.00,0.00,0.00,0,0,0.00,0.00,0.00,0,0,0.00,0.00,0,0
1508035409,s2-eth1,0.00,0.00,0.00,0,0,0.00,0.00,0.00,0,0,0.00,0.00,0,0
1508035409,lo,640.00,640.00,1280.00,640,640,9.00,9.00,18.00,9,9,0.00,0.00,0,0
1508035409,s4,0.00,0.00,0.00,0,0,0.00,0.00,0.00,0,0,0.00,0.00,0,0
1508035409,total,259666.00,270264.00,529930.00,270264,259666,294.00,301.00,595.00,301,294,0.00,0.00,0,0
1508035410,s5,0.00,0.00,0.00,0,0,0.00,0.00,0.00,0,0,0.00,0.00,0,0
1508035410,s1,0.00,0.00,0.00,0,0,0.00,0.00,0.00,0,0,0.00,0.00,0,0
1508035410,eth0,0.00,0.00,0.00,0,0,0.00,0.00,0.00,0,0,0.00,0.00,0,0
1508035410,eth1,0.00,0.00,0.00,0,0,0.00,0.00,0.00,0,0,0.00,0.00,0,0
1508035410,s2,0.00,0.00,0.00,0,0,0.00,0.00,0.00,0,0,0.00,0.00,0,0
1508035410,s1-eth2,10708.00,257380.00,268088.00,257380,10708,134.00,170.00,304.00,170,134,0.00,0.00,0,0
1508035410,s1-eth1,248296.00,10366.00,258662.00,10366,248296,164.00,133.00,297.00,133,164,0.00,0.00,0,0
1508035410,s2-eth2,0.00,0.00,0.00,0,0,0.00,0.00,0.00,0,0,0.00,0.00,0,0
1508035410,s2-eth1,0.00,0.00,0.00,0,0,0.00,0.00,0.00,0,0,0.00,0.00,0,0
1508035410,lo,0.00,0.00,0.00,0,0,0.00,0.00,0.00,0,0,0.00,0.00,0,0
1508035410,s4,0.00,0.00,0.00,0,0,0.00,0.00,0.00,0,0,0.00,0.00,0,0
1508035410,total,259004.00,267746.00,526750.00,267746,259004,298.00,303.00,601.00,303,298,0.00,0.00,0,0
1508035411,s5,0.00,0.00,0.00,0,0,0.00,0.00,0.00,0,0,0.00,0.00,0,0
1508035411,s1,0.00,0.00,0.00,0,0,0.00,0.00,0.00,0,0,0.00,0.00,0,0
1508035411,eth0,0.00,0.00,0.00,0,0,0.00,0.00,0.00,0,0,0.00,0.00,0,0
1508035411,eth1,0.00,0.00,0.00,0,0,0.00,0.00,0.00,0,0,0.00,0.00,0,0
1508035411,s2,0.00,0.00,0.00,0,0,0.00,0.00,0.00,0,0,0.00,0.00,0,0
1508035411,s1-eth2,8862.00,258894.00,267756.00,258894,8862,115.00,171.00,286.00,171,115,0.00,0.00,0,0
1508035411,s1-eth1,249810.00,8862.00,258672.00,8862,249810,165.00,115.00,280.00,115,165,0.00,0.00,0,0
1508035411,s2-eth2,0.00,0.00,0.00,0,0,0.00,0.00,0.00,0,0,0.00,0.00,0,0
1508035411,s2-eth1,0.00,0.00,0.00,0,0,0.00,0.00,0.00,0,0,0.00,0.00,0,0
1508035411,lo,0.00,0.00,0.00,0,0,0.00,0.00,0.00,0,0,0.00,0.00,0,0
1508035411,s4,0.00,0.00,0.00,0,0,0.00,0.00,0.00,0,0,0.00,0.00,0,0
1508035411,total,258672.00,267756.00,526428.00,267756,258672,280.00,286.00,566.00,286,280,0.00,0.00,0,0
1508035413,s5,0.00,0.00,0.00,0,0,0.00,0.00,0.00,0,0,0.00,0.00,0,0
1508035413,s1,0.00,0.00,0.00,0,0,0.00,0.00,0.00,0,0,0.00,0.00,0,0
1508035413,eth0,0.00,0.00,0.00,0,0,0.00,0.00,0.00,0,0,0.00,0.00,0,0
1508035413,eth1,0.00,0.00,0.00,0,0,0.00,0.00,0.00,0,0,0.00,0.00,0,0
1508035413,s2,0.00,0.00,0.00,0,0,0.00,0.00,0.00,0,0,0.00,0.00,0,0
1508035413,s1-eth2,8502.00,254352.00,262854.00,254352,8502,111.00,168.00,279.00,168,111,0.00,0.00,0,0
1508035413,s1-eth1,249810.00,8502.00,258312.00,8502,249810,165.00,111.00,276.00,111,165,0.00,0.00,0,0
1508035413,s2-eth2,0.00,0.00,0.00,0,0,0.00,0.00,0.00,0,0,0.00,0.00,0,0
1508035413,s2-eth1,0.00,0.00,0.00,0,0,0.00,0.00,0.00,0,0,0.00,0.00,0,0
1508035413,lo,0.00,0.00,0.00,0,0,0.00,0.00,0.00,0,0,0.00,0.00,0,0
1508035413,s4,0.00,0.00,0.00,0,0,0.00,0.00,0.00,0,0,0.00,0.00,0,0
1508035413,total,258312.00,262854.00,521166.00,262854,258312,276.00,279.00,555.00,279,276,0.00,0.00,0,0
1508035414,s5,0.00,0.00,0.00,0,0,0.00,0.00,0.00,0,0,0.00,0.00,0,0
1508035414,s1,0.00,0.00,0.00,0,0,0.00,0.00,0.00,0,0,0.00,0.00,0,0
1508035414,eth0,0.00,0.00,0.00,0,0,0.00,0.00,0.00,0,0,0.00,0.00,0,0
1508035414,eth1,0.00,0.00,0.00,0,0,0.00,0.00,0.00,0,0,0.00,0.00,0,0
1508035414,s2,0.00,0.00,0.00,0,0,0.00,0.00,0.00,0,0,0.00,0.00,0,0
1508035414,s1-eth2,8304.00,255866.00,264170.00,255866,8304,108.00,169.00,277.00,169,108,0.00,0.00,0,0
1508035414,s1-eth1,251324.00,8304.00,259628.00,8304,251324,166.00,108.00,274.00,108,166,0.00,0.00,0,0
1508035414,s2-eth2,0.00,0.00,0.00,0,0,0.00,0.00,0.00,0,0,0.00,0.00,0,0
1508035414,s2-eth1,0.00,0.00,0.00,0,0,0.00,0.00,0.00,0,0,0.00,0.00,0,0
1508035414,lo,172.00,172.00,344.00,172,172,3.00,3.00,6.00,3,3,0.00,0.00,0,0
1508035414,s4,0.00,0.00,0.00,0,0,0.00,0.00,0.00,0,0,0.00,0.00,0,0
1508035414,total,259800.00,264342.00,524142.00,264342,259800,277.00,280.00,557.00,280,277,0.00,0.00,0,0
1508035415,s5,0.00,0.00,0.00,0,0,0.00,0.00,0.00,0,0,0.00,0.00,0,0
1508035415,s1,0.00,0.00,0.00,0,0,0.00,0.00,0.00,0,0,0.00,0.00,0,0
1508035415,eth0,0.00,0.00,0.00,0,0,0.00,0.00,0.00,0,0,0.00,0.00,0,0
1508035415,eth1,0.00,0.00,0.00,0,0,0.00,0.00,0.00,0,0,0.00,0.00,0,0
1508035415,s2,0.00,0.00,0.00,0,0,0.00,0.00,0.00,0,0,0.00,0.00,0,0
1508035415,s1-eth2,8304.00,257380.00,265684.00,257380,8304,108.00,170.00,278.00,170,108,0.00,0.00,0,0
1508035415,s1-eth1,249810.00,8304.00,258114.00,8304,249810,165.00,108.00,273.00,108,165,0.00,0.00,0,0
1508035415,s2-eth2,0.00,0.00,0.00,0,0,0.00,0.00,0.00,0,0,0.00,0.00,0,0
1508035415,s2-eth1,0.00,0.00,0.00,0,0,0.00,0.00,0.00,0,0,0.00,0.00,0,0
1508035415,lo,516.00,516.00,1032.00,516,516,9.00,9.00,18.00,9,9,0.00,0.00,0,0
1508035415,s4,0.00,0.00,0.00,0,0,0.00,0.00,0.00,0,0,0.00,0.00,0,0
1508035415,total,258630.00,266200.00,524830.00,266200,258630,282.00,287.00,569.00,287,282,0.00,0.00,0,0
1508035416,s5,0.00,0.00,0.00,0,0,0.00,0.00,0.00,0,0,0.00,0.00,0,0
1508035416,s1,0.00,0.00,0.00,0,0,0.00,0.00,0.00,0,0,0.00,0.00,0,0
1508035416,eth0,0.00,0.00,0.00,0,0,0.00,0.00,0.00,0,0,0.00,0.00,0,0
1508035416,eth1,0.00,0.00,0.00,0,0,0.00,0.00,0.00,0,0,0.00,0.00,0,0
1508035416,s2,0.00,0.00,0.00,0,0,0.00,0.00,0.00,0,0,0.00,0.00,0,0
1508035416,s1-eth2,8808.00,201362.00,210170.00,201362,8808,112.00,133.00,245.00,133,112,0.00,0.00,0,0
1508035416,s1-eth1,193792.00,8808.00,202600.00,8808,193792,128.00,112.00,240.00,112,128,0.00,0.00,0,0
1508035416,s2-eth2,0.00,0.00,0.00,0,0,0.00,0.00,0.00,0,0,0.00,0.00,0,0
1508035416,s2-eth1,0.00,0.00,0.00,0,0,0.00,0.00,0.00,0,0,0.00,0.00,0,0
1508035416,lo,0.00,0.00,0.00,0,0,0.00,0.00,0.00,0,0,0.00,0.00,0,0
1508035416,s4,0.00,0.00,0.00,0,0,0.00,0.00,0.00,0,0,0.00,0.00,0,0
1508035416,total,202600.00,210170.00,412770.00,210170,202600,240.00,245.00,485.00,245,240,0.00,0.00,0,0
1508035417,s5,0.00,0.00,0.00,0,0,0.00,0.00,0.00,0,0,0.00,0.00,0,0
1508035417,s1,0.00,0.00,0.00,0,0,0.00,0.00,0.00,0,0,0.00,0.00,0,0
1508035417,eth0,0.00,0.00,0.00,0,0,0.00,0.00,0.00,0,0,0.00,0.00,0,0
1508035417,eth1,0.00,0.00,0.00,0,0,0.00,0.00,0.00,0,0,0.00,0.00,0,0
1508035417,s2,0.00,0.00,0.00,0,0,0.00,0.00,0.00,0,0,0.00,0.00,0,0
1508035417,s1-eth2,7056.94,257122.89,264179.81,257380,7064,93.91,169.83,263.74,170,94,0.00,0.00,0,0
1508035417,s1-eth1,249560.45,7056.94,256617.39,7064,249810,164.84,93.91,258.74,94,165,0.00,0.00,0,0
1508035417,s2-eth2,0.00,0.00,0.00,0,0,0.00,0.00,0.00,0,0,0.00,0.00,0,0
1508035417,s2-eth1,0.00,0.00,0.00,0,0,0.00,0.00,0.00,0,0,0.00,0.00,0,0
1508035417,lo,0.00,0.00,0.00,0,0,0.00,0.00,0.00,0,0,0.00,0.00,0,0
1508035417,s4,0.00,0.00,0.00,0,0,0.00,0.00,0.00,0,0,0.00,0.00,0,0
1508035417,total,256617.39,264179.81,520797.22,264444,256874,258.74,263.74,522.48,264,259,0.00,0.00,0,0
1508035418,s5,0.00,0.00,0.00,0,0,0.00,0.00,0.00,0,0,0.00,0.00,0,0
1508035418,s1,0.00,0.00,0.00,0,0,0.00,0.00,0.00,0,0,0.00,0.00,0,0
1508035418,eth0,0.00,0.00,0.00,0,0,0.00,0.00,0.00,0,0,0.00,0.00,0,0
1508035418,eth1,0.00,0.00,0.00,0,0,0.00,0.00,0.00,0,0,0.00,0.00,0,0
1508035418,s2,0.00,0.00,0.00,0,0,0.00,0.00,0.00,0,0,0.00,0.00,0,0
1508035418,s1-eth2,7462.54,252585.42,260047.95,252838,7470,96.90,166.83,263.74,167,97,0.00,0.00,0,0
1508035418,s1-eth1,249560.45,7462.54,257022.98,7470,249810,164.84,96.90,261.74,97,165,0.00,0.00,0,0
1508035418,s2-eth2,0.00,0.00,0.00,0,0,0.00,0.00,0.00,0,0,0.00,0.00,0,0
1508035418,s2-eth1,0.00,0.00,0.00,0,0,0.00,0.00,0.00,0,0,0.00,0.00,0,0
1508035418,lo,0.00,0.00,0.00,0,0,0.00,0.00,0.00,0,0,0.00,0.00,0,0
1508035418,s4,0.00,0.00,0.00,0,0,0.00,0.00,0.00,0,0,0.00,0.00,0,0
1508035418,total,257022.98,260047.95,517070.94,260308,257280,261.74,263.74,525.47,264,262,0.00,0.00,0,0
1508035419,s5,0.00,0.00,0.00,0,0,0.00,0.00,0.00,0,0,0.00,0.00,0,0
1508035419,s1,0.00,0.00,0.00,0,0,0.00,0.00,0.00,0,0,0.00,0.00,0,0
1508035419,eth0,0.00,0.00,0.00,0,0,0.00,0.00,0.00,0,0,0.00,0.00,0,0
1508035419,eth1,0.00,0.00,0.00,0,0,0.00,0.00,0.00,0,0,0.00,0.00,0,0
1508035419,s2,0.00,0.00,0.00,0,0,0.00,0.00,0.00,0,0,0.00,0.00,0,0
1508035419,s1-eth2,7382.00,252838.00,260220.00,252838,7382,97.00,167.00,264.00,167,97,0.00,0.00,0,0
1508035419,s1-eth1,250152.00,7382.00,257534.00,7382,250152,166.00,97.00,263.00,97,166,0.00,0.00,0,0
1508035419,s2-eth2,0.00,0.00,0.00,0,0,0.00,0.00,0.00,0,0,0.00,0.00,0,0
1508035419,s2-eth1,0.00,0.00,0.00,0,0,0.00,0.00,0.00,0,0,0.00,0.00,0,0
1508035419,lo,172.00,172.00,344.00,172,172,3.00,3.00,6.00,3,3,0.00,0.00,0,0
1508035419,s4,0.00,0.00,0.00,0,0,0.00,0.00,0.00,0,0,0.00,0.00,0,0
1508035419,total,257706.00,260392.00,518098.00,260392,257706,266.00,267.00,533.00,267,266,0.00,0.00,0,0
1508035420,s5,0.00,0.00,0.00,0,0,0.00,0.00,0.00,0,0,0.00,0.00,0,0
1508035420,s1,0.00,0.00,0.00,0,0,0.00,0.00,0.00,0,0,0.00,0.00,0,0
1508035420,eth0,0.00,0.00,0.00,0,0,0.00,0.00,0.00,0,0,0.00,0.00,0,0
1508035420,eth1,0.00,0.00,0.00,0,0,0.00,0.00,0.00,0,0,0.00,0.00,0,0
1508035420,s2,0.00,0.00,0.00,0,0,0.00,0.00,0.00,0,0,0.00,0.00,0,0
1508035420,s1-eth2,9706.00,254352.00,264058.00,254352,9706,125.00,168.00,293.00,168,125,0.00,0.00,0,0
1508035420,s1-eth1,251324.00,9792.00,261116.00,9792,251324,166.00,126.00,292.00,126,166,0.00,0.00,0,0
1508035420,s2-eth2,0.00,0.00,0.00,0,0,0.00,0.00,0.00,0,0,0.00,0.00,0,0
1508035420,s2-eth1,0.00,0.00,0.00,0,0,0.00,0.00,0.00,0,0,0.00,0.00,0,0
1508035420,lo,516.00,516.00,1032.00,516,516,9.00,9.00,18.00,9,9,0.00,0.00,0,0
1508035420,s4,0.00,0.00,0.00,0,0,0.00,0.00,0.00,0,0,0.00,0.00,0,0
1508035420,total,261546.00,264660.00,526206.00,264660,261546,300.00,303.00,603.00,303,300,0.00,0.00,0,0
1508035421,s5,0.00,0.00,0.00,0,0,0.00,0.00,0.00,0,0,0.00,0.00,0,0
1508035421,s1,0.00,0.00,0.00,0,0,0.00,0.00,0.00,0,0,0.00,0.00,0,0
1508035421,eth0,0.00,0.00,0.00,0,0,0.00,0.00,0.00,0,0,0.00,0.00,0,0
1508035421,eth1,0.00,0.00,0.00,0,0,0.00,0.00,0.00,0,0,0.00,0.00,0,0
1508035421,s2,0.00,0.00,0.00,0,0,0.00,0.00,0.00,0,0,0.00,0.00,0,0
1508035421,s1-eth2,9886.11,263172.84,273058.94,263436,9896,127.87,173.83,301.70,174,128,0.00,0.00,0,0
1508035421,s1-eth1,246535.47,9800.20,256335.67,9810,246782,162.84,126.87,289.71,127,163,0.00,0.00,0,0
1508035421,s2-eth2,0.00,0.00,0.00,0,0,0.00,0.00,0.00,0,0,0.00,0.00,0,0
1508035421,s2-eth1,0.00,0.00,0.00,0,0,0.00,0.00,0.00,0,0,0.00,0.00,0,0
1508035421,lo,0.00,0.00,0.00,0,0,0.00,0.00,0.00,0,0,0.00,0.00,0,0
1508035421,s4,0.00,0.00,0.00,0,0,0.00,0.00,0.00,0,0,0.00,0.00,0,0
1508035421,total,256421.58,272973.03,529394.62,273246,256678,290.71,300.70,591.41,301,291,0.00,0.00,0,0
1508035422,s5,0.00,0.00,0.00,0,0,0.00,0.00,0.00,0,0,0.00,0.00,0,0
1508035422,s1,0.00,0.00,0.00,0,0,0.00,0.00,0.00,0,0,0.00,0.00,0,0
1508035422,eth0,0.00,0.00,0.00,0,0,0.00,0.00,0.00,0,0,0.00,0.00,0,0
1508035422,eth1,0.00,0.00,0.00,0,0,0.00,0.00,0.00,0,0,0.00,0.00,0,0
1508035422,s2,0.00,0.00,0.00,0,0,0.00,0.00,0.00,0,0,0.00,0.00,0,0
1508035422,s1-eth2,10178.00,258894.00,269072.00,258894,10178,131.00,171.00,302.00,171,131,0.00,0.00,0,0
1508035422,s1-eth1,249810.00,10178.00,259988.00,10178,249810,165.00,131.00,296.00,131,165,0.00,0.00,0,0
1508035422,s2-eth2,0.00,0.00,0.00,0,0,0.00,0.00,0.00,0,0,0.00,0.00,0,0
1508035422,s2-eth1,0.00,0.00,0.00,0,0,0.00,0.00,0.00,0,0,0.00,0.00,0,0
1508035422,lo,0.00,0.00,0.00,0,0,0.00,0.00,0.00,0,0,0.00,0.00,0,0
1508035422,s4,0.00,0.00,0.00,0,0,0.00,0.00,0.00,0,0,0.00,0.00,0,0
1508035422,total,259988.00,269072.00,529060.00,269072,259988,296.00,302.00,598.00,302,296,0.00,0.00,0,0
1508035423,s5,0.00,0.00,0.00,0,0,0.00,0.00,0.00,0,0,0.00,0.00,0,0
1508035423,s1,0.00,0.00,0.00,0,0,0.00,0.00,0.00,0,0,0.00,0.00,0,0
1508035423,eth0,456.00,735.00,1191.00,735,456,6.00,6.00,12.00,6,6,0.00,0.00,0,0
1508035423,eth1,0.00,0.00,0.00,0,0,0.00,0.00,0.00,0,0,0.00,0.00,0,0
1508035423,s2,0.00,0.00,0.00,0,0,0.00,0.00,0.00,0,0,0.00,0.00,0,0
1508035423,s1-eth2,9968.00,258894.00,268862.00,258894,9968,124.00,171.00,295.00,171,124,0.00,0.00,0,0
1508035423,s1-eth1,248936.00,9328.00,258264.00,9328,248936,168.00,120.00,288.00,120,168,0.00,0.00,0,0
1508035423,s2-eth2,640.00,0.00,640.00,0,640,4.00,0.00,4.00,0,4,0.00,0.00,0,0
1508035423,s2-eth1,640.00,0.00,640.00,0,640,4.00,0.00,4.00,0,4,0.00,0.00,0,0
1508035423,lo,1023.00,1023.00,2046.00,1023,1023,12.00,12.00,24.00,12,12,0.00,0.00,0,0
1508035423,s4,0.00,0.00,0.00,0,0,0.00,0.00,0.00,0,0,0.00,0.00,0,0
1508035423,total,261663.00,269980.00,531643.00,269980,261663,318.00,309.00,627.00,309,318,0.00,0.00,0,0
1508035424,s5,0.00,0.00,0.00,0,0,0.00,0.00,0.00,0,0,0.00,0.00,0,0
1508035424,s1,0.00,0.00,0.00,0,0,0.00,0.00,0.00,0,0,0.00,0.00,0,0
1508035424,eth0,760.00,1225.00,1985.00,1225,760,10.00,10.00,20.00,10,10,0.00,0.00,0,0
1508035424,eth1,0.00,0.00,0.00,0,0,0.00,0.00,0.00,0,0,0.00,0.00,0,0
1508035424,s2,0.00,0.00,0.00,0,0,0.00,0.00,0.00,0,0,0.00,0.00,0,0
1508035424,s1-eth2,9850.00,248296.00,258146.00,248296,9850,119.00,164.00,283.00,164,119,0.00,0.00,0,0
1508035424,s1-eth1,250792.00,8416.00,259208.00,8416,250792,172.00,110.00,282.00,110,172,0.00,0.00,0,0
1508035424,s2-eth2,250.00,0.00,250.00,0,250,3.00,0.00,3.00,0,3,0.00,0.00,0,0
1508035424,s2-eth1,250.00,0.00,250.00,0,250,3.00,0.00,3.00,0,3,0.00,0.00,0,0
1508035424,lo,1877.00,1877.00,3754.00,1877,1877,23.00,23.00,46.00,23,23,0.00,0.00,0,0
1508035424,s4,0.00,0.00,0.00,0,0,0.00,0.00,0.00,0,0,0.00,0.00,0,0
1508035424,total,263779.00,259814.00,523593.00,259814,263779,330.00,307.00,637.00,307,330,0.00,0.00,0,0
1508035425,s5,0.00,0.00,0.00,0,0,0.00,0.00,0.00,0,0,0.00,0.00,0,0
1508035425,s1,0.00,0.00,0.00,0,0,0.00,0.00,0.00,0,0,0.00,0.00,0,0
1508035425,eth0,151.85,244.76,396.60,245,152,2.00,2.00,4.00,2,2,0.00,0.00,0,0
1508035425,eth1,0.00,0.00,0.00,0,0,0.00,0.00,0.00,0,0,0.00,0.00,0,0
1508035425,s2,0.00,0.00,0.00,0,0,0.00,0.00,0.00,0,0,0.00,0.00,0,0
1508035425,s1-eth2,11078.92,260147.86,271226.78,260408,11090,133.87,171.83,305.69,172,134,0.00,0.00,0,0
1508035425,s1-eth1,250605.41,10033.97,260639.38,10044,250856,168.83,129.87,298.70,130,169,0.00,0.00,0,0
1508035425,s2-eth2,1854.15,0.00,1854.15,0,1856,7.99,0.00,7.99,0,8,0.00,0.00,0,0
1508035425,s2-eth1,1509.49,0.00,1509.49,0,1511,6.99,0.00,6.99,0,7,0.00,0.00,0,0
1508035425,lo,856.14,856.14,1712.29,857,857,12.99,12.99,25.97,13,13,0.00,0.00,0,0
1508035425,s4,0.00,0.00,0.00,0,0,0.00,0.00,0.00,0,0,0.00,0.00,0,0
1508035425,total,266055.94,271282.72,537338.69,271554,266322,332.67,316.68,649.35,317,333,0.00,0.00,0,0
1508035426,s5,0.00,0.00,0.00,0,0,0.00,0.00,0.00,0,0,0.00,0.00,0,0
1508035426,s1,0.00,0.00,0.00,0,0,0.00,0.00,0.00,0,0,0.00,0.00,0,0
1508035426,eth0,0.00,0.00,0.00,0,0,0.00,0.00,0.00,0,0,0.00,0.00,0,0
1508035426,eth1,0.00,0.00,0.00,0,0,0.00,0.00,0.00,0,0,0.00,0.00,0,0
1508035426,s2,0.00,0.00,0.00,0,0,0.00,0.00,0.00,0,0,0.00,0.00,0,0
1508035426,s1-eth2,9051.00,266464.00,275515.00,266464,9051,111.00,176.00,287.00,176,111,0.00,0.00,0,0
1508035426,s1-eth1,248965.00,8382.00,257347.00,8382,248965,166.00,109.00,275.00,109,166,0.00,0.00,0,0
1508035426,s2-eth2,716.00,0.00,716.00,0,716,3.00,0.00,3.00,0,3,0.00,0.00,0,0
1508035426,s2-eth1,716.00,0.00,716.00,0,716,3.00,0.00,3.00,0,3,0.00,0.00,0,0
1508035426,lo,0.00,0.00,0.00,0,0,0.00,0.00,0.00,0,0,0.00,0.00,0,0
1508035426,s4,0.00,0.00,0.00,0,0,0.00,0.00,0.00,0,0,0.00,0.00,0,0
1508035426,total,259448.00,274846.00,534294.00,274846,259448,283.00,285.00,568.00,285,283,0.00,0.00,0,0
1508035427,s5,0.00,0.00,0.00,0,0,0.00,0.00,0.00,0,0,0.00,0.00,0,0
1508035427,s1,0.00,0.00,0.00,0,0,0.00,0.00,0.00,0,0,0.00,0.00,0,0
1508035427,eth0,0.00,0.00,0.00,0,0,0.00,0.00,0.00,0,0,0.00,0.00,0,0
1508035427,eth1,0.00,0.00,0.00,0,0,0.00,0.00,0.00,0,0,0.00,0.00,0,0
1508035427,s2,0.00,0.00,0.00,0,0,0.00,0.00,0.00,0,0,0.00,0.00,0,0
1508035427,s1-eth2,6993.00,255866.00,262859.00,255866,6993,92.00,169.00,261.00,169,92,0.00,0.00,0,0
1508035427,s1-eth1,249917.00,6972.00,256889.00,6972,249917,166.00,92.00,258.00,92,166,0.00,0.00,0,0
1508035427,s2-eth2,327.00,0.00,327.00,0,327,1.00,0.00,1.00,0,1,0.00,0.00,0,0
1508035427,s2-eth1,327.00,0.00,327.00,0,327,1.00,0.00,1.00,0,1,0.00,0.00,0,0
1508035427,lo,0.00,0.00,0.00,0,0,0.00,0.00,0.00,0,0,0.00,0.00,0,0
1508035427,s4,0.00,0.00,0.00,0,0,0.00,0.00,0.00,0,0,0.00,0.00,0,0
1508035427,total,257564.00,262838.00,520402.00,262838,257564,260.00,261.00,521.00,261,260,0.00,0.00,0,0
1508035428,s5,0.00,0.00,0.00,0,0,0.00,0.00,0.00,0,0,0.00,0.00,0,0
1508035428,s1,0.00,0.00,0.00,0,0,0.00,0.00,0.00,0,0,0.00,0.00,0,0
1508035428,eth0,60.00,60.00,120.00,60,60,1.00,1.00,2.00,1,1,0.00,0.00,0,0
1508035428,eth1,0.00,0.00,0.00,0,0,0.00,0.00,0.00,0,0,0.00,0.00,0,0
1508035428,s2,0.00,0.00,0.00,0,0,0.00,0.00,0.00,0,0,0.00,0.00,0,0
1508035428,s1-eth2,11258.00,251324.00,262582.00,251324,11258,138.00,166.00,304.00,166,138,0.00,0.00,0,0
1508035428,s1-eth1,250474.00,10508.00,260982.00,10508,250474,168.00,134.00,302.00,134,168,0.00,0.00,0,0
1508035428,s2-eth2,444.00,0.00,444.00,0,444,3.00,0.00,3.00,0,3,0.00,0.00,0,0
1508035428,s2-eth1,444.00,0.00,444.00,0,444,3.00,0.00,3.00,0,3,0.00,0.00,0,0
1508035428,lo,172.00,172.00,344.00,172,172,3.00,3.00,6.00,3,3,0.00,0.00,0,0
1508035428,s4,0.00,0.00,0.00,0,0,0.00,0.00,0.00,0,0,0.00,0.00,0,0
1508035428,total,262852.00,262064.00,524916.00,262064,262852,316.00,304.00,620.00,304,316,0.00,0.00,0,0
1508035429,s5,0.00,0.00,0.00,0,0,0.00,0.00,0.00,0,0,0.00,0.00,0,0
1508035429,s1,0.00,0.00,0.00,0,0,0.00,0.00,0.00,0,0,0.00,0.00,0,0
1508035429,eth0,0.00,0.00,0.00,0,0,0.00,0.00,0.00,0,0,0.00,0.00,0,0
1508035429,eth1,0.00,0.00,0.00,0,0,0.00,0.00,0.00,0,0,0.00,0.00,0,0
1508035429,s2,0.00,0.00,0.00,0,0,0.00,0.00,0.00,0,0,0.00,0.00,0,0
1508035429,s1-eth2,10642.00,258894.00,269536.00,258894,10642,137.00,171.00,308.00,171,137,0.00,0.00,0,0
1508035429,s1-eth1,251324.00,10642.00,261966.00,10642,251324,166.00,137.00,303.00,137,166,0.00,0.00,0,0
1508035429,s2-eth2,327.00,0.00,327.00,0,327,1.00,0.00,1.00,0,1,0.00,0.00,0,0
1508035429,s2-eth1,669.00,0.00,669.00,0,669,2.00,0.00,2.00,0,2,0.00,0.00,0,0
1508035429,lo,180.00,180.00,360.00,180,180,3.00,3.00,6.00,3,3,0.00,0.00,0,0
1508035429,s4,0.00,0.00,0.00,0,0,0.00,0.00,0.00,0,0,0.00,0.00,0,0
1508035429,total,263142.00,269716.00,532858.00,269716,263142,309.00,311.00,620.00,311,309,0.00,0.00,0,0
1508035430,s5,0.00,0.00,0.00,0,0,0.00,0.00,0.00,0,0,0.00,0.00,0,0
1508035430,s1,0.00,0.00,0.00,0,0,0.00,0.00,0.00,0,0,0.00,0.00,0,0
1508035430,eth0,0.00,0.00,0.00,0,0,0.00,0.00,0.00,0,0,0.00,0.00,0,0
1508035430,eth1,0.00,0.00,0.00,0,0,0.00,0.00,0.00,0,0,0.00,0.00,0,0
1508035430,s2,0.00,0.00,0.00,0,0,0.00,0.00,0.00,0,0,0.00,0.00,0,0
1508035430,s1-eth2,8502.00,254352.00,262854.00,254352,8502,111.00,168.00,279.00,168,111,0.00,0.00,0,0
1508035430,s1-eth1,248638.00,8588.00,257226.00,8588,248638,165.00,112.00,277.00,112,165,0.00,0.00,0,0
1508035430,s2-eth2,0.00,0.00,0.00,0,0,0.00,0.00,0.00,0,0,0.00,0.00,0,0
1508035430,s2-eth1,0.00,0.00,0.00,0,0,0.00,0.00,0.00,0,0,0.00,0.00,0,0
1508035430,lo,336.00,336.00,672.00,336,336,6.00,6.00,12.00,6,6,0.00,0.00,0,0
1508035430,s4,0.00,0.00,0.00,0,0,0.00,0.00,0.00,0,0,0.00,0.00,0,0
1508035430,total,257476.00,263276.00,520752.00,263276,257476,282.00,286.00,568.00,286,282,0.00,0.00,0,0
1508035431,s5,0.00,0.00,0.00,0,0,0.00,0.00,0.00,0,0,0.00,0.00,0,0
1508035431,s1,0.00,0.00,0.00,0,0,0.00,0.00,0.00,0,0,0.00,0.00,0,0
1508035431,eth0,0.00,0.00,0.00,0,0,0.00,0.00,0.00,0,0,0.00,0.00,0,0
1508035431,eth1,0.00,0.00,0.00,0,0,0.00,0.00,0.00,0,0,0.00,0.00,0,0
1508035431,s2,0.00,0.00,0.00,0,0,0.00,0.00,0.00,0,0,0.00,0.00,0,0
1508035431,s1-eth2,10849.00,260408.00,271257.00,260408,10849,136.00,172.00,308.00,172,136,0.00,0.00,0,0
1508035431,s1-eth1,251431.00,10314.00,261745.00,10314,251431,167.00,133.00,300.00,133,167,0.00,0.00,0,0
1508035431,s2-eth2,0.00,0.00,0.00,0,0,0.00,0.00,0.00,0,0,0.00,0.00,0,0
1508035431,s2-eth1,0.00,0.00,0.00,0,0,0.00,0.00,0.00,0,0,0.00,0.00,0,0
1508035431,lo,0.00,0.00,0.00,0,0,0.00,0.00,0.00,0,0,0.00,0.00,0,0
1508035431,s4,0.00,0.00,0.00,0,0,0.00,0.00,0.00,0,0,0.00,0.00,0,0
1508035431,total,262280.00,270722.00,533002.00,270722,262280,303.00,305.00,608.00,305,303,0.00,0.00,0,0
1508035432,s5,0.00,0.00,0.00,0,0,0.00,0.00,0.00,0,0,0.00,0.00,0,0
1508035432,s1,0.00,0.00,0.00,0,0,0.00,0.00,0.00,0,0,0.00,0.00,0,0
1508035432,eth0,0.00,0.00,0.00,0,0,0.00,0.00,0.00,0,0,0.00,0.00,0,0
1508035432,eth1,0.00,0.00,0.00,0,0,0.00,0.00,0.00,0,0,0.00,0.00,0,0
1508035432,s2,0.00,0.00,0.00,0,0,0.00,0.00,0.00,0,0,0.00,0.00,0,0
1508035432,s1-eth2,6614.00,204390.00,211004.00,204390,6614,87.00,135.00,222.00,135,87,0.00,0.00,0,0
1508035432,s1-eth1,193862.00,6544.00,200406.00,6544,193862,129.00,86.00,215.00,86,129,0.00,0.00,0,0
1508035432,s2-eth2,177.00,0.00,177.00,0,177,2.00,0.00,2.00,0,2,0.00,0.00,0,0
1508035432,s2-eth1,177.00,0.00,177.00,0,177,2.00,0.00,2.00,0,2,0.00,0.00,0,0
1508035432,lo,0.00,0.00,0.00,0,0,0.00,0.00,0.00,0,0,0.00,0.00,0,0
1508035432,s4,0.00,0.00,0.00,0,0,0.00,0.00,0.00,0,0,0.00,0.00,0,0
1508035432,total,200830.00,210934.00,411764.00,210934,200830,220.00,221.00,441.00,221,220,0.00,0.00,0,0
1508035433,s5,0.00,0.00,0.00,0,0,0.00,0.00,0.00,0,0,0.00,0.00,0,0
1508035433,s1,0.00,0.00,0.00,0,0,0.00,0.00,0.00,0,0,0.00,0.00,0,0
1508035433,eth0,0.00,0.00,0.00,0,0,0.00,0.00,0.00,0,0,0.00,0.00,0,0
1508035433,eth1,0.00,0.00,0.00,0,0,0.00,0.00,0.00,0,0,0.00,0.00,0,0
1508035433,s2,0.00,0.00,0.00,0,0,0.00,0.00,0.00,0,0,0.00,0.00,0,0
1508035433,s1-eth2,9226.00,258894.00,268120.00,258894,9226,119.00,171.00,290.00,171,119,0.00,0.00,0,0
1508035433,s1-eth1,249810.00,9226.00,259036.00,9226,249810,165.00,119.00,284.00,119,165,0.00,0.00,0,0
1508035433,s2-eth2,342.00,0.00,342.00,0,342,1.00,0.00,1.00,0,1,0.00,0.00,0,0
1508035433,s2-eth1,0.00,0.00,0.00,0,0,0.00,0.00,0.00,0,0,0.00,0.00,0,0
1508035433,lo,172.00,172.00,344.00,172,172,3.00,3.00,6.00,3,3,0.00,0.00,0,0
1508035433,s4,0.00,0.00,0.00,0,0,0.00,0.00,0.00,0,0,0.00,0.00,0,0
1508035433,total,259550.00,268292.00,527842.00,268292,259550,288.00,293.00,581.00,293,288,0.00,0.00,0,0
1508035434,s5,0.00,0.00,0.00,0,0,0.00,0.00,0.00,0,0,0.00,0.00,0,0
1508035434,s1,0.00,0.00,0.00,0,0,0.00,0.00,0.00,0,0,0.00,0.00,0,0
1508035434,eth0,0.00,0.00,0.00,0,0,0.00,0.00,0.00,0,0,0.00,0.00,0,0
1508035434,eth1,0.00,0.00,0.00,0,0,0.00,0.00,0.00,0,0,0.00,0.00,0,0
1508035434,s2,0.00,0.00,0.00,0,0,0.00,0.00,0.00,0,0,0.00,0.00,0,0
1508035434,s1-eth2,9180.82,249560.45,258741.27,249810,9190,118.88,164.84,283.72,165,119,0.00,0.00,0,0
1508035434,s1-eth1,251072.94,9180.82,260253.75,9190,251324,165.83,118.88,284.72,119,166,0.00,0.00,0,0
1508035434,s2-eth2,0.00,0.00,0.00,0,0,0.00,0.00,0.00,0,0,0.00,0.00,0,0
1508035434,s2-eth1,0.00,0.00,0.00,0,0,0.00,0.00,0.00,0,0,0.00,0.00,0,0
1508035434,lo,515.48,515.48,1030.97,516,516,8.99,8.99,17.98,9,9,0.00,0.00,0,0
1508035434,s4,0.00,0.00,0.00,0,0,0.00,0.00,0.00,0,0,0.00,0.00,0,0
1508035434,total,260769.23,259256.75,520026.00,259516,261030,293.71,292.71,586.41,293,294,0.00,0.00,0,0
1508035435,s5,0.00,0.00,0.00,0,0,0.00,0.00,0.00,0,0,0.00,0.00,0,0
1508035435,s1,0.00,0.00,0.00,0,0,0.00,0.00,0.00,0,0,0.00,0.00,0,0
1508035435,eth0,0.00,0.00,0.00,0,0,0.00,0.00,0.00,0,0,0.00,0.00,0,0
1508035435,eth1,0.00,0.00,0.00,0,0,0.00,0.00,0.00,0,0,0.00,0.00,0,0
1508035435,s2,0.00,0.00,0.00,0,0,0.00,0.00,0.00,0,0,0.00,0.00,0,0
1508035435,s1-eth2,8722.00,215234.00,223956.00,215234,8722,113.00,145.00,258.00,145,113,0.00,0.00,0,0
1508035435,s1-eth1,207664.00,8722.00,216386.00,8722,207664,140.00,113.00,253.00,113,140,0.00,0.00,0,0
1508035435,s2-eth2,0.00,0.00,0.00,0,0,0.00,0.00,0.00,0,0,0.00,0.00,0,0
1508035435,s2-eth1,0.00,0.00,0.00,0,0,0.00,0.00,0.00,0,0,0.00,0.00,0,0
1508035435,lo,0.00,0.00,0.00,0,0,0.00,0.00,0.00,0,0,0.00,0.00,0,0
1508035435,s4,0.00,0.00,0.00,0,0,0.00,0.00,0.00,0,0,0.00,0.00,0,0
1508035435,total,216386.00,223956.00,440342.00,223956,216386,253.00,258.00,511.00,258,253,0.00,0.00,0,0
1508035436,s5,0.00,0.00,0.00,0,0,0.00,0.00,0.00,0,0,0.00,0.00,0,0
1508035436,s1,0.00,0.00,0.00,0,0,0.00,0.00,0.00,0,0,0.00,0.00,0,0
1508035436,eth0,0.00,0.00,0.00,0,0,0.00,0.00,0.00,0,0,0.00,0.00,0,0
1508035436,eth1,0.00,0.00,0.00,0,0,0.00,0.00,0.00,0,0,0.00,0.00,0,0
1508035436,s2,0.00,0.00,0.00,0,0,0.00,0.00,0.00,0,0,0.00,0.00,0,0
1508035436,s1-eth2,74.00,74.00,148.00,74,74,1.00,1.00,2.00,1,1,0.00,0.00,0,0
1508035436,s1-eth1,416.00,74.00,490.00,74,416,2.00,1.00,3.00,1,2,0.00,0.00,0,0
1508035436,s2-eth2,0.00,0.00,0.00,0,0,0.00,0.00,0.00,0,0,0.00,0.00,0,0
1508035436,s2-eth1,342.00,0.00,342.00,0,342,1.00,0.00,1.00,0,1,0.00,0.00,0,0
1508035436,lo,0.00,0.00,0.00,0,0,0.00,0.00,0.00,0,0,0.00,0.00,0,0
1508035436,s4,0.00,0.00,0.00,0,0,0.00,0.00,0.00,0,0,0.00,0.00,0,0
1508035436,total,832.00,148.00,980.00,148,832,4.00,2.00,6.00,2,4,0.00,0.00,0,0
1508035437,s5,0.00,0.00,0.00,0,0,0.00,0.00,0.00,0,0,0.00,0.00,0,0
1508035437,s1,0.00,0.00,0.00,0,0,0.00,0.00,0.00,0,0,0.00,0.00,0,0
1508035437,eth0,0.00,0.00,0.00,0,0,0.00,0.00,0.00,0,0,0.00,0.00,0,0
1508035437,eth1,0.00,0.00,0.00,0,0,0.00,0.00,0.00,0,0,0.00,0.00,0,0
1508035437,s2,0.00,0.00,0.00,0,0,0.00,0.00,0.00,0,0,0.00,0.00,0,0
1508035437,s1-eth2,0.00,0.00,0.00,0,0,0.00,0.00,0.00,0,0,0.00,0.00,0,0
1508035437,s1-eth1,0.00,0.00,0.00,0,0,0.00,0.00,0.00,0,0,0.00,0.00,0,0
1508035437,s2-eth2,0.00,0.00,0.00,0,0,0.00,0.00,0.00,0,0,0.00,0.00,0,0
1508035437,s2-eth1,0.00,0.00,0.00,0,0,0.00,0.00,0.00,0,0,0.00,0.00,0,0
1508035437,lo,0.00,0.00,0.00,0,0,0.00,0.00,0.00,0,0,0.00,0.00,0,0
1508035437,s4,0.00,0.00,0.00,0,0,0.00,0.00,0.00,0,0,0.00,0.00,0,0
1508035437,total,0.00,0.00,0.00,0,0,0.00,0.00,0.00,0,0,0.00,0.00,0,0
1508035438,s5,0.00,0.00,0.00,0,0,0.00,0.00,0.00,0,0,0.00,0.00,0,0
1508035438,s1,0.00,0.00,0.00,0,0,0.00,0.00,0.00,0,0,0.00,0.00,0,0
1508035438,eth0,0.00,0.00,0.00,0,0,0.00,0.00,0.00,0,0,0.00,0.00,0,0
1508035438,eth1,0.00,0.00,0.00,0,0,0.00,0.00,0.00,0,0,0.00,0.00,0,0
1508035438,s2,0.00,0.00,0.00,0,0,0.00,0.00,0.00,0,0,0.00,0.00,0,0
1508035438,s1-eth2,0.00,0.00,0.00,0,0,0.00,0.00,0.00,0,0,0.00,0.00,0,0
1508035438,s1-eth1,0.00,0.00,0.00,0,0,0.00,0.00,0.00,0,0,0.00,0.00,0,0
1508035438,s2-eth2,0.00,0.00,0.00,0,0,0.00,0.00,0.00,0,0,0.00,0.00,0,0
1508035438,s2-eth1,0.00,0.00,0.00,0,0,0.00,0.00,0.00,0,0,0.00,0.00,0,0
1508035438,lo,172.00,172.00,344.00,172,172,3.00,3.00,6.00,3,3,0.00,0.00,0,0
1508035438,s4,0.00,0.00,0.00,0,0,0.00,0.00,0.00,0,0,0.00,0.00,0,0
1508035438,total,172.00,172.00,344.00,172,172,3.00,3.00,6.00,3,3,0.00,0.00,0,0
1508035439,s5,0.00,0.00,0.00,0,0,0.00,0.00,0.00,0,0,0.00,0.00,0,0
1508035439,s1,0.00,0.00,0.00,0,0,0.00,0.00,0.00,0,0,0.00,0.00,0,0
1508035439,eth0,0.00,0.00,0.00,0,0,0.00,0.00,0.00,0,0,0.00,0.00,0,0
1508035439,eth1,0.00,0.00,0.00,0,0,0.00,0.00,0.00,0,0,0.00,0.00,0,0
1508035439,s2,0.00,0.00,0.00,0,0,0.00,0.00,0.00,0,0,0.00,0.00,0,0
1508035439,s1-eth2,449.00,0.00,449.00,0,449,2.00,0.00,2.00,0,2,0.00,0.00,0,0
1508035439,s1-eth1,107.00,0.00,107.00,0,107,1.00,0.00,1.00,0,1,0.00,0.00,0,0
1508035439,s2-eth2,0.00,0.00,0.00,0,0,0.00,0.00,0.00,0,0,0.00,0.00,0,0
1508035439,s2-eth1,0.00,0.00,0.00,0,0,0.00,0.00,0.00,0,0,0.00,0.00,0,0
1508035439,lo,516.00,516.00,1032.00,516,516,9.00,9.00,18.00,9,9,0.00,0.00,0,0
1508035439,s4,0.00,0.00,0.00,0,0,0.00,0.00,0.00,0,0,0.00,0.00,0,0
1508035439,total,1072.00,516.00,1588.00,516,1072,12.00,9.00,21.00,9,12,0.00,0.00,0,0
1508035440,s5,0.00,0.00,0.00,0,0,0.00,0.00,0.00,0,0,0.00,0.00,0,0
1508035440,s1,0.00,0.00,0.00,0,0,0.00,0.00,0.00,0,0,0.00,0.00,0,0
1508035440,eth0,0.00,0.00,0.00,0,0,0.00,0.00,0.00,0,0,0.00,0.00,0,0
1508035440,eth1,0.00,0.00,0.00,0,0,0.00,0.00,0.00,0,0,0.00,0.00,0,0
1508035440,s2,0.00,0.00,0.00,0,0,0.00,0.00,0.00,0,0,0.00,0.00,0,0
1508035440,s1-eth2,0.00,0.00,0.00,0,0,0.00,0.00,0.00,0,0,0.00,0.00,0,0
1508035440,s1-eth1,0.00,0.00,0.00,0,0,0.00,0.00,0.00,0,0,0.00,0.00,0,0
1508035440,s2-eth2,106.89,0.00,106.89,0,107,1.00,0.00,1.00,0,1,0.00,0.00,0,0
1508035440,s2-eth1,106.89,0.00,106.89,0,107,1.00,0.00,1.00,0,1,0.00,0.00,0,0
1508035440,lo,0.00,0.00,0.00,0,0,0.00,0.00,0.00,0,0,0.00,0.00,0,0
1508035440,s4,0.00,0.00,0.00,0,0,0.00,0.00,0.00,0,0,0.00,0.00,0,0
1508035440,total,213.79,0.00,213.79,0,214,2.00,0.00,2.00,0,2,0.00,0.00,0,0
1508035441,s5,0.00,0.00,0.00,0,0,0.00,0.00,0.00,0,0,0.00,0.00,0,0
1508035441,s1,0.00,0.00,0.00,0,0,0.00,0.00,0.00,0,0,0.00,0.00,0,0
1508035441,eth0,0.00,0.00,0.00,0,0,0.00,0.00,0.00,0,0,0.00,0.00,0,0
1508035441,eth1,0.00,0.00,0.00,0,0,0.00,0.00,0.00,0,0,0.00,0.00,0,0
1508035441,s2,0.00,0.00,0.00,0,0,0.00,0.00,0.00,0,0,0.00,0.00,0,0
1508035441,s1-eth2,0.00,0.00,0.00,0,0,0.00,0.00,0.00,0,0,0.00,0.00,0,0
1508035441,s1-eth1,0.00,0.00,0.00,0,0,0.00,0.00,0.00,0,0,0.00,0.00,0,0
1508035441,s2-eth2,0.00,0.00,0.00,0,0,0.00,0.00,0.00,0,0,0.00,0.00,0,0
1508035441,s2-eth1,0.00,0.00,0.00,0,0,0.00,0.00,0.00,0,0,0.00,0.00,0,0
1508035441,lo,0.00,0.00,0.00,