1508086597,s1,0.00,0.00,0.00,0,0,0.00,0.00,0.00,0,0,0.00,0.00,0,0
1508086597,eth0,0.00,0.00,0.00,0,0,0.00,0.00,0.00,0,0,0.00,0.00,0,0
1508086597,eth1,0.00,0.00,0.00,0,0,0.00,0.00,0.00,0,0,0.00,0.00,0,0
1508086597,s2,0.00,0.00,0.00,0,0,0.00,0.00,0.00,0,0,0.00,0.00,0,0
1508086597,s1-eth2,0.00,0.00,0.00,0,0,0.00,0.00,0.00,0,0,0.00,0.00,0,0
1508086597,s1-eth1,0.00,0.00,0.00,0,0,0.00,0.00,0.00,0,0,0.00,0.00,0,0
1508086597,s2-eth2,0.00,0.00,0.00,0,0,0.00,0.00,0.00,0,0,0.00,0.00,0,0
1508086597,s2-eth1,0.00,0.00,0.00,0,0,0.00,0.00,0.00,0,0,0.00,0.00,0,0
1508086597,lo,0.00,0.00,0.00,0,0,0.00,0.00,0.00,0,0,0.00,0.00,0,0
1508086597,total,0.00,0.00,0.00,0,0,0.00,0.00,0.00,0,0,0.00,0.00,0,0
1508086598,s1,250.00,250.00,500.00,250,250,3.00,3.00,6.00,3,3,0.00,0.00,0,0
1508086598,eth0,912.00,1470.00,2382.00,1470,912,12.00,12.00,24.00,12,12,0.00,0.00,0,0
1508086598,eth1,0.00,0.00,0.00,0,0,0.00,0.00,0.00,0,0,0.00,0.00,0,0
1508086598,s2,250.00,410.00,660.00,410,250,3.00,5.00,8.00,5,3,0.00,0.00,0,0
1508086598,s1-eth2,11784.00,248386.00,260170.00,248386,11784,142.00,165.00,307.00,165,142,0.00,0.00,0,0
1508086598,s1-eth1,250325.00,10124.00,260449.00,10124,250325,177.00,130.00,307.00,130,177,0.00,0.00,0,0
1508086598,s2-eth2,1389.00,250.00,1639.00,250,1389,12.00,3.00,15.00,3,12,0.00,0.00,0,0
1508086598,s2-eth1,1824.00,160.00,1984.00,160,1824,14.00,2.00,16.00,2,14,0.00,0.00,0,0
1508086598,lo,5978.00,5978.00,11956.00,5978,5978,66.00,66.00,132.00,66,66,0.00,0.00,0,0
1508086598,total,272712.00,267028.00,539740.00,267028,272712,429.00,386.00,815.00,386,429,0.00,0.00,0,0
1508086599,s1,0.00,90.00,90.00,90,0,0.00,1.00,1.00,1,0,0.00,0.00,0,0
1508086599,eth0,152.00,245.00,397.00,245,152,2.00,2.00,4.00,2,2,0.00,0.00,0,0
1508086599,eth1,0.00,0.00,0.00,0,0,0.00,0.00,0.00,0,0,0.00,0.00,0,0
1508086599,s2,0.00,0.00,0.00,0,0,0.00,0.00,0.00,0,0,0.00,0.00,0,0
1508086599,s1-eth2,9924.00,254352.00,264276.00,254352,9924,117.00,168.00,285.00,168,117,0.00,0.00,0,0
1508086599,s1-eth1,249349.00,8506.00,257855.00,8506,249349,169.00,111.00,280.00,111,169,0.00,0.00,0,0
1508086599,s2-eth2,1421.00,0.00,1421.00,0,1421,6.00,0.00,6.00,0,6,0.00,0.00,0,0
1508086599,s2-eth1,1418.00,0.00,1418.00,0,1418,6.00,0.00,6.00,0,6,0.00,0.00,0,0
1508086599,lo,629.00,629.00,1258.00,629,629,7.00,7.00,14.00,7,7,0.00,0.00,0,0
1508086599,total,262893.00,263822.00,526715.00,263822,262893,307.00,289.00,596.00,289,307,0.00,0.00,0,0
1508086600,s1,0.00,0.00,0.00,0,0,0.00,0.00,0.00,0,0,0.00,0.00,0,0
1508086600,eth0,0.00,0.00,0.00,0,0,0.00,0.00,0.00,0,0,0.00,0.00,0,0
1508086600,eth1,0.00,0.00,0.00,0,0,0.00,0.00,0.00,0,0,0.00,0.00,0,0
1508086600,s2,0.00,0.00,0.00,0,0,0.00,0.00,0.00,0,0,0.00,0.00,0,0
1508086600,s1-eth2,9957.00,255866.00,265823.00,255866,9957,124.00,169.00,293.00,169,124,0.00,0.00,0,0
1508086600,s1-eth1,250137.00,9630.00,259767.00,9630,250137,166.00,123.00,289.00,123,166,0.00,0.00,0,0
1508086600,s2-eth2,669.00,0.00,669.00,0,669,2.00,0.00,2.00,0,2,0.00,0.00,0,0
1508086600,s2-eth1,327.00,0.00,327.00,0,327,1.00,0.00,1.00,0,1,0.00,0.00,0,0
1508086600,lo,0.00,0.00,0.00,0,0,0.00,0.00,0.00,0,0,0.00,0.00,0,0
1508086600,total,261090.00,265496.00,526586.00,265496,261090,293.00,292.00,585.00,292,293,0.00,0.00,0,0
1508086601,s1,0.00,70.00,70.00,70,0,0.00,1.00,1.00,1,0,0.00,0.00,0,0
1508086601,eth0,60.00,60.00,120.00,60,60,1.00,1.00,2.00,1,1,0.00,0.00,0,0
1508086601,eth1,0.00,0.00,0.00,0,0,0.00,0.00,0.00,0,0,0.00,0.00,0,0
1508086601,s2,0.00,0.00,0.00,0,0,0.00,0.00,0.00,0,0,0.00,0.00,0,0
1508086601,s1-eth2,9528.00,257450.00,266978.00,257450,9528,121.00,171.00,292.00,171,121,0.00,0.00,0,0
1508086601,s1-eth1,250254.00,9154.00,259408.00,9154,250254,168.00,119.00,287.00,119,168,0.00,0.00,0,0
1508086601,s2-eth2,374.00,0.00,374.00,0,374,2.00,0.00,2.00,0,2,0.00,0.00,0,0
1508086601,s2-eth1,374.00,0.00,374.00,0,374,2.00,0.00,2.00,0,2,0.00,0.00,0,0
1508086601,lo,268.00,268.00,536.00,268,268,3.00,3.00,6.00,3,3,0.00,0.00,0,0
1508086601,total,260858.00,267002.00,527860.00,267002,260858,297.00,295.00,592.00,295,297,0.00,0.00,0,0
1508086602,s1,70.00,70.00,140.00,70,70,1.00,1.00,2.00,1,1,0.00,0.00,0,0
1508086602,eth0,0.00,0.00,0.00,0,0,0.00,0.00,0.00,0,0,0.00,0.00,0,0
1508086602,eth1,0.00,0.00,0.00,0,0,0.00,0.00,0.00,0,0,0.00,0.00,0,0
1508086602,s2,70.00,140.00,210.00,140,70,1.00,2.00,3.00,2,1,0.00,0.00,0,0
1508086602,s1-eth2,9925.00,255866.00,265791.00,255866,9925,126.00,169.00,295.00,169,126,0.00,0.00,0,0
1508086602,s1-eth1,250277.00,9458.00,259735.00,9458,250277,168.00,123.00,291.00,123,168,0.00,0.00,0,0
1508086602,s2-eth2,537.00,70.00,607.00,70,537,4.00,1.00,5.00,1,4,0.00,0.00,0,0
1508086602,s2-eth1,879.00,70.00,949.00,70,879,5.00,1.00,6.00,1,5,0.00,0.00,0,0
1508086602,lo,1340.00,1340.00,2680.00,1340,1340,15.00,15.00,30.00,15,15,0.00,0.00,0,0
1508086602,total,263098.00,267014.00,530112.00,267014,263098,320.00,312.00,632.00,312,320,0.00,0.00,0,0
1508086603,s1,0.00,0.00,0.00,0,0,0.00,0.00,0.00,0,0,0.00,0.00,0,0
1508086603,eth0,0.00,0.00,0.00,0,0,0.00,0.00,0.00,0,0,0.00,0.00,0,0
1508086603,eth1,0.00,0.00,0.00,0,0,0.00,0.00,0.00,0,0,0.00,0.00,0,0
1508086603,s2,0.00,0.00,0.00,0,0,0.00,0.00,0.00,0,0,0.00,0.00,0,0
1508086603,s1-eth2,7514.00,202876.00,210390.00,202876,7514,97.00,134.00,231.00,134,97,0.00,0.00,0,0
1508086603,s1-eth1,195306.00,7514.00,202820.00,7514,195306,129.00,97.00,226.00,97,129,0.00,0.00,0,0
1508086603,s2-eth2,0.00,0.00,0.00,0,0,0.00,0.00,0.00,0,0,0.00,0.00,0,0
1508086603,s2-eth1,0.00,0.00,0.00,0,0,0.00,0.00,0.00,0,0,0.00,0.00,0,0
1508086603,lo,0.00,0.00,0.00,0,0,0.00,0.00,0.00,0,0,0.00,0.00,0,0
1508086603,total,202820.00,210390.00,413210.00,210390,202820,226.00,231.00,457.00,231,226,0.00,0.00,0,0
1508086604,s1,0.00,0.00,0.00,0,0,0.00,0.00,0.00,0,0,0.00,0.00,0,0
1508086604,eth0,0.00,0.00,0.00,0,0,0.00,0.00,0.00,0,0,0.00,0.00,0,0
1508086604,eth1,0.00,0.00,0.00,0,0,0.00,0.00,0.00,0,0,0.00,0.00,0,0
1508086604,s2,0.00,0.00,0.00,0,0,0.00,0.00,0.00,0,0,0.00,0.00,0,0
1508086604,s1-eth2,7662.00,257380.00,265042.00,257380,7662,97.00,170.00,267.00,170,97,0.00,0.00,0,0
1508086604,s1-eth1,249810.00,7320.00,257130.00,7320,249810,165.00,96.00,261.00,96,165,0.00,0.00,0,0
1508086604,s2-eth2,0.00,0.00,0.00,0,0,0.00,0.00,0.00,0,0,0.00,0.00,0,0
1508086604,s2-eth1,0.00,0.00,0.00,0,0,0.00,0.00,0.00,0,0,0.00,0.00,0,0
1508086604,lo,0.00,0.00,0.00,0,0,0.00,0.00,0.00,0,0,0.00,0.00,0,0
1508086604,total,257472.00,264700.00,522172.00,264700,257472,262.00,266.00,528.00,266,262,0.00,0.00,0,0
1508086605,s1,0.00,70.00,70.00,70,0,0.00,1.00,1.00,1,0,0.00,0.00,0,0
1508086605,eth0,0.00,0.00,0.00,0,0,0.00,0.00,0.00,0,0,0.00,0.00,0,0
1508086605,eth1,0.00,0.00,0.00,0,0,0.00,0.00,0.00,0,0,0.00,0.00,0,0
1508086605,s2,0.00,0.00,0.00,0,0,0.00,0.00,0.00,0,0,0.00,0.00,0,0
1508086605,s1-eth2,9153.00,257450.00,266603.00,257450,9153,118.00,171.00,289.00,171,118,0.00,0.00,0,0
1508086605,s1-eth1,250259.00,9046.00,259305.00,9046,250259,167.00,117.00,284.00,117,167,0.00,0.00,0,0
1508086605,s2-eth2,107.00,0.00,107.00,0,107,1.00,0.00,1.00,0,1,0.00,0.00,0,0
1508086605,s2-eth1,107.00,0.00,107.00,0,107,1.00,0.00,1.00,0,1,0.00,0.00,0,0
1508086605,lo,268.00,268.00,536.00,268,268,3.00,3.00,6.00,3,3,0.00,0.00,0,0
1508086605,total,259894.00,266834.00,526728.00,266834,259894,290.00,292.00,582.00,292,290,0.00,0.00,0,0
1508086606,s1,70.00,70.00,140.00,70,70,1.00,1.00,2.00,1,1,0.00,0.00,0,0
1508086606,eth0,0.00,0.00,0.00,0,0,0.00,0.00,0.00,0,0,0.00,0.00,0,0
1508086606,eth1,0.00,0.00,0.00,0,0,0.00,0.00,0.00,0,0,0.00,0.00,0,0
1508086606,s2,70.00,140.00,210.00,140,70,1.00,2.00,3.00,2,1,0.00,0.00,0,0
1508086606,s1-eth2,8236.00,254352.00,262588.00,254352,8236,108.00,168.00,276.00,168,108,0.00,0.00,0,0
1508086606,s1-eth1,249950.00,8096.00,258046.00,8096,249950,167.00,106.00,273.00,106,167,0.00,0.00,0,0
1508086606,s2-eth2,210.00,70.00,280.00,70,210,3.00,1.00,4.00,1,3,0.00,0.00,0,0
1508086606,s2-eth1,210.00,70.00,280.00,70,210,3.00,1.00,4.00,1,3,0.00,0.00,0,0
1508086606,lo,1340.00,1340.00,2680.00,1340,1340,15.00,15.00,30.00,15,15,0.00,0.00,0,0
1508086606,total,260086.00,264138.00,524224.00,264138,260086,298.00,294.00,592.00,294,298,0.00,0.00,0,0
1508086607,s1,0.00,0.00,0.00,0,0,0.00,0.00,0.00,0,0,0.00,0.00,0,0
1508086607,eth0,0.00,0.00,0.00,0,0,0.00,0.00,0.00,0,0,0.00,0.00,0,0
1508086607,eth1,0.00,0.00,0.00,0,0,0.00,0.00,0.00,0,0,0.00,0.00,0,0
1508086607,s2,0.00,0.00,0.00,0,0,0.00,0.00,0.00,0,0,0.00,0.00,0,0
1508086607,s1-eth2,9644.00,258894.00,268538.00,258894,9644,124.00,171.00,295.00,171,124,0.00,0.00,0,0
1508086607,s1-eth1,249810.00,9644.00,259454.00,9644,249810,165.00,124.00,289.00,124,165,0.00,0.00,0,0
1508086607,s2-eth2,342.00,0.00,342.00,0,342,1.00,0.00,1.00,0,1,0.00,0.00,0,0
1508086607,s2-eth1,0.00,0.00,0.00,0,0,0.00,0.00,0.00,0,0,0.00,0.00,0,0
1508086607,lo,0.00,0.00,0.00,0,0,0.00,0.00,0.00,0,0,0.00,0.00,0,0
1508086607,total,259796.00,268538.00,528334.00,268538,259796,290.00,295.00,585.00,295,290,0.00,0.00,0,0
1508086608,s1,0.00,0.00,0.00,0,0,0.00,0.00,0.00,0,0,0.00,0.00,0,0
1508086608,eth0,0.00,0.00,0.00,0,0,0.00,0.00,0.00,0,0,0.00,0.00,0,0
1508086608,eth1,0.00,0.00,0.00,0,0,0.00,0.00,0.00,0,0,0.00,0.00,0,0
1508086608,s2,0.00,0.00,0.00,0,0,0.00,0.00,0.00,0,0,0.00,0.00,0,0
1508086608,s1-eth2,10433.57,261660.34,272093.91,261922,10444,133.87,172.83,306.69,173,134,0.00,0.00,0,0
1508086608,s1-eth1,249560.45,10433.57,259994.02,10444,249810,164.84,133.87,298.70,134,165,0.00,0.00,0,0
1508086608,s2-eth2,0.00,0.00,0.00,0,0,0.00,0.00,0.00,0,0,0.00,0.00,0,0
1508086608,s2-eth1,341.66,0.00,341.66,0,342,1.00,0.00,1.00,0,1,0.00,0.00,0,0
1508086608,lo,0.00,0.00,0.00,0,0,0.00,0.00,0.00,0,0,0.00,0.00,0,0
1508086608,total,260335.67,272093.91,532429.56,272366,260596,299.70,306.69,606.39,307,300,0.00,0.00,0,0
1508086609,s1,0.00,0.00,0.00,0,0,0.00,0.00,0.00,0,0,0.00,0.00,0,0
1508086609,eth0,0.00,0.00,0.00,0,0,0.00,0.00,0.00,0,0,0.00,0.00,0,0
1508086609,eth1,0.00,0.00,0.00,0,0,0.00,0.00,0.00,0,0,0.00,0.00,0,0
1508086609,s2,0.00,0.00,0.00,0,0,0.00,0.00,0.00,0,0,0.00,0.00,0,0
1508086609,s1-eth2,7954.05,254097.91,262051.95,254352,7962,104.90,167.83,272.73,168,105,0.00,0.00,0,0
1508086609,s1-eth1,249560.45,7954.05,257514.50,7962,249810,164.84,104.90,269.73,105,165,0.00,0.00,0,0
1508086609,s2-eth2,0.00,0.00,0.00,0,0,0.00,0.00,0.00,0,0,0.00,0.00,0,0
1508086609,s2-eth1,0.00,0.00,0.00,0,0,0.00,0.00,0.00,0,0,0.00,0.00,0,0
1508086609,lo,0.00,0.00,0.00,0,0,0.00,0.00,0.00,0,0,0.00,0.00,0,0
1508086609,total,257514.50,262051.95,519566.44,262314,257772,269.73,272.73,542.46,273,270,0.00,0.00,0,0
1508086610,s1,0.00,0.00,0.00,0,0,0.00,0.00,0.00,0,0,0.00,0.00,0,0
1508086610,eth0,0.00,0.00,0.00,0,0,0.00,0.00,0.00,0,0,0.00,0.00,0,0
1508086610,eth1,0.00,0.00,0.00,0,0,0.00,0.00,0.00,0,0,0.00,0.00,0,0
1508086610,s2,0.00,0.00,0.00,0,0,0.00,0.00,0.00,0,0,0.00,0.00,0,0
1508086610,s1-eth2,6636.00,196820.00,203456.00,196820,6636,86.00,130.00,216.00,130,86,0.00,0.00,0,0
1508086610,s1-eth1,192278.00,6636.00,198914.00,6636,192278,127.00,86.00,213.00,86,127,0.00,0.00,0,0
1508086610,s2-eth2,0.00,0.00,0.00,0,0,0.00,0.00,0.00,0,0,0.00,0.00,0,0
1508086610,s2-eth1,0.00,0.00,0.00,0,0,0.00,0.00,0.00,0,0,0.00,0.00,0,0
1508086610,lo,0.00,0.00,0.00,0,0,0.00,0.00,0.00,0,0,0.00,0.00,0,0
1508086610,total,198914.00,203456.00,402370.00,203456,198914,213.00,216.00,429.00,216,213,0.00,0.00,0,0
1508086611,s1,0.00,0.00,0.00,0,0,0.00,0.00,0.00,0,0,0.00,0.00,0,0
1508086611,eth0,0.00,0.00,0.00,0,0,0.00,0.00,0.00,0,0,0.00,0.00,0,0
1508086611,eth1,0.00,0.00,0.00,0,0,0.00,0.00,0.00,0,0,0.00,0.00,0,0
1508086611,s2,0.00,0.00,0.00,0,0,0.00,0.00,0.00,0,0,0.00,0.00,0,0
1508086611,s1-eth2,8481.52,257122.89,265604.41,257380,8490,110.89,169.83,280.72,170,111,0.00,0.00,0,0
1508086611,s1-eth1,249560.45,8481.52,258041.97,8490,249810,164.84,110.89,275.72,111,165,0.00,0.00,0,0
1508086611,s2-eth2,0.00,0.00,0.00,0,0,0.00,0.00,0.00,0,0,0.00,0.00,0,0
1508086611,s2-eth1,0.00,0.00,0.00,0,0,0.00,0.00,0.00,0,0,0.00,0.00,0,0
1508086611,lo,343.66,343.66,687.31,344,344,5.99,5.99,11.99,6,6,0.00,0.00,0,0
1508086611,total,258385.62,265948.06,524333.69,266214,258644,281.72,286.71,568.43,287,282,0.00,0.00,0,0
1508086612,s1,0.00,0.00,0.00,0,0,0.00,0.00,0.00,0,0,0.00,0.00,0,0
1508086612,eth0,0.00,0.00,0.00,0,0,0.00,0.00,0.00,0,0,0.00,0.00,0,0
1508086612,eth1,0.00,0.00,0.00,0,0,0.00,0.00,0.00,0,0,0.00,0.00,0,0
1508086612,s2,0.00,0.00,0.00,0,0,0.00,0.00,0.00,0,0,0.00,0.00,0,0
1508086612,s1-eth2,7934.00,254352.00,262286.00,254352,7934,101.00,168.00,269.00,168,101,0.00,0.00,0,0
1508086612,s1-eth1,249810.00,7592.00,257402.00,7592,249810,165.00,100.00,265.00,100,165,0.00,0.00,0,0
1508086612,s2-eth2,0.00,0.00,0.00,0,0,0.00,0.00,0.00,0,0,0.00,0.00,0,0
1508086612,s2-eth1,0.00,0.00,0.00,0,0,0.00,0.00,0.00,0,0,0.00,0.00,0,0
1508086612,lo,0.00,0.00,0.00,0,0,0.00,0.00,0.00,0,0,0.00,0.00,0,0
1508086612,total,257744.00,261944.00,519688.00,261944,257744,266.00,268.00,534.00,268,266,0.00,0.00,0,0
1508086613,s1,0.00,0.00,0.00,0,0,0.00,0.00,0.00,0,0,0.00,0.00,0,0
1508086613,eth0,0.00,0.00,0.00,0,0,0.00,0.00,0.00,0,0,0.00,0.00,0,0
1508086613,eth1,0.00,0.00,0.00,0,0,0.00,0.00,0.00,0,0,0.00,0.00,0,0
1508086613,s2,0.00,0.00,0.00,0,0,0.00,0.00,0.00,0,0,0.00,0.00,0,0
1508086613,s1-eth2,8982.02,257122.89,266104.91,257380,8991,114.89,169.83,284.72,170,115,0.00,0.00,0,0
1508086613,s1-eth1,251179.83,8949.05,260128.88,8958,251431,166.83,114.89,281.72,115,167,0.00,0.00,0,0
1508086613,s2-eth2,106.89,0.00,106.89,0,107,1.00,0.00,1.00,0,1,0.00,0.00,0,0
1508086613,s2-eth1,106.89,0.00,106.89,0,107,1.00,0.00,1.00,0,1,0.00,0.00,0,0
1508086613,lo,0.00,0.00,0.00,0,0,0.00,0.00,0.00,0,0,0.00,0.00,0,0
1508086613,total,260375.62,266071.94,526447.56,266338,260636,283.72,284.72,568.43,285,284,0.00,0.00,0,0
1508086614,s1,0.00,0.00,0.00,0,0,0.00,0.00,0.00,0,0,0.00,0.00,0,0
1508086614,eth0,0.00,0.00,0.00,0,0,0.00,0.00,0.00,0,0,0.00,0.00,0,0
1508086614,eth1,0.00,0.00,0.00,0,0,0.00,0.00,0.00,0,0,0.00,0.00,0,0
1508086614,s2,0.00,0.00,0.00,0,0,0.00,0.00,0.00,0,0,0.00,0.00,0,0
1508086614,s1-eth2,9402.60,257122.89,266525.47,257380,9412,121.88,169.83,291.71,170,122,0.00,0.00,0,0
1508086614,s1-eth1,249560.45,9328.67,258889.12,9338,249810,164.84,120.88,285.71,121,165,0.00,0.00,0,0
1508086614,s2-eth2,0.00,0.00,0.00,0,0,0.00,0.00,0.00,0,0,0.00,0.00,0,0
1508086614,s2-eth1,0.00,0.00,0.00,0,0,0.00,0.00,0.00,0,0,0.00,0.00,0,0
1508086614,lo,0.00,0.00,0.00,0,0,0.00,0.00,0.00,0,0,0.00,0.00,0,0
1508086614,total,258963.05,266451.56,525414.62,266718,259222,286.71,290.71,577.42,291,287,0.00,0.00,0,0
1508086615,s1,0.00,0.00,0.00,0,0,0.00,0.00,0.00,0,0,0.00,0.00,0,0
1508086615,eth0,0.00,0.00,0.00,0,0,0.00,0.00,0.00,0,0,0.00,0.00,0,0
1508086615,eth1,0.00,0.00,0.00,0,0,0.00,0.00,0.00,0,0,0.00,0.00,0,0
1508086615,s2,0.00,0.00,0.00,0,0,0.00,0.00,0.00,0,0,0.00,0.00,0,0
1508086615,s1-eth2,9534.00,264950.00,274484.00,264950,9534,123.00,175.00,298.00,175,123,0.00,0.00,0,0
1508086615,s1-eth1,249810.00,9534.00,259344.00,9534,249810,165.00,123.00,288.00,123,165,0.00,0.00,0,0
1508086615,s2-eth2,0.00,0.00,0.00,0,0,0.00,0.00,0.00,0,0,0.00,0.00,0,0
1508086615,s2-eth1,0.00,0.00,0.00,0,0,0.00,0.00,0.00,0,0,0.00,0.00,0,0
1508086615,lo,0.00,0.00,0.00,0,0,0.00,0.00,0.00,0,0,0.00,0.00,0,0
1508086615,total,259344.00,274484.00,533828.00,274484,259344,288.00,298.00,586.00,298,288,0.00,0.00,0,0
1508086616,s1,0.00,0.00,0.00,0,0,0.00,0.00,0.00,0,0,0.00,0.00,0,0
1508086616,eth0,0.00,0.00,0.00,0,0,0.00,0.00,0.00,0,0,0.00,0.00,0,0
1508086616,eth1,0.00,0.00,0.00,0,0,0.00,0.00,0.00,0,0,0.00,0.00,0,0
1508086616,s2,0.00,0.00,0.00,0,0,0.00,0.00,0.00,0,0,0.00,0.00,0,0
1508086616,s1-eth2,10356.00,257380.00,267736.00,257380,10356,134.00,170.00,304.00,170,134,0.00,0.00,0,0
1508086616,s1-eth1,249810.00,10356.00,260166.00,10356,249810,165.00,134.00,299.00,134,165,0.00,0.00,0,0
1508086616,s2-eth2,0.00,0.00,0.00,0,0,0.00,0.00,0.00,0,0,0.00,0.00,0,0
1508086616,s2-eth1,0.00,0.00,0.00,0,0,0.00,0.00,0.00,0,0,0.00,0.00,0,0
1508086616,lo,344.00,344.00,688.00,344,344,6.00,6.00,12.00,6,6,0.00,0.00,0,0
1508086616,total,260510.00,268080.00,528590.00,268080,260510,305.00,310.00,615.00,310,305,0.00,0.00,0,0
1508086617,s1,0.00,0.00,0.00,0,0,0.00,0.00,0.00,0,0,0.00,0.00,0,0
1508086617,eth0,0.00,0.00,0.00,0,0,0.00,0.00,0.00,0,0,0.00,0.00,0,0
1508086617,eth1,0.00,0.00,0.00,0,0,0.00,0.00,0.00,0,0,0.00,0.00,0,0
1508086617,s2,0.00,0.00,0.00,0,0,0.00,0.00,0.00,0,0,0.00,0.00,0,0
1508086617,s1-eth2,9536.00,255866.00,265402.00,255866,9536,124.00,169.00,293.00,169,124,0.00,0.00,0,0
1508086617,s1-eth1,251324.00,9536.00,260860.00,9536,251324,166.00,124.00,290.00,124,166,0.00,0.00,0,0
1508086617,s2-eth2,0.00,0.00,0.00,0,0,0.00,0.00,0.00,0,0,0.00,0.00,0,0
1508086617,s2-eth1,0.00,0.00,0.00,0,0,0.00,0.00,0.00,0,0,0.00,0.00,0,0
1508086617,lo,0.00,0.00,0.00,0,0,0.00,0.00,0.00,0,0,0.00,0.00,0,0
1508086617,total,260860.00,265402.00,526262.00,265402,260860,290.00,293.00,583.00,293,290,0.00,0.00,0,0
1508086618,s1,0.00,0.00,0.00,0,0,0.00,0.00,0.00,0,0,0.00,0.00,0,0
1508086618,eth0,0.00,0.00,0.00,0,0,0.00,0.00,0.00,0,0,0.00,0.00,0,0
1508086618,eth1,0.00,0.00,0.00,0,0,0.00,0.00,0.00,0,0,0.00,0.00,0,0
1508086618,s2,0.00,0.00,0.00,0,0,0.00,0.00,0.00,0,0,0.00,0.00,0,0
1508086618,s1-eth2,7972.00,254352.00,262324.00,254352,7972,104.00,168.00,272.00,168,104,0.00,0.00,0,0
1508086618,s1-eth1,249810.00,7972.00,257782.00,7972,249810,165.00,104.00,269.00,104,165,0.00,0.00,0,0
1508086618,s2-eth2,0.00,0.00,0.00,0,0,0.00,0.00,0.00,0,0,0.00,0.00,0,0
1508086618,s2-eth1,0.00,0.00,0.00,0,0,0.00,0.00,0.00,0,0,0.00,0.00,0,0
1508086618,lo,0.00,0.00,0.00,0,0,0.00,0.00,0.00,0,0,0.00,0.00,0,0
1508086618,total,257782.00,262324.00,520106.00,262324,257782,269.00,272.00,541.00,272,269,0.00,0.00,0,0
1508086619,s1,0.00,0.00,0.00,0,0,0.00,0.00,0.00,0,0,0.00,0.00,0,0
1508086619,eth0,0.00,0.00,0.00,0,0,0.00,0.00,0.00,0,0,0.00,0.00,0,0
1508086619,eth1,0.00,0.00,0.00,0,0,0.00,0.00,0.00,0,0,0.00,0.00,0,0
1508086619,s2,0.00,0.00,0.00,0,0,0.00,0.00,0.00,0,0,0.00,0.00,0,0
1508086619,s1-eth2,9880.00,260408.00,270288.00,260408,9880,128.00,172.00,300.00,172,128,0.00,0.00,0,0
1508086619,s1-eth1,245268.00,9880.00,255148.00,9880,245268,162.00,128.00,290.00,128,162,0.00,0.00,0,0
1508086619,s2-eth2,0.00,0.00,0.00,0,0,0.00,0.00,0.00,0,0,0.00,0.00,0,0
1508086619,s2-eth1,0.00,0.00,0.00,0,0,0.00,0.00,0.00,0,0,0.00,0.00,0,0
1508086619,lo,0.00,0.00,0.00,0,0,0.00,0.00,0.00,0,0,0.00,0.00,0,0
1508086619,total,255148.00,270288.00,525436.00,270288,255148,290.00,300.00,590.00,300,290,0.00,0.00,0,0
1508086620,s1,0.00,0.00,0.00,0,0,0.00,0.00,0.00,0,0,0.00,0.00,0,0
1508086620,eth0,0.00,0.00,0.00,0,0,0.00,0.00,0.00,0,0,0.00,0.00,0,0
1508086620,eth1,0.00,0.00,0.00,0,0,0.00,0.00,0.00,0,0,0.00,0.00,0,0
1508086620,s2,0.00,0.00,0.00,0,0,0.00,0.00,0.00,0,0,0.00,0.00,0,0
1508086620,s1-eth2,9710.29,258635.38,268345.66,258894,9720,125.87,170.83,296.70,171,126,0.00,0.00,0,0
1508086620,s1-eth1,249560.45,9710.29,259270.73,9720,249810,164.84,125.87,290.71,126,165,0.00,0.00,0,0
1508086620,s2-eth2,0.00,0.00,0.00,0,0,0.00,0.00,0.00,0,0,0.00,0.00,0,0
1508086620,s2-eth1,341.66,0.00,341.66,0,342,1.00,0.00,1.00,0,1,0.00,0.00,0,0
1508086620,lo,0.00,0.00,0.00,0,0,0.00,0.00,0.00,0,0,0.00,0.00,0,0
1508086620,total,259612.39,268345.66,527958.06,268614,259872,291.71,296.70,588.41,297,292,0.00,0.00,0,0
1508086621,s1,0.00,0.00,0.00,0,0,0.00,0.00,0.00,0,0,0.00,0.00,0,0
1508086621,eth0,0.00,0.00,0.00,0,0,0.00,0.00,0.00,0,0,0.00,0.00,0,0
1508086621,eth1,0.00,0.00,0.00,0,0,0.00,0.00,0.00,0,0,0.00,0.00,0,0
1508086621,s2,0.00,0.00,0.00,0,0,0.00,0.00,0.00,0,0,0.00,0.00,0,0
1508086621,s1-eth2,10174.00,257380.00,267554.00,257380,10174,131.00,170.00,301.00,170,131,0.00,0.00,0,0
1508086621,s1-eth1,249810.00,10248.00,260058.00,10248,249810,165.00,132.00,297.00,132,165,0.00,0.00,0,0
1508086621,s2-eth2,0.00,0.00,0.00,0,0,0.00,0.00,0.00,0,0,0.00,0.00,0,0
1508086621,s2-eth1,0.00,0.00,0.00,0,0,0.00,0.00,0.00,0,0,0.00,0.00,0,0
1508086621,lo,344.00,344.00,688.00,344,344,6.00,6.00,12.00,6,6,0.00,0.00,0,0
1508086621,total,260328.00,267972.00,528300.00,267972,260328,302.00,308.00,610.00,308,302,0.00,0.00,0,0
1508086622,s1,0.00,0.00,0.00,0,0,0.00,0.00,0.00,0,0,0.00,0.00,0,0
1508086622,eth0,0.00,0.00,0.00,0,0,0.00,0.00,0.00,0,0,0.00,0.00,0,0
1508086622,eth1,0.00,0.00,0.00,0,0,0.00,0.00,0.00,0,0,0.00,0.00,0,0
1508086622,s2,0.00,0.00,0.00,0,0,0.00,0.00,0.00,0,0,0.00,0.00,0,0
1508086622,s1-eth2,8686.00,257380.00,266066.00,257380,8686,113.00,170.00,283.00,170,113,0.00,0.00,0,0
1508086622,s1-eth1,249810.00,8612.00,258422.00,8612,249810,165.00,112.00,277.00,112,165,0.00,0.00,0,0
1508086622,s2-eth2,0.00,0.00,0.00,0,0,0.00,0.00,0.00,0,0,0.00,0.00,0,0
1508086622,s2-eth1,0.00,0.00,0.00,0,0,0.00,0.00,0.00,0,0,0.00,0.00,0,0
1508086622,lo,0.00,0.00,0.00,0,0,0.00,0.00,0.00,0,0,0.00,0.00,0,0
1508086622,total,258496.00,265992.00,524488.00,265992,258496,278.00,282.00,560.00,282,278,0.00,0.00,0,0
1508086623,s1,0.00,0.00,0.00,0,0,0.00,0.00,0.00,0,0,0.00,0.00,0,0
1508086623,eth0,0.00,0.00,0.00,0,0,0.00,0.00,0.00,0,0,0.00,0.00,0,0
1508086623,eth1,0.00,0.00,0.00,0,0,0.00,0.00,0.00,0,0,0.00,0.00,0,0
1508086623,s2,0.00,0.00,0.00,0,0,0.00,0.00,0.00,0,0,0.00,0.00,0,0
1508086623,s1-eth2,7690.00,255866.00,263556.00,255866,7690,99.00,169.00,268.00,169,99,0.00,0.00,0,0
1508086623,s1-eth1,249810.00,7348.00,257158.00,7348,249810,165.00,98.00,263.00,98,165,0.00,0.00,0,0
1508086623,s2-eth2,342.00,0.00,342.00,0,342,1.00,0.00,1.00,0,1,0.00,0.00,0,0
1508086623,s2-eth1,0.00,0.00,0.00,0,0,0.00,0.00,0.00,0,0,0.00,0.00,0,0
1508086623,lo,0.00,0.00,0.00,0,0,0.00,0.00,0.00,0,0,0.00,0.00,0,0
1508086623,total,257842.00,263214.00,521056.00,263214,257842,265.00,267.00,532.00,267,265,0.00,0.00,0,0
1508086624,s1,0.00,0.00,0.00,0,0,0.00,0.00,0.00,0,0,0.00,0.00,0,0
1508086624,eth0,0.00,0.00,0.00,0,0,0.00,0.00,0.00,0,0,0.00,0.00,0,0
1508086624,eth1,0.00,0.00,0.00,0,0,0.00,0.00,0.00,0,0,0.00,0.00,0,0
1508086624,s2,0.00,0.00,0.00,0,0,0.00,0.00,0.00,0,0,0.00,0.00,0,0
1508086624,s1-eth2,10200.00,258894.00,269094.00,258894,10200,130.00,171.00,301.00,171,130,0.00,0.00,0,0
1508086624,s1-eth1,250152.00,10200.00,260352.00,10200,250152,166.00,130.00,296.00,130,166,0.00,0.00,0,0
1508086624,s2-eth2,0.00,0.00,0.00,0,0,0.00,0.00,0.00,0,0,0.00,0.00,0,0
1508086624,s2-eth1,0.00,0.00,0.00,0,0,0.00,0.00,0.00,0,0,0.00,0.00,0,0
1508086624,lo,0.00,0.00,0.00,0,0,0.00,0.00,0.00,0,0,0.00,0.00,0,0
1508086624,total,260352.00,269094.00,529446.00,269094,260352,296.00,301.00,597.00,301,296,0.00,0.00,0,0
1508086625,s1,0.00,0.00,0.00,0,0,0.00,0.00,0.00,0,0,0.00,0.00,0,0
1508086625,eth0,0.00,0.00,0.00,0,0,0.00,0.00,0.00,0,0,0.00,0.00,0,0
1508086625,eth1,0.00,0.00,0.00,0,0,0.00,0.00,0.00,0,0,0.00,0.00,0,0
1508086625,s2,0.00,0.00,0.00,0,0,0.00,0.00,0.00,0,0,0.00,0.00,0,0
1508086625,s1-eth2,8466.00,254352.00,262818.00,254352,8466,111.00,168.00,279.00,168,111,0.00,0.00,0,0
1508086625,s1-eth1,249810.00,8466.00,258276.00,8466,249810,165.00,111.00,276.00,111,165,0.00,0.00,0,0
1508086625,s2-eth2,0.00,0.00,0.00,0,0,0.00,0.00,0.00,0,0,0.00,0.00,0,0
1508086625,s2-eth1,0.00,0.00,0.00,0,0,0.00,0.00,0.00,0,0,0.00,0.00,0,0
1508086625,lo,0.00,0.00,0.00,0,0,0.00,0.00,0.00,0,0,0.00,0.00,0,0
1508086625,total,258276.00,262818.00,521094.00,262818,258276,276.00,279.00,555.00,279,276,0.00,0.00,0,0
1508086626,s1,0.00,0.00,0.00,0,0,0.00,0.00,0.00,0,0,0.00,0.00,0,0
1508086626,eth0,0.00,0.00,0.00,0,0,0.00,0.00,0.00,0,0,0.00,0.00,0,0
1508086626,eth1,0.00,0.00,0.00,0,0,0.00,0.00,0.00,0,0,0.00,0.00,0,0
1508086626,s2,0.00,0.00,0.00,0,0,0.00,0.00,0.00,0,0,0.00,0.00,0,0
1508086626,s1-eth2,8176.00,255866.00,264042.00,255866,8176,106.00,169.00,275.00,169,106,0.00,0.00,0,0
1508086626,s1-eth1,249810.00,8176.00,257986.00,8176,249810,165.00,106.00,271.00,106,165,0.00,0.00,0,0
1508086626,s2-eth2,0.00,0.00,0.00,0,0,0.00,0.00,0.00,0,0,0.00,0.00,0,0
1508086626,s2-eth1,0.00,0.00,0.00,0,0,0.00,0.00,0.00,0,0,0.00,0.00,0,0
1508086626,lo,344.00,344.00,688.00,344,344,6.00,6.00,12.00,6,6,0.00,0.00,0,0
1508086626,total,258330.00,264386.00,522716.00,264386,258330,277.00,281.00,558.00,281,277,0.00,0.00,0,0
1508086627,s1,0.00,0.00,0.00,0,0,0.00,0.00,0.00,0,0,0.00,0.00,0,0
1508086627,eth0,0.00,0.00,0.00,0,0,0.00,0.00,0.00,0,0,0.00,0.00,0,0
1508086627,eth1,0.00,0.00,0.00,0,0,0.00,0.00,0.00,0,0,0.00,0.00,0,0
1508086627,s2,0.00,0.00,0.00,0,0,0.00,0.00,0.00,0,0,0.00,0.00,0,0
1508086627,s1-eth2,9766.00,257380.00,267146.00,257380,9766,125.00,170.00,295.00,170,125,0.00,0.00,0,0
1508086627,s1-eth1,251324.00,9766.00,261090.00,9766,251324,166.00,125.00,291.00,125,166,0.00,0.00,0,0
1508086627,s2-eth2,0.00,0.00,0.00,0,0,0.00,0.00,0.00,0,0,0.00,0.00,0,0
1508086627,s2-eth1,0.00,0.00,0.00,0,0,0.00,0.00,0.00,0,0,0.00,0.00,0,0
1508086627,lo,0.00,0.00,0.00,0,0,0.00,0.00,0.00,0,0,0.00,0.00,0,0
1508086627,total,261090.00,267146.00,528236.00,267146,261090,291.00,295.00,586.00,295,291,0.00,0.00,0,0
1508086628,s1,0.00,0.00,0.00,0,0,0.00,0.00,0.00,0,0,0.00,0.00,0,0
1508086628,eth0,0.00,0.00,0.00,0,0,0.00,0.00,0.00,0,0,0.00,0.00,0,0
1508086628,eth1,0.00,0.00,0.00,0,0,0.00,0.00,0.00,0,0,0.00,0.00,0,0
1508086628,s2,0.00,0.00,0.00,0,0,0.00,0.00,0.00,0,0,0.00,0.00,0,0
1508086628,s1-eth2,8994.00,258894.00,267888.00,258894,8994,117.00,171.00,288.00,171,117,0.00,0.00,0,0
1508086628,s1-eth1,249810.00,8994.00,258804.00,8994,249810,165.00,117.00,282.00,117,165,0.00,0.00,0,0
1508086628,s2-eth2,0.00,0.00,0.00,0,0,0.00,0.00,0.00,0,0,0.00,0.00,0,0
1508086628,s2-eth1,0.00,0.00,0.00,0,0,0.00,0.00,0.00,0,0,0.00,0.00,0,0
1508086628,lo,0.00,0.00,0.00,0,0,0.00,0.00,0.00,0,0,0.00,0.00,0,0
1508086628,total,258804.00,267888.00,526692.00,267888,258804,282.00,288.00,570.00,288,282,0.00,0.00,0,0
1508086629,s1,0.00,0.00,0.00,0,0,0.00,0.00,0.00,0,0,0.00,0.00,0,0
1508086629,eth0,0.00,0.00,0.00,0,0,0.00,0.00,0.00,0,0,0.00,0.00,0,0
1508086629,eth1,0.00,0.00,0.00,0,0,0.00,0.00,0.00,0,0,0.00,0.00,0,0
1508086629,s2,0.00,0.00,0.00,0,0,0.00,0.00,0.00,0,0,0.00,0.00,0,0
1508086629,s1-eth2,9415.00,257422.00,266837.00,257422,9415,123.00,171.00,294.00,171,123,0.00,0.00,0,0
1508086629,s1-eth1,249959.00,9308.00,259267.00,9308,249959,167.00,122.00,289.00,122,167,0.00,0.00,0,0
1508086629,s2-eth2,449.00,0.00,449.00,0,449,2.00,0.00,2.00,0,2,0.00,0.00,0,0
1508086629,s2-eth1,107.00,0.00,107.00,0,107,1.00,0.00,1.00,0,1,0.00,0.00,0,0
1508086629,lo,296.00,296.00,592.00,296,296,3.00,3.00,6.00,3,3,0.00,0.00,0,0
1508086629,total,260226.00,267026.00,527252.00,267026,260226,296.00,296.00,592.00,296,296,0.00,0.00,0,0
1508086630,s1,0.00,0.00,0.00,0,0,0.00,0.00,0.00,0,0,0.00,0.00,0,0
1508086630,eth0,0.00,0.00,0.00,0,0,0.00,0.00,0.00,0,0,0.00,0.00,0,0
1508086630,eth1,0.00,0.00,0.00,0,0,0.00,0.00,0.00,0,0,0.00,0.00,0,0
1508086630,s2,0.00,0.00,0.00,0,0,0.00,0.00,0.00,0,0,0.00,0.00,0,0
1508086630,s1-eth2,10421.58,260147.86,270569.44,260408,10432,133.87,171.83,305.69,172,134,0.00,0.00,0,0
1508086630,s1-eth1,246535.47,10421.58,256957.05,10432,246782,162.84,133.87,296.70,134,163,0.00,0.00,0,0
1508086630,s2-eth2,0.00,0.00,0.00,0,0,0.00,0.00,0.00,0,0,0.00,0.00,0,0
1508086630,s2-eth1,0.00,0.00,0.00,0,0,0.00,0.00,0.00,0,0,0.00,0.00,0,0
1508086630,lo,0.00,0.00,0.00,0,0,0.00,0.00,0.00,0,0,0.00,0.00,0,0
1508086630,total,256957.05,270569.44,527526.50,270840,257214,296.70,305.69,602.40,306,297,0.00,0.00,0,0
1508086631,s1,0.00,0.00,0.00,0,0,0.00,0.00,0.00,0,0,0.00,0.00,0,0
1508086631,eth0,0.00,0.00,0.00,0,0,0.00,0.00,0.00,0,0,0.00,0.00,0,0
1508086631,eth1,0.00,0.00,0.00,0,0,0.00,0.00,0.00,0,0,0.00,0.00,0,0
1508086631,s2,0.00,0.00,0.00,0,0,0.00,0.00,0.00,0,0,0.00,0.00,0,0
1508086631,s1-eth2,7064.00,255866.00,262930.00,255866,7064,94.00,169.00,263.00,169,94,0.00,0.00,0,0
1508086631,s1-eth1,249810.00,7064.00,256874.00,7064,249810,165.00,94.00,259.00,94,165,0.00,0.00,0,0
1508086631,s2-eth2,0.00,0.00,0.00,0,0,0.00,0.00,0.00,0,0,0.00,0.00,0,0
1508086631,s2-eth1,0.00,0.00,0.00,0,0,0.00,0.00,0.00,0,0,0.00,0.00,0,0
1508086631,lo,172.00,172.00,344.00,172,172,3.00,3.00,6.00,3,3,0.00,0.00,0,0
1508086631,total,257046.00,263102.00,520148.00,263102,257046,262.00,266.00,528.00,266,262,0.00,0.00,0,0
1508086632,s1,0.00,0.00,0.00,0,0,0.00,0.00,0.00,0,0,0.00,0.00,0,0
1508086632,eth0,0.00,0.00,0.00,0,0,0.00,0.00,0.00,0,0,0.00,0.00,0,0
1508086632,eth1,0.00,0.00,0.00,0,0,0.00,0.00,0.00,0,0,0.00,0.00,0,0
1508086632,s2,0.00,0.00,0.00,0,0,0.00,0.00,0.00,0,0,0.00,0.00,0,0
1508086632,s1-eth2,8594.00,252838.00,261432.00,252838,8594,111.00,167.00,278.00,167,111,0.00,0.00,0,0
1508086632,s1-eth1,249810.00,8594.00,258404.00,8594,249810,165.00,111.00,276.00,111,165,0.00,0.00,0,0
1508086632,s2-eth2,0.00,0.00,0.00,0,0,0.00,0.00,0.00,0,0,0.00,0.00,0,0
1508086632,s2-eth1,0.00,0.00,0.00,0,0,0.00,0.00,0.00,0,0,0.00,0.00,0,0
1508086632,lo,0.00,0.00,0.00,0,0,0.00,0.00,0.00,0,0,0.00,0.00,0,0
1508086632,total,258404.00,261432.00,519836.00,261432,258404,276.00,278.00,554.00,278,276,0.00,0.00,0,0
1508086633,s1,0.00,0.00,0.00,0,0,0.00,0.00,0.00,0,0,0.00,0.00,0,0
1508086633,eth0,0.00,0.00,0.00,0,0,0.00,0.00,0.00,0,0,0.00,0.00,0,0
1508086633,eth1,0.00,0.00,0.00,0,0,0.00,0.00,0.00,0,0,0.00,0.00,0,0
1508086633,s2,0.00,0.00,0.00,0,0,0.00,0.00,0.00,0,0,0.00,0.00,0,0
1508086633,s1-eth2,9938.00,255866.00,265804.00,255866,9938,125.00,169.00,294.00,169,125,0.00,0.00,0,0
1508086633,s1-eth1,248296.00,9596.00,257892.00,9596,248296,164.00,124.00,288.00,124,164,0.00,0.00,0,0
1508086633,s2-eth2,0.00,0.00,0.00,0,0,0.00,0.00,0.00,0,0,0.00,0.00,0,0
1508086633,s2-eth1,0.00,0.00,0.00,0,0,0.00,0.00,0.00,0,0,0.00,0.00,0,0
1508086633,lo,0.00,0.00,0.00,0,0,0.00,0.00,0.00,0,0,0.00,0.00,0,0
1508086633,total,258234.00,265462.00,523696.00,265462,258234,289.00,293.00,582.00,293,289,0.00,0.00,0,0
1508086634,s1,0.00,0.00,0.00,0,0,0.00,0.00,0.00,0,0,0.00,0.00,0,0
1508086634,eth0,0.00,0.00,0.00,0,0,0.00,0.00,0.00,0,0,0.00,0.00,0,0
1508086634,eth1,0.00,0.00,0.00,0,0,0.00,0.00,0.00,0,0,0.00,0.00,0,0
1508086634,s2,0.00,0.00,0.00,0,0,0.00,0.00,0.00,0,0,0.00,0.00,0,0
1508086634,s1-eth2,11016.00,245268.00,256284.00,245268,11016,140.00,162.00,302.00,162,140,0.00,0.00,0,0
1508086634,s1-eth1,230128.00,11016.00,241144.00,11016,230128,152.00,140.00,292.00,140,152,0.00,0.00,0,0
1508086634,s2-eth2,0.00,0.00,0.00,0,0,0.00,0.00,0.00,0,0,0.00,0.00,0,0
1508086634,s2-eth1,0.00,0.00,0.00,0,0,0.00,0.00,0.00,0,0,0.00,0.00,0,0
1508086634,lo,172.00,172.00,344.00,172,172,3.00,3.00,6.00,3,3,0.00,0.00,0,0
1508086634,total,241316.00,256456.00,497772.00,256456,241316,295.00,305.00,600.00,305,295,0.00,0.00,0,0
1508086635,s1,0.00,0.00,0.00,0,0,0.00,0.00,0.00,0,0,0.00,0.00,0,0
1508086635,eth0,0.00,0.00,0.00,0,0,0.00,0.00,0.00,0,0,0.00,0.00,0,0
1508086635,eth1,0.00,0.00,0.00,0,0,0.00,0.00,0.00,0,0,0.00,0.00,0,0
1508086635,s2,0.00,0.00,0.00,0,0,0.00,0.00,0.00,0,0,0.00,0.00,0,0
1508086635,s1-eth2,7936.00,254352.00,262288.00,254352,7936,104.00,168.00,272.00,168,104,0.00,0.00,0,0
1508086635,s1-eth1,240726.00,7936.00,248662.00,7936,240726,159.00,104.00,263.00,104,159,0.00,0.00,0,0
1508086635,s2-eth2,0.00,0.00,0.00,0,0,0.00,0.00,0.00,0,0,0.00,0.00,0,0
1508086635,s2-eth1,0.00,0.00,0.00,0,0,0.00,0.00,0.00,0,0,0.00,0.00,0,0
1508086635,lo,0.00,0.00,0.00,0,0,0.00,0.00,0.00,0,0,0.00,0.00,0,0
1508086635,total,248662.00,262288.00,510950.00,262288,248662,263.00,272.00,535.00,272,263,0.00,0.00,0,0
1508086636,s1,0.00,0.00,0.00,0,0,0.00,0.00,0.00,0,0,0.00,0.00,0,0
1508086636,eth0,0.00,0.00,0.00,0,0,0.00,0.00,0.00,0,0,0.00,0.00,0,0
1508086636,eth1,0.00,0.00,0.00,0,0,0.00,0.00,0.00,0,0,0.00,0.00,0,0
1508086636,s2,0.00,0.00,0.00,0,0,0.00,0.00,0.00,0,0,0.00,0.00,0,0
1508086636,s1-eth2,9572.43,255610.39,265182.81,255866,9582,122.88,168.83,291.71,169,123,0.00,0.00,0,0
1508086636,s1-eth1,249560.45,9572.43,259132.88,9582,249810,164.84,122.88,287.71,123,165,0.00,0.00,0,0
1508086636,s2-eth2,0.00,0.00,0.00,0,0,0.00,0.00,0.00,0,0,0.00,0.00,0,0
1508086636,s2-eth1,341.66,0.00,341.66,0,342,1.00,0.00,1.00,0,1,0.00,0.00,0,0
1508086636,lo,171.83,171.83,343.66,172,172,3.00,3.00,5.99,3,3,0.00,0.00,0,0
1508086636,total,259646.36,265354.66,525001.00,265620,259906,291.71,294.71,586.41,295,292,0.00,0.00,0,0
1508086637,s1,0.00,0.00,0.00,0,0,0.00,0.00,0.00,0,0,0.00,0.00,0,0
1508086637,eth0,0.00,0.00,0.00,0,0,0.00,0.00,0.00,0,0,0.00,0.00,0,0
1508086637,eth1,0.00,0.00,0.00,0,0,0.00,0.00,0.00,0,0,0.00,0.00,0,0
1508086637,s2,0.00,0.00,0.00,0,0,0.00,0.00,0.00,0,0,0.00,0.00,0,0
1508086637,s1-eth2,9152.00,258894.00,268046.00,258894,9152,118.00,171.00,289.00,171,118,0.00,0.00,0,0
1508086637,s1-eth1,249560.45,9142.86,258703.30,9152,249810,164.84,117.88,282.72,118,165,0.00,0.00,0,0
1508086637,s2-eth2,0.00,0.00,0.00,0,0,0.00,0.00,0.00,0,0,0.00,0.00,0,0
1508086637,s2-eth1,0.00,0.00,0.00,0,0,0.00,0.00,0.00,0,0,0.00,0.00,0,0
1508086637,lo,0.00,0.00,0.00,0,0,0.00,0.00,0.00,0,0,0.00,0.00,0,0
1508086637,total,258703.30,267778.22,526481.56,268046,258962,282.72,288.71,571.43,289,283,0.00,0.00,0,0
1508086638,s1,0.00,0.00,0.00,0,0,0.00,0.00,0.00,0,0,0.00,0.00,0,0
1508086638,eth0,0.00,0.00,0.00,0,0,0.00,0.00,0.00,0,0,0.00,0.00,0,0
1508086638,eth1,0.00,0.00,0.00,0,0,0.00,0.00,0.00,0,0,0.00,0.00,0,0
1508086638,s2,0.00,0.00,0.00,0,0,0.00,0.00,0.00,0,0,0.00,0.00,0,0
1508086638,s1-eth2,10354.00,260408.00,270762.00,260408,10354,133.00,172.00,305.00,172,133,0.00,0.00,0,0
1508086638,s1-eth1,249810.00,10354.00,260164.00,10354,249810,165.00,133.00,298.00,133,165,0.00,0.00,0,0
1508086638,s2-eth2,0.00,0.00,0.00,0,0,0.00,0.00,0.00,0,0,0.00,0.00,0,0
1508086638,s2-eth1,0.00,0.00,0.00,0,0,0.00,0.00,0.00,0,0,0.00,0.00,0,0
1508086638,lo,0.00,0.00,0.00,0,0,0.00,0.00,0.00,0,0,0.00,0.00,0,0
1508086638,total,260164.00,270762.00,530926.00,270762,260164,298.00,305.00,603.00,305,298,0.00,0.00,0,0
1508086639,s1,0.00,0.00,0.00,0,0,0.00,0.00,0.00,0,0,0.00,0.00,0,0
1508086639,eth0,0.00,0.00,0.00,0,0,0.00,0.00,0.00,0,0,0.00,0.00,0,0
1508086639,eth1,0.00,0.00,0.00,0,0,0.00,0.00,0.00,0,0,0.00,0.00,0,0
1508086639,s2,0.00,0.00,0.00,0,0,0.00,0.00,0.00,0,0,0.00,0.00,0,0
1508086639,s1-eth2,6897.10,255610.39,262507.50,255866,6904,91.91,168.83,260.74,169,92,0.00,0.00,0,0
1508086639,s1-eth1,251072.94,6897.10,257970.03,6904,251324,165.83,91.91,257.74,92,166,0.00,0.00,0,0
1508086639,s2-eth2,0.00,0.00,0.00,0,0,0.00,0.00,0.00,0,0,0.00,0.00,0,0
1508086639,s2-eth1,0.00,0.00,0.00,0,0,0.00,0.00,0.00,0,0,0.00,0.00,0,0
1508086639,lo,171.83,171.83,343.66,172,172,3.00,3.00,5.99,3,3,0.00,0.00,0,0
1508086639,total,258141.86,262679.31,520821.19,262942,258400,260.74,263.74,524.48,264,261,0.00,0.00,0,0
1508086640,s1,0.00,0.00,0.00,0,0,0.00,0.00,0.00,0,0,0.00,0.00,0,0
1508086640,eth0,0.00,0.00,0.00,0,0,0.00,0.00,0.00,0,0,0.00,0.00,0,0
1508086640,eth1,0.00,0.00,0.00,0,0,0.00,0.00,0.00,0,0,0.00,0.00,0,0
1508086640,s2,0.00,0.00,0.00,0,0,0.00,0.00,0.00,0,0,0.00,0.00,0,0
1508086640,s1-eth2,9608.39,255610.39,265218.78,255866,9618,122.88,168.83,291.71,169,123,0.00,0.00,0,0
1508086640,s1-eth1,249560.45,9608.39,259168.84,9618,249810,164.84,122.88,287.71,123,165,0.00,0.00,0,0
1508086640,s2-eth2,0.00,0.00,0.00,0,0,0.00,0.00,0.00,0,0,0.00,0.00,0,0
1508086640,s2-eth1,0.00,0.00,0.00,0,0,0.00,0.00,0.00,0,0,0.00,0.00,0,0
1508086640,lo,0.00,0.00,0.00,0,0,0.00,0.00,0.00,0,0,0.00,0.00,0,0
1508086640,total,259168.84,265218.78,524387.62,265484,259428,287.71,291.71,579.42,292,288,0.00,0.00,0,0
1508086641,s1,0.00,0.00,0.00,0,0,0.00,0.00,0.00,0,0,0.00,0.00,0,0
1508086641,eth0,0.00,0.00,0.00,0,0,0.00,0.00,0.00,0,0,0.00,0.00,0,0
1508086641,eth1,0.00,0.00,0.00,0,0,0.00,0.00,0.00,0,0,0.00,0.00,0,0
1508086641,s2,0.00,0.00,0.00,0,0,0.00,0.00,0.00,0,0,0.00,0.00,0,0
1508086641,s1-eth2,9956.04,255610.39,265566.44,255866,9966,128.87,168.83,297.70,169,129,0.00,0.00,0,0
1508086641,s1-eth1,249560.45,9956.04,259516.48,9966,249810,164.84,128.87,293.71,129,165,0.00,0.00,0,0
1508086641,s2-eth2,0.00,0.00,0.00,0,0,0.00,0.00,0.00,0,0,0.00,0.00,0,0
1508086641,s2-eth1,0.00,0.00,0.00,0,0,0.00,0.00,0.00,0,0,0.00,0.00,0,0
1508086641,lo,171.83,171.83,343.66,172,172,3.00,3.00,5.99,3,3,0.00,0.00,0,0
1508086641,total,259688.31,265738.28,525426.56,266004,259948,296.70,300.70,597.40,301,297,0.00,0.00,0,0
1508086642,s1,0.00,0.00,0.00,0,0,0.00,0.00,0.00,0,0,0.00,0.00,0,0
1508086642,eth0,0.00,0.00,0.00,0,0,0.00,0.00,0.00,0,0,0.00,0.00,0,0
1508086642,eth1,0.00,0.00,0.00,0,0,0.00,0.00,0.00,0,0,0.00,0.00,0,0
1508086642,s2,0.00,0.00,0.00,0,0,0.00,0.00,0.00,0,0,0.00,0.00,0,0
1508086642,s1-eth2,7648.00,198334.00,205982.00,198334,7648,98.00,131.00,229.00,131,98,0.00,0.00,0,0
1508086642,s1-eth1,189250.00,7734.00,196984.00,7734,189250,125.00,99.00,224.00,99,125,0.00,0.00,0,0
1508086642,s2-eth2,0.00,0.00,0.00,0,0,0.00,0.00,0.00,0,0,0.00,0.00,0,0
1508086642,s2-eth1,0.00,0.00,0.00,0,0,0.00,0.00,0.00,0,0,0.00,0.00,0,0
1508086642,lo,0.00,0.00,0.00,0,0,0.00,0.00,0.00,0,0,0.00,0.00,0,0
1508086642,total,196898.00,206068.00,402966.00,206068,196898,223.00,230.00,453.00,230,223,0.00,0.00,0,0
1508086643,s1,0.00,0.00,0.00,0,0,0.00,0.00,0.00,0,0,0.00,0.00,0,0
1508086643,eth0,0.00,0.00,0.00,0,0,0.00,0.00,0.00,0,0,0.00,0.00,0,0
1508086643,eth1,0.00,0.00,0.00,0,0,0.00,0.00,0.00,0,0,0.00,0.00,0,0
1508086643,s2,0.00,0.00,0.00,0,0,0.00,0.00,0.00,0,0,0.00,0.00,0,0
1508086643,s1-eth2,7592.00,257380.00,264972.00,257380,7592,100.00,170.00,270.00,170,100,0.00,0.00,0,0
1508086643,s1-eth1,249810.00,7506.00,257316.00,7506,249810,165.00,99.00,264.00,99,165,0.00,0.00,0,0
1508086643,s2-eth2,0.00,0.00,0.00,0,0,0.00,0.00,0.00,0,0,0.00,0.00,0,0
1508086643,s2-eth1,0.00,0.00,0.00,0,0,0.00,0.00,0.00,0,0,0.00,0.00,0,0
1508086643,lo,0.00,0.00,0.00,0,0,0.00,0.00,0.00,0,0,0.00,0.00,0,0
1508086643,total,257402.00,264886.00,522288.00,264886,257402,265.00,269.00,534.00,269,265,0.00,0.00,0,0
1508086644,s1,0.00,0.00,0.00,0,0,0.00,0.00,0.00,0,0,0.00,0.00,0,0
1508086644,eth0,0.00,0.00,0.00,0,0,0.00,0.00,0.00,0,0,0.00,0.00,0,0
1508086644,eth1,0.00,0.00,0.00,0,0,0.00,0.00,0.00,0,0,0.00,0.00,0,0
1508086644,s2,0.00,0.00,0.00,0,0,0.00,0.00,0.00,0,0,0.00,0.00,0,0
1508086644,s1-eth2,10500.00,261922.00,272422.00,261922,10500,134.00,173.00,307.00,173,134,0.00,0.00,0,0
1508086644,s1-eth1,249810.00,10500.00,260310.00,10500,249810,165.00,134.00,299.00,134,165,0.00,0.00,0,0
1508086644,s2-eth2,0.00,0.00,0.00,0,0,0.00,0.00,0.00,0,0,0.00,0.00,0,0
1508086644,s2-eth1,0.00,0.00,0.00,0,0,0.00,0.00,0.00,0,0,0.00,0.00,0,0
1508086644,lo,172.00,172.00,344.00,172,172,3.00,3.00,6.00,3,3,0.00,0.00,0,0
1508086644,total,260482.00,272594.00,533076.00,272594,260482,302.00,310.00,612.00,310,302,0.00,0.00,0,0
1508086645,s1,0.00,0.00,0.00,0,0,0.00,0.00,0.00,0,0,0.00,0.00,0,0
1508086645,eth0,455.54,734.27,1189.81,735,456,5.99,5.99,11.99,6,6,0.00,0.00,0,0
1508086645,eth1,0.00,0.00,0.00,0,0,0.00,0.00,0.00,0,0,0.00,0.00,0,0
1508086645,s2,0.00,0.00,0.00,0,0,0.00,0.00,0.00,0,0,0.00,0.00,0,0
1508086645,s1-eth2,10523.48,257122.89,267646.38,257380,10534,130.87,169.83,300.70,170,131,0.00,0.00,0,0
1508086645,s1-eth1,247174.83,9884.12,257058.95,9894,247422,166.83,126.87,293.71,127,167,0.00,0.00,0,0
1508086645,s2-eth2,639.36,0.00,639.36,0,640,4.00,0.00,4.00,0,4,0.00,0.00,0,0
1508086645,s2-eth1,341.66,0.00,341.66,0,342,1.00,0.00,1.00,0,1,0.00,0.00,0,0
1508086645,lo,1021.98,1021.98,2043.96,1023,1023,11.99,11.99,23.98,12,12,0.00,0.00,0,0
1508086645,total,260156.84,268763.25,528920.12,269032,260417,320.68,314.69,635.36,315,321,0.00,0.00,0,0
1508086646,s1,0.00,0.00,0.00,0,0,0.00,0.00,0.00,0,0,0.00,0.00,0,0
1508086646,eth0,759.24,979.02,1738.26,980,760,9.99,7.99,17.98,8,10,0.00,0.00,0,0
1508086646,eth1,0.00,0.00,0.00,0,0,0.00,0.00,0.00,0,0,0.00,0.00,0,0
1508086646,s2,0.00,0.00,0.00,0,0,0.00,0.00,0.00,0,0,0.00,0.00,0,0
1508086646,s1-eth2,10636.36,257122.89,267759.25,257380,10647,125.87,169.83,295.70,170,126,0.00,0.00,0,0
1508086646,s1-eth1,250378.62,8859.14,259237.77,8868,250629,169.83,115.88,285.71,116,170,0.00,0.00,0,0
1508086646,s2-eth2,888.11,0.00,888.11,0,889,5.99,0.00,5.99,0,6,0.00,0.00,0,0
1508086646,s2-eth1,187.81,0.00,187.81,0,188,2.00,0.00,2.00,0,2,0.00,0.00,0,0
1508086646,lo,1658.34,1658.34,3316.68,1660,1660,20.98,20.98,41.96,21,21,0.00,0.00,0,0
1508086646,total,264508.50,268619.38,533127.88,268888,264773,334.67,314.69,649.35,315,335,0.00,0.00,0,0
1508086647,s1,0.00,0.00,0.00,0,0,0.00,0.00,0.00,0,0,0.00,0.00,0,0
1508086647,eth0,151.70,244.51,396.21,245,152,2.00,2.00,3.99,2,2,0.00,0.00,0,0
1508086647,eth1,0.00,0.00,0.00,0,0,0.00,0.00,0.00,0,0,0.00,0.00,0,0
1508086647,s2,0.00,0.00,0.00,0,0,0.00,0.00,0.00,0,0,0.00,0.00,0,0
1508086647,s1-eth2,9827.35,256866.28,266693.62,257380,9847,121.76,169.66,291.42,170,122,0.00,0.00,0,0
1508086647,s1-eth1,249121.77,9207.58,258329.34,9226,249620,169.66,118.76,288.42,119,170,0.00,0.00,0,0
1508086647,s2-eth2,1321.36,0.00,1321.36,0,1324,5.99,0.00,5.99,0,6,0.00,0.00,0,0
1508086647,s2-eth1,2011.98,0.00,2011.98,0,2016,9.98,0.00,9.98,0,10,0.00,0.00,0,0
1508086647,lo,340.32,340.32,680.64,341,341,3.99,3.99,7.98,4,4,0.00,0.00,0,0
1508086647,total,262774.47,266658.69,529433.12,267192,263300,313.37,294.41,607.78,295,314,0.00,0.00,0,0
1508086648,s1,0.00,0.00,0.00,0,0,0.00,0.00,0.00,0,0,0.00,0.00,0,0
1508086648,eth0,0.00,245.00,245.00,245,0,0.00,2.00,2.00,2,0,0.00,0.00,0,0
1508086648,eth1,0.00,0.00,0.00,0,0,0.00,0.00,0.00,0,0,0.00,0.00,0,0
1508086648,s2,0.00,0.00,0.00,0,0,0.00,0.00,0.00,0,0,0.00,0.00,0,0
1508086648,s1-eth2,9281.00,251324.00,260605.00,251324,9281,114.00,166.00,280.00,166,114,0.00,0.00,0,0
1508086648,s1-eth1,241582.00,8612.00,250194.00,8612,241582,162.00,112.00,274.00,112,162,0.00,0.00,0,0
1508086648,s2-eth2,856.00,0.00,856.00,0,856,3.00,0.00,3.00,0,3,0.00,0.00,0,0
1508086648,s2-eth1,636.00,0.00,636.00,0,636,3.00,0.00,3.00,0,3,0.00,0.00,0,0
1508086648,lo,217.00,217.00,434.00,217,217,2.00,2.00,4.00,2,2,0.00,0.00,0,0
1508086648,total,252572.00,260398.00,512970.00,260398,252572,284.00,282.00,566.00,282,284,0.00,0.00,0,0
1508086649,s1,0.00,0.00,0.00,0,0,0.00,0.00,0.00,0,0,0.00,0.00,0,0
1508086649,eth0,0.00,0.00,0.00,0,0,0.00,0.00,0.00,0,0,0.00,0.00,0,0
1508086649,eth1,0.00,0.00,0.00,0,0,0.00,0.00,0.00,0,0,0.00,0.00,0,0
1508086649,s2,0.00,0.00,0.00,0,0,0.00,0.00,0.00,0,0,0.00,0.00,0,0
1508086649,s1-eth2,10030.00,246782.00,256812.00,246782,10030,126.00,163.00,289.00,163,126,0.00,0.00,0,0
1508086649,s1-eth1,245375.00,9656.00,255031.00,9656,245375,163.00,124.00,287.00,124,163,0.00,0.00,0,0
1508086649,s2-eth2,107.00,0.00,107.00,0,107,1.00,0.00,1.00,0,1,0.00,0.00,0,0
1508086649,s2-eth1,327.00,0.00,327.00,0,327,1.00,0.00,1.00,0,1,0.00,0.00,0,0
1508086649,lo,172.00,172.00,344.00,172,172,3.00,3.00,6.00,3,3,0.00,0.00,0,0
1508086649,total,256011.00,256610.00,512621.00,256610,256011,294.00,290.00,584.00,290,294,0.00,0.00,0,0
1508086650,s1,0.00,0.00,0.00,0,0,0.00,0.00,0.00,0,0,0.00,0.00,0,0
1508086650,eth0,60.00,60.00,120.00,60,60,1.00,1.00,2.00,1,1,0.00,0.00,0,0
1508086650,eth1,0.00,0.00,0.00,0,0,0.00,0.00,0.00,0,0,0.00,0.00,0,0
1508086650,s2,0.00,0.00,0.00,0,0,0.00,0.00,0.00,0,0,0.00,0.00,0,0
1508086650,s1-eth2,8429.00,260408.00,268837.00,260408,8429,106.00,172.00,278.00,172,106,0.00,0.00,0,0
1508086650,s1-eth1,248960.00,8032.00,256992.00,8032,248960,167.00,104.00,271.00,104,167,0.00,0.00,0,0
1508086650,s2-eth2,664.00,0.00,664.00,0,664,3.00,0.00,3.00,0,3,0.00,0.00,0,0
1508086650,s2-eth1,374.00,0.00,374.00,0,374,2.00,0.00,2.00,0,2,0.00,0.00,0,0
1508086650,lo,0.00,0.00,0.00,0,0,0.00,0.00,0.00,0,0,0.00,0.00,0,0
1508086650,total,258487.00,268500.00,526987.00,268500,258487,279.00,277.00,556.00,277,279,0.00,0.00,0,0
1508086651,s1,0.00,0.00,0.00,0,0,0.00,0.00,0.00,0,0,0.00,0.00,0,0
1508086651,eth0,0.00,0.00,0.00,0,0,0.00,0.00,0.00,0,0,0.00,0.00,0,0
1508086651,eth1,0.00,0.00,0.00,0,0,0.00,0.00,0.00,0,0,0.00,0.00,0,0
1508086651,s2,0.00,0.00,0.00,0,0,0.00,0.00,0.00,0,0,0.00,0.00,0,0
1508086651,s1-eth2,8675.33,257122.89,265798.22,257380,8684,109.89,169.83,279.72,170,110,0.00,0.00,0,0
1508086651,s1-eth1,251072.94,8407.59,259480.53,8416,251324,165.83,109.89,275.72,110,166,0.00,0.00,0,0
1508086651,s2-eth2,0.00,0.00,0.00,0,0,0.00,0.00,0.00,0,0,0.00,0.00,0,0
1508086651,s2-eth1,396.60,0.00,396.60,0,397,2.00,0.00,2.00,0,2,0.00,0.00,0,0
1508086651,lo,171.83,171.83,343.66,172,172,3.00,3.00,5.99,3,3,0.00,0.00,0,0
1508086651,total,260316.69,265702.31,526019.00,265968,260577,280.72,282.72,563.44,283,281,0.00,0.00,0,0
1508086652,s1,0.00,0.00,0.00,0,0,0.00,0.00,0.00,0,0,0.00,0.00,0,0
1508086652,eth0,0.00,0.00,0.00,0,0,0.00,0.00,0.00,0,0,0.00,0.00,0,0
1508086652,eth1,0.00,0.00,0.00,0,0,0.00,0.00,0.00,0,0,0.00,0.00,0,0
1508086652,s2,0.00,0.00,0.00,0,0,0.00,0.00,0.00,0,0,0.00,0.00,0,0
1508086652,s1-eth2,8294.00,255866.00,264160.00,255866,8294,109.00,169.00,278.00,169,109,0.00,0.00,0,0
1508086652,s1-eth1,248638.00,8220.00,256858.00,8220,248638,165.00,108.00,273.00,108,165,0.00,0.00,0,0
1508086652,s2-eth2,342.00,0.00,342.00,0,342,1.00,0.00,1.00,0,1,0.00,0.00,0,0
1508086652,s2-eth1,342.00,0.00,342.00,0,342,1.00,0.00,1.00,0,1,0.00,0.00,0,0
1508086652,lo,0.00,0.00,0.00,0,0,0.00,0.00,0.00,0,0,0.00,0.00,0,0
1508086652,total,257616.00,264086.00,521702.00,264086,257616,276.00,277.00,553.00,277,276,0.00,0.00,0,0
1508086653,s1,0.00,0.00,0.00,0,0,0.00,0.00,0.00,0,0,0.00,0.00,0,0
1508086653,eth0,0.00,0.00,0.00,0,0,0.00,0.00,0.00,0,0,0.00,0.00,0,0
1508086653,eth1,0.00,0.00,0.00,0,0,0.00,0.00,0.00,0,0,0.00,0.00,0,0
1508086653,s2,0.00,0.00,0.00,0,0,0.00,0.00,0.00,0,0,0.00,0.00,0,0
1508086653,s1-eth2,7025.00,255866.00,262891.00,255866,7025,92.00,169.00,261.00,169,92,0.00,0.00,0,0
1508086653,s1-eth1,251431.00,6918.00,258349.00,6918,251431,167.00,91.00,258.00,91,167,0.00,0.00,0,0
1508086653,s2-eth2,107.00,0.00,107.00,0,107,1.00,0.00,1.00,0,1,0.00,0.00,0,0
1508086653,s2-eth1,0.00,0.00,0.00,0,0,0.00,0.00,0.00,0,0,0.00,0.00,0,0
1508086653,lo,0.00,0.00,0.00,0,0,0.00,0.00,0.00,0,0,0.00,0.00,0,0
1508086653,total,258563.00,262784.00,521347.00,262784,258563,260.00,260.00,520.00,260,260,0.00,0.00,0,0
1508086654,s1,0.00,0.00,0.00,0,0,0.00,0.00,0.00,0,0,0.00,0.00,0,0
1508086654,eth0,0.00,0.00,0.00,0,0,0.00,0.00,0.00,0,0,0.00,0.00,0,0
1508086654,eth1,0.00,0.00,0.00,0,0,0.00,0.00,0.00,0,0,0.00,0.00,0,0
1508086654,s2,0.00,0.00,0.00,0,0,0.00,0.00,0.00,0,0,0.00,0.00,0,0
1508086654,s1-eth2,9828.00,254352.00,264180.00,254352,9828,126.00,168.00,294.00,168,126,0.00,0.00,0,0
1508086654,s1-eth1,249880.00,9758.00,259638.00,9758,249880,166.00,125.00,291.00,125,166,0.00,0.00,0,0
1508086654,s2-eth2,70.00,0.00,70.00,0,70,1.00,0.00,1.00,0,1,0.00,0.00,0,0
1508086654,s2-eth1,107.00,0.00,107.00,0,107,1.00,0.00,1.00,0,1,0.00,0.00,0,0
1508086654,lo,172.00,172.00,344.00,172,172,3.00,3.00,6.00,3,3,0.00,0.00,0,0
1508086654,total,260057.00,264282.00,524339.00,264282,260057,297.00,296.00,593.00,296,297,0.00,0.00,0,0
1508086655,s1,0.00,0.00,0.00,0,0,0.00,0.00,0.00,0,0,0.00,0.00,0,0
1508086655,eth0,0.00,0.00,0.00,0,0,0.00,0.00,0.00,0,0,0.00,0.00,0,0
1508086655,eth1,0.00,0.00,0.00,0,0,0.00,0.00,0.00,0,0,0.00,0.00,0,0
1508086655,s2,0.00,0.00,0.00,0,0,0.00,0.00,0.00,0,0,0.00,0.00,0,0
1508086655,s1-eth2,8478.00,255866.00,264344.00,255866,8478,111.00,169.00,280.00,169,111,0.00,0.00,0,0
1508086655,s1-eth1,249810.00,8478.00,258288.00,8478,249810,165.00,111.00,276.00,111,165,0.00,0.00,0,0
1508086655,s2-eth2,0.00,0.00,0.00,0,0,0.00,0.00,0.00,0,0,0.00,0.00,0,0
1508086655,s2-eth1,70.00,0.00,70.00,0,70,1.00,0.00,1.00,0,1,0.00,0.00,0,0
1508086655,lo,0.00,0.00,0.00,0,0,0.00,0.00,0.00,0,0,0.00,0.00,0,0
1508086655,total,258358.00,264344.00,522702.00,264344,258358,277.00,280.00,557.00,280,277,0.00,0.00,0,0
1508086656,s1,0.00,0.00,0.00,0,0,0.00,0.00,0.00,0,0,0.00,0.00,0,0
1508086656,eth0,0.00,0.00,0.00,0,0,0.00,0.00,0.00,0,0,0.00,0.00,0,0
1508086656,eth1,0.00,0.00,0.00,0,0,0.00,0.00,0.00,0,0,0.00,0.00,0,0
1508086656,s2,0.00,0.00,0.00,0,0,0.00,0.00,0.00,0,0,0.00,0.00,0,0
1508086656,s1-eth2,8109.89,255610.39,263720.28,255866,8118,102.90,168.83,271.73,169,103,0.00,0.00,0,0
1508086656,s1-eth1,249560.45,7768.23,257328.67,7776,249810,164.84,101.90,266.73,102,165,0.00,0.00,0,0
1508086656,s2-eth2,0.00,0.00,0.00,0,0,0.00,0.00,0.00,0,0,0.00,0.00,0,0
1508086656,s2-eth1,0.00,0.00,0.00,0,0,0.00,0.00,0.00,0,0,0.00,0.00,0,0
1508086656,lo,171.83,171.83,343.66,172,172,3.00,3.00,5.99,3,3,0.00,0.00,0,0
1508086656,total,257842.17,263550.47,521392.62,263814,258100,270.73,273.73,544.46,274,271,0.00,0.00,0,0
1508086657,s1,0.00,0.00,0.00,0,0,0.00,0.00,0.00,0,0,0.00,0.00,0,0
1508086657,eth0,0.00,0.00,0.00,0,0,0.00,0.00,0.00,0,0,0.00,0.00,0,0
1508086657,eth1,0.00,0.00,0.00,0,0,0.00,0.00,0.00,0,0,0.00,0.00,0,0
1508086657,s2,0.00,0.00,0.00,0,0,0.00,0.00,0.00,0,0,0.00,0.00,0,0
1508086657,s1-eth2,9734.27,254097.91,263832.19,254352,9744,123.88,167.83,291.71,168,124,0.00,0.00,0,0
1508086657,s1-eth1,249902.11,9734.27,259636.38,9744,250152,165.83,123.88,289.71,124,166,0.00,0.00,0,0
1508086657,s2-eth2,0.00,0.00,0.00,0,0,0.00,0.00,0.00,0,0,0.00,0.00,0,0
1508086657,s2-eth1,0.00,0.00,0.00,0,0,0.00,0.00,0.00,0,0,0.00,0.00,0,0
1508086657,lo,0.00,0.00,0.00,0,0,0.00,0.00,0.00,0,0,0.00,0.00,0,0
1508086657,total,259636.38,263832.19,523468.53,264096,259896,289.71,291.71,581.42,292,290,0.00,0.00,0,0
1508086658,s1,0.00,0.00,0.00,0,0,0.00,0.00,0.00,0,0,0.00,0.00,0,0
1508086658,eth0,0.00,0.00,0.00,0,0,0.00,0.00,0.00,0,0,0.00,0.00,0,0
1508086658,eth1,0.00,0.00,0.00,0,0,0.00,0.00,0.00,0,0,0.00,0.00,0,0
1508086658,s2,0.00,0.00,0.00,0,0,0.00,0.00,0.00,0,0,0.00,0.00,0,0
1508086658,s1-eth2,899.10,10907.09,11806.19,10918,900,11.99,10.99,22.98,11,12,0.00,0.00,0,0
1508086658,s1-eth1,13932.07,899.10,14831.17,900,13946,12.99,11.99,24.98,12,13,0.00,0.00,0,0
1508086658,s2-eth2,341.66,0.00,341.66,0,342,1.00,0.00,1.00,0,1,0.00,0.00,0,0
1508086658,s2-eth1,0.00,0.00,0.00,0,0,0.00,0.00,0.00,0,0,0.00,0.00,0,0
1508086658,lo,0.00,0.00,0.00,0,0,0.00,0.00,0.00,0,0,0.00,0.00,0,0
1508086658,total,15172.83,11806.19,26979.02,11818,15188,25.97,22.98,48.95,23,26,0.00,0.00,0,0
1508086659,s1,0.00,0.00,0.00,0,0,0.00,0.00,0.00,0,0,0.00,0.00,0,0
1508086659,eth0,0.00,0.00,0.00,0,0,0.00,0.00,0.00,0,0,0.00,0.00,0,0
1508086659,eth1,0.00,0.00,0.00,0,0,0.00,0.00,0.00,0,0,0.00,0.00,0,0
1508086659,s2,0.00,0.00,0.00,0,0,0.00,0.00,0.00,0,0,0.00,0.00,0,0
1508086659,s1-eth2,0.00,0.00,0.00,0,0,0.00,0.00,0.00,0,0,0.00,0.00,0,0
1508086659,s1-eth1,0.00,0.00,0.00,0,0,0.00,0.00,0.00,0,0,0.00,0.00,0,0
1508086659,s2-eth2,0.00,0.00,0.00,0,0,0.00,0.00,0.00,0,0,0.00,0.00,0,0
1508086659,s2-eth1,0.00,0.00,0.00,0,0,0.00,0.00,0.00,0,0,0.00,0.00,0,0
1508086659,lo,172.00,172.00,344.00,172,172,3.00,3.00,6.00,3,3,0.00,0.00,0,0
1508086659,total,172.00,172.00,344.00,172,172,3.00,3.00,6.00,3,3,0.00,0.00,0,0
1508086660,s1,0.00,0.00,0.00,0,0,0.00,0.00,0.00,0,0,0.00,0.00,0,0
1508086660,eth0,0.00,0.00,0.00,0,0,0.00,0.00,0.00,0,0,0.00,0.00,0,0
1508086660,eth1,0.00,0.00,0.00,0,0,0.00,0.00,0.00,0,0,0.00,0.00,0,0
1508086660,s2,0.00,0.00,0.00,0,0,0.00,0.00,0.00,0,0,0.00,0.00,0,0
1508086660,s1-eth2,0.00,0.00,0.00,0,0,0.00,0.00,0.00,0,0,0.00,0.00,0,0
1508086660,s1-eth1,0.00,0.00,0.00,0,0,0.00,0.00,0.00,0,0,0.00,0.00,0,0
1508086660,s2-eth2,0.00,0.00,0.00,0,0,0.00,0.00,0.00,0,0,0.00,0.00,0,0
1508086660,s2-eth1,0.00,0.00,0.00,0,0,0.00,0.00,0.00,0,0,0.00,0.00,0,0
1508086660,lo,0.00,0.00,0.00,0,0,0.00,0.00,0.00,0,0,0.00,0.00,0,0
1508086660,total,0.00,0.00,0.00,0,0,0.00,0.00,0.00,0,0,0.00,0.00,0,0
1508086661,s1,0.00,0.00,0.00,0,0,0.00,0.00,0.00,0,0,0.00,0.00,0,0
1508086661,eth0,0.00,0.00,0.00,0,0,0.00,0.00,0.00,0,0,0.00,0.00,0,0
1508086661,eth1,0.00,0.00,0.00,0,0,0.00,0.00,0.00,0,0,0.00,0.00,0,0
1508086661,s2,0.00,0.00,0.00,0,0,0.00,0.00,0.00,0,0,0.00,0.00,0,0
1508086661,s1-eth2,149.00,42.00,191.00,42,149,2.00,1.00,3.00,1,2,0.00,0.00,0,0
1508086661,s1-eth1,149.00,42.00,191.00,42,149,2.00,1.00,3.00,1,2,0.00,0.00,0,0
1508086661,s2-eth2,107.00,0.00,107.00,0,107,1.00,0.00,1.00,0,1,0.00,0.00,0,0
1508086661,s2-eth1,342.00,0.00,342.00,0,342,1.00,0.00,1.00,0,1,0.00,0.00,0,0
1508086661,lo,172.00,172.00,344.00,172,172,3.00,3.00,6.00,3,3,0.00,0.00,0,0
1508086661,total,919.00,256.00,1175.00,256,919,9.00,5.00,14.00,5,9,0.00,0.00,0,0
1508086662,s1,0.00,0.00,0.00,0,0,0.00,0.00,0.00,0,0,0.00,0.00,0,0
1508086662,eth0,0.00,0.00,0.00,0,0,0.00,0.00,0.00,0,0,0.00,0.00,0,0
1508086662,eth1,0.00,0.00,0.00,0,0,0.00,0.00,0.00,0,0,0.00,0.00,0,0
1508086662,s2,0.00,0.00,0.00,0,0,0.00,0.00,0.00,0,0,0.00,0.00,0,0
1508086662,s1-eth2,0.00,0.00,0.00,0,0,0.00,0.00,0.00,0,0,0.00,0.00,0,0
1508086662,s1-eth1,0.00,0.00,0.00,0,0,0.00,0.00,0.00,0,0,0.00,0.00,0,0
1508086662,s2-eth2,0.00,0.00,0.00,0,0,0.00,0.00,0.00,0,0,0.00,0.00,0,0
1508086662,s2-eth1,107.00,0.00,107.00,0,107,1.00,0.00,1.00,0,1,0.00,0.00,0,0
1508086662,lo,0.00,0.00,0.00,0,0,0.00,0.00,0.00,0,0,0.00,0.00,0,0
1508086662,total,107.00,0.00,107.00,0,107,1.00,0.00,1.00,0,1,0.00,0.00,0,0
1508086663,s1,0.00,0.00,0.00,0,0,0.00,0.00,0.00,0,0,0.00,0.00,0,0
1508086663,eth0,0.00,0.00,0.00,0,0,0.00,0.00,0.00,0,0,0.00,0.00,0,0
1508086663,eth1,0.00,0.00,0.00,0,0,0.00,0.00,0.00,0,0,0.00,0.00,0,0
1508086663,s2,0.00,0.00,0.00,0,0,0.00,0.00,0.00,0,0,0.00,0.00,0,0
1508086663,s1-eth2,0.00,0.00,0.00,0,0,0.00,0.00,0.00,0,0,0.00,0.00,0,0
1508086663,s1-eth1,0.00,0.00,0.00,0,0,0.00,0.00,0.00,0,0,0.00,0.00,0,0
1508086663,s2-eth2,0.00,0.00,0.00,0,0,0.00,0.00,0.00,0,0,0.00,0.00,0,0
1508086663,s2-eth1,0.00,0.00,0.00,0,0,0.00,0.00,0.00,0,0,0.00,0.00,0,0
1508086663,lo,0.00,0.00,0.00,0,0,0.00,0.00,0.00,0,0,0.00,0.00,0,0
1508086663,total,0.00,0.00,0.00,0,0,0.00,0.00,0.00,0,0,0.00,0.00,0,0
1508086664,s1,0.00,0.00,0.00,0,0,0.00,0.00,0.00,0,0,0.00,0.00,0,0
1508086664,eth0,0.00,0.00,0.00,0,0,0.00,0.00,0.00,0,0,0.00,0.00,0,0
1508086664,eth1,0.00,0.00,0.00,0,0,0.00,0.00,0.00,0,0,0.00,0.00,0,0
1508086664,s2,0.00,0.00,0.00,0,0,0.00,0.00,0.00,0,0,0.00,0.00,0,0
1508086664,s1-eth2,0.00,0.00,0.00,0,0,0.00,0.00,0.00,0,0,0.00,0.00,0,0
1508086664,s1-eth1,0.00,0.00,0.00,0,0,0.00,0.00,0.00,0,0,0.00,0.00,0,0
1508086664,s2-eth2,0.00,0.00,0.00,0,0,0.00,0.00,0.00,0,0,0.00,0.00,0,0
1508086664,s2-eth1,0.0