1508091427,s1,0.00,0.00,0.00,0,0,0.00,0.00,0.00,0,0,0.00,0.00,0,0
1508091427,eth0,0.00,0.00,0.00,0,0,0.00,0.00,0.00,0,0,0.00,0.00,0,0
1508091427,eth1,0.00,0.00,0.00,0,0,0.00,0.00,0.00,0,0,0.00,0.00,0,0
1508091427,s2,0.00,0.00,0.00,0,0,0.00,0.00,0.00,0,0,0.00,0.00,0,0
1508091427,s1-eth2,0.00,0.00,0.00,0,0,0.00,0.00,0.00,0,0,0.00,0.00,0,0
1508091427,s1-eth1,0.00,0.00,0.00,0,0,0.00,0.00,0.00,0,0,0.00,0.00,0,0
1508091427,s2-eth2,0.00,0.00,0.00,0,0,0.00,0.00,0.00,0,0,0.00,0.00,0,0
1508091427,s2-eth1,0.00,0.00,0.00,0,0,0.00,0.00,0.00,0,0,0.00,0.00,0,0
1508091427,lo,0.00,0.00,0.00,0,0,0.00,0.00,0.00,0,0,0.00,0.00,0,0
1508091427,total,0.00,0.00,0.00,0,0,0.00,0.00,0.00,0,0,0.00,0.00,0,0
1508091428,s1,90.00,90.00,180.00,90,90,1.00,1.00,2.00,1,1,0.00,0.00,0,0
1508091428,eth0,456.00,735.00,1191.00,735,456,6.00,6.00,12.00,6,6,0.00,0.00,0,0
1508091428,eth1,0.00,0.00,0.00,0,0,0.00,0.00,0.00,0,0,0.00,0.00,0,0
1508091428,s2,90.00,500.00,590.00,500,90,1.00,6.00,7.00,6,1,0.00,0.00,0,0
1508091428,s1-eth2,1434.00,90.00,1524.00,90,1434,9.00,1.00,10.00,1,9,0.00,0.00,0,0
1508091428,s1-eth1,1759.00,0.00,1759.00,0,1759,10.00,0.00,10.00,0,10,0.00,0.00,0,0
1508091428,s2-eth2,1339.00,250.00,1589.00,250,1339,11.00,3.00,14.00,3,11,0.00,0.00,0,0
1508091428,s2-eth1,2196.00,250.00,2446.00,250,2196,12.00,3.00,15.00,3,12,0.00,0.00,0,0
1508091428,lo,3419.00,3419.00,6838.00,3419,3419,36.00,36.00,72.00,36,36,0.00,0.00,0,0
1508091428,total,10783.00,5334.00,16117.00,5334,10783,86.00,56.00,142.00,56,86,0.00,0.00,0,0
1508091429,s1,0.00,0.00,0.00,0,0,0.00,0.00,0.00,0,0,0.00,0.00,0,0
1508091429,eth0,151.85,244.76,396.60,245,152,2.00,2.00,4.00,2,2,0.00,0.00,0,0
1508091429,eth1,0.00,0.00,0.00,0,0,0.00,0.00,0.00,0,0,0.00,0.00,0,0
1508091429,s2,0.00,0.00,0.00,0,0,0.00,0.00,0.00,0,0,0.00,0.00,0,0
1508091429,s1-eth2,1134.87,0.00,1134.87,0,1136,5.00,0.00,5.00,0,5,0.00,0.00,0,0
1508091429,s1-eth1,1151.85,0.00,1151.85,0,1153,5.00,0.00,5.00,0,5,0.00,0.00,0,0
1508091429,s2-eth2,1554.45,0.00,1554.45,0,1556,5.99,0.00,5.99,0,6,0.00,0.00,0,0
1508091429,s2-eth1,715.28,0.00,715.28,0,716,3.00,0.00,3.00,0,3,0.00,0.00,0,0
1508091429,lo,340.66,340.66,681.32,341,341,4.00,4.00,7.99,4,4,0.00,0.00,0,0
1508091429,total,5048.95,585.41,5634.37,586,5054,24.98,5.99,30.97,6,25,0.00,0.00,0,0
1508091430,s1,0.00,0.00,0.00,0,0,0.00,0.00,0.00,0,0,0.00,0.00,0,0
1508091430,eth0,0.00,0.00,0.00,0,0,0.00,0.00,0.00,0,0,0.00,0.00,0,0
1508091430,eth1,0.00,0.00,0.00,0,0,0.00,0.00,0.00,0,0,0.00,0.00,0,0
1508091430,s2,0.00,0.00,0.00,0,0,0.00,0.00,0.00,0,0,0.00,0.00,0,0
1508091430,s1-eth2,669.00,0.00,669.00,0,669,2.00,0.00,2.00,0,2,0.00,0.00,0,0
1508091430,s1-eth1,327.00,0.00,327.00,0,327,1.00,0.00,1.00,0,1,0.00,0.00,0,0
1508091430,s2-eth2,594.00,0.00,594.00,0,594,2.00,0.00,2.00,0,2,0.00,0.00,0,0
1508091430,s2-eth1,327.00,0.00,327.00,0,327,1.00,0.00,1.00,0,1,0.00,0.00,0,0
1508091430,lo,0.00,0.00,0.00,0,0,0.00,0.00,0.00,0,0,0.00,0.00,0,0
1508091430,total,1917.00,0.00,1917.00,0,1917,6.00,0.00,6.00,0,6,0.00,0.00,0,0
1508091431,s1,70.00,140.00,210.00,140,70,1.00,2.00,3.00,2,1,0.00,0.00,0,0
1508091431,eth0,60.00,60.00,120.00,60,60,1.00,1.00,2.00,1,1,0.00,0.00,0,0
1508091431,eth1,0.00,0.00,0.00,0,0,0.00,0.00,0.00,0,0,0.00,0.00,0,0
1508091431,s2,70.00,0.00,70.00,0,70,1.00,0.00,1.00,0,1,0.00,0.00,0,0
1508091431,s1-eth2,289.00,112.00,401.00,112,289,4.00,2.00,6.00,2,4,0.00,0.00,0,0
1508091431,s1-eth1,556.00,112.00,668.00,112,556,5.00,2.00,7.00,2,5,0.00,0.00,0,0
1508091431,s2-eth2,177.00,0.00,177.00,0,177,2.00,0.00,2.00,0,2,0.00,0.00,0,0
1508091431,s2-eth1,514.00,0.00,514.00,0,514,4.00,0.00,4.00,0,4,0.00,0.00,0,0
1508091431,lo,1508.00,1508.00,3016.00,1508,1508,15.00,15.00,30.00,15,15,0.00,0.00,0,0
1508091431,total,3244.00,1932.00,5176.00,1932,3244,33.00,22.00,55.00,22,33,0.00,0.00,0,0
1508091432,s1,0.00,0.00,0.00,0,0,0.00,0.00,0.00,0,0,0.00,0.00,0,0
1508091432,eth0,0.00,0.00,0.00,0,0,0.00,0.00,0.00,0,0,0.00,0.00,0,0
1508091432,eth1,0.00,0.00,0.00,0,0,0.00,0.00,0.00,0,0,0.00,0.00,0,0
1508091432,s2,0.00,140.00,140.00,140,0,0.00,2.00,2.00,2,0,0.00,0.00,0,0
1508091432,s1-eth2,664.00,0.00,664.00,0,664,3.00,0.00,3.00,0,3,0.00,0.00,0,0
1508091432,s1-eth1,739.00,0.00,739.00,0,739,3.00,0.00,3.00,0,3,0.00,0.00,0,0
1508091432,s2-eth2,1076.00,70.00,1146.00,70,1076,5.00,1.00,6.00,1,5,0.00,0.00,0,0
1508091432,s2-eth1,739.00,70.00,809.00,70,739,3.00,1.00,4.00,1,3,0.00,0.00,0,0
1508091432,lo,588.00,588.00,1176.00,588,588,7.00,7.00,14.00,7,7,0.00,0.00,0,0
1508091432,total,3806.00,868.00,4674.00,868,3806,21.00,11.00,32.00,11,21,0.00,0.00,0,0
1508091433,s1,0.00,0.00,0.00,0,0,0.00,0.00,0.00,0,0,0.00,0.00,0,0
1508091433,eth0,0.00,0.00,0.00,0,0,0.00,0.00,0.00,0,0,0.00,0.00,0,0
1508091433,eth1,0.00,0.00,0.00,0,0,0.00,0.00,0.00,0,0,0.00,0.00,0,0
1508091433,s2,0.00,0.00,0.00,0,0,0.00,0.00,0.00,0,0,0.00,0.00,0,0
1508091433,s1-eth2,341.66,0.00,341.66,0,342,1.00,0.00,1.00,0,1,0.00,0.00,0,0
1508091433,s1-eth1,0.00,0.00,0.00,0,0,0.00,0.00,0.00,0,0,0.00,0.00,0,0
1508091433,s2-eth2,0.00,0.00,0.00,0,0,0.00,0.00,0.00,0,0,0.00,0.00,0,0
1508091433,s2-eth1,0.00,0.00,0.00,0,0,0.00,0.00,0.00,0,0,0.00,0.00,0,0
1508091433,lo,0.00,0.00,0.00,0,0,0.00,0.00,0.00,0,0,0.00,0.00,0,0
1508091433,total,341.66,0.00,341.66,0,342,1.00,0.00,1.00,0,1,0.00,0.00,0,0
1508091434,s1,0.00,0.00,0.00,0,0,0.00,0.00,0.00,0,0,0.00,0.00,0,0
1508091434,eth0,0.00,0.00,0.00,0,0,0.00,0.00,0.00,0,0,0.00,0.00,0,0
1508091434,eth1,0.00,0.00,0.00,0,0,0.00,0.00,0.00,0,0,0.00,0.00,0,0
1508091434,s2,0.00,0.00,0.00,0,0,0.00,0.00,0.00,0,0,0.00,0.00,0,0
1508091434,s1-eth2,0.00,0.00,0.00,0,0,0.00,0.00,0.00,0,0,0.00,0.00,0,0
1508091434,s1-eth1,0.00,0.00,0.00,0,0,0.00,0.00,0.00,0,0,0.00,0.00,0,0
1508091434,s2-eth2,0.00,0.00,0.00,0,0,0.00,0.00,0.00,0,0,0.00,0.00,0,0
1508091434,s2-eth1,342.00,0.00,342.00,0,342,1.00,0.00,1.00,0,1,0.00,0.00,0,0
1508091434,lo,0.00,0.00,0.00,0,0,0.00,0.00,0.00,0,0,0.00,0.00,0,0
1508091434,total,342.00,0.00,342.00,0,342,1.00,0.00,1.00,0,1,0.00,0.00,0,0
1508091435,s1,70.00,70.00,140.00,70,70,1.00,1.00,2.00,1,1,0.00,0.00,0,0
1508091435,eth0,0.00,0.00,0.00,0,0,0.00,0.00,0.00,0,0,0.00,0.00,0,0
1508091435,eth1,0.00,0.00,0.00,0,0,0.00,0.00,0.00,0,0,0.00,0.00,0,0
1508091435,s2,70.00,0.00,70.00,0,70,1.00,0.00,1.00,0,1,0.00,0.00,0,0
1508091435,s1-eth2,177.00,70.00,247.00,70,177,2.00,1.00,3.00,1,2,0.00,0.00,0,0
1508091435,s1-eth1,247.00,0.00,247.00,0,247,3.00,0.00,3.00,0,3,0.00,0.00,0,0
1508091435,s2-eth2,177.00,0.00,177.00,0,177,2.00,0.00,2.00,0,2,0.00,0.00,0,0
1508091435,s2-eth1,247.00,0.00,247.00,0,247,3.00,0.00,3.00,0,3,0.00,0.00,0,0
1508091435,lo,804.00,804.00,1608.00,804,804,9.00,9.00,18.00,9,9,0.00,0.00,0,0
1508091435,total,1792.00,944.00,2736.00,944,1792,21.00,11.00,32.00,11,21,0.00,0.00,0,0
1508091436,s1,0.00,0.00,0.00,0,0,0.00,0.00,0.00,0,0,0.00,0.00,0,0
1508091436,eth0,0.00,0.00,0.00,0,0,0.00,0.00,0.00,0,0,0.00,0.00,0,0
1508091436,eth1,0.00,0.00,0.00,0,0,0.00,0.00,0.00,0,0,0.00,0.00,0,0
1508091436,s2,0.00,140.00,140.00,140,0,0.00,2.00,2.00,2,0,0.00,0.00,0,0
1508091436,s1-eth2,70.00,0.00,70.00,0,70,1.00,0.00,1.00,0,1,0.00,0.00,0,0
1508091436,s1-eth1,70.00,0.00,70.00,0,70,1.00,0.00,1.00,0,1,0.00,0.00,0,0
1508091436,s2-eth2,140.00,70.00,210.00,70,140,2.00,1.00,3.00,1,2,0.00,0.00,0,0
1508091436,s2-eth1,70.00,70.00,140.00,70,70,1.00,1.00,2.00,1,1,0.00,0.00,0,0
1508091436,lo,536.00,536.00,1072.00,536,536,6.00,6.00,12.00,6,6,0.00,0.00,0,0
1508091436,total,886.00,816.00,1702.00,816,886,11.00,10.00,21.00,10,11,0.00,0.00,0,0
1508091437,s1,0.00,0.00,0.00,0,0,0.00,0.00,0.00,0,0,0.00,0.00,0,0
1508091437,eth0,0.00,0.00,0.00,0,0,0.00,0.00,0.00,0,0,0.00,0.00,0,0
1508091437,eth1,0.00,0.00,0.00,0,0,0.00,0.00,0.00,0,0,0.00,0.00,0,0
1508091437,s2,0.00,0.00,0.00,0,0,0.00,0.00,0.00,0,0,0.00,0.00,0,0
1508091437,s1-eth2,0.00,0.00,0.00,0,0,0.00,0.00,0.00,0,0,0.00,0.00,0,0
1508091437,s1-eth1,0.00,0.00,0.00,0,0,0.00,0.00,0.00,0,0,0.00,0.00,0,0
1508091437,s2-eth2,0.00,0.00,0.00,0,0,0.00,0.00,0.00,0,0,0.00,0.00,0,0
1508091437,s2-eth1,0.00,0.00,0.00,0,0,0.00,0.00,0.00,0,0,0.00,0.00,0,0
1508091437,lo,0.00,0.00,0.00,0,0,0.00,0.00,0.00,0,0,0.00,0.00,0,0
1508091437,total,0.00,0.00,0.00,0,0,0.00,0.00,0.00,0,0,0.00,0.00,0,0
1508091438,s1,0.00,0.00,0.00,0,0,0.00,0.00,0.00,0,0,0.00,0.00,0,0
1508091438,eth0,0.00,0.00,0.00,0,0,0.00,0.00,0.00,0,0,0.00,0.00,0,0
1508091438,eth1,0.00,0.00,0.00,0,0,0.00,0.00,0.00,0,0,0.00,0.00,0,0
1508091438,s2,0.00,0.00,0.00,0,0,0.00,0.00,0.00,0,0,0.00,0.00,0,0
1508091438,s1-eth2,0.00,0.00,0.00,0,0,0.00,0.00,0.00,0,0,0.00,0.00,0,0
1508091438,s1-eth1,0.00,0.00,0.00,0,0,0.00,0.00,0.00,0,0,0.00,0.00,0,0
1508091438,s2-eth2,0.00,0.00,0.00,0,0,0.00,0.00,0.00,0,0,0.00,0.00,0,0
1508091438,s2-eth1,0.00,0.00,0.00,0,0,0.00,0.00,0.00,0,0,0.00,0.00,0,0
1508091438,lo,0.00,0.00,0.00,0,0,0.00,0.00,0.00,0,0,0.00,0.00,0,0
1508091438,total,0.00,0.00,0.00,0,0,0.00,0.00,0.00,0,0,0.00,0.00,0,0
1508091439,s1,0.00,0.00,0.00,0,0,0.00,0.00,0.00,0,0,0.00,0.00,0,0
1508091439,eth0,0.00,0.00,0.00,0,0,0.00,0.00,0.00,0,0,0.00,0.00,0,0
1508091439,eth1,0.00,0.00,0.00,0,0,0.00,0.00,0.00,0,0,0.00,0.00,0,0
1508091439,s2,0.00,0.00,0.00,0,0,0.00,0.00,0.00,0,0,0.00,0.00,0,0
1508091439,s1-eth2,342.00,0.00,342.00,0,342,1.00,0.00,1.00,0,1,0.00,0.00,0,0
1508091439,s1-eth1,342.00,0.00,342.00,0,342,1.00,0.00,1.00,0,1,0.00,0.00,0,0
1508091439,s2-eth2,342.00,0.00,342.00,0,342,1.00,0.00,1.00,0,1,0.00,0.00,0,0
1508091439,s2-eth1,0.00,0.00,0.00,0,0,0.00,0.00,0.00,0,0,0.00,0.00,0,0
1508091439,lo,0.00,0.00,0.00,0,0,0.00,0.00,0.00,0,0,0.00,0.00,0,0
1508091439,total,1026.00,0.00,1026.00,0,1026,3.00,0.00,3.00,0,3,0.00,0.00,0,0
1508091440,s1,0.00,0.00,0.00,0,0,0.00,0.00,0.00,0,0,0.00,0.00,0,0
1508091440,eth0,0.00,0.00,0.00,0,0,0.00,0.00,0.00,0,0,0.00,0.00,0,0
1508091440,eth1,0.00,0.00,0.00,0,0,0.00,0.00,0.00,0,0,0.00,0.00,0,0
1508091440,s2,0.00,0.00,0.00,0,0,0.00,0.00,0.00,0,0,0.00,0.00,0,0
1508091440,s1-eth2,0.00,0.00,0.00,0,0,0.00,0.00,0.00,0,0,0.00,0.00,0,0
1508091440,s1-eth1,0.00,0.00,0.00,0,0,0.00,0.00,0.00,0,0,0.00,0.00,0,0
1508091440,s2-eth2,0.00,0.00,0.00,0,0,0.00,0.00,0.00,0,0,0.00,0.00,0,0
1508091440,s2-eth1,0.00,0.00,0.00,0,0,0.00,0.00,0.00,0,0,0.00,0.00,0,0
1508091440,lo,343.66,343.66,687.31,344,344,5.99,5.99,11.99,6,6,0.00,0.00,0,0
1508091440,total,343.66,343.66,687.31,344,344,5.99,5.99,11.99,6,6,0.00,0.00,0,0
1508091441,s1,0.00,0.00,0.00,0,0,0.00,0.00,0.00,0,0,0.00,0.00,0,0
1508091441,eth0,0.00,0.00,0.00,0,0,0.00,0.00,0.00,0,0,0.00,0.00,0,0
1508091441,eth1,0.00,0.00,0.00,0,0,0.00,0.00,0.00,0,0,0.00,0.00,0,0
1508091441,s2,0.00,0.00,0.00,0,0,0.00,0.00,0.00,0,0,0.00,0.00,0,0
1508091441,s1-eth2,0.00,0.00,0.00,0,0,0.00,0.00,0.00,0,0,0.00,0.00,0,0
1508091441,s1-eth1,0.00,0.00,0.00,0,0,0.00,0.00,0.00,0,0,0.00,0.00,0,0
1508091441,s2-eth2,0.00,0.00,0.00,0,0,0.00,0.00,0.00,0,0,0.00,0.00,0,0
1508091441,s2-eth1,0.00,0.00,0.00,0,0,0.00,0.00,0.00,0,0,0.00,0.00,0,0
1508091441,lo,0.00,0.00,0.00,0,0,0.00,0.00,0.00,0,0,0.00,0.00,0,0
1508091441,total,0.00,0.00,0.00,0,0,0.00,0.00,0.00,0,0,0.00,0.00,0,0
1508091442,s1,0.00,0.00,0.00,0,0,0.00,0.00,0.00,0,0,0.00,0.00,0,0
1508091442,eth0,0.00,0.00,0.00,0,0,0.00,0.00,0.00,0,0,0.00,0.00,0,0
1508091442,eth1,0.00,0.00,0.00,0,0,0.00,0.00,0.00,0,0,0.00,0.00,0,0
1508091442,s2,0.00,0.00,0.00,0,0,0.00,0.00,0.00,0,0,0.00,0.00,0,0
1508091442,s1-eth2,0.00,0.00,0.00,0,0,0.00,0.00,0.00,0,0,0.00,0.00,0,0
1508091442,s1-eth1,0.00,0.00,0.00,0,0,0.00,0.00,0.00,0,0,0.00,0.00,0,0
1508091442,s2-eth2,0.00,0.00,0.00,0,0,0.00,0.00,0.00,0,0,0.00,0.00,0,0
1508091442,s2-eth1,342.00,0.00,342.00,0,342,1.00,0.00,1.00,0,1,0.00,0.00,0,0
1508091442,lo,0.00,0.00,0.00,0,0,0.00,0.00,0.00,0,0,0.00,0.00,0,0
1508091442,total,342.00,0.00,342.00,0,342,1.00,0.00,1.00,0,1,0.00,0.00,0,0
1508091443,s1,0.00,0.00,0.00,0,0,0.00,0.00,0.00,0,0,0.00,0.00,0,0
1508091443,eth0,0.00,0.00,0.00,0,0,0.00,0.00,0.00,0,0,0.00,0.00,0,0
1508091443,eth1,0.00,0.00,0.00,0,0,0.00,0.00,0.00,0,0,0.00,0.00,0,0
1508091443,s2,0.00,0.00,0.00,0,0,0.00,0.00,0.00,0,0,0.00,0.00,0,0
1508091443,s1-eth2,106.89,0.00,106.89,0,107,1.00,0.00,1.00,0,1,0.00,0.00,0,0
1508091443,s1-eth1,106.89,0.00,106.89,0,107,1.00,0.00,1.00,0,1,0.00,0.00,0,0
1508091443,s2-eth2,106.89,0.00,106.89,0,107,1.00,0.00,1.00,0,1,0.00,0.00,0,0
1508091443,s2-eth1,106.89,0.00,106.89,0,107,1.00,0.00,1.00,0,1,0.00,0.00,0,0
1508091443,lo,0.00,0.00,0.00,0,0,0.00,0.00,0.00,0,0,0.00,0.00,0,0
1508091443,total,427.57,0.00,427.57,0,428,4.00,0.00,4.00,0,4,0.00,0.00,0,0
1508091444,s1,0.00,0.00,0.00,0,0,0.00,0.00,0.00,0,0,0.00,0.00,0,0
1508091444,eth0,0.00,0.00,0.00,0,0,0.00,0.00,0.00,0,0,0.00,0.00,0,0
1508091444,eth1,0.00,0.00,0.00,0,0,0.00,0.00,0.00,0,0,0.00,0.00,0,0
1508091444,s2,0.00,0.00,0.00,0,0,0.00,0.00,0.00,0,0,0.00,0.00,0,0
1508091444,s1-eth2,0.00,0.00,0.00,0,0,0.00,0.00,0.00,0,0,0.00,0.00,0,0
1508091444,s1-eth1,0.00,0.00,0.00,0,0,0.00,0.00,0.00,0,0,0.00,0.00,0,0
1508091444,s2-eth2,0.00,0.00,0.00,0,0,0.00,0.00,0.00,0,0,0.00,0.00,0,0
1508091444,s2-eth1,0.00,0.00,0.00,0,0,0.00,0.00,0.00,0,0,0.00,0.00,0,0
1508091444,lo,0.00,0.00,0.00,0,0,0.00,0.00,0.00,0,0,0.00,0.00,0,0
1508091444,total,0.00,0.00,0.00,0,0,0.00,0.00,0.00,0,0,0.00,0.00,0,0
1508091445,s1,0.00,0.00,0.00,0,0,0.00,0.00,0.00,0,0,0.00,0.00,0,0
1508091445,eth0,0.00,0.00,0.00,0,0,0.00,0.00,0.00,0,0,0.00,0.00,0,0
1508091445,eth1,0.00,0.00,0.00,0,0,0.00,0.00,0.00,0,0,0.00,0.00,0,0
1508091445,s2,0.00,0.00,0.00,0,0,0.00,0.00,0.00,0,0,0.00,0.00,0,0
1508091445,s1-eth2,0.00,0.00,0.00,0,0,0.00,0.00,0.00,0,0,0.00,0.00,0,0
1508091445,s1-eth1,0.00,0.00,0.00,0,0,0.00,0.00,0.00,0,0,0.00,0.00,0,0
1508091445,s2-eth2,0.00,0.00,0.00,0,0,0.00,0.00,0.00,0,0,0.00,0.00,0,0
1508091445,s2-eth1,0.00,0.00,0.00,0,0,0.00,0.00,0.00,0,0,0.00,0.00,0,0
1508091445,lo,343.66,343.66,687.31,344,344,5.99,5.99,11.99,6,6,0.00,0.00,0,0
1508091445,total,343.66,343.66,687.31,344,344,5.99,5.99,11.99,6,6,0.00,0.00,0,0
1508091446,s1,0.00,0.00,0.00,0,0,0.00,0.00,0.00,0,0,0.00,0.00,0,0
1508091446,eth0,0.00,0.00,0.00,0,0,0.00,0.00,0.00,0,0,0.00,0.00,0,0
1508091446,eth1,0.00,0.00,0.00,0,0,0.00,0.00,0.00,0,0,0.00,0.00,0,0
1508091446,s2,0.00,0.00,0.00,0,0,0.00,0.00,0.00,0,0,0.00,0.00,0,0
1508091446,s1-eth2,0.00,0.00,0.00,0,0,0.00,0.00,0.00,0,0,0.00,0.00,0,0
1508091446,s1-eth1,0.00,0.00,0.00,0,0,0.00,0.00,0.00,0,0,0.00,0.00,0,0
1508091446,s2-eth2,0.00,0.00,0.00,0,0,0.00,0.00,0.00,0,0,0.00,0.00,0,0
1508091446,s2-eth1,0.00,0.00,0.00,0,0,0.00,0.00,0.00,0,0,0.00,0.00,0,0
1508091446,lo,0.00,0.00,0.00,0,0,0.00,0.00,0.00,0,0,0.00,0.00,0,0
1508091446,total,0.00,0.00,0.00,0,0,0.00,0.00,0.00,0,0,0.00,0.00,0,0
1508091447,s1,0.00,41.96,41.96,42,0,0.00,1.00,1.00,1,0,0.00,0.00,0,0
1508091447,eth0,0.00,0.00,0.00,0,0,0.00,0.00,0.00,0,0,0.00,0.00,0,0
1508091447,eth1,0.00,0.00,0.00,0,0,0.00,0.00,0.00,0,0,0.00,0.00,0,0
1508091447,s2,0.00,83.92,83.92,84,0,0.00,2.00,2.00,2,0,0.00,0.00,0,0
1508091447,s1-eth2,11832.17,262569.44,274401.59,262832,11844,153.85,183.82,337.66,184,154,0.00,0.00,0,0
1508091447,s1-eth1,235270.73,11832.17,247102.91,11844,235506,164.84,153.85,318.68,154,165,0.00,0.00,0,0
1508091447,s2-eth2,979.02,16897.10,17876.12,16914,980,11.99,14.99,26.97,15,12,0.00,0.00,0,0
1508091447,s2-eth1,13872.13,979.02,14851.15,980,13886,12.99,11.99,24.98,12,13,0.00,0.00,0,0
1508091447,lo,4423.58,4423.58,8847.15,4428,4428,38.96,38.96,77.92,39,39,0.00,0.00,0,0
1508091447,total,266377.62,296827.19,563204.81,297124,266644,382.62,406.59,789.21,407,383,0.00,0.00,0,0
1508091448,s1,0.00,42.00,42.00,42,0,0.00,1.00,1.00,1,0,0.00,0.00,0,0
1508091448,eth0,0.00,0.00,0.00,0,0,0.00,0.00,0.00,0,0,0.00,0.00,0,0
1508091448,eth1,0.00,0.00,0.00,0,0,0.00,0.00,0.00,0,0,0.00,0.00,0,0
1508091448,s2,0.00,42.00,42.00,42,0,0.00,1.00,1.00,1,0,0.00,0.00,0,0
1508091448,s1-eth2,5812.00,137208.00,143020.00,137208,5812,74.00,92.00,166.00,92,74,0.00,0.00,0,0
1508091448,s1-eth1,133008.00,5812.00,138820.00,5812,133008,90.00,74.00,164.00,74,90,0.00,0.00,0,0
1508091448,s2-eth2,0.00,1556.00,1556.00,1556,0,0.00,2.00,2.00,2,0,0.00,0.00,0,0
1508091448,s2-eth1,42.00,0.00,42.00,0,42,1.00,0.00,1.00,0,1,0.00,0.00,0,0
1508091448,lo,480.00,480.00,960.00,480,480,6.00,6.00,12.00,6,6,0.00,0.00,0,0
1508091448,total,139342.00,145140.00,284482.00,145140,139342,171.00,176.00,347.00,176,171,0.00,0.00,0,0
1508091449,s1,0.00,42.00,42.00,42,0,0.00,1.00,1.00,1,0,0.00,0.00,0,0
1508091449,eth0,0.00,0.00,0.00,0,0,0.00,0.00,0.00,0,0,0.00,0.00,0,0
1508091449,eth1,0.00,0.00,0.00,0,0,0.00,0.00,0.00,0,0,0.00,0.00,0,0
1508091449,s2,0.00,42.00,42.00,42,0,0.00,1.00,1.00,1,0,0.00,0.00,0,0
1508091449,s1-eth2,12130.00,245310.00,257440.00,245310,12130,153.00,163.00,316.00,163,153,0.00,0.00,0,0
1508091449,s1-eth1,249852.00,12130.00,261982.00,12130,249852,166.00,153.00,319.00,153,166,0.00,0.00,0,0
1508091449,s2-eth2,0.00,42.00,42.00,42,0,0.00,1.00,1.00,1,0,0.00,0.00,0,0
1508091449,s2-eth1,384.00,0.00,384.00,0,384,2.00,0.00,2.00,0,2,0.00,0.00,0,0
1508091449,lo,480.00,480.00,960.00,480,480,6.00,6.00,12.00,6,6,0.00,0.00,0,0
1508091449,total,262846.00,258046.00,520892.00,258046,262846,327.00,325.00,652.00,325,327,0.00,0.00,0,0
1508091450,s1,0.00,42.00,42.00,42,0,0.00,1.00,1.00,1,0,0.00,0.00,0,0
1508091450,eth0,0.00,0.00,0.00,0,0,0.00,0.00,0.00,0,0,0.00,0.00,0,0
1508091450,eth1,0.00,0.00,0.00,0,0,0.00,0.00,0.00,0,0,0.00,0.00,0,0
1508091450,s2,0.00,42.00,42.00,42,0,0.00,1.00,1.00,1,0,0.00,0.00,0,0
1508091450,s1-eth2,10096.00,252880.00,262976.00,252880,10096,132.00,168.00,300.00,168,132,0.00,0.00,0,0
1508091450,s1-eth1,249852.00,10096.00,259948.00,10096,249852,166.00,132.00,298.00,132,166,0.00,0.00,0,0
1508091450,s2-eth2,1662.00,43948.00,45610.00,43948,1662,21.00,30.00,51.00,30,21,0.00,0.00,0,0
1508091450,s2-eth1,42434.00,1662.00,44096.00,1662,42434,29.00,21.00,50.00,21,29,0.00,0.00,0,0
1508091450,lo,480.00,480.00,960.00,480,480,6.00,6.00,12.00,6,6,0.00,0.00,0,0
1508091450,total,304524.00,309150.00,613674.00,309150,304524,354.00,359.00,713.00,359,354,0.00,0.00,0,0
1508091451,s1,0.00,42.00,42.00,42,0,0.00,1.00,1.00,1,0,0.00,0.00,0,0
1508091451,eth0,0.00,0.00,0.00,0,0,0.00,0.00,0.00,0,0,0.00,0.00,0,0
1508091451,eth1,0.00,0.00,0.00,0,0,0.00,0.00,0.00,0,0,0.00,0.00,0,0
1508091451,s2,0.00,42.00,42.00,42,0,0.00,1.00,1.00,1,0,0.00,0.00,0,0
1508091451,s1-eth2,12356.00,255908.00,268264.00,255908,12356,158.00,170.00,328.00,170,158,0.00,0.00,0,0
1508091451,s1-eth1,249852.00,12014.00,261866.00,12014,249852,166.00,157.00,323.00,157,166,0.00,0.00,0,0
1508091451,s2-eth2,2388.00,48490.00,50878.00,48490,2388,30.00,33.00,63.00,33,30,0.00,0.00,0,0
1508091451,s2-eth1,40920.00,2388.00,43308.00,2388,40920,28.00,30.00,58.00,30,28,0.00,0.00,0,0
1508091451,lo,480.00,480.00,960.00,480,480,6.00,6.00,12.00,6,6,0.00,0.00,0,0
1508091451,total,305996.00,319364.00,625360.00,319364,305996,388.00,398.00,786.00,398,388,0.00,0.00,0,0
1508091452,s1,0.00,42.00,42.00,42,0,0.00,1.00,1.00,1,0,0.00,0.00,0,0
1508091452,eth0,0.00,0.00,0.00,0,0,0.00,0.00,0.00,0,0,0.00,0.00,0,0
1508091452,eth1,0.00,0.00,0.00,0,0,0.00,0.00,0.00,0,0,0.00,0.00,0,0
1508091452,s2,0.00,42.00,42.00,42,0,0.00,1.00,1.00,1,0,0.00,0.00,0,0
1508091452,s1-eth2,11940.00,252880.00,264820.00,252880,11940,154.00,168.00,322.00,168,154,0.00,0.00,0,0
1508091452,s1-eth1,249810.00,12014.00,261824.00,12014,249810,165.00,155.00,320.00,155,165,0.00,0.00,0,0
1508091452,s2-eth2,2340.00,46976.00,49316.00,46976,2340,28.00,32.00,60.00,32,28,0.00,0.00,0,0
1508091452,s2-eth1,48490.00,1998.00,50488.00,1998,48490,33.00,27.00,60.00,27,33,0.00,0.00,0,0
1508091452,lo,480.00,480.00,960.00,480,480,6.00,6.00,12.00,6,6,0.00,0.00,0,0
1508091452,total,313060.00,314432.00,627492.00,314432,313060,386.00,390.00,776.00,390,386,0.00,0.00,0,0
1508091453,s1,0.00,0.00,0.00,0,0,0.00,0.00,0.00,0,0,0.00,0.00,0,0
1508091453,eth0,0.00,0.00,0.00,0,0,0.00,0.00,0.00,0,0,0.00,0.00,0,0
1508091453,eth1,0.00,0.00,0.00,0,0,0.00,0.00,0.00,0,0,0.00,0.00,0,0
1508091453,s2,0.00,0.00,0.00,0,0,0.00,0.00,0.00,0,0,0.00,0.00,0,0
1508091453,s1-eth2,12306.00,258894.00,271200.00,258894,12306,161.00,171.00,332.00,171,161,0.00,0.00,0,0
1508091453,s1-eth1,251324.00,12232.00,263556.00,12232,251324,166.00,160.00,326.00,160,166,0.00,0.00,0,0
1508091453,s2-eth2,2218.00,52990.00,55208.00,52990,2218,29.00,35.00,64.00,35,29,0.00,0.00,0,0
1508091453,s2-eth1,48448.00,2218.00,50666.00,2218,48448,32.00,29.00,61.00,29,32,0.00,0.00,0,0
1508091453,lo,0.00,0.00,0.00,0,0,0.00,0.00,0.00,0,0,0.00,0.00,0,0
1508091453,total,314296.00,326334.00,640630.00,326334,314296,388.00,395.00,783.00,395,388,0.00,0.00,0,0
1508091454,s1,0.00,0.00,0.00,0,0,0.00,0.00,0.00,0,0,0.00,0.00,0,0
1508091454,eth0,0.00,0.00,0.00,0,0,0.00,0.00,0.00,0,0,0.00,0.00,0,0
1508091454,eth1,0.00,0.00,0.00,0,0,0.00,0.00,0.00,0,0,0.00,0.00,0,0
1508091454,s2,0.00,0.00,0.00,0,0,0.00,0.00,0.00,0,0,0.00,0.00,0,0
1508091454,s1-eth2,12134.00,263436.00,275570.00,263436,12134,159.00,174.00,333.00,174,159,0.00,0.00,0,0
1508091454,s1-eth1,249810.00,12134.00,261944.00,12134,249810,165.00,159.00,324.00,159,165,0.00,0.00,0,0
1508091454,s2-eth2,1554.00,63588.00,65142.00,63588,1554,21.00,42.00,63.00,42,21,0.00,0.00,0,0
1508091454,s2-eth1,65102.00,1554.00,66656.00,1554,65102,43.00,21.00,64.00,21,43,0.00,0.00,0,0
1508091454,lo,0.00,0.00,0.00,0,0,0.00,0.00,0.00,0,0,0.00,0.00,0,0
1508091454,total,328600.00,340712.00,669312.00,340712,328600,388.00,396.00,784.00,396,388,0.00,0.00,0,0
1508091455,s1,0.00,0.00,0.00,0,0,0.00,0.00,0.00,0,0,0.00,0.00,0,0
1508091455,eth0,0.00,0.00,0.00,0,0,0.00,0.00,0.00,0,0,0.00,0.00,0,0
1508091455,eth1,0.00,0.00,0.00,0,0,0.00,0.00,0.00,0,0,0.00,0.00,0,0
1508091455,s2,0.00,0.00,0.00,0,0,0.00,0.00,0.00,0,0,0.00,0.00,0,0
1508091455,s1-eth2,11416.00,257380.00,268796.00,257380,11416,152.00,170.00,322.00,170,152,0.00,0.00,0,0
1508091455,s1-eth1,249810.00,11416.00,261226.00,11416,249810,165.00,152.00,317.00,152,165,0.00,0.00,0,0
1508091455,s2-eth2,2612.00,74186.00,76798.00,74186,2612,34.00,49.00,83.00,49,34,0.00,0.00,0,0
1508091455,s2-eth1,68130.00,2612.00,70742.00,2612,68130,45.00,34.00,79.00,34,45,0.00,0.00,0,0
1508091455,lo,0.00,0.00,0.00,0,0,0.00,0.00,0.00,0,0,0.00,0.00,0,0
1508091455,total,331968.00,345594.00,677562.00,345594,331968,396.00,405.00,801.00,405,396,0.00,0.00,0,0
1508091456,s1,0.00,0.00,0.00,0,0,0.00,0.00,0.00,0,0,0.00,0.00,0,0
1508091456,eth0,0.00,0.00,0.00,0,0,0.00,0.00,0.00,0,0,0.00,0.00,0,0
1508091456,eth1,0.00,0.00,0.00,0,0,0.00,0.00,0.00,0,0,0.00,0.00,0,0
1508091456,s2,0.00,0.00,0.00,0,0,0.00,0.00,0.00,0,0,0.00,0.00,0,0
1508091456,s1-eth2,11120.00,254352.00,265472.00,254352,11120,146.00,168.00,314.00,168,146,0.00,0.00,0,0
1508091456,s1-eth1,249810.00,11120.00,260930.00,11120,249810,165.00,146.00,311.00,146,165,0.00,0.00,0,0
1508091456,s2-eth2,3478.00,84784.00,88262.00,84784,3478,47.00,56.00,103.00,56,47,0.00,0.00,0,0
1508091456,s2-eth1,90840.00,3478.00,94318.00,3478,90840,60.00,47.00,107.00,47,60,0.00,0.00,0,0
1508091456,lo,344.00,344.00,688.00,344,344,6.00,6.00,12.00,6,6,0.00,0.00,0,0
1508091456,total,355592.00,354078.00,709670.00,354078,355592,424.00,423.00,847.00,423,424,0.00,0.00,0,0
1508091457,s1,0.00,0.00,0.00,0,0,0.00,0.00,0.00,0,0,0.00,0.00,0,0
1508091457,eth0,0.00,0.00,0.00,0,0,0.00,0.00,0.00,0,0,0.00,0.00,0,0
1508091457,eth1,0.00,0.00,0.00,0,0,0.00,0.00,0.00,0,0,0.00,0.00,0,0
1508091457,s2,0.00,0.00,0.00,0,0,0.00,0.00,0.00,0,0,0.00,0.00,0,0
1508091457,s1-eth2,9012.00,251324.00,260336.00,251324,9012,120.00,166.00,286.00,166,120,0.00,0.00,0,0
1508091457,s1-eth1,251324.00,9106.00,260430.00,9106,251324,166.00,121.00,287.00,121,166,0.00,0.00,0,0
1508091457,s2-eth2,4586.00,89368.00,93954.00,89368,4586,59.00,60.00,119.00,60,59,0.00,0.00,0,0
1508091457,s2-eth1,77256.00,4586.00,81842.00,4586,77256,52.00,59.00,111.00,59,52,0.00,0.00,0,0
1508091457,lo,592.00,592.00,1184.00,592,592,6.00,6.00,12.00,6,6,0.00,0.00,0,0
1508091457,total,342770.00,354976.00,697746.00,354976,342770,403.00,412.00,815.00,412,403,0.00,0.00,0,0
1508091458,s1,0.00,0.00,0.00,0,0,0.00,0.00,0.00,0,0,0.00,0.00,0,0
1508091458,eth0,0.00,0.00,0.00,0,0,0.00,0.00,0.00,0,0,0.00,0.00,0,0
1508091458,eth1,0.00,0.00,0.00,0,0,0.00,0.00,0.00,0,0,0.00,0.00,0,0
1508091458,s2,0.00,0.00,0.00,0,0,0.00,0.00,0.00,0,0,0.00,0.00,0,0
1508091458,s1-eth2,12794.00,252838.00,265632.00,252838,12794,159.00,167.00,326.00,167,159,0.00,0.00,0,0
1508091458,s1-eth1,249810.00,12700.00,262510.00,12700,249810,165.00,158.00,323.00,158,165,0.00,0.00,0,0
1508091458,s2-eth2,3626.00,89326.00,92952.00,89326,3626,49.00,59.00,108.00,59,49,0.00,0.00,0,0
1508091458,s2-eth1,99924.00,3626.00,103550.00,3626,99924,66.00,49.00,115.00,49,66,0.00,0.00,0,0
1508091458,lo,0.00,0.00,0.00,0,0,0.00,0.00,0.00,0,0,0.00,0.00,0,0
1508091458,total,366154.00,358490.00,724644.00,358490,366154,439.00,433.00,872.00,433,439,0.00,0.00,0,0
1508091459,s1,0.00,0.00,0.00,0,0,0.00,0.00,0.00,0,0,0.00,0.00,0,0
1508091459,eth0,0.00,0.00,0.00,0,0,0.00,0.00,0.00,0,0,0.00,0.00,0,0
1508091459,eth1,0.00,0.00,0.00,0,0,0.00,0.00,0.00,0,0,0.00,0.00,0,0
1508091459,s2,0.00,0.00,0.00,0,0,0.00,0.00,0.00,0,0,0.00,0.00,0,0
1508091459,s1-eth2,12113.00,263436.00,275549.00,263436,12113,160.00,174.00,334.00,174,160,0.00,0.00,0,0
1508091459,s1-eth1,249917.00,12006.00,261923.00,12006,249917,166.00,159.00,325.00,159,166,0.00,0.00,0,0
1508091459,s2-eth2,4121.00,101438.00,105559.00,101438,4121,52.00,67.00,119.00,67,52,0.00,0.00,0,0
1508091459,s2-eth1,90947.00,4014.00,94961.00,4014,90947,61.00,51.00,112.00,51,61,0.00,0.00,0,0
1508091459,lo,0.00,0.00,0.00,0,0,0.00,0.00,0.00,0,0,0.00,0.00,0,0
1508091459,total,357098.00,380894.00,737992.00,380894,357098,439.00,451.00,890.00,451,439,0.00,0.00,0,0
1508091460,s1,0.00,0.00,0.00,0,0,0.00,0.00,0.00,0,0,0.00,0.00,0,0
1508091460,eth0,0.00,0.00,0.00,0,0,0.00,0.00,0.00,0,0,0.00,0.00,0,0
1508091460,eth1,0.00,0.00,0.00,0,0,0.00,0.00,0.00,0,0,0.00,0.00,0,0
1508091460,s2,0.00,0.00,0.00,0,0,0.00,0.00,0.00,0,0,0.00,0.00,0,0
1508091460,s1-eth2,12038.00,255866.00,267904.00,255866,12038,157.00,169.00,326.00,169,157,0.00,0.00,0,0
1508091460,s1-eth1,250152.00,12038.00,262190.00,12038,250152,166.00,157.00,323.00,157,166,0.00,0.00,0,0
1508091460,s2-eth2,4578.00,84784.00,89362.00,84784,4578,55.00,56.00,111.00,56,55,0.00,0.00,0,0
1508091460,s2-eth1,84784.00,4236.00,89020.00,4236,84784,56.00,54.00,110.00,54,56,0.00,0.00,0,0
1508091460,lo,0.00,0.00,0.00,0,0,0.00,0.00,0.00,0,0,0.00,0.00,0,0
1508091460,total,351552.00,356924.00,708476.00,356924,351552,434.00,436.00,870.00,436,434,0.00,0.00,0,0
1508091461,s1,0.00,0.00,0.00,0,0,0.00,0.00,0.00,0,0,0.00,0.00,0,0
1508091461,eth0,0.00,0.00,0.00,0,0,0.00,0.00,0.00,0,0,0.00,0.00,0,0
1508091461,eth1,0.00,0.00,0.00,0,0,0.00,0.00,0.00,0,0,0.00,0.00,0,0
1508091461,s2,0.00,0.00,0.00,0,0,0.00,0.00,0.00,0,0,0.00,0.00,0,0
1508091461,s1-eth2,12562.00,251324.00,263886.00,251324,12562,163.00,166.00,329.00,166,163,0.00,0.00,0,0
1508091461,s1-eth1,249810.00,12562.00,262372.00,12562,249810,165.00,163.00,328.00,163,165,0.00,0.00,0,0
1508091461,s2-eth2,3820.00,77214.00,81034.00,77214,3820,50.00,51.00,101.00,51,50,0.00,0.00,0,0
1508091461,s2-eth1,78728.00,3820.00,82548.00,3820,78728,52.00,50.00,102.00,50,52,0.00,0.00,0,0
1508091461,lo,344.00,344.00,688.00,344,344,6.00,6.00,12.00,6,6,0.00,0.00,0,0
1508091461,total,345264.00,345264.00,690528.00,345264,345264,436.00,436.00,872.00,436,436,0.00,0.00,0,0
1508091462,s1,0.00,0.00,0.00,0,0,0.00,0.00,0.00,0,0,0.00,0.00,0,0
1508091462,eth0,0.00,0.00,0.00,0,0,0.00,0.00,0.00,0,0,0.00,0.00,0,0
1508091462,eth1,0.00,0.00,0.00,0,0,0.00,0.00,0.00,0,0,0.00,0.00,0,0
1508091462,s2,0.00,0.00,0.00,0,0,0.00,0.00,0.00,0,0,0.00,0.00,0,0
1508091462,s1-eth2,12124.00,255866.00,267990.00,255866,12124,158.00,169.00,327.00,169,158,0.00,0.00,0,0
1508091462,s1-eth1,246782.00,12124.00,258906.00,12124,246782,163.00,158.00,321.00,158,163,0.00,0.00,0,0
1508091462,s2-eth2,2688.00,84784.00,87472.00,84784,2688,36.00,56.00,92.00,56,36,0.00,0.00,0,0
1508091462,s2-eth1,78728.00,2688.00,81416.00,2688,78728,52.00,36.00,88.00,36,52,0.00,0.00,0,0
1508091462,lo,0.00,0.00,0.00,0,0,0.00,0.00,0.00,0,0,0.00,0.00,0,0
1508091462,total,340322.00,355462.00,695784.00,355462,340322,409.00,419.00,828.00,419,409,0.00,0.00,0,0
1508091463,s1,0.00,0.00,0.00,0,0,0.00,0.00,0.00,0,0,0.00,0.00,0,0
1508091463,eth0,0.00,0.00,0.00,0,0,0.00,0.00,0.00,0,0,0.00,0.00,0,0
1508091463,eth1,0.00,0.00,0.00,0,0,0.00,0.00,0.00,0,0,0.00,0.00,0,0
1508091463,s2,0.00,0.00,0.00,0,0,0.00,0.00,0.00,0,0,0.00,0.00,0,0
1508091463,s1-eth2,12333.67,261660.34,273994.00,261922,12346,162.84,172.83,335.66,173,163,0.00,0.00,0,0
1508091463,s1-eth1,249560.45,12333.67,261894.11,12346,249810,164.84,162.84,327.67,163,165,0.00,0.00,0,0
1508091463,s2-eth2,1848.15,78649.35,80497.51,78728,1850,24.98,51.95,76.92,52,25,0.00,0.00,0,0
1508091463,s2-eth1,86211.79,1848.15,88059.95,1850,86298,56.94,24.98,81.92,25,57,0.00,0.00,0,0
1508091463,lo,0.00,0.00,0.00,0,0,0.00,0.00,0.00,0,0,0.00,0.00,0,0
1508091463,total,349954.06,354491.53,704445.56,354846,350304,409.59,412.59,822.18,413,410,0.00,0.00,0,0
1508091464,s1,0.00,0.00,0.00,0,0,0.00,0.00,0.00,0,0,0.00,0.00,0,0
1508091464,eth0,0.00,0.00,0.00,0,0,0.00,0.00,0.00,0,0,0.00,0.00,0,0
1508091464,eth1,0.00,0.00,0.00,0,0,0.00,0.00,0.00,0,0,0.00,0.00,0,0
1508091464,s2,0.00,0.00,0.00,0,0,0.00,0.00,0.00,0,0,0.00,0.00,0,0
1508091464,s1-eth2,9000.00,257380.00,266380.00,257380,9000,118.00,170.00,288.00,170,118,0.00,0.00,0,0
1508091464,s1-eth1,249810.00,8658.00,258468.00,8658,249810,165.00,117.00,282.00,117,165,0.00,0.00,0,0
1508091464,s2-eth2,3996.00,113550.00,117546.00,113550,3996,54.00,75.00,129.00,75,54,0.00,0.00,0,0
1508091464,s2-eth1,104361.64,4139.86,108501.50,4144,104466,68.93,55.94,124.88,56,69,0.00,0.00,0,0
1508091464,lo,0.00,0.00,0.00,0,0,0.00,0.00,0.00,0,0,0.00,0.00,0,0
1508091464,total,366905.09,383348.66,750253.75,383732,367272,405.59,417.58,823.18,418,406,0.00,0.00,0,0
1508091465,s1,0.00,0.00,0.00,0,0,0.00,0.00,0.00,0,0,0.00,0.00,0,0
1508091465,eth0,0.00,0.00,0.00,0,0,0.00,0.00,0.00,0,0,0.00,0.00,0,0
1508091465,eth1,0.00,0.00,0.00,0,0,0.00,0.00,0.00,0,0,0.00,0.00,0,0
1508091465,s2,0.00,0.00,0.00,0,0,0.00,0.00,0.00,0,0,0.00,0.00,0,0
1508091465,s1-eth2,11752.25,245022.98,256775.23,245268,11764,145.85,161.84,307.69,162,146,0.00,0.00,0,0
1508091465,s1-eth1,251072.94,11752.25,262825.19,11764,251324,165.83,145.85,311.69,146,166,0.00,0.00,0,0
1508091465,s2-eth2,5478.52,113436.57,118915.09,113550,5484,71.93,74.93,146.85,75,72,0.00,0.00,0,0
1508091465,s2-eth1,118092.00,5484.00,123576.00,5484,118092,78.00,72.00,150.00,72,78,0.00,0.00,0,0
1508091465,lo,0.00,0.00,0.00,0,0,0.00,0.00,0.00,0,0,0.00,0.00,0,0
1508091465,total,386664.00,376066.00,762730.00,376066,386664,462.00,455.00,917.00,455,462,0.00,0.00,0,0
1508091466,s1,0.00,0.00,0.00,0,0,0.00,0.00,0.00,0,0,0.00,0.00,0,0
1508091466,eth0,0.00,0.00,0.00,0,0,0.00,0.00,0.00,0,0,0.00,0.00,0,0
1508091466,eth1,0.00,0.00,0.00,0,0,0.00,0.00,0.00,0,0,0.00,0.00,0,0
1508091466,s2,0.00,0.00,0.00,0,0,0.00,0.00,0.00,0,0,0.00,0.00,0,0
1508091466,s1-eth2,12077.92,263172.84,275250.75,263436,12090,158.84,173.83,332.67,174,159,0.00,0.00,0,0
1508091466,s1-eth1,249560.45,12077.92,261638.38,12090,249810,164.84,158.84,323.68,159,165,0.00,0.00,0,0
1508091466,s2-eth2,4449.55,111924.08,116373.63,112036,4454,56.94,73.93,130.87,74,57,0.00,0.00,0,0
1508091466,s2-eth1,98311.69,4301.70,102613.39,4306,98410,64.94,54.95,119.88,55,65,0.00,0.00,0,0
1508091466,lo,343.66,343.66,687.31,344,344,5.99,5.99,11.99,6,6,0.00,0.00,0,0
1508091466,total,364743.28,391820.19,756563.44,392212,365108,451.55,467.53,919.08,468,452,0.00,0.00,0,0
1508091467,s1,0.00,0.00,0.00,0,0,0.00,0.00,0.00,0,0,0.00,0.00,0,0
1508091467,eth0,0.00,0.00,0.00,0,0,0.00,0.00,0.00,0,0,0.00,0.00,0,0
1508091467,eth1,0.00,0.00,0.00,0,0,0.00,0.00,0.00,0,0,0.00,0.00,0,0
1508091467,s2,0.00,0.00,0.00,0,0,0.00,0.00,0.00,0,0,0.00,0.00,0,0
1508091467,s1-eth2,12419.58,258635.38,271054.94,258894,12432,159.84,170.83,330.67,171,160,0.00,0.00,0,0
1508091467,s1-eth1,249560.45,12419.58,261980.03,12432,249810,164.84,159.84,324.68,160,165,0.00,0.00,0,0
1508091467,s2-eth2,4599.40,95286.72,99886.12,95382,4604,57.94,62.94,120.88,63,58,0.00,0.00,0,0
1508091467,s2-eth1,104361.64,4599.40,108961.04,4604,104466,68.93,57.94,126.87,58,69,0.00,0.00,0,0
1508091467,lo,0.00,0.00,0.00,0,0,0.00,0.00,0.00,0,0,0.00,0.00,0,0
1508091467,total,370941.06,370941.06,741882.12,371312,371312,451.55,451.55,903.10,452,452,0.00,0.00,0,0
1508091468,s1,0.00,0.00,0.00,0,0,0.00,0.00,0.00,0,0,0.00,0.00,0,0
1508091468,eth0,0.00,0.00,0.00,0,0,0.00,0.00,0.00,0,0,0.00,0.00,0,0
1508091468,eth1,0.00,0.00,0.00,0,0,0.00,0.00,0.00,0,0,0.00,0.00,0,0
1508091468,s2,0.00,0.00,0.00,0,0,0.00,0.00,0.00,0,0,0.00,0.00,0,0
1508091468,s1-eth2,12114.00,258894.00,271008.00,258894,12114,159.00,171.00,330.00,171,159,0.00,0.00,0,0
1508091468,s1-eth1,249810.00,12188.00,261998.00,12188,249810,165.00,160.00,325.00,160,165,0.00,0.00,0,0
1508091468,s2-eth2,3166.00,90840.00,94006.00,90840,3166,41.00,60.00,101.00,60,41,0.00,0.00,0,0
1508091468,s2-eth1,86298.00,3166.00,89464.00,3166,86298,57.00,41.00,98.00,41,57,0.00,0.00,0,0
1508091468,lo,0.00,0.00,0.00,0,0,0.00,0.00,0.00,0,0,0.00,0.00,0,0
1508091468,total,351388.00,365088.00,716476.00,365088,351388,422.00,432.00,854.00,432,422,0.00,0.00,0,0
1508091469,s1,0.00,0.00,0.00,0,0,0.00,0.00,0.00,0,0,0.00,0.00,0,0
1508091469,eth0,0.00,0.00,0.00,0,0,0.00,0.00,0.00,0,0,0.00,0.00,0,0
1508091469,eth1,0.00,0.00,0.00,0,0,0.00,0.00,0.00,0,0,0.00,0.00,0,0
1508091469,s2,0.00,0.00,0.00,0,0,0.00,0.00,0.00,0,0,0.00,0.00,0,0
1508091469,s1-eth2,12435.56,251072.94,263508.50,251324,12448,161.84,165.83,327.67,166,162,0.00,0.00,0,0
1508091469,s1-eth1,251072.94,12361.64,263434.56,12374,251324,165.83,160.84,326.67,161,166,0.00,0.00,0,0
1508091469,s2-eth2,4049.95,90749.25,94799.20,90840,4054,52.95,59.94,112.89,60,53,0.00,0.00,0,0
1508091469,s2-eth1,84699.30,4049.95,88749.25,4054,84784,55.94,52.95,108.89,53,56,0.00,0.00,0,0
1508091469,lo,0.00,0.00,0.00,0,0,0.00,0.00,0.00,0,0,0.00,0.00,0,0
1508091469,total,352257.75,358233.78,710491.50,358592,352610,436.56,439.56,876.12,440,437,0.00,0.00,0,0
1508091470,s1,0.00,0.00,0.00,0,0,0.00,0.00,0.00,0,0,0.00,0.00,0,0
1508091470,eth0,0.00,0.00,0.00,0,0,0.00,0.00,0.00,0,0,0.00,0.00,0,0
1508091470,eth1,0.00,0.00,0.00,0,0,0.00,0.00,0.00,0,0,0.00,0.00,0,0
1508091470,s2,0.00,0.00,0.00,0,0,0.00,0.00,0.00,0,0,0.00,0.00,0,0
1508091470,s1-eth2,12345.65,257122.89,269468.53,257380,12358,160.84,169.83,330.67,170,161,0.00,0.00,0,0
1508091470,s1-eth1,249560.45,12345.65,261906.09,12358,249810,164.84,160.84,325.67,161,165,0.00,0.00,0,0
1508091470,s2-eth2,3696.30,101336.66,105032.97,101438,3700,49.95,66.93,116.88,67,50,0.00,0.00,0,0
1508091470,s2-eth1,102849.16,3696.30,106545.46,3700,102952,67.93,49.95,117.88,50,68,0.00,0.00,0,0
1508091470,lo,0.00,0.00,0.00,0,0,0.00,0.00,0.00,0,0,0.00,0.00,0,0
1508091470,total,368451.56,374501.50,742953.06,374876,368820,443.56,447.55,891.11,448,444,0.00,0.00,0,0
1508091471,s1,0.00,0.00,0.00,0,0,0.00,0.00,0.00,0,0,0.00,0.00,0,0
1508091471,eth0,0.00,0.00,0.00,0,0,0.00,0.00,0.00,0,0,0.00,0.00,0,0
1508091471,eth1,0.00,0.00,0.00,0,0,0.00,0.00,0.00,0,0,0.00,0.00,0,0
1508091471,s2,0.00,0.00,0.00,0,0,0.00,0.00,0.00,0,0,0.00,0.00,0,0
1508091471,s1-eth2,12475.52,257122.89,269598.41,257380,12488,157.84,169.83,327.67,170,158,0.00,0.00,0,0
1508091471,s1-eth1,249560.45,12207.79,261768.23,12220,249810,164.84,157.84,322.68,158,165,0.00,0.00,0,0
1508091471,s2-eth2,3474.53,122511.49,125986.02,122634,3478,46.95,80.92,127.87,81,47,0.00,0.00,0,0
1508091471,s2-eth1,120999.01,3474.53,124473.53,3478,121120,79.92,46.95,126.87,47,80,0.00,0.00,0,0
1508091471,lo,343.66,343.66,687.31,344,344,5.99,5.99,11.99,6,6,0.00,0.00,0,0
1508091471,total,386853.16,395660.34,782513.50,396056,387240,455.54,461.54,917.08,462,456,0.00,0.00,0,0
1508091472,s1,0.00,0.00,0.00,0,0,0.00,0.00,0.00,0,0,0.00,0.00,0,0
1508091472,eth0,0.00,0.00,0.00,0,0,0.00,0.00,0.00,0,0,0.00,0.00,0,0
1508091472,eth1,0.00,0.00,0.00,0,0,0.00,0.00,0.00,0,0,0.00,0.00,0,0
1508091472,s2,0.00,0.00,0.00,0,0,0.00,0.00,0.00,0,0,0.00,0.00,0,0
1508091472,s1-eth2,11662.34,264685.31,276347.66,264950,11674,156.84,174.83,331.67,175,157,0.00,0.00,0,0
1508091472,s1-eth1,248047.95,11588.41,259636.38,11600,248296,163.84,155.84,319.68,156,164,0.00,0.00,0,0
1508091472,s2-eth2,3474.53,142173.83,145648.36,142316,3478,46.95,93.91,140.86,94,47,0.00,0.00,0,0
1508091472,s2-eth1,140661.34,3474.53,144135.88,3478,140802,92.91,46.95,139.86,47,93,0.00,0.00,0,0
1508091472,lo,0.00,0.00,0.00,0,0,0.00,0.00,0.00,0,0,0.00,0.00,0,0
1508091472,total,403846.16,421922.09,825768.25,422344,404250,460.54,471.53,932.07,472,461,0.00,0.00,0,0
1508091473,s1,0.00,0.00,0.00,0,0,0.00,0.00,0.00,0,0,0.00,0.00,0,0
1508091473,eth0,0.00,0.00,0.00,0,0,0.00,0.00,0.00,0,0,0.00,0.00,0,0
1508091473,eth1,0.00,0.00,0.00,0,0,0.00,0.00,0.00,0,0,0.00,0.00,0,0
1508091473,s2,0.00,0.00,0.00,0,0,0.00,0.00,0.00,0,0,0.00,0.00,0,0
1508091473,s1-eth2,12577.42,249560.45,262137.88,249810,12590,160.84,164.84,325.67,165,161,0.00,0.00,0,0
1508091473,s1-eth1,251072.94,12663.34,263736.28,12676,251324,165.83,161.84,327.67,162,166,0.00,0.00,0,0
1508091473,s2-eth2,6573.43,140661.34,147234.77,140802,6580,85.91,92.91,178.82,93,86,0.00,0.00,0,0
1508091473,s2-eth1,139148.86,6573.43,145722.28,6580,139288,91.91,85.91,177.82,86,92,0.00,0.00,0,0
1508091473,lo,0.00,0.00,0.00,0,0,0.00,0.00,0.00,0,0,0.00,0.00,0,0
1508091473,total,409372.62,409458.56,818831.19,409868,409782,504.50,505.49,1009.99,506,505,0.00,0.00,0,0
1508091474,s1,0.00,0.00,0.00,0,0,0.00,0.00,0.00,0,0,0.00,0.00,0,0
1508091474,eth0,456.00,735.00,1191.00,735,456,6.00,6.00,12.00,6,6,0.00,0.00,0,0
1508091474,eth1,0.00,0.00,0.00,0,0,0.00,0.00,0.00,0,0,0.00,0.00,0,0
1508091474,s2,0.00,0.00,0.00,0,0,0.00,0.00,0.00,0,0,0.00,0.00,0,0
1508091474,s1-eth2,12840.00,255866.00,268706.00,255866,12840,162.00,169.00,331.00,169,162,0.00,0.00,0,0
1508091474,s1-eth1,248748.00,12298.00,261046.00,12298,248748,166.00,159.00,325.00,159,166,0.00,0.00,0,0
1508091474,s2-eth2,5678.00,102952.00,108630.00,102952,5678,67.00,68.00,135.00,68,67,0.00,0.00,0,0
1508091474,s2-eth1,104996.00,5226.00,110222.00,5226,104996,72.00,65.00,137.00,65,72,0.00,0.00,0,0
1508091474,lo,1023.00,1023.00,2046.00,1023,1023,12.00,12.00,24.00,12,12,0.00,0.00,0,0
1508091474,total,373741.00,378100.00,751841.00,378100,373741,485.00,479.00,964.00,479,485,0.00,0.00,0,0
1508091475,s1,0.00,0.00,0.00,0,0,0.00,0.00,0.00,0,0,0.00,0.00,0,0
1508091475,eth0,455.54,734.27,1189.81,735,456,5.99,5.99,11.99,6,6,0.00,0.00,0,0
1508091475,eth1,0.00,0.00,0.00,0,0,0.00,0.00,0.00,0,0,0.00,0.00,0,0
1508091475,s2,0.00,0.00,0.00,0,0,0.00,0.00,0.00,0,0,0.00,0.00,0,0
1508091475,s1-eth2,13203.80,258635.38,271839.16,258894,13217,169.83,170.83,340.66,171,170,0.00,0.00,0,0
1508091475,s1-eth1,251260.75,12131.87,263392.62,12144,251512,167.83,161.84,329.67,162,168,0.00,0.00,0,0
1508091475,s2-eth2,4041.96,101336.66,105378.62,101438,4046,50.95,66.93,117.88,67,51,0.00,0.00,0,0
1508091475,s2-eth1,94772.23,3854.15,98626.38,3858,94867,68.93,48.95,117.88,49,69,0.00,0.00,0,0
1508091475,lo,1021.98,1021.98,2043.96,1023,1023,11.99,11.99,23.98,12,12,0.00,0.00,0,0
1508091475,total,364756.25,377714.28,742470.56,378092,365121,475.52,466.53,942.06,467,476,0.00,0.00,0,0
1508091476,s1,0.00,0.00,0.00,0,0,0.00,0.00,0.00,0,0,0.00,0.00,0,0
1508091476,eth0,304.00,490.00,794.00,490,304,4.00,4.00,8.00,4,4,0.00,0.00,0,0
1508091476,eth1,0.00,0.00,0.00,0,0,0.00,0.00,0.00,0,0,0.00,0.00,0,0
1508091476,s2,0.00,0.00,0.00,0,0,0.00,0.00,0.00,0,0,0.00,0.00,0,0
1508091476,s1-eth2,13849.00,251324.00,265173.00,251324,13849,166.00,166.00,332.00,166,166,0.00,0.00,0,0
1508091476,s1-eth1,249620.00,12338.00,261958.00,12338,249620,172.00,159.00,331.00,159,172,0.00,0.00,0,0
1508091476,s2-eth2,5008.00,105980.00,110988.00,105980,5008,58.00,70.00,128.00,70,58,0.00,0.00,0,0
1508091476,s2-eth1,113547.00,3774.00,117321.00,3774,113547,81.00,51.00,132.00,51,81,0.00,0.00,0,0
1508091476,lo,1026.00,1026.00,2052.00,1026,1026,14.00,14.00,28.00,14,14,0.00,0.00,0,0
1508091476,total,383354.00,374932.00,758286.00,374932,383354,495.00,464.00,959.00,464,495,0.00,0.00,0,0
1508091477,s1,0.00,0.00,0.00,0,0,0.00,0.00,0.00,0,0,0.00,0.00,0,0
1508091477,eth0,152.00,245.00,397.00,245,152,2.00,2.00,4.00,2,2,0.00,0.00,0,0
1508091477,eth1,0.00,0.00,0.00,0,0,0.00,0.00,0.00,0,0,0.00,0.00,0,0
1508091477,s2,0.00,0.00,0.00,0,0,0.00,0.00,0.00,0,0,0.00,0.00,0,0
1508091477,s1-eth2,12731.00,254352.00,267083.00,254352,12731,161.00,168.00,329.00,168,161,0.00,0.00,0,0
1508091477,s1-eth1,249714.00,12404.00,262118.00,12404,249714,170.00,160.00,330.00,160,170,0.00,0.00,0,0
1508091477,s2-eth2,5022.00,109008.00,114030.00,109008,5022,56.00,72.00,128.00,72,56,0.00,0.00,0,0
1508091477,s2-eth1,98737.00,3856.00,102593.00,3856,98737,66.00,50.00,116.00,50,66,0.00,0.00,0,0
1508091477,lo,341.00,341.00,682.00,341,341,4.00,4.00,8.00,4,4,0.00,0.00,0,0
1508091477,total,366697.00,380206.00,746903.00,380206,366697,459.00,456.00,915.00,456,459,0.00,0.00,0,0
1508091478,s1,0.00,0.00,0.00,0,0,0.00,0.00,0.00,0,0,0.00,0.00,0,0
1508091478,eth0,0.00,0.00,0.00,0,0,0.00,0.00,0.00,0,0,0.00,0.00,0,0
1508091478,eth1,0.00,0.00,0.00,0,0,0.00,0.00,0.00,0,0,0.00,0.00,0,0
1508091478,s2,0.00,0.00,0.00,0,0,0.00,0.00,0.00,0,0,0.00,0.00,0,0
1508091478,s1-eth2,12924.00,261922.00,274846.00,261922,12924,161.00,173.00,334.00,173,161,0.00,0.00,0,0
1508091478,s1-eth1,248623.00,12294.00,260917.00,12294,248623,165.00,159.00,324.00,159,165,0.00,0.00,0,0
1508091478,s2-eth2,4673.00,101438.00,106111.00,101438,4673,54.00,67.00,121.00,67,54,0.00,0.00,0,0
1508091478,s2-eth1,111238.00,4004.00,115242.00,4004,111238,76.00,52.00,128.00,52,76,0.00,0.00,0,0
1508091478,lo,0.00,0.00,0.00,0,0,0.00,0.00,0.00,0,0,0.00,0.00,0,0
1508091478,total,377458.00,379658.00,757116.00,379658,377458,456.00,451.00,907.00,451,456,0.00,0.00,0,0
1508091479,s1,0.00,0.00,0.00,0,0,0.00,0.00,0.00,0,0,0.00,0.00,0,0
1508091479,eth0,60.00,60.00,120.00,60,60,1.00,1.00,2.00,1,1,0.00,0.00,0,0
1508091479,eth1,0.00,0.00,0.00,0,0,0.00,0.00,0.00,0,0,0.00,0.00,0,0
1508091479,s2,0.00,0.00,0.00,0,0,0.00,0.00,0.00,0,0,0.00,0.00,0,0
1508091479,s1-eth2,12205.00,264950.00,277155.00,264950,12205,158.00,175.00,333.00,175,158,0.00,0.00,0,0
1508091479,s1-eth1,248670.00,11796.00,260466.00,11796,248670,166.00,156.00,322.00,156,166,0.00,0.00,0,0
1508091479,s2-eth2,3854.00,102952.00,106806.00,102952,3854,46.00,68.00,114.00,68,46,0.00,0.00,0,0
1508091479,s2-eth1,98807.00,3480.00,102287.00,3480,98807,67.00,44.00,111.00,44,67,0.00,0.00,0,0
1508091479,lo,0.00,0.00,0.00,0,0,0.00,0.00,0.00,0,0,0.00,0.00,0,0
1508091479,total,363596.00,383238.00,746834.00,383238,363596,438.00,444.00,882.00,444,438,0.00,0.00,0,0
1508091480,s1,0.00,0.00,0.00,0,0,0.00,0.00,0.00,0,0,0.00,0.00,0,0
1508091480,eth0,0.00,0.00,0.00,0,0,0.00,0.00,0.00,0,0,0.00,0.00,0,0
1508091480,eth1,0.00,0.00,0.00,0,0,0.00,0.00,0.00,0,0,0.00,0.00,0,0
1508091480,s2,0.00,0.00,0.00,0,0,0.00,0.00,0.00,0,0,0.00,0.00,0,0
1508091480,s1-eth2,12399.60,249602.41,262002.00,249852,12412,161.84,165.83,327.67,166,162,0.00,0.00,0,0
1508091480,s1-eth1,250096.91,12411.59,262508.50,12424,250347,168.83,161.84,330.67,162,169,0.00,0.00,0,0
1508091480,s2-eth2,4384.62,101336.66,105721.28,101438,4389,53.95,66.93,120.88,67,54,0.00,0.00,0,0
1508091480,s2-eth1,98311.69,3988.01,102299.70,3992,98410,64.94,51.95,116.88,52,65,0.00,0.00,0,0
1508091480,lo,295.70,295.70,591.41,296,296,3.00,3.00,5.99,3,3,0.00,0.00,0,0
1508091480,total,365488.53,367634.38,733122.88,368002,365854,452.55,449.55,902.10,450,453,0.00,0.00,0,0
1508091481,s1,0.00,0.00,0.00,0,0,0.00,0.00,0.00,0,0,0.00,0.00,0,0
1508091481,eth0,0.00,0.00,0.00,0,0,0.00,0.00,0.00,0,0,0.00,0.00,0,0
1508091481,eth1,0.00,0.00,0.00,0,0,0.00,0.00,0.00,0,0,0.00,0.00,0,0
1508091481,s2,0.00,0.00,0.00,0,0,0.00,0.00,0.00,0,0,0.00,0.00,0,0
1508091481,s1-eth2,12493.51,261660.34,274153.84,261922,12506,162.84,172.83,335.66,173,163,0.00,0.00,0,0
1508091481,s1-eth1,249560.45,12407.59,261968.05,12420,249810,164.84,161.84,326.67,162,165,0.00,0.00,0,0
1508091481,s2-eth2,4065.93,114949.05,119014.98,115064,4070,54.95,75.92,130.87,76,55,0.00,0.00,0,0
1508091481,s2-eth1,110753.25,4065.93,114819.19,4070,110864,73.93,54.95,128.87,55,74,0.00,0.00,0,0
1508091481,lo,171.83,171.83,343.66,172,172,3.00,3.00,5.99,3,3,0.00,0.00,0,0
1508091481,total,377044.97,393254.75,770299.75,393648,377422,459.54,468.53,928.07,469,460,0.00,0.00,0,0
1508091482,s1,0.00,0.00,0.00,0,0,0.00,0.00,0.00,0,0,0.00,0.00,0,0
1508091482,eth0,0.00,0.00,0.00,0,0,0.00,0.00,0.00,0,0,0.00,0.00,0,0
1508091482,eth1,0.00,0.00,0.00,0,0,0.00,0.00,0.00,0,0,0.00,0.00,0,0
1508091482,s2,0.00,0.00,0.00,0,0,0.00,0.00,0.00,0,0,0.00,0.00,0,0
1508091482,s1-eth2,12576.42,257122.89,269699.31,257380,12589,159.84,169.83,329.67,170,160,0.00,0.00,0,0
1508091482,s1-eth1,251072.94,12555.45,263628.38,12568,251324,165.83,159.84,325.67,160,166,0.00,0.00,0,0
1508091482,s2-eth2,4633.37,90749.25,95382.62,90840,4638,54.95,59.94,114.89,60,55,0.00,0.00,0,0
1508091482,s2-eth1,87831.17,4291.71,92122.88,4296,87919,58.94,53.95,112.89,54,59,0.00,0.00,0,0
1508091482,lo,0.00,0.00,0.00,0,0,0.00,0.00,0.00,0,0,0.00,0.00,0,0
1508091482,total,356113.91,364719.28,720833.19,365084,356470,439.56,443.56,883.12,444,440,0.00,0.00,0,0
1508091483,s1,0.00,0.00,0.00,0,0,0.00,0.00,0.00,0,0,0.00,0.00,0,0
1508091483,eth0,0.00,0.00,0.00,0,0,0.00,0.00,0.00,0,0,0.00,0.00,0,0
1508091483,eth1,0.00,0.00,0.00,0,0,0.00,0.00,0.00,0,0,0.00,0.00,0,0
1508091483,s2,0.00,0.00,0.00,0,0,0.00,0.00,0.00,0,0,0.00,0.00,0,0
1508091483,s1-eth2,12428.00,261922.00,274350.00,261922,12428,160.00,173.00,333.00,173,160,0.00,0.00,0,0
1508091483,s1-eth1,248403.00,12016.00,260419.00,12016,248403,165.00,158.00,323.00,158,165,0.00,0.00,0,0
1508091483,s2-eth2,3067.00,86298.00,89365.00,86298,3067,41.00,57.00,98.00,57,41,0.00,0.00,0,0
1508091483,s2-eth1,92424.00,2960.00,95384.00,2960,92424,62.00,40.00,102.00,40,62,0.00,0.00,0,0
1508091483,lo,0.00,0.00,0.00,0,0,0.00,0.00,0.00,0,0,0.00,0.00,0,0
1508091483,total,356322.00,363196.00,719518.00,363196,356322,428.00,428.00,856.00,428,428,0.00,0.00,0,0
1508091484,s1,0.00,0.00,0.00,0,0,0.00,0.00,0.00,0,0,0.00,0.00,0,0
1508091484,eth0,0.00,0.00,0.00,0,0,0.00,0.00,0.00,0,0,0.00,0.00,0,0
1508091484,eth1,0.00,0.00,0.00,0,0,0.00,0.00,0.00,0,0,0.00,0.00,0,0
1508091484,s2,0.00,0.00,0.00,0,0,0.00,0.00,0.00,0,0,0.00,0.00,0,0
1508091484,s1-eth2,12480.00,252838.00,265318.00,252838,12480,162.00,167.00,329.00,167,162,0.00,0.00,0,0
1508091484,s1-eth1,250222.00,12394.00,262616.00,12394,250222,167.00,161.00,328.00,161,167,0.00,0.00,0,0
1508091484,s2-eth2,3392.00,63588.00,66980.00,63588,3392,42.00,42.00,84.00,42,42,0.00,0.00,0,0
1508091484,s2-eth1,62416.00,3322.00,65738.00,3322,62416,42.00,41.00,83.00,41,42,0.00,0.00,0,0
1508091484,lo,172.00,172.00,344.00,172,172,3.00,3.00,6.00,3,3,0.00,0.00,0,0
1508091484,total,328682.00,332314.00,660996.00,332314,328682,416.00,414.00,830.00,414,416,0.00,0.00,0,0
1508091485,s1,0.00,0.00,0.00,0,0,0.00,0.00,0.00,0,0,0.00,0.00,0,0
1508091485,eth0,0.00,0.00,0.00,0,0,0.00,0.00,0.00,0,0,0.00,0.00,0,0
1508091485,eth1,0.00,0.00,0.00,0,0,0.00,0.00,0.00,0,0,0.00,0.00,0,0
1508091485,s2,0.00,0.00,0.00,0,0,0.00,0.00,0.00,0,0,0.00,0.00,0,0
1508091485,s1-eth2,12056.00,261922.00,273978.00,261922,12056,158.00,173.00,331.00,173,158,0.00,0.00,0,0
1508091485,s1-eth1,251324.00,12056.00,263380.00,12056,251324,166.00,158.00,324.00,158,166,0.00,0.00,0,0
1508091485,s2-eth2,2328.00,49962.00,52290.00,49962,2328,30.00,33.00,63.00,33,30,0.00,0.00,0,0
1508091485,s2-eth1,46934.00,2328.00,49262.00,2328,46934,31.00,30.00,61.00,30,31,0.00,0.00,0,0
1508091485,lo,0.00,0.00,0.00,0,0,0.00,0.00,0.00,0,0,0.00,0.00,0,0
1508091485,total,312642.00,326268.00,638910.00,326268,312642,385.00,394.00,779.00,394,385,0.00,0.00,0,0
1508091486,s1,0.00,0.00,0.00,0,0,0.00,0.00,0.00,0,0,0.00,0.00,0,0
1508091486,eth0,0.00,0.00,0.00,0,0,0.00,0.00,0.00,0,0,0.00,0.00,0,0
1508091486,eth1,0.00,0.00,0.00,0,0,0.00,0.00,0.00,0,0,0.00,0.00,0,0
1508091486,s2,0.00,0.00,0.00,0,0,0.00,0.00,0.00,0,0,0.00,0.00,0,0
1508091486,s1-eth2,12300.00,255866.00,268166.00,255866,12300,160.00,169.00,329.00,169,160,0.00,0.00,0,0
1508091486,s1-eth1,249810.00,12300.00,262110.00,12300,249810,165.00,160.00,325.00,160,165,0.00,0.00,0,0
1508091486,s2-eth2,2146.00,71158.00,73304.00,71158,2146,29.00,47.00,76.00,47,29,0.00,0.00,0,0
1508091486,s2-eth1,68130.00,2146.00,70276.00,2146,68130,45.00,29.00,74.00,29,45,0.00,0.00,0,0
1508091486,lo,172.00,172.00,344.00,172,172,3.00,3.00,6.00,3,3,0.00,0.00,0,0
1508091486,total,332558.00,341642.00,674200.00,341642,332558,402.00,408.00,810.00,408,402,0.00,0.00,0,0
1508091487,s1,0.00,0.00,0.00,0,0,0.00,0.00,0.00,0,0,0.00,0.00,0,0
1508091487,eth0,0.00,0.00,0.00,0,0,0.00,0.00,0.00,0,0,0.00,0.00,0,0
1508091487,eth1,0.00,0.00,0.00,0,0,0.00,0.00,0.00,0,0,0.00,0.00,0,0
1508091487,s2,0.00,0.00,0.00,0,0,0.00,0.00,0.00,0,0,0.00,0.00,0,0
1508091487,s1-eth2,12360.00,255866.00,268226.00,255866,12360,162.00,169.00,331.00,169,162,0.00,0.00,0,0
1508091487,s1-eth1,249810.00,12360.00,262170.00,12360,249810,165.00,162.00,327.00,162,165,0.00,0.00,0,0
1508091487,s2-eth2,2596.00,52990.00,55586.00,52990,2596,32.00,35.00,67.00,35,32,0.00,0.00,0,0
1508091487,s2-eth1,49962.00,2744.00,52706.00,2744,49962,33.00,34.00,67.00,34,33,0.00,0.00,0,0
1508091487,lo,0.00,0.00,0.00,0,0,0.00,0.00,0.00,0,0,0.00,0.00,0,0
1508091487,total,314728.00,323960.00,638688.00,323960,314728,392.00,400.00,792.00,400,392,0.00,0.00,0,0
1508091488,s1,0.00,0.00,0.00,0,0,0.00,0.00,0.00,0,0,0.00,0.00,0,0
1508091488,eth0,0.00,0.00,0.00,0,0,0.00,0.00,0.00,0,0,0.00,0.00,0,0
1508091488,eth1,0.00,0.00,0.00,0,0,0.00,0.00,0.00,0,0,0.00,0.00,0,0
1508091488,s2,0.00,0.00,0.00,0,0,0.00,0.00,0.00,0,0,0.00,0.00,0,0
1508091488,s1-eth2,12286.00,255866.00,268152.00,255866,12286,159.00,169.00,328.00,169,159,0.00,0.00,0,0
1508091488,s1-eth1,249810.00,12286.00,262096.00,12286,249810,165.00,159.00,324.00,159,165,0.00,0.00,0,0
1508091488,s2-eth2,1776.00,59046.00,60822.00,59046,1776,24.00,39.00,63.00,39,24,0.00,0.00,0,0
1508091488,s2-eth1,60560.00,1628.00,62188.00,1628,60560,40.00,22.00,62.00,22,40,0.00,0.00,0,0
1508091488,lo,0.00,0.00,0.00,0,0,0.00,0.00,0.00,0,0,0.00,0.00,0,0
1508091488,total,324432.00,328826.00,653258.00,328826,324432,388.00,389.00,777.00,389,388,0.00,0.00,0,0
1508091489,s1,0.00,0.00,0.00,0,0,0.00,0.00,0.00,0,0,0.00,0.00,0,0
1508091489,eth0,0.00,0.00,0.00,0,0,0.00,0.00,0.00,0,0,0.00,0.00,0,0
1508091489,eth1,0.00,0.00,0.00,0,0,0.00,0.00,0.00,0,0,0.00,0.00,0,0
1508091489,s2,0.00,0.00,0.00,0,0,0.00,0.00,0.00,0,0,0.00,0.00,0,0
1508091489,s1-eth2,12282.00,263436.00,275718.00,263436,12282,161.00,174.00,335.00,174,161,0.00,0.00,0,0
1508091489,s1-eth1,249810.00,12282.00,262092.00,12282,249810,165.00,161.00,326.00,161,165,0.00,0.00,0,0
1508091489,s2-eth2,2192.00,52990.00,55182.00,52990,2192,28.00,35.00,63.00,35,28,0.00,0.00,0,0
1508091489,s2-eth1,49962.00,2192.00,52154.00,2192,49962,33.00,28.00,61.00,28,33,0.00,0.00,0,0
1508091489,lo,172.00,172.00,344.00,172,172,3.00,3.00,6.00,3,3,0.00,0.00,0,0
1508091489,total,314418.00,331072.00,645490.00,331072,314418,390.00,401.00,791.00,401,390,0.00,0.00,0,0
1508091490,s1,0.00,0.00,0.00,0,0,0.00,0.00,0.00,0,0,0.00,0.00,0,0
1508091490,eth0,0.00,0.00,0.00,0,0,0.00,0.00,0.00,0,0,0.00,0.00,0,0
1508091490,eth1,0.00,0.00,0.00,0,0,0.00,0.00,0.00,0,0,0.00,0.00,0,0
1508091490,s2,0.00,0.00,0.00,0,0,0.00,0.00,0.00,0,0,0.00,0.00,0,0
1508091490,s1-eth2,12779.00,252838.00,265617.00,252838,12779,163.00,167.00,330.00,167,163,0.00,0.00,0,0
1508091490,s1-eth1,251324.00,12758.00,264082.00,12758,251324,166.00,163.00,329.00,163,166,0.00,0.00,0,0
1508091490,s2-eth2,2516.00,69644.00,72160.00,69644,2516,34.00,46.00,80.00,46,34,0.00,0.00,0,0
1508091490,s2-eth1,68237.00,2516.00,70753.00,2516,68237,46.00,34.00,80.00,34,46,0.00,0.00,0,0
1508091490,lo,0.00,0.00,0.00,0,0,0.00,0.00,0.00,0,0,0.00,0.00,0,0
1508091490,total,334856.00,337756.00,672612.00,337756,334856,409.00,410.00,819.00,410,409,0.00,0.00,0,0
1508091491,s1,0.00,0.00,0.00,0,0,0.00,0.00,0.00,0,0,0.00,0.00,0,0
1508091491,eth0,0.00,0.00,0.00,0,0,0.00,0.00,0.00,0,0,0.00,0.00,0,0
1508091491,eth1,0.00,0.00,0.00,0,0,0.00,0.00,0.00,0,0,0.00,0.00,0,0
1508091491,s2,0.00,0.00,0.00,0,0,0.00,0.00,0.00,0,0,0.00,0.00,0,0
1508091491,s1-eth2,12364.00,258894.00,271258.00,258894,12364,164.00,171.00,335.00,171,164,0.00,0.00,0,0
1508091491,s1-eth1,249917.00,12364.00,262281.00,12364,249917,166.00,164.00,330.00,164,166,0.00,0.00,0,0
1508091491,s2-eth2,2369.00,86340.00,88709.00,86340,2369,32.00,58.00,90.00,58,32,0.00,0.00,0,0
1508091491,s2-eth1,82140.00,2410.00,84550.00,2410,82140,56.00,33.00,89.00,33,56,0.00,0.00,0,0
1508091491,lo,172.00,172.00,344.00,172,172,3.00,3.00,6.00,3,3,0.00,0.00,0,0
1508091491,total,346962.00,360180.00,707142.00,360180,346962,421.00,429.00,850.00,429,421,0.00,0.00,0,0
1508091492,s1,0.00,0.00,0.00,0,0,0.00,0.00,0.00,0,0,0.00,0.00,0,0
1508091492,eth0,0.00,0.00,0.00,0,0,0.00,0.00,0.00,0,0,0.00,0.00,0,0
1508091492,eth1,0.00,0.00,0.00,0,0,0.00,0.00,0.00,0,0,0.00,0.00,0,0
1508091492,s2,0.00,0.00,0.00,0,0,0.00,0.00,0.00,0,0,0.00,0.00,0,0
1508091492,s1-eth2,12423.58,257122.89,269546.47,257380,12436,159.84,169.83,329.67,170,160,0.00,0.00,0,0
1508091492,s1-eth1,249560.45,12337.66,261898.11,12350,249810,164.84,158.84,323.68,159,165,0.00,0.00,0,0
1508091492,s2-eth2,4175.82,98311.69,102487.52,98410,4180,49.95,64.94,114.89,65,50,0.00,0.00,0,0
1508091492,s2-eth1,99824.18,3686.31,103510.49,3690,99924,65.93,46.95,112.89,47,66,0.00,0.00,0,0
1508091492,lo,0.00,0.00,0.00,0,0,0.00,0.00,0.00,0,0,0.00,0.00,0,0
1508091492,total,365984.03,371458.56,737442.56,371830,366350,440.56,440.56,881.12,441,441,0.00,0.00,0,0
1508091493,s1,0.00,0.00,0.00,0,0,0.00,0.00,0.00,0,0,0.00,0.00,0,0
1508091493,eth0,0.00,0.00,0.00,0,0,0.00,0.00,0.00,0,0,0.00,0.00,0,0
1508091493,eth1,0.00,0.00,0.00,0,0,0.00,0.00,0.00,0,0,0.00,0.00,0,0
1508091493,s2,0.00,0.00,0.00,0,0,0.00,0.00,0.00,0,0,0.00,0.00,0,0
1508091493,s1-eth2,12244.00,255866.00,268110.00,255866,12244,160.00,169.00,329.00,169,160,0.00,0.00,0,0
1508091493,s1-eth1,249810.00,12244.00,262054.00,12244,249810,165.00,160.00,325.00,160,165,0.00,0.00,0,0
1508091493,s2-eth2,3696.00,90840.00,94536.00,90840,3696,48.00,60.00,108.00,60,48,0.00,0.00,0,0
1508091493,s2-eth1,87812.00,3696.00,91508.00,3696,87812,58.00,48.00,106.00,48,58,0.00,0.00,0,0
1508091493,lo,0.00,0.00,0.00,0,0,0.00,0.00,0.00,0,0,0.00,0.00,0,0
1508091493,total,353562.00,362646.00,716208.00,362646,353562,431.00,437.00,868.00,437,431,0.00,0.00,0,0
1508091494,s1,0.00,0.00,0.00,0,0,0.00,0.00,0.00,0,0,0.00,0.00,0,0
1508091494,eth0,0.00,0.00,0.00,0,0,0.00,0.00,0.00,0,0,0.00,0.00,0,0
1508091494,eth1,0.00,0.00,0.00,0,0,0.00,0.00,0.00,0,0,0.00,0.00,0,0
1508091494,s2,0.00,0.00,0.00,0,0,0.00,0.00,0.00,0,0,0.00,0.00,0,0
1508091494,s1-eth2,12429.57,261660.34,274089.91,261922,12442,158.84,172.83,331.67,173,159,0.00,0.00,0,0
1508091494,s1-eth1,251072.94,12161.84,263234.78,12174,251324,165.83,158.84,324.68,159,166,0.00,0.00,0,0
1508091494,s2-eth2,2487.51,89236.77,91724.28,89326,2490,32.97,58.94,91.91,59,33,0.00,0.00,0,0
1508091494,s2-eth1,86211.79,2487.51,88699.30,2490,86298,56.94,32.97,89.91,33,57,0.00,0.00,0,0
1508091494,lo,171.83,171.83,343.66,172,172,3.00,3.00,5.99,3,3,0.00,0.00,0,0
1508091494,total,352373.62,365718.28,718091.94,366084,352726,417.58,426.57,844.16,427,418,0.00,0.00,0,0
1508091495,s1,0.00,0.00,0.00,0,0,0.00,0.00,0.00,0,0,0.00,0.00,0,0
1508091495,eth0,0.00,0.00,0.00,0,0,0.00,0.00,0.00,0,0,0.00,0.00,0,0
1508091495,eth1,0.00,0.00,0.00,0,0,0.00,0.00,0.00,0,0,0.00,0.00,0,0
1508091495,s2,0.00,0.00,0.00,0,0,0.00,0.00,0.00,0,0,0.00,0.00,0,0
1508091495,s1-eth2,12176.00,254352.00,266528.00,254352,12176,160.00,168.00,328.00,168,160,0.00,0.00,0,0
1508091495,s1-eth1,249810.00,12176.00,261986.00,12176,249810,165.00,160.00,325.00,160,165,0.00,0.00,0,0
1508091495,s2-eth2,3546.00,84784.00,88330.00,84784,3546,45.00,56.00,101.00,56,45,0.00,0.00,0,0
1508091495,s2-eth1,84784.00,3546.00,88330.00,3546,84784,56.00,45.00,101.00,45,56,0.00,0.00,0,0
1508091495,lo,0.00,0.00,0.00,0,0,0.00,0.00,0.00,0,0,0.00,0.00,0,0
1508091495,total,350316.00,354858.00,705174.00,354858,350316,426.00,429.00,855.00,429,426,0.00,0.00,0,0
1508091496,s1,0.00,0.00,0.00,0,0,0.00,0.00,0.00,0,0,0.00,0.00,0,0
1508091496,eth0,0.00,0.00,0.00,0,0,0.00,0.00,0.00,0,0,0.00,0.00,0,0
1508091496,eth1,0.00,0.00,0.00,0,0,0.00,0.00,0.00,0,0,0.00,0.00,0,0
1508091496,s2,0.00,0.00,0.00,0,0,0.00,0.00,0.00,0,0,0.00,0.00,0,0
1508091496,s1-eth2,12158.00,257380.00,269538.00,257380,12158,159.00,170.00,329.00,170,159,0.00,0.00,0,0
1508091496,s1-eth1,250152.00,12084.00,262236.00,12084,250152,166.00,158.00,324.00,158,166,0.00,0.00,0,0
1508091496,s2-eth2,2624.00,59046.00,61670.00,59046,2624,34.00,39.00,73.00,39,34,0.00,0.00,0,0
1508091496,s2-eth1,60560.00,2624.00,63184.00,2624,60560,40.00,34.00,74.00,34,40,0.00,0.00,0,0
1508091496,lo,172.00,172.00,344.00,172,172,3.00,3.00,6.00,3,3,0.00,0.00,0,0
1508091496,total,325666.00,331306.00,656972.00,331306,325666,402.00,404.00,806.00,404,402,0.00,0.00,0,0
1508091497,s1,0.00,0.00,0.00,0,0,0.00,0.00,0.00,0,0,0.00,0.00,0,0
1508091497,eth0,0.00,0.00,0.00,0,0,0.00,0.00,0.00,0,0,0.00,0.00,0,0
1508091497,eth1,0.00,0.00,0.00,0,0,0.00,0.00,0.00,0,0,0.00,0.00,0,0
1508091497,s2,0.00,0.00,0.00,0,0,0.00,0.00,0.00,0,0,0.00,0.00,0,0
1508091497,s1-eth2,11992.01,261660.34,273652.34,261922,12004,157.84,172.83,330.67,173,158,0.00,0.00,0,0
1508091497,s1-eth1,249560.45,11992.01,261552.45,12004,249810,164.84,157.84,322.68,158,165,0.00,0.00,0,0
1508091497,s2-eth2,2781.22,74111.89,76893.11,74186,2784,35.96,48.95,84.92,49,36,0.00,0.00,0,0
1508091497,s2-eth1,71086.91,2781.22,73868.13,2784,71158,46.95,35.96,82.92,36,47,0.00,0.00,0,0
1508091497,lo,0.00,0.00,0.00,0,0,0.00,0.00,0.00,0,0,0.00,0.00,0,0
1508091497,total,335420.59,350545.47,685966.06,350896,335756,405.59,415.58,821.18,416,406,0.00,0.00,0,0
1508091498,s1,0.00,0.00,0.00,0,0,0.00,0.00,0.00,0,0,0.00,0.00,0,0
1508091498,eth0,0.00,0.00,0.00,0,0,0.00,0.00,0.00,0,0,0.00,0.00,0,0
1508091498,eth1,0.00,0.00,0.00,0,0,0.00,0.00,0.00,0,0,0.00,0.00,0,0
1508091498,s2,0.00,0.00,0.00,0,0,0.00,0.00,0.00,0,0,0.00,0.00,0,0
1508091498,s1-eth2,12226.00,249810.00,262036.00,249810,12226,161.00,165.00,326.00,165,161,0.00,0.00,0,0
1508091498,s1-eth1,249810.00,12226.00,262036.00,12226,249810,165.00,161.00,326.00,161,165,0.00,0.00,0,0
1508091498,s2-eth2,3228.00,77214.00,80442.00,77214,3228,42.00,51.00,93.00,51,42,0.00,0.00,0,0
1508091498,s2-eth1,69644.00,3228.00,72872.00,3228,69644,46.00,42.00,88.00,42,46,0.00,0.00,0,0
1508091498,lo,0.00,0.00,0.00,0,0,0.00,0.00,0.00,0,0,0.00,0.00,0,0
1508091498,total,334908.00,342478.00,677386.00,342478,334908,414.00,419.00,833.00,419,414,0.00,0.00,0,0
1508091499,s1,0.00,0.00,0.00,0,0,0.00,0.00,0.00,0,0,0.00,0.00,0,0
1508091499,eth0,0.00,0.00,0.00,0,0,0.00,0.00,0.00,0,0,0.00,0.00,0,0
1508091499,eth1,0.00,0.00,0.00,0,0,0.00,0.00,0.00,0,0,0.00,0.00,0,0
1508091499,s2,0.00,0.00,0.00,0,0,0.00,0.00,0.00,0,0,0.00,0.00,0,0
1508091499,s1-eth2,12286.00,258894.00,271180.00,258894,12286,159.00,171.00,330.00,171,159,0.00,0.00,0,0
1508091499,s1-eth1,249810.00,12360.00,262170.00,12360,249810,165.00,160.00,325.00,160,165,0.00,0.00,0,0
1508091499,s2-eth2,3500.00,75700.00,79200.00,75700,3500,46.00,50.00,96.00,50,46,0.00,0.00,0,0
1508091499,s2-eth1,81756.00,3500.00,85256.00,3500,81756,54.00,46.00,100.00,46,54,0.00,0.00,0,0
1508091499,lo,172.00,172.00,344.00,172,172,3.00,3.00,6.00,3,3,0.00,0.00,0,0
1508091499,total,347524.00,350626.00,698150.00,350626,347524,427.00,430.00,857.00,430,427,0.00,0.00,0,0
1508091500,s1,0.00,0.00,0.00,0,0,0.00,0.00,0.00,0,0,0.00,0.00,0,0
1508091500,eth0,0.00,0.00,0.00,0,0,0.00,0.00,0.00,0,0,0.00,0.00,0,0
1508091500,eth1,0.00,0.00,0.00,0,0,0.00,0.00,0.00,0,0,0.00,0.00,0,0
1508091500,s2,0.00,0.00,0.00,0,0,0.00,0.00,0.00,0,0,0.00,0.00,0,0
1508091500,s1-eth2,11132.00,236184.00,247316.00,236184,11132,144.00,156.00,300.00,156,144,0.00,0.00,0,0
1508091500,s1-eth1,231642.00,11058.00,242700.00,11058,231642,153.00,143.00,296.00,143,153,0.00,0.00,0,0
1508091500,s2-eth2,4806.00,96896.00,101702.00,96896,4806,63.00,64.00,127.00,64,63,0.00,0.00,0,0
1508091500,s2-eth1,87812.00,4806.00,92618.00,4806,87812,58.00,63.00,121.00,63,58,0.00,0.00,0,0
1508091500,lo,0.00,0.00,0.00,0,0,0.00,0.00,0.00,0,0,0.00,0.00,0,0
1508091500,total,335392.00,348944.00,684336.00,348944,335392,418.00,426.00,844.00,426,418,0.00,0.00,0,0
1508091501,s1,0.00,0.00,0.00,0,0,0.00,0.00,0.00,0,0,0.00,0.00,0,0
1508091501,eth0,0.00,0.00,0.00,0,0,0.00,0.00,0.00,0,0,0.00,0.00,0,0
1508091501,eth1,0.00,0.00,0.00,0,0,0.00,0.00,0.00,0,0,0.00,0.00,0,0
1508091501,s2,0.00,0.00,0.00,0,0,0.00,0.00,0.00,0,0,0.00,0.00,0,0
1508091501,s1-eth2,12448.00,260408.00,272856.00,260408,12448,162.00,172.00,334.00,172,162,0.00,0.00,0,0
1508091501,s1-eth1,249810.00,12448.00,262258.00,12448,249810,165.00,162.00,327.00,162,165,0.00,0.00,0,0
1508091501,s2-eth2,3918.00,84784.00,88702.00,84784,3918,51.00,56.00,107.00,56,51,0.00,0.00,0,0
1508091501,s2-eth1,93868.00,3918.00,97786.00,3918,93868,62.00,51.00,113.00,51,62,0.00,0.00,0,0
1508091501,lo,172.00,172.00,344.00,172,172,3.00,3.00,6.00,3,3,0.00,0.00,0,0
1508091501,total,360216.00,361730.00,721946.00,361730,360216,443.00,444.00,887.00,444,443,0.00,0.00,0,0
1508091502,s1,0.00,0.00,0.00,0,0,0.00,0.00,0.00,0,0,0.00,0.00,0,0
1508091502,eth0,0.00,0.00,0.00,0,0,0.00,0.00,0.00,0,0,0.00,0.00,0,0
1508091502,eth1,0.00,0.00,0.00,0,0,0.00,0.00,0.00,0,0,0.00,0.00,0,0
1508091502,s2,0.00,0.00,0.00,0,0,0.00,0.00,0.00,0,0,0.00,0.00,0,0
1508091502,s1-eth2,12016.00,258894.00,270910.00,258894,12016,158.00,171.00,329.00,171,158,0.00,0.00,0,0
1508091502,s1-eth1,249810.00,12090.00,261900.00,12090,249810,165.00,159.00,324.00,159,165,0.00,0.00,0,0
1508091502,s2-eth2,3256.00,107494.00,110750.00,107494,3256,44.00,71.00,115.00,71,44,0.00,0.00,0,0
1508091502,s2-eth1,95724.00,3256.00,98980.00,3256,95724,64.00,44.00,108.00,44,64,0.00,0.00,0,0
1508091502,lo,0.00,0.00,0.00,0,0,0.00,0.00,0.00,0,0,0.00,0.00,0,0
1508091502,total,360806.00,381734.00,742540.00,381734,360806,431.00,445.00,876.00,445,431,0.00,0.00,0,0
1508091503,s1,0.00,0.00,0.00,0,0,0.00,0.00,0.00,0,0,0.00,0.00,0,0
1508091503,eth0,0.00,0.00,0.00,0,0,0.00,0.00,0.00,0,0,0.00,0.00,0,0
1508091503,eth1,0.00,0.00,0.00,0,0,0.00,0.00,0.00,0,0,0.00,0.00,0,0
1508091503,s2,0.00,0.00,0.00,0,0,0.00,0.00,0.00,0,0,0.00,0.00,0,0
1508091503,s1-eth2,12516.00,257380.00,269896.00,257380,12516,160.00,170.00,330.00,170,160,0.00,0.00,0,0
1508091503,s1-eth1,249810.00,12442.00,262252.00,12442,249810,165.00,159.00,324.00,159,165,0.00,0.00,0,0
1508091503,s2-eth2,4078.00,98410.00,102488.00,98410,4078,53.00,65.00,118.00,65,53,0.00,0.00,0,0
1508091503,s2-eth1,102952.00,4078.00,107030.00,4078,102952,68.00,53.00,121.00,53,68,0.00,0.00,0,0
1508091503,lo,0.00,0.00,0.00,0,0,0.00,0.00,0.00,0,0,0.00,0.00,0,0
1508091503,total,369356.00,372310.00,741666.00,372310,369356,446.00,447.00,893.00,447,446,0.00,0.00,0,0
1508091504,s1,0.00,0.00,0.00,0,0,0.00,0.00,0.00,0,0,0.00,0.00,0,0
1508091504,eth0,0.00,0.00,0.00,0,0,0.00,0.00,0.00,0,0,0.00,0.00,0,0
1508091504,eth1,0.00,0.00,0.00,0,0,0.00,0.00,0.00,0,0,0.00,0.00,0,0
1508091504,s2,0.00,0.00,0.00,0,0,0.00,0.00,0.00,0,0,0.00,0.00,0,0
1508091504,s1-eth2,11882.00,260408.00,272290.00,260408,11882,157.00,172.00,329.00,172,157,0.00,0.00,0,0
1508091504,s1-eth1,245268.00,11956.00,257224.00,11956,245268,162.00,158.00,320.00,158,162,0.00,0.00,0,0
1508091504,s2-eth2,3958.00,86298.00,90256.00,86298,3958,47.00,57.00,104.00,57,47,0.00,0.00,0,0
1508091504,s2-eth1,80242.00,3616.00,83858.00,3616,80242,53.00,46.00,99.00,46,53,0.00,0.00,0,0
1508091504,lo,172.00,172.00,344.00,172,172,3.00,3.00,6.00,3,3,0.00,0.00,0,0
1508091504,total,341522.00,362450.00,703972.00,362450,341522,422.00,436.00,858.00,436,422,0.00,0.00,0,0
1508091505,s1,0.00,0.00,0.00,0,0,0.00,0.00,0.00,0,0,0.00,0.00,0,0
1508091505,eth0,0.00,0.00,0.00,0,0,0.00,0.00,0.00,0,0,0.00,0.00,0,0
1508091505,eth1,0.00,0.00,0.00,0,0,0.00,0.00,0.00,0,0,0.00,0.00,0,0
1508091505,s2,0.00,0.00,0.00,0,0,0.00,0.00,0.00,0,0,0.00,0.00,0,0
1508091505,s1-eth2,12460.00,252838.00,265298.00,252838,12460,164.00,167.00,331.00,167,164,0.00,0.00,0,0
1508091505,s1-eth1,249810.00,12386.00,262196.00,12386,249810,165.00,163.00,328.00,163,165,0.00,0.00,0,0
1508091505,s2-eth2,3092.00,86298.00,89390.00,86298,3092,40.00,57.00,97.00,57,40,0.00,0.00,0,0
1508091505,s2-eth1,89326.00,3092.00,92418.00,3092,89326,59.00,40.00,99.00,40,59,0.00,0.00,0,0
1508091505,lo,0.00,0.00,0.00,0,0,0.00,0.00,0.00,0,0,0.00,0.00,0,0
1508091505,total,354688.00,354614.00,709302.00,354614,354688,428.00,427.00,855.00,427,428,0.00,0.00,0,0
1508091506,s1,0.00,0.00,0.00,0,0,0.00,0.00,0.00,0,0,0.00,0.00,0,0
1508091506,eth0,0.00,0.00,0.00,0,0,0.00,0.00,0.00,0,0,0.00,0.00,0,0
1508091506,eth1,0.00,0.00,0.00,0,0,0.00,0.00,0.00,0,0,0.00,0.00,0,0
1508091506,s2,0.00,0.00,0.00,0,0,0.00,0.00,0.00,0,0,0.00,0.00,0,0
1508091506,s1-eth2,12023.00,257380.00,269403.00,257380,12023,159.00,170.00,329.00,170,159,0.00,0.00,0,0
1508091506,s1-eth1,249810.00,11916.00,261726.00,11916,249810,165.00,158.00,323.00,158,165,0.00,0.00,0,0
1508091506,s2-eth2,3330.00,92354.00,95684.00,92354,3330,45.00,61.00,106.00,61,45,0.00,0.00,0,0
1508091506,s2-eth1,90947.00,3330.00,94277.00,3330,90947,61.00,45.00,106.00,45,61,0.00,0.00,0,0
1508091506,lo,172.00,172.00,344.00,172,172,3.00,3.00,6.00,3,3,0.00,0.00,0,0
1508091506,total,356282.00,365152.00,721434.00,365152,356282,433.00,437.00,870.00,437,433,0.00,0.00,0,0
1508091507,s1,0.00,0.00,0.00,0,0,0.00,0.00,0.00,0,0,0.00,0.00,0,0
1508091507,eth0,0.00,0.00,0.00,0,0,0.00,0.00,0.00,0,0,0.00,0.00,0,0
1508091507,eth1,0.00,0.00,0.00,0,0,0.00,0.00,0.00,0,0,0.00,0.00,0,0
1508091507,s2,0.00,0.00,0.00,0,0,0.00,0.00,0.00,0,0,0.00,0.00,0,0
1508091507,s1-eth2,12207.79,249560.45,261768.23,249810,12220,157.84,164.84,322.68,165,158,0.00,0.00,0,0
1508091507,s1-eth1,249667.34,12207.79,261875.12,12220,249917,165.83,157.84,323.68,158,166,0.00,0.00,0,0
1508091507,s2-eth2,4394.61,113436.57,117831.17,113550,4399,58.94,74.93,133.87,75,59,0.00,0.00,0,0
1508091507,s2-eth1,110411.59,4287.71,114699.30,4292,110522,72.93,57.94,130.87,58,73,0.00,0.00,0,0
1508091507,lo,0.00,0.00,0.00,0,0,0.00,0.00,0.00,0,0,0.00,0.00,0,0
1508091507,total,376681.34,379492.53,756173.88,379872,377058,455.54,455.54,911.09,456,456,0.00,0.00,0,0
1508091508,s1,0.00,0.00,0.00,0,0,0.00,0.00,0.00,0,0,0.00,0.00,0,0
1508091508,eth0,0.00,0.00,0.00,0,0,0.00,0.00,0.00,0,0,0.00,0.00,0,0
1508091508,eth1,0.00,0.00,0.00,0,0,0.00,0.00,0.00,0,0,0.00,0.00,0,0
1508091508,s2,0.00,0.00,0.00,0,0,0.00,0.00,0.00,0,0,0.00,0.00,0,0
1508091508,s1-eth2,2960.00,45010.00,47970.00,45010,2960,38.00,33.00,71.00,33,38,0.00,0.00,0,0
1508091508,s1-eth1,54094.00,2960.00,57054.00,2960,54094,39.00,38.00,77.00,38,39,0.00,0.00,0,0
1508091508,s2-eth2,2294.00,24446.00,26740.00,24446,2294,31.00,19.00,50.00,19,31,0.00,0.00,0,0
1508091508,s2-eth1,33456.00,2294.00,35750.00,2294,33456,24.00,31.00,55.00,31,24,0.00,0.00,0,0
1508091508,lo,0.00,0.00,0.00,0,0,0.00,0.00,0.00,0,0,0.00,0.00,0,0
1508091508,total,92804.00,74710.00,167514.00,74710,92804,132.00,121.00,253.00,121,132,0.00,0.00,0,0
1508091509,s1,0.00,0.00,0.00,0,0,0.00,0.00,0.00,0,0,0.00,0.00,0,0
1508091509,eth0,0.00,0.00,0.00,0,0,0.00,0.00,0.00,0,0,0.00,0.00,0,0
1508091509,eth1,0.00,0.00,0.00,0,0,0.00,0.00,0.00,0,0,0.00,0.00,0,0
1508091509,s2,0.00,0.00,0.00,0,0,0.00,0.00,0.00,0,0,0.00,0.00,0,0
1508091509,s1-eth2,342.00,0.00,342.00,0,342,1.00,0.00,1.00,0,1,0.00,0.00,0,0
1508091509,s1-eth1,0.00,0.00,0.00,0,0,0.00,0.00,0.00,0,0,0.00,0.00,0,0
1508091509,s2-eth2,0.00,0.00,0.00,0,0,0.00,0.00,0.00,0,0,0.00,0.00,0,0
1508091509,s2-eth1,0.00,0.00,0.00,0,0,0.00,0.00,0.00,0,0,0.00,0.00,0,0
1508091509,lo,172.00,172.00,344.00,172,172,3.00,3.00,6.00,3,3,0.00,0.00,0,0
1508091509,total,514.00,172.00,686.00,172,514,4.00,3.00,7.00,3,4,0.00,0.00,0,0
1508091510,s1,0.00,0.00,0.00,0,0,0.00,0.00,0.00,0,0,0.00,0.00,0,0
1508091510,eth0,0.00,0.00,0.00,0,0,0.00,0.00,0.00,0,0,0.00,0.00,0,0
1508091510,eth1,0.00,0.00,0.00,0,0,0.00,0.00,0.00,0,0,0.00,0.00,0,0
1508091510,s2,0.00,0.00,0.00,0,0,0.00,0.00,0.00,0,0,0.00,0.00,0,0
1508091510,s1-eth2,0.00,0.00,0.00,0,0,0.00,0.00,0.00,0,0,0.00,0.00,0,0
1508091510,s1-eth1,0.00,0.00,0.00,0,0,0.00,0.00,0.00,0,0,0.00,0.00,0,0
1508091510,s2-eth2,0.00,0.00,0.00,0,0,0.00,0.00,0.00,0,0,0.00,0.00,0,0
1508091510,s2-eth1,0.00,0.00,0.00,0,0,0.00,0.00,0.00,0,0,0.00,0.00,0,0
1508091510,lo,0.00,0.00,0.00,0,0,0.00,0.00,0.00,0,0,0.00,0.00,0,0
1508091510,total,0.00,0.00,0.00,0,0,0.00,0.00,0.00,0,0,0.00,0.00,0,0
1508091511,s1,0.00,0.00,0.00,0,0,0.00,0.00,0.00,0,0,0.00,0.00,0,0
1508091511,eth0,0.00,0.00,0.00,0,0,0.00,0.00,0.00,0,0,0.00,0.00,0,0
1508091511,eth1,0.00,0.00,0.00,0,0,0.00,0.00,0.00,0,0,0.00,0.00,0,0
1508091511,s2,0.00,0.00,0.00,0,0,0.00,0.00,0.00,0,0,0.00,0.00,0,0
1508091511,s1-eth2,0.00,0.00,0.00,0,0,0.00,0.00,0.00,0,0,0.00,0.00,0,0
1508091511,s1-eth1,0.00,0.00,0.00,0,0,0.00,0.00,0.00,0,0,0.00,0.00,0,0
1508091511,s2-eth2,0.00,0.00,0.00,0,0,0.00,0.00,0.00,0,0,0.00,0.00,0,0
1508091511,s2-eth1,0.00,0.00,0.00,0,0,0.00,0.00,0.00,0,0,0.00,0.00,0,0
1508091511,lo,172.00,172.00,344.00,172,172,3.00,3.00,6.00,3,3,0.00,0.00,0,0
1508091511,total,172.00,172.00,344.00,172,172,3.00,3.00,6.00,3,3,0.00,0.00,0,0
1508091512,s1,0.00,0.00,0.00,0,0,0.00,0.00,0.00,0,0,0.00,0.00,0,0
1508091512,eth0,0.00,0.00,0.00,0,0,0.00,0.00,0.00,0,0,0.00,0.00,0,0
1508091512,eth1,0.00,0.00,0.00,0,0,0.00,0.00,0.00,0,0,0.00,0.00,0,0
1508091512,s2,0.00,0.00,0.00,0,0,0.00,0.00,0.00,0,0,0.00,0.00,0,0
1508091512,s1-eth2,0.00,0.00,0.00,0,0,0.00,0.00,0.00,0,0,0.00,0.00,0,0
1508091512,s1-eth1,0.00,0.00,0.00,0,0,0.00,0.00,0.00,0,0,0.00,0.00,0,0
1508091512,s2-eth2,0.00,0.00,0.00,0,0,0.00,0.00,0.00,0,0,0.00,0.00,0,0
1508091512,s2-eth1,0.00,0.00,0.00,0,0,0.00,0.00,0.00,0,0,0.00,0.00,0,0
1508091512,lo,0.00,0.00,0.00,0,0,0.00,0.00,0.00,0,0,0.00,0.00,0,0
1508091512,total,0.00,0.00,0.00,0,0,0.00,0.00,0.00,0,0,0.00,0.00,0,0
1508091513,s1,0.00,0.00,0.00,0,0,0.00,0.00,0.00,0,0,0.00,0.00,0,0
1508091513,eth0,0.00,0.00,0.00,0,0,0.00,0.00,0.00,0,0,0.00,0.00,0,0
1508091513,eth1,0.00,0.00,0.00,0,0,0.00,0.00,0.00,0,0,0.00,0.00,0,0
1508091513,s2,0.00,0.00,0.00,0,0,0.00,0.00,0.00,0,0,0.00,0.00,0,0
1508091513,s1-eth2,0.