1508086277,s1,0.00,0.00,0.00,0,0,0.00,0.00,0.00,0,0,0.00,0.00,0,0
1508086277,eth0,0.00,0.00,0.00,0,0,0.00,0.00,0.00,0,0,0.00,0.00,0,0
1508086277,eth1,0.00,0.00,0.00,0,0,0.00,0.00,0.00,0,0,0.00,0.00,0,0
1508086277,s2,0.00,0.00,0.00,0,0,0.00,0.00,0.00,0,0,0.00,0.00,0,0
1508086277,s1-eth2,0.00,0.00,0.00,0,0,0.00,0.00,0.00,0,0,0.00,0.00,0,0
1508086277,s1-eth1,0.00,0.00,0.00,0,0,0.00,0.00,0.00,0,0,0.00,0.00,0,0
1508086277,s2-eth2,0.00,0.00,0.00,0,0,0.00,0.00,0.00,0,0,0.00,0.00,0,0
1508086277,s2-eth1,0.00,0.00,0.00,0,0,0.00,0.00,0.00,0,0,0.00,0.00,0,0
1508086277,lo,0.00,0.00,0.00,0,0,0.00,0.00,0.00,0,0,0.00,0.00,0,0
1508086277,total,0.00,0.00,0.00,0,0,0.00,0.00,0.00,0,0,0.00,0.00,0,0
1508086278,s1,0.00,42.00,42.00,42,0,0.00,1.00,1.00,1,0,0.00,0.00,0,0
1508086278,eth0,0.00,0.00,0.00,0,0,0.00,0.00,0.00,0,0,0.00,0.00,0,0
1508086278,eth1,0.00,0.00,0.00,0,0,0.00,0.00,0.00,0,0,0.00,0.00,0,0
1508086278,s2,0.00,42.00,42.00,42,0,0.00,1.00,1.00,1,0,0.00,0.00,0,0
1508086278,s1-eth2,7284.00,204432.00,211716.00,204432,7284,94.00,136.00,230.00,136,94,0.00,0.00,0,0
1508086278,s1-eth1,193834.00,7198.00,201032.00,7198,193834,129.00,93.00,222.00,93,129,0.00,0.00,0,0
1508086278,s2-eth2,66.00,222.00,288.00,222,66,1.00,3.00,4.00,3,1,0.00,0.00,0,0
1508086278,s2-eth1,564.00,66.00,630.00,66,564,4.00,1.00,5.00,1,4,0.00,0.00,0,0
1508086278,lo,480.00,480.00,960.00,480,480,6.00,6.00,12.00,6,6,0.00,0.00,0,0
1508086278,total,202228.00,212482.00,414710.00,212482,202228,234.00,241.00,475.00,241,234,0.00,0.00,0,0
1508086279,s1,0.00,42.00,42.00,42,0,0.00,1.00,1.00,1,0,0.00,0.00,0,0
1508086279,eth0,0.00,0.00,0.00,0,0,0.00,0.00,0.00,0,0,0.00,0.00,0,0
1508086279,eth1,0.00,0.00,0.00,0,0,0.00,0.00,0.00,0,0,0.00,0.00,0,0
1508086279,s2,0.00,42.00,42.00,42,0,0.00,1.00,1.00,1,0,0.00,0.00,0,0
1508086279,s1-eth2,12342.00,255908.00,268250.00,255908,12342,161.00,170.00,331.00,170,161,0.00,0.00,0,0
1508086279,s1-eth1,249852.00,12416.00,262268.00,12416,249852,166.00,162.00,328.00,162,166,0.00,0.00,0,0
1508086279,s2-eth2,6344.00,159012.00,165356.00,159012,6344,82.00,106.00,188.00,106,82,0.00,0.00,0,0
1508086279,s2-eth1,148414.00,6344.00,154758.00,6344,148414,99.00,82.00,181.00,82,99,0.00,0.00,0,0
1508086279,lo,480.00,480.00,960.00,480,480,6.00,6.00,12.00,6,6,0.00,0.00,0,0
1508086279,total,417432.00,434244.00,851676.00,434244,417432,514.00,528.00,1042.00,528,514,0.00,0.00,0,0
1508086280,s1,0.00,42.00,42.00,42,0,0.00,1.00,1.00,1,0,0.00,0.00,0,0
1508086280,eth0,0.00,0.00,0.00,0,0,0.00,0.00,0.00,0,0,0.00,0.00,0,0
1508086280,eth1,0.00,0.00,0.00,0,0,0.00,0.00,0.00,0,0,0.00,0.00,0,0
1508086280,s2,0.00,42.00,42.00,42,0,0.00,1.00,1.00,1,0,0.00,0.00,0,0
1508086280,s1-eth2,12016.00,260450.00,272466.00,260450,12016,156.00,173.00,329.00,173,156,0.00,0.00,0,0
1508086280,s1-eth1,246824.00,11942.00,258766.00,11942,246824,164.00,155.00,319.00,155,164,0.00,0.00,0,0
1508086280,s2-eth2,6406.00,169610.00,176016.00,169610,6406,83.00,113.00,196.00,113,83,0.00,0.00,0,0
1508086280,s2-eth1,159012.00,6406.00,165418.00,6406,159012,106.00,83.00,189.00,83,106,0.00,0.00,0,0
1508086280,lo,480.00,480.00,960.00,480,480,6.00,6.00,12.00,6,6,0.00,0.00,0,0
1508086280,total,424738.00,448972.00,873710.00,448972,424738,515.00,532.00,1047.00,532,515,0.00,0.00,0,0
1508086281,s1,0.00,42.00,42.00,42,0,0.00,1.00,1.00,1,0,0.00,0.00,0,0
1508086281,eth0,0.00,0.00,0.00,0,0,0.00,0.00,0.00,0,0,0.00,0.00,0,0
1508086281,eth1,0.00,0.00,0.00,0,0,0.00,0.00,0.00,0,0,0.00,0.00,0,0
1508086281,s2,0.00,42.00,42.00,42,0,0.00,1.00,1.00,1,0,0.00,0.00,0,0
1508086281,s1-eth2,12382.00,258936.00,271318.00,258936,12382,161.00,172.00,333.00,172,161,0.00,0.00,0,0
1508086281,s1-eth1,249852.00,12382.00,262234.00,12382,249852,166.00,161.00,327.00,161,166,0.00,0.00,0,0
1508086281,s2-eth2,6054.00,113592.00,119646.00,113592,6054,73.00,76.00,149.00,76,73,0.00,0.00,0,0
1508086281,s2-eth1,125704.00,5712.00,131416.00,5712,125704,84.00,72.00,156.00,72,84,0.00,0.00,0,0
1508086281,lo,480.00,480.00,960.00,480,480,6.00,6.00,12.00,6,6,0.00,0.00,0,0
1508086281,total,394472.00,391186.00,785658.00,391186,394472,490.00,489.00,979.00,489,490,0.00,0.00,0,0
1508086282,s1,0.00,42.00,42.00,42,0,0.00,1.00,1.00,1,0,0.00,0.00,0,0
1508086282,eth0,0.00,0.00,0.00,0,0,0.00,0.00,0.00,0,0,0.00,0.00,0,0
1508086282,eth1,0.00,0.00,0.00,0,0,0.00,0.00,0.00,0,0,0.00,0.00,0,0
1508086282,s2,0.00,42.00,42.00,42,0,0.00,1.00,1.00,1,0,0.00,0.00,0,0
1508086282,s1-eth2,12258.00,254394.00,266652.00,254394,12258,159.00,169.00,328.00,169,159,0.00,0.00,0,0
1508086282,s1-eth1,249852.00,12258.00,262110.00,12258,249852,166.00,159.00,325.00,159,166,0.00,0.00,0,0
1508086282,s2-eth2,3938.00,81798.00,85736.00,81798,3938,49.00,55.00,104.00,55,49,0.00,0.00,0,0
1508086282,s2-eth1,71200.00,3938.00,75138.00,3938,71200,48.00,49.00,97.00,49,48,0.00,0.00,0,0
1508086282,lo,480.00,480.00,960.00,480,480,6.00,6.00,12.00,6,6,0.00,0.00,0,0
1508086282,total,337728.00,352952.00,690680.00,352952,337728,428.00,440.00,868.00,440,428,0.00,0.00,0,0
1508086283,s1,0.00,0.00,0.00,0,0,0.00,0.00,0.00,0,0,0.00,0.00,0,0
1508086283,eth0,0.00,0.00,0.00,0,0,0.00,0.00,0.00,0,0,0.00,0.00,0,0
1508086283,eth1,0.00,0.00,0.00,0,0,0.00,0.00,0.00,0,0,0.00,0.00,0,0
1508086283,s2,0.00,0.00,0.00,0,0,0.00,0.00,0.00,0,0,0.00,0.00,0,0
1508086283,s1-eth2,12719.00,261922.00,274641.00,261922,12719,165.00,173.00,338.00,173,165,0.00,0.00,0,0
1508086283,s1-eth1,249917.00,12686.00,262603.00,12686,249917,166.00,165.00,331.00,165,166,0.00,0.00,0,0
1508086283,s2-eth2,2757.00,69644.00,72401.00,69644,2757,36.00,46.00,82.00,46,36,0.00,0.00,0,0
1508086283,s2-eth1,77321.00,2650.00,79971.00,2650,77321,52.00,35.00,87.00,35,52,0.00,0.00,0,0
1508086283,lo,0.00,0.00,0.00,0,0,0.00,0.00,0.00,0,0,0.00,0.00,0,0
1508086283,total,342714.00,346902.00,689616.00,346902,342714,419.00,419.00,838.00,419,419,0.00,0.00,0,0
1508086284,s1,0.00,0.00,0.00,0,0,0.00,0.00,0.00,0,0,0.00,0.00,0,0
1508086284,eth0,0.00,0.00,0.00,0,0,0.00,0.00,0.00,0,0,0.00,0.00,0,0
1508086284,eth1,0.00,0.00,0.00,0,0,0.00,0.00,0.00,0,0,0.00,0.00,0,0
1508086284,s2,0.00,0.00,0.00,0,0,0.00,0.00,0.00,0,0,0.00,0.00,0,0
1508086284,s1-eth2,12180.00,257380.00,269560.00,257380,12180,160.00,170.00,330.00,170,160,0.00,0.00,0,0
1508086284,s1-eth1,251324.00,12106.00,263430.00,12106,251324,166.00,159.00,325.00,159,166,0.00,0.00,0,0
1508086284,s2-eth2,3476.00,77214.00,80690.00,77214,3476,44.00,51.00,95.00,51,44,0.00,0.00,0,0
1508086284,s2-eth1,62074.00,3476.00,65550.00,3476,62074,41.00,44.00,85.00,44,41,0.00,0.00,0,0
1508086284,lo,0.00,0.00,0.00,0,0,0.00,0.00,0.00,0,0,0.00,0.00,0,0
1508086284,total,329054.00,350176.00,679230.00,350176,329054,411.00,424.00,835.00,424,411,0.00,0.00,0,0
1508086285,s1,0.00,0.00,0.00,0,0,0.00,0.00,0.00,0,0,0.00,0.00,0,0
1508086285,eth0,0.00,0.00,0.00,0,0,0.00,0.00,0.00,0,0,0.00,0.00,0,0
1508086285,eth1,0.00,0.00,0.00,0,0,0.00,0.00,0.00,0,0,0.00,0.00,0,0
1508086285,s2,0.00,0.00,0.00,0,0,0.00,0.00,0.00,0,0,0.00,0.00,0,0
1508086285,s1-eth2,12398.00,257380.00,269778.00,257380,12398,159.00,170.00,329.00,170,159,0.00,0.00,0,0
1508086285,s1-eth1,249810.00,12398.00,262208.00,12398,249810,165.00,159.00,324.00,159,165,0.00,0.00,0,0
1508086285,s2-eth2,2698.00,56018.00,58716.00,56018,2698,35.00,37.00,72.00,37,35,0.00,0.00,0,0
1508086285,s2-eth1,66958.00,2698.00,69656.00,2698,66958,45.00,35.00,80.00,35,45,0.00,0.00,0,0
1508086285,lo,0.00,0.00,0.00,0,0,0.00,0.00,0.00,0,0,0.00,0.00,0,0
1508086285,total,331864.00,328494.00,660358.00,328494,331864,404.00,401.00,805.00,401,404,0.00,0.00,0,0
1508086286,s1,0.00,0.00,0.00,0,0,0.00,0.00,0.00,0,0,0.00,0.00,0,0
1508086286,eth0,0.00,0.00,0.00,0,0,0.00,0.00,0.00,0,0,0.00,0.00,0,0
1508086286,eth1,0.00,0.00,0.00,0,0,0.00,0.00,0.00,0,0,0.00,0.00,0,0
1508086286,s2,0.00,0.00,0.00,0,0,0.00,0.00,0.00,0,0,0.00,0.00,0,0
1508086286,s1-eth2,12018.00,266464.00,278482.00,266464,12018,159.00,176.00,335.00,176,159,0.00,0.00,0,0
1508086286,s1-eth1,249810.00,12018.00,261828.00,12018,249810,165.00,159.00,324.00,159,165,0.00,0.00,0,0
1508086286,s2-eth2,2846.00,66616.00,69462.00,66616,2846,37.00,44.00,81.00,44,37,0.00,0.00,0,0
1508086286,s2-eth1,63588.00,2932.00,66520.00,2932,63588,42.00,38.00,80.00,38,42,0.00,0.00,0,0
1508086286,lo,0.00,0.00,0.00,0,0,0.00,0.00,0.00,0,0,0.00,0.00,0,0
1508086286,total,328262.00,348030.00,676292.00,348030,328262,403.00,417.00,820.00,417,403,0.00,0.00,0,0
1508086287,s1,0.00,0.00,0.00,0,0,0.00,0.00,0.00,0,0,0.00,0.00,0,0
1508086287,eth0,0.00,0.00,0.00,0,0,0.00,0.00,0.00,0,0,0.00,0.00,0,0
1508086287,eth1,0.00,0.00,0.00,0,0,0.00,0.00,0.00,0,0,0.00,0.00,0,0
1508086287,s2,0.00,0.00,0.00,0,0,0.00,0.00,0.00,0,0,0.00,0.00,0,0
1508086287,s1-eth2,11728.00,254352.00,266080.00,254352,11728,152.00,168.00,320.00,168,152,0.00,0.00,0,0
1508086287,s1-eth1,250152.00,11728.00,261880.00,11728,250152,166.00,152.00,318.00,152,166,0.00,0.00,0,0
1508086287,s2-eth2,2888.00,72714.00,75602.00,72714,2888,38.00,49.00,87.00,49,38,0.00,0.00,0,0
1508086287,s2-eth1,63630.00,2802.00,66432.00,2802,63630,43.00,37.00,80.00,37,43,0.00,0.00,0,0
1508086287,lo,936.00,936.00,1872.00,936,936,12.00,12.00,24.00,12,12,0.00,0.00,0,0
1508086287,total,329334.00,342532.00,671866.00,342532,329334,411.00,418.00,829.00,418,411,0.00,0.00,0,0
1508086288,s1,0.00,0.00,0.00,0,0,0.00,0.00,0.00,0,0,0.00,0.00,0,0
1508086288,eth0,0.00,0.00,0.00,0,0,0.00,0.00,0.00,0,0,0.00,0.00,0,0
1508086288,eth1,0.00,0.00,0.00,0,0,0.00,0.00,0.00,0,0,0.00,0.00,0,0
1508086288,s2,0.00,0.00,0.00,0,0,0.00,0.00,0.00,0,0,0.00,0.00,0,0
1508086288,s1-eth2,12158.00,255866.00,268024.00,255866,12158,157.00,169.00,326.00,169,157,0.00,0.00,0,0
1508086288,s1-eth1,249810.00,12158.00,261968.00,12158,249810,165.00,157.00,322.00,157,165,0.00,0.00,0,0
1508086288,s2-eth2,3040.00,59046.00,62086.00,59046,3040,36.00,39.00,75.00,39,36,0.00,0.00,0,0
1508086288,s2-eth1,65102.00,2698.00,67800.00,2698,65102,43.00,35.00,78.00,35,43,0.00,0.00,0,0
1508086288,lo,0.00,0.00,0.00,0,0,0.00,0.00,0.00,0,0,0.00,0.00,0,0
1508086288,total,330110.00,329768.00,659878.00,329768,330110,401.00,400.00,801.00,400,401,0.00,0.00,0,0
1508086289,s1,0.00,0.00,0.00,0,0,0.00,0.00,0.00,0,0,0.00,0.00,0,0
1508086289,eth0,0.00,0.00,0.00,0,0,0.00,0.00,0.00,0,0,0.00,0.00,0,0
1508086289,eth1,0.00,0.00,0.00,0,0,0.00,0.00,0.00,0,0,0.00,0.00,0,0
1508086289,s2,0.00,0.00,0.00,0,0,0.00,0.00,0.00,0,0,0.00,0.00,0,0
1508086289,s1-eth2,11746.00,252838.00,264584.00,252838,11746,155.00,167.00,322.00,167,155,0.00,0.00,0,0
1508086289,s1-eth1,249810.00,11820.00,261630.00,11820,249810,165.00,156.00,321.00,156,165,0.00,0.00,0,0
1508086289,s2-eth2,2476.00,75700.00,78176.00,75700,2476,32.00,50.00,82.00,50,32,0.00,0.00,0,0
1508086289,s2-eth1,68130.00,2476.00,70606.00,2476,68130,45.00,32.00,77.00,32,45,0.00,0.00,0,0
1508086289,lo,0.00,0.00,0.00,0,0,0.00,0.00,0.00,0,0,0.00,0.00,0,0
1508086289,total,332162.00,342834.00,674996.00,342834,332162,397.00,405.00,802.00,405,397,0.00,0.00,0,0
1508086290,s1,0.00,0.00,0.00,0,0,0.00,0.00,0.00,0,0,0.00,0.00,0,0
1508086290,eth0,0.00,0.00,0.00,0,0,0.00,0.00,0.00,0,0,0.00,0.00,0,0
1508086290,eth1,0.00,0.00,0.00,0,0,0.00,0.00,0.00,0,0,0.00,0.00,0,0
1508086290,s2,0.00,0.00,0.00,0,0,0.00,0.00,0.00,0,0,0.00,0.00,0,0
1508086290,s1-eth2,12198.00,261922.00,274120.00,261922,12198,159.00,173.00,332.00,173,159,0.00,0.00,0,0
1508086290,s1-eth1,251324.00,12198.00,263522.00,12198,251324,166.00,159.00,325.00,159,166,0.00,0.00,0,0
1508086290,s2-eth2,2920.00,63588.00,66508.00,63588,2920,38.00,42.00,80.00,42,38,0.00,0.00,0,0
1508086290,s2-eth1,68130.00,2920.00,71050.00,2920,68130,45.00,38.00,83.00,38,45,0.00,0.00,0,0
1508086290,lo,0.00,0.00,0.00,0,0,0.00,0.00,0.00,0,0,0.00,0.00,0,0
1508086290,total,334572.00,340628.00,675200.00,340628,334572,408.00,412.00,820.00,412,408,0.00,0.00,0,0
1508086291,s1,0.00,0.00,0.00,0,0,0.00,0.00,0.00,0,0,0.00,0.00,0,0
1508086291,eth0,0.00,0.00,0.00,0,0,0.00,0.00,0.00,0,0,0.00,0.00,0,0
1508086291,eth1,0.00,0.00,0.00,0,0,0.00,0.00,0.00,0,0,0.00,0.00,0,0
1508086291,s2,0.00,0.00,0.00,0,0,0.00,0.00,0.00,0,0,0.00,0.00,0,0
1508086291,s1-eth2,12268.00,255866.00,268134.00,255866,12268,160.00,169.00,329.00,169,160,0.00,0.00,0,0
1508086291,s1-eth1,249810.00,12194.00,262004.00,12194,249810,165.00,159.00,324.00,159,165,0.00,0.00,0,0
1508086291,s2-eth2,2174.00,42392.00,44566.00,42392,2174,27.00,28.00,55.00,28,27,0.00,0.00,0,0
1508086291,s2-eth1,33308.00,2174.00,35482.00,2174,33308,22.00,27.00,49.00,27,22,0.00,0.00,0,0
1508086291,lo,0.00,0.00,0.00,0,0,0.00,0.00,0.00,0,0,0.00,0.00,0,0
1508086291,total,297560.00,312626.00,610186.00,312626,297560,374.00,383.00,757.00,383,374,0.00,0.00,0,0
1508086292,s1,0.00,0.00,0.00,0,0,0.00,0.00,0.00,0,0,0.00,0.00,0,0
1508086292,eth0,0.00,0.00,0.00,0,0,0.00,0.00,0.00,0,0,0.00,0.00,0,0
1508086292,eth1,0.00,0.00,0.00,0,0,0.00,0.00,0.00,0,0,0.00,0.00,0,0
1508086292,s2,0.00,0.00,0.00,0,0,0.00,0.00,0.00,0,0,0.00,0.00,0,0
1508086292,s1-eth2,11428.00,258894.00,270322.00,258894,11428,150.00,171.00,321.00,171,150,0.00,0.00,0,0
1508086292,s1-eth1,249810.00,11428.00,261238.00,11428,249810,165.00,150.00,315.00,150,165,0.00,0.00,0,0
1508086292,s2-eth2,2220.00,49962.00,52182.00,49962,2220,30.00,33.00,63.00,33,30,0.00,0.00,0,0
1508086292,s2-eth1,52990.00,2220.00,55210.00,2220,52990,35.00,30.00,65.00,30,35,0.00,0.00,0,0
1508086292,lo,344.00,344.00,688.00,344,344,6.00,6.00,12.00,6,6,0.00,0.00,0,0
1508086292,total,316792.00,322848.00,639640.00,322848,316792,386.00,390.00,776.00,390,386,0.00,0.00,0,0
1508086293,s1,0.00,0.00,0.00,0,0,0.00,0.00,0.00,0,0,0.00,0.00,0,0
1508086293,eth0,0.00,0.00,0.00,0,0,0.00,0.00,0.00,0,0,0.00,0.00,0,0
1508086293,eth1,0.00,0.00,0.00,0,0,0.00,0.00,0.00,0,0,0.00,0.00,0,0
1508086293,s2,0.00,0.00,0.00,0,0,0.00,0.00,0.00,0,0,0.00,0.00,0,0
1508086293,s1-eth2,12868.00,255866.00,268734.00,255866,12868,164.00,169.00,333.00,169,164,0.00,0.00,0,0
1508086293,s1-eth1,249810.00,12526.00,262336.00,12526,249810,165.00,163.00,328.00,163,165,0.00,0.00,0,0
1508086293,s2-eth2,2390.00,59046.00,61436.00,59046,2390,31.00,39.00,70.00,39,31,0.00,0.00,0,0
1508086293,s2-eth1,54504.00,2390.00,56894.00,2390,54504,36.00,31.00,67.00,31,36,0.00,0.00,0,0
1508086293,lo,0.00,0.00,0.00,0,0,0.00,0.00,0.00,0,0,0.00,0.00,0,0
1508086293,total,319572.00,329828.00,649400.00,329828,319572,396.00,402.00,798.00,402,396,0.00,0.00,0,0
1508086294,s1,0.00,0.00,0.00,0,0,0.00,0.00,0.00,0,0,0.00,0.00,0,0
1508086294,eth0,0.00,0.00,0.00,0,0,0.00,0.00,0.00,0,0,0.00,0.00,0,0
1508086294,eth1,0.00,0.00,0.00,0,0,0.00,0.00,0.00,0,0,0.00,0.00,0,0
1508086294,s2,0.00,0.00,0.00,0,0,0.00,0.00,0.00,0,0,0.00,0.00,0,0
1508086294,s1-eth2,12550.00,257380.00,269930.00,257380,12550,161.00,170.00,331.00,170,161,0.00,0.00,0,0
1508086294,s1-eth1,249810.00,12550.00,262360.00,12550,249810,165.00,161.00,326.00,161,165,0.00,0.00,0,0
1508086294,s2-eth2,2590.00,72672.00,75262.00,72672,2590,35.00,48.00,83.00,48,35,0.00,0.00,0,0
1508086294,s2-eth1,72672.00,2590.00,75262.00,2590,72672,48.00,35.00,83.00,35,48,0.00,0.00,0,0
1508086294,lo,0.00,0.00,0.00,0,0,0.00,0.00,0.00,0,0,0.00,0.00,0,0
1508086294,total,337622.00,345192.00,682814.00,345192,337622,409.00,414.00,823.00,414,409,0.00,0.00,0,0
1508086295,s1,0.00,0.00,0.00,0,0,0.00,0.00,0.00,0,0,0.00,0.00,0,0
1508086295,eth0,0.00,0.00,0.00,0,0,0.00,0.00,0.00,0,0,0.00,0.00,0,0
1508086295,eth1,0.00,0.00,0.00,0,0,0.00,0.00,0.00,0,0,0.00,0.00,0,0
1508086295,s2,0.00,0.00,0.00,0,0,0.00,0.00,0.00,0,0,0.00,0.00,0,0
1508086295,s1-eth2,12142.00,263436.00,275578.00,263436,12142,157.00,174.00,331.00,174,157,0.00,0.00,0,0
1508086295,s1-eth1,249810.00,12142.00,261952.00,12142,249810,165.00,157.00,322.00,157,165,0.00,0.00,0,0
1508086295,s2-eth2,2328.00,77214.00,79542.00,77214,2328,30.00,51.00,81.00,51,30,0.00,0.00,0,0
1508086295,s2-eth1,77214.00,2414.00,79628.00,2414,77214,51.00,31.00,82.00,31,51,0.00,0.00,0,0
1508086295,lo,0.00,0.00,0.00,0,0,0.00,0.00,0.00,0,0,0.00,0.00,0,0
1508086295,total,341494.00,355206.00,696700.00,355206,341494,403.00,413.00,816.00,413,403,0.00,0.00,0,0
1508086296,s1,0.00,0.00,0.00,0,0,0.00,0.00,0.00,0,0,0.00,0.00,0,0
1508086296,eth0,0.00,0.00,0.00,0,0,0.00,0.00,0.00,0,0,0.00,0.00,0,0
1508086296,eth1,0.00,0.00,0.00,0,0,0.00,0.00,0.00,0,0,0.00,0.00,0,0
1508086296,s2,0.00,0.00,0.00,0,0,0.00,0.00,0.00,0,0,0.00,0.00,0,0
1508086296,s1-eth2,11126.00,230128.00,241254.00,230128,11126,143.00,152.00,295.00,152,143,0.00,0.00,0,0
1508086296,s1-eth1,218016.00,11126.00,229142.00,11126,218016,144.00,143.00,287.00,143,144,0.00,0.00,0,0
1508086296,s2-eth2,1944.00,34822.00,36766.00,34822,1944,24.00,23.00,47.00,23,24,0.00,0.00,0,0
1508086296,s2-eth1,32136.00,1858.00,33994.00,1858,32136,22.00,23.00,45.00,23,22,0.00,0.00,0,0
1508086296,lo,0.00,0.00,0.00,0,0,0.00,0.00,0.00,0,0,0.00,0.00,0,0
1508086296,total,263222.00,277934.00,541156.00,277934,263222,333.00,341.00,674.00,341,333,0.00,0.00,0,0
1508086297,s1,0.00,0.00,0.00,0,0,0.00,0.00,0.00,0,0,0.00,0.00,0,0
1508086297,eth0,0.00,0.00,0.00,0,0,0.00,0.00,0.00,0,0,0.00,0.00,0,0
1508086297,eth1,0.00,0.00,0.00,0,0,0.00,0.00,0.00,0,0,0.00,0.00,0,0
1508086297,s2,0.00,0.00,0.00,0,0,0.00,0.00,0.00,0,0,0.00,0.00,0,0
1508086297,s1-eth2,11566.00,260408.00,271974.00,260408,11566,151.00,172.00,323.00,172,151,0.00,0.00,0,0
1508086297,s1-eth1,246782.00,11566.00,258348.00,11566,246782,163.00,151.00,314.00,151,163,0.00,0.00,0,0
1508086297,s2-eth2,1316.00,33308.00,34624.00,33308,1316,14.00,22.00,36.00,22,14,0.00,0.00,0,0
1508086297,s2-eth1,30280.00,974.00,31254.00,974,30280,20.00,13.00,33.00,13,20,0.00,0.00,0,0
1508086297,lo,344.00,344.00,688.00,344,344,6.00,6.00,12.00,6,6,0.00,0.00,0,0
1508086297,total,290288.00,306600.00,596888.00,306600,290288,354.00,364.00,718.00,364,354,0.00,0.00,0,0
1508086298,s1,0.00,0.00,0.00,0,0,0.00,0.00,0.00,0,0,0.00,0.00,0,0
1508086298,eth0,0.00,0.00,0.00,0,0,0.00,0.00,0.00,0,0,0.00,0.00,0,0
1508086298,eth1,0.00,0.00,0.00,0,0,0.00,0.00,0.00,0,0,0.00,0.00,0,0
1508086298,s2,0.00,0.00,0.00,0,0,0.00,0.00,0.00,0,0,0.00,0.00,0,0
1508086298,s1-eth2,12354.00,257380.00,269734.00,257380,12354,161.00,170.00,331.00,170,161,0.00,0.00,0,0
1508086298,s1-eth1,251324.00,12354.00,263678.00,12354,251324,166.00,161.00,327.00,161,166,0.00,0.00,0,0
1508086298,s2-eth2,1850.00,45420.00,47270.00,45420,1850,25.00,30.00,55.00,30,25,0.00,0.00,0,0
1508086298,s2-eth1,51476.00,1850.00,53326.00,1850,51476,34.00,25.00,59.00,25,34,0.00,0.00,0,0
1508086298,lo,0.00,0.00,0.00,0,0,0.00,0.00,0.00,0,0,0.00,0.00,0,0
1508086298,total,317004.00,317004.00,634008.00,317004,317004,386.00,386.00,772.00,386,386,0.00,0.00,0,0
1508086299,s1,0.00,0.00,0.00,0,0,0.00,0.00,0.00,0,0,0.00,0.00,0,0
1508086299,eth0,0.00,0.00,0.00,0,0,0.00,0.00,0.00,0,0,0.00,0.00,0,0
1508086299,eth1,0.00,0.00,0.00,0,0,0.00,0.00,0.00,0,0,0.00,0.00,0,0
1508086299,s2,0.00,0.00,0.00,0,0,0.00,0.00,0.00,0,0,0.00,0.00,0,0
1508086299,s1-eth2,12307.00,258894.00,271201.00,258894,12307,159.00,171.00,330.00,171,159,0.00,0.00,0,0
1508086299,s1-eth1,250259.00,12286.00,262545.00,12286,250259,167.00,159.00,326.00,159,167,0.00,0.00,0,0
1508086299,s2-eth2,2571.00,54504.00,57075.00,54504,2571,33.00,36.00,69.00,36,33,0.00,0.00,0,0
1508086299,s2-eth1,47041.00,2464.00,49505.00,2464,47041,32.00,32.00,64.00,32,32,0.00,0.00,0,0
1508086299,lo,0.00,0.00,0.00,0,0,0.00,0.00,0.00,0,0,0.00,0.00,0,0
1508086299,total,312178.00,328148.00,640326.00,328148,312178,391.00,398.00,789.00,398,391,0.00,0.00,0,0
1508086300,s1,0.00,0.00,0.00,0,0,0.00,0.00,0.00,0,0,0.00,0.00,0,0
1508086300,eth0,0.00,0.00,0.00,0,0,0.00,0.00,0.00,0,0,0.00,0.00,0,0
1508086300,eth1,0.00,0.00,0.00,0,0,0.00,0.00,0.00,0,0,0.00,0.00,0,0
1508086300,s2,0.00,0.00,0.00,0,0,0.00,0.00,0.00,0,0,0.00,0.00,0,0
1508086300,s1-eth2,12198.00,264950.00,277148.00,264950,12198,161.00,175.00,336.00,175,161,0.00,0.00,0,0
1508086300,s1-eth1,249810.00,12112.00,261922.00,12112,249810,165.00,160.00,325.00,160,165,0.00,0.00,0,0
1508086300,s2-eth2,1996.00,48448.00,50444.00,48448,1996,26.00,32.00,58.00,32,26,0.00,0.00,0,0
1508086300,s2-eth1,51476.00,1996.00,53472.00,1996,51476,34.00,26.00,60.00,26,34,0.00,0.00,0,0
1508086300,lo,0.00,0.00,0.00,0,0,0.00,0.00,0.00,0,0,0.00,0.00,0,0
1508086300,total,315480.00,327506.00,642986.00,327506,315480,386.00,393.00,779.00,393,386,0.00,0.00,0,0
1508086301,s1,0.00,0.00,0.00,0,0,0.00,0.00,0.00,0,0,0.00,0.00,0,0
1508086301,eth0,0.00,0.00,0.00,0,0,0.00,0.00,0.00,0,0,0.00,0.00,0,0
1508086301,eth1,0.00,0.00,0.00,0,0,0.00,0.00,0.00,0,0,0.00,0.00,0,0
1508086301,s2,0.00,0.00,0.00,0,0,0.00,0.00,0.00,0,0,0.00,0.00,0,0
1508086301,s1-eth2,12430.00,251324.00,263754.00,251324,12430,161.00,166.00,327.00,166,161,0.00,0.00,0,0
1508086301,s1-eth1,249810.00,12430.00,262240.00,12430,249810,165.00,161.00,326.00,161,165,0.00,0.00,0,0
1508086301,s2-eth2,2094.00,52990.00,55084.00,52990,2094,27.00,35.00,62.00,35,27,0.00,0.00,0,0
1508086301,s2-eth1,48448.00,2094.00,50542.00,2094,48448,32.00,27.00,59.00,27,32,0.00,0.00,0,0
1508086301,lo,0.00,0.00,0.00,0,0,0.00,0.00,0.00,0,0,0.00,0.00,0,0
1508086301,total,312782.00,318838.00,631620.00,318838,312782,385.00,389.00,774.00,389,385,0.00,0.00,0,0
1508086302,s1,0.00,0.00,0.00,0,0,0.00,0.00,0.00,0,0,0.00,0.00,0,0
1508086302,eth0,0.00,0.00,0.00,0,0,0.00,0.00,0.00,0,0,0.00,0.00,0,0
1508086302,eth1,0.00,0.00,0.00,0,0,0.00,0.00,0.00,0,0,0.00,0.00,0,0
1508086302,s2,0.00,0.00,0.00,0,0,0.00,0.00,0.00,0,0,0.00,0.00,0,0
1508086302,s1-eth2,12252.00,257380.00,269632.00,257380,12252,162.00,170.00,332.00,170,162,0.00,0.00,0,0
1508086302,s1-eth1,249810.00,12252.00,262062.00,12252,249810,165.00,162.00,327.00,162,165,0.00,0.00,0,0
1508086302,s2-eth2,2250.00,52990.00,55240.00,52990,2250,29.00,35.00,64.00,35,29,0.00,0.00,0,0
1508086302,s2-eth1,51476.00,2250.00,53726.00,2250,51476,34.00,29.00,63.00,29,34,0.00,0.00,0,0
1508086302,lo,344.00,344.00,688.00,344,344,6.00,6.00,12.00,6,6,0.00,0.00,0,0
1508086302,total,316132.00,325216.00,641348.00,325216,316132,396.00,402.00,798.00,402,396,0.00,0.00,0,0
1508086303,s1,0.00,0.00,0.00,0,0,0.00,0.00,0.00,0,0,0.00,0.00,0,0
1508086303,eth0,0.00,0.00,0.00,0,0,0.00,0.00,0.00,0,0,0.00,0.00,0,0
1508086303,eth1,0.00,0.00,0.00,0,0,0.00,0.00,0.00,0,0,0.00,0.00,0,0
1508086303,s2,0.00,0.00,0.00,0,0,0.00,0.00,0.00,0,0,0.00,0.00,0,0
1508086303,s1-eth2,11990.00,260408.00,272398.00,260408,11990,157.00,172.00,329.00,172,157,0.00,0.00,0,0
1508086303,s1-eth1,249810.00,11990.00,261800.00,11990,249810,165.00,157.00,322.00,157,165,0.00,0.00,0,0
1508086303,s2-eth2,2886.00,74186.00,77072.00,74186,2886,39.00,49.00,88.00,49,39,0.00,0.00,0,0
1508086303,s2-eth1,74186.00,2886.00,77072.00,2886,74186,49.00,39.00,88.00,39,49,0.00,0.00,0,0
1508086303,lo,0.00,0.00,0.00,0,0,0.00,0.00,0.00,0,0,0.00,0.00,0,0
1508086303,total,338872.00,349470.00,688342.00,349470,338872,410.00,417.00,827.00,417,410,0.00,0.00,0,0
1508086304,s1,0.00,0.00,0.00,0,0,0.00,0.00,0.00,0,0,0.00,0.00,0,0
1508086304,eth0,0.00,0.00,0.00,0,0,0.00,0.00,0.00,0,0,0.00,0.00,0,0
1508086304,eth1,0.00,0.00,0.00,0,0,0.00,0.00,0.00,0,0,0.00,0.00,0,0
1508086304,s2,0.00,0.00,0.00,0,0,0.00,0.00,0.00,0,0,0.00,0.00,0,0
1508086304,s1-eth2,12252.00,251324.00,263576.00,251324,12252,156.00,166.00,322.00,166,156,0.00,0.00,0,0
1508086304,s1-eth1,251324.00,12326.00,263650.00,12326,251324,166.00,157.00,323.00,157,166,0.00,0.00,0,0
1508086304,s2-eth2,3996.00,105980.00,109976.00,105980,3996,54.00,70.00,124.00,70,54,0.00,0.00,0,0
1508086304,s2-eth1,98410.00,3996.00,102406.00,3996,98410,65.00,54.00,119.00,54,65,0.00,0.00,0,0
1508086304,lo,0.00,0.00,0.00,0,0,0.00,0.00,0.00,0,0,0.00,0.00,0,0
1508086304,total,365982.00,373626.00,739608.00,373626,365982,441.00,447.00,888.00,447,441,0.00,0.00,0,0
1508086305,s1,0.00,0.00,0.00,0,0,0.00,0.00,0.00,0,0,0.00,0.00,0,0
1508086305,eth0,0.00,0.00,0.00,0,0,0.00,0.00,0.00,0,0,0.00,0.00,0,0
1508086305,eth1,0.00,0.00,0.00,0,0,0.00,0.00,0.00,0,0,0.00,0.00,0,0
1508086305,s2,0.00,0.00,0.00,0,0,0.00,0.00,0.00,0,0,0.00,0.00,0,0
1508086305,s1-eth2,11766.00,264950.00,276716.00,264950,11766,159.00,175.00,334.00,175,159,0.00,0.00,0,0
1508086305,s1-eth1,249810.00,11692.00,261502.00,11692,249810,165.00,158.00,323.00,158,165,0.00,0.00,0,0
1508086305,s2-eth2,3560.00,95382.00,98942.00,95382,3560,46.00,63.00,109.00,63,46,0.00,0.00,0,0
1508086305,s2-eth1,104808.00,3560.00,108368.00,3560,104808,70.00,46.00,116.00,46,70,0.00,0.00,0,0
1508086305,lo,0.00,0.00,0.00,0,0,0.00,0.00,0.00,0,0,0.00,0.00,0,0
1508086305,total,369944.00,375584.00,745528.00,375584,369944,440.00,442.00,882.00,442,440,0.00,0.00,0,0
1508086306,s1,0.00,0.00,0.00,0,0,0.00,0.00,0.00,0,0,0.00,0.00,0,0
1508086306,eth0,0.00,0.00,0.00,0,0,0.00,0.00,0.00,0,0,0.00,0.00,0,0
1508086306,eth1,0.00,0.00,0.00,0,0,0.00,0.00,0.00,0,0,0.00,0.00,0,0
1508086306,s2,0.00,0.00,0.00,0,0,0.00,0.00,0.00,0,0,0.00,0.00,0,0
1508086306,s1-eth2,12513.49,251072.94,263586.41,251324,12526,158.84,165.83,324.68,166,159,0.00,0.00,0,0
1508086306,s1-eth1,249560.45,12513.49,262073.94,12526,249810,164.84,158.84,323.68,159,165,0.00,0.00,0,0
1508086306,s2-eth2,4887.11,111924.08,116811.20,112036,4892,63.94,73.93,137.86,74,64,0.00,0.00,0,0
1508086306,s2-eth1,101336.66,4887.11,106223.78,4892,101438,66.93,63.94,130.87,64,67,0.00,0.00,0,0
1508086306,lo,0.00,0.00,0.00,0,0,0.00,0.00,0.00,0,0,0.00,0.00,0,0
1508086306,total,368297.72,380397.62,748695.31,380778,368666,454.55,462.54,917.08,463,455,0.00,0.00,0,0
1508086307,s1,0.00,0.00,0.00,0,0,0.00,0.00,0.00,0,0,0.00,0.00,0,0
1508086307,eth0,0.00,0.00,0.00,0,0,0.00,0.00,0.00,0,0,0.00,0.00,0,0
1508086307,eth1,0.00,0.00,0.00,0,0,0.00,0.00,0.00,0,0,0.00,0.00,0,0
1508086307,s2,0.00,0.00,0.00,0,0,0.00,0.00,0.00,0,0,0.00,0.00,0,0
1508086307,s1-eth2,12285.71,258635.38,270921.09,258894,12298,160.84,170.83,331.67,171,161,0.00,0.00,0,0
1508086307,s1-eth1,249560.45,12359.64,261920.09,12372,249810,164.84,161.84,326.67,162,165,0.00,0.00,0,0
1508086307,s2-eth2,4665.33,99824.18,104489.52,99924,4670,60.94,65.93,126.87,66,61,0.00,0.00,0,0
1508086307,s2-eth1,101336.66,4665.33,106002.00,4670,101438,66.93,60.94,127.87,61,67,0.00,0.00,0,0
1508086307,lo,343.66,343.66,687.31,344,344,5.99,5.99,11.99,6,6,0.00,0.00,0,0
1508086307,total,368191.81,375828.19,744020.00,376204,368560,459.54,465.53,925.07,466,460,0.00,0.00,0,0
1508086308,s1,0.00,0.00,0.00,0,0,0.00,0.00,0.00,0,0,0.00,0.00,0,0
1508086308,eth0,0.00,0.00,0.00,0,0,0.00,0.00,0.00,0,0,0.00,0.00,0,0
1508086308,eth1,0.00,0.00,0.00,0,0,0.00,0.00,0.00,0,0,0.00,0.00,0,0
1508086308,s2,0.00,0.00,0.00,0,0,0.00,0.00,0.00,0,0,0.00,0.00,0,0
1508086308,s1-eth2,12331.67,255652.36,267984.03,255908,12344,159.84,169.83,329.67,170,160,0.00,0.00,0,0
1508086308,s1-eth1,251114.89,12331.67,263446.56,12344,251366,166.83,159.84,326.67,160,167,0.00,0.00,0,0
1508086308,s2-eth2,3236.76,83186.81,86423.58,83270,3240,41.96,54.95,96.90,55,42,0.00,0.00,0,0
1508086308,s2-eth1,78649.35,3236.76,81886.12,3240,78728,51.95,41.96,93.91,42,52,0.00,0.00,0,0
1508086308,lo,295.70,295.70,591.41,296,296,3.00,3.00,5.99,3,3,0.00,0.00,0,0
1508086308,total,345628.38,354703.31,700331.69,355058,345974,423.58,429.57,853.15,430,424,0.00,0.00,0,0
1508086309,s1,0.00,0.00,0.00,0,0,0.00,0.00,0.00,0,0,0.00,0.00,0,0
1508086309,eth0,0.00,0.00,0.00,0,0,0.00,0.00,0.00,0,0,0.00,0.00,0,0
1508086309,eth1,0.00,0.00,0.00,0,0,0.00,0.00,0.00,0,0,0.00,0.00,0,0
1508086309,s2,0.00,0.00,0.00,0,0,0.00,0.00,0.00,0,0,0.00,0.00,0,0
1508086309,s1-eth2,12477.52,258635.38,271112.91,258894,12490,160.84,170.83,331.67,171,161,0.00,0.00,0,0
1508086309,s1-eth1,249560.45,12403.60,261964.05,12416,249810,164.84,159.84,324.68,160,165,0.00,0.00,0,0
1508086309,s2-eth2,3086.91,75624.38,78711.29,75700,3090,36.96,49.95,86.91,50,37,0.00,0.00,0,0
1508086309,s2-eth1,78649.35,2745.25,81394.61,2748,78728,51.95,35.96,87.91,36,52,0.00,0.00,0,0
1508086309,lo,0.00,0.00,0.00,0,0,0.00,0.00,0.00,0,0,0.00,0.00,0,0
1508086309,total,343774.25,349408.59,693182.81,349758,344118,414.59,416.58,831.17,417,415,0.00,0.00,0,0
1508086310,s1,0.00,0.00,0.00,0,0,0.00,0.00,0.00,0,0,0.00,0.00,0,0
1508086310,eth0,0.00,0.00,0.00,0,0,0.00,0.00,0.00,0,0,0.00,0.00,0,0
1508086310,eth1,0.00,0.00,0.00,0,0,0.00,0.00,0.00,0,0,0.00,0.00,0,0
1508086310,s2,0.00,0.00,0.00,0,0,0.00,0.00,0.00,0,0,0.00,0.00,0,0
1508086310,s1-eth2,12336.00,258894.00,271230.00,258894,12336,162.00,171.00,333.00,171,162,0.00,0.00,0,0
1508086310,s1-eth1,249810.00,12336.00,262146.00,12336,249810,165.00,162.00,327.00,162,165,0.00,0.00,0,0
1508086310,s2-eth2,3006.00,77214.00,80220.00,77214,3006,39.00,51.00,90.00,51,39,0.00,0.00,0,0
1508086310,s2-eth1,78728.00,3006.00,81734.00,3006,78728,52.00,39.00,91.00,39,52,0.00,0.00,0,0
1508086310,lo,0.00,0.00,0.00,0,0,0.00,0.00,0.00,0,0,0.00,0.00,0,0
1508086310,total,343880.00,351450.00,695330.00,351450,343880,418.00,423.00,841.00,423,418,0.00,0.00,0,0
1508086311,s1,0.00,0.00,0.00,0,0,0.00,0.00,0.00,0,0,0.00,0.00,0,0
1508086311,eth0,0.00,0.00,0.00,0,0,0.00,0.00,0.00,0,0,0.00,0.00,0,0
1508086311,eth1,0.00,0.00,0.00,0,0,0.00,0.00,0.00,0,0,0.00,0.00,0,0
1508086311,s2,0.00,0.00,0.00,0,0,0.00,0.00,0.00,0,0,0.00,0.00,0,0
1508086311,s1-eth2,12232.00,252838.00,265070.00,252838,12232,156.00,167.00,323.00,167,156,0.00,0.00,0,0
1508086311,s1-eth1,249810.00,11976.00,261786.00,11976,249810,165.00,156.00,321.00,156,165,0.00,0.00,0,0
1508086311,s2-eth2,4350.00,92354.00,96704.00,92354,4350,57.00,61.00,118.00,61,57,0.00,0.00,0,0
1508086311,s2-eth1,81756.00,4350.00,86106.00,4350,81756,54.00,57.00,111.00,57,54,0.00,0.00,0,0
1508086311,lo,0.00,0.00,0.00,0,0,0.00,0.00,0.00,0,0,0.00,0.00,0,0
1508086311,total,348148.00,361518.00,709666.00,361518,348148,432.00,441.00,873.00,441,432,0.00,0.00,0,0
1508086312,s1,0.00,0.00,0.00,0,0,0.00,0.00,0.00,0,0,0.00,0.00,0,0
1508086312,eth0,0.00,0.00,0.00,0,0,0.00,0.00,0.00,0,0,0.00,0.00,0,0
1508086312,eth1,0.00,0.00,0.00,0,0,0.00,0.00,0.00,0,0,0.00,0.00,0,0
1508086312,s2,0.00,0.00,0.00,0,0,0.00,0.00,0.00,0,0,0.00,0.00,0,0
1508086312,s1-eth2,12294.00,261922.00,274216.00,261922,12294,161.00,173.00,334.00,173,161,0.00,0.00,0,0
1508086312,s1-eth1,251324.00,12282.00,263606.00,12282,251324,166.00,161.00,327.00,161,166,0.00,0.00,0,0
1508086312,s2-eth2,3404.00,87812.00,91216.00,87812,3404,46.00,58.00,104.00,58,46,0.00,0.00,0,0
1508086312,s2-eth1,92354.00,3404.00,95758.00,3404,92354,61.00,46.00,107.00,46,61,0.00,0.00,0,0
1508086312,lo,344.00,344.00,688.00,344,344,6.00,6.00,12.00,6,6,0.00,0.00,0,0
1508086312,total,359720.00,365764.00,725484.00,365764,359720,440.00,444.00,884.00,444,440,0.00,0.00,0,0
1508086313,s1,0.00,0.00,0.00,0,0,0.00,0.00,0.00,0,0,0.00,0.00,0,0
1508086313,eth0,0.00,0.00,0.00,0,0,0.00,0.00,0.00,0,0,0.00,0.00,0,0
1508086313,eth1,0.00,0.00,0.00,0,0,0.00,0.00,0.00,0,0,0.00,0.00,0,0
1508086313,s2,0.00,0.00,0.00,0,0,0.00,0.00,0.00,0,0,0.00,0.00,0,0
1508086313,s1-eth2,12442.00,258894.00,271336.00,258894,12442,163.00,171.00,334.00,171,163,0.00,0.00,0,0
1508086313,s1-eth1,249810.00,12368.00,262178.00,12368,249810,165.00,162.00,327.00,162,165,0.00,0.00,0,0
1508086313,s2-eth2,3348.00,65102.00,68450.00,65102,3348,42.00,43.00,85.00,43,42,0.00,0.00,0,0
1508086313,s2-eth1,63588.00,3348.00,66936.00,3348,63588,42.00,42.00,84.00,42,42,0.00,0.00,0,0
1508086313,lo,0.00,0.00,0.00,0,0,0.00,0.00,0.00,0,0,0.00,0.00,0,0
1508086313,total,329188.00,339712.00,668900.00,339712,329188,412.00,418.00,830.00,418,412,0.00,0.00,0,0
1508086314,s1,0.00,0.00,0.00,0,0,0.00,0.00,0.00,0,0,0.00,0.00,0,0
1508086314,eth0,304.00,490.00,794.00,490,304,4.00,4.00,8.00,4,4,0.00,0.00,0,0
1508086314,eth1,0.00,0.00,0.00,0,0,0.00,0.00,0.00,0,0,0.00,0.00,0,0
1508086314,s2,0.00,0.00,0.00,0,0,0.00,0.00,0.00,0,0,0.00,0.00,0,0
1508086314,s1-eth2,12212.00,255866.00,268078.00,255866,12212,160.00,169.00,329.00,169,160,0.00,0.00,0,0
1508086314,s1-eth1,245908.00,12212.00,258120.00,12212,245908,166.00,160.00,326.00,160,166,0.00,0.00,0,0
1508086314,s2-eth2,2464.00,57532.00,59996.00,57532,2464,32.00,38.00,70.00,38,32,0.00,0.00,0,0
1508086314,s2-eth1,56018.00,2464.00,58482.00,2464,56018,37.00,32.00,69.00,32,37,0.00,0.00,0,0
1508086314,lo,682.00,682.00,1364.00,682,682,8.00,8.00,16.00,8,8,0.00,0.00,0,0
1508086314,total,317588.00,329246.00,646834.00,329246,317588,407.00,411.00,818.00,411,407,0.00,0.00,0,0
1508086315,s1,0.00,0.00,0.00,0,0,0.00,0.00,0.00,0,0,0.00,0.00,0,0
1508086315,eth0,608.00,980.00,1588.00,980,608,8.00,8.00,16.00,8,8,0.00,0.00,0,0
1508086315,eth1,0.00,0.00,0.00,0,0,0.00,0.00,0.00,0,0,0.00,0.00,0,0
1508086315,s2,0.00,0.00,0.00,0,0,0.00,0.00,0.00,0,0,0.00,0.00,0,0
1508086315,s1-eth2,12640.00,251324.00,263964.00,251324,12640,162.00,166.00,328.00,166,162,0.00,0.00,0,0
1508086315,s1-eth1,250699.00,12274.00,262973.00,12274,250699,171.00,161.00,332.00,161,171,0.00,0.00,0,0
1508086315,s2-eth2,3008.00,69644.00,72652.00,69644,3008,36.00,46.00,82.00,46,36,0.00,0.00,0,0
1508086315,s2-eth1,71798.00,2368.00,74166.00,2368,71798,51.00,32.00,83.00,32,51,0.00,0.00,0,0
1508086315,lo,1364.00,1364.00,2728.00,1364,1364,16.00,16.00,32.00,16,16,0.00,0.00,0,0
1508086315,total,340117.00,337954.00,678071.00,337954,340117,444.00,429.00,873.00,429,444,0.00,0.00,0,0
1508086316,s1,0.00,0.00,0.00,0,0,0.00,0.00,0.00,0,0,0.00,0.00,0,0
1508086316,eth0,304.00,490.00,794.00,490,304,4.00,4.00,8.00,4,4,0.00,0.00,0,0
1508086316,eth1,0.00,0.00,0.00,0,0,0.00,0.00,0.00,0,0,0.00,0.00,0,0
1508086316,s2,0.00,0.00,0.00,0,0,0.00,0.00,0.00,0,0,0.00,0.00,0,0
1508086316,s1-eth2,12790.00,257380.00,270170.00,257380,12790,165.00,170.00,335.00,170,165,0.00,0.00,0,0
1508086316,s1-eth1,249620.00,12516.00,262136.00,12516,249620,170.00,162.00,332.00,162,170,0.00,0.00,0,0
1508086316,s2-eth2,3950.00,93868.00,97818.00,93868,3950,53.00,62.00,115.00,62,53,0.00,0.00,0,0
1508086316,s2-eth1,95302.00,3700.00,99002.00,3700,95302,71.00,50.00,121.00,50,71,0.00,0.00,0,0
1508086316,lo,682.00,682.00,1364.00,682,682,8.00,8.00,16.00,8,8,0.00,0.00,0,0
1508086316,total,362648.00,368636.00,731284.00,368636,362648,471.00,456.00,927.00,456,471,0.00,0.00,0,0
1508086317,s1,0.00,0.00,0.00,0,0,0.00,0.00,0.00,0,0,0.00,0.00,0,0
1508086317,eth0,152.00,245.00,397.00,245,152,2.00,2.00,4.00,2,2,0.00,0.00,0,0
1508086317,eth1,0.00,0.00,0.00,0,0,0.00,0.00,0.00,0,0,0.00,0.00,0,0
1508086317,s2,0.00,0.00,0.00,0,0,0.00,0.00,0.00,0,0,0.00,0.00,0,0
1508086317,s1-eth2,14474.00,254352.00,268826.00,254352,14474,171.00,168.00,339.00,168,171,0.00,0.00,0,0
1508086317,s1-eth1,250666.00,12442.00,263108.00,12442,250666,168.00,161.00,329.00,161,168,0.00,0.00,0,0
1508086317,s2-eth2,5276.00,75700.00,80976.00,75700,5276,50.00,50.00,100.00,50,50,0.00,0.00,0,0
1508086317,s2-eth1,66068.00,3420.00,69488.00,3420,66068,47.00,42.00,89.00,42,47,0.00,0.00,0,0
1508086317,lo,685.00,685.00,1370.00,685,685,10.00,10.00,20.00,10,10,0.00,0.00,0,0
1508086317,total,337321.00,346844.00,684165.00,346844,337321,448.00,433.00,881.00,433,448,0.00,0.00,0,0
1508086318,s1,0.00,0.00,0.00,0,0,0.00,0.00,0.00,0,0,0.00,0.00,0,0
1508086318,eth0,152.00,245.00,397.00,245,152,2.00,2.00,4.00,2,2,0.00,0.00,0,0
1508086318,eth1,0.00,0.00,0.00,0,0,0.00,0.00,0.00,0,0,0.00,0.00,0,0
1508086318,s2,0.00,0.00,0.00,0,0,0.00,0.00,0.00,0,0,0.00,0.00,0,0
1508086318,s1-eth2,12708.00,255866.00,268574.00,255866,12708,159.00,169.00,328.00,169,159,0.00,0.00,0,0
1508086318,s1-eth1,249917.00,11998.00,261915.00,11998,249917,166.00,155.00,321.00,155,166,0.00,0.00,0,0
1508086318,s2-eth2,3499.00,49962.00,53461.00,49962,3499,36.00,33.00,69.00,33,36,0.00,0.00,0,0
1508086318,s2-eth1,58201.00,2536.00,60737.00,2536,58201,40.00,32.00,72.00,32,40,0.00,0.00,0,0
1508086318,lo,341.00,341.00,682.00,341,341,4.00,4.00,8.00,4,4,0.00,0.00,0,0
1508086318,total,324818.00,320948.00,645766.00,320948,324818,407.00,395.00,802.00,395,407,0.00,0.00,0,0
1508086319,s1,0.00,0.00,0.00,0,0,0.00,0.00,0.00,0,0,0.00,0.00,0,0
1508086319,eth0,59.94,59.94,119.88,60,60,1.00,1.00,2.00,1,1,0.00,0.00,0,0
1508086319,eth1,0.00,0.00,0.00,0,0,0.00,0.00,0.00,0,0,0.00,0.00,0,0
1508086319,s2,0.00,0.00,0.00,0,0,0.00,0.00,0.00,0,0,0.00,0.00,0,0
1508086319,s1-eth2,12262.74,266197.81,278460.56,266464,12275,156.84,175.82,332.67,176,157,0.00,0.00,0,0
1508086319,s1-eth1,242661.34,11936.06,254597.41,11948,242904,162.84,155.84,318.68,156,163,0.00,0.00,0,0
1508086319,s2-eth2,2217.78,69574.43,71792.21,69644,2220,29.97,45.95,75.92,46,30,0.00,0.00,0,0
1508086319,s2-eth1,60873.13,2217.78,63090.91,2220,60934,41.96,29.97,71.93,30,42,0.00,0.00,0,0
1508086319,lo,0.00,0.00,0.00,0,0,0.00,0.00,0.00,0,0,0.00,0.00,0,0
1508086319,total,318074.94,349986.03,668060.94,350336,318393,392.61,408.59,801.20,409,393,0.00,0.00,0,0
1508086320,s1,0.00,0.00,0.00,0,0,0.00,0.00,0.00,0,0,0.00,0.00,0,0
1508086320,eth0,0.00,0.00,0.00,0,0,0.00,0.00,0.00,0,0,0.00,0.00,0,0
1508086320,eth1,0.00,0.00,0.00,0,0,0.00,0.00,0.00,0,0,0.00,0.00,0,0
1508086320,s2,0.00,0.00,0.00,0,0,0.00,0.00,0.00,0,0,0.00,0.00,0,0
1508086320,s1-eth2,13086.91,255610.39,268697.31,255866,13100,164.84,168.83,333.67,169,165,0.00,0.00,0,0
1508086320,s1-eth1,251072.94,12787.21,263860.16,12800,251324,165.83,163.84,329.67,164,166,0.00,0.00,0,0
1508086320,s2-eth2,2547.45,57474.53,60021.98,57532,2550,29.97,37.96,67.93,38,30,0.00,0.00,0,0
1508086320,s2-eth1,65433.57,2103.90,67537.46,2106,65499,44.96,26.97,71.93,27,45,0.00,0.00,0,0
1508086320,lo,0.00,0.00,0.00,0,0,0.00,0.00,0.00,0,0,0.00,0.00,0,0
1508086320,total,332140.88,327976.03,660116.88,328304,332473,405.59,397.60,803.20,398,406,0.00,0.00,0,0
1508086321,s1,0.00,0.00,0.00,0,0,0.00,0.00,0.00,0,0,0.00,0.00,0,0
1508086321,eth0,0.00,0.00,0.00,0,0,0.00,0.00,0.00,0,0,0.00,0.00,0,0
1508086321,eth1,0.00,0.00,0.00,0,0,0.00,0.00,0.00,0,0,0.00,0.00,0,0
1508086321,s2,0.00,0.00,0.00,0,0,0.00,0.00,0.00,0,0,0.00,0.00,0,0
1508086321,s1-eth2,12749.00,260408.00,273157.00,260408,12749,162.00,172.00,334.00,172,162,0.00,0.00,0,0
1508086321,s1-eth1,249810.00,12278.00,262088.00,12278,249810,165.00,159.00,324.00,159,165,0.00,0.00,0,0
1508086321,s2-eth2,3139.00,83270.00,86409.00,83270,3139,39.00,55.00,94.00,55,39,0.00,0.00,0,0
1508086321,s2-eth1,72672.00,2812.00,75484.00,2812,72672,48.00,38.00,86.00,38,48,0.00,0.00,0,0
1508086321,lo,0.00,0.00,0.00,0,0,0.00,0.00,0.00,0,0,0.00,0.00,0,0
1508086321,total,338370.00,358768.00,697138.00,358768,338370,414.00,424.00,838.00,424,414,0.00,0.00,0,0
1508086322,s1,0.00,0.00,0.00,0,0,0.00,0.00,0.00,0,0,0.00,0.00,0,0
1508086322,eth0,0.00,0.00,0.00,0,0,0.00,0.00,0.00,0,0,0.00,0.00,0,0
1508086322,eth1,0.00,0.00,0.00,0,0,0.00,0.00,0.00,0,0,0.00,0.00,0,0
1508086322,s2,0.00,0.00,0.00,0,0,0.00,0.00,0.00,0,0,0.00,0.00,0,0
1508086322,s1-eth2,12240.00,260408.00,272648.00,260408,12240,160.00,172.00,332.00,172,160,0.00,0.00,0,0
1508086322,s1-eth1,250259.00,12240.00,262499.00,12240,250259,167.00,160.00,327.00,160,167,0.00,0.00,0,0
1508086322,s2-eth2,3166.00,77214.00,80380.00,77214,3166,41.00,51.00,92.00,51,41,0.00,0.00,0,0
1508086322,s2-eth1,86298.00,3166.00,89464.00,3166,86298,57.00,41.00,98.00,41,57,0.00,0.00,0,0
1508086322,lo,344.00,344.00,688.00,344,344,6.00,6.00,12.00,6,6,0.00,0.00,0,0
1508086322,total,352307.00,353372.00,705679.00,353372,352307,431.00,430.00,861.00,430,431,0.00,0.00,0,0
1508086323,s1,0.00,0.00,0.00,0,0,0.00,0.00,0.00,0,0,0.00,0.00,0,0
1508086323,eth0,0.00,0.00,0.00,0,0,0.00,0.00,0.00,0,0,0.00,0.00,0,0
1508086323,eth1,0.00,0.00,0.00,0,0,0.00,0.00,0.00,0,0,0.00,0.00,0,0
1508086323,s2,0.00,0.00,0.00,0,0,0.00,0.00,0.00,0,0,0.00,0.00,0,0
1508086323,s1-eth2,12208.00,252838.00,265046.00,252838,12208,158.00,167.00,325.00,167,158,0.00,0.00,0,0
1508086323,s1-eth1,246852.00,12208.00,259060.00,12208,246852,164.00,158.00,322.00,158,164,0.00,0.00,0,0
1508086323,s2-eth2,3154.00,101438.00,104592.00,101438,3154,39.00,67.00,106.00,67,39,0.00,0.00,0,0
1508086323,s2-eth1,89433.00,2812.00,92245.00,2812,89433,60.00,38.00,98.00,38,60,0.00,0.00,0,0
1508086323,lo,0.00,0.00,0.00,0,0,0.00,0.00,0.00,0,0,0.00,0.00,0,0
1508086323,total,351647.00,369296.00,720943.00,369296,351647,421.00,430.00,851.00,430,421,0.00,0.00,0,0
1508086324,s1,0.00,0.00,0.00,0,0,0.00,0.00,0.00,0,0,0.00,0.00,0,0
1508086324,eth0,0.00,0.00,0.00,0,0,0.00,0.00,0.00,0,0,0.00,0.00,0,0
1508086324,eth1,0.00,0.00,0.00,0,0,0.00,0.00,0.00,0,0,0.00,0.00,0,0
1508086324,s2,0.00,0.00,0.00,0,0,0.00,0.00,0.00,0,0,0.00,0.00,0,0
1508086324,s1-eth2,12377.00,266464.00,278841.00,266464,12377,162.00,176.00,338.00,176,162,0.00,0.00,0,0
1508086324,s1-eth1,249810.00,12270.00,262080.00,12270,249810,165.00,161.00,326.00,161,165,0.00,0.00,0,0
1508086324,s2-eth2,3109.00,81756.00,84865.00,81756,3109,40.00,54.00,94.00,54,40,0.00,0.00,0,0
1508086324,s2-eth1,90910.00,2932.00,93842.00,2932,90910,61.00,38.00,99.00,38,61,0.00,0.00,0,0
1508086324,lo,0.00,0.00,0.00,0,0,0.00,0.00,0.00,0,0,0.00,0.00,0,0
1508086324,total,356206.00,363422.00,719628.00,363422,356206,428.00,429.00,857.00,429,428,0.00,0.00,0,0
1508086325,s1,0.00,0.00,0.00,0,0,0.00,0.00,0.00,0,0,0.00,0.00,0,0
1508086325,eth0,0.00,0.00,0.00,0,0,0.00,0.00,0.00,0,0,0.00,0.00,0,0
1508086325,eth1,0.00,0.00,0.00,0,0,0.00,0.00,0.00,0,0,0.00,0.00,0,0
1508086325,s2,0.00,0.00,0.00,0,0,0.00,0.00,0.00,0,0,0.00,0.00,0,0
1508086325,s1-eth2,12580.00,251324.00,263904.00,251324,12580,164.00,166.00,330.00,166,164,0.00,0.00,0,0
1508086325,s1-eth1,249810.00,12510.00,262320.00,12510,249810,165.00,163.00,328.00,163,165,0.00,0.00,0,0
1508086325,s2-eth2,3626.00,101438.00,105064.00,101438,3626,49.00,67.00,116.00,67,49,0.00,0.00,0,0
1508086325,s2-eth1,93868.00,3626.00,97494.00,3626,93868,62.00,49.00,111.00,49,62,0.00,0.00,0,0
1508086325,lo,0.00,0.00,0.00,0,0,0.00,0.00,0.00,0,0,0.00,0.00,0,0
1508086325,total,359884.00,368898.00,728782.00,368898,359884,440.00,445.00,885.00,445,440,0.00,0.00,0,0
1508086326,s1,0.00,0.00,0.00,0,0,0.00,0.00,0.00,0,0,0.00,0.00,0,0
1508086326,eth0,0.00,0.00,0.00,0,0,0.00,0.00,0.00,0,0,0.00,0.00,0,0
1508086326,eth1,0.00,0.00,0.00,0,0,0.00,0.00,0.00,0,0,0.00,0.00,0,0
1508086326,s2,0.00,0.00,0.00,0,0,0.00,0.00,0.00,0,0,0.00,0.00,0,0
1508086326,s1-eth2,12604.00,257380.00,269984.00,257380,12604,162.00,170.00,332.00,170,162,0.00,0.00,0,0
1508086326,s1-eth1,249810.00,12336.00,262146.00,12336,249810,165.00,162.00,327.00,162,165,0.00,0.00,0,0
1508086326,s2-eth2,4170.00,81756.00,85926.00,81756,4170,51.00,54.00,105.00,54,51,0.00,0.00,0,0
1508086326,s2-eth1,75700.00,4170.00,79870.00,4170,75700,50.00,51.00,101.00,51,50,0.00,0.00,0,0
1508086326,lo,0.00,0.00,0.00,0,0,0.00,0.00,0.00,0,0,0.00,0.00,0,0
1508086326,total,342284.00,355642.00,697926.00,355642,342284,428.00,437.00,865.00,437,428,0.00,0.00,0,0
1508086327,s1,0.00,0.00,0.00,0,0,0.00,0.00,0.00,0,0,0.00,0.00,0,0
1508086327,eth0,0.00,0.00,0.00,0,0,0.00,0.00,0.00,0,0,0.00,0.00,0,0
1508086327,eth1,0.00,0.00,0.00,0,0,0.00,0.00,0.00,0,0,0.00,0.00,0,0
1508086327,s2,0.00,0.00,0.00,0,0,0.00,0.00,0.00,0,0,0.00,0.00,0,0
1508086327,s1-eth2,12372.00,255866.00,268238.00,255866,12372,162.00,169.00,331.00,169,162,0.00,0.00,0,0
1508086327,s1-eth1,251324.00,12298.00,263622.00,12298,251324,166.00,161.00,327.00,161,166,0.00,0.00,0,0
1508086327,s2-eth2,2738.00,80242.00,82980.00,80242,2738,37.00,53.00,90.00,53,37,0.00,0.00,0,0
1508086327,s2-eth1,88154.00,2738.00,90892.00,2738,88154,59.00,37.00,96.00,37,59,0.00,0.00,0,0
1508086327,lo,344.00,344.00,688.00,344,344,6.00,6.00,12.00,6,6,0.00,0.00,0,0
1508086327,total,354932.00,351488.00,706420.00,351488,354932,430.00,426.00,856.00,426,430,0.00,0.00,0,0
1508086328,s1,0.00,0.00,0.00,0,0,0.00,0.00,0.00,0,0,0.00,0.00,0,0
1508086328,eth0,0.00,0.00,0.00,0,0,0.00,0.00,0.00,0,0,0.00,0.00,0,0
1508086328,eth1,0.00,0.00,0.00,0,0,0.00,0.00,0.00,0,0,0.00,0.00,0,0
1508086328,s2,0.00,0.00,0.00,0,0,0.00,0.00,0.00,0,0,0.00,0.00,0,0
1508086328,s1-eth2,11880.00,261922.00,273802.00,261922,11880,154.00,173.00,327.00,173,154,0.00,0.00,0,0
1508086328,s1-eth1,249810.00,11880.00,261690.00,11880,249810,165.00,154.00,319.00,154,165,0.00,0.00,0,0
1508086328,s2-eth2,3918.00,98410.00,102328.00,98410,3918,51.00,65.00,116.00,65,51,0.00,0.00,0,0
1508086328,s2-eth1,89326.00,3918.00,93244.00,3918,89326,59.00,51.00,110.00,51,59,0.00,0.00,0,0
1508086328,lo,0.00,0.00,0.00,0,0,0.00,0.00,0.00,0,0,0.00,0.00,0,0
1508086328,total,354934.00,376130.00,731064.00,376130,354934,429.00,443.00,872.00,443,429,0.00,0.00,0,0
1508086329,s1,0.00,0.00,0.00,0,0,0.00,0.00,0.00,0,0,0.00,0.00,0,0
1508086329,eth0,0.00,0.00,0.00,0,0,0.00,0.00,0.00,0,0,0.00,0.00,0,0
1508086329,eth1,0.00,0.00,0.00,0,0,0.00,0.00,0.00,0,0,0.00,0.00,0,0
1508086329,s2,0.00,0.00,0.00,0,0,0.00,0.00,0.00,0,0,0.00,0.00,0,0
1508086329,s1-eth2,12444.00,261922.00,274366.00,261922,12444,160.00,173.00,333.00,173,160,0.00,0.00,0,0
1508086329,s1-eth1,249810.00,12444.00,262254.00,12444,249810,165.00,160.00,325.00,160,165,0.00,0.00,0,0
1508086329,s2-eth2,2854.00,52990.00,55844.00,52990,2854,35.00,35.00,70.00,35,35,0.00,0.00,0,0
1508086329,s2-eth1,56018.00,2854.00,58872.00,2854,56018,37.00,35.00,72.00,35,37,0.00,0.00,0,0
1508086329,lo,0.00,0.00,0.00,0,0,0.00,0.00,0.00,0,0,0.00,0.00,0,0
1508086329,total,321126.00,330210.00,651336.00,330210,321126,397.00,403.00,800.00,403,397,0.00,0.00,0,0
1508086330,s1,0.00,0.00,0.00,0,0,0.00,0.00,0.00,0,0,0.00,0.00,0,0
1508086330,eth0,0.00,0.00,0.00,0,0,0.00,0.00,0.00,0,0,0.00,0.00,0,0
1508086330,eth1,0.00,0.00,0.00,0,0,0.00,0.00,0.00,0,0,0.00,0.00,0,0
1508086330,s2,0.00,0.00,0.00,0,0,0.00,0.00,0.00,0,0,0.00,0.00,0,0
1508086330,s1-eth2,12062.00,258894.00,270956.00,258894,12062,157.00,171.00,328.00,171,157,0.00,0.00,0,0
1508086330,s1-eth1,248403.00,12062.00,260465.00,12062,248403,165.00,157.00,322.00,157,165,0.00,0.00,0,0
1508086330,s2-eth2,1606.00,31836.00,33442.00,31836,1606,21.00,22.00,43.00,22,21,0.00,0.00,0,0
1508086330,s2-eth1,27252.00,1606.00,28858.00,1606,27252,18.00,21.00,39.00,21,18,0.00,0.00,0,0
1508086330,lo,0.00,0.00,0.00,0,0,0.00,0.00,0.00,0,0,0.00,0.00,0,0
1508086330,total,289323.00,304398.00,593721.00,304398,289323,361.00,371.00,732.00,371,361,0.00,0.00,0,0
1508086331,s1,0.00,0.00,0.00,0,0,0.00,0.00,0.00,0,0,0.00,0.00,0,0
1508086331,eth0,0.00,0.00,0.00,0,0,0.00,0.00,0.00,0,0,0.00,0.00,0,0
1508086331,eth1,0.00,0.00,0.00,0,0,0.00,0.00,0.00,0,0,0.00,0.00,0,0
1508086331,s2,0.00,0.00,0.00,0,0,0.00,0.00,0.00,0,0,0.00,0.00,0,0
1508086331,s1-eth2,12264.00,258894.00,271158.00,258894,12264,160.00,171.00,331.00,171,160,0.00,0.00,0,0
1508086331,s1-eth1,251324.00,12264.00,263588.00,12264,251324,166.00,160.00,326.00,160,166,0.00,0.00,0,0
1508086331,s2-eth2,1628.00,40878.00,42506.00,40878,1628,22.00,27.00,49.00,27,22,0.00,0.00,0,0
1508086331,s2-eth1,41027.00,1628.00,42655.00,1628,41027,29.00,22.00,51.00,22,29,0.00,0.00,0,0
1508086331,lo,0.00,0.00,0.00,0,0,0.00,0.00,0.00,0,0,0.00,0.00,0,0
1508086331,total,306243.00,313664.00,619907.00,313664,306243,377.00,380.00,757.00,380,377,0.00,0.00,0,0
1508086332,s1,0.00,0.00,0.00,0,0,0.00,0.00,0.00,0,0,0.00,0.00,0,0
1508086332,eth0,0.00,0.00,0.00,0,0,0.00,0.00,0.00,0,0,0.00,0.00,0,0
1508086332,eth1,0.00,0.00,0.00,0,0,0.00,0.00,0.00,0,0,0.00,0.00,0,0
1508086332,s2,0.00,0.00,0.00,0,0,0.00,0.00,0.00,0,0,0.00,0.00,0,0
1508086332,s1-eth2,12438.56,257122.89,269561.44,257380,12451,158.84,169.83,328.67,170,159,0.00,0.00,0,0
1508086332,s1-eth1,249560.45,12331.67,261892.11,12344,249810,164.84,157.84,322.68,158,165,0.00,0.00,0,0
1508086332,s2-eth2,2546.45,65036.96,67583.42,65102,2549,33.97,42.96,76.92,43,34,0.00,0.00,0,0
1508086332,s2-eth1,65036.96,2439.56,67476.52,2442,65102,42.96,32.97,75.92,33,43,0.00,0.00,0,0
1508086332,lo,343.66,343.66,687.31,344,344,5.99,5.99,11.99,6,6,0.00,0.00,0,0
1508086332,total,329926.09,337274.75,667200.81,337612,330256,406.59,409.59,816.18,410,407,0.00,0.00,0,0
1508086333,s1,0.00,0.00,0.00,0,0,0.00,0.00,0.00,0,0,0.00,0.00,0,0
1508086333,eth0,0.00,0.00,0.00,0,0,0.00,0.00,0.00,0,0,0.00,0.00,0,0
1508086333,eth1,0.00,0.00,0.00,0,0,0.00,0.00,0.00,0,0,0.00,0.00,0,0
1508086333,s2,0.00,0.00,0.00,0,0,0.00,0.00,0.00,0,0,0.00,0.00,0,0
1508086333,s1-eth2,12298.00,264950.00,277248.00,264950,12298,161.00,175.00,336.00,175,161,0.00,0.00,0,0
1508086333,s1-eth1,246782.00,12298.00,259080.00,12298,246782,163.00,161.00,324.00,161,163,0.00,0.00,0,0
1508086333,s2-eth2,2932.00,92354.00,95286.00,92354,2932,36.00,61.00,97.00,61,36,0.00,0.00,0,0
1508086333,s2-eth1,81756.00,2590.00,84346.00,2590,81756,54.00,35.00,89.00,35,54,0.00,0.00,0,0
1508086333,lo,0.00,0.00,0.00,0,0,0.00,0.00,0.00,0,0,0.00,0.00,0,0
1508086333,total,343768.00,372192.00,715960.00,372192,343768,414.00,432.00,846.00,432,414,0.00,0.00,0,0
1508086334,s1,0.00,0.00,0.00,0,0,0.00,0.00,0.00,0,0,0.00,0.00,0,0
1508086334,eth0,0.00,0.00,0.00,0,0,0.00,0.00,0.00,0,0,0.00,0.00,0,0
1508086334,eth1,0.00,0.00,0.00,0,0,0.00,0.00,0.00,0,0,0.00,0.00,0,0
1508086334,s2,0.00,0.00,0.00,0,0,0.00,0.00,0.00,0,0,0.00,0.00,0,0
1508086334,s1-eth2,12224.00,257380.00,269604.00,257380,12224,160.00,170.00,330.00,170,160,0.00,0.00,0,0
1508086334,s1-eth1,250152.00,12224.00,262376.00,12224,250152,166.00,160.00,326.00,160,166,0.00,0.00,0,0
1508086334,s2-eth2,2306.00,96896.00,99202.00,96896,2306,31.00,64.00,95.00,64,31,0.00,0.00,0,0
1508086334,s2-eth1,109008.00,2306.00,111314.00,2306,109008,72.00,31.00,103.00,31,72,0.00,0.00,0,0
1508086334,lo,0.00,0.00,0.00,0,0,0.00,0.00,0.00,0,0,0.00,0.00,0,0
1508086334,total,373690.00,368806.00,742496.00,368806,373690,429.00,425.00,854.00,425,429,0.00,0.00,0,0
1508086335,s1,0.00,0.00,0.00,0,0,0.00,0.00,0.00,0,0,0.00,0.00,0,0
1508086335,eth0,0.00,0.00,0.00,0,0,0.00,0.00,0.00,0,0,0.00,0.00,0,0
1508086335,eth1,0.00,0.00,0.00,0,0,0.00,0.00,0.00,0,0,0.00,0.00,0,0
1508086335,s2,0.00,0.00,0.00,0,0,0.00,0.00,0.00,0,0,0.00,0.00,0,0
1508086335,s1-eth2,11796.00,252838.00,264634.00,252838,11796,156.00,167.00,323.00,167,156,0.00,0.00,0,0
1508086335,s1-eth1,249810.00,11796.00,261606.00,11796,249810,165.00,156.00,321.00,156,165,0.00,0.00,0,0
1508086335,s2-eth2,4718.00,89326.00,94044.00,89326,4718,59.00,59.00,118.00,59,59,0.00,0.00,0,0
1508086335,s2-eth1,75700.00,4718.00,80418.00,4718,75700,50.00,59.00,109.00,59,50,0.00,0.00,0,0
1508086335,lo,0.00,0.00,0.00,0,0,0.00,0.00,0.00,0,0,0.00,0.00,0,0
1508086335,total,342024.00,358678.00,700702.00,358678,342024,430.00,441.00,871.00,441,430,0.00,0.00,0,0
1508086336,s1,0.00,0.00,0.00,0,0,0.00,0.00,0.00,0,0,0.00,0.00,0,0
1508086336,eth0,0.00,0.00,0.00,0,0,0.00,0.00,0.00,0,0,0.00,0.00,0,0
1508086336,eth1,0.00,0.00,0.00,0,0,0.00,0.00,0.00,0,0,0.00,0.00,0,0
1508086336,s2,0.00,0.00,0.00,0,0,0.00,0.00,0.00,0,0,0.00,0.00,0,0
1508086336,s1-eth2,11848.00,257380.00,269228.00,257380,11848,158.00,170.00,328.00,170,158,0.00,0.00,0,0
1508086336,s1-eth1,249810.00,11922.00,261732.00,11922,249810,165.00,159.00,324.00,159,165,0.00,0.00,0,0
1508086336,s2-eth2,2812.00,87812.00,90624.00,87812,2812,38.00,58.00,96.00,58,38,0.00,0.00,0,0
1508086336,s2-eth1,92354.00,2812.00,95166.00,2812,92354,61.00,38.00,99.00,38,61,0.00,0.00,0,0
1508086336,lo,0.00,0.00,0.00,0,0,0.00,0.00,0.00,0,0,0.00,0.00,0,0
1508086336,total,356824.00,359926.00,716750.00,359926,356824,422.00,425.00,847.00,425,422,0.00,0.00,0,0
1508086337,s1,0.00,0.00,0.00,0,0,0.00,0.00,0.00,0,0,0.00,0.00,0,0
1508086337,eth0,0.00,0.00,0.00,0,0,0.00,0.00,0.00,0,0,0.00,0.00,0,0
1508086337,eth1,0.00,0.00,0.00,0,0,0.00,0.00,0.00,0,0,0.00,0.00,0,0
1508086337,s2,0.00,0.00,0.00,0,0,0.00,0.00,0.00,0,0,0.00,0.00,0,0
1508086337,s1-eth2,10610.00,251324.00,261934.00,251324,10610,139.00,166.00,305.00,166,139,0.00,0.00,0,0
1508086337,s1-eth1,251324.00,10536.00,261860.00,10536,251324,166.00,138.00,304.00,138,166,0.00,0.00,0,0
1508086337,s2-eth2,3434.00,65102.00,68536.00,65102,3434,43.00,43.00,86.00,43,43,0.00,0.00,0,0
1508086337,s2-eth1,69644.00,3508.00,73152.00,3508,69644,46.00,44.00,90.00,44,46,0.00,0.00,0,0
1508086337,lo,344.00,344.00,688.00,344,344,6.00,6.00,12.00,6,6,0.00,0.00,0,0
1508086337,total,335356.00,330814.00,666170.00,330814,335356,400.00,397.00,797.00,397,400,0.00,0.00,0,0
1508086338,s1,0.00,0.00,0.00,0,0,0.00,0.00,0.00,0,0,0.00,0.00,0,0
1508086338,eth0,0.00,0.00,0.00,0,0,0.00,0.00,0.00,0,0,0.00,0.00,0,0
1508086338,eth1,0.00,0.00,0.00,0,0,0.00,0.00,0.00,0,0,0.00,0.00,0,0
1508086338,s2,0.00,0.00,0.00,0,0,0.00,0.00,0.00,0,0,0.00,0.00,0,0
1508086338,s1-eth2,4452.00,75898.00,80350.00,75898,4452,60.00,53.00,113.00,53,60,0.00,0.00,0,0
1508086338,s1-eth1,91038.00,4452.00,95490.00,4452,91038,63.00,60.00,123.00,60,63,0.00,0.00,0,0
1508086338,s2-eth2,1428.00,18316.00,19744.00,18316,1428,18.00,14.00,32.00,14,18,0.00,0.00,0,0
1508086338,s2-eth1,16802.00,1354.00,18156.00,1354,16802,13.00,17.00,30.00,17,13,0.00,0.00,0,0
1508086338,lo,0.00,0.00,0.00,0,0,0.00,0.00,0.00,0,0,0.00,0.00,0,0
1508086338,total,113720.00,100020.00,213740.00,100020,113720,154.00,144.00,298.00,144,154,0.00,0.00,0,0
1508086339,s1,0.00,0.00,0.00,0,0,0.00,0.00,0.00,0,0,0.00,0.00,0,0
1508086339,eth0,0.00,0.00,0.00,0,0,0.00,0.00,0.00,0,0,0.00,0.00,0,0
1508086339,eth1,0.00,0.00,0.00,0,0,0.00,0.00,0.00,0,0,0.00,0.00,0,0
1508086339,s2,0.00,0.00,0.00,0,0,0.00,0.00,0.00,0,0,0.00,0.00,0,0
1508086339,s1-eth2,42.00,42.00,84.00,42,42,1.00,1.00,2.00,1,1,0.00,0.00,0,0
1508086339,s1-eth1,42.00,42.00,84.00,42,42,1.00,1.00,2.00,1,1,0.00,0.00,0,0
1508086339,s2-eth2,0.00,0.00,0.00,0,0,0.00,0.00,0.00,0,0,0.00,0.00,0,0
1508086339,s2-eth1,0.00,0.00,0.00,0,0,0.00,0.00,0.00,0,0,0.00,0.00,0,0
1508086339,lo,0.00,0.00,0.00,0,0,0.00,0.00,0.00,0,0,0.00,0.00,0,0
1508086339,total,84.00,84.00,168.00,84,84,2.00,2.00,4.00,2,2,0.00,0.00,0,0
1508086340,s1,0.00,0.00,0.00,0,0,0.00,0.00,0.00,0,0,0.00,0.00,0,0
1508086340,eth0,0.00,0.00,0.00,0,0,0.00,0.00,0.00,0,0,0.00,0.00,0,0
1508086340,eth1,0.00,0.00,0.00,0,0,0.00,0.00,0.00,0,0,0.00,0.00,0,0
1508086340,s2,0.00,0.00,0.00,0,0,0.00,0.00,0.00,0,0,0.00,0.00,0,0
1508086340,s1-eth2,0.00,0.00,0.00,0,0,0.00,0.00,0.00,0,0,0.00,0.00,0,0
1508086340,s1-eth1,0.00,0.00,0.00,0,0,0.00,0.00,0.00,0,0,0.00,0.00,0,0
1508086340,s2-eth2,0.00,0.00,0.00,0,0,0.00,0.00,0.00,0,0,0.00,0.00,0,0
1508086340,s2-eth1,0.00,0.00,0.00,0,0,0.00,0.00,0.00,0,0,0.00,0.00,0,0
1508086340,lo,0.00,0.00,0.00,0,0,0.00,0.00,0.00,0,0,0.00,0.00,0,0
1508086340,total,0.00,0.00,0.00,0,0,0.00,0.00,0.00,0,0,0.00,0.00,0,0
1508086341,s1,0.00,0.00,0.00,0,0,0.00,0.00,0.00,0,0,0.00,0.00,0,0
1508086341,eth0,0.00,0.00,0.00,0,0,0.00,0.00,0.00,0,0,0.00,0.00,0,0
1508086341,eth1,0.00,0.00,0.00,0,0,0.00,0.00,0.00,0,0,0.00,0.00,0,0
1508086341,s2,0.00,0.00,0.00,0,0,0.00,0.00,0.00,0,0,0.00,0.00,0,0
1508086341,s1-eth2,341.66,0.00,341.66,0,342,1.00,0.00,1.00,0,1,0.00,0.00,0,0
1508086341,s1-eth1,0.00,0.00,0.00,0,0,0.00,0.00,0.00,0,0,0.00,0.00,0,0
1508086341,s2-eth2,0.00,0.00,0.00,0,0,0.00,0.00,0.00,0,0,0.00,0.00,0,0
1508086341,s2-eth1,341.66,0.00,341.66,0,342,1.00,0.00,1.00,0,1,0.00,0.00,0,0
1508086341,lo,0.00,0.00,0.00,0,0,0.00,0.00,0.00,0,0,0.00,0.00,0,0
1508086341,total,683.32,0.00,683.32,0,684,2.00,0.00,2.00,0,2,0.00,0.00,0,0
1508086342,s1,0.00,0.00,0.00,0,0,0.00,0.00,0.00,0,0,0.00,0.00,0,0
1508086342,eth0,0.00,0.00,0.00,0,0,0.00,0.00,0.00,0,0,0.00,0.00,0,0
1508086342,eth1,0.00,0.00,0.00,0,0,0.00,0.00,0.00,0,0,0.00,0.00,0,0
1508086342,s2,0.00,0.00,0.00,0,0,0.00,0.00,0.00,0,0,0.00,0.00,0,0
1508086342,s1-eth2,0.00,0.00,0.00,0,0,0.00,0.00,0.00,0,0,0.00,0.00,0,0
1508086342,s1-eth1,0.00,0.00,0.00,0,0,0.00,0.00,0.00,0,0,0.00,0.00,0,0
1508086342,s2-eth2,0.00,0.00,0.00,0,0,0.00,0.00,0.00,0,0,0.00,0.00,0,0
1508086342,s2-eth1,0.00,0.00,0.00,0,0,0.00,0.00,0.00,0,0,0.00,0.00,0,0
1508086342,lo,344.00,344.00,688.00,344,344,6.00,6.00,12.00,6,6,0.00,0.00,0,0
1508086342,total,344.00,344.00,688.00,344,344,6.00,6.00,12.00,6,6,0.00,0.00,0,0
1508086343,s1,0.00,0.00,0.00,0,0,0.00,0.00,0.00,0,0,0.00,0.00,0,0
1508086343,eth0,0.00,0.00,0.00,0,0,0.00,0.00,0.00,0,0,0.00,0.00,0,0
1508086343,eth1,0.00,0.00,0.00,0,0,0.00,0.00,0.00,0,0,0.00,0.00,0,0
1508086343,s2,0.00,0.00,0.00,0,0,0.00,0.00,0.00,0,0,0.00,0.00,0,0
1508086343,s1-eth2,0.00,0.00,0.00,0,0,0.00,0.00,0.00,0,0,0.00,0.00,0,0
1508086343,s1-eth1,0.00,0.00,0.00,0,0,0.00,0.00,0.00,0,0,0.00,0.00,0,0
1508086343,s2-eth2,0.00,0.00,0.00,0,0,0.00,0.00,0.00,0,0,0.00,0.00,0,0
1508086343,s2-eth1,0.00,0.00,0.00,0,0,0.00,0.00,0.00,0,0,0.00,0.00,0,0
1508086343,lo,0.00,0.00,0.00,0,0,0.00,0.00,0.00,0,0,0.00,0.00,0,0
1508086343,total,0.00,0.00,0.00,0,0,0.00,0.00,0.00,0,0,0.00,0.00,0,0
1508086344,s1,0.00,0.00,0.00,0,0,0.00,0.00,0.00,0,0,0.00,0.00,0,0
1508086344,eth0,0.00,0.00,0.00,0,0,0.00,0.00,0.00,0,0,0.00,0.00,0,0
1508086344,eth1,0.00,0.00,0.00,0,0,0.00,0.00,0.00,0,0,0.00,0.00,0,0
1508086344,s2,0.00,0.00,0.00,0,0,0.00,0.00,0.00,0,0,0.00,0.00,0,0
1508086344,s1-eth2,0.00,0.00,0.00,0,0,0.00,0.00,0.00,0,0,0.00,0.00,0,0
1508086344,s1-eth1,0.00,0.00,0.00,0,0,0.00,0.00,0.00,0,0,0.00,0.00,0,0
1508086344,s2-eth2,0.00,0.00,0.00,0,0,0.00,0.00,0.00,0,0,0.00,0.00,0,0
1508086344,s2-eth1,0.00,0.00,0.00,0,0,0.00,0.00,0.00,0,0,0.00,0.00,0,0
1508086344,lo,0.00,0.00,0.00,0,0,0.00,0.00,0.00,0,0,0.00,0.00,0,0
1508086344,total,0.00,0.00,0.00,0,0,0.00,0.00,0.00,0,0,0.00,0.00,0,0
1508086345,s1,0.00,0.00,0.00,0,0,0.00,0.00,0.00,0,0,0.00,0.00,0,0
1508086345,eth0,0.00,0.00,0.00,0,0,0.00,0.00,0.00,0,0,0.00,0.00,0,0
1508086345,eth1,0.00,0.00,0.00,0,0,0.00,0.00,0.00,0,0,0.00,0.00,0,0
1508086345,s2,0.00,0.00,0.00,0,0,0.00,0.00,0.00,0,0,0.00,0.00,0,0
1508086345,s1-eth2,0.00,0.00,0.00,0,0,0.00,0.00,0.00,0,0,0.00,0.00,0,0
1508086345,s1-eth1,0.00,0.00,0.00,0,0,0.00,0.00,0.00,0,0,0.00,0.00,0,0
1508086345,s2-eth2,0.00,0.00,0.00,0,0,0.00,0.00,0.00,0,0,0.00,0.00,0,0
1508086345,s2-eth1,0.00,0.00,0.00,0,0,0.00,0.00,0.00,0,0,0.00,0.00,0,0
1508086345,lo,0.00,0.00,0.00,0,0,0.00,0.00,0.00,0,0,0.00,0.00,0,0
1508086345,total,0.00,0.00,0.00,0,0,0.00,0.00,0.00,0,0,0.00,0.00,0,0
1508086346,s1,0.00,0.00,0.00,0,0,0.00,0.00,0.00,0,0,0.00,0.00,0,0
1508086346,eth0,0.00,0.00,0.00,0,0,0.00,0.00,0.00,0,0,0.00,0.00,0,0
1508086346,eth1,0.00,0.00,0.00,0,0,0.00,0.00,0.00,0,0,0.00,0.00,0,0
1508086346,s2,0.00,0.00,0.00,0,0,0.00,0.00,0.00,0,0,0.00,0.00,0,0
1508086346,s1-eth2,0.00,0.00,0.00,0,0,0.00,0.00,0.00,0,0,0.00,0.00,0,0
1508086346,s1-eth1,106.89,0.00,106.89,0,107,1.00,0.00,1.00,0,1,0.00,0.00,0,0
1508086346,s2-eth2,0.00,0.00,0.00,0,0,0.00,0.00,0.00,0,0,0.00,0.00,0,0
1508086346,s2-eth1,0.00,0.00,0.00,0,0,0.00,0.00,0.00,0,0,0.00,0.00