1508083344,s5,0.00,0.00,0.00,0,0,0.00,0.00,0.00,0,0,0.00,0.00,0,0
1508083344,eth0,0.00,0.00,0.00,0,0,0.00,0.00,0.00,0,0,0.00,0.00,0,0
1508083344,eth1,0.00,0.00,0.00,0,0,0.00,0.00,0.00,0,0,0.00,0.00,0,0
1508083344,s2,0.00,0.00,0.00,0,0,0.00,0.00,0.00,0,0,0.00,0.00,0,0
1508083344,s2-eth2,0.00,0.00,0.00,0,0,0.00,0.00,0.00,0,0,0.00,0.00,0,0
1508083344,s2-eth1,0.00,0.00,0.00,0,0,0.00,0.00,0.00,0,0,0.00,0.00,0,0
1508083344,lo,0.00,0.00,0.00,0,0,0.00,0.00,0.00,0,0,0.00,0.00,0,0
1508083344,s4,0.00,0.00,0.00,0,0,0.00,0.00,0.00,0,0,0.00,0.00,0,0
1508083344,total,0.00,0.00,0.00,0,0,0.00,0.00,0.00,0,0,0.00,0.00,0,0
1508083345,s5,0.00,0.00,0.00,0,0,0.00,0.00,0.00,0,0,0.00,0.00,0,0
1508083345,eth0,151.85,244.76,396.60,245,152,2.00,2.00,4.00,2,2,0.00,0.00,0,0
1508083345,eth1,0.00,0.00,0.00,0,0,0.00,0.00,0.00,0,0,0.00,0.00,0,0
1508083345,s2,249.75,249.75,499.50,250,250,3.00,3.00,5.99,3,3,0.00,0.00,0,0
1508083345,s2-eth2,7256.74,292945.06,300201.81,293238,7264,92.91,98.90,191.81,99,93,0.00,0.00,0,0
1508083345,s2-eth1,246618.39,5656.34,252274.73,5662,246865,87.91,84.92,172.83,85,88,0.00,0.00,0,0
1508083345,lo,2026.97,2026.97,4053.95,2029,2029,21.98,21.98,43.96,22,22,0.00,0.00,0,0
1508083345,s4,0.00,0.00,0.00,0,0,0.00,0.00,0.00,0,0,0.00,0.00,0,0
1508083345,total,256303.70,301122.88,557426.56,301424,256560,207.79,210.79,418.58,211,208,0.00,0.00,0,0
1508083346,s5,0.00,0.00,0.00,0,0,0.00,0.00,0.00,0,0,0.00,0.00,0,0
1508083346,eth0,152.00,245.00,397.00,245,152,2.00,2.00,4.00,2,2,0.00,0.00,0,0
1508083346,eth1,0.00,0.00,0.00,0,0,0.00,0.00,0.00,0,0,0.00,0.00,0,0
1508083346,s2,0.00,0.00,0.00,0,0,0.00,0.00,0.00,0,0,0.00,0.00,0,0
1508083346,s2-eth2,5739.00,260656.00,266395.00,260656,5739,83.00,88.00,171.00,88,83,0.00,0.00,0,0
1508083346,s2-eth1,243750.00,5346.00,249096.00,5346,243750,86.00,81.00,167.00,81,86,0.00,0.00,0,0
1508083346,lo,341.00,341.00,682.00,341,341,4.00,4.00,8.00,4,4,0.00,0.00,0,0
1508083346,s4,0.00,0.00,0.00,0,0,0.00,0.00,0.00,0,0,0.00,0.00,0,0
1508083346,total,249982.00,266588.00,516570.00,266588,249982,175.00,175.00,350.00,175,175,0.00,0.00,0,0
1508083347,s5,0.00,0.00,0.00,0,0,0.00,0.00,0.00,0,0,0.00,0.00,0,0
1508083347,eth0,0.00,0.00,0.00,0,0,0.00,0.00,0.00,0,0,0.00,0.00,0,0
1508083347,eth1,0.00,0.00,0.00,0,0,0.00,0.00,0.00,0,0,0.00,0.00,0,0
1508083347,s2,0.00,0.00,0.00,0,0,0.00,0.00,0.00,0,0,0.00,0.00,0,0
1508083347,s2-eth2,6368.00,205896.00,212264.00,205896,6368,81.00,92.00,173.00,92,81,0.00,0.00,0,0
1508083347,s2-eth1,245846.00,6080.00,251926.00,6080,245846,83.00,80.00,163.00,80,83,0.00,0.00,0,0
1508083347,lo,0.00,0.00,0.00,0,0,0.00,0.00,0.00,0,0,0.00,0.00,0,0
1508083347,s4,0.00,0.00,0.00,0,0,0.00,0.00,0.00,0,0,0.00,0.00,0,0
1508083347,total,252214.00,211976.00,464190.00,211976,252214,164.00,172.00,336.00,172,164,0.00,0.00,0,0
1508083348,s5,0.00,0.00,0.00,0,0,0.00,0.00,0.00,0,0,0.00,0.00,0,0
1508083348,eth0,0.00,0.00,0.00,0,0,0.00,0.00,0.00,0,0,0.00,0.00,0,0
1508083348,eth1,0.00,0.00,0.00,0,0,0.00,0.00,0.00,0,0,0.00,0.00,0,0
1508083348,s2,0.00,69.93,69.93,70,0,0.00,1.00,1.00,1,0,0.00,0.00,0,0
1508083348,s2-eth2,7603.40,261124.88,268728.28,261386,7611,104.90,98.90,203.80,99,105,0.00,0.00,0,0
1508083348,s2-eth1,245587.42,7120.88,252708.30,7128,245833,118.88,101.90,220.78,102,119,0.00,0.00,0,0
1508083348,lo,715.28,715.28,1430.57,716,716,10.99,10.99,21.98,11,11,0.00,0.00,0,0
1508083348,s4,0.00,0.00,0.00,0,0,0.00,0.00,0.00,0,0,0.00,0.00,0,0
1508083348,total,253906.09,269030.97,522937.06,269300,254160,234.77,212.79,447.55,213,235,0.00,0.00,0,0
1508083349,s5,0.00,0.00,0.00,0,0,0.00,0.00,0.00,0,0,0.00,0.00,0,0
1508083349,eth0,0.00,0.00,0.00,0,0,0.00,0.00,0.00,0,0,0.00,0.00,0,0
1508083349,eth1,0.00,0.00,0.00,0,0,0.00,0.00,0.00,0,0,0.00,0.00,0,0
1508083349,s2,70.00,70.00,140.00,70,70,1.00,1.00,2.00,1,1,0.00,0.00,0,0
1508083349,s2-eth2,8468.00,183850.00,192318.00,183850,8468,110.00,109.00,219.00,109,110,0.00,0.00,0,0
1508083349,s2-eth1,246584.00,8398.00,254982.00,8398,246584,116.00,109.00,225.00,109,116,0.00,0.00,0,0
1508083349,lo,536.00,536.00,1072.00,536,536,6.00,6.00,12.00,6,6,0.00,0.00,0,0
1508083349,s4,0.00,0.00,0.00,0,0,0.00,0.00,0.00,0,0,0.00,0.00,0,0
1508083349,total,255658.00,192854.00,448512.00,192854,255658,233.00,225.00,458.00,225,233,0.00,0.00,0,0
1508083350,s5,0.00,0.00,0.00,0,0,0.00,0.00,0.00,0,0,0.00,0.00,0,0
1508083350,eth0,0.00,0.00,0.00,0,0,0.00,0.00,0.00,0,0,0.00,0.00,0,0
1508083350,eth1,0.00,0.00,0.00,0,0,0.00,0.00,0.00,0,0,0.00,0.00,0,0
1508083350,s2,0.00,0.00,0.00,0,0,0.00,0.00,0.00,0,0,0.00,0.00,0,0
1508083350,s2-eth2,9000.00,213598.00,222598.00,213598,9000,124.00,99.00,223.00,99,124,0.00,0.00,0,0
1508083350,s2-eth1,241246.00,9000.00,250246.00,9000,241246,123.00,124.00,247.00,124,123,0.00,0.00,0,0
1508083350,lo,0.00,0.00,0.00,0,0,0.00,0.00,0.00,0,0,0.00,0.00,0,0
1508083350,s4,0.00,0.00,0.00,0,0,0.00,0.00,0.00,0,0,0.00,0.00,0,0
1508083350,total,250246.00,222598.00,472844.00,222598,250246,247.00,223.00,470.00,223,247,0.00,0.00,0,0
1508083351,s5,0.00,0.00,0.00,0,0,0.00,0.00,0.00,0,0,0.00,0.00,0,0
1508083351,eth0,0.00,0.00,0.00,0,0,0.00,0.00,0.00,0,0,0.00,0.00,0,0
1508083351,eth1,0.00,0.00,0.00,0,0,0.00,0.00,0.00,0,0,0.00,0.00,0,0
1508083351,s2,0.00,0.00,0.00,0,0,0.00,0.00,0.00,0,0,0.00,0.00,0,0
1508083351,s2-eth2,5093.00,201680.00,206773.00,201680,5093,74.00,72.00,146.00,72,74,0.00,0.00,0,0
1508083351,s2-eth1,205091.00,4986.00,210077.00,4986,205091,75.00,73.00,148.00,73,75,0.00,0.00,0,0
1508083351,lo,0.00,0.00,0.00,0,0,0.00,0.00,0.00,0,0,0.00,0.00,0,0
1508083351,s4,0.00,0.00,0.00,0,0,0.00,0.00,0.00,0,0,0.00,0.00,0,0
1508083351,total,210184.00,206666.00,416850.00,206666,210184,149.00,145.00,294.00,145,149,0.00,0.00,0,0
1508083352,s5,0.00,0.00,0.00,0,0,0.00,0.00,0.00,0,0,0.00,0.00,0,0
1508083352,eth0,0.00,0.00,0.00,0,0,0.00,0.00,0.00,0,0,0.00,0.00,0,0
1508083352,eth1,0.00,0.00,0.00,0,0,0.00,0.00,0.00,0,0,0.00,0.00,0,0
1508083352,s2,0.00,70.00,70.00,70,0,0.00,1.00,1.00,1,0,0.00,0.00,0,0
1508083352,s2-eth2,5506.00,193194.00,198700.00,193194,5506,77.00,75.00,152.00,75,77,0.00,0.00,0,0
1508083352,s2-eth1,187340.00,5094.00,192434.00,5094,187340,74.00,75.00,149.00,75,74,0.00,0.00,0,0
1508083352,lo,268.00,268.00,536.00,268,268,3.00,3.00,6.00,3,3,0.00,0.00,0,0
1508083352,s4,0.00,0.00,0.00,0,0,0.00,0.00,0.00,0,0,0.00,0.00,0,0
1508083352,total,193114.00,198626.00,391740.00,198626,193114,154.00,154.00,308.00,154,154,0.00,0.00,0,0
1508083353,s5,0.00,0.00,0.00,0,0,0.00,0.00,0.00,0,0,0.00,0.00,0,0
1508083353,eth0,0.00,0.00,0.00,0,0,0.00,0.00,0.00,0,0,0.00,0.00,0,0
1508083353,eth1,0.00,0.00,0.00,0,0,0.00,0.00,0.00,0,0,0.00,0.00,0,0
1508083353,s2,70.00,0.00,70.00,0,70,1.00,0.00,1.00,0,1,0.00,0.00,0,0
1508083353,s2-eth2,3808.00,139940.00,143748.00,139940,3808,54.00,58.00,112.00,58,54,0.00,0.00,0,0
1508083353,s2-eth1,147316.00,3738.00,151054.00,3738,147316,60.00,53.00,113.00,53,60,0.00,0.00,0,0
1508083353,lo,612.00,612.00,1224.00,612,612,9.00,9.00,18.00,9,9,0.00,0.00,0,0
1508083353,s4,0.00,0.00,0.00,0,0,0.00,0.00,0.00,0,0,0.00,0.00,0,0
1508083353,total,151806.00,144290.00,296096.00,144290,151806,124.00,120.00,244.00,120,124,0.00,0.00,0,0
1508083354,s5,0.00,0.00,0.00,0,0,0.00,0.00,0.00,0,0,0.00,0.00,0,0
1508083354,eth0,0.00,0.00,0.00,0,0,0.00,0.00,0.00,0,0,0.00,0.00,0,0
1508083354,eth1,0.00,0.00,0.00,0,0,0.00,0.00,0.00,0,0,0.00,0.00,0,0
1508083354,s2,0.00,0.00,0.00,0,0,0.00,0.00,0.00,0,0,0.00,0.00,0,0
1508083354,s2-eth2,3036.00,121442.00,124478.00,121442,3036,46.00,41.00,87.00,41,46,0.00,0.00,0,0
1508083354,s2-eth1,111174.00,3036.00,114210.00,3036,111174,39.00,46.00,85.00,46,39,0.00,0.00,0,0
1508083354,lo,0.00,0.00,0.00,0,0,0.00,0.00,0.00,0,0,0.00,0.00,0,0
1508083354,s4,0.00,0.00,0.00,0,0,0.00,0.00,0.00,0,0,0.00,0.00,0,0
1508083354,total,114210.00,124478.00,238688.00,124478,114210,85.00,87.00,172.00,87,85,0.00,0.00,0,0
1508083355,s5,0.00,0.00,0.00,0,0,0.00,0.00,0.00,0,0,0.00,0.00,0,0
1508083355,eth0,0.00,0.00,0.00,0,0,0.00,0.00,0.00,0,0,0.00,0.00,0,0
1508083355,eth1,0.00,0.00,0.00,0,0,0.00,0.00,0.00,0,0,0.00,0.00,0,0
1508083355,s2,0.00,0.00,0.00,0,0,0.00,0.00,0.00,0,0,0.00,0.00,0,0
1508083355,s2-eth2,2799.20,112839.16,115638.37,112952,2802,40.96,43.96,84.92,44,41,0.00,0.00,0,0
1508083355,s2-eth1,118757.24,2799.20,121556.45,2802,118876,45.95,40.96,86.91,41,46,0.00,0.00,0,0
1508083355,lo,0.00,0.00,0.00,0,0,0.00,0.00,0.00,0,0,0.00,0.00,0,0
1508083355,s4,0.00,0.00,0.00,0,0,0.00,0.00,0.00,0,0,0.00,0.00,0,0
1508083355,total,121556.45,115638.37,237194.81,115754,121678,86.91,84.92,171.83,85,87,0.00,0.00,0,0
1508083356,s5,0.00,0.00,0.00,0,0,0.00,0.00,0.00,0,0,0.00,0.00,0,0
1508083356,eth0,0.00,0.00,0.00,0,0,0.00,0.00,0.00,0,0,0.00,0.00,0,0
1508083356,eth1,0.00,0.00,0.00,0,0,0.00,0.00,0.00,0,0,0.00,0.00,0,0
1508083356,s2,0.00,0.00,0.00,0,0,0.00,0.00,0.00,0,0,0.00,0.00,0,0
1508083356,s2-eth2,2466.00,89322.00,91788.00,89322,2466,35.00,37.00,72.00,37,35,0.00,0.00,0,0
1508083356,s2-eth1,83398.00,2466.00,85864.00,2466,83398,35.00,35.00,70.00,35,35,0.00,0.00,0,0
1508083356,lo,0.00,0.00,0.00,0,0,0.00,0.00,0.00,0,0,0.00,0.00,0,0
1508083356,s4,0.00,0.00,0.00,0,0,0.00,0.00,0.00,0,0,0.00,0.00,0,0
1508083356,total,85864.00,91788.00,177652.00,91788,85864,70.00,72.00,142.00,72,70,0.00,0.00,0,0
1508083357,s5,0.00,0.00,0.00,0,0,0.00,0.00,0.00,0,0,0.00,0.00,0,0
1508083357,eth0,0.00,0.00,0.00,0,0,0.00,0.00,0.00,0,0,0.00,0.00,0,0
1508083357,eth1,0.00,0.00,0.00,0,0,0.00,0.00,0.00,0,0,0.00,0.00,0,0
1508083357,s2,0.00,0.00,0.00,0,0,0.00,0.00,0.00,0,0,0.00,0.00,0,0
1508083357,s2-eth2,2112.00,97746.00,99858.00,97746,2112,32.00,33.00,65.00,33,32,0.00,0.00,0,0
1508083357,s2-eth1,91822.00,2112.00,93934.00,2112,91822,31.00,32.00,63.00,32,31,0.00,0.00,0,0
1508083357,lo,172.00,172.00,344.00,172,172,3.00,3.00,6.00,3,3,0.00,0.00,0,0
1508083357,s4,0.00,0.00,0.00,0,0,0.00,0.00,0.00,0,0,0.00,0.00,0,0
1508083357,total,94106.00,100030.00,194136.00,100030,94106,66.00,68.00,134.00,68,66,0.00,0.00,0,0
1508083358,s5,0.00,0.00,0.00,0,0,0.00,0.00,0.00,0,0,0.00,0.00,0,0
1508083358,eth0,0.00,0.00,0.00,0,0,0.00,0.00,0.00,0,0,0.00,0.00,0,0
1508083358,eth1,0.00,0.00,0.00,0,0,0.00,0.00,0.00,0,0,0.00,0.00,0,0
1508083358,s2,0.00,0.00,0.00,0,0,0.00,0.00,0.00,0,0,0.00,0.00,0,0
1508083358,s2-eth2,2232.00,87808.00,90040.00,87808,2232,32.00,36.00,68.00,36,32,0.00,0.00,0,0
1508083358,s2-eth1,92218.00,2232.00,94450.00,2232,92218,37.00,32.00,69.00,32,37,0.00,0.00,0,0
1508083358,lo,344.00,344.00,688.00,344,344,6.00,6.00,12.00,6,6,0.00,0.00,0,0
1508083358,s4,0.00,0.00,0.00,0,0,0.00,0.00,0.00,0,0,0.00,0.00,0,0
1508083358,total,94794.00,90384.00,185178.00,90384,94794,75.00,74.00,149.00,74,75,0.00,0.00,0,0
1508083359,s5,0.00,0.00,0.00,0,0,0.00,0.00,0.00,0,0,0.00,0.00,0,0
1508083359,eth0,0.00,0.00,0.00,0,0,0.00,0.00,0.00,0,0,0.00,0.00,0,0
1508083359,eth1,0.00,0.00,0.00,0,0,0.00,0.00,0.00,0,0,0.00,0.00,0,0
1508083359,s2,0.00,0.00,0.00,0,0,0.00,0.00,0.00,0,0,0.00,0.00,0,0
1508083359,s2-eth2,2681.00,112556.00,115237.00,112556,2681,40.00,38.00,78.00,38,40,0.00,0.00,0,0
1508083359,s2-eth1,100815.00,2574.00,103389.00,2574,100815,35.00,39.00,74.00,39,35,0.00,0.00,0,0
1508083359,lo,0.00,0.00,0.00,0,0,0.00,0.00,0.00,0,0,0.00,0.00,0,0
1508083359,s4,0.00,0.00,0.00,0,0,0.00,0.00,0.00,0,0,0.00,0.00,0,0
1508083359,total,103496.00,115130.00,218626.00,115130,103496,75.00,77.00,152.00,77,75,0.00,0.00,0,0
1508083360,s5,0.00,0.00,0.00,0,0,0.00,0.00,0.00,0,0,0.00,0.00,0,0
1508083360,eth0,0.00,0.00,0.00,0,0,0.00,0.00,0.00,0,0,0.00,0.00,0,0
1508083360,eth1,0.00,0.00,0.00,0,0,0.00,0.00,0.00,0,0,0.00,0.00,0,0
1508083360,s2,0.00,0.00,0.00,0,0,0.00,0.00,0.00,0,0,0.00,0.00,0,0
1508083360,s2-eth2,2388.00,106698.00,109086.00,106698,2388,36.00,37.00,73.00,37,36,0.00,0.00,0,0
1508083360,s2-eth1,115518.00,2388.00,117906.00,2388,115518,39.00,36.00,75.00,36,39,0.00,0.00,0,0
1508083360,lo,0.00,0.00,0.00,0,0,0.00,0.00,0.00,0,0,0.00,0.00,0,0
1508083360,s4,0.00,0.00,0.00,0,0,0.00,0.00,0.00,0,0,0.00,0.00,0,0
1508083360,total,117906.00,109086.00,226992.00,109086,117906,75.00,73.00,148.00,73,75,0.00,0.00,0,0
1508083361,s5,0.00,0.00,0.00,0,0,0.00,0.00,0.00,0,0,0.00,0.00,0,0
1508083361,eth0,0.00,0.00,0.00,0,0,0.00,0.00,0.00,0,0,0.00,0.00,0,0
1508083361,eth1,0.00,0.00,0.00,0,0,0.00,0.00,0.00,0,0,0.00,0.00,0,0
1508083361,s2,0.00,0.00,0.00,0,0,0.00,0.00,0.00,0,0,0.00,0.00,0,0
1508083361,s2-eth2,2778.00,103802.00,106580.00,103802,2778,37.00,37.00,74.00,37,37,0.00,0.00,0,0
1508083361,s2-eth1,92362.00,2436.00,94798.00,2436,92362,35.00,36.00,71.00,36,35,0.00,0.00,0,0
1508083361,lo,0.00,0.00,0.00,0,0,0.00,0.00,0.00,0,0,0.00,0.00,0,0
1508083361,s4,0.00,0.00,0.00,0,0,0.00,0.00,0.00,0,0,0.00,0.00,0,0
1508083361,total,95140.00,106238.00,201378.00,106238,95140,72.00,73.00,145.00,73,72,0.00,0.00,0,0
1508083362,s5,0.00,0.00,0.00,0,0,0.00,0.00,0.00,0,0,0.00,0.00,0,0
1508083362,eth0,0.00,0.00,0.00,0,0,0.00,0.00,0.00,0,0,0.00,0.00,0,0
1508083362,eth1,0.00,0.00,0.00,0,0,0.00,0.00,0.00,0,0,0.00,0.00,0,0
1508083362,s2,0.00,0.00,0.00,0,0,0.00,0.00,0.00,0,0,0.00,0.00,0,0
1508083362,s2-eth2,2262.00,89058.00,91320.00,89058,2262,33.00,33.00,66.00,33,33,0.00,0.00,0,0
1508083362,s2-eth1,97944.00,2328.00,100272.00,2328,97944,36.00,34.00,70.00,34,36,0.00,0.00,0,0
1508083362,lo,172.00,172.00,344.00,172,172,3.00,3.00,6.00,3,3,0.00,0.00,0,0
1508083362,s4,0.00,0.00,0.00,0,0,0.00,0.00,0.00,0,0,0.00,0.00,0,0
1508083362,total,100378.00,91558.00,191936.00,91558,100378,72.00,70.00,142.00,70,72,0.00,0.00,0,0
1508083363,s5,0.00,0.00,0.00,0,0,0.00,0.00,0.00,0,0,0.00,0.00,0,0
1508083363,eth0,0.00,0.00,0.00,0,0,0.00,0.00,0.00,0,0,0.00,0.00,0,0
1508083363,eth1,0.00,0.00,0.00,0,0,0.00,0.00,0.00,0,0,0.00,0.00,0,0
1508083363,s2,0.00,0.00,0.00,0,0,0.00,0.00,0.00,0,0,0.00,0.00,0,0
1508083363,s2-eth2,2376.00,118480.00,120856.00,118480,2376,36.00,40.00,76.00,40,36,0.00,0.00,0,0
1508083363,s2-eth1,106632.00,2310.00,108942.00,2310,106632,36.00,35.00,71.00,35,36,0.00,0.00,0,0
1508083363,lo,344.00,344.00,688.00,344,344,6.00,6.00,12.00,6,6,0.00,0.00,0,0
1508083363,s4,0.00,0.00,0.00,0,0,0.00,0.00,0.00,0,0,0.00,0.00,0,0
1508083363,total,109352.00,121134.00,230486.00,121134,109352,78.00,81.00,159.00,81,78,0.00,0.00,0,0
1508083364,s5,0.00,0.00,0.00,0,0,0.00,0.00,0.00,0,0,0.00,0.00,0,0
1508083364,eth0,0.00,0.00,0.00,0,0,0.00,0.00,0.00,0,0,0.00,0.00,0,0
1508083364,eth1,0.00,0.00,0.00,0,0,0.00,0.00,0.00,0,0,0.00,0.00,0,0
1508083364,s2,0.00,0.00,0.00,0,0,0.00,0.00,0.00,0,0,0.00,0.00,0,0
1508083364,s2-eth2,2373.63,106525.48,108899.10,106632,2376,35.96,35.96,71.93,36,36,0.00,0.00,0,0
1508083364,s2-eth1,118361.64,2373.63,120735.27,2376,118480,39.96,35.96,75.92,36,40,0.00,0.00,0,0
1508083364,lo,0.00,0.00,0.00,0,0,0.00,0.00,0.00,0,0,0.00,0.00,0,0
1508083364,s4,0.00,0.00,0.00,0,0,0.00,0.00,0.00,0,0,0.00,0.00,0,0
1508083364,total,120735.27,108899.10,229634.38,109008,120856,75.92,71.93,147.85,72,76,0.00,0.00,0,0
1508083365,s5,0.00,0.00,0.00,0,0,0.00,0.00,0.00,0,0,0.00,0.00,0,0
1508083365,eth0,0.00,0.00,0.00,0,0,0.00,0.00,0.00,0,0,0.00,0.00,0,0
1508083365,eth1,0.00,0.00,0.00,0,0,0.00,0.00,0.00,0,0,0.00,0.00,0,0
1508083365,s2,0.00,0.00,0.00,0,0,0.00,0.00,0.00,0,0,0.00,0.00,0,0
1508083365,s2-eth2,1896.00,58188.00,60084.00,58188,1896,26.00,26.00,52.00,26,26,0.00,0.00,0,0
1508083365,s2-eth1,47722.00,1896.00,49618.00,1896,47722,21.00,26.00,47.00,26,21,0.00,0.00,0,0
1508083365,lo,0.00,0.00,0.00,0,0,0.00,0.00,0.00,0,0,0.00,0.00,0,0
1508083365,s4,0.00,0.00,0.00,0,0,0.00,0.00,0.00,0,0,0.00,0.00,0,0
1508083365,total,49618.00,60084.00,109702.00,60084,49618,47.00,52.00,99.00,52,47,0.00,0.00,0,0
1508083366,s5,0.00,0.00,0.00,0,0,0.00,0.00,0.00,0,0,0.00,0.00,0,0
1508083366,eth0,0.00,0.00,0.00,0,0,0.00,0.00,0.00,0,0,0.00,0.00,0,0
1508083366,eth1,0.00,0.00,0.00,0,0,0.00,0.00,0.00,0,0,0.00,0.00,0,0
1508083366,s2,0.00,0.00,0.00,0,0,0.00,0.00,0.00,0,0,0.00,0.00,0,0
1508083366,s2-eth2,1170.00,44628.00,45798.00,44628,1170,17.00,18.00,35.00,18,17,0.00,0.00,0,0
1508083366,s2-eth1,47656.00,1170.00,48826.00,1170,47656,20.00,17.00,37.00,17,20,0.00,0.00,0,0
1508083366,lo,0.00,0.00,0.00,0,0,0.00,0.00,0.00,0,0,0.00,0.00,0,0
1508083366,s4,0.00,0.00,0.00,0,0,0.00,0.00,0.00,0,0,0.00,0.00,0,0
1508083366,total,48826.00,45798.00,94624.00,45798,48826,37.00,35.00,72.00,35,37,0.00,0.00,0,0
1508083367,s5,0.00,0.00,0.00,0,0,0.00,0.00,0.00,0,0,0.00,0.00,0,0
1508083367,eth0,0.00,0.00,0.00,0,0,0.00,0.00,0.00,0,0,0.00,0.00,0,0
1508083367,eth1,0.00,0.00,0.00,0,0,0.00,0.00,0.00,0,0,0.00,0.00,0,0
1508083367,s2,0.00,0.00,0.00,0,0,0.00,0.00,0.00,0,0,0.00,0.00,0,0
1508083367,s2-eth2,1330.67,57734.27,59064.94,57792,1332,19.98,19.98,39.96,20,20,0.00,0.00,0,0
1508083367,s2-eth1,50303.70,1330.67,51634.37,1332,50354,16.98,19.98,36.96,20,17,0.00,0.00,0,0
1508083367,lo,171.83,171.83,343.66,172,172,3.00,3.00,5.99,3,3,0.00,0.00,0,0
1508083367,s4,0.00,0.00,0.00,0,0,0.00,0.00,0.00,0,0,0.00,0.00,0,0
1508083367,total,51806.20,59236.77,111042.96,59296,51858,39.96,42.96,82.92,43,40,0.00,0.00,0,0
1508083368,s5,0.00,0.00,0.00,0,0,0.00,0.00,0.00,0,0,0.00,0.00,0,0
1508083368,eth0,0.00,0.00,0.00,0,0,0.00,0.00,0.00,0,0,0.00,0.00,0,0
1508083368,eth1,0.00,0.00,0.00,0,0,0.00,0.00,0.00,0,0,0.00,0.00,0,0
1508083368,s2,0.00,0.00,0.00,0,0,0.00,0.00,0.00,0,0,0.00,0.00,0,0
1508083368,s2-eth2,1146.00,48972.00,50118.00,48972,1146,17.00,18.00,35.00,18,17,0.00,0.00,0,0
1508083368,s2-eth1,53448.00,1146.00,54594.00,1146,53448,20.00,17.00,37.00,17,20,0.00,0.00,0,0
1508083368,lo,344.00,344.00,688.00,344,344,6.00,6.00,12.00,6,6,0.00,0.00,0,0
1508083368,s4,0.00,0.00,0.00,0,0,0.00,0.00,0.00,0,0,0.00,0.00,0,0
1508083368,total,54938.00,50462.00,105400.00,50462,54938,43.00,41.00,84.00,41,43,0.00,0.00,0,0
1508083369,s5,0.00,0.00,0.00,0,0,0.00,0.00,0.00,0,0,0.00,0.00,0,0
1508083369,eth0,0.00,0.00,0.00,0,0,0.00,0.00,0.00,0,0,0.00,0.00,0,0
1508083369,eth1,0.00,0.00,0.00,0,0,0.00,0.00,0.00,0,0,0.00,0.00,0,0
1508083369,s2,0.00,0.00,0.00,0,0,0.00,0.00,0.00,0,0,0.00,0.00,0,0
1508083369,s2-eth2,1386.00,62202.00,63588.00,62202,1386,21.00,21.00,42.00,21,21,0.00,0.00,0,0
1508083369,s2-eth1,53658.00,1386.00,55044.00,1386,53658,19.00,21.00,40.00,21,19,0.00,0.00,0,0
1508083369,lo,0.00,0.00,0.00,0,0,0.00,0.00,0.00,0,0,0.00,0.00,0,0
1508083369,s4,0.00,0.00,0.00,0,0,0.00,0.00,0.00,0,0,0.00,0.00,0,0
1508083369,total,55044.00,63588.00,118632.00,63588,55044,40.00,42.00,82.00,42,40,0.00,0.00,0,0
1508083370,s5,0.00,0.00,0.00,0,0,0.00,0.00,0.00,0,0,0.00,0.00,0,0
1508083370,eth0,0.00,0.00,0.00,0,0,0.00,0.00,0.00,0,0,0.00,0.00,0,0
1508083370,eth1,0.00,0.00,0.00,0,0,0.00,0.00,0.00,0,0,0.00,0.00,0,0
1508083370,s2,0.00,0.00,0.00,0,0,0.00,0.00,0.00,0,0,0.00,0.00,0,0
1508083370,s2-eth2,1450.55,68057.95,69508.49,68126,1452,21.98,22.98,44.96,23,22,0.00,0.00,0,0
1508083370,s2-eth1,76935.07,1450.55,78385.62,1452,77012,25.97,21.98,47.95,22,26,0.00,0.00,0,0
1508083370,lo,0.00,0.00,0.00,0,0,0.00,0.00,0.00,0,0,0.00,0.00,0,0
1508083370,s4,0.00,0.00,0.00,0,0,0.00,0.00,0.00,0,0,0.00,0.00,0,0
1508083370,total,78385.62,69508.49,147894.11,69578,78464,47.95,44.96,92.91,45,48,0.00,0.00,0,0
1508083371,s5,0.00,0.00,0.00,0,0,0.00,0.00,0.00,0,0,0.00,0.00,0,0
1508083371,eth0,0.00,0.00,0.00,0,0,0.00,0.00,0.00,0,0,0.00,0.00,0,0
1508083371,eth1,0.00,0.00,0.00,0,0,0.00,0.00,0.00,0,0,0.00,0.00,0,0
1508083371,s2,0.00,0.00,0.00,0,0,0.00,0.00,0.00,0,0,0.00,0.00,0,0
1508083371,s2-eth2,2037.96,83116.88,85154.84,83200,2040,29.97,31.97,61.94,32,30,0.00,0.00,0,0
1508083371,s2-eth1,68321.68,2037.96,70359.64,2040,68390,26.97,29.97,56.94,30,27,0.00,0.00,0,0
1508083371,lo,0.00,0.00,0.00,0,0,0.00,0.00,0.00,0,0,0.00,0.00,0,0
1508083371,s4,0.00,0.00,0.00,0,0,0.00,0.00,0.00,0,0,0.00,0.00,0,0
1508083371,total,70359.64,85154.84,155514.48,85240,70430,56.94,61.94,118.88,62,57,0.00,0.00,0,0
1508083372,s5,0.00,0.00,0.00,0,0,0.00,0.00,0.00,0,0,0.00,0.00,0,0
1508083372,eth0,0.00,0.00,0.00,0,0,0.00,0.00,0.00,0,0,0.00,0.00,0,0
1508083372,eth1,0.00,0.00,0.00,0,0,0.00,0.00,0.00,0,0,0.00,0.00,0,0
1508083372,s2,0.00,0.00,0.00,0,0,0.00,0.00,0.00,0,0,0.00,0.00,0,0
1508083372,s2-eth2,1892.22,77121.76,79013.98,77276,1896,27.94,29.94,57.88,30,28,0.00,0.00,0,0
1508083372,s2-eth1,83033.94,1892.22,84926.15,1896,83200,31.94,27.94,59.88,28,32,0.00,0.00,0,0
1508083372,lo,171.66,171.66,343.31,172,172,2.99,2.99,5.99,3,3,0.00,0.00,0,0
1508083372,s4,0.00,0.00,0.00,0,0,0.00,0.00,0.00,0,0,0.00,0.00,0,0
1508083372,total,85097.80,79185.63,164283.44,79344,85268,62.87,60.88,123.75,61,63,0.00,0.00,0,0
1508083373,s5,0.00,0.00,0.00,0,0,0.00,0.00,0.00,0,0,0.00,0.00,0,0
1508083373,eth0,0.00,0.00,0.00,0,0,0.00,0.00,0.00,0,0,0.00,0.00,0,0
1508083373,eth1,0.00,0.00,0.00,0,0,0.00,0.00,0.00,0,0,0.00,0.00,0,0
1508083373,s2,0.00,0.00,0.00,0,0,0.00,0.00,0.00,0,0,0.00,0.00,0,0
1508083373,s2-eth2,2103.90,86075.93,88179.82,86162,2106,30.97,32.97,63.94,33,31,0.00,0.00,0,0
1508083373,s2-eth1,77198.80,2103.90,79302.70,2106,77276,29.97,30.97,60.94,31,30,0.00,0.00,0,0
1508083373,lo,343.66,343.66,687.31,344,344,5.99,5.99,11.99,6,6,0.00,0.00,0,0
1508083373,s4,0.00,0.00,0.00,0,0,0.00,0.00,0.00,0,0,0.00,0.00,0,0
1508083373,total,79646.36,88523.48,168169.83,88612,79726,66.93,69.93,136.86,70,67,0.00,0.00,0,0
1508083374,s5,0.00,0.00,0.00,0,0,0.00,0.00,0.00,0,0,0.00,0.00,0,0
1508083374,eth0,0.00,0.00,0.00,0,0,0.00,0.00,0.00,0,0,0.00,0.00,0,0
1508083374,eth1,0.00,0.00,0.00,0,0,0.00,0.00,0.00,0,0,0.00,0.00,0,0
1508083374,s2,0.00,0.00,0.00,0,0,0.00,0.00,0.00,0,0,0.00,0.00,0,0
1508083374,s2-eth2,1782.00,91822.00,93604.00,91822,1782,27.00,31.00,58.00,31,27,0.00,0.00,0,0
1508083374,s2-eth1,91822.00,1782.00,93604.00,1782,91822,31.00,27.00,58.00,27,31,0.00,0.00,0,0
1508083374,lo,0.00,0.00,0.00,0,0,0.00,0.00,0.00,0,0,0.00,0.00,0,0
1508083374,s4,0.00,0.00,0.00,0,0,0.00,0.00,0.00,0,0,0.00,0.00,0,0
1508083374,total,93604.00,93604.00,187208.00,93604,93604,58.00,58.00,116.00,58,58,0.00,0.00,0,0
1508083375,s5,0.00,0.00,0.00,0,0,0.00,0.00,0.00,0,0,0.00,0.00,0,0
1508083375,eth0,0.00,0.00,0.00,0,0,0.00,0.00,0.00,0,0,0.00,0.00,0,0
1508083375,eth1,0.00,0.00,0.00,0,0,0.00,0.00,0.00,0,0,0.00,0.00,0,0
1508083375,s2,0.00,0.00,0.00,0,0,0.00,0.00,0.00,0,0,0.00,0.00,0,0
1508083375,s2-eth2,2687.00,86162.00,88849.00,86162,2687,35.00,33.00,68.00,33,35,0.00,0.00,0,0
1508083375,s2-eth1,83307.00,2238.00,85545.00,2238,83307,33.00,33.00,66.00,33,33,0.00,0.00,0,0
1508083375,lo,0.00,0.00,0.00,0,0,0.00,0.00,0.00,0,0,0.00,0.00,0,0
1508083375,s4,0.00,0.00,0.00,0,0,0.00,0.00,0.00,0,0,0.00,0.00,0,0
1508083375,total,85994.00,88400.00,174394.00,88400,85994,68.00,66.00,134.00,66,68,0.00,0.00,0,0
1508083376,s5,0.00,0.00,0.00,0,0,0.00,0.00,0.00,0,0,0.00,0.00,0,0
1508083376,eth0,0.00,0.00,0.00,0,0,0.00,0.00,0.00,0,0,0.00,0.00,0,0
1508083376,eth1,0.00,0.00,0.00,0,0,0.00,0.00,0.00,0,0,0.00,0.00,0,0
1508083376,s2,0.00,0.00,0.00,0,0,0.00,0.00,0.00,0,0,0.00,0.00,0,0
1508083376,s2-eth2,1974.00,83200.00,85174.00,83200,1974,29.00,32.00,61.00,32,29,0.00,0.00,0,0
1508083376,s2-eth1,80238.00,1974.00,82212.00,1974,80238,31.00,29.00,60.00,29,31,0.00,0.00,0,0
1508083376,lo,0.00,0.00,0.00,0,0,0.00,0.00,0.00,0,0,0.00,0.00,0,0
1508083376,s4,0.00,0.00,0.00,0,0,0.00,0.00,0.00,0,0,0.00,0.00,0,0
1508083376,total,82212.00,85174.00,167386.00,85174,82212,60.00,61.00,121.00,61,60,0.00,0.00,0,0
1508083377,s5,0.00,0.00,0.00,0,0,0.00,0.00,0.00,0,0,0.00,0.00,0,0
1508083377,eth0,0.00,0.00,0.00,0,0,0.00,0.00,0.00,0,0,0.00,0.00,0,0
1508083377,eth1,0.00,0.00,0.00,0,0,0.00,0.00,0.00,0,0,0.00,0.00,0,0
1508083377,s2,0.00,0.00,0.00,0,0,0.00,0.00,0.00,0,0,0.00,0.00,0,0
1508083377,s2-eth2,2049.95,77264.73,79314.69,77342,2052,29.97,30.97,60.94,31,30,0.00,0.00,0,0
1508083377,s2-eth1,77264.73,2049.95,79314.69,2052,77342,30.97,29.97,60.94,30,31,0.00,0.00,0,0
1508083377,lo,171.83,171.83,343.66,172,172,3.00,3.00,5.99,3,3,0.00,0.00,0,0
1508083377,s4,0.00,0.00,0.00,0,0,0.00,0.00,0.00,0,0,0.00,0.00,0,0
1508083377,total,79486.52,79486.52,158973.03,79566,79566,63.94,63.94,127.87,64,64,0.00,0.00,0,0
1508083378,s5,0.00,0.00,0.00,0,0,0.00,0.00,0.00,0,0,0.00,0.00,0,0
1508083378,eth0,0.00,0.00,0.00,0,0,0.00,0.00,0.00,0,0,0.00,0.00,0,0
1508083378,eth1,0.00,0.00,0.00,0,0,0.00,0.00,0.00,0,0,0.00,0.00,0,0
1508083378,s2,0.00,0.00,0.00,0,0,0.00,0.00,0.00,0,0,0.00,0.00,0,0
1508083378,s2-eth2,2109.89,100607.40,102717.29,100708,2112,31.97,33.97,65.93,34,32,0.00,0.00,0,0
1508083378,s2-eth1,91730.27,2109.89,93840.16,2112,91822,30.97,31.97,62.94,32,31,0.00,0.00,0,0
1508083378,lo,343.66,343.66,687.31,344,344,5.99,5.99,11.99,6,6,0.00,0.00,0,0
1508083378,s4,0.00,0.00,0.00,0,0,0.00,0.00,0.00,0,0,0.00,0.00,0,0
1508083378,total,94183.82,103060.95,197244.77,103164,94278,68.93,71.93,140.86,72,69,0.00,0.00,0,0
1508083379,s5,0.00,0.00,0.00,0,0,0.00,0.00,0.00,0,0,0.00,0.00,0,0
1508083379,eth0,0.00,0.00,0.00,0,0,0.00,0.00,0.00,0,0,0.00,0.00,0,0
1508083379,eth1,0.00,0.00,0.00,0,0,0.00,0.00,0.00,0,0,0.00,0.00,0,0
1508083379,s2,0.00,0.00,0.00,0,0,0.00,0.00,0.00,0,0,0.00,0.00,0,0
1508083379,s2-eth2,1914.00,88860.00,90774.00,88860,1914,29.00,30.00,59.00,30,29,0.00,0.00,0,0
1508083379,s2-eth1,97746.00,1914.00,99660.00,1914,97746,33.00,29.00,62.00,29,33,0.00,0.00,0,0
1508083379,lo,0.00,0.00,0.00,0,0,0.00,0.00,0.00,0,0,0.00,0.00,0,0
1508083379,s4,0.00,0.00,0.00,0,0,0.00,0.00,0.00,0,0,0.00,0.00,0,0
1508083379,total,99660.00,90774.00,190434.00,90774,99660,62.00,59.00,121.00,59,62,0.00,0.00,0,0
1508083380,s5,0.00,0.00,0.00,0,0,0.00,0.00,0.00,0,0,0.00,0.00,0,0
1508083380,eth0,0.00,0.00,0.00,0,0,0.00,0.00,0.00,0,0,0.00,0.00,0,0
1508083380,eth1,0.00,0.00,0.00,0,0,0.00,0.00,0.00,0,0,0.00,0.00,0,0
1508083380,s2,0.00,0.00,0.00,0,0,0.00,0.00,0.00,0,0,0.00,0.00,0,0
1508083380,s2-eth2,2394.00,97944.00,100338.00,97944,2394,35.00,36.00,71.00,36,35,0.00,0.00,0,0
1508083380,s2-eth1,86096.00,2394.00,88490.00,2394,86096,32.00,35.00,67.00,35,32,0.00,0.00,0,0
1508083380,lo,0.00,0.00,0.00,0,0,0.00,0.00,0.00,0,0,0.00,0.00,0,0
1508083380,s4,0.00,0.00,0.00,0,0,0.00,0.00,0.00,0,0,0.00,0.00,0,0
1508083380,total,88490.00,100338.00,188828.00,100338,88490,67.00,71.00,138.00,71,67,0.00,0.00,0,0
1508083381,s5,0.00,0.00,0.00,0,0,0.00,0.00,0.00,0,0,0.00,0.00,0,0
1508083381,eth0,0.00,0.00,0.00,0,0,0.00,0.00,0.00,0,0,0.00,0.00,0,0
1508083381,eth1,0.00,0.00,0.00,0,0,0.00,0.00,0.00,0,0,0.00,0.00,0,0
1508083381,s2,0.00,0.00,0.00,0,0,0.00,0.00,0.00,0,0,0.00,0.00,0,0
1508083381,s2-eth2,2310.00,112556.00,114866.00,112556,2310,35.00,38.00,73.00,38,35,0.00,0.00,0,0
1508083381,s2-eth1,115518.00,2310.00,117828.00,2310,115518,39.00,35.00,74.00,35,39,0.00,0.00,0,0
1508083381,lo,0.00,0.00,0.00,0,0,0.00,0.00,0.00,0,0,0.00,0.00,0,0
1508083381,s4,0.00,0.00,0.00,0,0,0.00,0.00,0.00,0,0,0.00,0.00,0,0
1508083381,total,117828.00,114866.00,232694.00,114866,117828,74.00,73.00,147.00,73,74,0.00,0.00,0,0
1508083382,s5,0.00,0.00,0.00,0,0,0.00,0.00,0.00,0,0,0.00,0.00,0,0
1508083382,eth0,0.00,0.00,0.00,0,0,0.00,0.00,0.00,0,0,0.00,0.00,0,0
1508083382,eth1,0.00,0.00,0.00,0,0,0.00,0.00,0.00,0,0,0.00,0.00,0,0
1508083382,s2,0.00,0.00,0.00,0,0,0.00,0.00,0.00,0,0,0.00,0.00,0,0
1508083382,s2-eth2,2262.00,92020.00,94282.00,92020,2262,33.00,34.00,67.00,34,33,0.00,0.00,0,0
1508083382,s2-eth1,92020.00,2262.00,94282.00,2262,92020,34.00,33.00,67.00,33,34,0.00,0.00,0,0
1508083382,lo,172.00,172.00,344.00,172,172,3.00,3.00,6.00,3,3,0.00,0.00,0,0
1508083382,s4,0.00,0.00,0.00,0,0,0.00,0.00,0.00,0,0,0.00,0.00,0,0
1508083382,total,94454.00,94454.00,188908.00,94454,94454,70.00,70.00,140.00,70,70,0.00,0.00,0,0
1508083383,s5,0.00,0.00,0.00,0,0,0.00,0.00,0.00,0,0,0.00,0.00,0,0
1508083383,eth0,0.00,0.00,0.00,0,0,0.00,0.00,0.00,0,0,0.00,0.00,0,0
1508083383,eth1,0.00,0.00,0.00,0,0,0.00,0.00,0.00,0,0,0.00,0.00,0,0
1508083383,s2,0.00,0.00,0.00,0,0,0.00,0.00,0.00,0,0,0.00,0.00,0,0
1508083383,s2-eth2,2616.00,118522.00,121138.00,118522,2616,40.00,41.00,81.00,41,40,0.00,0.00,0,0
1508083383,s2-eth1,115560.00,2616.00,118176.00,2616,115560,40.00,40.00,80.00,40,40,0.00,0.00,0,0
1508083383,lo,640.00,640.00,1280.00,640,640,9.00,9.00,18.00,9,9,0.00,0.00,0,0
1508083383,s4,0.00,0.00,0.00,0,0,0.00,0.00,0.00,0,0,0.00,0.00,0,0
1508083383,total,118816.00,121778.00,240594.00,121778,118816,89.00,90.00,179.00,90,89,0.00,0.00,0,0
1508083384,s5,0.00,0.00,0.00,0,0,0.00,0.00,0.00,0,0,0.00,0.00,0,0
1508083384,eth0,0.00,0.00,0.00,0,0,0.00,0.00,0.00,0,0,0.00,0.00,0,0
1508083384,eth1,0.00,0.00,0.00,0,0,0.00,0.00,0.00,0,0,0.00,0.00,0,0
1508083384,s2,0.00,0.00,0.00,0,0,0.00,0.00,0.00,0,0,0.00,0.00,0,0
1508083384,s2-eth2,2526.00,100906.00,103432.00,100906,2526,37.00,37.00,74.00,37,37,0.00,0.00,0,0
1508083384,s2-eth1,103802.00,2526.00,106328.00,2526,103802,37.00,37.00,74.00,37,37,0.00,0.00,0,0
1508083384,lo,0.00,0.00,0.00,0,0,0.00,0.00,0.00,0,0,0.00,0.00,0,0
1508083384,s4,0.00,0.00,0.00,0,0,0.00,0.00,0.00,0,0,0.00,0.00,0,0
1508083384,total,106328.00,103432.00,209760.00,103432,106328,74.00,74.00,148.00,74,74,0.00,0.00,0,0
1508083385,s5,0.00,0.00,0.00,0,0,0.00,0.00,0.00,0,0,0.00,0.00,0,0
1508083385,eth0,0.00,0.00,0.00,0,0,0.00,0.00,0.00,0,0,0.00,0.00,0,0
1508083385,eth1,0.00,0.00,0.00,0,0,0.00,0.00,0.00,0,0,0.00,0.00,0,0
1508083385,s2,0.00,0.00,0.00,0,0,0.00,0.00,0.00,0,0,0.00,0.00,0,0
1508083385,s2-eth2,2259.74,97846.16,100105.90,97944,2262,32.97,35.96,68.93,36,33,0.00,0.00,0,0
1508083385,s2-eth1,88969.03,2259.74,91228.77,2262,89058,32.97,32.97,65.93,33,33,0.00,0.00,0,0
1508083385,lo,0.00,0.00,0.00,0,0,0.00,0.00,0.00,0,0,0.00,0.00,0,0
1508083385,s4,0.00,0.00,0.00,0,0,0.00,0.00,0.00,0,0,0.00,0.00,0,0
1508083385,total,91228.77,100105.90,191334.67,100206,91320,65.93,68.93,134.87,69,66,0.00,0.00,0,0
1508083386,s5,0.00,0.00,0.00,0,0,0.00,0.00,0.00,0,0,0.00,0.00,0,0
1508083386,eth0,0.00,0.00,0.00,0,0,0.00,0.00,0.00,0,0,0.00,0.00,0,0
1508083386,eth1,0.00,0.00,0.00,0,0,0.00,0.00,0.00,0,0,0.00,0.00,0,0
1508083386,s2,0.00,0.00,0.00,0,0,0.00,0.00,0.00,0,0,0.00,0.00,0,0
1508083386,s2-eth2,1432.57,56353.65,57786.21,56410,1434,20.98,20.98,41.96,21,21,0.00,0.00,0,0
1508083386,s2-eth1,62337.66,1432.57,63770.23,1434,62400,23.98,20.98,44.96,21,24,0.00,0.00,0,0
1508083386,lo,0.00,0.00,0.00,0,0,0.00,0.00,0.00,0,0,0.00,0.00,0,0
1508083386,s4,0.00,0.00,0.00,0,0,0.00,0.00,0.00,0,0,0.00,0.00,0,0
1508083386,total,63770.23,57786.21,121556.45,57844,63834,44.96,41.96,86.91,42,45,0.00,0.00,0,0
1508083387,s5,0.00,0.00,0.00,0,0,0.00,0.00,0.00,0,0,0.00,0.00,0,0
1508083387,eth0,0.00,0.00,0.00,0,0,0.00,0.00,0.00,0,0,0.00,0.00,0,0
1508083387,eth1,0.00,0.00,0.00,0,0,0.00,0.00,0.00,0,0,0.00,0.00,0,0
1508083387,s2,0.00,0.00,0.00,0,0,0.00,0.00,0.00,0,0,0.00,0.00,0,0
1508083387,s2-eth2,1716.00,79974.00,81690.00,79974,1716,26.00,27.00,53.00,27,26,0.00,0.00,0,0
1508083387,s2-eth1,68126.00,1716.00,69842.00,1716,68126,23.00,26.00,49.00,26,23,0.00,0.00,0,0
1508083387,lo,172.00,172.00,344.00,172,172,3.00,3.00,6.00,3,3,0.00,0.00,0,0
1508083387,s4,0.00,0.00,0.00,0,0,0.00,0.00,0.00,0,0,0.00,0.00,0,0
1508083387,total,70014.00,81862.00,151876.00,81862,70014,52.00,56.00,108.00,56,52,0.00,0.00,0,0
1508083388,s5,0.00,0.00,0.00,0,0,0.00,0.00,0.00,0,0,0.00,0.00,0,0
1508083388,eth0,0.00,0.00,0.00,0,0,0.00,0.00,0.00,0,0,0.00,0.00,0,0
1508083388,eth1,0.00,0.00,0.00,0,0,0.00,0.00,0.00,0,0,0.00,0.00,0,0
1508083388,s2,0.00,0.00,0.00,0,0,0.00,0.00,0.00,0,0,0.00,0.00,0,0
1508083388,s2-eth2,1914.00,91822.00,93736.00,91822,1914,29.00,31.00,60.00,31,29,0.00,0.00,0,0
1508083388,s2-eth1,103670.00,1914.00,105584.00,1914,103670,35.00,29.00,64.00,29,35,0.00,0.00,0,0
1508083388,lo,344.00,344.00,688.00,344,344,6.00,6.00,12.00,6,6,0.00,0.00,0,0
1508083388,s4,0.00,0.00,0.00,0,0,0.00,0.00,0.00,0,0,0.00,0.00,0,0
1508083388,total,105928.00,94080.00,200008.00,94080,105928,70.00,66.00,136.00,66,70,0.00,0.00,0,0
1508083389,s5,0.00,0.00,0.00,0,0,0.00,0.00,0.00,0,0,0.00,0.00,0,0
1508083389,eth0,0.00,0.00,0.00,0,0,0.00,0.00,0.00,0,0,0.00,0.00,0,0
1508083389,eth1,0.00,0.00,0.00,0,0,0.00,0.00,0.00,0,0,0.00,0.00,0,0
1508083389,s2,0.00,0.00,0.00,0,0,0.00,0.00,0.00,0,0,0.00,0.00,0,0
1508083389,s2-eth2,3404.60,136577.42,139982.02,136714,3408,49.95,52.95,102.90,53,50,0.00,0.00,0,0
1508083389,s2-eth1,115864.14,3404.60,119268.73,3408,115980,45.95,49.95,95.90,50,46,0.00,0.00,0,0
1508083389,lo,0.00,0.00,0.00,0,0,0.00,0.00,0.00,0,0,0.00,0.00,0,0
1508083389,s4,0.00,0.00,0.00,0,0,0.00,0.00,0.00,0,0,0.00,0.00,0,0
1508083389,total,119268.73,139982.02,259250.75,140122,119388,95.90,102.90,198.80,103,96,0.00,0.00,0,0
1508083390,s5,0.00,0.00,0.00,0,0,0.00,0.00,0.00,0,0,0.00,0.00,0,0
1508083390,eth0,0.00,0.00,0.00,0,0,0.00,0.00,0.00,0,0,0.00,0.00,0,0
1508083390,eth1,0.00,0.00,0.00,0,0,0.00,0.00,0.00,0,0,0.00,0.00,0,0
1508083390,s2,0.00,0.00,0.00,0,0,0.00,0.00,0.00,0,0,0.00,0.00,0,0
1508083390,s2-eth2,3276.00,130790.00,134066.00,130790,3276,48.00,51.00,99.00,51,48,0.00,0.00,0,0
1508083390,s2-eth1,136714.00,3276.00,139990.00,3276,136714,53.00,48.00,101.00,48,53,0.00,0.00,0,0
1508083390,lo,0.00,0.00,0.00,0,0,0.00,0.00,0.00,0,0,0.00,0.00,0,0
1508083390,s4,0.00,0.00,0.00,0,0,0.00,0.00,0.00,0,0,0.00,0.00,0,0
1508083390,total,139990.00,134066.00,274056.00,134066,139990,101.00,99.00,200.00,99,101,0.00,0.00,0,0
1508083391,s5,0.00,0.00,0.00,0,0,0.00,0.00,0.00,0,0,0.00,0.00,0,0
1508083391,eth0,303.70,489.51,793.21,490,304,4.00,4.00,7.99,4,4,0.00,0.00,0,0
1508083391,eth1,0.00,0.00,0.00,0,0,0.00,0.00,0.00,0,0,0.00,0.00,0,0
1508083391,s2,0.00,0.00,0.00,0,0,0.00,0.00,0.00,0,0,0.00,0.00,0,0
1508083391,s2-eth2,3570.43,115600.41,119170.84,115716,3574,46.95,41.96,88.91,42,47,0.00,0.00,0,0
1508083391,s2-eth1,116129.88,2931.07,119060.95,2934,116246,44.96,42.96,87.91,43,45,0.00,0.00,0,0
1508083391,lo,681.32,681.32,1362.64,682,682,7.99,7.99,15.98,8,8,0.00,0.00,0,0
1508083391,s4,0.00,0.00,0.00,0,0,0.00,0.00,0.00,0,0,0.00,0.00,0,0
1508083391,total,120685.32,119702.30,240387.62,119822,120806,103.90,96.90,200.80,97,104,0.00,0.00,0,0
1508083392,s5,0.00,0.00,0.00,0,0,0.00,0.00,0.00,0,0,0.00,0.00,0,0
1508083392,eth0,455.54,734.27,1189.81,735,456,5.99,5.99,11.99,6,6,0.00,0.00,0,0
1508083392,eth1,0.00,0.00,0.00,0,0,0.00,0.00,0.00,0,0,0.00,0.00,0,0
1508083392,s2,0.00,0.00,0.00,0,0,0.00,0.00,0.00,0,0,0.00,0.00,0,0
1508083392,s2-eth2,3549.45,118361.64,121911.09,118480,3553,45.95,39.96,85.91,40,46,0.00,0.00,0,0
1508083392,s2-eth1,110572.43,2637.36,113209.80,2640,110683,44.96,39.96,84.92,40,45,0.00,0.00,0,0
1508083392,lo,1193.81,1193.81,2387.61,1195,1195,14.99,14.99,29.97,15,15,0.00,0.00,0,0
1508083392,s4,0.00,0.00,0.00,0,0,0.00,0.00,0.00,0,0,0.00,0.00,0,0
1508083392,total,115771.23,122927.08,238698.31,123050,115887,111.89,100.90,212.79,101,112,0.00,0.00,0,0
1508083393,s5,0.00,0.00,0.00,0,0,0.00,0.00,0.00,0,0,0.00,0.00,0,0
1508083393,eth0,152.00,245.00,397.00,245,152,2.00,2.00,4.00,2,2,0.00,0.00,0,0
1508083393,eth1,0.00,0.00,0.00,0,0,0.00,0.00,0.00,0,0,0.00,0.00,0,0
1508083393,s2,0.00,0.00,0.00,0,0,0.00,0.00,0.00,0,0,0.00,0.00,0,0
1508083393,s2-eth2,3742.00,118480.00,122222.00,118480,3742,43.00,40.00,83.00,40,43,0.00,0.00,0,0
1508083393,s2-eth1,131562.00,2442.00,134004.00,2442,131562,49.00,37.00,86.00,37,49,0.00,0.00,0,0
1508083393,lo,685.00,685.00,1370.00,685,685,10.00,10.00,20.00,10,10,0.00,0.00,0,0
1508083393,s4,0.00,0.00,0.00,0,0,0.00,0.00,0.00,0,0,0.00,0.00,0,0
1508083393,total,136141.00,121852.00,257993.00,121852,136141,104.00,89.00,193.00,89,104,0.00,0.00,0,0
1508083394,s5,0.00,0.00,0.00,0,0,0.00,0.00,0.00,0,0,0.00,0.00,0,0
1508083394,eth0,0.00,0.00,0.00,0,0,0.00,0.00,0.00,0,0,0.00,0.00,0,0
1508083394,eth1,0.00,0.00,0.00,0,0,0.00,0.00,0.00,0,0,0.00,0.00,0,0
1508083394,s2,0.00,0.00,0.00,0,0,0.00,0.00,0.00,0,0,0.00,0.00,0,0
1508083394,s2-eth2,3534.00,107160.00,110694.00,107160,3534,44.00,44.00,88.00,44,44,0.00,0.00,0,0
1508083394,s2-eth1,97630.00,2940.00,100570.00,2940,97630,42.00,42.00,84.00,42,42,0.00,0.00,0,0
1508083394,lo,0.00,0.00,0.00,0,0,0.00,0.00,0.00,0,0,0.00,0.00,0,0
1508083394,s4,0.00,0.00,0.00,0,0,0.00,0.00,0.00,0,0,0.00,0.00,0,0
1508083394,total,101164.00,110100.00,211264.00,110100,101164,86.00,86.00,172.00,86,86,0.00,0.00,0,0
1508083395,s5,0.00,0.00,0.00,0,0,0.00,0.00,0.00,0,0,0.00,0.00,0,0
1508083395,eth0,0.00,0.00,0.00,0,0,0.00,0.00,0.00,0,0,0.00,0.00,0,0
1508083395,eth1,0.00,0.00,0.00,0,0,0.00,0.00,0.00,0,0,0.00,0.00,0,0
1508083395,s2,0.00,0.00,0.00,0,0,0.00,0.00,0.00,0,0,0.00,0.00,0,0
1508083395,s2-eth2,2750.25,83116.88,85867.13,83200,2753,35.96,31.97,67.93,32,36,0.00,0.00,0,0
1508083395,s2-eth1,84802.20,2301.70,87103.90,2304,84887,34.97,33.97,68.93,34,35,0.00,0.00,0,0
1508083395,lo,0.00,0.00,0.00,0,0,0.00,0.00,0.00,0,0,0.00,0.00,0,0
1508083395,s4,0.00,0.00,0.00,0,0,0.00,0.00,0.00,0,0,0.00,0.00,0,0
1508083395,total,87552.45,85418.59,172971.03,85504,87640,70.93,65.93,136.86,66,71,0.00,0.00,0,0
1508083396,s5,0.00,0.00,0.00,0,0,0.00,0.00,0.00,0,0,0.00,0.00,0,0
1508083396,eth0,60.00,60.00,120.00,60,60,1.00,1.00,2.00,1,1,0.00,0.00,0,0
1508083396,eth1,0.00,0.00,0.00,0,0,0.00,0.00,0.00,0,0,0.00,0.00,0,0
1508083396,s2,0.00,0.00,0.00,0,0,0.00,0.00,0.00,0,0,0.00,0.00,0,0
1508083396,s2-eth2,2710.00,94784.00,97494.00,94784,2710,34.00,32.00,66.00,32,34,0.00,0.00,0,0
1508083396,s2-eth1,92486.00,2046.00,94532.00,2046,92486,34.00,31.00,65.00,31,34,0.00,0.00,0,0
1508083396,lo,0.00,0.00,0.00,0,0,0.00,0.00,0.00,0,0,0.00,0.00,0,0
1508083396,s4,0.00,0.00,0.00,0,0,0.00,0.00,0.00,0,0,0.00,0.00,0,0
1508083396,total,95256.00,96890.00,192146.00,96890,95256,69.00,64.00,133.00,64,69,0.00,0.00,0,0
1508083397,s5,0.00,0.00,0.00,0,0,0.00,0.00,0.00,0,0,0.00,0.00,0,0
1508083397,eth0,0.00,0.00,0.00,0,0,0.00,0.00,0.00,0,0,0.00,0.00,0,0
1508083397,eth1,0.00,0.00,0.00,0,0,0.00,0.00,0.00,0,0,0.00,0.00,0,0
1508083397,s2,0.00,0.00,0.00,0,0,0.00,0.00,0.00,0,0,0.00,0.00,0,0
1508083397,s2-eth2,2154.00,87742.00,89896.00,87742,2154,31.00,35.00,66.00,35,31,0.00,0.00,0,0
1508083397,s2-eth1,81686.00,2154.00,83840.00,2154,81686,31.00,31.00,62.00,31,31,0.00,0.00,0,0
1508083397,lo,172.00,172.00,344.00,172,172,3.00,3.00,6.00,3,3,0.00,0.00,0,0
1508083397,s4,0.00,0.00,0.00,0,0,0.00,0.00,0.00,0,0,0.00,0.00,0,0
1508083397,total,84012.00,90068.00,174080.00,90068,84012,65.00,69.00,134.00,69,65,0.00,0.00,0,0
1508083398,s5,0.00,0.00,0.00,0,0,0.00,0.00,0.00,0,0,0.00,0.00,0,0
1508083398,eth0,0.00,0.00,0.00,0,0,0.00,0.00,0.00,0,0,0.00,0.00,0,0
1508083398,eth1,0.00,0.00,0.00,0,0,0.00,0.00,0.00,0,0,0.00,0.00,0,0
1508083398,s2,0.00,0.00,0.00,0,0,0.00,0.00,0.00,0,0,0.00,0.00,0,0
1508083398,s2-eth2,1026.00,35610.00,36636.00,35610,1026,15.00,13.00,28.00,13,15,0.00,0.00,0,0
1508083398,s2-eth1,40152.00,1026.00,41178.00,1026,40152,16.00,15.00,31.00,15,16,0.00,0.00,0,0
1508083398,lo,344.00,344.00,688.00,344,344,6.00,6.00,12.00,6,6,0.00,0.00,0,0
1508083398,s4,0.00,0.00,0.00,0,0,0.00,0.00,0.00,0,0,0.00,0.00,0,0
1508083398,total,41522.00,36980.00,78502.00,36980,41522,37.00,34.00,71.00,34,37,0.00,0.00,0,0
1508083399,s5,0.00,0.00,0.00,0,0,0.00,0.00,0.00,0,0,0.00,0.00,0,0
1508083399,eth0,0.00,0.00,0.00,0,0,0.00,0.00,0.00,0,0,0.00,0.00,0,0
1508083399,eth1,0.00,0.00,0.00,0,0,0.00,0.00,0.00,0,0,0.00,0.00,0,0
1508083399,s2,0.00,0.00,0.00,0,0,0.00,0.00,0.00,0,0,0.00,0.00,0,0
1508083399,s2-eth2,1460.08,56297.41,57757.49,56410,1463,20.96,20.96,41.92,21,21,0.00,0.00,0,0
1508083399,s2-eth1,47535.93,1353.29,48889.22,1356,47631,18.96,19.96,38.92,20,19,0.00,0.00,0,0
1508083399,lo,0.00,0.00,0.00,0,0,0.00,0.00,0.00,0,0,0.00,0.00,0,0
1508083399,s4,0.00,0.00,0.00,0,0,0.00,0.00,0.00,0,0,0.00,0.00,0,0
1508083399,total,48996.01,57650.70,106646.71,57766,49094,39.92,40.92,80.84,41,40,0.00,0.00,0,0
1508083400,s5,0.00,0.00,0.00,0,0,0.00,0.00,0.00,0,0,0.00,0.00,0,0
1508083400,eth0,0.00,0.00,0.00,0,0,0.00,0.00,0.00,0,0,0.00,0.00,0,0
1508083400,eth1,0.00,0.00,0.00,0,0,0.00,0.00,0.00,0,0,0.00,0.00,0,0
1508083400,s2,0.00,0.00,0.00,0,0,0.00,0.00,0.00,0,0,0.00,0.00,0,0
1508083400,s2-eth2,1126.00,53316.00,54442.00,53316,1126,17.00,18.00,35.00,18,17,0.00,0.00,0,0
1508083400,s2-eth1,62272.00,1056.00,63328.00,1056,62272,22.00,16.00,38.00,16,22,0.00,0.00,0,0
1508083400,lo,0.00,0.00,0.00,0,0,0.00,0.00,0.00,0,0,0.00,0.00,0,0
1508083400,s4,0.00,0.00,0.00,0,0,0.00,0.00,0.00,0,0,0.00,0.00,0,0
1508083400,total,63398.00,54372.00,117770.00,54372,63398,39.00,34.00,73.00,34,39,0.00,0.00,0,0
1508083401,s5,0.00,0.00,0.00,0,0,0.00,0.00,0.00,0,0,0.00,0.00,0,0
1508083401,eth0,0.00,0.00,0.00,0,0,0.00,0.00,0.00,0,0,0.00,0.00,0,0
1508083401,eth1,0.00,0.00,0.00,0,0,0.00,0.00,0.00,0,0,0.00,0.00,0,0
1508083401,s2,0.00,0.00,0.00,0,0,0.00,0.00,0.00,0,0,0.00,0.00,0,0
1508083401,s2-eth2,1650.00,77012.00,78662.00,77012,1650,25.00,26.00,51.00,26,25,0.00,0.00,0,0
1508083401,s2-eth1,65506.00,1650.00,67156.00,1650,65506,23.00,25.00,48.00,25,23,0.00,0.00,0,0
1508083401,lo,0.00,0.00,0.00,0,0,0.00,0.00,0.00,0,0,0.00,0.00,0,0
1508083401,s4,0.00,0.00,0.00,0,0,0.00,0.00,0.00,0,0,0.00,0.00,0,0
1508083401,total,67156.00,78662.00,145818.00,78662,67156,48.00,51.00,99.00,51,48,0.00,0.00,0,0
1508083402,s5,0.00,0.00,0.00,0,0,0.00,0.00,0.00,0,0,0.00,0.00,0,0
1508083402,eth0,0.00,0.00,0.00,0,0,0.00,0.00,0.00,0,0,0.00,0.00,0,0
1508083402,eth1,0.00,0.00,0.00,0,0,0.00,0.00,0.00,0,0,0.00,0.00,0,0
1508083402,s2,0.00,0.00,0.00,0,0,0.00,0.00,0.00,0,0,0.00,0.00,0,0
1508083402,s2-eth2,1794.00,74050.00,75844.00,74050,1794,23.00,25.00,48.00,25,23,0.00,0.00,0,0
1508083402,s2-eth1,85898.00,1452.00,87350.00,1452,85898,29.00,22.00,51.00,22,29,0.00,0.00,0,0
1508083402,lo,172.00,172.00,344.00,172,172,3.00,3.00,6.00,3,3,0.00,0.00,0,0
1508083402,s4,0.00,0.00,0.00,0,0,0.00,0.00,0.00,0,0,0.00,0.00,0,0
1508083402,total,87864.00,75674.00,163538.00,75674,87864,55.00,50.00,105.00,50,55,0.00,0.00,0,0
1508083403,s5,0.00,0.00,0.00,0,0,0.00,0.00,0.00,0,0,0.00,0.00,0,0
1508083403,eth0,0.00,0.00,0.00,0,0,0.00,0.00,0.00,0,0,0.00,0.00,0,0
1508083403,eth1,0.00,0.00,0.00,0,0,0.00,0.00,0.00,0,0,0.00,0.00,0,0
1508083403,s2,0.00,0.00,0.00,0,0,0.00,0.00,0.00,0,0,0.00,0.00,0,0
1508083403,s2-eth2,2460.00,103868.00,106328.00,103868,2460,36.00,38.00,74.00,38,36,0.00,0.00,0,0
1508083403,s2-eth1,86096.00,2460.00,88556.00,2460,86096,32.00,36.00,68.00,36,32,0.00,0.00,0,0
1508083403,lo,344.00,344.00,688.00,344,344,6.00,6.00,12.00,6,6,0.00,0.00,0,0
1508083403,s4,0.00,0.00,0.00,0,0,0.00,0.00,0.00,0,0,0.00,0.00,0,0
1508083403,total,88900.00,106672.00,195572.00,106672,88900,74.00,80.00,154.00,80,74,0.00,0.00,0,0
1508083404,s5,0.00,0.00,0.00,0,0,0.00,0.00,0.00,0,0,0.00,0.00,0,0
1508083404,eth0,0.00,0.00,0.00,0,0,0.00,0.00,0.00,0,0,0.00,0.00,0,0
1508083404,eth1,0.00,0.00,0.00,0,0,0.00,0.00,0.00,0,0,0.00,0.00,0,0
1508083404,s2,0.00,0.00,0.00,0,0,0.00,0.00,0.00,0,0,0.00,0.00,0,0
1508083404,s2-eth2,2373.63,109484.52,111858.15,109594,2376,35.96,36.96,72.93,37,36,0.00,0.00,0,0
1508083404,s2-eth1,121320.68,2373.63,123694.31,2376,121442,40.96,35.96,76.92,36,41,0.00,0.00,0,0
1508083404,lo,0.00,0.00,0.00,0,0,0.00,0.00,0.00,0,0,0.00,0.00,0,0
1508083404,s4,0.00,0.00,0.00,0,0,0.00,0.00,0.00,0,0,0.00,0.00,0,0
1508083404,total,123694.31,111858.15,235552.45,111970,123818,76.92,72.93,149.85,73,77,0.00,0.00,0,0
1508083405,s5,0.00,0.00,0.00,0,0,0.00,0.00,0.00,0,0,0.00,0.00,0,0
1508083405,eth0,0.00,0.00,0.00,0,0,0.00,0.00,0.00,0,0,0.00,0.00,0,0
1508083405,eth1,0.00,0.00,0.00,0,0,0.00,0.00,0.00,0,0,0.00,0.00,0,0
1508083405,s2,0.00,0.00,0.00,0,0,0.00,0.00,0.00,0,0,0.00,0.00,0,0
1508083405,s2-eth2,2526.00,100906.00,103432.00,100906,2526,37.00,37.00,74.00,37,37,0.00,0.00,0,0
1508083405,s2-eth1,92020.00,2592.00,94612.00,2592,92020,34.00,38.00,72.00,38,34,0.00,0.00,0,0
1508083405,lo,0.00,0.00,0.00,0,0,0.00,0.00,0.00,0,0,0.00,0.00,0,0
1508083405,s4,0.00,0.00,0.00,0,0,0.00,0.00,0.00,0,0,0.00,0.00,0,0
1508083405,total,94546.00,103498.00,198044.00,103498,94546,71.00,75.00,146.00,75,71,0.00,0.00,0,0
1508083406,s5,0.00,0.00,0.00,0,0,0.00,0.00,0.00,0,0,0.00,0.00,0,0
1508083406,eth0,0.00,0.00,0.00,0,0,0.00,0.00,0.00,0,0,0.00,0.00,0,0
1508083406,eth1,0.00,0.00,0.00,0,0,0.00,0.00,0.00,0,0,0.00,0.00,0,0
1508083406,s2,0.00,0.00,0.00,0,0,0.00,0.00,0.00,0,0,0.00,0.00,0,0
1508083406,s2-eth2,1904.19,74165.67,76069.86,74314,1908,27.94,28.94,56.89,29,28,0.00,0.00,0,0
1508083406,s2-eth1,77121.76,1838.32,78960.08,1842,77276,29.94,26.95,56.89,27,30,0.00,0.00,0,0
1508083406,lo,0.00,0.00,0.00,0,0,0.00,0.00,0.00,0,0,0.00,0.00,0,0
1508083406,s4,0.00,0.00,0.00,0,0,0.00,0.00,0.00,0,0,0.00,0.00,0,0
1508083406,total,79025.95,76003.99,155029.94,76156,79184,57.88,55.89,113.77,56,58,0.00,0.00,0,0
1508083407,s5,0.00,0.00,0.00,0,0,0.00,0.00,0.00,0,0,0.00,0.00,0,0
1508083407,eth0,0.00,0.00,0.00,0,0,0.00,0.00,0.00,0,0,0.00,0.00,0,0
1508083407,eth1,0.00,0.00,0.00,0,0,0.00,0.00,0.00,0,0,0.00,0.00,0,0
1508083407,s2,0.00,0.00,0.00,0,0,0.00,0.00,0.00,0,0,0.00,0.00,0,0
1508083407,s2-eth2,2018.98,88771.23,90790.21,88860,2021,29.97,29.97,59.94,30,30,0.00,0.00,0,0
1508083407,s2-eth1,82960.04,1912.09,84872.13,1914,83043,28.97,28.97,57.94,29,29,0.00,0.00,0,0
1508083407,lo,171.83,171.83,343.66,172,172,3.00,3.00,5.99,3,3,0.00,0.00,0,0
1508083407,s4,0.00,0.00,0.00,0,0,0.00,0.00,0.00,0,0,0.00,0.00,0,0
1508083407,total,85150.85,90855.15,176006.00,90946,85236,61.94,61.94,123.88,62,62,0.00,0.00,0,0
1508083408,s5,0.00,0.00,0.00,0,0,0.00,0.00,0.00,0,0,0.00,0.00,0,0
1508083408,eth0,0.00,0.00,0.00,0,0,0.00,0.00,0.00,0,0,0.00,0.00,0,0
1508083408,eth1,0.00,0.00,0.00,0,0,0.00,0.00,0.00,0,0,0.00,0.00,0,0
1508083408,s2,0.00,0.00,0.00,0,0,0.00,0.00,0.00,0,0,0.00,0.00,0,0
1508083408,s2-eth2,1768.23,47674.33,49442.56,47722,1770,20.98,20.98,41.96,21,21,0.00,0.00,0,0
1508083408,s2-eth1,47674.33,1426.57,49100.90,1428,47722,20.98,19.98,40.96,20,21,0.00,0.00,0,0
1508083408,lo,343.66,343.66,687.31,344,344,5.99,5.99,11.99,6,6,0.00,0.00,0,0
1508083408,s4,0.00,0.00,0.00,0,0,0.00,0.00,0.00,0,