1508092721,eth0,0.00,0.00,0.00,0,0,0.00,0.00,0.00,0,0,0.00,0.00,0,0
1508092721,eth1,0.00,0.00,0.00,0,0,0.00,0.00,0.00,0,0,0.00,0.00,0,0
1508092721,s2,0.00,0.00,0.00,0,0,0.00,0.00,0.00,0,0,0.00,0.00,0,0
1508092721,s2-eth2,0.00,0.00,0.00,0,0,0.00,0.00,0.00,0,0,0.00,0.00,0,0
1508092721,s2-eth1,0.00,0.00,0.00,0,0,0.00,0.00,0.00,0,0,0.00,0.00,0,0
1508092721,lo,0.00,0.00,0.00,0,0,0.00,0.00,0.00,0,0,0.00,0.00,0,0
1508092721,total,0.00,0.00,0.00,0,0,0.00,0.00,0.00,0,0,0.00,0.00,0,0
1508092722,eth0,303.70,489.51,793.21,490,304,4.00,4.00,7.99,4,4,0.00,0.00,0,0
1508092722,eth1,0.00,0.00,0.00,0,0,0.00,0.00,0.00,0,0,0.00,0.00,0,0
1508092722,s2,159.84,89.91,249.75,90,160,2.00,1.00,3.00,1,2,0.00,0.00,0,0
1508092722,s2-eth2,10224.78,209332.67,219557.45,209542,10235,125.87,102.90,228.77,103,126,0.00,0.00,0,0
1508092722,s2-eth1,246987.02,8385.61,255372.64,8394,247234,126.87,114.89,241.76,115,127,0.00,0.00,0,0
1508092722,lo,1524.48,1524.48,3048.95,1526,1526,16.98,16.98,33.97,17,17,0.00,0.00,0,0
1508092722,total,259199.81,219822.19,479022.00,220042,259459,275.72,239.76,515.48,240,276,0.00,0.00,0,0
1508092723,eth0,151.85,244.76,396.60,245,152,2.00,2.00,4.00,2,2,0.00,0.00,0,0
1508092723,eth1,0.00,0.00,0.00,0,0,0.00,0.00,0.00,0,0,0.00,0.00,0,0
1508092723,s2,89.91,0.00,89.91,0,90,1.00,0.00,1.00,0,1,0.00,0.00,0,0
1508092723,s2-eth2,7783.22,240935.08,248718.28,241176,7791,99.90,99.90,199.80,100,100,0.00,0.00,0,0
1508092723,s2-eth1,244839.17,6621.38,251460.55,6628,245084,104.90,93.91,198.80,94,105,0.00,0.00,0,0
1508092723,lo,628.37,628.37,1256.74,629,629,6.99,6.99,13.99,7,7,0.00,0.00,0,0
1508092723,total,253492.52,248429.58,501922.09,248678,253746,214.79,202.80,417.58,203,215,0.00,0.00,0,0
1508092724,eth0,0.00,0.00,0.00,0,0,0.00,0.00,0.00,0,0,0.00,0.00,0,0
1508092724,eth1,0.00,0.00,0.00,0,0,0.00,0.00,0.00,0,0,0.00,0.00,0,0
1508092724,s2,0.00,0.00,0.00,0,0,0.00,0.00,0.00,0,0,0.00,0.00,0,0
1508092724,s2-eth2,6050.90,225387.23,231438.12,225838,6063,84.83,86.83,171.66,87,85,0.00,0.00,0,0
1508092724,s2-eth1,225494.02,5658.68,231152.70,5670,225945,87.82,82.83,170.66,83,88,0.00,0.00,0,0
1508092724,lo,0.00,0.00,0.00,0,0,0.00,0.00,0.00,0,0,0.00,0.00,0,0
1508092724,total,231544.92,231045.92,462590.84,231508,232008,172.65,169.66,342.32,170,173,0.00,0.00,0,0
1508092725,eth0,0.00,0.00,0.00,0,0,0.00,0.00,0.00,0,0,0.00,0.00,0,0
1508092725,eth1,0.00,0.00,0.00,0,0,0.00,0.00,0.00,0,0,0.00,0.00,0,0
1508092725,s2,0.00,139.86,139.86,140,0,0.00,2.00,2.00,2,0,0.00,0.00,0,0
1508092725,s2-eth2,5676.32,204903.11,210579.42,205108,5682,79.92,79.92,159.84,80,80,0.00,0.00,0,0
1508092725,s2-eth1,205239.77,5302.70,210542.47,5308,205445,81.92,77.92,159.84,78,82,0.00,0.00,0,0
1508092725,lo,535.46,535.46,1070.93,536,536,5.99,5.99,11.99,6,6,0.00,0.00,0,0
1508092725,total,211451.55,210881.12,422332.69,211092,211663,167.83,165.83,333.67,166,168,0.00,0.00,0,0
1508092726,eth0,0.00,0.00,0.00,0,0,0.00,0.00,0.00,0,0,0.00,0.00,0,0
1508092726,eth1,0.00,0.00,0.00,0,0,0.00,0.00,0.00,0,0,0.00,0.00,0,0
1508092726,s2,70.00,0.00,70.00,0,70,1.00,0.00,1.00,0,1,0.00,0.00,0,0
1508092726,s2-eth2,4835.00,166466.00,171301.00,166466,4835,67.00,65.00,132.00,65,67,0.00,0.00,0,0
1508092726,s2-eth1,166536.00,4368.00,170904.00,4368,166536,66.00,64.00,130.00,64,66,0.00,0.00,0,0
1508092726,lo,268.00,268.00,536.00,268,268,3.00,3.00,6.00,3,3,0.00,0.00,0,0
1508092726,total,171709.00,171102.00,342811.00,171102,171709,137.00,132.00,269.00,132,137,0.00,0.00,0,0
1508092727,eth0,59.94,59.94,119.88,60,60,1.00,1.00,2.00,1,1,0.00,0.00,0,0
1508092727,eth1,0.00,0.00,0.00,0,0,0.00,0.00,0.00,0,0,0.00,0.00,0,0
1508092727,s2,0.00,0.00,0.00,0,0,0.00,0.00,0.00,0,0,0.00,0.00,0,0
1508092727,s2-eth2,4195.80,165838.17,170033.97,166004,4200,57.94,57.94,115.88,58,58,0.00,0.00,0,0
1508092727,s2-eth1,160195.81,3854.15,164049.95,3858,160356,55.94,56.94,112.89,57,56,0.00,0.00,0,0
1508092727,lo,0.00,0.00,0.00,0,0,0.00,0.00,0.00,0,0,0.00,0.00,0,0
1508092727,total,164451.55,169752.25,334203.81,169922,164616,114.89,115.88,230.77,116,115,0.00,0.00,0,0
1508092728,eth0,0.00,0.00,0.00,0,0,0.00,0.00,0.00,0,0,0.00,0.00,0,0
1508092728,eth1,0.00,0.00,0.00,0,0,0.00,0.00,0.00,0,0,0.00,0.00,0,0
1508092728,s2,0.00,0.00,0.00,0,0,0.00,0.00,0.00,0,0,0.00,0.00,0,0
1508092728,s2-eth2,3252.00,95774.00,99026.00,95774,3252,44.00,47.00,91.00,47,44,0.00,0.00,0,0
1508092728,s2-eth1,100225.00,3252.00,103477.00,3252,100225,48.00,44.00,92.00,44,48,0.00,0.00,0,0
1508092728,lo,0.00,0.00,0.00,0,0,0.00,0.00,0.00,0,0,0.00,0.00,0,0
1508092728,total,103477.00,99026.00,202503.00,99026,103477,92.00,91.00,183.00,91,92,0.00,0.00,0,0
1508092729,eth0,0.00,0.00,0.00,0,0,0.00,0.00,0.00,0,0,0.00,0.00,0,0
1508092729,eth1,0.00,0.00,0.00,0,0,0.00,0.00,0.00,0,0,0.00,0.00,0,0
1508092729,s2,0.00,140.00,140.00,140,0,0.00,2.00,2.00,2,0,0.00,0.00,0,0
1508092729,s2-eth2,2007.00,77214.00,79221.00,77214,2007,29.00,29.00,58.00,29,29,0.00,0.00,0,0
1508092729,s2-eth1,69846.00,1900.00,71746.00,1900,69846,27.00,28.00,55.00,28,27,0.00,0.00,0,0
1508092729,lo,536.00,536.00,1072.00,536,536,6.00,6.00,12.00,6,6,0.00,0.00,0,0
1508092729,total,72389.00,79790.00,152179.00,79790,72389,62.00,65.00,127.00,65,62,0.00,0.00,0,0
1508092730,eth0,0.00,0.00,0.00,0,0,0.00,0.00,0.00,0,0,0.00,0.00,0,0
1508092730,eth1,0.00,0.00,0.00,0,0,0.00,0.00,0.00,0,0,0.00,0.00,0,0
1508092730,s2,69.93,0.00,69.93,0,70,1.00,0.00,1.00,0,1,0.00,0.00,0,0
1508092730,s2-eth2,1812.19,71082.92,72895.11,71154,1814,26.97,24.98,51.95,25,27,0.00,0.00,0,0
1508092730,s2-eth1,74177.82,1672.33,75850.15,1674,74252,27.97,24.98,52.95,25,28,0.00,0.00,0,0
1508092730,lo,267.73,267.73,535.46,268,268,3.00,3.00,5.99,3,3,0.00,0.00,0,0
1508092730,total,76327.67,73022.98,149350.66,73096,76404,58.94,52.95,111.89,53,59,0.00,0.00,0,0
1508092731,eth0,0.00,0.00,0.00,0,0,0.00,0.00,0.00,0,0,0.00,0.00,0,0
1508092731,eth1,0.00,0.00,0.00,0,0,0.00,0.00,0.00,0,0,0.00,0.00,0,0
1508092731,s2,0.00,0.00,0.00,0,0,0.00,0.00,0.00,0,0,0.00,0.00,0,0
1508092731,s2-eth2,1518.00,74050.00,75568.00,74050,1518,23.00,25.00,48.00,25,23,0.00,0.00,0,0
1508092731,s2-eth1,71088.00,1518.00,72606.00,1518,71088,24.00,23.00,47.00,23,24,0.00,0.00,0,0
1508092731,lo,0.00,0.00,0.00,0,0,0.00,0.00,0.00,0,0,0.00,0.00,0,0
1508092731,total,72606.00,75568.00,148174.00,75568,72606,47.00,48.00,95.00,48,47,0.00,0.00,0,0
1508092732,eth0,0.00,0.00,0.00,0,0,0.00,0.00,0.00,0,0,0.00,0.00,0,0
1508092732,eth1,0.00,0.00,0.00,0,0,0.00,0.00,0.00,0,0,0.00,0.00,0,0
1508092732,s2,0.00,0.00,0.00,0,0,0.00,0.00,0.00,0,0,0.00,0.00,0,0
1508092732,s2-eth2,2154.00,77408.00,79562.00,77408,2154,31.00,32.00,63.00,32,31,0.00,0.00,0,0
1508092732,s2-eth1,74446.00,2154.00,76600.00,2154,74446,31.00,31.00,62.00,31,31,0.00,0.00,0,0
1508092732,lo,0.00,0.00,0.00,0,0,0.00,0.00,0.00,0,0,0.00,0.00,0,0
1508092732,total,76600.00,79562.00,156162.00,79562,76600,62.00,63.00,125.00,63,62,0.00,0.00,0,0
1508092733,eth0,0.00,0.00,0.00,0,0,0.00,0.00,0.00,0,0,0.00,0.00,0,0
1508092733,eth1,0.00,0.00,0.00,0,0,0.00,0.00,0.00,0,0,0.00,0.00,0,0
1508092733,s2,0.00,0.00,0.00,0,0,0.00,0.00,0.00,0,0,0.00,0.00,0,0
1508092733,s2-eth2,2451.55,100607.40,103058.95,100708,2454,32.97,33.97,66.93,34,33,0.00,0.00,0,0
1508092733,s2-eth1,94689.31,2109.89,96799.20,2112,94784,31.97,31.97,63.94,32,32,0.00,0.00,0,0
1508092733,lo,0.00,0.00,0.00,0,0,0.00,0.00,0.00,0,0,0.00,0.00,0,0
1508092733,total,97140.86,102717.29,199858.14,102820,97238,64.94,65.93,130.87,66,65,0.00,0.00,0,0
1508092734,eth0,0.00,0.00,0.00,0,0,0.00,0.00,0.00,0,0,0.00,0.00,0,0
1508092734,eth1,0.00,0.00,0.00,0,0,0.00,0.00,0.00,0,0,0.00,0.00,0,0
1508092734,s2,0.00,0.00,0.00,0,0,0.00,0.00,0.00,0,0,0.00,0.00,0,0
1508092734,s2-eth2,1992.00,87412.00,89404.00,87412,1992,30.00,30.00,60.00,30,30,0.00,0.00,0,0
1508092734,s2-eth1,91822.00,2070.00,93892.00,2070,91822,31.00,31.00,62.00,31,31,0.00,0.00,0,0
1508092734,lo,0.00,0.00,0.00,0,0,0.00,0.00,0.00,0,0,0.00,0.00,0,0
1508092734,total,93814.00,89482.00,183296.00,89482,93814,61.00,61.00,122.00,61,61,0.00,0.00,0,0
1508092735,eth0,0.00,0.00,0.00,0,0,0.00,0.00,0.00,0,0,0.00,0.00,0,0
1508092735,eth1,0.00,0.00,0.00,0,0,0.00,0.00,0.00,0,0,0.00,0.00,0,0
1508092735,s2,0.00,0.00,0.00,0,0,0.00,0.00,0.00,0,0,0.00,0.00,0,0
1508092735,s2-eth2,1942.06,66941.06,68883.12,67008,1944,27.97,27.97,55.94,28,28,0.00,0.00,0,0
1508092735,s2-eth1,59576.43,1864.14,61440.56,1866,59636,25.97,26.97,52.95,27,26,0.00,0.00,0,0
1508092735,lo,171.83,171.83,343.66,172,172,3.00,3.00,5.99,3,3,0.00,0.00,0,0
1508092735,total,61690.31,68977.02,130667.34,69046,61752,56.94,57.94,114.89,58,57,0.00,0.00,0,0
1508092736,eth0,0.00,0.00,0.00,0,0,0.00,0.00,0.00,0,0,0.00,0.00,0,0
1508092736,eth1,0.00,0.00,0.00,0,0,0.00,0.00,0.00,0,0,0.00,0.00,0,0
1508092736,s2,0.00,0.00,0.00,0,0,0.00,0.00,0.00,0,0,0.00,0.00,0,0
1508092736,s2-eth2,1518.00,71088.00,72606.00,71088,1518,23.00,24.00,47.00,24,23,0.00,0.00,0,0
1508092736,s2-eth1,71195.00,1518.00,72713.00,1518,71195,25.00,23.00,48.00,23,25,0.00,0.00,0,0
1508092736,lo,0.00,0.00,0.00,0,0,0.00,0.00,0.00,0,0,0.00,0.00,0,0
1508092736,total,72713.00,72606.00,145319.00,72606,72713,48.00,47.00,95.00,47,48,0.00,0.00,0,0
1508092737,eth0,0.00,0.00,0.00,0,0,0.00,0.00,0.00,0,0,0.00,0.00,0,0
1508092737,eth1,0.00,0.00,0.00,0,0,0.00,0.00,0.00,0,0,0.00,0.00,0,0
1508092737,s2,0.00,0.00,0.00,0,0,0.00,0.00,0.00,0,0,0.00,0.00,0,0
1508092737,s2-eth2,1889.00,88860.00,90749.00,88860,1889,28.00,30.00,58.00,30,28,0.00,0.00,0,0
1508092737,s2-eth1,82936.00,1782.00,84718.00,1782,82936,28.00,27.00,55.00,27,28,0.00,0.00,0,0
1508092737,lo,0.00,0.00,0.00,0,0,0.00,0.00,0.00,0,0,0.00,0.00,0,0
1508092737,total,84825.00,90642.00,175467.00,90642,84825,56.00,57.00,113.00,57,56,0.00,0.00,0,0
1508092738,eth0,0.00,0.00,0.00,0,0,0.00,0.00,0.00,0,0,0.00,0.00,0,0
1508092738,eth1,0.00,0.00,0.00,0,0,0.00,0.00,0.00,0,0,0.00,0.00,0,0
1508092738,s2,0.00,0.00,0.00,0,0,0.00,0.00,0.00,0,0,0.00,0.00,0,0
1508092738,s2-eth2,2867.13,109946.05,112813.19,110056,2870,40.96,43.96,84.92,44,41,0.00,0.00,0,0
1508092738,s2-eth1,107328.67,2867.13,110195.80,2870,107436,43.96,40.96,84.92,41,44,0.00,0.00,0,0
1508092738,lo,0.00,0.00,0.00,0,0,0.00,0.00,0.00,0,0,0.00,0.00,0,0
1508092738,total,110195.80,112813.19,223009.00,112926,110306,84.92,84.92,169.83,85,85,0.00,0.00,0,0
1508092739,eth0,0.00,0.00,0.00,0,0,0.00,0.00,0.00,0,0,0.00,0.00,0,0
1508092739,eth1,0.00,0.00,0.00,0,0,0.00,0.00,0.00,0,0,0.00,0.00,0,0
1508092739,s2,0.00,0.00,0.00,0,0,0.00,0.00,0.00,0,0,0.00,0.00,0,0
1508092739,s2-eth2,2514.00,95114.00,97628.00,95114,2514,37.00,37.00,74.00,37,37,0.00,0.00,0,0
1508092739,s2-eth1,95114.00,2514.00,97628.00,2514,95114,37.00,37.00,74.00,37,37,0.00,0.00,0,0
1508092739,lo,0.00,0.00,0.00,0,0,0.00,0.00,0.00,0,0,0.00,0.00,0,0
1508092739,total,97628.00,97628.00,195256.00,97628,97628,74.00,74.00,148.00,74,74,0.00,0.00,0,0
1508092740,eth0,0.00,0.00,0.00,0,0,0.00,0.00,0.00,0,0,0.00,0.00,0,0
1508092740,eth1,0.00,0.00,0.00,0,0,0.00,0.00,0.00,0,0,0.00,0.00,0,0
1508092740,s2,0.00,0.00,0.00,0,0,0.00,0.00,0.00,0,0,0.00,0.00,0,0
1508092740,s2-eth2,2259.74,97846.16,100105.90,97944,2262,32.97,35.96,68.93,36,33,0.00,0.00,0,0
1508092740,s2-eth1,91862.14,2259.74,94121.88,2262,91954,32.97,32.97,65.93,33,33,0.00,0.00,0,0
1508092740,lo,171.83,171.83,343.66,172,172,3.00,3.00,5.99,3,3,0.00,0.00,0,0
1508092740,total,94293.71,100277.73,194571.44,100378,94388,68.93,71.93,140.86,72,69,0.00,0.00,0,0
1508092741,eth0,0.00,0.00,0.00,0,0,0.00,0.00,0.00,0,0,0.00,0.00,0,0
1508092741,eth1,0.00,0.00,0.00,0,0,0.00,0.00,0.00,0,0,0.00,0.00,0,0
1508092741,s2,0.00,0.00,0.00,0,0,0.00,0.00,0.00,0,0,0.00,0.00,0,0
1508092741,s2-eth2,2244.00,100708.00,102952.00,100708,2244,34.00,34.00,68.00,34,34,0.00,0.00,0,0
1508092741,s2-eth1,103736.00,2244.00,105980.00,2244,103736,36.00,34.00,70.00,34,36,0.00,0.00,0,0
1508092741,lo,0.00,0.00,0.00,0,0,0.00,0.00,0.00,0,0,0.00,0.00,0,0
1508092741,total,105980.00,102952.00,208932.00,102952,105980,70.00,68.00,138.00,68,70,0.00,0.00,0,0
1508092742,eth0,0.00,0.00,0.00,0,0,0.00,0.00,0.00,0,0,0.00,0.00,0,0
1508092742,eth1,0.00,0.00,0.00,0,0,0.00,0.00,0.00,0,0,0.00,0.00,0,0
1508092742,s2,0.00,0.00,0.00,0,0,0.00,0.00,0.00,0,0,0.00,0.00,0,0
1508092742,s2-eth2,2589.41,103764.24,106353.65,103868,2592,37.96,37.96,75.92,38,38,0.00,0.00,0,0
1508092742,s2-eth1,94887.12,2589.41,97476.52,2592,94982,34.97,37.96,72.93,38,35,0.00,0.00,0,0
1508092742,lo,0.00,0.00,0.00,0,0,0.00,0.00,0.00,0,0,0.00,0.00,0,0
1508092742,total,97476.52,106353.65,203830.17,106460,97574,72.93,75.92,148.85,76,73,0.00,0.00,0,0
1508092743,eth0,0.00,0.00,0.00,0,0,0.00,0.00,0.00,0,0,0.00,0.00,0,0
1508092743,eth1,0.00,0.00,0.00,0,0,0.00,0.00,0.00,0,0,0.00,0.00,0,0
1508092743,s2,0.00,0.00,0.00,0,0,0.00,0.00,0.00,0,0,0.00,0.00,0,0
1508092743,s2-eth2,2175.82,103566.44,105742.26,103670,2178,32.97,34.97,67.93,35,33,0.00,0.00,0,0
1508092743,s2-eth1,112443.56,2175.82,114619.38,2178,112556,37.96,32.97,70.93,33,38,0.00,0.00,0,0
1508092743,lo,0.00,0.00,0.00,0,0,0.00,0.00,0.00,0,0,0.00,0.00,0,0
1508092743,total,114619.38,105742.26,220361.64,105848,114734,70.93,67.93,138.86,68,71,0.00,0.00,0,0
1508092744,eth0,0.00,0.00,0.00,0,0,0.00,0.00,0.00,0,0,0.00,0.00,0,0
1508092744,eth1,0.00,0.00,0.00,0,0,0.00,0.00,0.00,0,0,0.00,0.00,0,0
1508092744,s2,0.00,0.00,0.00,0,0,0.00,0.00,0.00,0,0,0.00,0.00,0,0
1508092744,s2-eth2,2592.00,106830.00,109422.00,106830,2592,38.00,39.00,77.00,39,38,0.00,0.00,0,0
1508092744,s2-eth1,92020.00,2592.00,94612.00,2592,92020,34.00,38.00,72.00,38,34,0.00,0.00,0,0
1508092744,lo,0.00,0.00,0.00,0,0,0.00,0.00,0.00,0,0,0.00,0.00,0,0
1508092744,total,94612.00,109422.00,204034.00,109422,94612,72.00,77.00,149.00,77,72,0.00,0.00,0,0
1508092745,eth0,0.00,0.00,0.00,0,0,0.00,0.00,0.00,0,0,0.00,0.00,0,0
1508092745,eth1,0.00,0.00,0.00,0,0,0.00,0.00,0.00,0,0,0.00,0.00,0,0
1508092745,s2,0.00,0.00,0.00,0,0,0.00,0.00,0.00,0,0,0.00,0.00,0,0
1508092745,s2-eth2,2394.00,94982.00,97376.00,94982,2394,35.00,35.00,70.00,35,35,0.00,0.00,0,0
1508092745,s2-eth1,106830.00,2394.00,109224.00,2394,106830,39.00,35.00,74.00,35,39,0.00,0.00,0,0
1508092745,lo,172.00,172.00,344.00,172,172,3.00,3.00,6.00,3,3,0.00,0.00,0,0
1508092745,total,109396.00,97548.00,206944.00,97548,109396,77.00,73.00,150.00,73,77,0.00,0.00,0,0
1508092746,eth0,0.00,0.00,0.00,0,0,0.00,0.00,0.00,0,0,0.00,0.00,0,0
1508092746,eth1,0.00,0.00,0.00,0,0,0.00,0.00,0.00,0,0,0.00,0.00,0,0
1508092746,s2,0.00,0.00,0.00,0,0,0.00,0.00,0.00,0,0,0.00,0.00,0,0
1508092746,s2-eth2,2913.09,118361.64,121274.73,118480,2916,39.96,39.96,79.92,40,40,0.00,0.00,0,0
1508092746,s2-eth1,100607.40,2571.43,103178.82,2574,100708,33.97,38.96,72.93,39,34,0.00,0.00,0,0
1508092746,lo,0.00,0.00,0.00,0,0,0.00,0.00,0.00,0,0,0.00,0.00,0,0
1508092746,total,103520.48,120933.07,224453.55,121054,103624,73.93,78.92,152.85,79,74,0.00,0.00,0,0
1508092747,eth0,0.00,0.00,0.00,0,0,0.00,0.00,0.00,0,0,0.00,0.00,0,0
1508092747,eth1,0.00,0.00,0.00,0,0,0.00,0.00,0.00,0,0,0.00,0.00,0,0
1508092747,s2,0.00,0.00,0.00,0,0,0.00,0.00,0.00,0,0,0.00,0.00,0,0
1508092747,s2-eth2,2439.56,106525.48,108965.04,106632,2442,36.96,35.96,72.93,36,37,0.00,0.00,0,0
1508092747,s2-eth1,124279.73,2439.56,126719.28,2442,124404,41.96,36.96,78.92,37,42,0.00,0.00,0,0
1508092747,lo,0.00,0.00,0.00,0,0,0.00,0.00,0.00,0,0,0.00,0.00,0,0
1508092747,total,126719.28,108965.04,235684.33,109074,126846,78.92,72.93,151.85,73,79,0.00,0.00,0,0
1508092748,eth0,0.00,0.00,0.00,0,0,0.00,0.00,0.00,0,0,0.00,0.00,0,0
1508092748,eth1,0.00,0.00,0.00,0,0,0.00,0.00,0.00,0,0,0.00,0.00,0,0
1508092748,s2,0.00,0.00,0.00,0,0,0.00,0.00,0.00,0,0,0.00,0.00,0,0
1508092748,s2-eth2,2703.30,127238.77,129942.06,127366,2706,40.96,42.96,83.92,43,41,0.00,0.00,0,0
1508092748,s2-eth1,109484.52,2703.30,112187.81,2706,109594,36.96,40.96,77.92,41,37,0.00,0.00,0,0
1508092748,lo,0.00,0.00,0.00,0,0,0.00,0.00,0.00,0,0,0.00,0.00,0,0
1508092748,total,112187.81,129942.06,242129.88,130072,112300,77.92,83.92,161.84,84,78,0.00,0.00,0,0
1508092749,eth0,0.00,0.00,0.00,0,0,0.00,0.00,0.00,0,0,0.00,0.00,0,0
1508092749,eth1,0.00,0.00,0.00,0,0,0.00,0.00,0.00,0,0,0.00,0.00,0,0
1508092749,s2,0.00,0.00,0.00,0,0,0.00,0.00,0.00,0,0,0.00,0.00,0,0
1508092749,s2-eth2,2538.00,109792.00,112330.00,109792,2538,37.00,40.00,77.00,40,37,0.00,0.00,0,0
1508092749,s2-eth1,124602.00,2670.00,127272.00,2670,124602,45.00,39.00,84.00,39,45,0.00,0.00,0,0
1508092749,lo,0.00,0.00,0.00,0,0,0.00,0.00,0.00,0,0,0.00,0.00,0,0
1508092749,total,127140.00,112462.00,239602.00,112462,127140,82.00,79.00,161.00,79,82,0.00,0.00,0,0
1508092750,eth0,0.00,0.00,0.00,0,0,0.00,0.00,0.00,0,0,0.00,0.00,0,0
1508092750,eth1,0.00,0.00,0.00,0,0,0.00,0.00,0.00,0,0,0.00,0.00,0,0
1508092750,s2,0.00,0.00,0.00,0,0,0.00,0.00,0.00,0,0,0.00,0.00,0,0
1508092750,s2-eth2,3066.00,112952.00,116018.00,112952,3066,45.00,44.00,89.00,44,45,0.00,0.00,0,0
1508092750,s2-eth1,95180.00,2934.00,98114.00,2934,95180,38.00,43.00,81.00,43,38,0.00,0.00,0,0
1508092750,lo,172.00,172.00,344.00,172,172,3.00,3.00,6.00,3,3,0.00,0.00,0,0
1508092750,total,98418.00,116058.00,214476.00,116058,98418,86.00,90.00,176.00,90,86,0.00,0.00,0,0
1508092751,eth0,0.00,0.00,0.00,0,0,0.00,0.00,0.00,0,0,0.00,0.00,0,0
1508092751,eth1,0.00,0.00,0.00,0,0,0.00,0.00,0.00,0,0,0.00,0.00,0,0
1508092751,s2,0.00,0.00,0.00,0,0,0.00,0.00,0.00,0,0,0.00,0.00,0,0
1508092751,s2-eth2,1788.00,71418.00,73206.00,71418,1788,26.00,29.00,55.00,29,26,0.00,0.00,0,0
1508092751,s2-eth1,80646.00,1788.00,82434.00,1788,80646,33.00,26.00,59.00,26,33,0.00,0.00,0,0
1508092751,lo,0.00,0.00,0.00,0,0,0.00,0.00,0.00,0,0,0.00,0.00,0,0
1508092751,total,82434.00,73206.00,155640.00,73206,82434,59.00,55.00,114.00,55,59,0.00,0.00,0,0
1508092752,eth0,0.00,0.00,0.00,0,0,0.00,0.00,0.00,0,0,0.00,0.00,0,0
1508092752,eth1,0.00,0.00,0.00,0,0,0.00,0.00,0.00,0,0,0.00,0.00,0,0
1508092752,s2,0.00,0.00,0.00,0,0,0.00,0.00,0.00,0,0,0.00,0.00,0,0
1508092752,s2-eth2,2241.76,103566.44,105808.20,103670,2244,33.97,34.97,68.93,35,34,0.00,0.00,0,0
1508092752,s2-eth1,88878.12,2241.76,91119.88,2244,88967,30.97,33.97,64.94,34,31,0.00,0.00,0,0
1508092752,lo,0.00,0.00,0.00,0,0,0.00,0.00,0.00,0,0,0.00,0.00,0,0
1508092752,total,91119.88,105808.20,196928.08,105914,91211,64.94,68.93,133.87,69,65,0.00,0.00,0,0
1508092753,eth0,0.00,0.00,0.00,0,0,0.00,0.00,0.00,0,0,0.00,0.00,0,0
1508092753,eth1,0.00,0.00,0.00,0,0,0.00,0.00,0.00,0,0,0.00,0.00,0,0
1508092753,s2,0.00,0.00,0.00,0,0,0.00,0.00,0.00,0,0,0.00,0.00,0,0
1508092753,s2-eth2,2060.94,88813.19,90874.12,88902,2063,30.97,30.97,61.94,31,31,0.00,0.00,0,0
1508092753,s2-eth1,103608.39,2019.98,105628.38,2022,103712,35.96,30.97,66.93,31,36,0.00,0.00,0,0
1508092753,lo,295.70,295.70,591.41,296,296,3.00,3.00,5.99,3,3,0.00,0.00,0,0
1508092753,total,105965.04,91128.88,197093.91,91220,106071,69.93,64.94,134.87,65,70,0.00,0.00,0,0
1508092754,eth0,0.00,0.00,0.00,0,0,0.00,0.00,0.00,0,0,0.00,0.00,0,0
1508092754,eth1,0.00,0.00,0.00,0,0,0.00,0.00,0.00,0,0,0.00,0.00,0,0
1508092754,s2,0.00,0.00,0.00,0,0,0.00,0.00,0.00,0,0,0.00,0.00,0,0
1508092754,s2-eth2,2457.54,103830.17,106287.72,103934,2460,35.96,38.96,74.93,39,36,0.00,0.00,0,0
1508092754,s2-eth1,80157.84,2391.61,82549.45,2394,80238,30.97,34.97,65.93,35,31,0.00,0.00,0,0
1508092754,lo,0.00,0.00,0.00,0,0,0.00,0.00,0.00,0,0,0.00,0.00,0,0
1508092754,total,82615.39,106221.78,188837.17,106328,82698,66.93,73.93,140.86,74,67,0.00,0.00,0,0
1508092755,eth0,0.00,0.00,0.00,0,0,0.00,0.00,0.00,0,0,0.00,0.00,0,0
1508092755,eth1,0.00,0.00,0.00,0,0,0.00,0.00,0.00,0,0,0.00,0.00,0,0
1508092755,s2,0.00,0.00,0.00,0,0,0.00,0.00,0.00,0,0,0.00,0.00,0,0
1508092755,s2-eth2,2247.75,91928.08,94175.83,92020,2250,32.97,33.97,66.93,34,33,0.00,0.00,0,0
1508092755,s2-eth1,106723.28,2247.75,108971.03,2250,106830,38.96,32.97,71.93,33,39,0.00,0.00,0,0
1508092755,lo,0.00,0.00,0.00,0,0,0.00,0.00,0.00,0,0,0.00,0.00,0,0
1508092755,total,108971.03,94175.83,203146.86,94270,109080,71.93,66.93,138.86,67,72,0.00,0.00,0,0
1508092756,eth0,0.00,0.00,0.00,0,0,0.00,0.00,0.00,0,0,0.00,0.00,0,0
1508092756,eth1,0.00,0.00,0.00,0,0,0.00,0.00,0.00,0,0,0.00,0.00,0,0
1508092756,s2,0.00,0.00,0.00,0,0,0.00,0.00,0.00,0,0,0.00,0.00,0,0
1508092756,s2-eth2,2103.90,80157.84,82261.74,80238,2106,30.97,30.97,61.94,31,31,0.00,0.00,0,0
1508092756,s2-eth1,68321.68,2169.83,70491.51,2172,68390,26.97,31.97,58.94,32,27,0.00,0.00,0,0
1508092756,lo,0.00,0.00,0.00,0,0,0.00,0.00,0.00,0,0,0.00,0.00,0,0
1508092756,total,70425.58,82327.67,152753.25,82410,70496,57.94,62.94,120.88,63,58,0.00,0.00,0,0
1508092757,eth0,0.00,0.00,0.00,0,0,0.00,0.00,0.00,0,0,0.00,0.00,0,0
1508092757,eth1,0.00,0.00,0.00,0,0,0.00,0.00,0.00,0,0,0.00,0.00,0,0
1508092757,s2,0.00,0.00,0.00,0,0,0.00,0.00,0.00,0,0,0.00,0.00,0,0
1508092757,s2-eth2,1782.00,82936.00,84718.00,82936,1782,27.00,28.00,55.00,28,27,0.00,0.00,0,0
1508092757,s2-eth1,85898.00,1716.00,87614.00,1716,85898,29.00,26.00,55.00,26,29,0.00,0.00,0,0
1508092757,lo,0.00,0.00,0.00,0,0,0.00,0.00,0.00,0,0,0.00,0.00,0,0
1508092757,total,87680.00,84652.00,172332.00,84652,87680,56.00,54.00,110.00,54,56,0.00,0.00,0,0
1508092758,eth0,0.00,0.00,0.00,0,0,0.00,0.00,0.00,0,0,0.00,0.00,0,0
1508092758,eth1,0.00,0.00,0.00,0,0,0.00,0.00,0.00,0,0,0.00,0.00,0,0
1508092758,s2,0.00,0.00,0.00,0,0,0.00,0.00,0.00,0,0,0.00,0.00,0,0
1508092758,s2-eth2,2178.00,100708.00,102886.00,100708,2178,33.00,34.00,67.00,34,33,0.00,0.00,0,0
1508092758,s2-eth1,97746.00,2178.00,99924.00,2178,97746,33.00,33.00,66.00,33,33,0.00,0.00,0,0
1508092758,lo,172.00,172.00,344.00,172,172,3.00,3.00,6.00,3,3,0.00,0.00,0,0
1508092758,total,100096.00,103058.00,203154.00,103058,100096,69.00,70.00,139.00,70,69,0.00,0.00,0,0
1508092759,eth0,0.00,0.00,0.00,0,0,0.00,0.00,0.00,0,0,0.00,0.00,0,0
1508092759,eth1,0.00,0.00,0.00,0,0,0.00,0.00,0.00,0,0,0.00,0.00,0,0
1508092759,s2,0.00,0.00,0.00,0,0,0.00,0.00,0.00,0,0,0.00,0.00,0,0
1508092759,s2-eth2,2643.36,106855.15,109498.51,106962,2646,38.96,40.96,79.92,41,39,0.00,0.00,0,0
1508092759,s2-eth1,100937.06,2643.36,103580.42,2646,101038,38.96,38.96,77.92,39,39,0.00,0.00,0,0
1508092759,lo,0.00,0.00,0.00,0,0,0.00,0.00,0.00,0,0,0.00,0.00,0,0
1508092759,total,103580.42,109498.51,213078.92,109608,103684,77.92,79.92,157.84,80,78,0.00,0.00,0,0
1508092760,eth0,0.00,0.00,0.00,0,0,0.00,0.00,0.00,0,0,0.00,0.00,0,0
1508092760,eth1,0.00,0.00,0.00,0,0,0.00,0.00,0.00,0,0,0.00,0.00,0,0
1508092760,s2,0.00,0.00,0.00,0,0,0.00,0.00,0.00,0,0,0.00,0.00,0,0
1508092760,s2-eth2,2175.82,103566.44,105742.26,103670,2178,32.97,34.97,67.93,35,33,0.00,0.00,0,0
1508092760,s2-eth1,115402.60,2241.76,117644.36,2244,115518,38.96,33.97,72.93,34,39,0.00,0.00,0,0
1508092760,lo,0.00,0.00,0.00,0,0,0.00,0.00,0.00,0,0,0.00,0.00,0,0
1508092760,total,117578.42,105808.20,223386.62,105914,117696,71.93,68.93,140.86,69,72,0.00,0.00,0,0
1508092761,eth0,0.00,0.00,0.00,0,0,0.00,0.00,0.00,0,0,0.00,0.00,0,0
1508092761,eth1,0.00,0.00,0.00,0,0,0.00,0.00,0.00,0,0,0.00,0.00,0,0
1508092761,s2,0.00,0.00,0.00,0,0,0.00,0.00,0.00,0,0,0.00,0.00,0,0
1508092761,s2-eth2,2772.00,124404.00,127176.00,124404,2772,42.00,42.00,84.00,42,42,0.00,0.00,0,0
1508092761,s2-eth1,109594.00,2706.00,112300.00,2706,109594,37.00,41.00,78.00,41,37,0.00,0.00,0,0
1508092761,lo,0.00,0.00,0.00,0,0,0.00,0.00,0.00,0,0,0.00,0.00,0,0
1508092761,total,112366.00,127110.00,239476.00,127110,112366,79.00,83.00,162.00,83,79,0.00,0.00,0,0
1508092762,eth0,0.00,0.00,0.00,0,0,0.00,0.00,0.00,0,0,0.00,0.00,0,0
1508092762,eth1,0.00,0.00,0.00,0,0,0.00,0.00,0.00,0,0,0.00,0.00,0,0
1508092762,s2,0.00,0.00,0.00,0,0,0.00,0.00,0.00,0,0,0.00,0.00,0,0
1508092762,s2-eth2,2448.00,98076.00,100524.00,98076,2448,36.00,38.00,74.00,38,36,0.00,0.00,0,0
1508092762,s2-eth1,104000.00,2448.00,106448.00,2448,104000,40.00,36.00,76.00,36,40,0.00,0.00,0,0
1508092762,lo,0.00,0.00,0.00,0,0,0.00,0.00,0.00,0,0,0.00,0.00,0,0
1508092762,total,106448.00,100524.00,206972.00,100524,106448,76.00,74.00,150.00,74,76,0.00,0.00,0,0
1508092763,eth0,0.00,0.00,0.00,0,0,0.00,0.00,0.00,0,0,0.00,0.00,0,0
1508092763,eth1,0.00,0.00,0.00,0,0,0.00,0.00,0.00,0,0,0.00,0.00,0,0
1508092763,s2,0.00,0.00,0.00,0,0,0.00,0.00,0.00,0,0,0.00,0.00,0,0
1508092763,s2-eth2,2640.00,118480.00,121120.00,118480,2640,40.00,40.00,80.00,40,40,0.00,0.00,0,0
1508092763,s2-eth1,109594.00,2640.00,112234.00,2640,109594,37.00,40.00,77.00,40,37,0.00,0.00,0,0
1508092763,lo,172.00,172.00,344.00,172,172,3.00,3.00,6.00,3,3,0.00,0.00,0,0
1508092763,total,112406.00,121292.00,233698.00,121292,112406,80.00,83.00,163.00,83,80,0.00,0.00,0,0
1508092764,eth0,0.00,0.00,0.00,0,0,0.00,0.00,0.00,0,0,0.00,0.00,0,0
1508092764,eth1,0.00,0.00,0.00,0,0,0.00,0.00,0.00,0,0,0.00,0.00,0,0
1508092764,s2,0.00,0.00,0.00,0,0,0.00,0.00,0.00,0,0,0.00,0.00,0,0
1508092764,s2-eth2,2279.72,64311.69,66591.41,64376,2282,30.97,31.97,62.94,32,31,0.00,0.00,0,0
1508092764,s2-eth1,68717.28,2279.72,70997.01,2282,68786,32.97,30.97,63.94,31,33,0.00,0.00,0,0
1508092764,lo,0.00,0.00,0.00,0,0,0.00,0.00,0.00,0,0,0.00,0.00,0,0
1508092764,total,70997.01,66591.41,137588.42,66658,71068,63.94,62.94,126.87,63,64,0.00,0.00,0,0
1508092765,eth0,0.00,0.00,0.00,0,0,0.00,0.00,0.00,0,0,0.00,0.00,0,0
1508092765,eth1,0.00,0.00,0.00,0,0,0.00,0.00,0.00,0,0,0.00,0.00,0,0
1508092765,s2,0.00,0.00,0.00,0,0,0.00,0.00,0.00,0,0,0.00,0.00,0,0
1508092765,s2-eth2,1516.48,73976.02,75492.51,74050,1518,22.98,24.98,47.95,25,23,0.00,0.00,0,0
1508092765,s2-eth1,65098.90,1516.48,66615.38,1518,65164,21.98,22.98,44.96,23,22,0.00,0.00,0,0
1508092765,lo,0.00,0.00,0.00,0,0,0.00,0.00,0.00,0,0,0.00,0.00,0,0
1508092765,total,66615.38,75492.51,142107.89,75568,66682,44.96,47.95,92.91,48,45,0.00,0.00,0,0
1508092766,eth0,0.00,0.00,0.00,0,0,0.00,0.00,0.00,0,0,0.00,0.00,0,0
1508092766,eth1,0.00,0.00,0.00,0,0,0.00,0.00,0.00,0,0,0.00,0.00,0,0
1508092766,s2,0.00,0.00,0.00,0,0,0.00,0.00,0.00,0,0,0.00,0.00,0,0
1508092766,s2-eth2,1566.00,65296.00,66862.00,65296,1566,23.00,24.00,47.00,24,23,0.00,0.00,0,0
1508092766,s2-eth1,74182.00,1566.00,75748.00,1566,74182,27.00,23.00,50.00,23,27,0.00,0.00,0,0
1508092766,lo,0.00,0.00,0.00,0,0,0.00,0.00,0.00,0,0,0.00,0.00,0,0
1508092766,total,75748.00,66862.00,142610.00,66862,75748,50.00,47.00,97.00,47,50,0.00,0.00,0,0
1508092767,eth0,0.00,0.00,0.00,0,0,0.00,0.00,0.00,0,0,0.00,0.00,0,0
1508092767,eth1,0.00,0.00,0.00,0,0,0.00,0.00,0.00,0,0,0.00,0.00,0,0
1508092767,s2,0.00,0.00,0.00,0,0,0.00,0.00,0.00,0,0,0.00,0.00,0,0
1508092767,s2-eth2,1848.00,82936.00,84784.00,82936,1848,28.00,28.00,56.00,28,28,0.00,0.00,0,0
1508092767,s2-eth1,71088.00,1848.00,72936.00,1848,71088,24.00,28.00,52.00,28,24,0.00,0.00,0,0
1508092767,lo,0.00,0.00,0.00,0,0,0.00,0.00,0.00,0,0,0.00,0.00,0,0
1508092767,total,72936.00,84784.00,157720.00,84784,72936,52.00,56.00,108.00,56,52,0.00,0.00,0,0
1508092768,eth0,304.00,490.00,794.00,490,304,4.00,4.00,8.00,4,4,0.00,0.00,0,0
1508092768,eth1,0.00,0.00,0.00,0,0,0.00,0.00,0.00,0,0,0.00,0.00,0,0
1508092768,s2,0.00,0.00,0.00,0,0,0.00,0.00,0.00,0,0,0.00,0.00,0,0
1508092768,s2-eth2,2108.00,62466.00,64574.00,62466,2108,26.00,25.00,51.00,25,26,0.00,0.00,0,0
1508092768,s2-eth1,68920.00,1578.00,70498.00,1578,68920,30.00,23.00,53.00,23,30,0.00,0.00,0,0
1508092768,lo,854.00,854.00,1708.00,854,854,11.00,11.00,22.00,11,11,0.00,0.00,0,0
1508092768,total,72186.00,65388.00,137574.00,65388,72186,71.00,63.00,134.00,63,71,0.00,0.00,0,0
1508092769,eth0,455.54,734.27,1189.81,735,456,5.99,5.99,11.99,6,6,0.00,0.00,0,0
1508092769,eth1,0.00,0.00,0.00,0,0,0.00,0.00,0.00,0,0,0.00,0.00,0,0
1508092769,s2,0.00,0.00,0.00,0,0,0.00,0.00,0.00,0,0,0.00,0.00,0,0
1508092769,s2-eth2,3733.27,82853.15,86586.41,82936,3737,38.96,27.97,66.93,28,39,0.00,0.00,0,0
1508092769,s2-eth1,72449.55,1846.15,74295.70,1848,72522,32.97,27.97,60.94,28,33,0.00,0.00,0,0
1508092769,lo,1021.98,1021.98,2043.96,1023,1023,11.99,11.99,23.98,12,12,0.00,0.00,0,0
1508092769,total,77660.34,86455.55,164115.89,86542,77738,89.91,73.93,163.84,74,90,0.00,0.00,0,0
1508092770,eth0,151.85,244.76,396.60,245,152,2.00,2.00,4.00,2,2,0.00,0.00,0,0
1508092770,eth1,0.00,0.00,0.00,0,0,0.00,0.00,0.00,0,0,0.00,0.00,0,0
1508092770,s2,0.00,0.00,0.00,0,0,0.00,0.00,0.00,0,0,0.00,0.00,0,0
1508092770,s2-eth2,2546.45,85812.19,88358.64,85898,2549,30.97,28.97,59.94,29,31,0.00,0.00,0,0
1508092770,s2-eth1,98803.20,1912.09,100715.29,1914,98902,37.96,28.97,66.93,29,38,0.00,0.00,0,0
1508092770,lo,340.66,340.66,681.32,341,341,4.00,4.00,7.99,4,4,0.00,0.00,0,0
1508092770,total,101842.16,88309.70,190151.86,88398,101944,74.93,63.94,138.86,64,75,0.00,0.00,0,0
1508092771,eth0,0.00,0.00,0.00,0,0,0.00,0.00,0.00,0,0,0.00,0.00,0,0
1508092771,eth1,0.00,0.00,0.00,0,0,0.00,0.00,0.00,0,0,0.00,0.00,0,0
1508092771,s2,0.00,0.00,0.00,0,0,0.00,0.00,0.00,0,0,0.00,0.00,0,0
1508092771,s2-eth2,2790.21,67006.99,69797.20,67074,2793,31.97,28.97,60.94,29,32,0.00,0.00,0,0
1508092771,s2-eth1,57285.71,2055.94,59341.66,2058,57343,26.97,28.97,55.94,29,27,0.00,0.00,0,0
1508092771,lo,0.00,0.00,0.00,0,0,0.00,0.00,0.00,0,0,0.00,0.00,0,0
1508092771,total,60075.93,69062.94,129138.87,69132,60136,58.94,57.94,116.88,58,59,0.00,0.00,0,0
1508092772,eth0,0.00,0.00,0.00,0,0,0.00,0.00,0.00,0,0,0.00,0.00,0,0
1508092772,eth1,0.00,0.00,0.00,0,0,0.00,0.00,0.00,0,0,0.00,0.00,0,0
1508092772,s2,0.00,0.00,0.00,0,0,0.00,0.00,0.00,0,0,0.00,0.00,0,0
1508092772,s2-eth2,1298.00,44430.00,45728.00,44430,1298,16.00,15.00,31.00,15,16,0.00,0.00,0,0
1508092772,s2-eth1,50728.00,990.00,51718.00,990,50728,19.00,15.00,34.00,15,19,0.00,0.00,0,0
1508092772,lo,0.00,0.00,0.00,0,0,0.00,0.00,0.00,0,0,0.00,0.00,0,0
1508092772,total,52026.00,45420.00,97446.00,45420,52026,35.00,30.00,65.00,30,35,0.00,0.00,0,0
1508092773,eth0,59.94,59.94,119.88,60,60,1.00,1.00,2.00,1,1,0.00,0.00,0,0
1508092773,eth1,0.00,0.00,0.00,0,0,0.00,0.00,0.00,0,0,0.00,0.00,0,0
1508092773,s2,0.00,0.00,0.00,0,0,0.00,0.00,0.00,0,0,0.00,0.00,0,0
1508092773,s2-eth2,1847.15,68057.95,69905.09,68126,1849,23.98,22.98,46.95,23,24,0.00,0.00,0,0
1508092773,s2-eth1,59577.43,1384.62,60962.04,1386,59637,21.98,20.98,42.96,21,22,0.00,0.00,0,0
1508092773,lo,171.83,171.83,343.66,172,172,3.00,3.00,5.99,3,3,0.00,0.00,0,0
1508092773,total,61656.34,69674.33,131330.67,69744,61718,49.95,47.95,97.90,48,50,0.00,0.00,0,0
1508092774,eth0,0.00,0.00,0.00,0,0,0.00,0.00,0.00,0,0,0.00,0.00,0,0
1508092774,eth1,0.00,0.00,0.00,0,0,0.00,0.00,0.00,0,0,0.00,0.00,0,0
1508092774,s2,0.00,0.00,0.00,0,0,0.00,0.00,0.00,0,0,0.00,0.00,0,0
1508092774,s2-eth2,2046.00,103670.00,105716.00,103670,2046,31.00,35.00,66.00,35,31,0.00,0.00,0,0
1508092774,s2-eth1,109594.00,2112.00,111706.00,2112,109594,37.00,32.00,69.00,32,37,0.00,0.00,0,0
1508092774,lo,0.00,0.00,0.00,0,0,0.00,0.00,0.00,0,0,0.00,0.00,0,0
1508092774,total,111640.00,105782.00,217422.00,105782,111640,68.00,67.00,135.00,67,68,0.00,0.00,0,0
1508092775,eth0,0.00,0.00,0.00,0,0,0.00,0.00,0.00,0,0,0.00,0.00,0,0
1508092775,eth1,0.00,0.00,0.00,0,0,0.00,0.00,0.00,0,0,0.00,0.00,0,0
1508092775,s2,0.00,0.00,0.00,0,0,0.00,0.00,0.00,0,0,0.00,0.00,0,0
1508092775,s2-eth2,4392.00,192794.00,197186.00,192794,4392,64.00,69.00,133.00,69,64,0.00,0.00,0,0
1508092775,s2-eth1,180880.00,4326.00,185206.00,4326,180880,64.00,63.00,127.00,63,64,0.00,0.00,0,0
1508092775,lo,0.00,0.00,0.00,0,0,0.00,0.00,0.00,0,0,0.00,0.00,0,0
1508092775,total,185272.00,197120.00,382392.00,197120,185272,128.00,132.00,260.00,132,128,0.00,0.00,0,0
1508092776,eth0,0.00,0.00,0.00,0,0,0.00,0.00,0.00,0,0,0.00,0.00,0,0
1508092776,eth1,0.00,0.00,0.00,0,0,0.00,0.00,0.00,0,0,0.00,0.00,0,0
1508092776,s2,0.00,0.00,0.00,0,0,0.00,0.00,0.00,0,0,0.00,0.00,0,0
1508092776,s2-eth2,4607.00,189832.00,194439.00,189832,4607,67.00,68.00,135.00,68,67,0.00,0.00,0,0
1508092776,s2-eth1,184081.00,4500.00,188581.00,4500,184081,68.00,66.00,134.00,66,68,0.00,0.00,0,0
1508092776,lo,0.00,0.00,0.00,0,0,0.00,0.00,0.00,0,0,0.00,0.00,0,0
1508092776,total,188688.00,194332.00,383020.00,194332,188688,135.00,134.00,269.00,134,135,0.00,0.00,0,0
1508092777,eth0,0.00,0.00,0.00,0,0,0.00,0.00,0.00,0,0,0.00,0.00,0,0
1508092777,eth1,0.00,0.00,0.00,0,0,0.00,0.00,0.00,0,0,0.00,0.00,0,0
1508092777,s2,0.00,0.00,0.00,0,0,0.00,0.00,0.00,0,0,0.00,0.00,0,0
1508092777,s2-eth2,3700.00,130526.00,134226.00,130526,3700,50.00,47.00,97.00,47,50,0.00,0.00,0,0
1508092777,s2-eth1,130938.00,3288.00,134226.00,3288,130938,49.00,48.00,97.00,48,49,0.00,0.00,0,0
1508092777,lo,0.00,0.00,0.00,0,0,0.00,0.00,0.00,0,0,0.00,0.00,0,0
1508092777,total,134638.00,133814.00,268452.00,133814,134638,99.00,95.00,194.00,95,99,0.00,0.00,0,0
1508092778,eth0,0.00,0.00,0.00,0,0,0.00,0.00,0.00,0,0,0.00,0.00,0,0
1508092778,eth1,0.00,0.00,0.00,0,0,0.00,0.00,0.00,0,0,0.00,0.00,0,0
1508092778,s2,0.00,0.00,0.00,0,0,0.00,0.00,0.00,0,0,0.00,0.00,0,0
1508092778,s2-eth2,2904.00,133290.00,136194.00,133290,2904,44.00,45.00,89.00,45,44,0.00,0.00,0,0
1508092778,s2-eth1,136252.00,2904.00,139156.00,2904,136252,46.00,44.00,90.00,44,46,0.00,0.00,0,0
1508092778,lo,172.00,172.00,344.00,172,172,3.00,3.00,6.00,3,3,0.00,0.00,0,0
1508092778,total,139328.00,136366.00,275694.00,136366,139328,93.00,92.00,185.00,92,93,0.00,0.00,0,0
1508092779,eth0,0.00,0.00,0.00,0,0,0.00,0.00,0.00,0,0,0.00,0.00,0,0
1508092779,eth1,0.00,0.00,0.00,0,0,0.00,0.00,0.00,0,0,0.00,0.00,0,0
1508092779,s2,0.00,0.00,0.00,0,0,0.00,0.00,0.00,0,0,0.00,0.00,0,0
1508092779,s2-eth2,3414.59,124873.13,128287.72,124998,3418,48.95,50.95,99.90,51,49,0.00,0.00,0,0
1508092779,s2-eth1,118955.05,3480.52,122435.57,3484,119074,48.95,49.95,98.90,50,49,0.00,0.00,0,0
1508092779,lo,0.00,0.00,0.00,0,0,0.00,0.00,0.00,0,0,0.00,0.00,0,0
1508092779,total,122369.63,128353.65,250723.28,128482,122492,97.90,100.90,198.80,101,98,0.00,0.00,0,0
1508092780,eth0,0.00,0.00,0.00,0,0,0.00,0.00,0.00,0,0,0.00,0.00,0,0
1508092780,eth1,0.00,0.00,0.00,0,0,0.00,0.00,0.00,0,0,0.00,0.00,0,0
1508092780,s2,0.00,0.00,0.00,0,0,0.00,0.00,0.00,0,0,0.00,0.00,0,0
1508092780,s2-eth2,3536.46,136577.42,140113.89,136714,3540,51.95,52.95,104.90,53,52,0.00,0.00,0,0
1508092780,s2-eth1,127700.30,3470.53,131170.83,3474,127828,49.95,50.95,100.90,51,50,0.00,0.00,0,0
1508092780,lo,0.00,0.00,0.00,0,0,0.00,0.00,0.00,0,0,0.00,0.00,0,0
1508092780,total,131236.77,140047.95,271284.72,140188,131368,101.90,103.90,205.79,104,102,0.00,0.00,0,0
1508092781,eth0,0.00,0.00,0.00,0,0,0.00,0.00,0.00,0,0,0.00,0.00,0,0
1508092781,eth1,0.00,0.00,0.00,0,0,0.00,0.00,0.00,0,0,0.00,0.00,0,0
1508092781,s2,0.00,0.00,0.00,0,0,0.00,0.00,0.00,0,0,0.00,0.00,0,0
1508092781,s2-eth2,2898.00,132040.00,134938.00,132040,2898,43.00,48.00,91.00,48,43,0.00,0.00,0,0
1508092781,s2-eth1,139346.00,2976.00,142322.00,2976,139346,49.00,44.00,93.00,44,49,0.00,0.00,0,0
1508092781,lo,0.00,0.00,0.00,0,0,0.00,0.00,0.00,0,0,0.00,0.00,0,0
1508092781,total,142244.00,135016.00,277260.00,135016,142244,92.00,92.00,184.00,92,92,0.00,0.00,0,0
1508092782,eth0,0.00,0.00,0.00,0,0,0.00,0.00,0.00,0,0,0.00,0.00,0,0
1508092782,eth1,0.00,0.00,0.00,0,0,0.00,0.00,0.00,0,0,0.00,0.00,0,0
1508092782,s2,0.00,0.00,0.00,0,0,0.00,0.00,0.00,0,0,0.00,0.00,0,0
1508092782,s2-eth2,3140.86,117178.83,120319.68,117296,3144,45.95,43.96,89.91,44,46,0.00,0.00,0,0
1508092782,s2-eth1,112839.16,3062.94,115902.10,3066,112952,43.96,44.96,88.91,45,44,0.00,0.00,0,0
1508092782,lo,0.00,0.00,0.00,0,0,0.00,0.00,0.00,0,0,0.00,0.00,0,0
1508092782,total,115980.02,120241.76,236221.78,120362,116096,89.91,88.91,178.82,89,90,0.00,0.00,0,0
1508092783,eth0,0.00,0.00,0.00,0,0,0.00,0.00,0.00,0,0,0.00,0.00,0,0
1508092783,eth1,0.00,0.00,0.00,0,0,0.00,0.00,0.00,0,0,0.00,0.00,0,0
1508092783,s2,0.00,0.00,0.00,0,0,0.00,0.00,0.00,0,0,0.00,0.00,0,0
1508092783,s2-eth2,2526.00,103868.00,106394.00,103868,2526,37.00,38.00,75.00,38,37,0.00,0.00,0,0
1508092783,s2-eth1,97944.00,2526.00,100470.00,2526,97944,36.00,37.00,73.00,37,36,0.00,0.00,0,0
1508092783,lo,172.00,172.00,344.00,172,172,3.00,3.00,6.00,3,3,0.00,0.00,0,0
1508092783,total,100642.00,106566.00,207208.00,106566,100642,76.00,78.00,154.00,78,76,0.00,0.00,0,0
1508092784,eth0,0.00,0.00,0.00,0,0,0.00,0.00,0.00,0,0,0.00,0.00,0,0
1508092784,eth1,0.00,0.00,0.00,0,0,0.00,0.00,0.00,0,0,0.00,0.00,0,0
1508092784,s2,0.00,0.00,0.00,0,0,0.00,0.00,0.00,0,0,0.00,0.00,0,0
1508092784,s2-eth2,2045.00,73438.00,75483.00,73438,2045,30.00,27.00,57.00,27,30,0.00,0.00,0,0
1508092784,s2-eth1,79403.00,1938.00,81341.00,1938,79403,29.00,29.00,58.00,29,29,0.00,0.00,0,0
1508092784,lo,0.00,0.00,0.00,0,0,0.00,0.00,0.00,0,0,0.00,0.00,0,0
1508092784,total,81448.00,75376.00,156824.00,75376,81448,59.00,56.00,115.00,56,59,0.00,0.00,0,0
1508092785,eth0,0.00,0.00,0.00,0,0,0.00,0.00,0.00,0,0,0.00,0.00,0,0
1508092785,eth1,0.00,0.00,0.00,0,0,0.00,0.00,0.00,0,0,0.00,0.00,0,0
1508092785,s2,0.00,0.00,0.00,0,0,0.00,0.00,0.00,0,0,0.00,0.00,0,0
1508092785,s2-eth2,42.00,42.00,84.00,42,42,1.00,1.00,2.00,1,1,0.00,0.00,0,0
1508092785,s2-eth1,108.00,42.00,150.00,42,108,2.00,1.00,3.00,1,2,0.00,0.00,0,0
1508092785,lo,0.00,0.00,0.00,0,0,0.00,0.00,0.00,0,0,0.00,0.00,0,0
1508092785,total,150.00,84.00,234.00,84,150,3.00,2.00,5.00,2,3,0.00,0.00,0,0
1508092786,eth0,0.00,0.00,0.00,0,0,0.00,0.00,0.00,0,0,0.00,0.00,0,0
1508092786,eth1,0.00,0.00,0.00,0,0,0.00,0.00,0.00,0,0,0.00,0.00,0,0
1508092786,s2,0.00,0.00,0.00,0,0,0.00,0.00,0.00,0,0,0.00,0.00,0,0
1508092786,s2-eth2,0.00,0.00,0.00,0,0,0.00,0.00,0.00,0,0,0.00,0.00,0,0
1508092786,s2-eth1,0.00,0.00,0.00,0,0,0.00,0.00,0.00,0,0,0.00,0.00,0,0
1508092786,lo,0.00,0.00,0.00,0,0,0.00,0.00,0.00,0,