1508087177,s1,0.00,0.00,0.00,0,0,0.00,0.00,0.00,0,0,0.00,0.00,0,0
1508087177,eth0,0.00,0.00,0.00,0,0,0.00,0.00,0.00,0,0,0.00,0.00,0,0
1508087177,eth1,0.00,0.00,0.00,0,0,0.00,0.00,0.00,0,0,0.00,0.00,0,0
1508087177,s2,0.00,0.00,0.00,0,0,0.00,0.00,0.00,0,0,0.00,0.00,0,0
1508087177,s1-eth2,0.00,0.00,0.00,0,0,0.00,0.00,0.00,0,0,0.00,0.00,0,0
1508087177,s1-eth1,0.00,0.00,0.00,0,0,0.00,0.00,0.00,0,0,0.00,0.00,0,0
1508087177,s2-eth2,0.00,0.00,0.00,0,0,0.00,0.00,0.00,0,0,0.00,0.00,0,0
1508087177,s2-eth1,0.00,0.00,0.00,0,0,0.00,0.00,0.00,0,0,0.00,0.00,0,0
1508087177,lo,0.00,0.00,0.00,0,0,0.00,0.00,0.00,0,0,0.00,0.00,0,0
1508087177,total,0.00,0.00,0.00,0,0,0.00,0.00,0.00,0,0,0.00,0.00,0,0
1508087178,s1,0.00,0.00,0.00,0,0,0.00,0.00,0.00,0,0,0.00,0.00,0,0
1508087178,eth0,0.00,0.00,0.00,0,0,0.00,0.00,0.00,0,0,0.00,0.00,0,0
1508087178,eth1,0.00,0.00,0.00,0,0,0.00,0.00,0.00,0,0,0.00,0.00,0,0
1508087178,s2,0.00,0.00,0.00,0,0,0.00,0.00,0.00,0,0,0.00,0.00,0,0
1508087178,s1-eth2,0.00,0.00,0.00,0,0,0.00,0.00,0.00,0,0,0.00,0.00,0,0
1508087178,s1-eth1,0.00,0.00,0.00,0,0,0.00,0.00,0.00,0,0,0.00,0.00,0,0
1508087178,s2-eth2,0.00,0.00,0.00,0,0,0.00,0.00,0.00,0,0,0.00,0.00,0,0
1508087178,s2-eth1,0.00,0.00,0.00,0,0,0.00,0.00,0.00,0,0,0.00,0.00,0,0
1508087178,lo,0.00,0.00,0.00,0,0,0.00,0.00,0.00,0,0,0.00,0.00,0,0
1508087178,total,0.00,0.00,0.00,0,0,0.00,0.00,0.00,0,0,0.00,0.00,0,0
1508087179,s1,0.00,0.00,0.00,0,0,0.00,0.00,0.00,0,0,0.00,0.00,0,0
1508087179,eth0,0.00,0.00,0.00,0,0,0.00,0.00,0.00,0,0,0.00,0.00,0,0
1508087179,eth1,0.00,0.00,0.00,0,0,0.00,0.00,0.00,0,0,0.00,0.00,0,0
1508087179,s2,0.00,0.00,0.00,0,0,0.00,0.00,0.00,0,0,0.00,0.00,0,0
1508087179,s1-eth2,0.00,0.00,0.00,0,0,0.00,0.00,0.00,0,0,0.00,0.00,0,0
1508087179,s1-eth1,0.00,0.00,0.00,0,0,0.00,0.00,0.00,0,0,0.00,0.00,0,0
1508087179,s2-eth2,0.00,0.00,0.00,0,0,0.00,0.00,0.00,0,0,0.00,0.00,0,0
1508087179,s2-eth1,0.00,0.00,0.00,0,0,0.00,0.00,0.00,0,0,0.00,0.00,0,0
1508087179,lo,0.00,0.00,0.00,0,0,0.00,0.00,0.00,0,0,0.00,0.00,0,0
1508087179,total,0.00,0.00,0.00,0,0,0.00,0.00,0.00,0,0,0.00,0.00,0,0
1508087180,s1,0.00,0.00,0.00,0,0,0.00,0.00,0.00,0,0,0.00,0.00,0,0
1508087180,eth0,0.00,0.00,0.00,0,0,0.00,0.00,0.00,0,0,0.00,0.00,0,0
1508087180,eth1,0.00,0.00,0.00,0,0,0.00,0.00,0.00,0,0,0.00,0.00,0,0
1508087180,s2,0.00,0.00,0.00,0,0,0.00,0.00,0.00,0,0,0.00,0.00,0,0
1508087180,s1-eth2,0.00,0.00,0.00,0,0,0.00,0.00,0.00,0,0,0.00,0.00,0,0
1508087180,s1-eth1,0.00,0.00,0.00,0,0,0.00,0.00,0.00,0,0,0.00,0.00,0,0
1508087180,s2-eth2,0.00,0.00,0.00,0,0,0.00,0.00,0.00,0,0,0.00,0.00,0,0
1508087180,s2-eth1,0.00,0.00,0.00,0,0,0.00,0.00,0.00,0,0,0.00,0.00,0,0
1508087180,lo,0.00,0.00,0.00,0,0,0.00,0.00,0.00,0,0,0.00,0.00,0,0
1508087180,total,0.00,0.00,0.00,0,0,0.00,0.00,0.00,0,0,0.00,0.00,0,0
1508087181,s1,0.00,0.00,0.00,0,0,0.00,0.00,0.00,0,0,0.00,0.00,0,0
1508087181,eth0,0.00,0.00,0.00,0,0,0.00,0.00,0.00,0,0,0.00,0.00,0,0
1508087181,eth1,0.00,0.00,0.00,0,0,0.00,0.00,0.00,0,0,0.00,0.00,0,0
1508087181,s2,0.00,0.00,0.00,0,0,0.00,0.00,0.00,0,0,0.00,0.00,0,0
1508087181,s1-eth2,0.00,0.00,0.00,0,0,0.00,0.00,0.00,0,0,0.00,0.00,0,0
1508087181,s1-eth1,0.00,0.00,0.00,0,0,0.00,0.00,0.00,0,0,0.00,0.00,0,0
1508087181,s2-eth2,0.00,0.00,0.00,0,0,0.00,0.00,0.00,0,0,0.00,0.00,0,0
1508087181,s2-eth1,0.00,0.00,0.00,0,0,0.00,0.00,0.00,0,0,0.00,0.00,0,0
1508087181,lo,344.00,344.00,688.00,344,344,6.00,6.00,12.00,6,6,0.00,0.00,0,0
1508087181,total,344.00,344.00,688.00,344,344,6.00,6.00,12.00,6,6,0.00,0.00,0,0
1508087182,s1,0.00,0.00,0.00,0,0,0.00,0.00,0.00,0,0,0.00,0.00,0,0
1508087182,eth0,0.00,0.00,0.00,0,0,0.00,0.00,0.00,0,0,0.00,0.00,0,0
1508087182,eth1,0.00,0.00,0.00,0,0,0.00,0.00,0.00,0,0,0.00,0.00,0,0
1508087182,s2,0.00,0.00,0.00,0,0,0.00,0.00,0.00,0,0,0.00,0.00,0,0
1508087182,s1-eth2,106.89,0.00,106.89,0,107,1.00,0.00,1.00,0,1,0.00,0.00,0,0
1508087182,s1-eth1,106.89,0.00,106.89,0,107,1.00,0.00,1.00,0,1,0.00,0.00,0,0
1508087182,s2-eth2,0.00,0.00,0.00,0,0,0.00,0.00,0.00,0,0,0.00,0.00,0,0
1508087182,s2-eth1,341.66,0.00,341.66,0,342,1.00,0.00,1.00,0,1,0.00,0.00,0,0
1508087182,lo,0.00,0.00,0.00,0,0,0.00,0.00,0.00,0,0,0.00,0.00,0,0
1508087182,total,555.44,0.00,555.44,0,556,3.00,0.00,3.00,0,3,0.00,0.00,0,0
1508087183,s1,0.00,0.00,0.00,0,0,0.00,0.00,0.00,0,0,0.00,0.00,0,0
1508087183,eth0,0.00,0.00,0.00,0,0,0.00,0.00,0.00,0,0,0.00,0.00,0,0
1508087183,eth1,0.00,0.00,0.00,0,0,0.00,0.00,0.00,0,0,0.00,0.00,0,0
1508087183,s2,0.00,0.00,0.00,0,0,0.00,0.00,0.00,0,0,0.00,0.00,0,0
1508087183,s1-eth2,342.00,0.00,342.00,0,342,1.00,0.00,1.00,0,1,0.00,0.00,0,0
1508087183,s1-eth1,0.00,0.00,0.00,0,0,0.00,0.00,0.00,0,0,0.00,0.00,0,0
1508087183,s2-eth2,107.00,0.00,107.00,0,107,1.00,0.00,1.00,0,1,0.00,0.00,0,0
1508087183,s2-eth1,107.00,0.00,107.00,0,107,1.00,0.00,1.00,0,1,0.00,0.00,0,0
1508087183,lo,0.00,0.00,0.00,0,0,0.00,0.00,0.00,0,0,0.00,0.00,0,0
1508087183,total,556.00,0.00,556.00,0,556,3.00,0.00,3.00,0,3,0.00,0.00,0,0
1508087184,s1,0.00,0.00,0.00,0,0,0.00,0.00,0.00,0,0,0.00,0.00,0,0
1508087184,eth0,0.00,0.00,0.00,0,0,0.00,0.00,0.00,0,0,0.00,0.00,0,0
1508087184,eth1,0.00,0.00,0.00,0,0,0.00,0.00,0.00,0,0,0.00,0.00,0,0
1508087184,s2,0.00,0.00,0.00,0,0,0.00,0.00,0.00,0,0,0.00,0.00,0,0
1508087184,s1-eth2,0.00,0.00,0.00,0,0,0.00,0.00,0.00,0,0,0.00,0.00,0,0
1508087184,s1-eth1,342.00,0.00,342.00,0,342,1.00,0.00,1.00,0,1,0.00,0.00,0,0
1508087184,s2-eth2,0.00,0.00,0.00,0,0,0.00,0.00,0.00,0,0,0.00,0.00,0,0
1508087184,s2-eth1,0.00,0.00,0.00,0,0,0.00,0.00,0.00,0,0,0.00,0.00,0,0
1508087184,lo,0.00,0.00,0.00,0,0,0.00,0.00,0.00,0,0,0.00,0.00,0,0
1508087184,total,342.00,0.00,342.00,0,342,1.00,0.00,1.00,0,1,0.00,0.00,0,0
1508087185,s1,0.00,0.00,0.00,0,0,0.00,0.00,0.00,0,0,0.00,0.00,0,0
1508087185,eth0,0.00,0.00,0.00,0,0,0.00,0.00,0.00,0,0,0.00,0.00,0,0
1508087185,eth1,0.00,0.00,0.00,0,0,0.00,0.00,0.00,0,0,0.00,0.00,0,0
1508087185,s2,0.00,0.00,0.00,0,0,0.00,0.00,0.00,0,0,0.00,0.00,0,0
1508087185,s1-eth2,0.00,0.00,0.00,0,0,0.00,0.00,0.00,0,0,0.00,0.00,0,0
1508087185,s1-eth1,0.00,0.00,0.00,0,0,0.00,0.00,0.00,0,0,0.00,0.00,0,0
1508087185,s2-eth2,0.00,0.00,0.00,0,0,0.00,0.00,0.00,0,0,0.00,0.00,0,0
1508087185,s2-eth1,0.00,0.00,0.00,0,0,0.00,0.00,0.00,0,0,0.00,0.00,0,0
1508087185,lo,0.00,0.00,0.00,0,0,0.00,0.00,0.00,0,0,0.00,0.00,0,0
1508087185,total,0.00,0.00,0.00,0,0,0.00,0.00,0.00,0,0,0.00,0.00,0,0
1508087186,s1,0.00,0.00,0.00,0,0,0.00,0.00,0.00,0,0,0.00,0.00,0,0
1508087186,eth0,0.00,0.00,0.00,0,0,0.00,0.00,0.00,0,0,0.00,0.00,0,0
1508087186,eth1,0.00,0.00,0.00,0,0,0.00,0.00,0.00,0,0,0.00,0.00,0,0
1508087186,s2,0.00,0.00,0.00,0,0,0.00,0.00,0.00,0,0,0.00,0.00,0,0
1508087186,s1-eth2,0.00,0.00,0.00,0,0,0.00,0.00,0.00,0,0,0.00,0.00,0,0
1508087186,s1-eth1,0.00,0.00,0.00,0,0,0.00,0.00,0.00,0,0,0.00,0.00,0,0
1508087186,s2-eth2,0.00,0.00,0.00,0,0,0.00,0.00,0.00,0,0,0.00,0.00,0,0
1508087186,s2-eth1,0.00,0.00,0.00,0,0,0.00,0.00,0.00,0,0,0.00,0.00,0,0
1508087186,lo,344.00,344.00,688.00,344,344,6.00,6.00,12.00,6,6,0.00,0.00,0,0
1508087186,total,344.00,344.00,688.00,344,344,6.00,6.00,12.00,6,6,0.00,0.00,0,0
1508087187,s1,0.00,0.00,0.00,0,0,0.00,0.00,0.00,0,0,0.00,0.00,0,0
1508087187,eth0,0.00,0.00,0.00,0,0,0.00,0.00,0.00,0,0,0.00,0.00,0,0
1508087187,eth1,0.00,0.00,0.00,0,0,0.00,0.00,0.00,0,0,0.00,0.00,0,0
1508087187,s2,0.00,0.00,0.00,0,0,0.00,0.00,0.00,0,0,0.00,0.00,0,0
1508087187,s1-eth2,0.00,0.00,0.00,0,0,0.00,0.00,0.00,0,0,0.00,0.00,0,0
1508087187,s1-eth1,0.00,0.00,0.00,0,0,0.00,0.00,0.00,0,0,0.00,0.00,0,0
1508087187,s2-eth2,0.00,0.00,0.00,0,0,0.00,0.00,0.00,0,0,0.00,0.00,0,0
1508087187,s2-eth1,0.00,0.00,0.00,0,0,0.00,0.00,0.00,0,0,0.00,0.00,0,0
1508087187,lo,0.00,0.00,0.00,0,0,0.00,0.00,0.00,0,0,0.00,0.00,0,0
1508087187,total,0.00,0.00,0.00,0,0,0.00,0.00,0.00,0,0,0.00,0.00,0,0
1508087188,s1,0.00,0.00,0.00,0,0,0.00,0.00,0.00,0,0,0.00,0.00,0,0
1508087188,eth0,0.00,0.00,0.00,0,0,0.00,0.00,0.00,0,0,0.00,0.00,0,0
1508087188,eth1,0.00,0.00,0.00,0,0,0.00,0.00,0.00,0,0,0.00,0.00,0,0
1508087188,s2,0.00,0.00,0.00,0,0,0.00,0.00,0.00,0,0,0.00,0.00,0,0
1508087188,s1-eth2,0.00,0.00,0.00,0,0,0.00,0.00,0.00,0,0,0.00,0.00,0,0
1508087188,s1-eth1,0.00,0.00,0.00,0,0,0.00,0.00,0.00,0,0,0.00,0.00,0,0
1508087188,s2-eth2,0.00,0.00,0.00,0,0,0.00,0.00,0.00,0,0,0.00,0.00,0,0
1508087188,s2-eth1,341.66,0.00,341.66,0,342,1.00,0.00,1.00,0,1,0.00,0.00,0,0
1508087188,lo,0.00,0.00,0.00,0,0,0.00,0.00,0.00,0,0,0.00,0.00,0,0
1508087188,total,341.66,0.00,341.66,0,342,1.00,0.00,1.00,0,1,0.00,0.00,0,0
1508087189,s1,0.00,0.00,0.00,0,0,0.00,0.00,0.00,0,0,0.00,0.00,0,0
1508087189,eth0,0.00,0.00,0.00,0,0,0.00,0.00,0.00,0,0,0.00,0.00,0,0
1508087189,eth1,0.00,0.00,0.00,0,0,0.00,0.00,0.00,0,0,0.00,0.00,0,0
1508087189,s2,0.00,0.00,0.00,0,0,0.00,0.00,0.00,0,0,0.00,0.00,0,0
1508087189,s1-eth2,342.00,0.00,342.00,0,342,1.00,0.00,1.00,0,1,0.00,0.00,0,0
1508087189,s1-eth1,0.00,0.00,0.00,0,0,0.00,0.00,0.00,0,0,0.00,0.00,0,0
1508087189,s2-eth2,342.00,0.00,342.00,0,342,1.00,0.00,1.00,0,1,0.00,0.00,0,0
1508087189,s2-eth1,0.00,0.00,0.00,0,0,0.00,0.00,0.00,0,0,0.00,0.00,0,0
1508087189,lo,0.00,0.00,0.00,0,0,0.00,0.00,0.00,0,0,0.00,0.00,0,0
1508087189,total,684.00,0.00,684.00,0,684,2.00,0.00,2.00,0,2,0.00,0.00,0,0
1508087190,s1,0.00,0.00,0.00,0,0,0.00,0.00,0.00,0,0,0.00,0.00,0,0
1508087190,eth0,0.00,0.00,0.00,0,0,0.00,0.00,0.00,0,0,0.00,0.00,0,0
1508087190,eth1,0.00,0.00,0.00,0,0,0.00,0.00,0.00,0,0,0.00,0.00,0,0
1508087190,s2,0.00,0.00,0.00,0,0,0.00,0.00,0.00,0,0,0.00,0.00,0,0
1508087190,s1-eth2,0.00,0.00,0.00,0,0,0.00,0.00,0.00,0,0,0.00,0.00,0,0
1508087190,s1-eth1,0.00,0.00,0.00,0,0,0.00,0.00,0.00,0,0,0.00,0.00,0,0
1508087190,s2-eth2,0.00,0.00,0.00,0,0,0.00,0.00,0.00,0,0,0.00,0.00,0,0
1508087190,s2-eth1,0.00,0.00,0.00,0,0,0.00,0.00,0.00,0,0,0.00,0.00,0,0
1508087190,lo,0.00,0.00,0.00,0,0,0.00,0.00,0.00,0,0,0.00,0.00,0,0
1508087190,total,0.00,0.00,0.00,0,0,0.00,0.00,0.00,0,0,0.00,0.00,0,0
1508087191,s1,0.00,0.00,0.00,0,0,0.00,0.00,0.00,0,0,0.00,0.00,0,0
1508087191,eth0,0.00,0.00,0.00,0,0,0.00,0.00,0.00,0,0,0.00,0.00,0,0
1508087191,eth1,0.00,0.00,0.00,0,0,0.00,0.00,0.00,0,0,0.00,0.00,0,0
1508087191,s2,0.00,0.00,0.00,0,0,0.00,0.00,0.00,0,0,0.00,0.00,0,0
1508087191,s1-eth2,0.00,0.00,0.00,0,0,0.00,0.00,0.00,0,0,0.00,0.00,0,0
1508087191,s1-eth1,0.00,0.00,0.00,0,0,0.00,0.00,0.00,0,0,0.00,0.00,0,0
1508087191,s2-eth2,0.00,0.00,0.00,0,0,0.00,0.00,0.00,0,0,0.00,0.00,0,0
1508087191,s2-eth1,0.00,0.00,0.00,0,0,0.00,0.00,0.00,0,0,0.00,0.00,0,0
1508087191,lo,344.00,344.00,688.00,344,344,6.00,6.00,12.00,6,6,0.00,0.00,0,0
1508087191,total,344.00,344.00,688.00,344,344,6.00,6.00,12.00,6,6,0.00,0.00,0,0
1508087192,s1,0.00,0.00,0.00,0,0,0.00,0.00,0.00,0,0,0.00,0.00,0,0
1508087192,eth0,0.00,0.00,0.00,0,0,0.00,0.00,0.00,0,0,0.00,0.00,0,0
1508087192,eth1,0.00,0.00,0.00,0,0,0.00,0.00,0.00,0,0,0.00,0.00,0,0
1508087192,s2,0.00,0.00,0.00,0,0,0.00,0.00,0.00,0,0,0.00,0.00,0,0
1508087192,s1-eth2,0.00,0.00,0.00,0,0,0.00,0.00,0.00,0,0,0.00,0.00,0,0
1508087192,s1-eth1,0.00,0.00,0.00,0,0,0.00,0.00,0.00,0,0,0.00,0.00,0,0
1508087192,s2-eth2,0.00,0.00,0.00,0,0,0.00,0.00,0.00,0,0,0.00,0.00,0,0
1508087192,s2-eth1,0.00,0.00,0.00,0,0,0.00,0.00,0.00,0,0,0.00,0.00,0,0
1508087192,lo,0.00,0.00,0.00,0,0,0.00,0.00,0.00,0,0,0.00,0.00,0,0
1508087192,total,0.00,0.00,0.00,0,0,0.00,0.00,0.00,0,0,0.00,0.00,0,0
1508087193,s1,0.00,0.00,0.00,0,0,0.00,0.00,0.00,0,0,0.00,0.00,0,0
1508087193,eth0,0.00,0.00,0.00,0,0,0.00,0.00,0.00,0,0,0.00,0.00,0,0
1508087193,eth1,0.00,0.00,0.00,0,0,0.00,0.00,0.00,0,0,0.00,0.00,0,0
1508087193,s2,0.00,0.00,0.00,0,0,0.00,0.00,0.00,0,0,0.00,0.00,0,0
1508087193,s1-eth2,0.00,0.00,0.00,0,0,0.00,0.00,0.00,0,0,0.00,0.00,0,0
1508087193,s1-eth1,0.00,0.00,0.00,0,0,0.00,0.00,0.00,0,0,0.00,0.00,0,0
1508087193,s2-eth2,0.00,0.00,0.00,0,0,0.00,0.00,0.00,0,0,0.00,0.00,0,0
1508087193,s2-eth1,0.00,0.00,0.00,0,0,0.00,0.00,0.00,0,0,0.00,0.00,0,0
1508087193,lo,0.00,0.00,0.00,0,0,0.00,0.00,0.00,0,0,0.00,0.00,0,0
1508087193,total,0.00,0.00,0.00,0,0,0.00,0.00,0.00,0,0,0.00,0.00,0,0
1508087194,s1,0.00,0.00,0.00,0,0,0.00,0.00,0.00,0,0,0.00,0.00,0,0
1508087194,eth0,0.00,0.00,0.00,0,0,0.00,0.00,0.00,0,0,0.00,0.00,0,0
1508087194,eth1,0.00,0.00,0.00,0,0,0.00,0.00,0.00,0,0,0.00,0.00,0,0
1508087194,s2,0.00,0.00,0.00,0,0,0.00,0.00,0.00,0,0,0.00,0.00,0,0
1508087194,s1-eth2,0.00,0.00,0.00,0,0,0.00,0.00,0.00,0,0,0.00,0.00,0,0
1508087194,s1-eth1,0.00,0.00,0.00,0,0,0.00,0.00,0.00,0,0,0.00,0.00,0,0
1508087194,s2-eth2,0.00,0.00,0.00,0,0,0.00,0.00,0.00,0,0,0.00,0.00,0,0
1508087194,s2-eth1,0.00,0.00,0.00,0,0,0.00,0.00,0.00,0,0,0.00,0.00,0,0
1508087194,lo,0.00,0.00,0.00,0,0,0.00,0.00,0.00,0,0,0.00,0.00,0,0
1508087194,total,0.00,0.00,0.00,0,0,0.00,0.00,0.00,0,0,0.00,0.00,0,0
1508087195,s1,0.00,0.00,0.00,0,0,0.00,0.00,0.00,0,0,0.00,0.00,0,0
1508087195,eth0,0.00,0.00,0.00,0,0,0.00,0.00,0.00,0,0,0.00,0.00,0,0
1508087195,eth1,0.00,0.00,0.00,0,0,0.00,0.00,0.00,0,0,0.00,0.00,0,0
1508087195,s2,0.00,0.00,0.00,0,0,0.00,0.00,0.00,0,0,0.00,0.00,0,0
1508087195,s1-eth2,0.00,0.00,0.00,0,0,0.00,0.00,0.00,0,0,0.00,0.00,0,0
1508087195,s1-eth1,0.00,0.00,0.00,0,0,0.00,0.00,0.00,0,0,0.00,0.00,0,0
1508087195,s2-eth2,0.00,0.00,0.00,0,0,0.00,0.00,0.00,0,0,0.00,0.00,0,0
1508087195,s2-eth1,0.00,0.00,0.00,0,0,0.00,0.00,0.00,0,0,0.00,0.00,0,0
1508087195,lo,0.00,0.00,0.00,0,0,0.00,0.00,0.00,0,0,0.00,0.00,0,0
1508087195,total,0.00,0.00,0.00,0,0,0.00,0.00,0.00,0,0,0.00,0.00,0,0
1508087196,s1,0.00,0.00,0.00,0,0,0.00,0.00,0.00,0,0,0.00,0.00,0,0
1508087196,eth0,0.00,0.00,0.00,0,0,0.00,0.00,0.00,0,0,0.00,0.00,0,0
1508087196,eth1,0.00,0.00,0.00,0,0,0.00,0.00,0.00,0,0,0.00,0.00,0,0
1508087196,s2,0.00,0.00,0.00,0,0,0.00,0.00,0.00,0,0,0.00,0.00,0,0
1508087196,s1-eth2,0.00,0.00,0.00,0,0,0.00,0.00,0.00,0,0,0.00,0.00,0,0
1508087196,s1-eth1,0.00,0.00,0.00,0,0,0.00,0.00,0.00,0,0,0.00,0.00,0,0
1508087196,s2-eth2,0.00,0.00,0.00,0,0,0.00,0.00,0.00,0,0,0.00,0.00,0,0
1508087196,s2-eth1,0.00,0.00,0.00,0,0,0.00,0.00,0.00,0,0,0.00,0.00,0,0
1508087196,lo,343.66,343.66,687.31,344,344,5.99,5.99,11.99,6,6,0.00,0.00,0,0
1508087196,total,343.66,343.66,687.31,344,344,5.99,5.99,11.99,6,6,0.00,0.00,0,0
1508087197,s1,0.00,42.00,42.00,42,0,0.00,1.00,1.00,1,0,0.00,0.00,0,0
1508087197,eth0,0.00,0.00,0.00,0,0,0.00,0.00,0.00,0,0,0.00,0.00,0,0
1508087197,eth1,0.00,0.00,0.00,0,0,0.00,0.00,0.00,0,0,0.00,0.00,0,0
1508087197,s2,0.00,84.00,84.00,84,0,0.00,2.00,2.00,2,0,0.00,0.00,0,0
1508087197,s1-eth2,12186.00,261318.00,273504.00,261318,12186,151.00,183.00,334.00,183,151,0.00,0.00,0,0
1508087197,s1-eth1,231038.00,12260.00,243298.00,12260,231038,163.00,152.00,315.00,152,163,0.00,0.00,0,0
1508087197,s2-eth2,2100.00,54764.00,56864.00,54764,2100,26.00,40.00,66.00,40,26,0.00,0.00,0,0
1508087197,s2-eth1,47194.00,2100.00,49294.00,2100,47194,35.00,26.00,61.00,26,35,0.00,0.00,0,0
1508087197,lo,4736.00,4736.00,9472.00,4736,4736,42.00,42.00,84.00,42,42,0.00,0.00,0,0
1508087197,total,297254.00,335304.00,632558.00,335304,297254,417.00,446.00,863.00,446,417,0.00,0.00,0,0
1508087198,s1,0.00,41.96,41.96,42,0,0.00,1.00,1.00,1,0,0.00,0.00,0,0
1508087198,eth0,0.00,0.00,0.00,0,0,0.00,0.00,0.00,0,0,0.00,0.00,0,0
1508087198,eth1,0.00,0.00,0.00,0,0,0.00,0.00,0.00,0,0,0.00,0.00,0,0
1508087198,s2,0.00,41.96,41.96,42,0,0.00,1.00,1.00,1,0,0.00,0.00,0,0
1508087198,s1-eth2,12564.44,249602.41,262166.84,249852,12577,159.84,165.83,325.67,166,160,0.00,0.00,0,0
1508087198,s1-eth1,249709.30,12383.62,262092.92,12396,249959,166.83,157.84,324.68,158,167,0.00,0.00,0,0
1508087198,s2-eth2,5896.10,127090.91,132987.02,127218,5902,76.92,84.92,161.84,85,77,0.00,0.00,0,0
1508087198,s2-eth1,114991.02,5896.10,120887.12,5902,115106,76.92,76.92,153.85,77,77,0.00,0.00,0,0
1508087198,lo,479.52,479.52,959.04,480,480,5.99,5.99,11.99,6,6,0.00,0.00,0,0
1508087198,total,383640.38,395536.47,779176.88,395932,384024,486.51,493.51,980.02,494,487,0.00,0.00,0,0
1508087199,s1,0.00,42.00,42.00,42,0,0.00,1.00,1.00,1,0,0.00,0.00,0,0
1508087199,eth0,0.00,0.00,0.00,0,0,0.00,0.00,0.00,0,0,0.00,0.00,0,0
1508087199,eth1,0.00,0.00,0.00,0,0,0.00,0.00,0.00,0,0,0.00,0.00,0,0
1508087199,s2,0.00,42.00,42.00,42,0,0.00,1.00,1.00,1,0,0.00,0.00,0,0
1508087199,s1-eth2,12440.00,254394.00,266834.00,254394,12440,160.00,169.00,329.00,169,160,0.00,0.00,0,0
1508087199,s1-eth1,249852.00,12440.00,262292.00,12440,249852,166.00,160.00,326.00,160,166,0.00,0.00,0,0
1508087199,s2-eth2,3653.00,86340.00,89993.00,86340,3653,46.00,58.00,104.00,58,46,0.00,0.00,0,0
1508087199,s2-eth1,95531.00,3546.00,99077.00,3546,95531,65.00,45.00,110.00,45,65,0.00,0.00,0,0
1508087199,lo,480.00,480.00,960.00,480,480,6.00,6.00,12.00,6,6,0.00,0.00,0,0
1508087199,total,361956.00,357284.00,719240.00,357284,361956,443.00,440.00,883.00,440,443,0.00,0.00,0,0
1508087200,s1,0.00,42.00,42.00,42,0,0.00,1.00,1.00,1,0,0.00,0.00,0,0
1508087200,eth0,0.00,0.00,0.00,0,0,0.00,0.00,0.00,0,0,0.00,0.00,0,0
1508087200,eth1,0.00,0.00,0.00,0,0,0.00,0.00,0.00,0,0,0.00,0.00,0,0
1508087200,s2,0.00,42.00,42.00,42,0,0.00,1.00,1.00,1,0,0.00,0.00,0,0
1508087200,s1-eth2,12366.00,255908.00,268274.00,255908,12366,161.00,170.00,331.00,170,161,0.00,0.00,0,0
1508087200,s1-eth1,249852.00,12440.00,262292.00,12440,249852,166.00,162.00,328.00,162,166,0.00,0.00,0,0
1508087200,s2-eth2,3468.00,65144.00,68612.00,65144,3468,42.00,44.00,86.00,44,42,0.00,0.00,0,0
1508087200,s2-eth1,53032.00,3468.00,56500.00,3468,53032,36.00,42.00,78.00,42,36,0.00,0.00,0,0
1508087200,lo,480.00,480.00,960.00,480,480,6.00,6.00,12.00,6,6,0.00,0.00,0,0
1508087200,total,319198.00,337524.00,656722.00,337524,319198,411.00,426.00,837.00,426,411,0.00,0.00,0,0
1508087201,s1,0.00,42.00,42.00,42,0,0.00,1.00,1.00,1,0,0.00,0.00,0,0
1508087201,eth0,0.00,0.00,0.00,0,0,0.00,0.00,0.00,0,0,0.00,0.00,0,0
1508087201,eth1,0.00,0.00,0.00,0,0,0.00,0.00,0.00,0,0,0.00,0.00,0,0
1508087201,s2,0.00,42.00,42.00,42,0,0.00,1.00,1.00,1,0,0.00,0.00,0,0
1508087201,s1-eth2,12350.00,258936.00,271286.00,258936,12350,159.00,172.00,331.00,172,159,0.00,0.00,0,0
1508087201,s1-eth1,246824.00,12276.00,259100.00,12276,246824,164.00,158.00,322.00,158,164,0.00,0.00,0,0
1508087201,s2-eth2,2442.00,62116.00,64558.00,62116,2442,33.00,42.00,75.00,42,33,0.00,0.00,0,0
1508087201,s2-eth1,71200.00,2442.00,73642.00,2442,71200,48.00,33.00,81.00,33,48,0.00,0.00,0,0
1508087201,lo,480.00,480.00,960.00,480,480,6.00,6.00,12.00,6,6,0.00,0.00,0,0
1508087201,total,333296.00,336334.00,669630.00,336334,333296,410.00,413.00,823.00,413,410,0.00,0.00,0,0
1508087202,s1,0.00,41.96,41.96,42,0,0.00,1.00,1.00,1,0,0.00,0.00,0,0
1508087202,eth0,0.00,0.00,0.00,0,0,0.00,0.00,0.00,0,0,0.00,0.00,0,0
1508087202,eth1,0.00,0.00,0.00,0,0,0.00,0.00,0.00,0,0,0.00,0.00,0,0
1508087202,s2,0.00,41.96,41.96,42,0,0.00,1.00,1.00,1,0,0.00,0.00,0,0
1508087202,s1-eth2,12041.96,255652.36,267694.31,255908,12054,158.84,169.83,328.67,170,159,0.00,0.00,0,0
1508087202,s1-eth1,249944.06,12041.96,261986.02,12054,250194,166.83,158.84,325.67,159,167,0.00,0.00,0,0
1508087202,s2-eth2,3336.66,81716.29,85052.95,81798,3340,43.96,54.95,98.90,55,44,0.00,0.00,0,0
1508087202,s2-eth1,74495.51,3336.66,77832.17,3340,74570,50.95,43.96,94.91,44,51,0.00,0.00,0,0
1508087202,lo,479.52,479.52,959.04,480,480,5.99,5.99,11.99,6,6,0.00,0.00,0,0
1508087202,total,340297.72,353310.69,693608.44,353664,340638,426.57,435.56,862.14,436,427,0.00,0.00,0,0
1508087203,s1,0.00,0.00,0.00,0,0,0.00,0.00,0.00,0,0,0.00,0.00,0,0
1508087203,eth0,0.00,0.00,0.00,0,0,0.00,0.00,0.00,0,0,0.00,0.00,0,0
1508087203,eth1,0.00,0.00,0.00,0,0,0.00,0.00,0.00,0,0,0.00,0.00,0,0
1508087203,s2,0.00,0.00,0.00,0,0,0.00,0.00,0.00,0,0,0.00,0.00,0,0
1508087203,s1-eth2,12082.00,261922.00,274004.00,261922,12082,157.00,173.00,330.00,173,157,0.00,0.00,0,0
1508087203,s1-eth1,249810.00,12082.00,261892.00,12082,249810,165.00,157.00,322.00,157,165,0.00,0.00,0,0
1508087203,s2-eth2,3788.00,81756.00,85544.00,81756,3788,48.00,54.00,102.00,54,48,0.00,0.00,0,0
1508087203,s2-eth1,81756.00,3788.00,85544.00,3788,81756,54.00,48.00,102.00,48,54,0.00,0.00,0,0
1508087203,lo,0.00,0.00,0.00,0,0,0.00,0.00,0.00,0,0,0.00,0.00,0,0
1508087203,total,347436.00,359548.00,706984.00,359548,347436,424.00,432.00,856.00,432,424,0.00,0.00,0,0
1508087204,s1,0.00,0.00,0.00,0,0,0.00,0.00,0.00,0,0,0.00,0.00,0,0
1508087204,eth0,0.00,0.00,0.00,0,0,0.00,0.00,0.00,0,0,0.00,0.00,0,0
1508087204,eth1,0.00,0.00,0.00,0,0,0.00,0.00,0.00,0,0,0.00,0.00,0,0
1508087204,s2,0.00,0.00,0.00,0,0,0.00,0.00,0.00,0,0,0.00,0.00,0,0
1508087204,s1-eth2,12600.00,252838.00,265438.00,252838,12600,160.00,167.00,327.00,167,160,0.00,0.00,0,0
1508087204,s1-eth1,249810.00,12352.00,262162.00,12352,249810,165.00,160.00,325.00,160,165,0.00,0.00,0,0
1508087204,s2-eth2,3700.00,101438.00,105138.00,101438,3700,50.00,67.00,117.00,67,50,0.00,0.00,0,0
1508087204,s2-eth1,95382.00,3700.00,99082.00,3700,95382,63.00,50.00,113.00,50,63,0.00,0.00,0,0
1508087204,lo,0.00,0.00,0.00,0,0,0.00,0.00,0.00,0,0,0.00,0.00,0,0
1508087204,total,361492.00,370328.00,731820.00,370328,361492,438.00,444.00,882.00,444,438,0.00,0.00,0,0
1508087205,s1,0.00,0.00,0.00,0,0,0.00,0.00,0.00,0,0,0.00,0.00,0,0
1508087205,eth0,0.00,0.00,0.00,0,0,0.00,0.00,0.00,0,0,0.00,0.00,0,0
1508087205,eth1,0.00,0.00,0.00,0,0,0.00,0.00,0.00,0,0,0.00,0.00,0,0
1508087205,s2,0.00,0.00,0.00,0,0,0.00,0.00,0.00,0,0,0.00,0.00,0,0
1508087205,s1-eth2,12436.00,260408.00,272844.00,260408,12436,160.00,172.00,332.00,172,160,0.00,0.00,0,0
1508087205,s1-eth1,251324.00,12342.00,263666.00,12342,251324,166.00,159.00,325.00,159,166,0.00,0.00,0,0
1508087205,s2-eth2,4666.00,87812.00,92478.00,87812,4666,59.00,58.00,117.00,58,59,0.00,0.00,0,0
1508087205,s2-eth1,90840.00,4666.00,95506.00,4666,90840,60.00,59.00,119.00,59,60,0.00,0.00,0,0
1508087205,lo,0.00,0.00,0.00,0,0,0.00,0.00,0.00,0,0,0.00,0.00,0,0
1508087205,total,359266.00,365228.00,724494.00,365228,359266,445.00,448.00,893.00,448,445,0.00,0.00,0,0
1508087206,s1,0.00,0.00,0.00,0,0,0.00,0.00,0.00,0,0,0.00,0.00,0,0
1508087206,eth0,0.00,0.00,0.00,0,0,0.00,0.00,0.00,0,0,0.00,0.00,0,0
1508087206,eth1,0.00,0.00,0.00,0,0,0.00,0.00,0.00,0,0,0.00,0.00,0,0
1508087206,s2,0.00,0.00,0.00,0,0,0.00,0.00,0.00,0,0,0.00,0.00,0,0
1508087206,s1-eth2,12234.00,258894.00,271128.00,258894,12234,159.00,171.00,330.00,171,159,0.00,0.00,0,0
1508087206,s1-eth1,249810.00,12234.00,262044.00,12234,249810,165.00,159.00,324.00,159,165,0.00,0.00,0,0
1508087206,s2-eth2,3460.00,71158.00,74618.00,71158,3460,44.00,47.00,91.00,47,44,0.00,0.00,0,0
1508087206,s2-eth1,66616.00,3460.00,70076.00,3460,66616,44.00,44.00,88.00,44,44,0.00,0.00,0,0
1508087206,lo,344.00,344.00,688.00,344,344,6.00,6.00,12.00,6,6,0.00,0.00,0,0
1508087206,total,332464.00,346090.00,678554.00,346090,332464,418.00,427.00,845.00,427,418,0.00,0.00,0,0
1508087207,s1,0.00,0.00,0.00,0,0,0.00,0.00,0.00,0,0,0.00,0.00,0,0
1508087207,eth0,0.00,0.00,0.00,0,0,0.00,0.00,0.00,0,0,0.00,0.00,0,0
1508087207,eth1,0.00,0.00,0.00,0,0,0.00,0.00,0.00,0,0,0.00,0.00,0,0
1508087207,s2,0.00,0.00,0.00,0,0,0.00,0.00,0.00,0,0,0.00,0.00,0,0
1508087207,s1-eth2,12405.59,252585.42,264991.03,252838,12418,160.84,166.83,327.67,167,161,0.00,0.00,0,0
1508087207,s1-eth1,249560.45,12405.59,261966.05,12418,249810,164.84,160.84,325.67,161,165,0.00,0.00,0,0
1508087207,s2-eth2,1962.04,42391.61,44353.65,42434,1964,25.97,28.97,54.95,29,26,0.00,0.00,0,0
1508087207,s2-eth1,42391.61,1962.04,44353.65,1964,42434,28.97,25.97,54.95,26,29,0.00,0.00,0,0
1508087207,lo,591.41,591.41,1182.82,592,592,5.99,5.99,11.99,6,6,0.00,0.00,0,0
1508087207,total,306911.09,309936.06,616847.19,310246,307218,386.61,388.61,775.22,389,387,0.00,0.00,0,0
1508087208,s1,0.00,0.00,0.00,0,0,0.00,0.00,0.00,0,0,0.00,0.00,0,0
1508087208,eth0,0.00,0.00,0.00,0,0,0.00,0.00,0.00,0,0,0.00,0.00,0,0
1508087208,eth1,0.00,0.00,0.00,0,0,0.00,0.00,0.00,0,0,0.00,0.00,0,0
1508087208,s2,0.00,0.00,0.00,0,0,0.00,0.00,0.00,0,0,0.00,0.00,0,0
1508087208,s1-eth2,12538.00,261922.00,274460.00,261922,12538,163.00,173.00,336.00,173,163,0.00,0.00,0,0
1508087208,s1-eth1,249810.00,12538.00,262348.00,12538,249810,165.00,163.00,328.00,163,165,0.00,0.00,0,0
1508087208,s2-eth2,1946.00,49962.00,51908.00,49962,1946,25.00,33.00,58.00,33,25,0.00,0.00,0,0
1508087208,s2-eth1,45420.00,1946.00,47366.00,1946,45420,30.00,25.00,55.00,25,30,0.00,0.00,0,0
1508087208,lo,0.00,0.00,0.00,0,0,0.00,0.00,0.00,0,0,0.00,0.00,0,0
1508087208,total,309714.00,326368.00,636082.00,326368,309714,383.00,394.00,777.00,394,383,0.00,0.00,0,0
1508087209,s1,0.00,0.00,0.00,0,0,0.00,0.00,0.00,0,0,0.00,0.00,0,0
1508087209,eth0,0.00,0.00,0.00,0,0,0.00,0.00,0.00,0,0,0.00,0.00,0,0
1508087209,eth1,0.00,0.00,0.00,0,0,0.00,0.00,0.00,0,0,0.00,0.00,0,0
1508087209,s2,0.00,0.00,0.00,0,0,0.00,0.00,0.00,0,0,0.00,0.00,0,0
1508087209,s1-eth2,12226.00,258894.00,271120.00,258894,12226,159.00,171.00,330.00,171,159,0.00,0.00,0,0
1508087209,s1-eth1,251324.00,12300.00,263624.00,12300,251324,166.00,160.00,326.00,160,166,0.00,0.00,0,0
1508087209,s2-eth2,2412.00,49962.00,52374.00,49962,2412,28.00,33.00,61.00,33,28,0.00,0.00,0,0
1508087209,s2-eth1,54504.00,2070.00,56574.00,2070,54504,36.00,27.00,63.00,27,36,0.00,0.00,0,0
1508087209,lo,0.00,0.00,0.00,0,0,0.00,0.00,0.00,0,0,0.00,0.00,0,0
1508087209,total,320466.00,323226.00,643692.00,323226,320466,389.00,391.00,780.00,391,389,0.00,0.00,0,0
1508087210,s1,0.00,0.00,0.00,0,0,0.00,0.00,0.00,0,0,0.00,0.00,0,0
1508087210,eth0,0.00,0.00,0.00,0,0,0.00,0.00,0.00,0,0,0.00,0.00,0,0
1508087210,eth1,0.00,0.00,0.00,0,0,0.00,0.00,0.00,0,0,0.00,0.00,0,0
1508087210,s2,0.00,0.00,0.00,0,0,0.00,0.00,0.00,0,0,0.00,0.00,0,0
1508087210,s1-eth2,12119.88,263172.84,275292.72,263436,12132,159.84,173.83,333.67,174,160,0.00,0.00,0,0
1508087210,s1-eth1,249560.45,12045.95,261606.41,12058,249810,164.84,158.84,323.68,159,165,0.00,0.00,0,0
1508087210,s2-eth2,2661.34,71086.91,73748.25,71158,2664,35.96,46.95,82.92,47,36,0.00,0.00,0,0
1508087210,s2-eth1,60499.50,2661.34,63160.84,2664,60560,39.96,35.96,75.92,36,40,0.00,0.00,0,0
1508087210,lo,0.00,0.00,0.00,0,0,0.00,0.00,0.00,0,0,0.00,0.00,0,0
1508087210,total,324841.16,348967.03,673808.19,349316,325166,400.60,415.58,816.18,416,401,0.00,0.00,0,0
1508087211,s1,0.00,0.00,0.00,0,0,0.00,0.00,0.00,0,0,0.00,0.00,0,0
1508087211,eth0,0.00,0.00,0.00,0,0,0.00,0.00,0.00,0,0,0.00,0.00,0,0
1508087211,eth1,0.00,0.00,0.00,0,0,0.00,0.00,0.00,0,0,0.00,0.00,0,0
1508087211,s2,0.00,0.00,0.00,0,0,0.00,0.00,0.00,0,0,0.00,0.00,0,0
1508087211,s1-eth2,12478.00,254352.00,266830.00,254352,12478,161.00,168.00,329.00,168,161,0.00,0.00,0,0
1508087211,s1-eth1,249810.00,12478.00,262288.00,12478,249810,165.00,161.00,326.00,161,165,0.00,0.00,0,0
1508087211,s2-eth2,3632.00,74186.00,77818.00,74186,3632,46.00,49.00,95.00,49,46,0.00,0.00,0,0
1508087211,s2-eth1,81756.00,3632.00,85388.00,3632,81756,54.00,46.00,100.00,46,54,0.00,0.00,0,0
1508087211,lo,344.00,344.00,688.00,344,344,6.00,6.00,12.00,6,6,0.00,0.00,0,0
1508087211,total,348020.00,344992.00,693012.00,344992,348020,432.00,430.00,862.00,430,432,0.00,0.00,0,0
1508087212,s1,0.00,0.00,0.00,0,0,0.00,0.00,0.00,0,0,0.00,0.00,0,0
1508087212,eth0,0.00,0.00,0.00,0,0,0.00,0.00,0.00,0,0,0.00,0.00,0,0
1508087212,eth1,0.00,0.00,0.00,0,0,0.00,0.00,0.00,0,0,0.00,0.00,0,0
1508087212,s2,0.00,0.00,0.00,0,0,0.00,0.00,0.00,0,0,0.00,0.00,0,0
1508087212,s1-eth2,12200.00,258894.00,271094.00,258894,12200,160.00,171.00,331.00,171,160,0.00,0.00,0,0
1508087212,s1-eth1,249810.00,12200.00,262010.00,12200,249810,165.00,160.00,325.00,160,165,0.00,0.00,0,0
1508087212,s2-eth2,2392.00,75700.00,78092.00,75700,2392,32.00,50.00,82.00,50,32,0.00,0.00,0,0
1508087212,s2-eth1,66616.00,2392.00,69008.00,2392,66616,44.00,32.00,76.00,32,44,0.00,0.00,0,0
1508087212,lo,0.00,0.00,0.00,0,0,0.00,0.00,0.00,0,0,0.00,0.00,0,0
1508087212,total,331018.00,349186.00,680204.00,349186,331018,401.00,413.00,814.00,413,401,0.00,0.00,0,0
1508087213,s1,0.00,0.00,0.00,0,0,0.00,0.00,0.00,0,0,0.00,0.00,0,0
1508087213,eth0,0.00,0.00,0.00,0,0,0.00,0.00,0.00,0,0,0.00,0.00,0,0
1508087213,eth1,0.00,0.00,0.00,0,0,0.00,0.00,0.00,0,0,0.00,0.00,0,0
1508087213,s2,0.00,0.00,0.00,0,0,0.00,0.00,0.00,0,0,0.00,0.00,0,0
1508087213,s1-eth2,11958.00,257380.00,269338.00,257380,11958,159.00,170.00,329.00,170,159,0.00,0.00,0,0
1508087213,s1-eth1,249810.00,11958.00,261768.00,11958,249810,165.00,159.00,324.00,159,165,0.00,0.00,0,0
1508087213,s2-eth2,2812.00,92354.00,95166.00,92354,2812,38.00,61.00,99.00,61,38,0.00,0.00,0,0
1508087213,s2-eth1,96896.00,2812.00,99708.00,2812,96896,64.00,38.00,102.00,38,64,0.00,0.00,0,0
1508087213,lo,0.00,0.00,0.00,0,0,0.00,0.00,0.00,0,0,0.00,0.00,0,0
1508087213,total,361476.00,364504.00,725980.00,364504,361476,426.00,428.00,854.00,428,426,0.00,0.00,0,0
1508087214,s1,0.00,0.00,0.00,0,0,0.00,0.00,0.00,0,0,0.00,0.00,0,0
1508087214,eth0,304.00,490.00,794.00,490,304,4.00,4.00,8.00,4,4,0.00,0.00,0,0
1508087214,eth1,0.00,0.00,0.00,0,0,0.00,0.00,0.00,0,0,0.00,0.00,0,0
1508087214,s2,0.00,0.00,0.00,0,0,0.00,0.00,0.00,0,0,0.00,0.00,0,0
1508087214,s1-eth2,12374.00,249810.00,262184.00,249810,12374,159.00,165.00,324.00,165,159,0.00,0.00,0,0
1508087214,s1-eth1,250340.00,12374.00,262714.00,12374,250340,168.00,159.00,327.00,159,168,0.00,0.00,0,0
1508087214,s2-eth2,3582.00,71158.00,74740.00,71158,3582,45.00,47.00,92.00,47,45,0.00,0.00,0,0
1508087214,s2-eth1,62074.00,3582.00,65656.00,3582,62074,41.00,45.00,86.00,45,41,0.00,0.00,0,0
1508087214,lo,682.00,682.00,1364.00,682,682,8.00,8.00,16.00,8,8,0.00,0.00,0,0
1508087214,total,329356.00,338096.00,667452.00,338096,329356,425.00,428.00,853.00,428,425,0.00,0.00,0,0
1508087215,s1,0.00,0.00,0.00,0,0,0.00,0.00,0.00,0,0,0.00,0.00,0,0
1508087215,eth0,456.00,735.00,1191.00,735,456,6.00,6.00,12.00,6,6,0.00,0.00,0,0
1508087215,eth1,0.00,0.00,0.00,0,0,0.00,0.00,0.00,0,0,0.00,0.00,0,0
1508087215,s2,0.00,0.00,0.00,0,0,0.00,0.00,0.00,0,0,0.00,0.00,0,0
1508087215,s1-eth2,12890.00,264950.00,277840.00,264950,12890,163.00,175.00,338.00,175,163,0.00,0.00,0,0
1508087215,s1-eth1,250170.00,12250.00,262420.00,12250,250170,169.00,159.00,328.00,159,169,0.00,0.00,0,0
1508087215,s2-eth2,2708.00,74186.00,76894.00,74186,2708,32.00,49.00,81.00,49,32,0.00,0.00,0,0
1508087215,s2-eth1,77744.00,1998.00,79742.00,1998,77744,54.00,27.00,81.00,27,54,0.00,0.00,0,0
1508087215,lo,1023.00,1023.00,2046.00,1023,1023,12.00,12.00,24.00,12,12,0.00,0.00,0,0
1508087215,total,344991.00,355142.00,700133.00,355142,344991,436.00,428.00,864.00,428,436,0.00,0.00,0,0
1508087216,s1,0.00,0.00,0.00,0,0,0.00,0.00,0.00,0,0,0.00,0.00,0,0
1508087216,eth0,456.00,735.00,1191.00,735,456,6.00,6.00,12.00,6,6,0.00,0.00,0,0
1508087216,eth1,0.00,0.00,0.00,0,0,0.00,0.00,0.00,0,0,0.00,0.00,0,0
1508087216,s2,0.00,0.00,0.00,0,0,0.00,0.00,0.00,0,0,0.00,0.00,0,0
1508087216,s1-eth2,13278.00,258894.00,272172.00,258894,13278,167.00,171.00,338.00,171,167,0.00,0.00,0,0
1508087216,s1-eth1,250152.00,12044.00,262196.00,12044,250152,172.00,160.00,332.00,160,172,0.00,0.00,0,0
1508087216,s2-eth2,3931.00,75700.00,79631.00,75700,3931,45.00,50.00,95.00,50,45,0.00,0.00,0,0
1508087216,s2-eth1,79103.00,2932.00,82035.00,2932,79103,62.00,38.00,100.00,38,62,0.00,0.00,0,0
1508087216,lo,1367.00,1367.00,2734.00,1367,1367,18.00,18.00,36.00,18,18,0.00,0.00,0,0
1508087216,total,348287.00,351672.00,699959.00,351672,348287,470.00,443.00,913.00,443,470,0.00,0.00,0,0
1508087217,s1,0.00,0.00,0.00,0,0,0.00,0.00,0.00,0,0,0.00,0.00,0,0
1508087217,eth0,152.00,245.00,397.00,245,152,2.00,2.00,4.00,2,2,0.00,0.00,0,0
1508087217,eth1,0.00,0.00,0.00,0,0,0.00,0.00,0.00,0,0,0.00,0.00,0,0
1508087217,s2,0.00,0.00,0.00,0,0,0.00,0.00,0.00,0,0,0.00,0.00,0,0
1508087217,s1-eth2,13790.00,248296.00,262086.00,248296,13790,168.00,164.00,332.00,164,168,0.00,0.00,0,0
1508087217,s1-eth1,250773.00,12624.00,263397.00,12624,250773,169.00,162.00,331.00,162,169,0.00,0.00,0,0
1508087217,s2-eth2,4333.00,80242.00,84575.00,80242,4333,44.00,53.00,97.00,53,44,0.00,0.00,0,0
1508087217,s2-eth1,71779.00,2932.00,74711.00,2932,71779,50.00,38.00,88.00,38,50,0.00,0.00,0,0
1508087217,lo,341.00,341.00,682.00,341,341,4.00,4.00,8.00,4,4,0.00,0.00,0,0
1508087217,total,341168.00,344680.00,685848.00,344680,341168,437.00,423.00,860.00,423,437,0.00,0.00,0,0
1508087218,s1,0.00,0.00,0.00,0,0,0.00,0.00,0.00,0,0,0.00,0.00,0,0
1508087218,eth0,0.00,0.00,0.00,0,0,0.00,0.00,0.00,0,0,0.00,0.00,0,0
1508087218,eth1,0.00,0.00,0.00,0,0,0.00,0.00,0.00,0,0,0.00,0.00,0,0
1508087218,s2,0.00,0.00,0.00,0,0,0.00,0.00,0.00,0,0,0.00,0.00,0,0
1508087218,s1-eth2,12639.00,258894.00,271533.00,258894,12639,161.00,171.00,332.00,171,161,0.00,0.00,0,0
1508087218,s1-eth1,249810.00,11970.00,261780.00,11970,249810,165.00,159.00,324.00,159,165,0.00,0.00,0,0
1508087218,s2-eth2,3627.00,80242.00,83869.00,80242,3627,41.00,53.00,94.00,53,41,0.00,0.00,0,0
1508087218,s2-eth1,89995.00,2958.00,92953.00,2958,89995,61.00,39.00,100.00,39,61,0.00,0.00,0,0
1508087218,lo,0.00,0.00,0.00,0,0,0.00,0.00,0.00,0,0,0.00,0.00,0,0
1508087218,total,356071.00,354064.00,710135.00,354064,356071,428.00,422.00,850.00,422,428,0.00,0.00,0,0
1508087219,s1,0.00,0.00,0.00,0,0,0.00,0.00,0.00,0,0,0.00,0.00,0,0
1508087219,eth0,60.00,60.00,120.00,60,60,1.00,1.00,2.00,1,1,0.00,0.00,0,0
1508087219,eth1,0.00,0.00,0.00,0,0,0.00,0.00,0.00,0,0,0.00,0.00,0,0
1508087219,s2,0.00,0.00,0.00,0,0,0.00,0.00,0.00,0,0,0.00,0.00,0,0
1508087219,s1-eth2,13010.00,257380.00,270390.00,257380,13010,164.00,170.00,334.00,170,164,0.00,0.00,0,0
1508087219,s1-eth1,250581.00,12710.00,263291.00,12710,250581,169.00,163.00,332.00,163,169,0.00,0.00,0,0
1508087219,s2-eth2,3814.00,95382.00,99196.00,95382,3814,48.00,63.00,111.00,63,48,0.00,0.00,0,0
1508087219,s2-eth1,85158.00,3440.00,88598.00,3440,85158,58.00,46.00,104.00,46,58,0.00,0.00,0,0
1508087219,lo,0.00,0.00,0.00,0,0,0.00,0.00,0.00,0,0,0.00,0.00,0,0
1508087219,total,352623.00,368972.00,721595.00,368972,352623,440.00,443.00,883.00,443,440,0.00,0.00,0,0
1508087220,s1,0.00,0.00,0.00,0,0,0.00,0.00,0.00,0,0,0.00,0.00,0,0
1508087220,eth0,0.00,0.00,0.00,0,0,0.00,0.00,0.00,0,0,0.00,0.00,0,0
1508087220,eth1,0.00,0.00,0.00,0,0,0.00,0.00,0.00,0,0,0.00,0.00,0,0
1508087220,s2,0.00,0.00,0.00,0,0,0.00,0.00,0.00,0,0,0.00,0.00,0,0
1508087220,s1-eth2,12671.00,254352.00,267023.00,254352,12671,163.00,168.00,331.00,168,163,0.00,0.00,0,0
1508087220,s1-eth1,249810.00,12200.00,262010.00,12200,249810,165.00,160.00,325.00,160,165,0.00,0.00,0,0
1508087220,s2-eth2,3653.00,99924.00,103577.00,99924,3653,46.00,66.00,112.00,66,46,0.00,0.00,0,0
1508087220,s2-eth1,107891.00,3256.00,111147.00,3256,107891,73.00,44.00,117.00,44,73,0.00,0.00,0,0
1508087220,lo,0.00,0.00,0.00,0,0,0.00,0.00,0.00,0,0,0.00,0.00,0,0
1508087220,total,374025.00,369732.00,743757.00,369732,374025,447.00,438.00,885.00,438,447,0.00,0.00,0,0
1508087221,s1,0.00,0.00,0.00,0,0,0.00,0.00,0.00,0,0,0.00,0.00,0,0
1508087221,eth0,0.00,0.00,0.00,0,0,0.00,0.00,0.00,0,0,0.00,0.00,0,0
1508087221,eth1,0.00,0.00,0.00,0,0,0.00,0.00,0.00,0,0,0.00,0.00,0,0
1508087221,s2,0.00,0.00,0.00,0,0,0.00,0.00,0.00,0,0,0.00,0.00,0,0
1508087221,s1-eth2,12291.71,257122.89,269414.59,257380,12304,157.84,169.83,327.67,170,158,0.00,0.00,0,0
1508087221,s1-eth1,249560.45,12291.71,261852.16,12304,249810,164.84,157.84,322.68,158,165,0.00,0.00,0,0
1508087221,s2-eth2,4985.02,125536.47,130521.48,125662,4990,64.94,82.92,147.85,83,65,0.00,0.00,0,0
1508087221,s2-eth1,116461.54,4985.02,121446.55,4990,116578,76.92,64.94,141.86,65,77,0.00,0.00,0,0
1508087221,lo,343.66,343.66,687.31,344,344,5.99,5.99,11.99,6,6,0.00,0.00,0,0
1508087221,total,383642.38,400279.72,783922.12,400680,384026,470.53,481.52,952.05,482,471,0.00,0.00,0,0
1508087222,s1,0.00,0.00,0.00,0,0,0.00,0.00,0.00,0,0,0.00,0.00,0,0
1508087222,eth0,0.00,0.00,0.00,0,0,0.00,0.00,0.00,0,0,0.00,0.00,0,0
1508087222,eth1,0.00,0.00,0.00,0,0,0.00,0.00,0.00,0,0,0.00,0.00,0,0
1508087222,s2,0.00,0.00,0.00,0,0,0.00,0.00,0.00,0,0,0.00,0.00,0,0
1508087222,s1-eth2,11896.10,260147.86,272043.97,260408,11908,157.84,171.83,329.67,172,158,0.00,0.00,0,0
1508087222,s1-eth1,251072.94,11970.03,263042.97,11982,251324,165.83,158.84,324.68,159,166,0.00,0.00,0,0
1508087222,s2-eth2,4289.71,89236.77,93526.48,89326,4294,54.95,58.94,113.89,59,55,0.00,0.00,0,0
1508087222,s2-eth1,98311.69,4289.71,102601.40,4294,98410,64.94,54.95,119.88,55,65,0.00,0.00,0,0
1508087222,lo,0.00,0.00,0.00,0,0,0.00,0.00,0.00,0,0,0.00,0.00,0,0
1508087222,total,365570.44,365644.38,731214.81,366010,365936,443.56,444.56,888.11,445,444,0.00,0.00,0,0
1508087223,s1,0.00,0.00,0.00,0,0,0.00,0.00,0.00,0,0,0.00,0.00,0,0
1508087223,eth0,0.00,0.00,0.00,0,0,0.00,0.00,0.00,0,0,0.00,0.00,0,0
1508087223,eth1,0.00,0.00,0.00,0,0,0.00,0.00,0.00,0,0,0.00,0.00,0,0
1508087223,s2,0.00,0.00,0.00,0,0,0.00,0.00,0.00,0,0,0.00,0.00,0,0
1508087223,s1-eth2,12747.00,258894.00,271641.00,258894,12747,163.00,171.00,334.00,171,163,0.00,0.00,0,0
1508087223,s1-eth1,249987.00,12566.00,262553.00,12566,249987,167.00,161.00,328.00,161,167,0.00,0.00,0,0
1508087223,s2-eth2,4395.00,110522.00,114917.00,110522,4395,57.00,73.00,130.00,73,57,0.00,0.00,0,0
1508087223,s2-eth1,100031.00,4288.00,104319.00,4288,100031,67.00,56.00,123.00,56,67,0.00,0.00,0,0
1508087223,lo,0.00,0.00,0.00,0,0,0.00,0.00,0.00,0,0,0.00,0.00,0,0
1508087223,total,367160.00,386270.00,753430.00,386270,367160,454.00,461.00,915.00,461,454,0.00,0.00,0,0
1508087224,s1,0.00,0.00,0.00,0,0,0.00,0.00,0.00,0,0,0.00,0.00,0,0
1508087224,eth0,0.00,0.00,0.00,0,0,0.00,0.00,0.00,0,0,0.00,0.00,0,0
1508087224,eth1,0.00,0.00,0.00,0,0,0.00,0.00,0.00,0,0,0.00,0.00,0,0
1508087224,s2,0.00,0.00,0.00,0,0,0.00,0.00,0.00,0,0,0.00,0.00,0,0
1508087224,s1-eth2,12356.00,261922.00,274278.00,261922,12356,160.00,173.00,333.00,173,160,0.00,0.00,0,0
1508087224,s1-eth1,249810.00,12286.00,262096.00,12286,249810,165.00,159.00,324.00,159,165,0.00,0.00,0,0
1508087224,s2-eth2,3116.00,104466.00,107582.00,104466,3116,42.00,69.00,111.00,69,42,0.00,0.00,0,0
1508087224,s2-eth1,110592.00,3046.00,113638.00,3046,110592,74.00,41.00,115.00,41,74,0.00,0.00,0,0
1508087224,lo,0.00,0.00,0.00,0,0,0.00,0.00,0.00,0,0,0.00,0.00,0,0
1508087224,total,375874.00,381720.00,757594.00,381720,375874,441.00,442.00,883.00,442,441,0.00,0.00,0,0
1508087225,s1,0.00,0.00,0.00,0,0,0.00,0.00,0.00,0,0,0.00,0.00,0,0
1508087225,eth0,0.00,0.00,0.00,0,0,0.00,0.00,0.00,0,0,0.00,0.00,0,0
1508087225,eth1,0.00,0.00,0.00,0,0,0.00,0.00,0.00,0,0,0.00,0.00,0,0
1508087225,s2,0.00,0.00,0.00,0,0,0.00,0.00,0.00,0,0,0.00,0.00,0,0
1508087225,s1-eth2,12414.00,260408.00,272822.00,260408,12414,165.00,172.00,337.00,172,165,0.00,0.00,0,0
1508087225,s1-eth1,249810.00,12414.00,262224.00,12414,249810,165.00,165.00,330.00,165,165,0.00,0.00,0,0
1508087225,s2-eth2,3034.00,124148.00,127182.00,124148,3034,41.00,82.00,123.00,82,41,0.00,0.00,0,0
1508087225,s2-eth1,112378.00,3034.00,115412.00,3034,112378,75.00,41.00,116.00,41,75,0.00,0.00,0,0
1508087225,lo,0.00,0.00,0.00,0,0,0.00,0.00,0.00,0,0,0.00,0.00,0,0
1508087225,total,377636.00,400004.00,777640.00,400004,377636,446.00,460.00,906.00,460,446,0.00,0.00,0,0
1508087226,s1,0.00,0.00,0.00,0,0,0.00,0.00,0.00,0,0,0.00,0.00,0,0
1508087226,eth0,0.00,0.00,0.00,0,0,0.00,0.00,0.00,0,0,0.00,0.00,0,0
1508087226,eth1,0.00,0.00,0.00,0,0,0.00,0.00,0.00,0,0,0.00,0.00,0,0
1508087226,s2,0.00,0.00,0.00,0,0,0.00,0.00,0.00,0,0,0.00,0.00,0,0
1508087226,s1-eth2,12842.00,251324.00,264166.00,251324,12842,161.00,166.00,327.00,166,161,0.00,0.00,0,0
1508087226,s1-eth1,250152.00,12500.00,262652.00,12500,250152,166.00,160.00,326.00,160,166,0.00,0.00,0,0
1508087226,s2-eth2,4866.00,95382.00,100248.00,95382,4866,61.00,63.00,124.00,63,61,0.00,0.00,0,0
1508087226,s2-eth1,104466.00,4866.00,109332.00,4866,104466,69.00,61.00,130.00,61,69,0.00,0.00,0,0
1508087226,lo,344.00,344.00,688.00,344,344,6.00,6.00,12.00,6,6,0.00,0.00,0,0
1508087226,total,372670.00,364416.00,737086.00,364416,372670,463.00,456.00,919.00,456,463,0.00,0.00,0,0
1508087227,s1,0.00,0.00,0.00,0,0,0.00,0.00,0.00,0,0,0.00,0.00,0,0
1508087227,eth0,0.00,0.00,0.00,0,0,0.00,0.00,0.00,0,0,0.00,0.00,0,0
1508087227,eth1,0.00,0.00,0.00,0,0,0.00,0.00,0.00,0,0,0.00,0.00,0,0
1508087227,s2,0.00,0.00,0.00,0,0,0.00,0.00,0.00,0,0,0.00,0.00,0,0
1508087227,s1-eth2,12092.00,255866.00,267958.00,255866,12092,160.00,169.00,329.00,169,160,0.00,0.00,0,0
1508087227,s1-eth1,249810.00,12092.00,261902.00,12092,249810,165.00,160.00,325.00,160,165,0.00,0.00,0,0
1508087227,s2-eth2,3900.00,68130.00,72030.00,68130,3900,46.00,45.00,91.00,45,46,0.00,0.00,0,0
1508087227,s2-eth1,62074.00,3558.00,65632.00,3558,62074,41.00,45.00,86.00,45,41,0.00,0.00,0,0
1508087227,lo,0.00,0.00,0.00,0,0,0.00,0.00,0.00,0,0,0.00,0.00,0,0
1508087227,total,327876.00,339646.00,667522.00,339646,327876,412.00,419.00,831.00,419,412,0.00,0.00,0,0
1508087228,s1,0.00,0.00,0.00,0,0,0.00,0.00,0.00,0,0,0.00,0.00,0,0
1508087228,eth0,0.00,0.00,0.00,0,0,0.00,0.00,0.00,0,0,0.00,0.00,0,0
1508087228,eth1,0.00,0.00,0.00,0,0,0.00,0.00,0.00,0,0,0.00,0.00,0,0
1508087228,s2,0.00,0.00,0.00,0,0,0.00,0.00,0.00,0,0,0.00,0.00,0,0
1508087228,s1-eth2,11954.00,254352.00,266306.00,254352,11954,157.00,168.00,325.00,168,157,0.00,0.00,0,0
1508087228,s1-eth1,249810.00,12028.00,261838.00,12028,249810,165.00,158.00,323.00,158,165,0.00,0.00,0,0
1508087228,s2-eth2,2070.00,51476.00,53546.00,51476,2070,27.00,34.00,61.00,34,27,0.00,0.00,0,0
1508087228,s2-eth1,51476.00,2070.00,53546.00,2070,51476,34.00,27.00,61.00,27,34,0.00,0.00,0,0
1508087228,lo,0.00,0.00,0.00,0,0,0.00,0.00,0.00,0,0,0.00,0.00,0,0
1508087228,total,315310.00,319926.00,635236.00,319926,315310,383.00,387.00,770.00,387,383,0.00,0.00,0,0
1508087229,s1,0.00,0.00,0.00,0,0,0.00,0.00,0.00,0,0,0.00,0.00,0,0
1508087229,eth0,0.00,0.00,0.00,0,0,0.00,0.00,0.00,0,0,0.00,0.00,0,0
1508087229,eth1,0.00,0.00,0.00,0,0,0.00,0.00,0.00,0,0,0.00,0.00,0,0
1508087229,s2,0.00,0.00,0.00,0,0,0.00,0.00,0.00,0,0,0.00,0.00,0,0
1508087229,s1-eth2,10730.00,260408.00,271138.00,260408,10730,145.00,172.00,317.00,172,145,0.00,0.00,0,0
1508087229,s1-eth1,251324.00,10656.00,261980.00,10656,251324,166.00,144.00,310.00,144,166,0.00,0.00,0,0
1508087229,s2-eth2,2920.00,66616.00,69536.00,66616,2920,38.00,44.00,82.00,44,38,0.00,0.00,0,0
1508087229,s2-eth1,59046.00,2920.00,61966.00,2920,59046,39.00,38.00,77.00,38,39,0.00,0.00,0,0
1508087229,lo,0.00,0.00,0.00,0,0,0.00,0.00,0.00,0,0,0.00,0.00,0,0
1508087229,total,324020.00,340600.00,664620.00,340600,324020,388.00,398.00,786.00,398,388,0.00,0.00,0,0
1508087230,s1,0.00,0.00,0.00,0,0,0.00,0.00,0.00,0,0,0.00,0.00,0,0
1508087230,eth0,0.00,0.00,0.00,0,0,0.00,0.00,0.00,0,0,0.00,0.00,0,0
1508087230,eth1,0.00,0.00,0.00,0,0,0.00,0.00,0.00,0,0,0.00,0.00,0,0
1508087230,s2,0.00,0.00,0.00,0,0,0.00,0.00,0.00,0,0,0.00,0.00,0,0
1508087230,s1-eth2,12504.00,248296.00,260800.00,248296,12504,160.00,164.00,324.00,164,160,0.00,0.00,0,0
1508087230,s1-eth1,249810.00,12504.00,262314.00,12504,249810,165.00,160.00,325.00,160,165,0.00,0.00,0,0
1508087230,s2-eth2,3142.00,63588.00,66730.00,63588,3142,41.00,42.00,83.00,42,41,0.00,0.00,0,0
1508087230,s2-eth1,68130.00,3142.00,71272.00,3142,68130,45.00,41.00,86.00,41,45,0.00,0.00,0,0
1508087230,lo,0.00,0.00,0.00,0,0,0.00,0.00,0.00,0,0,0.00,0.00,0,0
1508087230,total,333586.00,327530.00,661116.00,327530,333586,411.00,407.00,818.00,407,411,0.00,0.00,0,0
1508087231,s1,0.00,0.00,0.00,0,0,0.00,0.00,0.00,0,0,0.00,0.00,0,0
1508087231,eth0,0.00,0.00,0.00,0,0,0.00,0.00,0.00,0,0,0.00,0.00,0,0
1508087231,eth1,0.00,0.00,0.00,0,0,0.00,0.00,0.00,0,0,0.00,0.00,0,0
1508087231,s2,0.00,0.00,0.00,0,0,0.00,0.00,0.00,0,0,0.00,0.00,0,0
1508087231,s1-eth2,12277.00,260408.00,272685.00,260408,12277,158.00,172.00,330.00,172,158,0.00,0.00,0,0
1508087231,s1-eth1,249917.00,12170.00,262087.00,12170,249917,166.00,157.00,323.00,157,166,0.00,0.00,0,0
1508087231,s2-eth2,2833.00,65102.00,67935.00,65102,2833,36.00,43.00,79.00,43,36,0.00,0.00,0,0
1508087231,s2-eth1,56125.00,2726.00,58851.00,2726,56125,38.00,35.00,73.00,35,38,0.00,0.00,0,0
1508087231,lo,344.00,344.00,688.00,344,344,6.00,6.00,12.00,6,6,0.00,0.00,0,0
1508087231,total,321496.00,340750.00,662246.00,340750,321496,404.00,413.00,817.00,413,404,0.00,0.00,0,0
1508087232,s1,0.00,0.00,0.00,0,0,0.00,0.00,0.00,0,0,0.00,0.00,0,0
1508087232,eth0,0.00,0.00,0.00,0,0,0.00,0.00,0.00,0,0,0.00,0.00,0,0
1508087232,eth1,0.00,0.00,0.00,0,0,0.00,0.00,0.00,0,0,0.00,0.00,0,0
1508087232,s2,0.00,0.00,0.00,0,0,0.00,0.00,0.00,0,0,0.00,0.00,0,0
1508087232,s1-eth2,12227.77,258635.38,270863.16,258894,12240,159.84,170.83,330.67,171,160,0.00,0.00,0,0
1508087232,s1-eth1,249560.45,12227.77,261788.22,12240,249810,164.84,159.84,324.68,160,165,0.00,0.00,0,0
1508087232,s2-eth2,2417.58,54449.55,56867.13,54504,2420,29.97,35.96,65.93,36,30,0.00,0.00,0,0
1508087232,s2-eth1,57474.53,2417.58,59892.11,2420,57532,37.96,29.97,67.93,30,38,0.00,0.00,0,0
1508087232,lo,0.00,0.00,0.00,0,0,0.00,0.00,0.00,0,0,0.00,0.00,0,0
1508087232,total,321680.34,327730.28,649410.62,328058,322002,392.61,396.60,789.21,397,393,0.00,0.00,0,0
1508087233,s1,0.00,0.00,0.00,0,0,0.00,0.00,0.00,0,0,0.00,0.00,0,0
1508087233,eth0,0.00,0.00,0.00,0,0,0.00,0.00,0.00,0,0,0.00,0.00,0,0
1508087233,eth1,0.00,0.00,0.00,0,0,0.00,0.00,0.00,0,0,0.00,0.00,0,0
1508087233,s2,0.00,0.00,0.00,0,0,0.00,0.00,0.00,0,0,0.00,0.00,0,0
1508087233,s1-eth2,12191.81,258635.38,270827.19,258894,12204,161.84,170.83,332.67,171,162,0.00,0.00,0,0
1508087233,s1-eth1,251072.94,12191.81,263264.75,12204,251324,165.83,161.84,327.67,162,166,0.00,0.00,0,0
1508087233,s2-eth2,2229.77,57474.53,59704.30,57532,2232,29.97,37.96,67.93,38,30,0.00,0.00,0,0
1508087233,s2-eth1,52937.06,2229.77,55166.84,2232,52990,34.97,29.97,64.94,30,35,0.00,0.00,0,0
1508087233,lo,0.00,0.00,0.00,0,0,0.00,0.00,0.00,0,0,0.00,0.00,0,0
1508087233,total,318431.56,330531.47,648963.06,330862,318750,392.61,400.60,793.21,401,393,0.00,0.00,0,0
1508087234,s1,0.00,0.00,0.00,0,0,0.00,0.00,0.00,0,0,0.00,0.00,0,0
1508087234,eth0,0.00,0.00,0.00,0,0,0.00,0.00,0.00,0,0,0.00,0.00,0,0
1508087234,eth1,0.00,0.00,0.00,0,0,0.00,0.00,0.00,0,0,0.00,0.00,0,0
1508087234,s2,0.00,0.00,0.00,0,0,0.00,0.00,0.00,0,0,0.00,0.00,0,0
1508087234,s1-eth2,10582.00,258894.00,269476.00,258894,10582,143.00,171.00,314.00,171,143,0.00,0.00,0,0
1508087234,s1-eth1,250152.00,10582.00,260734.00,10582,250152,166.00,143.00,309.00,143,166,0.00,0.00,0,0
1508087234,s2-eth2,2590.00,80242.00,82832.00,80242,2590,35.00,53.00,88.00,53,35,0.00,0.00,0,0
1508087234,s2-eth1,80242.00,2590.00,82832.00,2590,80242,53.00,35.00,88.00,35,53,0.00,0.00,0,0
1508087234,lo,0.00,0.00,0.00,0,0,0.00,0.00,0.00,0,0,0.00,0.00,0,0
1508087234,total,343566.00,352308.00,695874.00,352308,343566,397.00,402.00,799.00,402,397,0.00,0.00,0,0
1508087235,s1,0.00,0.00,0.00,0,0,0.00,0.00,0.00,0,0,0.00,0.00,0,0
1508087235,eth0,0.00,0.00,0.00,0,0,0.00,0.00,0.00,0,0,0.00,0.00,0,0
1508087235,eth1,0.00,0.00,0.00,0,0,0.00,0.00,0.00,0,0,0.00,0.00,0,0
1508087235,s2,0.00,0.00,0.00,0,0,0.00,0.00,0.00,0,0,0.00,0.00,0,0
1508087235,s1-eth2,11572.00,249810.00,261382.00,249810,11572,148.00,165.00,313.00,165,148,0.00,0.00,0,0
1508087235,s1-eth1,249810.00,11572.00,261382.00,11572,249810,165.00,148.00,313.00,148,165,0.00,0.00,0,0
1508087235,s2-eth2,4054.00,86298.00,90352.00,86298,4054,53.00,57.00,110.00,57,53,0.00,0.00,0,0
1508087235,s2-eth1,87812.00,4054.00,91866.00,4054,87812,58.00,53.00,111.00,53,58,0.00,0.00,0,0
1508087235,lo,0.00,0.00,0.00,0,0,0.00,0.00,0.00,0,0,0.00,0.00,0,0
1508087235,total,353248.00,351734.00,704982.00,351734,353248,424.00,423.00,847.00,423,424,0.00,0.00,0,0
1508087236,s1,0.00,0.00,0.00,0,0,0.00,0.00,0.00,0,0,0.00,0.00,0,0
1508087236,eth0,0.00,0.00,0.00,0,0,0.00,0.00,0.00,0,0,0.00,0.00,0,0
1508087236,eth1,0.00,0.00,0.00,0,0,0.00,0.00,0.00,0,0,0.00,0.00,0,0
1508087236,s2,0.00,0.00,0.00,0,0,0.00,0.00,0.00,0,0,0.00,0.00,0,0
1508087236,s1-eth2,12392.00,254352.00,266744.00,254352,12392,160.00,168.00,328.00,168,160,0.00,0.00,0,0
1508087236,s1-eth1,249810.00,12392.00,262202.00,12392,249810,165.00,160.00,325.00,160,165,0.00,0.00,0,0
1508087236,s2-eth2,4556.00,96896.00,101452.00,96896,4556,56.00,64.00,120.00,64,56,0.00,0.00,0,0
1508087236,s2-eth1,89326.00,4214.00,93540.00,4214,89326,59.00,55.00,114.00,55,59,0.00,0.00,0,0
1508087236,lo,344.00,344.00,688.00,344,344,6.00,6.00,12.00,6,6,0.00,0.00,0,0
1508087236,total,356428.00,368198.00,724626.00,368198,356428,446.00,453.00,899.00,453,446,0.00,0.00,0,0
1508087237,s1,0.00,0.00,0.00,0,0,0.00,0.00,0.00,0,0,0.00,0.00,0,0
1508087237,eth0,0.00,0.00,0.00,0,0,0.00,0.00,0.00,0,0,0.00,0.00,0,0
1508087237,eth1,0.00,0.00,0.00,0,0,0.00,0.00,0.00,0,0,0.00,0.00,0,0
1508087237,s2,0.00,0.00,0.00,0,0,0.00,0.00,0.00,0,0,0.00,0.00,0,0
1508087237,s1-eth2,12092.00,263436.00,275528.00,263436,12092,158.00,174.00,332.00,174,158,0.00,0.00,0,0
1508087237,s1-eth1,249810.00,12092.00,261902.00,12092,249810,165.00,158.00,323.00,158,165,0.00,0.00,0,0
1508087237,s2-eth2,2664.00,93868.00,96532.00,93868,2664,36.00,62.00,98.00,62,36,0.00,0.00,0,0
1508087237,s2-eth1,98410.00,2664.00,101074.00,2664,98410,65.00,36.00,101.00,36,65,0.00,0.00,0,0
1508087237,lo,0.00,0.00,0.00,0,0,0.00,0.00,0.00,0,0,0.00,0.00,0,0
1508087237,total,362976.00,372060.00,735036.00,372060,362976,424.00,430.00,854.00,430,424,0.00,0.00,0,0
1508087238,s1,0.00,0.00,0.00,0,0,0.00,0.00,0.00,0,0,0.00,0.00,0,0
1508087238,eth0,0.00,0.00,0.00,0,0,0.00,0.00,0.00,0,0,0.00,0.00,0,0
1508087238,eth1,0.00,0.00,0.00,0,0,0.00,0.00,0.00,0,0,0.00,0.00,0,0
1508087238,s2,0.00,0.00,0.00,0,0,0.00,0.00,0.00,0,0,0.00,0.00,0,0
1508087238,s1-eth2,12522.00,254394.00,266916.00,254394,12522,163.00,169.00,332.00,169,163,0.00,0.00,0,0
1508087238,s1-eth1,249852.00,12522.00,262374.00,12522,249852,166.00,163.00,329.00,163,166,0.00,0.00,0,0
1508087238,s2-eth2,3522.00,92354.00,95876.00,92354,3522,45.00,61.00,106.00,61,45,0.00,0.00,0,0
1508087238,s2-eth1,81756.00,3522.00,85278.00,3522,81756,54.00,45.00,99.00,45,54,0.00,0.00,0,0
1508087238,lo,592.00,592.00,1184.00,592,592,6.00,6.00,12.00,6,6,0.00,0.00,0,0
1508087238,total,348244.00,363384.00,711628.00,363384,348244,434.00,444.00,878.00,444,434,0.00,0.00,0,0
1508087239,s1,0.00,0.00,0.00,0,0,0.00,0.00,0.00,0,0,0.00,0.00,0,0
1508087239,eth0,0.00,0.00,0.00,0,0,0.00,0.00,0.00,0,0,0.00,0.00,0,0
1508087239,eth1,0.00,0.00,0.00,0,0,0.00,0.00,0.00,0,0,0.00,0.00,0,0
1508087239,s2,0.00,0.00,0.00,0,0,0.00,0.00,0.00,0,0,0.00,0.00,0,0
1508087239,s1-eth2,12358.00,266464.00,278822.00,266464,12358,161.00,176.00,337.00,176,161,0.00,0.00,0,0
1508087239,s1-eth1,251324.00,12432.00,263756.00,12432,251324,166.00,162.00,328.00,162,166,0.00,0.00,0,0
1508087239,s2-eth2,3034.00,96896.00,99930.00,96896,3034,41.00,64.00,105.00,64,41,0.00,0.00,0,0
1508087239,s2-eth1,107836.00,3034.00,110870.00,3034,107836,72.00,41.00,113.00,41,72,0.00,0.00,0,0
1508087239,lo,0.00,0.00,0.00,0,0,0.00,0.00,0.00,0,0,0.00,0.00,0,0
1508087239,total,374552.00,378826.00,753378.00,378826,374552,440.00,443.00,883.00,443,440,0.00,0.00,0,0
1508087240,s1,0.00,0.00,0.00,0,0,0.00,0.00,0.00,0,0,0.00,0.00,0,0
1508087240,eth0,0.00,0.00,0.00,0,0,0.00,0.00,0.00,0,0,0.00,0.00,0,0
1508087240,eth1,0.00,0.00,0.00,0,0,0.00,0.00,0.00,0,0,0.00,0.00,0,0
1508087240,s2,0.00,0.00,0.00,0,0,0.00,0.00,0.00,0,0,0.00,0.00,0,0
1508087240,s1-eth2,12343.66,254097.91,266441.56,254352,12356,159.84,167.83,327.67,168,160,0.00,0.00,0,0
1508087240,s1-eth1,249560.45,12269.73,261830.17,12282,249810,164.84,158.84,323.68,159,165,0.00,0.00,0,0
1508087240,s2-eth2,4283.72,101336.66,105620.38,101438,4288,55.94,66.93,122.88,67,56,0.00,0.00,0,0
1508087240,s2-eth1,89236.77,4283.72,93520.48,4288,89326,58.94,55.94,114.89,56,59,0.00,0.00,0,0
1508087240,lo,0.00,0.00,0.00,0,0,0.00,0.00,0.00,0,0,0.00,0.00,0,0
1508087240,total,355424.59,371988.03,727412.62,372360,355780,439.56,449.55,889.11,450,440,0.00,0.00,0,0
1508087241,s1,0.00,0.00,0.00,0,0,0.00,0.00,0.00,0,0,0.00,0.00,0,0
1508087241,eth0,0.00,0.00,0.00,0,0,0.00,0.00,0.00,0,0,0.00,0.00,0,0
1508087241,eth1,0.00,0.00,0.00,0,0,0.00,0.00,0.00,0,0,0.00,0.00,0,0
1508087241,s2,0.00,0.00,0.00,0,0,0.00,0.00,0.00,0,0,0.00,0.00,0,0
1508087241,s1-eth2,12606.00,261922.00,274528.00,261922,12606,161.00,173.00,334.00,173,161,0.00,0.00,0,0
1508087241,s1-eth1,248296.00,12264.00,260560.00,12264,248296,164.00,160.00,324.00,160,164,0.00,0.00,0,0
1508087241,s2-eth2,3712.00,80242.00,83954.00,80242,3712,46.00,53.00,99.00,53,46,0.00,0.00,0,0
1508087241,s2-eth1,86298.00,3712.00,90010.00,3712,86298,57.00,46.00,103.00,46,57,0.00,0.00,0,0
1508087241,lo,172.00,172.00,344.00,172,172,3.00,3.00,6.00,3,3,0.00,0.00,0,0
1508087241,total,351084.00,358312.00,709396.00,358312,351084,431.00,435.00,866.00,435,431,0.00,0.00,0,0
1508087242,s1,0.00,0.00,0.00,0,0,0.00,0.00,0.00,0,0,0.00,0.00,0,0
1508087242,eth0,0.00,0.00,0.00,0,0,0.00,0.00,0.00,0,0,0.00,0.00,0,0
1508087242,eth1,0.00,0.00,0.00,0,0,0.00,0.00,0.00,0,0,0.00,0.00,0,0
1508087242,s2,0.00,0.00,0.00,0,0,0.00,0.00,0.00,0,0,0.00,0.00,0,0
1508087242,s1-eth2,12529.47,261660.34,274189.81,261922,12542,160.84,172.83,333.67,173,161,0.00,0.00,0,0
1508087242,s1-eth1,249560.45,12529.47,262089.92,12542,249810,164.84,160.84,325.67,161,165,0.00,0.00,0,0
1508087242,s2-eth2,4011.99,84699.30,88711.29,84784,4016,51.95,55.94,107.89,56,52,0.00,0.00,0,0
1508087242,s2-eth1,77136.87,4011.99,81148.85,4016,77214,50.95,51.95,102.90,52,51,0.00,0.00,0,0
1508087242,lo,0.00,0.00,0.00,0,0,0.00,0.00,0.00,0,0,0.00,0.00,0,0
1508087242,total,343238.78,362901.09,706139.88,363264,343582,428.57,441.56,870.13,442,429,0.00,0.00,0,0
1508087243,s1,0.00,0.00,0.00,0,0,0.00,0.00,0.00,0,0,0.00,0.00,0,0
1508087243,eth0,0.00,0.00,0.00,0,0,0.00,0.00,0.00,0,0,0.00,0.00,0,0
1508087243,eth1,0.00,0.00,0.00,0,0,0.00,0.00,0.00,0,0,0.00,0.00,0,0
1508087243,s2,0.00,0.00,0.00,0,0,0.00,0.00,0.00,0,0,0.00,0.00,0,0
1508087243,s1-eth2,11666.00,258894.00,270560.00,258894,11666,157.00,171.00,328.00,171,157,0.00,0.00,0,0
1508087243,s1-eth1,249810.00,11752.00,261562.00,11752,249810,165.00,158.00,323.00,158,165,0.00,0.00,0,0
1508087243,s2-eth2,2812.00,92354.00,95166.00,92354,2812,38.00,61.00,99.00,61,38,0.00,0.00,0,0
1508087243,s2-eth1,93868.00,2812.00,96680.00,2812,93868,62.00,38.00,100.00,38,62,0.00,0.00,0,0
1508087243,lo,172.00,172.00,344.00,172,172,3.00,3.00,6.00,3,3,0.00,0.00,0,0
1508087243,total,358328.00,365984.00,724312.00,365984,358328,425.00,431.00,856.00,431,425,0.00,0.00,0,0
1508087244,s1,0.00,0.00,0.00,0,0,0.00,0.00,0.00,0,0,0.00,0.00,0,0
1508087244,eth0,0.00,0.00,0.00,0,0,0.00,0.00,0.00,0,0,0.00,0.00,0,0
1508087244,eth1,0.00,0.00,0.00,0,0,0.00,0.00,0.00,0,0,0.00,0.00,0,0
1508087244,s2,0.00,0.00,0.00,0,0,0.00,0.00,0.00,0,0,0.00,0.00,0,0
1508087244,s1-eth2,12134.00,252838.00,264972.00,252838,12134,159.00,167.00,326.00,167,159,0.00,0.00,0,0
1508087244,s1-eth1,251324.00,12122.00,263446.00,12122,251324,166.00,159.00,325.00,159,166,0.00,0.00,0,0
1508087244,s2-eth2,3684.00,86298.00,89982.00,86298,3684,48.00,57.00,105.00,57,48,0.00,0.00,0,0
1508087244,s2-eth1,86298.00,3684.00,89982.00,3684,86298,57.00,48.00,105.00,48,57,0.00,0.00,0,0
1508087244,lo,0.00,0.00,0.00,0,0,0.00,0.00,0.00,0,0,0.00,0.00,0,0
1508087244,total,353440.00,354942.00,708382.00,354942,353440,430.00,431.00,861.00,431,430,0.00,0.00,0,0
1508087245,s1,0.00,0.00,0.00,0,0,0.00,0.00,0.00,0,0,0.00,0.00,0,0
1508087245,eth0,0.00,0.00,0.00,0,0,0.00,0.00,0.00,0,0,0.00,0.00,0,0
1508087245,eth1,0.00,0.00,0.00,0,0,0.00,0.00,0.00,0,0,0.00,0.00,0,0
1508087245,s2,0.00,0.00,0.00,0,0,0.00,0.00,0.00,0,0,0.00,0.00,0,0
1508087245,s1-eth2,12340.00,245268.00,257608.00,245268,12340,158.00,162.00,320.00,162,158,0.00,0.00,0,0
1508087245,s1-eth1,250152.00,12266.00,262418.00,12266,250152,166.00,157.00,323.00,157,166,0.00,0.00,0,0
1508087245,s2-eth2,4128.00,92354.00,96482.00,92354,4128,54.00,61.00,115.00,61,54,0.00,0.00,0,0
1508087245,s2-eth1,86298.00,4128.00,90426.00,4128,86298,57.00,54.00,111.00,54,57,0.00,0.00,0,0
1508087245,lo,0.00,0.00,0.00,0,0,0.00,0.00,0.00,0,0,0.00,0.00,0,0
1508087245,total,352918.00,354016.00,706934.00,354016,352918,435.00,434.00,869.00,434,435,0.00,0.00,0,0
1508087246,s1,0.00,0.00,0.00,0,0,0.00,0.00,0.00,0,0,0.00,0.00,0,0
1508087246,eth0,0.00,0.00,0.00,0,0,0.00,0.00,0.00,0,0,0.00,0.00,0,0
1508087246,eth1,0.00,0.00,0.00,0,0,0.00,0.00,0.00,0,0,0.00,0.00,0,0
1508087246,s2,0.00,0.00,0.00,0,0,0.00,0.00,0.00,0,0,0.00,0.00,0,0
1508087246,s1-eth2,12130.00,260408.00,272538.00,260408,12130,161.00,172.00,333.00,172,161,0.00,0.00,0,0
1508087246,s1-eth1,249810.00,12130.00,261940.00,12130,249810,165.00,161.00,326.00,161,165,0.00,0.00,0,0
1508087246,s2-eth2,3660.00,83270.00,86930.00,83270,3660,48.00,55.00,103.00,55,48,0.00,0.00,0,0
1508087246,s2-eth1,81756.00,3660.00,85416.00,3660,81756,54.00,48.00,102.00,48,54,0.00,0.00,0,0
1508087246,lo,172.00,172.00,344.00,172,172,3.00,3.00,6.00,3,3,0.00,0.00,0,0
1508087246,total,347528.00,359640.00,707168.00,359640,347528,431.00,439.00,870.00,439,431,0.00,0.00,0,0
1508087247,s1,0.00,0.00,0.00,0,0,0.00,0.00,0.00,0,0,0.00,0.00,0,0
1508087247,eth0,0.00,0.00,0.00,0,0,0.00,0.00,0.00,0,0,0.00,0.00,0,0
1508087247,eth1,0.00,0.00,0.00,0,0,0.00,0.00,0.00,0,0,0.00,0.00,0,0
1508087247,s2,0.00,0.00,0.00,0,0,0.00,0.00,0.00,0,0,0.00,0.00,0,0
1508087247,s1-eth2,12230.77,254097.91,266328.69,254352,12243,158.84,167.83,326.67,168,159,0.00,0.00,0,0
1508087247,s1-eth1,249667.34,12123.88,261791.22,12136,249917,165.83,157.84,323.68,158,166,0.00,0.00,0,0
1508087247,s2-eth2,3759.24,80161.84,83921.08,80242,3763,46.95,52.95,99.90,53,47,0.00,0.00,0,0
1508087247,s2-eth1,81781.22,3652.35,85433.57,3656,81863,54.95,45.95,100.90,46,55,0.00,0.00,0,0
1508087247,lo,0.00,0.00,0.00,0,0,0.00,0.00,0.00,0,0,0.00,0.00,0,0
1508087247,total,347438.56,350035.97,697474.56,350386,347786,426.57,424.58,851.15,425,427,0.00,0.00,0,0
1508087248,s1,0.00,0.00,0.00,0,0,0.00,0.00,0.00,0,0,0.00,0.00,0,0
1508087248,eth0,0.00,0.00,0.00,0,0,0.00,0.00,0.00,0,0,0.00,0.00,0,0
1508087248,eth1,0.00,0.00,0.00,0,0,0.00,0.00,0.00,0,0,0.00,0.00,0,0
1508087248,s2,0.00,0.00,0.00,0,0,0.00,0.00,0.00,0,0,0.00,0.00,0,0
1508087248,s1-eth2,12370.00,254352.00,266722.00,254352,12370,161.00,168.00,329.00,168,161,0.00,0.00,0,0
1508087248,s1-eth1,249810.00,12370.00,262180.00,12370,249810,165.00,161.00,326.00,161,165,0.00,0.00,0,0
1508087248,s2-eth2,3256.00,78728.00,81984.00,78728,3256,44.00,52.00,96.00,52,44,0.00,0.00,0,0
1508087248,s2-eth1,72672.00,3256.00,75928.00,3256,72672,48.00,44.00,92.00,44,48,0.00,0.00,0,0
1508087248,lo,172.00,172.00,344.00,172,172,3.00,3.00,6.00,3,3,0.00,0.00,0,0
1508087248,total,338280.00,348878.00,687158.00,348878,338280,421.00,428.00,849.00,428,421,0.00,0.00,0,0
1508087249,s1,0.00,0.00,0.00,0,0,0.00,0.00,0.00,0,0,0.00,0.00,0,0
1508087249,eth0,0.00,0.00,0.00,0,0,0.00,0.00,0.00,0,0,0.00,0.00,0,0
1508087249,eth1,0.00,0.00,0.00,0,0,0.00,0.00,0.00,0,0,0.00,0.00,0,0
1508087249,s2,0.00,0.00,0.00,0,0,0.00,0.00,0.00,0,0,0.00,0.00,0,0
1508087249,s1-eth2,12355.64,258635.38,270991.03,258894,12368,161.84,170.83,332.67,171,162,0.00,0.00,0,0
1508087249,s1-eth1,251072.94,12429.57,263502.50,12442,251324,165.83,162.84,328.67,163,166,0.00,0.00,0,0
1508087249,s2-eth2,3914.09,95286.72,99200.80,95382,3918,50.95,62.94,113.89,63,51,0.00,0.00,0,0
1508087249,s2-eth1,98311.69,3914.09,102225.77,3918,98410,64.94,50.95,115.88,51,65,0.00,0.00,0,0
1508087249,lo,0.00,0.00,0.00,0,0,0.00,0.00,0.00,0,0,0.00,0.00,0,0
1508087249,total,365654.34,370265.75,735920.12,370636,366020,443.56,447.55,891.11,448,444,0.00,0.00,0,0
1508087250,s1,0.00,0.00,0.00,0,0,0.00,0.00,0.00,0,0,0.00,0.00,0,0
1508087250,eth0,0.00,0.00,0.00,0,0,0.00,0.00,0.00,0,0,0.00,0.00,0,0
1508087250,eth1,0.00,0.00,0.00,0,0,0.00,0.00,0.00,0,0,0.00,0.00,0,0
1508087250,s2,0.00,0.00,0.00,0,0,0.00,0.00,0.00,0,0,0.00,0.00,0,0
1508087250,s1-eth2,12740.00,251324.00,264064.00,251324,12740,162.00,166.00,328.00,166,162,0.00,0.00,0,0
1508087250,s1-eth1,249810.00,12324.00,262134.00,12324,249810,165.00,160.00,325.00,160,165,0.00,0.00,0,0
1508087250,s2-eth2,3996.00,104466.00,108462.00,104466,3996,54.00,69.00,123.00,69,54,0.00,0.00,0,0
1508087250,s2-eth1,98410.00,3996.00,102406.00,3996,98410,65.00,54.00,119.00,54,65,0.00,0.00,0,0
1508087250,lo,0.00,0.00,0.00,0,0,0.00,0.00,0.00,0,0,0.00,0.00,0,0
1508087250,total,364956.00,372110.00,737066.00,372110,364956,446.00,449.00,895.00,449,446,0.00,0.00,0,0
1508087251,s1,0.00,0.00,0.00,0,0,0.00,0.00,0.00,0,0,0.00,0.00,0,0
1508087251,eth0,0.00,0.00,0.00,0,0,0.00,0.00,0.00,0,0,0.00,0.00,0,0
1508087251,eth1,0.00,0.00,0.00,0,0,0.00,0.00,0.00,0,0,0.00,0.00,0,0
1508087251,s2,0.00,0.00,0.00,0,0,0.00,0.00,0.00,0,0,0.00,0.00,0,0
1508087251,s1-eth2,12294.00,258894.00,271188.00,258894,12294,159.00,171.00,330.00,171,159,0.00,0.00,0,0
1508087251,s1-eth1,249810.00,12294.00,262104.00,12294,249810,165.00,159.00,324.00,159,165,0.00,0.00,0,0
1508087251,s2-eth2,3404.00,107494.00,110898.00,107494,3404,46.00,71.00,117.00,71,46,0.00,0.00,0,0
1508087251,s2-eth1,110522.00,3404.00,113926.00,3404,110522,73.00,46.00,119.00,46,73,0.00,0.00,0,0
1508087251,lo,172.00,172.00,344.00,172,172,3.00,3.00,6.00,3,3,0.00,0.00,0,0
1508087251,total,376202.00,382258.00,758460.00,382258,376202,446.00,450.00,896.00,450,446,0.00,0.00,0,0
1508087252,s1,0.00,0.00,0.00,0,0,0.00,0.00,0.00,0,0,0.00,0.00,0,0
1508087252,eth0,0.00,0.00,0.00,0,0,0.00,0.00,0.00,0,0,0.00,0.00,0,0
1508087252,eth1,0.00,0.00,0.00,0,0,0.00,0.00,0.00,0,0,0.00,0.00,0,0
1508087252,s2,0.00,0.00,0.00,0,0,0.00,0.00,0.00,0,0,0.00,0.00,0,0
1508087252,s1-eth2,12428.00,260408.00,272836.00,260408,12428,162.00,172.00,334.00,172,162,0.00,0.00,0,0
1508087252,s1-eth1,249810.00,12428.00,262238.00,12428,249810,165.00,162.00,327.00,162,165,0.00,0.00,0,0
1508087252,s2-eth2,4238.00,110522.00,114760.00,110522,4238,55.00,73.00,128.00,73,55,0.00,0.00,0,0
1508087252,s2-eth1,110522.00,4238.00,114760.00,4238,110522,73.00,55.00,128.00,55,73,0.00,0.00,0,0
1508087252,lo,0.00,0.00,0.00,0,0,0.00,0.00,0.00,0,0,0.00,0.00,0,0
1508087252,total,376998.00,387596.00,764594.00,387596,376998,455.00,462.00,917.00,462,455,0.00,0.00,0,0
1508087253,s1,0.00,0.00,0.00,0,0,0.00,0.00,0.00,0,0,0.00,0.00,0,0
1508087253,eth0,0.00,0.00,0.00,0,0,0.00,0.00,0.00,0,0,0.00,0.00,0,0
1508087253,eth1,0.00,0.00,0.00,0,0,0.00,0.00,0.00,0,0,0.00,0.00,0,0
1508087253,s2,0.00,0.00,0.00,0,0,0.00,0.00,0.00,0,0,0.00,0.00,0,0
1508087253,s1-eth2,11640.00,261922.00,273562.00,261922,11640,156.00,173.00,329.00,173,156,0.00,0.00,0,0
1508087253,s1-eth1,250152.00,11726.00,261878.00,11726,250152,166.00,157.00,323.00,157,166,0.00,0.00,0,0
1508087253,s2-eth2,4216.00,96938.00,101154.00,96938,4216,54.00,65.00,119.00,65,54,0.00,0.00,0,0
1508087253,s2-eth1,87854.00,4216.00,92070.00,4216,87854,59.00,54.00,113.00,54,59,0.00,0.00,0,0
1508087253,lo,172.00,172.00,344.00,172,172,3.00,3.00,6.00,3,3,0.00,0.00,0,0
1508087253,total,354034.00,374974.00,729008.00,374974,354034,438.00,452.00,890.00,452,438,0.00,0.00,0,0
1508087254,s1,0.00,0.00,0.00,0,0,0.00,0.00,0.00,0,0,0.00,0.00,0,0
1508087254,eth0,0.00,0.00,0.00,0,0,0.00,0.00,0.00,0,0,0.00,0.00,0,0
1508087254,eth1,0.00,0.00,0.00,0,0,0.00,0.00,0.00,0,0,0.00,0.00,0,0
1508087254,s2,0.00,0.00,0.00,0,0,0.00,0.00,0.00,0,0,0.00,0.00,0,0
1508087254,s1-eth2,12908.00,251324.00,264232.00,251324,12908,164.00,166.00,330.00,166,164,0.00,0.00,0,0
1508087254,s1-eth1,249810.00,12822.00,262632.00,12822,249810,165.00,163.00,328.00,163,165,0.00,0.00,0,0
1508087254,s2-eth2,3502.00,86298.00,89800.00,86298,3502,47.00,57.00,104.00,57,47,0.00,0.00,0,0
1508087254,s2-eth1,96896.00,3502.00,100398.00,3502,96896,64.00,47.00,111.00,47,64,0.00,0.00,0,0
1508087254,lo,0.00,0.00,0.00,0,0,0.00,0.00,0.00,0,0,0.00,0.00,0,0
1508087254,total,363116.00,353946.00,717062.00,353946,363116,440.00,433.00,873.00,433,440,0.00,0.00,0,0
1508087255,s1,0.00,0.00,0.00,0,0,0.00,0.00,0.00,0,0,0.00,0.00,0,0
1508087255,eth0,0.00,0.00,0.00,0,0,0.00,0.00,0.00,0,0,0.00,0.00,0,0
1508087255,eth1,0.00,0.00,0.00,0,0,0.00,0.00,0.00,0,0,0.00,0.00,0,0
1508087255,s2,0.00,0.00,0.00,0,0,0.00,0.00,0.00,0,0,0.00,0.00,0,0
1508087255,s1-eth2,12493.51,263172.84,275666.34,263436,12506,162.84,173.83,336.66,174,163,0.00,0.00,0,0
1508087255,s1-eth1,248047.95,12567.43,260615.39,12580,248296,163.84,163.84,327.67,164,164,0.00,0.00,0,0
1508087255,s2-eth2,3618.38,93774.23,97392.61,93868,3622,46.95,61.94,108.89,62,47,0.00,0.00,0,0
1508087255,s2-eth1,83186.81,3618.38,86805.20,3622,83270,54.95,46.95,101.90,47,55,0.00,0.00,0,0
1508087255,lo,0.00,0.00,0.00,0,0,0.00,0.00,0.00,0,0,0.00,0.00,0,0
1508087255,total,347346.66,373132.88,720479.56,373506,347694,428.57,446.55,875.12,447,429,0.00,0.00,0,0
1508087256,s1,0.00,0.00,0.00,0,0,0.00,0.00,0.00,0,0,0.00,0.00,0,0
1508087256,eth0,0.00,0.00,0.00,0,0,0.00,0.00,0.00,0,0,0.00,0.00,0,0
1508087256,eth1,0.00,0.00,0.00,0,0,0.00,0.00,0.00,0,0,0.00,0.00,0,0
1508087256,s2,0.00,0.00,0.00,0,0,0.00,0.00,0.00,0,0,0.00,0.00,0,0
1508087256,s1-eth2,12548.00,261922.00,274470.00,261922,12548,164.00,173.00,337.00,173,164,0.00,0.00,0,0
1508087256,s1-eth1,251324.00,12474.00,263798.00,12474,251324,166.00,163.00,329.00,163,166,0.00,0.00,0,0
1508087256,s2-eth2,4174.00,95382.00,99556.00,95382,4174,51.00,63.00,114.00,63,51,0.00,0.00,0,0
1508087256,s2-eth1,92354.00,3832.00,96186.00,3832,92354,61.00,50.00,111.00,50,61,0.00,0.00,0,0
1508087256,lo,172.00,172.00,344.00,172,172,3.00,3.00,6.00,3,3,0.00,0.00,0,0
1508087256,total,360572.00,373782.00,734354.00,373782,360572,445.00,452.00,897.00,452,445,0.00,0.00,0,0
1508087257,s1,0.00,0.00,0.00,0,0,0.00,0.00,0.00,0,0,0.00,0.00,0,0
1508087257,eth0,0.00,0.00,0.00,0,0,0.00,0.00,0.00,0,0,0.00,0.00,0,0
1508087257,eth1,0.00,0.00,0.00,0,0,0.00,0.00,0.00,0,0,0.00,0.00,0,0
1508087257,s2,0.00,0.00,0.00,0,0,0.00,0.00,0.00,0,0,0.00,0.00,0,0
1508087257,s1-eth2,12254.00,255866.00,268120.00,255866,12254,159.00,169.00,328.00,169,159,0.00,0.00,0,0
1508087257,s1-eth1,249810.00,12254.00,262064.00,12254,249810,165.00,159.00,324.00,159,165,0.00,0.00,0,0
1508087257,s2-eth2,3392.00,66616.00,70008.00,66616,3392,42.00,44.00,86.00,44,42,0.00,0.00,0,0
1508087257,s2-eth1,66958.00,3392.00,70350.00,3392,66958,45.00,42.00,87.00,42,45,0.00,0.00,0,0
1508087257,lo,0.00,0.00,0.00,0,0,0.00,0.00,0.00,0,0,0.00,0.00,0,0
1508087257,total,332414.00,338128.00,670542.00,338128,332414,411.00,414.00,825.00,414,411,0.00,0.00,0,0
1508087258,s1,0.00,0.00,0.00,0,0,0.00,0.00,0.00,0,0,0.00,0.00,0,0
1508087258,eth0,0.00,0.00,0.00,0,0,0.00,0.00,0.00,0,0,0.00,0.00,0,0
1508087258,eth1,0.00,0.00,0.00,0,0,0.00,0.00,0.00,0,0,0.00,0.00,0,0
1508087258,s2,0.00,0.00,0.00,0,0,0.00,0.00,0.00,0,0,0.00,0.00,0,0
1508087258,s1-eth2,2292.00,39512.00,41804.00,39512,2292,30.00,28.00,58.00,28,30,0.00,0.00,0,0
1508087258,s1-eth1,44054.00,2292.00,46346.00,2292,44054,31.00,30.00,61.00,30,31,0.00,0.00,0,0
1508087258,s2-eth2,1196.00,12218.00,13414.00,12218,1196,16.00,11.00,27.00,11,16,0.00,0.00,0,0
1508087258,s2-eth1,18274.00,1196.00,19470.00,1196,18274,15.00,16.00,31.00,16,15,0.00,0.00,0,0
1508087258,lo,172.00,172.00,344.00,172,172,3.00,3.00,6.00,3,3,0.00,0.00,0,0
1508087258,total,65988.00,55390.00,121378.00,55390,65988,95.00,88.00,183.00,88,95,0.00,0.00,0,0
1508087259,s1,0.00,0.00,0.00,0,0,0.00,0.00,0.00,0,0,0.00,0.00,0,0
1508087259,eth0,0.00,0.00,0.00,0,0,0.00,0.00,0.00,0,0,0.00,0.00,0,0
1508087259,eth1,0.00,0.00,0.00,0,0,0.00,0.00,0.00,0,0,0.00,0.00,0,0
1508087259,s2,0.00,0.00,0.00,0,0,0.00,0.00,0.00,0,0,0.00,0.00,0,0
1508087259,s1-eth2,0.00,0.00,0.00,0,0,0.00,0.00,0.00,0,0,0.00,0.00,0,0
1508087259,s1-eth1,0.00,0.00,0.00,0,0,0.00,0.00,0.00,0,0,0.00,0.00,0,0
1508087259,s2-eth2,0.00,0.00,0.00,0,0,0.00,0.00,0.00,0,0,0.00,0.00,0,0
1508087259,s2-eth1,0.00,0.00,0.00,0,0,0.00,0.00,0.00,0,0,0.00,0.00,0,0
1508087259,lo,0.00,0.00,0.00,0,0,0.00,0.00,0.00,0,0,0.00,0.00,0,0
1508087259,total,0.00,0.00,0.00,0,0,0.00,0.00,0.00,0,0,0.00,0.00,0,0
1508087260,s1,0.00,0.00,0.00,0,0,0.00,0.00,0.00,0,0,0.00,0.00,0,0
1508087260,eth0,0.00,0.00,0.00,0,0,0.00,0.00,0.00,0,0,0.00,0.00,0,0
1508087260,eth1,0.00,0.00,0.00,0,0,0.00,0.00,0.00,0,0,0.00,0.00,0,0
1508087260,s2,0.00,0.00,0.00,0,0,0.00,0.00,0.00,0,0,0.00,0.00,0,0
1508087260,s1-eth2,0.00,0.00,0.00,0,0,0.00,0.00,0.00,0,0,0.00,0.00,0,0
1508087260,s1-eth1,0.00,0.00,0.00,0,0,0.00,0.00,0.00,0,0,0.00,0.00,0,0
1508087260,s2-eth2,0.00,0.00,0.00,0,0,0.00,0.00,0.00,0,0,0.00,0.00,0,0
1508087260,s2-eth1,0.00,0.00,0.00,0,0,0.00,0.00,0.00,0,0,0.00,0.00,0,0
1508087260,lo,0.00,0.00,0.00,0,0,0.00,0.00,0.00,0,0,0.00,0.00,0,0
1508087260,total,0.00,0.00,0.00,0,0,0.00,0.00,0.00,0,0,0.00,0.00,0,0
1508087261,s1,0.00,0.00,0.00,0,0,0.00,0.00,0.00,0,0,0.00,0.00,0,0
1508087261,eth0,0.00,0.00,0.00,0,0,0.00,0.00,0.00,0,0,0.00,0.00,0,0
1508087261,eth1,0.00,0.00,0.00,0,0,0.00,0.00,0.00,0,0,0.00,0.00,0,0
1508087261,s2,0.00,0.00,0.00,0,0,0.00,0.00,0.00,0,0,0.00,0.00,0,0
1508087261,s1-eth2,0.00,0.00,0.00,0,0,0.00,0.00,0.00,0,0,0.00,0.00,0,0
1508087261,s1-eth1,0.00,0.00,0.00,0,0,0.00,0.00,0.00,0,0,0.00,0.00,0,0
1508087261,s2-eth2,0.00,0.00,0.00,0,0,0.00,0.00,0.00,0,0,0.00,0.00,0,0
1508087261,s2-eth1,0.00,0.00,0.00,0,0,0.00,0.00,0.00,0,0,0.00,0.00,0,0
1508087261,lo,171.83,171.83,343.66,172,172,3.00,3.00,5.99,3,3,0.00,0.00,0,0
1508087261,total,171.83,171.83,343.66,172,172,3.00,3.00,5.99,3,3,0.00,0.00,0,0
1508087262,s1,0.00,0.00,0.00,0,0,0.00,0.00,0.00,0,0,0.00,0.00,0,0
1508087262,eth0,303.70,489.51,793.21,490,304,4.00,4.00,7.99,4,4,0.00,0.00,0,0
1508087262,eth1,0.00,0.00,0.00,0,0,0.00,0.00,0.00,0,0,0.00,0.00,0,0
1508087262,s2,0.00,0.00,0.00,0,0,0.00,0.00,0.00,0,0,0.00,0.00,0,0
1508087262,s1-eth2,0.00,0.00,0.00,0,0,0.00,0.00,0.00,0,0,0.00,0.00,0,0
1508087262,s1-eth1,639.36,0.00,639.36,0,640,4.00,0.00,4.00,0,4,0.00,0.00,0,0
1508087262,s2-eth2,0.00,0.00,0.00,0,0,0.00,0.00,0.00,0,0,0.00,0.00,0,0
1508087262,s2-eth1,0.00,0.00,0.00,0,0,0.00,0.00,0.00,0,0,0.00,0.00,0,0
1508087262,lo,681.32,681.32,1362.64,682,682,7.99,7.99,15.98,8,8,0.00,0.00,0,0
1508087262,total,1624.38,1170.83,2795.20,1172,1626,15.98,11.99,27.97,12,16,0.00,0.00,0,0
1508087263,s1,0.00,0.00,0.00,0,0,0.00,0.00,0.00,0,0,0.00,0.00,0,0
1508087263,eth0,456.00,735.00,1191.00,735,456,6.00,6.00,12.00,6,6,0.00,0.00,0,0
1508087263,eth1,0.00,0.00,0.00,0,0,0.00,0.00,0.00,0,0,0.00,0.00,0,0
1508087263,s2,0.00,0.00,0.00,0,0,0.00,0.00,0.00,0,0,0.00,0.00,0,0
1508087263,s1-eth2,530.00,0.00,530.00,0,530,3.00,0.00,3.00,0,3,0.00,0.00,0,0
1508087263,s1-eth1,889.00,0.00,889.00,0,889,6.00,0.00,6.00,0,6,0.00,0.00,0,0
1508087263,s2-eth2,640.00,0.00,640.00,0,640,4.00,0.00,4.00,0,4,0.00,0.00,0,0
1508087263,s2-eth1,562.00,0.00,562.00,0,562,3.00,0.00,3.00,0,3,0.00,0.00,0,0
1508087263,lo,1195.00,1195.00,2390.00,1195,1195,15.00,15.00,30.00,15,15,0.00,0.00,0,0
1508087263,tota