Page	RTT(ms)	PLT: no TFO (s)	PLT: TFO (s)	Improv.
httpen.wikipedia.orgwikiTransmission_Control_Protocol
	200 	5819.363 	4099.172 	29.5597817149
	100 	3393.208 	2493.034 	26.5287008636
	20 	2055.933 	1899.74 	7.59718337125
httpwww.amazon.com
	200 	4863.806 	3606.044 	25.8596251577
	100 	2898.113 	1970.048 	32.0230784652
	20 	1474.69 	1175.227 	20.3068441503
httpwww.monsanto.com
	200 	21777.545 	3130.363 	85.6257305403
	100 	3007.36 	1805.664 	39.9585018089
	20 	1150.562 	899.451 	21.825073312
httpwww.nickcraver.com
	200 	1350.122 	743.381 	44.9397165589
	100 	980.201 	436.835 	55.4341405487
	20 	264.122 	191.386 	27.538788893
httpwww.bookfinder.com
	200 	12181.231 	1338.155 	89.0146160105
	100 	1454.895 	748.833 	48.5301001103
	20 	629.052 	498.013 	20.8311872468
