1508082985,s5,0.00,0.00,0.00,0,0,0.00,0.00,0.00,0,0,0.00,0.00,0,0
1508082985,s1,0.00,0.00,0.00,0,0,0.00,0.00,0.00,0,0,0.00,0.00,0,0
1508082985,eth0,0.00,0.00,0.00,0,0,0.00,0.00,0.00,0,0,0.00,0.00,0,0
1508082985,eth1,0.00,0.00,0.00,0,0,0.00,0.00,0.00,0,0,0.00,0.00,0,0
1508082985,s1-eth2,0.00,0.00,0.00,0,0,0.00,0.00,0.00,0,0,0.00,0.00,0,0
1508082985,s1-eth1,0.00,0.00,0.00,0,0,0.00,0.00,0.00,0,0,0.00,0.00,0,0
1508082985,lo,0.00,0.00,0.00,0,0,0.00,0.00,0.00,0,0,0.00,0.00,0,0
1508082985,s4,0.00,0.00,0.00,0,0,0.00,0.00,0.00,0,0,0.00,0.00,0,0
1508082985,total,0.00,0.00,0.00,0,0,0.00,0.00,0.00,0,0,0.00,0.00,0,0
1508082986,s5,0.00,0.00,0.00,0,0,0.00,0.00,0.00,0,0,0.00,0.00,0,0
1508082986,s1,160.00,500.00,660.00,500,160,2.00,6.00,8.00,6,2,0.00,0.00,0,0
1508082986,eth0,456.00,735.00,1191.00,735,456,6.00,6.00,12.00,6,6,0.00,0.00,0,0
1508082986,eth1,0.00,0.00,0.00,0,0,0.00,0.00,0.00,0,0,0.00,0.00,0,0
1508082986,s1-eth2,9285.00,227540.00,236825.00,227540,9285,120.00,112.00,232.00,112,120,0.00,0.00,0,0
1508082986,s1-eth1,247014.00,8146.00,255160.00,8146,247014,131.00,111.00,242.00,111,131,0.00,0.00,0,0
1508082986,lo,3267.00,3267.00,6534.00,3267,3267,36.00,36.00,72.00,36,36,0.00,0.00,0,0
1508082986,s4,0.00,0.00,0.00,0,0,0.00,0.00,0.00,0,0,0.00,0.00,0,0
1508082986,total,260182.00,240188.00,500370.00,240188,260182,295.00,271.00,566.00,271,295,0.00,0.00,0,0
1508082987,s5,0.00,0.00,0.00,0,0,0.00,0.00,0.00,0,0,0.00,0.00,0,0
1508082987,s1,90.00,0.00,90.00,0,90,1.00,0.00,1.00,0,1,0.00,0.00,0,0
1508082987,eth0,152.00,245.00,397.00,245,152,2.00,2.00,4.00,2,2,0.00,0.00,0,0
1508082987,eth1,0.00,0.00,0.00,0,0,0.00,0.00,0.00,0,0,0.00,0.00,0,0
1508082987,s1-eth2,7834.00,234724.00,242558.00,234724,7834,97.00,90.00,187.00,90,97,0.00,0.00,0,0
1508082987,s1-eth1,245178.00,6168.00,251346.00,6168,245178,100.00,90.00,190.00,90,100,0.00,0.00,0,0
1508082987,lo,629.00,629.00,1258.00,629,629,7.00,7.00,14.00,7,7,0.00,0.00,0,0
1508082987,s4,0.00,0.00,0.00,0,0,0.00,0.00,0.00,0,0,0.00,0.00,0,0
1508082987,total,253883.00,241766.00,495649.00,241766,253883,207.00,189.00,396.00,189,207,0.00,0.00,0,0
1508082988,s5,0.00,0.00,0.00,0,0,0.00,0.00,0.00,0,0,0.00,0.00,0,0
1508082988,s1,0.00,0.00,0.00,0,0,0.00,0.00,0.00,0,0,0.00,0.00,0,0
1508082988,eth0,160.00,160.00,320.00,160,160,2.00,2.00,4.00,2,2,0.00,0.00,0,0
1508082988,eth1,0.00,0.00,0.00,0,0,0.00,0.00,0.00,0,0,0.00,0.00,0,0
1508082988,s1-eth2,6312.00,253614.00,259926.00,253614,6312,87.00,91.00,178.00,91,87,0.00,0.00,0,0
1508082988,s1-eth1,246503.00,5718.00,252221.00,5718,246503,89.00,85.00,174.00,85,89,0.00,0.00,0,0
1508082988,lo,0.00,0.00,0.00,0,0,0.00,0.00,0.00,0,0,0.00,0.00,0,0
1508082988,s4,0.00,0.00,0.00,0,0,0.00,0.00,0.00,0,0,0.00,0.00,0,0
1508082988,total,252975.00,259492.00,512467.00,259492,252975,178.00,178.00,356.00,178,178,0.00,0.00,0,0
1508082989,s5,0.00,0.00,0.00,0,0,0.00,0.00,0.00,0,0,0.00,0.00,0,0
1508082989,s1,0.00,0.00,0.00,0,0,0.00,0.00,0.00,0,0,0.00,0.00,0,0
1508082989,eth0,0.00,0.00,0.00,0,0,0.00,0.00,0.00,0,0,0.00,0.00,0,0
1508082989,eth1,0.00,0.00,0.00,0,0,0.00,0.00,0.00,0,0,0.00,0.00,0,0
1508082989,s1-eth2,5699.00,251968.00,257667.00,251968,5699,85.00,88.00,173.00,88,85,0.00,0.00,0,0
1508082989,s1-eth1,243189.00,5592.00,248781.00,5592,243189,86.00,84.00,170.00,84,86,0.00,0.00,0,0
1508082989,lo,344.00,344.00,688.00,344,344,6.00,6.00,12.00,6,6,0.00,0.00,0,0
1508082989,s4,0.00,0.00,0.00,0,0,0.00,0.00,0.00,0,0,0.00,0.00,0,0
1508082989,total,249232.00,257904.00,507136.00,257904,249232,177.00,178.00,355.00,178,177,0.00,0.00,0,0
1508082990,s5,0.00,0.00,0.00,0,0,0.00,0.00,0.00,0,0,0.00,0.00,0,0
1508082990,s1,69.93,139.86,209.79,140,70,1.00,2.00,3.00,2,1,0.00,0.00,0,0
1508082990,eth0,0.00,0.00,0.00,0,0,0.00,0.00,0.00,0,0,0.00,0.00,0,0
1508082990,eth1,0.00,0.00,0.00,0,0,0.00,0.00,0.00,0,0,0.00,0.00,0,0
1508082990,s1-eth2,6077.92,248629.38,254707.30,248878,6084,84.92,84.92,169.83,85,85,0.00,0.00,0,0
1508082990,s1-eth1,246403.61,5344.66,251748.27,5350,246650,87.91,80.92,168.83,81,88,0.00,0.00,0,0
1508082990,lo,803.20,803.20,1606.39,804,804,8.99,8.99,17.98,9,9,0.00,0.00,0,0
1508082990,s4,0.00,0.00,0.00,0,0,0.00,0.00,0.00,0,0,0.00,0.00,0,0
1508082990,total,253354.66,254917.09,508271.75,255172,253608,182.82,176.82,359.64,177,183,0.00,0.00,0,0
1508082991,s5,0.00,0.00,0.00,0,0,0.00,0.00,0.00,0,0,0.00,0.00,0,0
1508082991,s1,0.00,0.00,0.00,0,0,0.00,0.00,0.00,0,0,0.00,0.00,0,0
1508082991,eth0,0.00,0.00,0.00,0,0,0.00,0.00,0.00,0,0,0.00,0.00,0,0
1508082991,eth1,0.00,0.00,0.00,0,0,0.00,0.00,0.00,0,0,0.00,0.00,0,0
1508082991,s1-eth2,5616.38,248559.45,254175.83,248808,5622,80.92,83.92,164.84,84,81,0.00,0.00,0,0
1508082991,s1-eth1,242641.36,5274.73,247916.09,5280,242884,81.92,79.92,161.84,80,82,0.00,0.00,0,0
1508082991,lo,0.00,0.00,0.00,0,0,0.00,0.00,0.00,0,0,0.00,0.00,0,0
1508082991,s4,0.00,0.00,0.00,0,0,0.00,0.00,0.00,0,0,0.00,0.00,0,0
1508082991,total,248257.75,253834.17,502091.91,254088,248506,162.84,163.84,326.67,164,163,0.00,0.00,0,0
1508082992,s5,0.00,0.00,0.00,0,0,0.00,0.00,0.00,0,0,0.00,0.00,0,0
1508082992,s1,0.00,0.00,0.00,0,0,0.00,0.00,0.00,0,0,0.00,0.00,0,0
1508082992,eth0,0.00,0.00,0.00,0,0,0.00,0.00,0.00,0,0,0.00,0.00,0,0
1508082992,eth1,0.00,0.00,0.00,0,0,0.00,0.00,0.00,0,0,0.00,0.00,0,0
1508082992,s1-eth2,6516.00,245256.00,251772.00,245256,6516,94.00,96.00,190.00,96,94,0.00,0.00,0,0
1508082992,s1-eth1,246704.00,6582.00,253286.00,6582,246704,96.00,95.00,191.00,95,96,0.00,0.00,0,0
1508082992,lo,0.00,0.00,0.00,0,0,0.00,0.00,0.00,0,0,0.00,0.00,0,0
1508082992,s4,0.00,0.00,0.00,0,0,0.00,0.00,0.00,0,0,0.00,0.00,0,0
1508082992,total,253220.00,251838.00,505058.00,251838,253220,190.00,191.00,381.00,191,190,0.00,0.00,0,0
1508082993,s5,0.00,0.00,0.00,0,0,0.00,0.00,0.00,0,0,0.00,0.00,0,0
1508082993,s1,0.00,0.00,0.00,0,0,0.00,0.00,0.00,0,0,0.00,0.00,0,0
1508082993,eth0,0.00,0.00,0.00,0,0,0.00,0.00,0.00,0,0,0.00,0.00,0,0
1508082993,eth1,0.00,0.00,0.00,0,0,0.00,0.00,0.00,0,0,0.00,0.00,0,0
1508082993,s1-eth2,6886.11,251390.61,258276.73,251642,6893,99.90,104.90,204.80,105,100,0.00,0.00,0,0
1508082993,s1-eth1,244342.66,6779.22,251121.89,6786,244587,102.90,98.90,201.80,99,103,0.00,0.00,0,0
1508082993,lo,0.00,0.00,0.00,0,0,0.00,0.00,0.00,0,0,0.00,0.00,0,0
1508082993,s4,0.00,0.00,0.00,0,0,0.00,0.00,0.00,0,0,0.00,0.00,0,0
1508082993,total,251228.78,258169.84,509398.62,258428,251480,202.80,203.80,406.59,204,203,0.00,0.00,0,0
1508082994,s5,0.00,0.00,0.00,0,0,0.00,0.00,0.00,0,0,0.00,0.00,0,0
1508082994,s1,70.00,140.00,210.00,140,70,1.00,2.00,3.00,2,1,0.00,0.00,0,0
1508082994,eth0,405.00,414.00,819.00,414,405,5.00,6.00,11.00,6,5,0.00,0.00,0,0
1508082994,eth1,0.00,0.00,0.00,0,0,0.00,0.00,0.00,0,0,0.00,0.00,0,0
1508082994,s1-eth2,6738.00,258886.00,265624.00,258886,6738,97.00,105.00,202.00,105,97,0.00,0.00,0,0
1508082994,s1-eth1,244150.00,6532.00,250682.00,6532,244150,101.00,94.00,195.00,94,101,0.00,0.00,0,0
1508082994,lo,1148.00,1148.00,2296.00,1148,1148,15.00,15.00,30.00,15,15,0.00,0.00,0,0
1508082994,s4,0.00,0.00,0.00,0,0,0.00,0.00,0.00,0,0,0.00,0.00,0,0
1508082994,total,252511.00,267120.00,519631.00,267120,252511,219.00,222.00,441.00,222,219,0.00,0.00,0,0
1508082995,s5,0.00,0.00,0.00,0,0,0.00,0.00,0.00,0,0,0.00,0.00,0,0
1508082995,s1,0.00,0.00,0.00,0,0,0.00,0.00,0.00,0,0,0.00,0.00,0,0
1508082995,eth0,0.00,0.00,0.00,0,0,0.00,0.00,0.00,0,0,0.00,0.00,0,0
1508082995,eth1,0.00,0.00,0.00,0,0,0.00,0.00,0.00,0,0,0.00,0.00,0,0
1508082995,s1-eth2,6486.00,258684.00,265170.00,258684,6486,95.00,102.00,197.00,102,95,0.00,0.00,0,0
1508082995,s1-eth1,243874.00,6486.00,250360.00,6486,243874,97.00,95.00,192.00,95,97,0.00,0.00,0,0
1508082995,lo,0.00,0.00,0.00,0,0,0.00,0.00,0.00,0,0,0.00,0.00,0,0
1508082995,s4,0.00,0.00,0.00,0,0,0.00,0.00,0.00,0,0,0.00,0.00,0,0
1508082995,total,250360.00,265170.00,515530.00,265170,250360,192.00,197.00,389.00,197,192,0.00,0.00,0,0
1508082996,s5,0.00,0.00,0.00,0,0,0.00,0.00,0.00,0,0,0.00,0.00,0,0
1508082996,s1,0.00,0.00,0.00,0,0,0.00,0.00,0.00,0,0,0.00,0.00,0,0
1508082996,eth0,0.00,0.00,0.00,0,0,0.00,0.00,0.00,0,0,0.00,0.00,0,0
1508082996,eth1,0.00,0.00,0.00,0,0,0.00,0.00,0.00,0,0,0.00,0.00,0,0
1508082996,s1-eth2,5604.00,251902.00,257506.00,251902,5604,80.00,87.00,167.00,87,80,0.00,0.00,0,0
1508082996,s1-eth1,245978.00,5262.00,251240.00,5262,245978,85.00,79.00,164.00,79,85,0.00,0.00,0,0
1508082996,lo,0.00,0.00,0.00,0,0,0.00,0.00,0.00,0,0,0.00,0.00,0,0
1508082996,s4,0.00,0.00,0.00,0,0,0.00,0.00,0.00,0,0,0.00,0.00,0,0
1508082996,total,251582.00,257164.00,508746.00,257164,251582,165.00,166.00,331.00,166,165,0.00,0.00,0,0
1508082997,s5,0.00,0.00,0.00,0,0,0.00,0.00,0.00,0,0,0.00,0.00,0,0
1508082997,s1,0.00,0.00,0.00,0,0,0.00,0.00,0.00,0,0,0.00,0.00,0,0
1508082997,eth0,0.00,0.00,0.00,0,0,0.00,0.00,0.00,0,0,0.00,0.00,0,0
1508082997,eth1,0.00,0.00,0.00,0,0,0.00,0.00,0.00,0,0,0.00,0.00,0,0
1508082997,s1-eth2,6262.00,248086.00,254348.00,248086,6262,91.00,95.00,186.00,95,91,0.00,0.00,0,0
1508082997,s1-eth1,242096.00,6262.00,248358.00,6262,242096,92.00,91.00,183.00,91,92,0.00,0.00,0,0
1508082997,lo,0.00,0.00,0.00,0,0,0.00,0.00,0.00,0,0,0.00,0.00,0,0
1508082997,s4,0.00,0.00,0.00,0,0,0.00,0.00,0.00,0,0,0.00,0.00,0,0
1508082997,total,248358.00,254348.00,502706.00,254348,248358,183.00,186.00,369.00,186,183,0.00,0.00,0,0
1508082998,s5,0.00,0.00,0.00,0,0,0.00,0.00,0.00,0,0,0.00,0.00,0,0
1508082998,s1,0.00,0.00,0.00,0,0,0.00,0.00,0.00,0,0,0.00,0.00,0,0
1508082998,eth0,0.00,0.00,0.00,0,0,0.00,0.00,0.00,0,0,0.00,0.00,0,0
1508082998,eth1,0.00,0.00,0.00,0,0,0.00,0.00,0.00,0,0,0.00,0.00,0,0
1508082998,s1-eth2,6324.00,263292.00,269616.00,263292,6324,92.00,106.00,198.00,106,92,0.00,0.00,0,0
1508082998,s1-eth1,245388.00,6324.00,251712.00,6324,245388,98.00,92.00,190.00,92,98,0.00,0.00,0,0
1508082998,lo,172.00,172.00,344.00,172,172,3.00,3.00,6.00,3,3,0.00,0.00,0,0
1508082998,s4,0.00,0.00,0.00,0,0,0.00,0.00,0.00,0,0,0.00,0.00,0,0
1508082998,total,251884.00,269788.00,521672.00,269788,251884,193.00,201.00,394.00,201,193,0.00,0.00,0,0
1508082999,s5,0.00,0.00,0.00,0,0,0.00,0.00,0.00,0,0,0.00,0.00,0,0
1508082999,s1,0.00,0.00,0.00,0,0,0.00,0.00,0.00,0,0,0.00,0.00,0,0
1508082999,eth0,0.00,0.00,0.00,0,0,0.00,0.00,0.00,0,0,0.00,0.00,0,0
1508082999,eth1,0.00,0.00,0.00,0,0,0.00,0.00,0.00,0,0,0.00,0.00,0,0
1508082999,s1-eth2,6343.66,256979.03,263322.69,257236,6350,92.91,101.90,194.81,102,93,0.00,0.00,0,0
1508082999,s1-eth1,243696.31,6409.59,250105.91,6416,243940,97.90,93.91,191.81,94,98,0.00,0.00,0,0
1508082999,lo,343.66,343.66,687.31,344,344,5.99,5.99,11.99,6,6,0.00,0.00,0,0
1508082999,s4,0.00,0.00,0.00,0,0,0.00,0.00,0.00,0,0,0.00,0.00,0,0
1508082999,total,250383.62,263732.28,514115.91,263996,250634,196.80,201.80,398.60,202,197,0.00,0.00,0,0
1508083000,s5,0.00,0.00,0.00,0,0,0.00,0.00,0.00,0,0,0.00,0.00,0,0
1508083000,s1,0.00,0.00,0.00,0,0,0.00,0.00,0.00,0,0,0.00,0.00,0,0
1508083000,eth0,0.00,0.00,0.00,0,0,0.00,0.00,0.00,0,0,0.00,0.00,0,0
1508083000,eth1,0.00,0.00,0.00,0,0,0.00,0.00,0.00,0,0,0.00,0.00,0,0
1508083000,s1-eth2,5682.00,253482.00,259164.00,253482,5682,85.00,89.00,174.00,89,85,0.00,0.00,0,0
1508083000,s1-eth1,246044.00,5616.00,251660.00,5616,246044,86.00,84.00,170.00,84,86,0.00,0.00,0,0
1508083000,lo,0.00,0.00,0.00,0,0,0.00,0.00,0.00,0,0,0.00,0.00,0,0
1508083000,s4,0.00,0.00,0.00,0,0,0.00,0.00,0.00,0,0,0.00,0.00,0,0
1508083000,total,251726.00,259098.00,510824.00,259098,251726,171.00,173.00,344.00,173,171,0.00,0.00,0,0
1508083001,s5,0.00,0.00,0.00,0,0,0.00,0.00,0.00,0,0,0.00,0.00,0,0
1508083001,s1,0.00,0.00,0.00,0,0,0.00,0.00,0.00,0,0,0.00,0.00,0,0
1508083001,eth0,0.00,0.00,0.00,0,0,0.00,0.00,0.00,0,0,0.00,0.00,0,0
1508083001,eth1,0.00,0.00,0.00,0,0,0.00,0.00,0.00,0,0,0.00,0.00,0,0
1508083001,s1-eth2,5321.00,248808.00,254129.00,248808,5321,80.00,84.00,164.00,84,80,0.00,0.00,0,0
1508083001,s1-eth1,242991.00,5280.00,248271.00,5280,242991,83.00,80.00,163.00,80,83,0.00,0.00,0,0
1508083001,lo,0.00,0.00,0.00,0,0,0.00,0.00,0.00,0,0,0.00,0.00,0,0
1508083001,s4,0.00,0.00,0.00,0,0,0.00,0.00,0.00,0,0,0.00,0.00,0,0
1508083001,total,248312.00,254088.00,502400.00,254088,248312,163.00,164.00,327.00,164,163,0.00,0.00,0,0
1508083002,s5,0.00,0.00,0.00,0,0,0.00,0.00,0.00,0,0,0.00,0.00,0,0
1508083002,s1,0.00,0.00,0.00,0,0,0.00,0.00,0.00,0,0,0.00,0.00,0,0
1508083002,eth0,0.00,0.00,0.00,0,0,0.00,0.00,0.00,0,0,0.00,0.00,0,0
1508083002,eth1,0.00,0.00,0.00,0,0,0.00,0.00,0.00,0,0,0.00,0.00,0,0
1508083002,s1-eth2,6132.00,250982.00,257114.00,250982,6132,90.00,95.00,185.00,95,90,0.00,0.00,0,0
1508083002,s1-eth1,246506.00,6066.00,252572.00,6066,246506,93.00,89.00,182.00,89,93,0.00,0.00,0,0
1508083002,lo,0.00,0.00,0.00,0,0,0.00,0.00,0.00,0,0,0.00,0.00,0,0
1508083002,s4,0.00,0.00,0.00,0,0,0.00,0.00,0.00,0,0,0.00,0.00,0,0
1508083002,total,252638.00,257048.00,509686.00,257048,252638,183.00,184.00,367.00,184,183,0.00,0.00,0,0
1508083003,s5,0.00,0.00,0.00,0,0,0.00,0.00,0.00,0,0,0.00,0.00,0,0
1508083003,s1,0.00,0.00,0.00,0,0,0.00,0.00,0.00,0,0,0.00,0.00,0,0
1508083003,eth0,0.00,0.00,0.00,0,0,0.00,0.00,0.00,0,0,0.00,0.00,0,0
1508083003,eth1,0.00,0.00,0.00,0,0,0.00,0.00,0.00,0,0,0.00,0.00,0,0
1508083003,s1-eth2,5964.00,246374.00,252338.00,246374,5964,88.00,91.00,179.00,91,88,0.00,0.00,0,0
1508083003,s1-eth1,243280.00,5964.00,249244.00,5964,243280,88.00,88.00,176.00,88,88,0.00,0.00,0,0
1508083003,lo,172.00,172.00,344.00,172,172,3.00,3.00,6.00,3,3,0.00,0.00,0,0
1508083003,s4,0.00,0.00,0.00,0,0,0.00,0.00,0.00,0,0,0.00,0.00,0,0
1508083003,total,249416.00,252510.00,501926.00,252510,249416,179.00,182.00,361.00,182,179,0.00,0.00,0,0
1508083004,s5,0.00,0.00,0.00,0,0,0.00,0.00,0.00,0,0,0.00,0.00,0,0
1508083004,s1,0.00,0.00,0.00,0,0,0.00,0.00,0.00,0,0,0.00,0.00,0,0
1508083004,eth0,0.00,0.00,0.00,0,0,0.00,0.00,0.00,0,0,0.00,0.00,0,0
1508083004,eth1,0.00,0.00,0.00,0,0,0.00,0.00,0.00,0,0,0.00,0.00,0,0
1508083004,s1-eth2,6138.00,249270.00,255408.00,249270,6138,91.00,91.00,182.00,91,91,0.00,0.00,0,0
1508083004,s1-eth1,246782.00,6138.00,252920.00,6138,246782,93.00,91.00,184.00,91,93,0.00,0.00,0,0
1508083004,lo,344.00,344.00,688.00,344,344,6.00,6.00,12.00,6,6,0.00,0.00,0,0
1508083004,s4,0.00,0.00,0.00,0,0,0.00,0.00,0.00,0,0,0.00,0.00,0,0
1508083004,total,253264.00,255752.00,509016.00,255752,253264,190.00,188.00,378.00,188,190,0.00,0.00,0,0
1508083005,s5,0.00,0.00,0.00,0,0,0.00,0.00,0.00,0,0,0.00,0.00,0,0
1508083005,s1,0.00,0.00,0.00,0,0,0.00,0.00,0.00,0,0,0.00,0.00,0,0
1508083005,eth0,0.00,0.00,0.00,0,0,0.00,0.00,0.00,0,0,0.00,0.00,0,0
1508083005,eth1,0.00,0.00,0.00,0,0,0.00,0.00,0.00,0,0,0.00,0.00,0,0
1508083005,s1-eth2,5968.00,255260.00,261228.00,255260,5968,88.00,94.00,182.00,94,88,0.00,0.00,0,0
1508083005,s1-eth1,243412.00,5968.00,249380.00,5968,243412,90.00,88.00,178.00,88,90,0.00,0.00,0,0
1508083005,lo,0.00,0.00,0.00,0,0,0.00,0.00,0.00,0,0,0.00,0.00,0,0
1508083005,s4,0.00,0.00,0.00,0,0,0.00,0.00,0.00,0,0,0.00,0.00,0,0
1508083005,total,249380.00,261228.00,510608.00,261228,249380,178.00,182.00,360.00,182,178,0.00,0.00,0,0
1508083006,s5,0.00,0.00,0.00,0,0,0.00,0.00,0.00,0,0,0.00,0.00,0,0
1508083006,s1,0.00,0.00,0.00,0,0,0.00,0.00,0.00,0,0,0.00,0.00,0,0
1508083006,eth0,0.00,0.00,0.00,0,0,0.00,0.00,0.00,0,0,0.00,0.00,0,0
1508083006,eth1,0.00,0.00,0.00,0,0,0.00,0.00,0.00,0,0,0.00,0.00,0,0
1508083006,s1-eth2,6456.00,252736.00,259192.00,252736,6456,94.00,100.00,194.00,100,94,0.00,0.00,0,0
1508083006,s1-eth1,246746.00,6522.00,253268.00,6522,246746,97.00,95.00,192.00,95,97,0.00,0.00,0,0
1508083006,lo,296.00,296.00,592.00,296,296,3.00,3.00,6.00,3,3,0.00,0.00,0,0
1508083006,s4,0.00,0.00,0.00,0,0,0.00,0.00,0.00,0,0,0.00,0.00,0,0
1508083006,total,253498.00,259554.00,513052.00,259554,253498,194.00,198.00,392.00,198,194,0.00,0.00,0,0
1508083007,s5,0.00,0.00,0.00,0,0,0.00,0.00,0.00,0,0,0.00,0.00,0,0
1508083007,s1,0.00,0.00,0.00,0,0,0.00,0.00,0.00,0,0,0.00,0.00,0,0
1508083007,eth0,0.00,0.00,0.00,0,0,0.00,0.00,0.00,0,0,0.00,0.00,0,0
1508083007,eth1,0.00,0.00,0.00,0,0,0.00,0.00,0.00,0,0,0.00,0.00,0,0
1508083007,s1-eth2,5214.00,251770.00,256984.00,251770,5214,79.00,85.00,164.00,85,79,0.00,0.00,0,0
1508083007,s1-eth1,245846.00,5148.00,250994.00,5148,245846,83.00,78.00,161.00,78,83,0.00,0.00,0,0
1508083007,lo,0.00,0.00,0.00,0,0,0.00,0.00,0.00,0,0,0.00,0.00,0,0
1508083007,s4,0.00,0.00,0.00,0,0,0.00,0.00,0.00,0,0,0.00,0.00,0,0
1508083007,total,251060.00,256918.00,507978.00,256918,251060,162.00,163.00,325.00,163,162,0.00,0.00,0,0
1508083008,s5,0.00,0.00,0.00,0,0,0.00,0.00,0.00,0,0,0.00,0.00,0,0
1508083008,s1,0.00,0.00,0.00,0,0,0.00,0.00,0.00,0,0,0.00,0.00,0,0
1508083008,eth0,0.00,0.00,0.00,0,0,0.00,0.00,0.00,0,0,0.00,0.00,0,0
1508083008,eth1,0.00,0.00,0.00,0,0,0.00,0.00,0.00,0,0,0.00,0.00,0,0
1508083008,s1-eth2,6293.41,251992.02,258285.44,252496,6306,92.81,95.81,188.62,96,93,0.00,0.00,0,0
1508083008,s1-eth1,243123.77,6293.41,249417.17,6306,243610,92.81,92.81,185.63,93,93,0.00,0.00,0,0
1508083008,lo,0.00,0.00,0.00,0,0,0.00,0.00,0.00,0,0,0.00,0.00,0,0
1508083008,s4,0.00,0.00,0.00,0,0,0.00,0.00,0.00,0,0,0.00,0.00,0,0
1508083008,total,249417.17,258285.44,507702.59,258802,249916,185.63,188.62,374.25,189,186,0.00,0.00,0,0
1508083009,s5,0.00,0.00,0.00,0,0,0.00,0.00,0.00,0,0,0.00,0.00,0,0
1508083009,s1,0.00,0.00,0.00,0,0,0.00,0.00,0.00,0,0,0.00,0.00,0,0
1508083009,eth0,0.00,0.00,0.00,0,0,0.00,0.00,0.00,0,0,0.00,0.00,0,0
1508083009,eth1,0.00,0.00,0.00,0,0,0.00,0.00,0.00,0,0,0.00,0.00,0,0
1508083009,s1-eth2,6157.84,253690.31,259848.16,253944,6164,89.91,95.90,185.81,96,90,0.00,0.00,0,0
1508083009,s1-eth1,246259.75,6223.78,252483.52,6230,246506,92.91,90.91,183.82,91,93,0.00,0.00,0,0
1508083009,lo,343.66,343.66,687.31,344,344,5.99,5.99,11.99,6,6,0.00,0.00,0,0
1508083009,s4,0.00,0.00,0.00,0,0,0.00,0.00,0.00,0,0,0.00,0.00,0,0
1508083009,total,252761.25,260257.75,513019.00,260518,253014,188.81,192.81,381.62,193,189,0.00,0.00,0,0
1508083010,s5,0.00,0.00,0.00,0,0,0.00,0.00,0.00,0,0,0.00,0.00,0,0
1508083010,s1,0.00,0.00,0.00,0,0,0.00,0.00,0.00,0,0,0.00,0.00,0,0
1508083010,eth0,0.00,0.00,0.00,0,0,0.00,0.00,0.00,0,0,0.00,0.00,0,0
1508083010,eth1,0.00,0.00,0.00,0,0,0.00,0.00,0.00,0,0,0.00,0.00,0,0
1508083010,s1-eth2,6786.00,252694.00,259480.00,252694,6786,95.00,99.00,194.00,99,95,0.00,0.00,0,0
1508083010,s1-eth1,245256.00,6378.00,251634.00,6378,245256,96.00,93.00,189.00,93,96,0.00,0.00,0,0
1508083010,lo,172.00,172.00,344.00,172,172,3.00,3.00,6.00,3,3,0.00,0.00,0,0
1508083010,s4,0.00,0.00,0.00,0,0,0.00,0.00,0.00,0,0,0.00,0.00,0,0
1508083010,total,252214.00,259244.00,511458.00,259244,252214,194.00,195.00,389.00,195,194,0.00,0.00,0,0
1508083011,s5,0.00,0.00,0.00,0,0,0.00,0.00,0.00,0,0,0.00,0.00,0,0
1508083011,s1,0.00,0.00,0.00,0,0,0.00,0.00,0.00,0,0,0.00,0.00,0,0
1508083011,eth0,0.00,0.00,0.00,0,0,0.00,0.00,0.00,0,0,0.00,0.00,0,0
1508083011,eth1,0.00,0.00,0.00,0,0,0.00,0.00,0.00,0,0,0.00,0.00,0,0
1508083011,s1-eth2,4806.00,208000.00,212806.00,208000,4806,71.00,80.00,151.00,80,71,0.00,0.00,0,0
1508083011,s1-eth1,188780.00,4806.00,193586.00,4806,188780,74.00,71.00,145.00,71,74,0.00,0.00,0,0
1508083011,lo,0.00,0.00,0.00,0,0,0.00,0.00,0.00,0,0,0.00,0.00,0,0
1508083011,s4,0.00,0.00,0.00,0,0,0.00,0.00,0.00,0,0,0.00,0.00,0,0
1508083011,total,193586.00,212806.00,406392.00,212806,193586,145.00,151.00,296.00,151,145,0.00,0.00,0,0
1508083012,s5,0.00,0.00,0.00,0,0,0.00,0.00,0.00,0,0,0.00,0.00,0,0
1508083012,s1,0.00,0.00,0.00,0,0,0.00,0.00,0.00,0,0,0.00,0.00,0,0
1508083012,eth0,0.00,0.00,0.00,0,0,0.00,0.00,0.00,0,0,0.00,0.00,0,0
1508083012,eth1,0.00,0.00,0.00,0,0,0.00,0.00,0.00,0,0,0.00,0.00,0,0
1508083012,s1-eth2,5280.00,248808.00,254088.00,248808,5280,80.00,84.00,164.00,84,80,0.00,0.00,0,0
1508083012,s1-eth1,245846.00,5346.00,251192.00,5346,245846,83.00,81.00,164.00,81,83,0.00,0.00,0,0
1508083012,lo,0.00,0.00,0.00,0,0,0.00,0.00,0.00,0,0,0.00,0.00,0,0
1508083012,s4,0.00,0.00,0.00,0,0,0.00,0.00,0.00,0,0,0.00,0.00,0,0
1508083012,total,251126.00,254154.00,505280.00,254154,251126,163.00,165.00,328.00,165,163,0.00,0.00,0,0
1508083013,s5,0.00,0.00,0.00,0,0,0.00,0.00,0.00,0,0,0.00,0.00,0,0
1508083013,s1,0.00,0.00,0.00,0,0,0.00,0.00,0.00,0,0,0.00,0.00,0,0
1508083013,eth0,0.00,0.00,0.00,0,0,0.00,0.00,0.00,0,0,0.00,0.00,0,0
1508083013,eth1,0.00,0.00,0.00,0,0,0.00,0.00,0.00,0,0,0.00,0.00,0,0
1508083013,s1-eth2,6269.73,254019.98,260289.72,254274,6276,91.91,100.90,192.81,101,92,0.00,0.00,0,0
1508083013,s1-eth1,246589.42,6203.80,252793.22,6210,246836,97.90,90.91,188.81,91,98,0.00,0.00,0,0
1508083013,lo,0.00,0.00,0.00,0,0,0.00,0.00,0.00,0,0,0.00,0.00,0,0
1508083013,s4,0.00,0.00,0.00,0,0,0.00,0.00,0.00,0,0,0.00,0.00,0,0
1508083013,total,252859.14,260223.78,513082.94,260484,253112,189.81,191.81,381.62,192,190,0.00,0.00,0,0
1508083014,s5,0.00,0.00,0.00,0,0,0.00,0.00,0.00,0,0,0.00,0.00,0,0
1508083014,s1,0.00,0.00,0.00,0,0,0.00,0.00,0.00,0,0,0.00,0.00,0,0
1508083014,eth0,0.00,0.00,0.00,0,0,0.00,0.00,0.00,0,0,0.00,0.00,0,0
1508083014,eth1,0.00,0.00,0.00,0,0,0.00,0.00,0.00,0,0,0.00,0.00,0,0
1508083014,s1-eth2,6131.87,255005.00,261136.88,255260,6138,90.91,93.91,184.82,94,91,0.00,0.00,0,0
1508083014,s1-eth1,243168.84,6131.87,249300.70,6138,243412,89.91,90.91,180.82,91,90,0.00,0.00,0,0
1508083014,lo,343.66,343.66,687.31,344,344,5.99,5.99,11.99,6,6,0.00,0.00,0,0
1508083014,s4,0.00,0.00,0.00,0,0,0.00,0.00,0.00,0,0,0.00,0.00,0,0
1508083014,total,249644.36,261480.53,511124.88,261742,249894,186.81,190.81,377.62,191,187,0.00,0.00,0,0
1508083015,s5,0.00,0.00,0.00,0,0,0.00,0.00,0.00,0,0,0.00,0.00,0,0
1508083015,s1,0.00,0.00,0.00,0,0,0.00,0.00,0.00,0,0,0.00,0.00,0,0
1508083015,eth0,0.00,0.00,0.00,0,0,0.00,0.00,0.00,0,0,0.00,0.00,0,0
1508083015,eth1,0.00,0.00,0.00,0,0,0.00,0.00,0.00,0,0,0.00,0.00,0,0
1508083015,s1-eth2,5928.00,249270.00,255198.00,249270,5928,88.00,91.00,179.00,91,88,0.00,0.00,0,0
1508083015,s1-eth1,246650.00,5928.00,252578.00,5928,246650,91.00,88.00,179.00,88,91,0.00,0.00,0,0
1508083015,lo,172.00,172.00,344.00,172,172,3.00,3.00,6.00,3,3,0.00,0.00,0,0
1508083015,s4,0.00,0.00,0.00,0,0,0.00,0.00,0.00,0,0,0.00,0.00,0,0
1508083015,total,252750.00,255370.00,508120.00,255370,252750,182.00,182.00,364.00,182,182,0.00,0.00,0,0
1508083016,s5,0.00,0.00,0.00,0,0,0.00,0.00,0.00,0,0,0.00,0.00,0,0
1508083016,s1,0.00,0.00,0.00,0,0,0.00,0.00,0.00,0,0,0.00,0.00,0,0
1508083016,eth0,0.00,0.00,0.00,0,0,0.00,0.00,0.00,0,0,0.00,0.00,0,0
1508083016,eth1,0.00,0.00,0.00,0,0,0.00,0.00,0.00,0,0,0.00,0.00,0,0
1508083016,s1-eth2,5388.00,237356.00,242744.00,237356,5388,80.00,86.00,166.00,86,80,0.00,0.00,0,0
1508083016,s1-eth1,228470.00,5388.00,233858.00,5388,228470,83.00,80.00,163.00,80,83,0.00,0.00,0,0
1508083016,lo,0.00,0.00,0.00,0,0,0.00,0.00,0.00,0,0,0.00,0.00,0,0
1508083016,s4,0.00,0.00,0.00,0,0,0.00,0.00,0.00,0,0,0.00,0.00,0,0
1508083016,total,233858.00,242744.00,476602.00,242744,233858,163.00,166.00,329.00,166,163,0.00,0.00,0,0
1508083017,s5,0.00,0.00,0.00,0,0,0.00,0.00,0.00,0,0,0.00,0.00,0,0
1508083017,s1,0.00,0.00,0.00,0,0,0.00,0.00,0.00,0,0,0.00,0.00,0,0
1508083017,eth0,0.00,0.00,0.00,0,0,0.00,0.00,0.00,0,0,0.00,0.00,0,0
1508083017,eth1,0.00,0.00,0.00,0,0,0.00,0.00,0.00,0,0,0.00,0.00,0,0
1508083017,s1-eth2,4800.20,195956.05,200756.25,196152,4805,69.93,75.92,145.85,76,70,0.00,0.00,0,0
1508083017,s1-eth1,185673.33,4693.31,190366.64,4698,185859,72.93,68.93,141.86,69,73,0.00,0.00,0,0
1508083017,lo,0.00,0.00,0.00,0,0,0.00,0.00,0.00,0,0,0.00,0.00,0,0
1508083017,s4,0.00,0.00,0.00,0,0,0.00,0.00,0.00,0,0,0.00,0.00,0,0
1508083017,total,190473.53,200649.36,391122.88,200850,190664,142.86,144.86,287.71,145,143,0.00,0.00,0,0
1508083018,s5,0.00,0.00,0.00,0,0,0.00,0.00,0.00,0,0,0.00,0.00,0,0
1508083018,s1,0.00,0.00,0.00,0,0,0.00,0.00,0.00,0,0,0.00,0.00,0,0
1508083018,eth0,0.00,0.00,0.00,0,0,0.00,0.00,0.00,0,0,0.00,0.00,0,0
1508083018,eth1,0.00,0.00,0.00,0,0,0.00,0.00,0.00,0,0,0.00,0.00,0,0
1508083018,s1-eth2,4542.00,176866.00,181408.00,176866,4542,63.00,69.00,132.00,69,63,0.00,0.00,0,0
1508083018,s1-eth1,166466.00,4200.00,170666.00,4200,166466,65.00,62.00,127.00,62,65,0.00,0.00,0,0
1508083018,lo,0.00,0.00,0.00,0,0,0.00,0.00,0.00,0,0,0.00,0.00,0,0
1508083018,s4,0.00,0.00,0.00,0,0,0.00,0.00,0.00,0,0,0.00,0.00,0,0
1508083018,total,171008.00,181066.00,352074.00,181066,171008,128.00,131.00,259.00,131,128,0.00,0.00,0,0
1508083019,s5,0.00,0.00,0.00,0,0,0.00,0.00,0.00,0,0,0.00,0.00,0,0
1508083019,s1,0.00,0.00,0.00,0,0,0.00,0.00,0.00,0,0,0.00,0.00,0,0
1508083019,eth0,0.00,0.00,0.00,0,0,0.00,0.00,0.00,0,0,0.00,0.00,0,0
1508083019,eth1,0.00,0.00,0.00,0,0,0.00,0.00,0.00,0,0,0.00,0.00,0,0
1508083019,s1-eth2,5844.00,255458.00,261302.00,255458,5844,86.00,97.00,183.00,97,86,0.00,0.00,0,0
1508083019,s1-eth1,243610.00,5844.00,249454.00,5844,243610,93.00,86.00,179.00,86,93,0.00,0.00,0,0
1508083019,lo,344.00,344.00,688.00,344,344,6.00,6.00,12.00,6,6,0.00,0.00,0,0
1508083019,s4,0.00,0.00,0.00,0,0,0.00,0.00,0.00,0,0,0.00,0.00,0,0
1508083019,total,249798.00,261646.00,511444.00,261646,249798,185.00,189.00,374.00,189,185,0.00,0.00,0,0
1508083020,s5,0.00,0.00,0.00,0,0,0.00,0.00,0.00,0,0,0.00,0.00,0,0
1508083020,s1,0.00,0.00,0.00,0,0,0.00,0.00,0.00,0,0,0.00,0.00,0,0
1508083020,eth0,0.00,0.00,0.00,0,0,0.00,0.00,0.00,0,0,0.00,0.00,0,0
1508083020,eth1,0.00,0.00,0.00,0,0,0.00,0.00,0.00,0,0,0.00,0.00,0,0
1508083020,s1-eth2,5394.00,246044.00,251438.00,246044,5394,81.00,86.00,167.00,86,81,0.00,0.00,0,0
1508083020,s1-eth1,246044.00,5460.00,251504.00,5460,246044,86.00,82.00,168.00,82,86,0.00,0.00,0,0
1508083020,lo,172.00,172.00,344.00,172,172,3.00,3.00,6.00,3,3,0.00,0.00,0,0
1508083020,s4,0.00,0.00,0.00,0,0,0.00,0.00,0.00,0,0,0.00,0.00,0,0
1508083020,total,251610.00,251676.00,503286.00,251676,251610,170.00,171.00,341.00,171,170,0.00,0.00,0,0
1508083021,s5,0.00,0.00,0.00,0,0,0.00,0.00,0.00,0,0,0.00,0.00,0,0
1508083021,s1,0.00,0.00,0.00,0,0,0.00,0.00,0.00,0,0,0.00,0.00,0,0
1508083021,eth0,0.00,0.00,0.00,0,0,0.00,0.00,0.00,0,0,0.00,0.00,0,0
1508083021,eth1,0.00,0.00,0.00,0,0,0.00,0.00,0.00,0,0,0.00,0.00,0,0
1508083021,s1-eth2,6108.00,252298.00,258406.00,252298,6108,90.00,93.00,183.00,93,90,0.00,0.00,0,0
1508083021,s1-eth1,246374.00,6042.00,252416.00,6042,246374,91.00,89.00,180.00,89,91,0.00,0.00,0,0
1508083021,lo,0.00,0.00,0.00,0,0,0.00,0.00,0.00,0,0,0.00,0.00,0,0
1508083021,s4,0.00,0.00,0.00,0,0,0.00,0.00,0.00,0,0,0.00,0.00,0,0
1508083021,total,252482.00,258340.00,510822.00,258340,252482,181.00,182.00,363.00,182,181,0.00,0.00,0,0
1508083022,s5,0.00,0.00,0.00,0,0,0.00,0.00,0.00,0,0,0.00,0.00,0,0
1508083022,s1,0.00,0.00,0.00,0,0,0.00,0.00,0.00,0,0,0.00,0.00,0,0
1508083022,eth0,0.00,0.00,0.00,0,0,0.00,0.00,0.00,0,0,0.00,0.00,0,0
1508083022,eth1,0.00,0.00,0.00,0,0,0.00,0.00,0.00,0,0,0.00,0.00,0,0
1508083022,s1-eth2,5550.00,250520.00,256070.00,250520,5550,83.00,88.00,171.00,88,83,0.00,0.00,0,0
1508083022,s1-eth1,243082.00,5550.00,248632.00,5550,243082,85.00,83.00,168.00,83,85,0.00,0.00,0,0
1508083022,lo,0.00,0.00,0.00,0,0,0.00,0.00,0.00,0,0,0.00,0.00,0,0
1508083022,s4,0.00,0.00,0.00,0,0,0.00,0.00,0.00,0,0,0.00,0.00,0,0
1508083022,total,248632.00,256070.00,504702.00,256070,248632,168.00,171.00,339.00,171,168,0.00,0.00,0,0
1508083023,s5,0.00,0.00,0.00,0,0,0.00,0.00,0.00,0,0,0.00,0.00,0,0
1508083023,s1,0.00,0.00,0.00,0,0,0.00,0.00,0.00,0,0,0.00,0.00,0,0
1508083023,eth0,0.00,0.00,0.00,0,0,0.00,0.00,0.00,0,0,0.00,0.00,0,0
1508083023,eth1,0.00,0.00,0.00,0,0,0.00,0.00,0.00,0,0,0.00,0.00,0,0
1508083023,s1-eth2,5898.00,255260.00,261158.00,255260,5898,87.00,94.00,181.00,94,87,0.00,0.00,0,0
1508083023,s1-eth1,246374.00,5898.00,252272.00,5898,246374,91.00,87.00,178.00,87,91,0.00,0.00,0,0
1508083023,lo,0.00,0.00,0.00,0,0,0.00,0.00,0.00,0,0,0.00,0.00,0,0
1508083023,s4,0.00,0.00,0.00,0,0,0.00,0.00,0.00,0,0,0.00,0.00,0,0
1508083023,total,252272.00,261158.00,513430.00,261158,252272,178.00,181.00,359.00,181,178,0.00,0.00,0,0
1508083024,s5,0.00,0.00,0.00,0,0,0.00,0.00,0.00,0,0,0.00,0.00,0,0
1508083024,s1,0.00,0.00,0.00,0,0,0.00,0.00,0.00,0,0,0.00,0.00,0,0
1508083024,eth0,0.00,0.00,0.00,0,0,0.00,0.00,0.00,0,0,0.00,0.00,0,0
1508083024,eth1,0.00,0.00,0.00,0,0,0.00,0.00,0.00,0,0,0.00,0.00,0,0
1508083024,s1-eth2,6108.00,255326.00,261434.00,255326,6108,90.00,95.00,185.00,95,90,0.00,0.00,0,0
1508083024,s1-eth1,243412.00,6108.00,249520.00,6108,243412,90.00,90.00,180.00,90,90,0.00,0.00,0,0
1508083024,lo,344.00,344.00,688.00,344,344,6.00,6.00,12.00,6,6,0.00,0.00,0,0
1508083024,s4,0.00,0.00,0.00,0,0,0.00,0.00,0.00,0,0,0.00,0.00,0,0
1508083024,total,249864.00,261778.00,511642.00,261778,249864,186.00,191.00,377.00,191,186,0.00,0.00,0,0
1508083025,s5,0.00,0.00,0.00,0,0,0.00,0.00,0.00,0,0,0.00,0.00,0,0
1508083025,s1,0.00,0.00,0.00,0,0,0.00,0.00,0.00,0,0,0.00,0.00,0,0
1508083025,eth0,0.00,0.00,0.00,0,0,0.00,0.00,0.00,0,0,0.00,0.00,0,0
1508083025,eth1,0.00,0.00,0.00,0,0,0.00,0.00,0.00,0,0,0.00,0.00,0,0
1508083025,s1-eth2,2232.00,82016.00,84248.00,82016,2232,32.00,36.00,68.00,36,32,0.00,0.00,0,0
1508083025,s1-eth1,76092.00,2232.00,78324.00,2232,76092,34.00,32.00,66.00,32,34,0.00,0.00,0,0
1508083025,lo,172.00,172.00,344.00,172,172,3.00,3.00,6.00,3,3,0.00,0.00,0,0
1508083025,s4,0.00,0.00,0.00,0,0,0.00,0.00,0.00,0,0,0.00,0.00,0,0
1508083025,total,78496.00,84420.00,162916.00,84420,78496,69.00,71.00,140.00,71,69,0.00,0.00,0,0
1508083026,s5,0.00,0.00,0.00,0,0,0.00,0.00,0.00,0,0,0.00,0.00,0,0
1508083026,s1,0.00,0.00,0.00,0,0,0.00,0.00,0.00,0,0,0.00,0.00,0,0
1508083026,eth0,0.00,0.00,0.00,0,0,0.00,0.00,0.00,0,0,0.00,0.00,0,0
1508083026,eth1,0.00,0.00,0.00,0,0,0.00,0.00,0.00,0,0,0.00,0.00,0,0
1508083026,s1-eth2,5814.00,256576.00,262390.00,256576,5814,87.00,92.00,179.00,92,87,0.00,0.00,0,0
1508083026,s1-eth1,244728.00,5814.00,250542.00,5814,244728,88.00,87.00,175.00,87,88,0.00,0.00,0,0
1508083026,lo,0.00,0.00,0.00,0,0,0.00,0.00,0.00,0,0,0.00,0.00,0,0
1508083026,s4,0.00,0.00,0.00,0,0,0.00,0.00,0.00,0,0,0.00,0.00,0,0
1508083026,total,250542.00,262390.00,512932.00,262390,250542,175.00,179.00,354.00,179,175,0.00,0.00,0,0
1508083027,s5,0.00,0.00,0.00,0,0,0.00,0.00,0.00,0,0,0.00,0.00,0,0
1508083027,s1,0.00,0.00,0.00,0,0,0.00,0.00,0.00,0,0,0.00,0.00,0,0
1508083027,eth0,0.00,0.00,0.00,0,0,0.00,0.00,0.00,0,0,0.00,0.00,0,0
1508083027,eth1,0.00,0.00,0.00,0,0,0.00,0.00,0.00,0,0,0.00,0.00,0,0
1508083027,s1-eth2,6190.00,261556.00,267746.00,261556,6190,91.00,102.00,193.00,102,91,0.00,0.00,0,0
1508083027,s1-eth1,246680.00,6190.00,252870.00,6190,246680,96.00,91.00,187.00,91,96,0.00,0.00,0,0
1508083027,lo,0.00,0.00,0.00,0,0,0.00,0.00,0.00,0,0,0.00,0.00,0,0
1508083027,s4,0.00,0.00,0.00,0,0,0.00,0.00,0.00,0,0,0.00,0.00,0,0
1508083027,total,252870.00,267746.00,520616.00,267746,252870,187.00,193.00,380.00,193,187,0.00,0.00,0,0
1508083028,s5,0.00,0.00,0.00,0,0,0.00,0.00,0.00,0,0,0.00,0.00,0,0
1508083028,s1,0.00,0.00,0.00,0,0,0.00,0.00,0.00,0,0,0.00,0.00,0,0
1508083028,eth0,0.00,0.00,0.00,0,0,0.00,0.00,0.00,0,0,0.00,0.00,0,0
1508083028,eth1,0.00,0.00,0.00,0,0,0.00,0.00,0.00,0,0,0.00,0.00,0,0
1508083028,s1-eth2,5280.00,248808.00,254088.00,248808,5280,80.00,84.00,164.00,84,80,0.00,0.00,0,0
1508083028,s1-eth1,242884.00,5280.00,248164.00,5280,242884,82.00,80.00,162.00,80,82,0.00,0.00,0,0
1508083028,lo,0.00,0.00,0.00,0,0,0.00,0.00,0.00,0,0,0.00,0.00,0,0
1508083028,s4,0.00,0.00,0.00,0,0,0.00,0.00,0.00,0,0,0.00,0.00,0,0
1508083028,total,248164.00,254088.00,502252.00,254088,248164,162.00,164.00,326.00,164,162,0.00,0.00,0,0
1508083029,s5,0.00,0.00,0.00,0,0,0.00,0.00,0.00,0,0,0.00,0.00,0,0
1508083029,s1,0.00,0.00,0.00,0,0,0.00,0.00,0.00,0,0,0.00,0.00,0,0
1508083029,eth0,0.00,0.00,0.00,0,0,0.00,0.00,0.00,0,0,0.00,0.00,0,0
1508083029,eth1,0.00,0.00,0.00,0,0,0.00,0.00,0.00,0,0,0.00,0.00,0,0
1508083029,s1-eth2,6198.00,247888.00,254086.00,247888,6198,87.00,92.00,179.00,92,87,0.00,0.00,0,0
1508083029,s1-eth1,246374.00,5856.00,252230.00,5856,246374,91.00,86.00,177.00,86,91,0.00,0.00,0,0
1508083029,lo,344.00,344.00,688.00,344,344,6.00,6.00,12.00,6,6,0.00,0.00,0,0
1508083029,s4,0.00,0.00,0.00,0,0,0.00,0.00,0.00,0,0,0.00,0.00,0,0
1508083029,total,252916.00,254088.00,507004.00,254088,252916,184.00,184.00,368.00,184,184,0.00,0.00,0,0
1508083030,s5,0.00,0.00,0.00,0,0,0.00,0.00,0.00,0,0,0.00,0.00,0,0
1508083030,s1,0.00,0.00,0.00,0,0,0.00,0.00,0.00,0,0,0.00,0.00,0,0
1508083030,eth0,0.00,0.00,0.00,0,0,0.00,0.00,0.00,0,0,0.00,0.00,0,0
1508083030,eth1,0.00,0.00,0.00,0,0,0.00,0.00,0.00,0,0,0.00,0.00,0,0
1508083030,s1-eth2,5538.00,249072.00,254610.00,249072,5538,83.00,88.00,171.00,88,83,0.00,0.00,0,0
1508083030,s1-eth1,243148.00,5538.00,248686.00,5538,243148,86.00,83.00,169.00,83,86,0.00,0.00,0,0
1508083030,lo,172.00,172.00,344.00,172,172,3.00,3.00,6.00,3,3,0.00,0.00,0,0
1508083030,s4,0.00,0.00,0.00,0,0,0.00,0.00,0.00,0,0,0.00,0.00,0,0
1508083030,total,248858.00,254782.00,503640.00,254782,248858,172.00,174.00,346.00,174,172,0.00,0.00,0,0
1508083031,s5,0.00,0.00,0.00,0,0,0.00,0.00,0.00,0,0,0.00,0.00,0,0
1508083031,s1,0.00,0.00,0.00,0,0,0.00,0.00,0.00,0,0,0.00,0.00,0,0
1508083031,eth0,0.00,0.00,0.00,0,0,0.00,0.00,0.00,0,0,0.00,0.00,0,0
1508083031,eth1,0.00,0.00,0.00,0,0,0.00,0.00,0.00,0,0,0.00,0.00,0,0
1508083031,s1-eth2,5784.00,246242.00,252026.00,246242,5784,86.00,89.00,175.00,89,86,0.00,0.00,0,0
1508083031,s1-eth1,246242.00,5784.00,252026.00,5784,246242,89.00,86.00,175.00,86,89,0.00,0.00,0,0
1508083031,lo,0.00,0.00,0.00,0,0,0.00,0.00,0.00,0,0,0.00,0.00,0,0
1508083031,s4,0.00,0.00,0.00,0,0,0.00,0.00,0.00,0,0,0.00,0.00,0,0
1508083031,total,252026.00,252026.00,504052.00,252026,252026,175.00,175.00,350.00,175,175,0.00,0.00,0,0
1508083032,s5,0.00,0.00,0.00,0,0,0.00,0.00,0.00,0,0,0.00,0.00,0,0
1508083032,s1,0.00,0.00,0.00,0,0,0.00,0.00,0.00,0,0,0.00,0.00,0,0
1508083032,eth0,304.00,490.00,794.00,490,304,4.00,4.00,8.00,4,4,0.00,0.00,0,0
1508083032,eth1,0.00,0.00,0.00,0,0,0.00,0.00,0.00,0,0,0.00,0.00,0,0
1508083032,s1-eth2,6614.00,255326.00,261940.00,255326,6614,93.00,95.00,188.00,95,93,0.00,0.00,0,0
1508083032,s1-eth1,244008.00,6162.00,250170.00,6162,244008,94.00,91.00,185.00,91,94,0.00,0.00,0,0
1508083032,lo,682.00,682.00,1364.00,682,682,8.00,8.00,16.00,8,8,0.00,0.00,0,0
1508083032,s4,0.00,0.00,0.00,0,0,0.00,0.00,0.00,0,0,0.00,0.00,0,0
1508083032,total,251608.00,262660.00,514268.00,262660,251608,199.00,198.00,397.00,198,199,0.00,0.00,0,0
1508083033,s5,0.00,0.00,0.00,0,0,0.00,0.00,0.00,0,0,0.00,0.00,0,0
1508083033,s1,0.00,0.00,0.00,0,0,0.00,0.00,0.00,0,0,0.00,0.00,0,0
1508083033,eth0,303.70,489.51,793.21,490,304,4.00,4.00,7.99,4,4,0.00,0.00,0,0
1508083033,eth1,0.00,0.00,0.00,0,0,0.00,0.00,0.00,0,0,0.00,0.00,0,0
1508083033,s1-eth2,5870.13,248955.05,254825.19,249204,5876,85.91,89.91,175.82,90,86,0.00,0.00,0,0
1508083033,s1-eth1,246465.55,5748.25,252213.80,5754,246712,93.91,84.92,178.82,85,94,0.00,0.00,0,0
1508083033,lo,681.32,681.32,1362.64,682,682,7.99,7.99,15.98,8,8,0.00,0.00,0,0
1508083033,s4,0.00,0.00,0.00,0,0,0.00,0.00,0.00,0,0,0.00,0.00,0,0
1508083033,total,253320.69,255874.14,509194.81,256130,253574,191.81,186.81,378.62,187,192,0.00,0.00,0,0
1508083034,s5,0.00,0.00,0.00,0,0,0.00,0.00,0.00,0,0,0.00,0.00,0,0
1508083034,s1,0.00,0.00,0.00,0,0,0.00,0.00,0.00,0,0,0.00,0.00,0,0
1508083034,eth0,152.00,245.00,397.00,245,152,2.00,2.00,4.00,2,2,0.00,0.00,0,0
1508083034,eth1,0.00,0.00,0.00,0,0,0.00,0.00,0.00,0,0,0.00,0.00,0,0
1508083034,s1-eth2,7051.00,249072.00,256123.00,249072,7051,90.00,88.00,178.00,88,90,0.00,0.00,0,0
1508083034,s1-eth1,244804.00,5472.00,250276.00,5472,244804,92.00,82.00,174.00,82,92,0.00,0.00,0,0
1508083034,lo,685.00,685.00,1370.00,685,685,10.00,10.00,20.00,10,10,0.00,0.00,0,0
1508083034,s4,0.00,0.00,0.00,0,0,0.00,0.00,0.00,0,0,0.00,0.00,0,0
1508083034,total,252692.00,255474.00,508166.00,255474,252692,194.00,182.00,376.00,182,194,0.00,0.00,0,0
1508083035,s5,0.00,0.00,0.00,0,0,0.00,0.00,0.00,0,0,0.00,0.00,0,0
1508083035,s1,0.00,0.00,0.00,0,0,0.00,0.00,0.00,0,0,0.00,0.00,0,0
1508083035,eth0,152.00,245.00,397.00,245,152,2.00,2.00,4.00,2,2,0.00,0.00,0,0
1508083035,eth1,0.00,0.00,0.00,0,0,0.00,0.00,0.00,0,0,0.00,0.00,0,0
1508083035,s1-eth2,6361.00,251902.00,258263.00,251902,6361,87.00,87.00,174.00,87,87,0.00,0.00,0,0
1508083035,s1-eth1,246352.00,5394.00,251746.00,5394,246352,87.00,81.00,168.00,81,87,0.00,0.00,0,0
1508083035,lo,513.00,513.00,1026.00,513,513,7.00,7.00,14.00,7,7,0.00,0.00,0,0
1508083035,s4,0.00,0.00,0.00,0,0,0.00,0.00,0.00,0,0,0.00,0.00,0,0
1508083035,total,253378.00,258054.00,511432.00,258054,253378,183.00,177.00,360.00,177,183,0.00,0.00,0,0
1508083036,s5,0.00,0.00,0.00,0,0,0.00,0.00,0.00,0,0,0.00,0.00,0,0
1508083036,s1,0.00,0.00,0.00,0,0,0.00,0.00,0.00,0,0,0.00,0.00,0,0
1508083036,eth0,0.00,0.00,0.00,0,0,0.00,0.00,0.00,0,0,0.00,0.00,0,0
1508083036,eth1,0.00,0.00,0.00,0,0,0.00,0.00,0.00,0,0,0.00,0.00,0,0
1508083036,s1-eth2,6867.00,251114.00,257981.00,251114,6867,93.00,97.00,190.00,97,93,0.00,0.00,0,0
1508083036,s1-eth1,244345.00,6198.00,250543.00,6198,244345,96.00,91.00,187.00,91,96,0.00,0.00,0,0
1508083036,lo,0.00,0.00,0.00,0,0,0.00,0.00,0.00,0,0,0.00,0.00,0,0
1508083036,s4,0.00,0.00,0.00,0,0,0.00,0.00,0.00,0,0,0.00,0.00,0,0
1508083036,total,251212.00,257312.00,508524.00,257312,251212,189.00,188.00,377.00,188,189,0.00,0.00,0,0
1508083037,s5,0.00,0.00,0.00,0,0,0.00,0.00,0.00,0,0,0.00,0.00,0,0
1508083037,s1,0.00,0.00,0.00,0,0,0.00,0.00,0.00,0,0,0.00,0.00,0,0
1508083037,eth0,60.00,60.00,120.00,60,60,1.00,1.00,2.00,1,1,0.00,0.00,0,0
1508083037,eth1,0.00,0.00,0.00,0,0,0.00,0.00,0.00,0,0,0.00,0.00,0,0
1508083037,s1-eth2,6734.00,251114.00,257848.00,251114,6734,94.00,97.00,191.00,97,94,0.00,0.00,0,0
1508083037,s1-eth1,244054.00,6360.00,250414.00,6360,244054,96.00,92.00,188.00,92,96,0.00,0.00,0,0
1508083037,lo,0.00,0.00,0.00,0,0,0.00,0.00,0.00,0,0,0.00,0.00,0,0
1508083037,s4,0.00,0.00,0.00,0,0,0.00,0.00,0.00,0,0,0.00,0.00,0,0
1508083037,total,250848.00,257534.00,508382.00,257534,250848,191.00,190.00,381.00,190,191,0.00,0.00,0,0
1508083038,s5,0.00,0.00,0.00,0,0,0.00,0.00,0.00,0,0,0.00,0.00,0,0
1508083038,s1,0.00,0.00,0.00,0,0,0.00,0.00,0.00,0,0,0.00,0.00,0,0
1508083038,eth0,0.00,0.00,0.00,0,0,0.00,0.00,0.00,0,0,0.00,0.00,0,0
1508083038,eth1,0.00,0.00,0.00,0,0,0.00,0.00,0.00,0,0,0.00,0.00,0,0
1508083038,s1-eth2,5833.17,250401.61,256234.77,250652,5839,82.92,89.91,172.83,90,83,0.00,0.00,0,0
1508083038,s1-eth1,244810.20,5436.56,250246.77,5442,245055,88.91,80.92,169.83,81,89,0.00,0.00,0,0
1508083038,lo,0.00,0.00,0.00,0,0,0.00,0.00,0.00,0,0,0.00,0.00,0,0
1508083038,s4,0.00,0.00,0.00,0,0,0.00,0.00,0.00,0,0,0.00,0.00,0,0
1508083038,total,250643.36,255838.17,506481.53,256094,250894,171.83,170.83,342.66,171,172,0.00,0.00,0,0
1508083039,s5,0.00,0.00,0.00,0,0,0.00,0.00,0.00,0,0,0.00,0.00,0,0
1508083039,s1,0.00,0.00,0.00,0,0,0.00,0.00,0.00,0,0,0.00,0.00,0,0
1508083039,eth0,0.00,0.00,0.00,0,0,0.00,0.00,0.00,0,0,0.00,0.00,0,0
1508083039,eth1,0.00,0.00,0.00,0,0,0.00,0.00,0.00,0,0,0.00,0.00,0,0
1508083039,s1-eth2,6060.00,256642.00,262702.00,256642,6060,90.00,93.00,183.00,93,90,0.00,0.00,0,0
1508083039,s1-eth1,244860.00,6060.00,250920.00,6060,244860,90.00,90.00,180.00,90,90,0.00,0.00,0,0
1508083039,lo,344.00,344.00,688.00,344,344,6.00,6.00,12.00,6,6,0.00,0.00,0,0
1508083039,s4,0.00,0.00,0.00,0,0,0.00,0.00,0.00,0,0,0.00,0.00,0,0
1508083039,total,251264.00,263046.00,514310.00,263046,251264,186.00,189.00,375.00,189,186,0.00,0.00,0,0
1508083040,s5,0.00,0.00,0.00,0,0,0.00,0.00,0.00,0,0,0.00,0.00,0,0
1508083040,s1,0.00,0.00,0.00,0,0,0.00,0.00,0.00,0,0,0.00,0.00,0,0
1508083040,eth0,0.00,0.00,0.00,0,0,0.00,0.00,0.00,0,0,0.00,0.00,0,0
1508083040,eth1,0.00,0.00,0.00,0,0,0.00,0.00,0.00,0,0,0.00,0.00,0,0
1508083040,s1-eth2,6131.87,251980.03,258111.89,252232,6138,86.91,91.91,178.82,92,87,0.00,0.00,0,0
1508083040,s1-eth1,246061.94,5790.21,251852.16,5796,246308,89.91,85.91,175.82,86,90,0.00,0.00,0,0
1508083040,lo,171.83,171.83,343.66,172,172,3.00,3.00,5.99,3,3,0.00,0.00,0,0
1508083040,s4,0.00,0.00,0.00,0,0,0.00,0.00,0.00,0,0,0.00,0.00,0,0
1508083040,total,252365.64,257942.06,510307.72,258200,252618,179.82,180.82,360.64,181,180,0.00,0.00,0,0
1508083041,s5,0.00,0.00,0.00,0,0,0.00,0.00,0.00,0,0,0.00,0.00,0,0
1508083041,s1,0.00,0.00,0.00,0,0,0.00,0.00,0.00,0,0,0.00,0.00,0,0
1508083041,eth0,0.00,0.00,0.00,0,0,0.00,0.00,0.00,0,0,0.00,0.00,0,0
1508083041,eth1,0.00,0.00,0.00,0,0,0.00,0.00,0.00,0,0,0.00,0.00,0,0
1508083041,s1-eth2,5369.00,251902.00,257271.00,251902,5369,80.00,87.00,167.00,87,80,0.00,0.00,0,0
1508083041,s1-eth1,246155.00,5262.00,251417.00,5262,246155,87.00,79.00,166.00,79,87,0.00,0.00,0,0
1508083041,lo,0.00,0.00,0.00,0,0,0.00,0.00,0.00,0,0,0.00,0.00,0,0
1508083041,s4,0.00,0.00,0.00,0,0,0.00,0.00,0.00,0,0,0.00,0.00,0,0
1508083041,total,251524.00,257164.00,508688.00,257164,251524,167.00,166.00,333.00,166,167,0.00,0.00,0,0
1508083042,s5,0.00,0.00,0.00,0,0,0.00,0.00,0.00,0,0,0.00,0.00,0,0
1508083042,s1,0.00,0.00,0.00,0,0,0.00,0.00,0.00,0,0,0.00,0.00,0,0
1508083042,eth0,0.00,0.00,0.00,0,0,0.00,0.00,0.00,0,0,0.00,0.00,0,0
1508083042,eth1,0.00,0.00,0.00,0,0,0.00,0.00,0.00,0,0,0.00,0.00,0,0
1508083042,s1-eth2,6038.00,253812.00,259850.00,253812,6038,89.00,94.00,183.00,94,89,0.00,0.00,0,0
1508083042,s1-eth1,243412.00,5968.00,249380.00,5968,243412,90.00,88.00,178.00,88,90,0.00,0.00,0,0
1508083042,lo,0.00,0.00,0.00,0,0,0.00,0.00,0.00,0,0,0.00,0.00,0,0
1508083042,s4,0.00,0.00,0.00,0,0,0.00,0.00,0.00,0,0,0.00,0.00,0,0
1508083042,total,249450.00,259780.00,509230.00,259780,249450,179.00,182.00,361.00,182,179,0.00,0.00,0,0
1508083043,s5,0.00,0.00,0.00,0,0,0.00,0.00,0.00,0,0,0.00,0.00,0,0
1508083043,s1,0.00,0.00,0.00,0,0,0.00,0.00,0.00,0,0,0.00,0.00,0,0
1508083043,eth0,0.00,0.00,0.00,0,0,0.00,0.00,0.00,0,0,0.00,0.00,0,0
1508083043,eth1,0.00,0.00,0.00,0,0,0.00,0.00,0.00,0,0,0.00,0.00,0,0
1508083043,s1-eth2,5840.00,249336.00,255176.00,249336,5840,86.00,92.00,178.00,92,86,0.00,0.00,0,0
1508083043,s1-eth1,246242.00,5840.00,252082.00,5840,246242,89.00,86.00,175.00,86,89,0.00,0.00,0,0
1508083043,lo,0.00,0.00,0.00,0,0,0.00,0.00,0.00,0,0,0.00,0.00,0,0
1508083043,s4,0.00,0.00,0.00,0,0,0.00,0.00,0.00,0,0,0.00,0.00,0,0
1508083043,total,252082.00,255176.00,507258.00,255176,252082,175.00,178.00,353.00,178,175,0.00,0.00,0,0
1508083044,s5,0.00,0.00,0.00,0,0,0.00,0.00,0.00,0,0,0.00,0.00,0,0
1508083044,s1,0.00,0.00,0.00,0,0,0.00,0.00,0.00,0,0,0.00,0.00,0,0
1508083044,eth0,0.00,0.00,0.00,0,0,0.00,0.00,0.00,0,0,0.00,0.00,0,0
1508083044,eth1,0.00,0.00,0.00,0,0,0.00,0.00,0.00,0,0,0.00,0.00,0,0
1508083044,s1-eth2,6674.00,255722.00,262396.00,255722,6674,97.00,101.00,198.00,101,97,0.00,0.00,0,0
1508083044,s1-eth1,244348.00,6674.00,251022.00,6674,244348,100.00,97.00,197.00,97,100,0.00,0.00,0,0
1508083044,lo,344.00,344.00,688.00,344,344,6.00,6.00,12.00,6,6,0.00,0.00,0,0
1508083044,s4,0.00,0.00,0.00,0,0,0.00,0.00,0.00,0,0,0.00,0.00,0,0
1508083044,total,251366.00,262740.00,514106.00,262740,251366,203.00,204.00,407.00,204,203,0.00,0.00,0,0
1508083045,s5,0.00,0.00,0.00,0,0,0.00,0.00,0.00,0,0,0.00,0.00,0,0
1508083045,s1,0.00,0.00,0.00,0,0,0.00,0.00,0.00,0,0,0.00,0.00,0,0
1508083045,eth0,0.00,0.00,0.00,0,0,0.00,0.00,0.00,0,0,0.00,0.00,0,0
1508083045,eth1,0.00,0.00,0.00,0,0,0.00,0.00,0.00,0,0,0.00,0.00,0,0
1508083045,s1-eth2,4470.00,198784.00,203254.00,198784,4470,67.00,72.00,139.00,72,67,0.00,0.00,0,0
1508083045,s1-eth1,189898.00,4470.00,194368.00,4470,189898,69.00,67.00,136.00,67,69,0.00,0.00,0,0
1508083045,lo,172.00,172.00,344.00,172,172,3.00,3.00,6.00,3,3,0.00,0.00,0,0
1508083045,s4,0.00,0.00,0.00,0,0,0.00,0.00,0.00,0,0,0.00,0.00,0,0
1508083045,total,194540.00,203426.00,397966.00,203426,194540,139.00,142.00,281.00,142,139,0.00,0.00,0,0
1508083046,s5,0.00,0.00,0.00,0,0,0.00,0.00,0.00,0,0,0.00,0.00,0,0
1508083046,s1,0.00,0.00,0.00,0,0,0.00,0.00,0.00,0,0,0.00,0.00,0,0
1508083046,eth0,0.00,0.00,0.00,0,0,0.00,0.00,0.00,0,0,0.00,0.00,0,0
1508083046,eth1,0.00,0.00,0.00,0,0,0.00,0.00,0.00,0,0,0.00,0.00,0,0
1508083046,s1-eth2,6324.00,245124.00,251448.00,245124,6324,92.00,94.00,186.00,94,92,0.00,0.00,0,0
1508083046,s1-eth1,243610.00,6324.00,249934.00,6324,243610,93.00,92.00,185.00,92,93,0.00,0.00,0,0
1508083046,lo,0.00,0.00,0.00,0,0,0.00,0.00,0.00,0,0,0.00,0.00,0,0
1508083046,s4,0.00,0.00,0.00,0,0,0.00,0.00,0.00,0,0,0.00,0.00,0,0
1508083046,total,249934.00,251448.00,501382.00,251448,249934,185.00,186.00,371.00,186,185,0.00,0.00,0,0
1508083047,s5,0.00,0.00,0.00,0,0,0.00,0.00,0.00,0,0,0.00,0.00,0,0
1508083047,s1,0.00,0.00,0.00,0,0,0.00,0.00,0.00,0,0,0.00,0.00,0,0
1508083047,eth0,0.00,0.00,0.00,0,0,0.00,0.00,0.00,0,0,0.00,0.00,0,0
1508083047,eth1,0.00,0.00,0.00,0,0,0.00,0.00,0.00,0,0,0.00,0.00,0,0
1508083047,s1-eth2,1914.00,59952.00,61866.00,59952,1914,27.00,28.00,55.00,28,27,0.00,0.00,0,0
1508083047,s1-eth1,59952.00,1914.00,61866.00,1914,59952,28.00,27.00,55.00,27,28,0.00,0.00,0,0
1508083047,lo,0.00,0.00,0.00,0,0,0.00,0.00,0.00,0,0,0.00,0.00,0,0
1508083047,s4,0.00,0.00,0.00,0,0,0.00,0.00,0.00,0,0,0.00,0.00,0,0
1508083047,total,61866.00,61866.00,123732.00,61866,61866,55.00,55.00,110.00,55,55,0.00,0.00,0,0
1508083048,s5,0.00,0.00,0.00,0,0,0.00,0.00,0.00,0,0,0.00,0.00,0,0
1508083048,s1,0.00,0.00,0.00,0,0,0.00,0.00,0.00,0,0,0.00,0.00,0,0
1508083048,eth0,0.00,0.00,0.00,0,0,0.00,0.00,0.00,0,0,0.00,0.00,0,0
1508083048,eth1,0.00,0.00,0.00,0,0,0.00,0.00,0.00,0,0,0.00,0.00,0,0
1508083048,s1-eth2,41.96,41.96,83.92,42,42,1.00,1.00,2.00,1,1,0.00,0.00,0,0
1508083048,s1-eth1,41.96,41.96,83.92,42,42,1.00,1.00,2.00,1,1,0.00,0.00,0,0
1508083048,lo,0.00,0.00,0.00,0,0,0.00,0.00,0.00,0,0,0.00,0.00,0,0
1508083048,s4,0.00,0.00,0.00,0,0,0.00,0.00,0.00,0,0,0.00,0.00,0,0
1508083048,total,83.92,83.92,167.83,84,84,2.00