1508035528,s5,0.00,0.00,0.00,0,0,0.00,0.00,0.00,0,0,0.00,0.00,0,0
1508035528,s1,0.00,0.00,0.00,0,0,0.00,0.00,0.00,0,0,0.00,0.00,0,0
1508035528,eth0,0.00,0.00,0.00,0,0,0.00,0.00,0.00,0,0,0.00,0.00,0,0
1508035528,eth1,0.00,0.00,0.00,0,0,0.00,0.00,0.00,0,0,0.00,0.00,0,0
1508035528,s2,0.00,0.00,0.00,0,0,0.00,0.00,0.00,0,0,0.00,0.00,0,0
1508035528,s1-eth2,0.00,0.00,0.00,0,0,0.00,0.00,0.00,0,0,0.00,0.00,0,0
1508035528,s1-eth1,0.00,0.00,0.00,0,0,0.00,0.00,0.00,0,0,0.00,0.00,0,0
1508035528,s2-eth2,0.00,0.00,0.00,0,0,0.00,0.00,0.00,0,0,0.00,0.00,0,0
1508035528,s2-eth1,0.00,0.00,0.00,0,0,0.00,0.00,0.00,0,0,0.00,0.00,0,0
1508035528,lo,0.00,0.00,0.00,0,0,0.00,0.00,0.00,0,0,0.00,0.00,0,0
1508035528,s4,0.00,0.00,0.00,0,0,0.00,0.00,0.00,0,0,0.00,0.00,0,0
1508035528,total,0.00,0.00,0.00,0,0,0.00,0.00,0.00,0,0,0.00,0.00,0,0
1508035529,s5,0.00,0.00,0.00,0,0,0.00,0.00,0.00,0,0,0.00,0.00,0,0
1508035529,s1,0.00,41.96,41.96,42,0,0.00,1.00,1.00,1,0,0.00,0.00,0,0
1508035529,eth0,0.00,0.00,0.00,0,0,0.00,0.00,0.00,0,0,0.00,0.00,0,0
1508035529,eth1,0.00,0.00,0.00,0,0,0.00,0.00,0.00,0,0,0.00,0.00,0,0
1508035529,s2,0.00,41.96,41.96,42,0,0.00,1.00,1.00,1,0,0.00,0.00,0,0
1508035529,s1-eth2,12125.87,252627.38,264753.25,252880,12138,154.85,167.83,322.68,168,155,0.00,0.00,0,0
1508035529,s1-eth1,249944.06,12051.95,261996.02,12064,250194,166.83,153.85,320.68,154,167,0.00,0.00,0,0
1508035529,s2-eth2,8805.20,193640.36,202445.56,193834,8814,110.89,128.87,239.76,129,111,0.00,0.00,0,0
1508035529,s2-eth1,189102.91,8805.20,197908.09,8814,189292,125.87,110.89,236.76,111,126,0.00,0.00,0,0
1508035529,lo,479.52,479.52,959.04,480,480,5.99,5.99,11.99,6,6,0.00,0.00,0,0
1508035529,s4,0.00,0.00,0.00,0,0,0.00,0.00,0.00,0,0,0.00,0.00,0,0
1508035529,total,460457.56,467688.31,928145.88,468156,460918,564.44,569.43,1133.87,570,565,0.00,0.00,0,0
1508035530,s5,0.00,0.00,0.00,0,0,0.00,0.00,0.00,0,0,0.00,0.00,0,0
1508035530,s1,0.00,41.96,41.96,42,0,0.00,1.00,1.00,1,0,0.00,0.00,0,0
1508035530,eth0,0.00,0.00,0.00,0,0,0.00,0.00,0.00,0,0,0.00,0.00,0,0
1508035530,eth1,0.00,0.00,0.00,0,0,0.00,0.00,0.00,0,0,0.00,0.00,0,0
1508035530,s2,0.00,41.96,41.96,42,0,0.00,1.00,1.00,1,0,0.00,0.00,0,0
1508035530,s1-eth2,11980.02,249602.41,261582.42,249852,11992,157.84,165.83,323.68,166,158,0.00,0.00,0,0
1508035530,s1-eth1,249602.41,12053.95,261656.34,12066,249852,165.83,158.84,324.68,159,166,0.00,0.00,0,0
1508035530,s2-eth2,9938.06,187590.42,197528.48,187778,9948,119.88,124.88,244.76,125,120,0.00,0.00,0,0
1508035530,s2-eth1,181540.47,9938.06,191478.53,9948,181722,120.88,119.88,240.76,120,121,0.00,0.00,0,0
1508035530,lo,479.52,479.52,959.04,480,480,5.99,5.99,11.99,6,6,0.00,0.00,0,0
1508035530,s4,0.00,0.00,0.00,0,0,0.00,0.00,0.00,0,0,0.00,0.00,0,0
1508035530,total,453540.47,459748.25,913288.75,460208,453994,570.43,577.42,1147.85,578,571,0.00,0.00,0,0
1508035531,s5,0.00,0.00,0.00,0,0,0.00,0.00,0.00,0,0,0.00,0.00,0,0
1508035531,s1,0.00,42.00,42.00,42,0,0.00,1.00,1.00,1,0,0.00,0.00,0,0
1508035531,eth0,0.00,0.00,0.00,0,0,0.00,0.00,0.00,0,0,0.00,0.00,0,0
1508035531,eth1,0.00,0.00,0.00,0,0,0.00,0.00,0.00,0,0,0.00,0.00,0,0
1508035531,s2,0.00,42.00,42.00,42,0,0.00,1.00,1.00,1,0,0.00,0.00,0,0
1508035531,s1-eth2,12374.00,252880.00,265254.00,252880,12374,159.00,168.00,327.00,168,159,0.00,0.00,0,0
1508035531,s1-eth1,251366.00,12300.00,263666.00,12300,251366,167.00,158.00,325.00,158,167,0.00,0.00,0,0
1508035531,s2-eth2,6132.00,121162.00,127294.00,121162,6132,78.00,81.00,159.00,81,78,0.00,0.00,0,0
1508035531,s2-eth1,122676.00,6132.00,128808.00,6132,122676,82.00,78.00,160.00,78,82,0.00,0.00,0,0
1508035531,lo,480.00,480.00,960.00,480,480,6.00,6.00,12.00,6,6,0.00,0.00,0,0
1508035531,s4,0.00,0.00,0.00,0,0,0.00,0.00,0.00,0,0,0.00,0.00,0,0
1508035531,total,393028.00,393038.00,786066.00,393038,393028,492.00,493.00,985.00,493,492,0.00,0.00,0,0
1508035532,s5,0.00,0.00,0.00,0,0,0.00,0.00,0.00,0,0,0.00,0.00,0,0
1508035532,s1,0.00,42.00,42.00,42,0,0.00,1.00,1.00,1,0,0.00,0.00,0,0
1508035532,eth0,0.00,0.00,0.00,0,0,0.00,0.00,0.00,0,0,0.00,0.00,0,0
1508035532,eth1,0.00,0.00,0.00,0,0,0.00,0.00,0.00,0,0,0.00,0.00,0,0
1508035532,s2,0.00,42.00,42.00,42,0,0.00,1.00,1.00,1,0,0.00,0.00,0,0
1508035532,s1-eth2,12358.00,257422.00,269780.00,257422,12358,161.00,171.00,332.00,171,161,0.00,0.00,0,0
1508035532,s1-eth1,249852.00,12358.00,262210.00,12358,249852,166.00,161.00,327.00,161,166,0.00,0.00,0,0
1508035532,s2-eth2,4038.00,95424.00,99462.00,95424,4038,49.00,64.00,113.00,64,49,0.00,0.00,0,0
1508035532,s2-eth1,89368.00,3696.00,93064.00,3696,89368,60.00,48.00,108.00,48,60,0.00,0.00,0,0
1508035532,lo,480.00,480.00,960.00,480,480,6.00,6.00,12.00,6,6,0.00,0.00,0,0
1508035532,s4,0.00,0.00,0.00,0,0,0.00,0.00,0.00,0,0,0.00,0.00,0,0
1508035532,total,356096.00,369464.00,725560.00,369464,356096,442.00,452.00,894.00,452,442,0.00,0.00,0,0
1508035533,s5,0.00,0.00,0.00,0,0,0.00,0.00,0.00,0,0,0.00,0.00,0,0
1508035533,s1,0.00,42.00,42.00,42,0,0.00,1.00,1.00,1,0,0.00,0.00,0,0
1508035533,eth0,0.00,0.00,0.00,0,0,0.00,0.00,0.00,0,0,0.00,0.00,0,0
1508035533,eth1,0.00,0.00,0.00,0,0,0.00,0.00,0.00,0,0,0.00,0.00,0,0
1508035533,s2,0.00,42.00,42.00,42,0,0.00,1.00,1.00,1,0,0.00,0.00,0,0
1508035533,s1-eth2,12478.00,260450.00,272928.00,260450,12478,161.00,173.00,334.00,173,161,0.00,0.00,0,0
1508035533,s1-eth1,248338.00,12564.00,260902.00,12564,248338,165.00,162.00,327.00,162,165,0.00,0.00,0,0
1508035533,s2-eth2,3400.00,87854.00,91254.00,87854,3400,44.00,59.00,103.00,59,44,0.00,0.00,0,0
1508035533,s2-eth1,95766.00,3400.00,99166.00,3400,95766,65.00,44.00,109.00,44,65,0.00,0.00,0,0
1508035533,lo,824.00,824.00,1648.00,824,824,12.00,12.00,24.00,12,12,0.00,0.00,0,0
1508035533,s4,0.00,0.00,0.00,0,0,0.00,0.00,0.00,0,0,0.00,0.00,0,0
1508035533,total,360806.00,365176.00,725982.00,365176,360806,447.00,452.00,899.00,452,447,0.00,0.00,0,0
1508035534,s5,0.00,0.00,0.00,0,0,0.00,0.00,0.00,0,0,0.00,0.00,0,0
1508035534,s1,0.00,0.00,0.00,0,0,0.00,0.00,0.00,0,0,0.00,0.00,0,0
1508035534,eth0,0.00,0.00,0.00,0,0,0.00,0.00,0.00,0,0,0.00,0.00,0,0
1508035534,eth1,0.00,0.00,0.00,0,0,0.00,0.00,0.00,0,0,0.00,0.00,0,0
1508035534,s2,0.00,0.00,0.00,0,0,0.00,0.00,0.00,0,0,0.00,0.00,0,0
1508035534,s1-eth2,12931.00,255866.00,268797.00,255866,12931,165.00,169.00,334.00,169,165,0.00,0.00,0,0
1508035534,s1-eth1,250259.00,12396.00,262655.00,12396,250259,167.00,162.00,329.00,162,167,0.00,0.00,0,0
1508035534,s2-eth2,3289.00,110522.00,113811.00,110522,3289,44.00,73.00,117.00,73,44,0.00,0.00,0,0
1508035534,s2-eth1,104573.00,3182.00,107755.00,3182,104573,70.00,43.00,113.00,43,70,0.00,0.00,0,0
1508035534,lo,0.00,0.00,0.00,0,0,0.00,0.00,0.00,0,0,0.00,0.00,0,0
1508035534,s4,0.00,0.00,0.00,0,0,0.00,0.00,0.00,0,0,0.00,0.00,0,0
1508035534,total,371052.00,381966.00,753018.00,381966,371052,446.00,447.00,893.00,447,446,0.00,0.00,0,0
1508035535,s5,0.00,0.00,0.00,0,0,0.00,0.00,0.00,0,0,0.00,0.00,0,0
1508035535,s1,0.00,0.00,0.00,0,0,0.00,0.00,0.00,0,0,0.00,0.00,0,0
1508035535,eth0,0.00,0.00,0.00,0,0,0.00,0.00,0.00,0,0,0.00,0.00,0,0
1508035535,eth1,0.00,0.00,0.00,0,0,0.00,0.00,0.00,0,0,0.00,0.00,0,0
1508035535,s2,0.00,0.00,0.00,0,0,0.00,0.00,0.00,0,0,0.00,0.00,0,0
1508035535,s1-eth2,11998.00,263436.00,275434.00,263436,11998,161.00,174.00,335.00,174,161,0.00,0.00,0,0
1508035535,s1-eth1,251324.00,12072.00,263396.00,12072,251324,166.00,162.00,328.00,162,166,0.00,0.00,0,0
1508035535,s2-eth2,3696.00,99924.00,103620.00,99924,3696,48.00,66.00,114.00,66,48,0.00,0.00,0,0
1508035535,s2-eth1,99924.00,3696.00,103620.00,3696,99924,66.00,48.00,114.00,48,66,0.00,0.00,0,0
1508035535,lo,0.00,0.00,0.00,0,0,0.00,0.00,0.00,0,0,0.00,0.00,0,0
1508035535,s4,0.00,0.00,0.00,0,0,0.00,0.00,0.00,0,0,0.00,0.00,0,0
1508035535,total,366942.00,379128.00,746070.00,379128,366942,441.00,450.00,891.00,450,441,0.00,0.00,0,0
1508035536,s5,0.00,0.00,0.00,0,0,0.00,0.00,0.00,0,0,0.00,0.00,0,0
1508035536,s1,0.00,0.00,0.00,0,0,0.00,0.00,0.00,0,0,0.00,0.00,0,0
1508035536,eth0,0.00,0.00,0.00,0,0,0.00,0.00,0.00,0,0,0.00,0.00,0,0
1508035536,eth1,0.00,0.00,0.00,0,0,0.00,0.00,0.00,0,0,0.00,0.00,0,0
1508035536,s2,0.00,0.00,0.00,0,0,0.00,0.00,0.00,0,0,0.00,0.00,0,0
1508035536,s1-eth2,12229.77,255610.39,267840.16,255866,12242,162.84,168.83,331.67,169,163,0.00,0.00,0,0
1508035536,s1-eth1,249560.45,12155.84,261716.30,12168,249810,164.84,161.84,326.67,162,165,0.00,0.00,0,0
1508035536,s2-eth2,4221.78,105874.12,110095.91,105980,4226,54.95,69.93,124.88,70,55,0.00,0.00,0,0
1508035536,s2-eth1,104361.64,4221.78,108583.42,4226,104466,68.93,54.95,123.88,55,69,0.00,0.00,0,0
1508035536,lo,0.00,0.00,0.00,0,0,0.00,0.00,0.00,0,0,0.00,0.00,0,0
1508035536,s4,0.00,0.00,0.00,0,0,0.00,0.00,0.00,0,0,0.00,0.00,0,0
1508035536,total,370373.62,377862.16,748235.81,378240,370744,451.55,455.54,907.09,456,452,0.00,0.00,0,0
1508035537,s5,0.00,0.00,0.00,0,0,0.00,0.00,0.00,0,0,0.00,0.00,0,0
1508035537,s1,0.00,0.00,0.00,0,0,0.00,0.00,0.00,0,0,0.00,0.00,0,0
1508035537,eth0,0.00,0.00,0.00,0,0,0.00,0.00,0.00,0,0,0.00,0.00,0,0
1508035537,eth1,0.00,0.00,0.00,0,0,0.00,0.00,0.00,0,0,0.00,0.00,0,0
1508035537,s2,0.00,0.00,0.00,0,0,0.00,0.00,0.00,0,0,0.00,0.00,0,0
1508035537,s1-eth2,11588.00,249810.00,261398.00,249810,11588,150.00,165.00,315.00,165,150,0.00,0.00,0,0
1508035537,s1-eth1,249810.00,11588.00,261398.00,11588,249810,165.00,150.00,315.00,150,165,0.00,0.00,0,0
1508035537,s2-eth2,4656.00,98410.00,103066.00,98410,4656,60.00,65.00,125.00,65,60,0.00,0.00,0,0
1508035537,s2-eth1,96896.00,4656.00,101552.00,4656,96896,64.00,60.00,124.00,60,64,0.00,0.00,0,0
1508035537,lo,344.00,344.00,688.00,344,344,6.00,6.00,12.00,6,6,0.00,0.00,0,0
1508035537,s4,0.00,0.00,0.00,0,0,0.00,0.00,0.00,0,0,0.00,0.00,0,0
1508035537,total,363294.00,364808.00,728102.00,364808,363294,445.00,446.00,891.00,446,445,0.00,0.00,0,0
1508035538,s5,0.00,0.00,0.00,0,0,0.00,0.00,0.00,0,0,0.00,0.00,0,0
1508035538,s1,0.00,0.00,0.00,0,0,0.00,0.00,0.00,0,0,0.00,0.00,0,0
1508035538,eth0,0.00,0.00,0.00,0,0,0.00,0.00,0.00,0,0,0.00,0.00,0,0
1508035538,eth1,0.00,0.00,0.00,0,0,0.00,0.00,0.00,0,0,0.00,0.00,0,0
1508035538,s2,0.00,0.00,0.00,0,0,0.00,0.00,0.00,0,0,0.00,0.00,0,0
1508035538,s1-eth2,12342.00,258894.00,271236.00,258894,12342,161.00,171.00,332.00,171,161,0.00,0.00,0,0
1508035538,s1-eth1,249810.00,12342.00,262152.00,12342,249810,165.00,161.00,326.00,161,165,0.00,0.00,0,0
1508035538,s2-eth2,3210.00,80284.00,83494.00,80284,3210,43.00,54.00,97.00,54,43,0.00,0.00,0,0
1508035538,s2-eth1,83312.00,3210.00,86522.00,3210,83312,56.00,43.00,99.00,43,56,0.00,0.00,0,0
1508035538,lo,936.00,936.00,1872.00,936,936,12.00,12.00,24.00,12,12,0.00,0.00,0,0
1508035538,s4,0.00,0.00,0.00,0,0,0.00,0.00,0.00,0,0,0.00,0.00,0,0
1508035538,total,349610.00,355666.00,705276.00,355666,349610,437.00,441.00,878.00,441,437,0.00,0.00,0,0
1508035539,s5,0.00,0.00,0.00,0,0,0.00,0.00,0.00,0,0,0.00,0.00,0,0
1508035539,s1,0.00,0.00,0.00,0,0,0.00,0.00,0.00,0,0,0.00,0.00,0,0
1508035539,eth0,0.00,0.00,0.00,0,0,0.00,0.00,0.00,0,0,0.00,0.00,0,0
1508035539,eth1,0.00,0.00,0.00,0,0,0.00,0.00,0.00,0,0,0.00,0.00,0,0
1508035539,s2,0.00,0.00,0.00,0,0,0.00,0.00,0.00,0,0,0.00,0.00,0,0
1508035539,s1-eth2,12494.00,249810.00,262304.00,249810,12494,159.00,165.00,324.00,165,159,0.00,0.00,0,0
1508035539,s1-eth1,251324.00,12568.00,263892.00,12568,251324,166.00,160.00,326.00,160,166,0.00,0.00,0,0
1508035539,s2-eth2,3880.00,81756.00,85636.00,81756,3880,48.00,54.00,102.00,54,48,0.00,0.00,0,0
1508035539,s2-eth1,71158.00,3880.00,75038.00,3880,71158,47.00,48.00,95.00,48,47,0.00,0.00,0,0
1508035539,lo,0.00,0.00,0.00,0,0,0.00,0.00,0.00,0,0,0.00,0.00,0,0
1508035539,s4,0.00,0.00,0.00,0,0,0.00,0.00,0.00,0,0,0.00,0.00,0,0
1508035539,total,338856.00,348014.00,686870.00,348014,338856,420.00,427.00,847.00,427,420,0.00,0.00,0,0
1508035540,s5,0.00,0.00,0.00,0,0,0.00,0.00,0.00,0,0,0.00,0.00,0,0
1508035540,s1,0.00,0.00,0.00,0,0,0.00,0.00,0.00,0,0,0.00,0.00,0,0
1508035540,eth0,0.00,0.00,0.00,0,0,0.00,0.00,0.00,0,0,0.00,0.00,0,0
1508035540,eth1,0.00,0.00,0.00,0,0,0.00,0.00,0.00,0,0,0.00,0.00,0,0
1508035540,s2,0.00,0.00,0.00,0,0,0.00,0.00,0.00,0,0,0.00,0.00,0,0
1508035540,s1-eth2,11968.00,249810.00,261778.00,249810,11968,154.00,165.00,319.00,165,154,0.00,0.00,0,0
1508035540,s1-eth1,236184.00,11894.00,248078.00,11894,236184,156.00,153.00,309.00,153,156,0.00,0.00,0,0
1508035540,s2-eth2,2524.00,62074.00,64598.00,62074,2524,32.00,41.00,73.00,41,32,0.00,0.00,0,0
1508035540,s2-eth1,68130.00,2524.00,70654.00,2524,68130,45.00,32.00,77.00,32,45,0.00,0.00,0,0
1508035540,lo,0.00,0.00,0.00,0,0,0.00,0.00,0.00,0,0,0.00,0.00,0,0
1508035540,s4,0.00,0.00,0.00,0,0,0.00,0.00,0.00,0,0,0.00,0.00,0,0
1508035540,total,318806.00,326302.00,645108.00,326302,318806,387.00,391.00,778.00,391,387,0.00,0.00,0,0
1508035541,s5,0.00,0.00,0.00,0,0,0.00,0.00,0.00,0,0,0.00,0.00,0,0
1508035541,s1,0.00,0.00,0.00,0,0,0.00,0.00,0.00,0,0,0.00,0.00,0,0
1508035541,eth0,0.00,0.00,0.00,0,0,0.00,0.00,0.00,0,0,0.00,0.00,0,0
1508035541,eth1,0.00,0.00,0.00,0,0,0.00,0.00,0.00,0,0,0.00,0.00,0,0
1508035541,s2,0.00,0.00,0.00,0,0,0.00,0.00,0.00,0,0,0.00,0.00,0,0
1508035541,s1-eth2,11482.00,260408.00,271890.00,260408,11482,151.00,172.00,323.00,172,151,0.00,0.00,0,0
1508035541,s1-eth1,242240.00,11556.00,253796.00,11556,242240,160.00,152.00,312.00,152,160,0.00,0.00,0,0
1508035541,s2-eth2,2574.00,54504.00,57078.00,54504,2574,33.00,36.00,69.00,36,33,0.00,0.00,0,0
1508035541,s2-eth1,45420.00,2574.00,47994.00,2574,45420,30.00,33.00,63.00,33,30,0.00,0.00,0,0
1508035541,lo,0.00,0.00,0.00,0,0,0.00,0.00,0.00,0,0,0.00,0.00,0,0
1508035541,s4,0.00,0.00,0.00,0,0,0.00,0.00,0.00,0,0,0.00,0.00,0,0
1508035541,total,301716.00,329042.00,630758.00,329042,301716,374.00,393.00,767.00,393,374,0.00,0.00,0,0
1508035542,s5,0.00,0.00,0.00,0,0,0.00,0.00,0.00,0,0,0.00,0.00,0,0
1508035542,s1,0.00,0.00,0.00,0,0,0.00,0.00,0.00,0,0,0.00,0.00,0,0
1508035542,eth0,0.00,0.00,0.00,0,0,0.00,0.00,0.00,0,0,0.00,0.00,0,0
1508035542,eth1,0.00,0.00,0.00,0,0,0.00,0.00,0.00,0,0,0.00,0.00,0,0
1508035542,s2,0.00,0.00,0.00,0,0,0.00,0.00,0.00,0,0,0.00,0.00,0,0
1508035542,s1-eth2,12206.00,251324.00,263530.00,251324,12206,157.00,166.00,323.00,166,157,0.00,0.00,0,0
1508035542,s1-eth1,244096.00,12132.00,256228.00,12132,244096,162.00,156.00,318.00,156,162,0.00,0.00,0,0
1508035542,s2-eth2,2220.00,66616.00,68836.00,66616,2220,30.00,44.00,74.00,44,30,0.00,0.00,0,0
1508035542,s2-eth1,68130.00,2220.00,70350.00,2220,68130,45.00,30.00,75.00,30,45,0.00,0.00,0,0
1508035542,lo,344.00,344.00,688.00,344,344,6.00,6.00,12.00,6,6,0.00,0.00,0,0
1508035542,s4,0.00,0.00,0.00,0,0,0.00,0.00,0.00,0,0,0.00,0.00,0,0
1508035542,total,326996.00,332636.00,659632.00,332636,326996,400.00,402.00,802.00,402,400,0.00,0.00,0,0
1508035543,s5,0.00,0.00,0.00,0,0,0.00,0.00,0.00,0,0,0.00,0.00,0,0
1508035543,s1,0.00,0.00,0.00,0,0,0.00,0.00,0.00,0,0,0.00,0.00,0,0
1508035543,eth0,0.00,0.00,0.00,0,0,0.00,0.00,0.00,0,0,0.00,0.00,0,0
1508035543,eth1,0.00,0.00,0.00,0,0,0.00,0.00,0.00,0,0,0.00,0.00,0,0
1508035543,s2,0.00,0.00,0.00,0,0,0.00,0.00,0.00,0,0,0.00,0.00,0,0
1508035543,s1-eth2,11916.08,260147.86,272063.94,260408,11928,155.84,171.83,327.67,172,156,0.00,0.00,0,0
1508035543,s1-eth1,246535.47,11990.01,258525.48,12002,246782,162.84,156.84,319.68,157,163,0.00,0.00,0,0
1508035543,s2-eth2,2973.03,77136.87,80109.89,77214,2976,37.96,50.95,88.91,51,38,0.00,0.00,0,0
1508035543,s2-eth1,71086.91,2973.03,74059.95,2976,71158,46.95,37.96,84.92,38,47,0.00,0.00,0,0
1508035543,lo,343.66,343.66,687.31,344,344,5.99,5.99,11.99,6,6,0.00,0.00,0,0
1508035543,s4,0.00,0.00,0.00,0,0,0.00,0.00,0.00,0,0,0.00,0.00,0,0
1508035543,total,332855.16,352591.41,685446.56,352944,333188,409.59,423.58,833.17,424,410,0.00,0.00,0,0
1508035544,s5,0.00,0.00,0.00,0,0,0.00,0.00,0.00,0,0,0.00,0.00,0,0
1508035544,s1,0.00,0.00,0.00,0,0,0.00,0.00,0.00,0,0,0.00,0.00,0,0
1508035544,eth0,0.00,0.00,0.00,0,0,0.00,0.00,0.00,0,0,0.00,0.00,0,0
1508035544,eth1,0.00,0.00,0.00,0,0,0.00,0.00,0.00,0,0,0.00,0.00,0,0
1508035544,s2,0.00,0.00,0.00,0,0,0.00,0.00,0.00,0,0,0.00,0.00,0,0
1508035544,s1-eth2,12408.00,263436.00,275844.00,263436,12408,160.00,174.00,334.00,174,160,0.00,0.00,0,0
1508035544,s1-eth1,249810.00,12408.00,262218.00,12408,249810,165.00,160.00,325.00,160,165,0.00,0.00,0,0
1508035544,s2-eth2,3450.00,77214.00,80664.00,77214,3450,45.00,51.00,96.00,51,45,0.00,0.00,0,0
1508035544,s2-eth1,77556.00,3450.00,81006.00,3450,77556,52.00,45.00,97.00,45,52,0.00,0.00,0,0
1508035544,lo,0.00,0.00,0.00,0,0,0.00,0.00,0.00,0,0,0.00,0.00,0,0
1508035544,s4,0.00,0.00,0.00,0,0,0.00,0.00,0.00,0,0,0.00,0.00,0,0
1508035544,total,343224.00,356508.00,699732.00,356508,343224,422.00,430.00,852.00,430,422,0.00,0.00,0,0
1508035545,s5,0.00,0.00,0.00,0,0,0.00,0.00,0.00,0,0,0.00,0.00,0,0
1508035545,s1,0.00,0.00,0.00,0,0,0.00,0.00,0.00,0,0,0.00,0.00,0,0
1508035545,eth0,0.00,0.00,0.00,0,0,0.00,0.00,0.00,0,0,0.00,0.00,0,0
1508035545,eth1,0.00,0.00,0.00,0,0,0.00,0.00,0.00,0,0,0.00,0.00,0,0
1508035545,s2,0.00,0.00,0.00,0,0,0.00,0.00,0.00,0,0,0.00,0.00,0,0
1508035545,s1-eth2,11846.00,260408.00,272254.00,260408,11846,157.00,172.00,329.00,172,157,0.00,0.00,0,0
1508035545,s1-eth1,249810.00,11772.00,261582.00,11772,249810,165.00,156.00,321.00,156,165,0.00,0.00,0,0
1508035545,s2-eth2,2886.00,90840.00,93726.00,90840,2886,39.00,60.00,99.00,60,39,0.00,0.00,0,0
1508035545,s2-eth1,89326.00,2886.00,92212.00,2886,89326,59.00,39.00,98.00,39,59,0.00,0.00,0,0
1508035545,lo,0.00,0.00,0.00,0,0,0.00,0.00,0.00,0,0,0.00,0.00,0,0
1508035545,s4,0.00,0.00,0.00,0,0,0.00,0.00,0.00,0,0,0.00,0.00,0,0
1508035545,total,353868.00,365906.00,719774.00,365906,353868,420.00,427.00,847.00,427,420,0.00,0.00,0,0
1508035546,s5,0.00,0.00,0.00,0,0,0.00,0.00,0.00,0,0,0.00,0.00,0,0
1508035546,s1,0.00,0.00,0.00,0,0,0.00,0.00,0.00,0,0,0.00,0.00,0,0
1508035546,eth0,0.00,0.00,0.00,0,0,0.00,0.00,0.00,0,0,0.00,0.00,0,0
1508035546,eth1,0.00,0.00,0.00,0,0,0.00,0.00,0.00,0,0,0.00,0.00,0,0
1508035546,s2,0.00,0.00,0.00,0,0,0.00,0.00,0.00,0,0,0.00,0.00,0,0
1508035546,s1-eth2,12985.02,252585.42,265570.44,252838,12998,162.84,166.83,329.67,167,163,0.00,0.00,0,0
1508035546,s1-eth1,249560.45,12643.36,262203.81,12656,249810,164.84,161.84,326.67,162,165,0.00,0.00,0,0
1508035546,s2-eth2,4049.95,90749.25,94799.20,90840,4054,52.95,59.94,112.89,60,53,0.00,0.00,0,0
1508035546,s2-eth1,95286.72,4049.95,99336.66,4054,95382,62.94,52.95,115.88,53,63,0.00,0.00,0,0
1508035546,lo,0.00,0.00,0.00,0,0,0.00,0.00,0.00,0,0,0.00,0.00,0,0
1508035546,s4,0.00,0.00,0.00,0,0,0.00,0.00,0.00,0,0,0.00,0.00,0,0
1508035546,total,361882.12,360027.97,721910.12,360388,362244,443.56,441.56,885.11,442,444,0.00,0.00,0,0
1508035547,s5,0.00,0.00,0.00,0,0,0.00,0.00,0.00,0,0,0.00,0.00,0,0
1508035547,s1,0.00,0.00,0.00,0,0,0.00,0.00,0.00,0,0,0.00,0.00,0,0
1508035547,eth0,0.00,0.00,0.00,0,0,0.00,0.00,0.00,0,0,0.00,0.00,0,0
1508035547,eth1,0.00,0.00,0.00,0,0,0.00,0.00,0.00,0,0,0.00,0.00,0,0
1508035547,s2,0.00,0.00,0.00,0,0,0.00,0.00,0.00,0,0,0.00,0.00,0,0
1508035547,s1-eth2,12140.00,260408.00,272548.00,260408,12140,160.00,172.00,332.00,172,160,0.00,0.00,0,0
1508035547,s1-eth1,249810.00,12214.00,262024.00,12214,249810,165.00,161.00,326.00,161,165,0.00,0.00,0,0
1508035547,s2-eth2,3388.00,98410.00,101798.00,98410,3388,44.00,65.00,109.00,65,44,0.00,0.00,0,0
1508035547,s2-eth1,86298.00,3388.00,89686.00,3388,86298,57.00,44.00,101.00,44,57,0.00,0.00,0,0
1508035547,lo,344.00,344.00,688.00,344,344,6.00,6.00,12.00,6,6,0.00,0.00,0,0
1508035547,s4,0.00,0.00,0.00,0,0,0.00,0.00,0.00,0,0,0.00,0.00,0,0
1508035547,total,351980.00,374764.00,726744.00,374764,351980,432.00,448.00,880.00,448,432,0.00,0.00,0,0
1508035548,s5,0.00,0.00,0.00,0,0,0.00,0.00,0.00,0,0,0.00,0.00,0,0
1508035548,s1,0.00,0.00,0.00,0,0,0.00,0.00,0.00,0,0,0.00,0.00,0,0
1508035548,eth0,0.00,0.00,0.00,0,0,0.00,0.00,0.00,0,0,0.00,0.00,0,0
1508035548,eth1,0.00,0.00,0.00,0,0,0.00,0.00,0.00,0,0,0.00,0.00,0,0
1508035548,s2,0.00,0.00,0.00,0,0,0.00,0.00,0.00,0,0,0.00,0.00,0,0
1508035548,s1-eth2,12067.93,257122.89,269190.81,257380,12080,159.84,169.83,329.67,170,160,0.00,0.00,0,0
1508035548,s1-eth1,251414.59,12067.93,263482.53,12080,251666,166.83,159.84,326.67,160,167,0.00,0.00,0,0
1508035548,s2-eth2,3698.30,80161.84,83860.14,80242,3702,46.95,52.95,99.90,53,47,0.00,0.00,0,0
1508035548,s2-eth1,86211.79,3698.30,89910.09,3702,86298,56.94,46.95,103.90,47,57,0.00,0.00,0,0
1508035548,lo,343.66,343.66,687.31,344,344,5.99,5.99,11.99,6,6,0.00,0.00,0,0
1508035548,s4,0.00,0.00,0.00,0,0,0.00,0.00,0.00,0,0,0.00,0.00,0,0
1508035548,total,353736.28,353394.62,707130.88,353748,354090,436.56,435.56,872.13,436,437,0.00,0.00,0,0
1508035549,s5,0.00,0.00,0.00,0,0,0.00,0.00,0.00,0,0,0.00,0.00,0,0
1508035549,s1,0.00,0.00,0.00,0,0,0.00,0.00,0.00,0,0,0.00,0.00,0,0
1508035549,eth0,0.00,0.00,0.00,0,0,0.00,0.00,0.00,0,0,0.00,0.00,0,0
1508035549,eth1,0.00,0.00,0.00,0,0,0.00,0.00,0.00,0,0,0.00,0.00,0,0
1508035549,s2,0.00,0.00,0.00,0,0,0.00,0.00,0.00,0,0,0.00,0.00,0,0
1508035549,s1-eth2,12184.00,252838.00,265022.00,252838,12184,156.00,167.00,323.00,167,156,0.00,0.00,0,0
1508035549,s1-eth1,249810.00,12110.00,261920.00,12110,249810,165.00,155.00,320.00,155,165,0.00,0.00,0,0
1508035549,s2-eth2,2922.00,68130.00,71052.00,68130,2922,37.00,45.00,82.00,45,37,0.00,0.00,0,0
1508035549,s2-eth1,59046.00,2922.00,61968.00,2922,59046,39.00,37.00,76.00,37,39,0.00,0.00,0,0
1508035549,lo,0.00,0.00,0.00,0,0,0.00,0.00,0.00,0,0,0.00,0.00,0,0
1508035549,s4,0.00,0.00,0.00,0,0,0.00,0.00,0.00,0,0,0.00,0.00,0,0
1508035549,total,323962.00,336000.00,659962.00,336000,323962,397.00,404.00,801.00,404,397,0.00,0.00,0,0
1508035550,s5,0.00,0.00,0.00,0,0,0.00,0.00,0.00,0,0,0.00,0.00,0,0
1508035550,s1,0.00,0.00,0.00,0,0,0.00,0.00,0.00,0,0,0.00,0.00,0,0
1508035550,eth0,0.00,0.00,0.00,0,0,0.00,0.00,0.00,0,0,0.00,0.00,0,0
1508035550,eth1,0.00,0.00,0.00,0,0,0.00,0.00,0.00,0,0,0.00,0.00,0,0
1508035550,s2,0.00,0.00,0.00,0,0,0.00,0.00,0.00,0,0,0.00,0.00,0,0
1508035550,s1-eth2,12406.59,261660.34,274066.94,261922,12419,162.84,172.83,335.66,173,163,0.00,0.00,0,0
1508035550,s1-eth1,249560.45,12299.70,261860.14,12312,249810,164.84,161.84,326.67,162,165,0.00,0.00,0,0
1508035550,s2-eth2,2026.97,63524.48,65551.45,63588,2029,25.97,41.96,67.93,42,26,0.00,0.00,0,0
1508035550,s2-eth1,68168.84,1920.08,70088.91,1922,68237,45.95,24.98,70.93,25,46,0.00,0.00,0,0
1508035550,lo,0.00,0.00,0.00,0,0,0.00,0.00,0.00,0,0,0.00,0.00,0,0
1508035550,s4,0.00,0.00,0.00,0,0,0.00,0.00,0.00,0,0,0.00,0.00,0,0
1508035550,total,332162.84,339404.59,671567.44,339744,332495,399.60,401.60,801.20,402,400,0.00,0.00,0,0
1508035551,s5,0.00,0.00,0.00,0,0,0.00,0.00,0.00,0,0,0.00,0.00,0,0
1508035551,s1,0.00,0.00,0.00,0,0,0.00,0.00,0.00,0,0,0.00,0.00,0,0
1508035551,eth0,0.00,0.00,0.00,0,0,0.00,0.00,0.00,0,0,0.00,0.00,0,0
1508035551,eth1,0.00,0.00,0.00,0,0,0.00,0.00,0.00,0,0,0.00,0.00,0,0
1508035551,s2,0.00,0.00,0.00,0,0,0.00,0.00,0.00,0,0,0.00,0.00,0,0
1508035551,s1-eth2,12348.00,254352.00,266700.00,254352,12348,158.00,168.00,326.00,168,158,0.00,0.00,0,0
1508035551,s1-eth1,248296.00,12348.00,260644.00,12348,248296,164.00,158.00,322.00,158,164,0.00,0.00,0,0
1508035551,s2-eth2,2540.00,74186.00,76726.00,74186,2540,34.00,49.00,83.00,49,34,0.00,0.00,0,0
1508035551,s2-eth1,65102.00,2540.00,67642.00,2540,65102,43.00,34.00,77.00,34,43,0.00,0.00,0,0
1508035551,lo,0.00,0.00,0.00,0,0,0.00,0.00,0.00,0,0,0.00,0.00,0,0
1508035551,s4,0.00,0.00,0.00,0,0,0.00,0.00,0.00,0,0,0.00,0.00,0,0
1508035551,total,328286.00,343426.00,671712.00,343426,328286,399.00,409.00,808.00,409,399,0.00,0.00,0,0
1508035552,s5,0.00,0.00,0.00,0,0,0.00,0.00,0.00,0,0,0.00,0.00,0,0
1508035552,s1,0.00,0.00,0.00,0,0,0.00,0.00,0.00,0,0,0.00,0.00,0,0
1508035552,eth0,0.00,0.00,0.00,0,0,0.00,0.00,0.00,0,0,0.00,0.00,0,0
1508035552,eth1,0.00,0.00,0.00,0,0,0.00,0.00,0.00,0,0,0.00,0.00,0,0
1508035552,s2,0.00,0.00,0.00,0,0,0.00,0.00,0.00,0,0,0.00,0.00,0,0
1508035552,s1-eth2,12014.00,257380.00,269394.00,257380,12014,157.00,170.00,327.00,170,157,0.00,0.00,0,0
1508035552,s1-eth1,245268.00,12014.00,257282.00,12014,245268,162.00,157.00,319.00,157,162,0.00,0.00,0,0
1508035552,s2-eth2,2414.00,69644.00,72058.00,69644,2414,29.00,46.00,75.00,46,29,0.00,0.00,0,0
1508035552,s2-eth1,80242.00,2072.00,82314.00,2072,80242,53.00,28.00,81.00,28,53,0.00,0.00,0,0
1508035552,lo,344.00,344.00,688.00,344,344,6.00,6.00,12.00,6,6,0.00,0.00,0,0
1508035552,s4,0.00,0.00,0.00,0,0,0.00,0.00,0.00,0,0,0.00,0.00,0,0
1508035552,total,340282.00,341454.00,681736.00,341454,340282,407.00,407.00,814.00,407,407,0.00,0.00,0,0
1508035553,s5,0.00,0.00,0.00,0,0,0.00,0.00,0.00,0,0,0.00,0.00,0,0
1508035553,s1,0.00,0.00,0.00,0,0,0.00,0.00,0.00,0,0,0.00,0.00,0,0
1508035553,eth0,0.00,0.00,0.00,0,0,0.00,0.00,0.00,0,0,0.00,0.00,0,0
1508035553,eth1,0.00,0.00,0.00,0,0,0.00,0.00,0.00,0,0,0.00,0.00,0,0
1508035553,s2,0.00,0.00,0.00,0,0,0.00,0.00,0.00,0,0,0.00,0.00,0,0
1508035553,s1-eth2,12178.00,254352.00,266530.00,254352,12178,161.00,168.00,329.00,168,161,0.00,0.00,0,0
1508035553,s1-eth1,251324.00,12252.00,263576.00,12252,251324,166.00,162.00,328.00,162,166,0.00,0.00,0,0
1508035553,s2-eth2,3758.00,87812.00,91570.00,87812,3758,49.00,58.00,107.00,58,49,0.00,0.00,0,0
1508035553,s2-eth1,80242.00,3758.00,84000.00,3758,80242,53.00,49.00,102.00,49,53,0.00,0.00,0,0
1508035553,lo,344.00,344.00,688.00,344,344,6.00,6.00,12.00,6,6,0.00,0.00,0,0
1508035553,s4,0.00,0.00,0.00,0,0,0.00,0.00,0.00,0,0,0.00,0.00,0,0
1508035553,total,347846.00,358518.00,706364.00,358518,347846,435.00,443.00,878.00,443,435,0.00,0.00,0,0
1508035554,s5,0.00,0.00,0.00,0,0,0.00,0.00,0.00,0,0,0.00,0.00,0,0
1508035554,s1,0.00,0.00,0.00,0,0,0.00,0.00,0.00,0,0,0.00,0.00,0,0
1508035554,eth0,0.00,0.00,0.00,0,0,0.00,0.00,0.00,0,0,0.00,0.00,0,0
1508035554,eth1,0.00,0.00,0.00,0,0,0.00,0.00,0.00,0,0,0.00,0.00,0,0
1508035554,s2,0.00,0.00,0.00,0,0,0.00,0.00,0.00,0,0,0.00,0.00,0,0
1508035554,s1-eth2,12159.84,261660.34,273820.19,261922,12172,157.84,172.83,330.67,173,158,0.00,0.00,0,0
1508035554,s1-eth1,249560.45,12085.91,261646.36,12098,249810,164.84,156.84,321.68,157,165,0.00,0.00,0,0
1508035554,s2-eth2,4123.88,92261.74,96385.62,92354,4128,53.95,60.94,114.89,61,54,0.00,0.00,0,0
1508035554,s2-eth1,87724.28,4123.88,91848.16,4128,87812,57.94,53.95,111.89,54,58,0.00,0.00,0,0
1508035554,lo,0.00,0.00,0.00,0,0,0.00,0.00,0.00,0,0,0.00,0.00,0,0
1508035554,s4,0.00,0.00,0.00,0,0,0.00,0.00,0.00,0,0,0.00,0.00,0,0
1508035554,total,353568.44,370131.88,723700.31,370502,353922,434.57,444.56,879.12,445,435,0.00,0.00,0,0
1508035555,s5,0.00,0.00,0.00,0,0,0.00,0.00,0.00,0,0,0.00,0.00,0,0
1508035555,s1,0.00,0.00,0.00,0,0,0.00,0.00,0.00,0,0,0.00,0.00,0,0
1508035555,eth0,0.00,0.00,0.00,0,0,0.00,0.00,0.00,0,0,0.00,0.00,0,0
1508035555,eth1,0.00,0.00,0.00,0,0,0.00,0.00,0.00,0,0,0.00,0.00,0,0
1508035555,s2,0.00,0.00,0.00,0,0,0.00,0.00,0.00,0,0,0.00,0.00,0,0
1508035555,s1-eth2,12478.00,252838.00,265316.00,252838,12478,161.00,167.00,328.00,167,161,0.00,0.00,0,0
1508035555,s1-eth1,249810.00,12478.00,262288.00,12478,249810,165.00,161.00,326.00,161,165,0.00,0.00,0,0
1508035555,s2-eth2,3700.00,98410.00,102110.00,98410,3700,50.00,65.00,115.00,65,50,0.00,0.00,0,0
1508035555,s2-eth1,101438.00,3700.00,105138.00,3700,101438,67.00,50.00,117.00,50,67,0.00,0.00,0,0
1508035555,lo,0.00,0.00,0.00,0,0,0.00,0.00,0.00,0,0,0.00,0.00,0,0
1508035555,s4,0.00,0.00,0.00,0,0,0.00,0.00,0.00,0,0,0.00,0.00,0,0
1508035555,total,367426.00,367426.00,734852.00,367426,367426,443.00,443.00,886.00,443,443,0.00,0.00,0,0
1508035556,s5,0.00,0.00,0.00,0,0,0.00,0.00,0.00,0,0,0.00,0.00,0,0
1508035556,s1,0.00,0.00,0.00,0,0,0.00,0.00,0.00,0,0,0.00,0.00,0,0
1508035556,eth0,0.00,0.00,0.00,0,0,0.00,0.00,0.00,0,0,0.00,0.00,0,0
1508035556,eth1,0.00,0.00,0.00,0,0,0.00,0.00,0.00,0,0,0.00,0.00,0,0
1508035556,s2,0.00,0.00,0.00,0,0,0.00,0.00,0.00,0,0,0.00,0.00,0,0
1508035556,s1-eth2,12167.83,260147.86,272315.69,260408,12180,159.84,171.83,331.67,172,160,0.00,0.00,0,0
1508035556,s1-eth1,249560.45,12167.83,261728.28,12180,249810,164.84,159.84,324.68,160,165,0.00,0.00,0,0
1508035556,s2-eth2,3474.53,117974.03,121448.55,118092,3478,46.95,77.92,124.88,78,47,0.00,0.00,0,0
1508035556,s2-eth1,111924.08,3548.45,115472.53,3552,112036,73.93,47.95,121.88,48,74,0.00,0.00,0,0
1508035556,lo,0.00,0.00,0.00,0,0,0.00,0.00,0.00,0,0,0.00,0.00,0,0
1508035556,s4,0.00,0.00,0.00,0,0,0.00,0.00,0.00,0,0,0.00,0.00,0,0
1508035556,total,377126.88,393838.19,770965.06,394232,377504,445.55,457.54,903.10,458,446,0.00,0.00,0,0
1508035557,s5,0.00,0.00,0.00,0,0,0.00,0.00,0.00,0,0,0.00,0.00,0,0
1508035557,s1,0.00,0.00,0.00,0,0,0.00,0.00,0.00,0,0,0.00,0.00,0,0
1508035557,eth0,0.00,0.00,0.00,0,0,0.00,0.00,0.00,0,0,0.00,0.00,0,0
1508035557,eth1,0.00,0.00,0.00,0,0,0.00,0.00,0.00,0,0,0.00,0.00,0,0
1508035557,s2,0.00,0.00,0.00,0,0,0.00,0.00,0.00,0,0,0.00,0.00,0,0
1508035557,s1-eth2,12657.34,260147.86,272805.19,260408,12670,164.84,171.83,336.66,172,165,0.00,0.00,0,0
1508035557,s1-eth1,251072.94,12657.34,263730.28,12670,251324,165.83,164.84,330.67,165,166,0.00,0.00,0,0
1508035557,s2-eth2,4441.56,90749.25,95190.81,90840,4446,54.95,59.94,114.89,60,55,0.00,0.00,0,0
1508035557,s2-eth1,92261.74,4367.63,96629.38,4372,92354,60.94,53.95,114.89,54,61,0.00,0.00,0,0
1508035557,lo,343.66,343.66,687.31,344,344,5.99,5.99,11.99,6,6,0.00,0.00,0,0
1508035557,s4,0.00,0.00,0.00,0,0,0.00,0.00,0.00,0,0,0.00,0.00,0,0
1508035557,total,360777.22,368265.75,729043.00,368634,361138,452.55,456.54,909.09,457,453,0.00,0.00,0,0
1508035558,s5,0.00,0.00,0.00,0,0,0.00,0.00,0.00,0,0,0.00,0.00,0,0
1508035558,s1,0.00,0.00,0.00,0,0,0.00,0.00,0.00,0,0,0.00,0.00,0,0
1508035558,eth0,0.00,0.00,0.00,0,0,0.00,0.00,0.00,0,0,0.00,0.00,0,0
1508035558,eth1,0.00,0.00,0.00,0,0,0.00,0.00,0.00,0,0,0.00,0.00,0,0
1508035558,s2,0.00,0.00,0.00,0,0,0.00,0.00,0.00,0,0,0.00,0.00,0,0
1508035558,s1-eth2,12136.00,257380.00,269516.00,257380,12136,158.00,170.00,328.00,170,158,0.00,0.00,0,0
1508035558,s1-eth1,249810.00,12136.00,261946.00,12136,249810,165.00,158.00,323.00,158,165,0.00,0.00,0,0
1508035558,s2-eth2,3302.00,78728.00,82030.00,78728,3302,43.00,52.00,95.00,52,43,0.00,0.00,0,0
1508035558,s2-eth1,77214.00,3302.00,80516.00,3302,77214,51.00,43.00,94.00,43,51,0.00,0.00,0,0
1508035558,lo,344.00,344.00,688.00,344,344,6.00,6.00,12.00,6,6,0.00,0.00,0,0
1508035558,s4,0.00,0.00,0.00,0,0,0.00,0.00,0.00,0,0,0.00,0.00,0,0
1508035558,total,342806.00,351890.00,694696.00,351890,342806,423.00,429.00,852.00,429,423,0.00,0.00,0,0
1508035559,s5,0.00,0.00,0.00,0,0,0.00,0.00,0.00,0,0,0.00,0.00,0,0
1508035559,s1,0.00,0.00,0.00,0,0,0.00,0.00,0.00,0,0,0.00,0.00,0,0
1508035559,eth0,0.00,0.00,0.00,0,0,0.00,0.00,0.00,0,0,0.00,0.00,0,0
1508035559,eth1,0.00,0.00,0.00,0,0,0.00,0.00,0.00,0,0,0.00,0.00,0,0
1508035559,s2,0.00,0.00,0.00,0,0,0.00,0.00,0.00,0,0,0.00,0.00,0,0
1508035559,s1-eth2,12674.00,252838.00,265512.00,252838,12674,161.00,167.00,328.00,167,161,0.00,0.00,0,0
1508035559,s1-eth1,249810.00,12332.00,262142.00,12332,249810,165.00,160.00,325.00,160,165,0.00,0.00,0,0
1508035559,s2-eth2,2812.00,86298.00,89110.00,86298,2812,38.00,57.00,95.00,57,38,0.00,0.00,0,0
1508035559,s2-eth1,86298.00,2812.00,89110.00,2812,86298,57.00,38.00,95.00,38,57,0.00,0.00,0,0
1508035559,lo,0.00,0.00,0.00,0,0,0.00,0.00,0.00,0,0,0.00,0.00,0,0
1508035559,s4,0.00,0.00,0.00,0,0,0.00,0.00,0.00,0,0,0.00,0.00,0,0
1508035559,total,351594.00,354280.00,705874.00,354280,351594,421.00,422.00,843.00,422,421,0.00,0.00,0,0
1508035560,s5,0.00,0.00,0.00,0,0,0.00,0.00,0.00,0,0,0.00,0.00,0,0
1508035560,s1,0.00,0.00,0.00,0,0,0.00,0.00,0.00,0,0,0.00,0.00,0,0
1508035560,eth0,0.00,0.00,0.00,0,0,0.00,0.00,0.00,0,0,0.00,0.00,0,0
1508035560,eth1,0.00,0.00,0.00,0,0,0.00,0.00,0.00,0,0,0.00,0.00,0,0
1508035560,s2,0.00,0.00,0.00,0,0,0.00,0.00,0.00,0,0,0.00,0.00,0,0
1508035560,s1-eth2,12156.00,267978.00,280134.00,267978,12156,156.00,177.00,333.00,177,156,0.00,0.00,0,0
1508035560,s1-eth1,249810.00,12250.00,262060.00,12250,249810,165.00,157.00,322.00,157,165,0.00,0.00,0,0
1508035560,s2-eth2,3404.00,107494.00,110898.00,107494,3404,46.00,71.00,117.00,71,46,0.00,0.00,0,0
1508035560,s2-eth1,109008.00,3404.00,112412.00,3404,109008,72.00,46.00,118.00,46,72,0.00,0.00,0,0
1508035560,lo,0.00,0.00,0.00,0,0,0.00,0.00,0.00,0,0,0.00,0.00,0,0
1508035560,s4,0.00,0.00,0.00,0,0,0.00,0.00,0.00,0,0,0.00,0.00,0,0
1508035560,total,374378.00,391126.00,765504.00,391126,374378,439.00,451.00,890.00,451,439,0.00,0.00,0,0
1508035561,s5,0.00,0.00,0.00,0,0,0.00,0.00,0.00,0,0,0.00,0.00,0,0
1508035561,s1,0.00,0.00,0.00,0,0,0.00,0.00,0.00,0,0,0.00,0.00,0,0
1508035561,eth0,0.00,0.00,0.00,0,0,0.00,0.00,0.00,0,0,0.00,0.00,0,0
1508035561,eth1,0.00,0.00,0.00,0,0,0.00,0.00,0.00,0,0,0.00,0.00,0,0
1508035561,s2,0.00,0.00,0.00,0,0,0.00,0.00,0.00,0,0,0.00,0.00,0,0
1508035561,s1-eth2,12156.00,260408.00,272564.00,260408,12156,158.00,172.00,330.00,172,158,0.00,0.00,0,0
1508035561,s1-eth1,249810.00,12062.00,261872.00,12062,249810,165.00,157.00,322.00,157,165,0.00,0.00,0,0
1508035561,s2-eth2,4036.00,90840.00,94876.00,90840,4036,50.00,60.00,110.00,60,50,0.00,0.00,0,0
1508035561,s2-eth1,87812.00,4036.00,91848.00,4036,87812,58.00,50.00,108.00,50,58,0.00,0.00,0,0
1508035561,lo,0.00,0.00,0.00,0,0,0.00,0.00,0.00,0,0,0.00,0.00,0,0
1508035561,s4,0.00,0.00,0.00,0,0,0.00,0.00,0.00,0,0,0.00,0.00,0,0
1508035561,total,353814.00,367346.00,721160.00,367346,353814,431.00,439.00,870.00,439,431,0.00,0.00,0,0
1508035562,s5,0.00,0.00,0.00,0,0,0.00,0.00,0.00,0,0,0.00,0.00,0,0
1508035562,s1,0.00,0.00,0.00,0,0,0.00,0.00,0.00,0,0,0.00,0.00,0,0
1508035562,eth0,0.00,0.00,0.00,0,0,0.00,0.00,0.00,0,0,0.00,0.00,0,0
1508035562,eth1,0.00,0.00,0.00,0,0,0.00,0.00,0.00,0,0,0.00,0.00,0,0
1508035562,s2,0.00,0.00,0.00,0,0,0.00,0.00,0.00,0,0,0.00,0.00,0,0
1508035562,s1-eth2,12496.00,260450.00,272946.00,260450,12496,162.00,173.00,335.00,173,162,0.00,0.00,0,0
1508035562,s1-eth1,250194.00,12496.00,262690.00,12496,250194,167.00,162.00,329.00,162,167,0.00,0.00,0,0
1508035562,s2-eth2,3146.00,60560.00,63706.00,60560,3146,39.00,40.00,79.00,40,39,0.00,0.00,0,0
1508035562,s2-eth1,57532.00,3146.00,60678.00,3146,57532,38.00,39.00,77.00,39,38,0.00,0.00,0,0
1508035562,lo,468.00,468.00,936.00,468,468,6.00,6.00,12.00,6,6,0.00,0.00,0,0
1508035562,s4,0.00,0.00,0.00,0,0,0.00,0.00,0.00,0,0,0.00,0.00,0,0
1508035562,total,323836.00,337120.00,660956.00,337120,323836,412.00,420.00,832.00,420,412,0.00,0.00,0,0
1508035563,s5,0.00,0.00,0.00,0,0,0.00,0.00,0.00,0,0,0.00,0.00,0,0
1508035563,s1,0.00,0.00,0.00,0,0,0.00,0.00,0.00,0,0,0.00,0.00,0,0
1508035563,eth0,0.00,0.00,0.00,0,0,0.00,0.00,0.00,0,0,0.00,0.00,0,0
1508035563,eth1,0.00,0.00,0.00,0,0,0.00,0.00,0.00,0,0,0.00,0.00,0,0
1508035563,s2,0.00,0.00,0.00,0,0,0.00,0.00,0.00,0,0,0.00,0.00,0,0
1508035563,s1-eth2,12188.00,261922.00,274110.00,261922,12188,160.00,173.00,333.00,173,160,0.00,0.00,0,0
1508035563,s1-eth1,249810.00,12188.00,261998.00,12188,249810,165.00,160.00,325.00,160,165,0.00,0.00,0,0
1508035563,s2-eth2,2230.00,54504.00,56734.00,54504,2230,29.00,36.00,65.00,36,29,0.00,0.00,0,0
1508035563,s2-eth1,48448.00,2230.00,50678.00,2230,48448,32.00,29.00,61.00,29,32,0.00,0.00,0,0
1508035563,lo,344.00,344.00,688.00,344,344,6.00,6.00,12.00,6,6,0.00,0.00,0,0
1508035563,s4,0.00,0.00,0.00,0,0,0.00,0.00,0.00,0,0,0.00,0.00,0,0
1508035563,total,313020.00,331188.00,644208.00,331188,313020,392.00,404.00,796.00,404,392,0.00,0.00,0,0
1508035564,s5,0.00,0.00,0.00,0,0,0.00,0.00,0.00,0,0,0.00,0.00,0,0
1508035564,s1,0.00,0.00,0.00,0,0,0.00,0.00,0.00,0,0,0.00,0.00,0,0
1508035564,eth0,0.00,0.00,0.00,0,0,0.00,0.00,0.00,0,0,0.00,0.00,0,0
1508035564,eth1,0.00,0.00,0.00,0,0,0.00,0.00,0.00,0,0,0.00,0.00,0,0
1508035564,s2,0.00,0.00,0.00,0,0,0.00,0.00,0.00,0,0,0.00,0.00,0,0
1508035564,s1-eth2,12728.00,254352.00,267080.00,254352,12728,164.00,168.00,332.00,168,164,0.00,0.00,0,0
1508035564,s1-eth1,249810.00,12728.00,262538.00,12728,249810,165.00,164.00,329.00,164,165,0.00,0.00,0,0
1508035564,s2-eth2,2368.00,60560.00,62928.00,60560,2368,32.00,40.00,72.00,40,32,0.00,0.00,0,0
1508035564,s2-eth1,63588.00,2368.00,65956.00,2368,63588,42.00,32.00,74.00,32,42,0.00,0.00,0,0
1508035564,lo,0.00,0.00,0.00,0,0,0.00,0.00,0.00,0,0,0.00,0.00,0,0
1508035564,s4,0.00,0.00,0.00,0,0,0.00,0.00,0.00,0,0,0.00,0.00,0,0
1508035564,total,328494.00,330008.00,658502.00,330008,328494,403.00,404.00,807.00,404,403,0.00,0.00,0,0
1508035565,s5,0.00,0.00,0.00,0,0,0.00,0.00,0.00,0,0,0.00,0.00,0,0
1508035565,s1,0.00,0.00,0.00,0,0,0.00,0.00,0.00,0,0,0.00,0.00,0,0
1508035565,eth0,455.54,734.27,1189.81,735,456,5.99,5.99,11.99,6,6,0.00,0.00,0,0
1508035565,eth1,0.00,0.00,0.00,0,0,0.00,0.00,0.00,0,0,0.00,0.00,0,0
1508035565,s2,0.00,0.00,0.00,0,0,0.00,0.00,0.00,0,0,0.00,0.00,0,0
1508035565,s1-eth2,12587.41,260147.86,272735.28,260408,12600,163.84,171.83,335.66,172,164,0.00,0.00,0,0
1508035565,s1-eth1,250012.00,12057.94,262069.94,12070,250262,166.83,160.84,327.67,161,167,0.00,0.00,0,0
1508035565,s2-eth2,3490.51,71086.91,74577.42,71158,3494,40.96,46.95,87.91,47,41,0.00,0.00,0,0
1508035565,s2-eth1,59438.56,2851.15,62289.71,2854,59498,40.96,36.96,77.92,37,41,0.00,0.00,0,0
1508035565,lo,1021.98,1021.98,2043.96,1023,1023,11.99,11.99,23.98,12,12,0.00,0.00,0,0
1508035565,s4,0.00,0.00,0.00,0,0,0.00,0.00,0.00,0,0,0.00,0.00,0,0
1508035565,total,327006.00,347900.09,674906.12,348248,327333,430.57,434.57,865.13,435,431,0.00,0.00,0,0
1508035566,s5,0.00,0.00,0.00,0,0,0.00,0.00,0.00,0,0,0.00,0.00,0,0
1508035566,s1,0.00,0.00,0.00,0,0,0.00,0.00,0.00,0,0,0.00,0.00,0,0
1508035566,eth0,304.00,490.00,794.00,490,304,4.00,4.00,8.00,4,4,0.00,0.00,0,0
1508035566,eth1,0.00,0.00,0.00,0,0,0.00,0.00,0.00,0,0,0.00,0.00,0,0
1508035566,s2,0.00,0.00,0.00,0,0,0.00,0.00,0.00,0,0,0.00,0.00,0,0
1508035566,s1-eth2,12868.00,252838.00,265706.00,252838,12868,166.00,167.00,333.00,167,166,0.00,0.00,0,0
1508035566,s1-eth1,249998.00,12508.00,262506.00,12508,249998,167.00,162.00,329.00,162,167,0.00,0.00,0,0
1508035566,s2-eth2,4277.00,69644.00,73921.00,69644,4277,50.00,46.00,96.00,46,50,0.00,0.00,0,0
1508035566,s2-eth1,78916.00,3278.00,82194.00,3278,78916,54.00,43.00,97.00,43,54,0.00,0.00,0,0
1508035566,lo,854.00,854.00,1708.00,854,854,11.00,11.00,22.00,11,11,0.00,0.00,0,0
1508035566,s4,0.00,0.00,0.00,0,0,0.00,0.00,0.00,0,0,0.00,0.00,0,0
1508035566,total,347217.00,339612.00,686829.00,339612,347217,452.00,433.00,885.00,433,452,0.00,0.00,0,0
1508035567,s5,0.00,0.00,0.00,0,0,0.00,0.00,0.00,0,0,0.00,0.00,0,0
1508035567,s1,0.00,0.00,0.00,0,0,0.00,0.00,0.00,0,0,0.00,0.00,0,0
1508035567,eth0,304.00,490.00,794.00,490,304,4.00,4.00,8.00,4,4,0.00,0.00,0,0
1508035567,eth1,0.00,0.00,0.00,0,0,0.00,0.00,0.00,0,0,0.00,0.00,0,0
1508035567,s2,0.00,0.00,0.00,0,0,0.00,0.00,0.00,0,0,0.00,0.00,0,0
1508035567,s1-eth2,13892.00,257380.00,271272.00,257380,13892,166.00,170.00,336.00,170,166,0.00,0.00,0,0
1508035567,s1-eth1,251044.00,12110.00,263154.00,12110,251044,172.00,159.00,331.00,159,172,0.00,0.00,0,0
1508035567,s2-eth2,4387.00,81798.00,86185.00,81798,4387,45.00,55.00,100.00,55,45,0.00,0.00,0,0
1508035567,s2-eth1,72634.00,2986.00,75620.00,2986,72634,57.00,39.00,96.00,39,57,0.00,0.00,0,0
1508035567,lo,854.00,854.00,1708.00,854,854,11.00,11.00,22.00,11,11,0.00,0.00,0,0
1508035567,s4,0.00,0.00,0.00,0,0,0.00,0.00,0.00,0,0,0.00,0.00,0,0
1508035567,total,343115.00,355618.00,698733.00,355618,343115,455.00,438.00,893.00,438,455,0.00,0.00,0,0
1508035568,s5,0.00,0.00,0.00,0,0,0.00,0.00,0.00,0,0,0.00,0.00,0,0
1508035568,s1,0.00,0.00,0.00,0,0,0.00,0.00,0.00,0,0,0.00,0.00,0,0
1508035568,eth0,152.00,245.00,397.00,245,152,2.00,2.00,4.00,2,2,0.00,0.00,0,0
1508035568,eth1,0.00,0.00,0.00,0,0,0.00,0.00,0.00,0,0,0.00,0.00,0,0
1508035568,s2,0.00,0.00,0.00,0,0,0.00,0.00,0.00,0,0,0.00,0.00,0,0
1508035568,s1-eth2,12965.00,252838.00,265803.00,252838,12965,163.00,167.00,330.00,167,163,0.00,0.00,0,0
1508035568,s1-eth1,249462.00,12270.00,261732.00,12270,249462,170.00,159.00,329.00,159,170,0.00,0.00,0,0
1508035568,s2-eth2,3003.00,75700.00,78703.00,75700,3003,37.00,50.00,87.00,50,37,0.00,0.00,0,0
1508035568,s2-eth1,85750.00,2750.00,88500.00,2750,85750,60.00,37.00,97.00,37,60,0.00,0.00,0,0
1508035568,lo,685.00,685.00,1370.00,685,685,10.00,10.00,20.00,10,10,0.00,0.00,0,0
1508035568,s4,0.00,0.00,0.00,0,0,0.00,0.00,0.00,0,0,0.00,0.00,0,0
1508035568,total,352017.00,344488.00,696505.00,344488,352017,442.00,425.00,867.00,425,442,0.00,0.00,0,0
1508035569,s5,0.00,0.00,0.00,0,0,0.00,0.00,0.00,0,0,0.00,0.00,0,0
1508035569,s1,0.00,0.00,0.00,0,0,0.00,0.00,0.00,0,0,0.00,0.00,0,0
1508035569,eth0,0.00,0.00,0.00,0,0,0.00,0.00,0.00,0,0,0.00,0.00,0,0
1508035569,eth1,0.00,0.00,0.00,0,0,0.00,0.00,0.00,0,0,0.00,0.00,0,0
1508035569,s2,0.00,0.00,0.00,0,0,0.00,0.00,0.00,0,0,0.00,0.00,0,0
1508035569,s1-eth2,12431.57,258635.38,271066.94,258894,12444,159.84,170.83,330.67,171,160,0.00,0.00,0,0
1508035569,s1-eth1,249887.12,12089.91,261977.03,12102,250137,165.83,158.84,324.68,159,166,0.00,0.00,0,0
1508035569,s2-eth2,2740.26,96799.20,99539.46,96896,2743,32.97,63.94,96.90,64,33,0.00,0.00,0,0
1508035569,s2-eth1,88392.61,2217.78,90610.39,2220,88481,59.94,29.97,89.91,30,60,0.00,0.00,0,0
1508035569,lo,0.00,0.00,0.00,0,0,0.00,0.00,0.00,0,0,0.00,0.00,0,0
1508035569,s4,0.00,0.00,0.00,0,0,0.00,0.00,0.00,0,0,0.00,0.00,0,0
1508035569,total,353451.56,369742.28,723193.81,370112,353805,418.58,423.58,842.16,424,419,0.00,0.00,0,0
1508035570,s5,0.00,0.00,0.00,0,0,0.00,0.00,0.00,0,0,0.00,0.00,0,0
1508035570,s1,0.00,0.00,0.00,0,0,0.00,0.00,0.00,0,0,0.00,0.00,0,0
1508035570,eth0,60.00,60.00,120.00,60,60,1.00,1.00,2.00,1,1,0.00,0.00,0,0
1508035570,eth1,0.00,0.00,0.00,0,0,0.00,0.00,0.00,0,0,0.00,0.00,0,0
1508035570,s2,0.00,0.00,0.00,0,0,0.00,0.00,0.00,0,0,0.00,0.00,0,0
1508035570,s1-eth2,13435.00,263436.00,276871.00,263436,13435,166.00,174.00,340.00,174,166,0.00,0.00,0,0
1508035570,s1-eth1,250184.00,12738.00,262922.00,12738,250184,167.00,163.00,330.00,163,167,0.00,0.00,0,0
1508035570,s2-eth2,4604.00,81756.00,86360.00,81756,4604,53.00,54.00,107.00,54,53,0.00,0.00,0,0
1508035570,s2-eth1,86672.00,3940.00,90612.00,3940,86672,59.00,50.00,109.00,50,59,0.00,0.00,0,0
1508035570,lo,0.00,0.00,0.00,0,0,0.00,0.00,0.00,0,0,0.00,0.00,0,0
1508035570,s4,0.00,0.00,0.00,0,0,0.00,0.00,0.00,0,0,0.00,0.00,0,0
1508035570,total,354955.00,361930.00,716885.00,361930,354955,446.00,442.00,888.00,442,446,0.00,0.00,0,0
1508035571,s5,0.00,0.00,0.00,0,0,0.00,0.00,0.00,0,0,0.00,0.00,0,0
1508035571,s1,0.00,0.00,0.00,0,0,0.00,0.00,0.00,0,0,0.00,0.00,0,0
1508035571,eth0,0.00,0.00,0.00,0,0,0.00,0.00,0.00,0,0,0.00,0.00,0,0
1508035571,eth1,0.00,0.00,0.00,0,0,0.00,0.00,0.00,0,0,0.00,0.00,0,0
1508035571,s2,0.00,0.00,0.00,0,0,0.00,0.00,0.00,0,0,0.00,0.00,0,0
1508035571,s1-eth2,12402.00,261922.00,274324.00,261922,12402,161.00,173.00,334.00,173,161,0.00,0.00,0,0
1508035571,s1-eth1,248693.00,12402.00,261095.00,12402,248693,166.00,161.00,327.00,161,166,0.00,0.00,0,0
1508035571,s2-eth2,2848.00,87812.00,90660.00,87812,2848,38.00,58.00,96.00,58,38,0.00,0.00,0,0
1508035571,s2-eth1,79125.00,2848.00,81973.00,2848,79125,54.00,38.00,92.00,38,54,0.00,0.00,0,0
1508035571,lo,172.00,172.00,344.00,172,172,3.00,3.00,6.00,3,3,0.00,0.00,0,0
1508035571,s4,0.00,0.00,0.00,0,0,0.00,0.00,0.00,0,0,0.00,0.00,0,0
1508035571,total,343240.00,365156.00,708396.00,365156,343240,422.00,433.00,855.00,433,422,0.00,0.00,0,0
1508035572,s5,0.00,0.00,0.00,0,0,0.00,0.00,0.00,0,0,0.00,0.00,0,0
1508035572,s1,0.00,0.00,0.00,0,0,0.00,0.00,0.00,0,0,0.00,0.00,0,0
1508035572,eth0,0.00,0.00,0.00,0,0,0.00,0.00,0.00,0,0,0.00,0.00,0,0
1508035572,eth1,0.00,0.00,0.00,0,0,0.00,0.00,0.00,0,0,0.00,0.00,0,0
1508035572,s2,0.00,0.00,0.00,0,0,0.00,0.00,0.00,0,0,0.00,0.00,0,0
1508035572,s1-eth2,12164.00,257380.00,269544.00,257380,12164,160.00,170.00,330.00,170,160,0.00,0.00,0,0
1508035572,s1-eth1,251324.00,12090.00,263414.00,12090,251324,166.00,159.00,325.00,159,166,0.00,0.00,0,0
1508035572,s2-eth2,2960.00,99924.00,102884.00,99924,2960,40.00,66.00,106.00,66,40,0.00,0.00,0,0
1508035572,s2-eth1,101438.00,2960.00,104398.00,2960,101438,67.00,40.00,107.00,40,67,0.00,0.00,0,0
1508035572,lo,172.00,172.00,344.00,172,172,3.00,3.00,6.00,3,3,0.00,0.00,0,0
1508035572,s4,0.00,0.00,0.00,0,0,0.00,0.00,0.00,0,0,0.00,0.00,0,0
1508035572,total,368058.00,372526.00,740584.00,372526,368058,436.00,438.00,874.00,438,436,0.00,0.00,0,0
1508035573,s5,0.00,0.00,0.00,0,0,0.00,0.00,0.00,0,0,0.00,0.00,0,0
1508035573,s1,0.00,0.00,0.00,0,0,0.00,0.00,0.00,0,0,0.00,0.00,0,0
1508035573,eth0,0.00,0.00,0.00,0,0,0.00,0.00,0.00,0,0,0.00,0.00,0,0
1508035573,eth1,0.00,0.00,0.00,0,0,0.00,0.00,0.00,0,0,0.00,0.00,0,0
1508035573,s2,0.00,0.00,0.00,0,0,0.00,0.00,0.00,0,0,0.00,0.00,0,0
1508035573,s1-eth2,12696.00,258894.00,271590.00,258894,12696,160.00,171.00,331.00,171,160,0.00,0.00,0,0
1508035573,s1-eth1,250152.00,12354.00,262506.00,12354,250152,166.00,159.00,325.00,159,166,0.00,0.00,0,0
1508035573,s2-eth2,4209.00,86298.00,90507.00,86298,4209,52.00,57.00,109.00,57,52,0.00,0.00,0,0
1508035573,s2-eth1,86640.00,4102.00,90742.00,4102,86640,58.00,51.00,109.00,51,58,0.00,0.00,0,0
1508035573,lo,344.00,344.00,688.00,344,344,6.00,6.00,12.00,6,6,0.00,0.00,0,0
1508035573,s4,0.00,0.00,0.00,0,0,0.00,0.00,0.00,0,0,0.00,0.00,0,0
1508035573,total,354041.00,361992.00,716033.00,361992,354041,442.00,444.00,886.00,444,442,0.00,0.00,0,0
1508035574,s5,0.00,0.00,0.00,0,0,0.00,0.00,0.00,0,0,0.00,0.00,0,0
1508035574,s1,0.00,0.00,0.00,0,0,0.00,0.00,0.00,0,0,0.00,0.00,0,0
1508035574,eth0,0.00,0.00,0.00,0,0,0.00,0.00,0.00,0,0,0.00,0.00,0,0
1508035574,eth1,0.00,0.00,0.00,0,0,0.00,0.00,0.00,0,0,0.00,0.00,0,0
1508035574,s2,0.00,0.00,0.00,0,0,0.00,0.00,0.00,0,0,0.00,0.00,0,0
1508035574,s1-eth2,11875.00,257380.00,269255.00,257380,11875,157.00,170.00,327.00,170,157,0.00,0.00,0,0
1508035574,s1-eth1,249917.00,11698.00,261615.00,11698,249917,166.00,155.00,321.00,155,166,0.00,0.00,0,0
1508035574,s2-eth2,3754.00,84784.00,88538.00,84784,3754,49.00,56.00,105.00,56,49,0.00,0.00,0,0
1508035574,s2-eth1,80349.00,3684.00,84033.00,3684,80349,54.00,48.00,102.00,48,54,0.00,0.00,0,0
1508035574,lo,0.00,0.00,0.00,0,0,0.00,0.00,0.00,0,0,0.00,0.00,0,0
1508035574,s4,0.00,0.00,0.00,0,0,0.00,0.00,0.00,0,0,0.00,0.00,0,0
1508035574,total,345895.00,357546.00,703441.00,357546,345895,426.00,429.00,855.00,429,426,0.00,0.00,0,0
1508035575,s5,0.00,0.00,0.00,0,0,0.00,0.00,0.00,0,0,0.00,0.00,0,0
1508035575,s1,0.00,0.00,0.00,0,0,0.00,0.00,0.00,0,0,0.00,0.00,0,0
1508035575,eth0,0.00,0.00,0.00,0,0,0.00,0.00,0.00,0,0,0.00,0.00,0,0
1508035575,eth1,0.00,0.00,0.00,0,0,0.00,0.00,0.00,0,0,0.00,0.00,0,0
1508035575,s2,0.00,0.00,0.00,0,0,0.00,0.00,0.00,0,0,0.00,0.00,0,0
1508035575,s1-eth2,12440.00,254352.00,266792.00,254352,12440,158.00,168.00,326.00,168,158,0.00,0.00,0,0
1508035575,s1-eth1,242240.00,12440.00,254680.00,12440,242240,160.00,158.00,318.00,158,160,0.00,0.00,0,0
1508035575,s2-eth2,3200.00,69644.00,72844.00,69644,3200,38.00,46.00,84.00,46,38,0.00,0.00,0,0
1508035575,s2-eth1,72742.00,2858.00,75600.00,2858,72742,49.00,37.00,86.00,37,49,0.00,0.00,0,0
1508035575,lo,0.00,0.00,0.00,0,0,0.00,0.00,0.00,0,0,0.00,0.00,0,0
1508035575,s4,0.00,0.00,0.00,0,0,0.00,0.00,0.00,0,0,0.00,0.00,0,0
1508035575,total,330622.00,339294.00,669916.00,339294,330622,405.00,409.00,814.00,409,405,0.00,0.00,0,0
1508035576,s5,0.00,0.00,0.00,0,0,0.00,0.00,0.00,0,0,0.00,0.00,0,0
1508035576,s1,0.00,0.00,0.00,0,0,0.00,0.00,0.00,0,0,0.00,0.00,0,0
1508035576,eth0,0.00,0.00,0.00,0,0,0.00,0.00,0.00,0,0,0.00,0.00,0,0
1508035576,eth1,0.00,0.00,0.00,0,0,0.00,0.00,0.00,0,0,0.00,0.00,0,0
1508035576,s2,0.00,0.00,0.00,0,0,0.00,0.00,0.00,0,0,0.00,0.00,0,0
1508035576,s1-eth2,12136.00,263436.00,275572.00,263436,12136,158.00,174.00,332.00,174,158,0.00,0.00,0,0
1508035576,s1-eth1,249810.00,12222.00,262032.00,12222,249810,165.00,159.00,324.00,159,165,0.00,0.00,0,0
1508035576,s2-eth2,2698.00,78728.00,81426.00,78728,2698,35.00,52.00,87.00,52,35,0.00,0.00,0,0
1508035576,s2-eth1,72672.00,2698.00,75370.00,2698,72672,48.00,35.00,83.00,35,48,0.00,0.00,0,0
1508035576,lo,172.00,172.00,344.00,172,172,3.00,3.00,6.00,3,3,0.00,0.00,0,0
1508035576,s4,0.00,0.00,0.00,0,0,0.00,0.00,0.00,0,0,0.00,0.00,0,0
1508035576,total,337488.00,357256.00,694744.00,357256,337488,409.00,423.00,832.00,423,409,0.00,0.00,0,0
1508035577,s5,0.00,0.00,0.00,0,0,0.00,0.00,0.00,0,0,0.00,0.00,0,0
1508035577,s1,0.00,0.00,0.00,0,0,0.00,0.00,0.00,0,0,0.00,0.00,0,0
1508035577,eth0,0.00,0.00,0.00,0,0,0.00,0.00,0.00,0,0,0.00,0.00,0,0
1508035577,eth1,0.00,0.00,0.00,0,0,0.00,0.00,0.00,0,0,0.00,0.00,0,0
1508035577,s2,0.00,0.00,0.00,0,0,0.00,0.00,0.00,0,0,0.00,0.00,0,0
1508035577,s1-eth2,12348.00,257380.00,269728.00,257380,12348,162.00,170.00,332.00,170,162,0.00,0.00,0,0
1508035577,s1-eth1,251324.00,12336.00,263660.00,12336,251324,166.00,162.00,328.00,162,166,0.00,0.00,0,0
1508035577,s2-eth2,3552.00,87812.00,91364.00,87812,3552,48.00,58.00,106.00,58,48,0.00,0.00,0,0
1508035577,s2-eth1,89326.00,3552.00,92878.00,3552,89326,59.00,48.00,107.00,48,59,0.00,0.00,0,0
1508035577,lo,172.00,172.00,344.00,172,172,3.00,3.00,6.00,3,3,0.00,0.00,0,0
1508035577,s4,0.00,0.00,0.00,0,0,0.00,0.00,0.00,0,0,0.00,0.00,0,0
1508035577,total,356722.00,361252.00,717974.00,361252,356722,438.00,441.00,879.00,441,438,0.00,0.00,0,0
1508035578,s5,0.00,0.00,0.00,0,0,0.00,0.00,0.00,0,0,0.00,0.00,0,0
1508035578,s1,0.00,0.00,0.00,0,0,0.00,0.00,0.00,0,0,0.00,0.00,0,0
1508035578,eth0,0.00,0.00,0.00,0,0,0.00,0.00,0.00,0,0,0.00,0.00,0,0
1508035578,eth1,0.00,0.00,0.00,0,0,0.00,0.00,0.00,0,0,0.00,0.00,0,0
1508035578,s2,0.00,0.00,0.00,0,0,0.00,0.00,0.00,0,0,0.00,0.00,0,0
1508035578,s1-eth2,12294.00,258894.00,271188.00,258894,12294,161.00,171.00,332.00,171,161,0.00,0.00,0,0
1508035578,s1-eth1,249810.00,12220.00,262030.00,12220,249810,165.00,160.00,325.00,160,165,0.00,0.00,0,0
1508035578,s2-eth2,3786.00,112036.00,115822.00,112036,3786,51.00,74.00,125.00,74,51,0.00,0.00,0,0
1508035578,s2-eth1,107494.00,3786.00,111280.00,3786,107494,71.00,51.00,122.00,51,71,0.00,0.00,0,0
1508035578,lo,344.00,344.00,688.00,344,344,6.00,6.00,12.00,6,6,0.00,0.00,0,0
1508035578,s4,0.00,0.00,0.00,0,0,0.00,0.00,0.00,0,0,0.00,0.00,0,0
1508035578,total,373728.00,387280.00,761008.00,387280,373728,454.00,462.00,916.00,462,454,0.00,0.00,0,0
1508035579,s5,0.00,0.00,0.00,0,0,0.00,0.00,0.00,0,0,0.00,0.00,0,0
1508035579,s1,0.00,0.00,0.00,0,0,0.00,0.00,0.00,0,0,0.00,0.00,0,0
1508035579,eth0,0.00,0.00,0.00,0,0,0.00,0.00,0.00,0,0,0.00,0.00,0,0
1508035579,eth1,0.00,0.00,0.00,0,0,0.00,0.00,0.00,0,0,0.00,0.00,0,0
1508035579,s2,0.00,0.00,0.00,0,0,0.00,0.00,0.00,0,0,0.00,0.00,0,0
1508035579,s1-eth2,12235.76,255610.39,267846.16,255866,12248,159.84,168.83,328.67,169,160,0.00,0.00,0,0
1508035579,s1-eth1,249902.11,12235.76,262137.88,12248,250152,165.83,159.84,325.67,160,166,0.00,0.00,0,0
1508035579,s2-eth2,4505.49,113436.57,117942.06,113550,4510,58.94,74.93,133.87,75,59,0.00,0.00,0,0
1508035579,s2-eth1,108899.10,4505.49,113404.60,4510,109008,71.93,58.94,130.87,59,72,0.00,0.00,0,0
1508035579,lo,0.00,0.00,0.00,0,0,0.00,0.00,0.00,0,0,0.00,0.00,0,0
1508035579,s4,0.00,0.00,0.00,0,0,0.00,0.00,0.00,0,0,0.00,0.00,0,0
1508035579,total,375542.47,385788.22,761330.69,386174,375918,456.54,462.54,919.08,463,457,0.00,0.00,0,0
1508035580,s5,0.00,0.00,0.00,0,0,0.00,0.00,0.00,0,0,0.00,0.00,0,0
1508035580,s1,0.00,0.00,0.00,0,0,0.00,0.00,0.00,0,0,0.00,0.00,0,0
1508035580,eth0,0.00,0.00,0.00,0,0,0.00,0.00,0.00,0,0,0.00,0.00,0,0
1508035580,eth1,0.00,0.00,0.00,0,0,0.00,0.00,0.00,0,0,0.00,0.00,0,0
1508035580,s2,0.00,0.00,0.00,0,0,0.00,0.00,0.00,0,0,0.00,0.00,0,0
1508035580,s1-eth2,11988.00,261922.00,273910.00,261922,11988,158.00,173.00,331.00,173,158,0.00,0.00,0,0
1508035580,s1-eth1,249810.00,11988.00,261798.00,11988,249810,165.00,158.00,323.00,158,165,0.00,0.00,0,0
1508035580,s2-eth2,3928.00,105980.00,109908.00,105980,3928,50.00,70.00,120.00,70,50,0.00,0.00,0,0
1508035580,s2-eth1,109350.00,3928.00,113278.00,3928,109350,73.00,50.00,123.00,50,73,0.00,0.00,0,0
1508035580,lo,0.00,0.00,0.00,0,0,0.00,0.00,0.00,0,0,0.00,0.00,0,0
1508035580,s4,0.00,0.00,0.00,0,0,0.00,0.00,0.00,0,0,0.00,0.00,0,0
1508035580,total,375076.00,383818.00,758894.00,383818,375076,446.00,451.00,897.00,451,446,0.00,0.00,0,0
1508035581,s5,0.00,0.00,0.00,0,0,0.00,0.00,0.00,0,0,0.00,0.00,0,0
1508035581,s1,0.00,0.00,0.00,0,0,0.00,0.00,0.00,0,0,0.00,0.00,0,0
1508035581,eth0,0.00,0.00,0.00,0,0,0.00,0.00,0.00,0,0,0.00,0.00,0,0
1508035581,eth1,0.00,0.00,0.00,0,0,0.00,0.00,0.00,0,0,0.00,0.00,0,0
1508035581,s2,0.00,0.00,0.00,0,0,0.00,0.00,0.00,0,0,0.00,0.00,0,0
1508035581,s1-eth2,12085.91,251072.94,263158.84,251324,12098,154.85,165.83,320.68,166,155,0.00,0.00,0,0
1508035581,s1-eth1,251072.94,12171.83,263244.75,12184,251324,165.83,155.84,321.68,156,166,0.00,0.00,0,0
1508035581,s2-eth2,4970.03,120999.01,125969.03,121120,4975,64.94,79.92,144.86,80,65,0.00,0.00,0,0
1508035581,s2-eth1,119486.52,4863.14,124349.66,4868,119606,78.92,63.94,142.86,64,79,0.00,0.00,0,0
1508035581,lo,171.83,171.83,343.66,172,172,3.00,3.00,5.99,3,3,0.00,0.00,0,0
1508035581,s4,0.00,0.00,0.00,0,0,0.00,0.00,0.00,0,0,0.00,0.00,0,0
1508035581,total,387787.22,389278.72,777065.94,389668,388175,467.53,468.53,936.06,469,468,0.00,0.00,0,0
1508035582,s5,0.00,0.00,0.00,0,0,0.00,0.00,0.00,0,0,0.00,0.00,0,0
1508035582,s1,0.00,0.00,0.00,0,0,0.00,0.00,0.00,0,0,0.00,0.00,0,0
1508035582,eth0,0.00,0.00,0.00,0,0,0.00,0.00,0.00,0,0,0.00,0.00,0,0
1508035582,eth1,0.00,0.00,0.00,0,0,0.00,0.00,0.00,0,0,0.00,0.00,0,0
1508035582,s2,0.00,0.00,0.00,0,0,0.00,0.00,0.00,0,0,0.00,0.00,0,0
1508035582,s1-eth2,8623.00,184708.00,193331.00,184708,8623,111.00,122.00,233.00,122,111,0.00,0.00,0,0
1508035582,s1-eth1,172703.00,8504.00,181207.00,8504,172703,115.00,110.00,225.00,110,115,0.00,0.00,0,0
1508035582,s2-eth2,4484.00,101438.00,105922.00,101438,4484,58.00,67.00,125.00,67,58,0.00,0.00,0,0
1508035582,s2-eth1,95489.00,4484.00,99973.00,4484,95489,64.00,58.00,122.00,58,64,0.00,0.00,0,0
1508035582,lo,172.00,172.00,344.00,172,172,3.00,3.00,6.00,3,3,0.00,0.00,0,0
1508035582,s4,0.00,0.00,0.00,0,0,0.00,0.00,0.00,0,0,0.00,0.00,0,0
1508035582,total,281471.00,299306.00,580777.00,299306,281471,351.00,360.00,711.00,360,351,0.00,0.00,0,0
1508035583,s5,0.00,0.00,0.00,0,0,0.00,0.00,0.00,0,0,0.00,0.00,0,0
1508035583,s1,0.00,0.00,0.00,0,0,0.00,0.00,0.00,0,0,0.00,0.00,0,0
1508035583,eth0,0.00,0.00,0.00,0,0,0.00,0.00,0.00,0,0,0.00,0.00,0,0
1508035583,eth1,0.00,0.00,0.00,0,0,0.00,0.00,0.00,0,0,0.00,0.00,0,0
1508035583,s2,0.00,0.00,0.00,0,0,0.00,0.00,0.00,0,0,0.00,0.00,0,0
1508035583,s1-eth2,12052.00,261922.00,273974.00,261922,12052,158.00,173.00,331.00,173,158,0.00,0.00,0,0
1508035583,s1-eth1,249810.00,11978.00,261788.00,11978,249810,165.00,157.00,322.00,157,165,0.00,0.00,0,0
1508035583,s2-eth2,3434.00,84784.00,88218.00,84784,3434,41.00,56.00,97.00,56,41,0.00,0.00,0,0
1508035583,s2-eth1,89326.00,3092.00,92418.00,3092,89326,59.00,40.00,99.00,40,59,0.00,0.00,0,0
1508035583,lo,344.00,344.00,688.00,344,344,6.00,6.00,12.00,6,6,0.00,0.00,0,0
1508035583,s4,0.00,0.00,0.00,0,0,0.00,0.00,0.00,0,0,0.00,0.00,0,0
1508035583,total,354966.00,362120.00,717086.00,362120,354966,429.00,432.00,861.00,432,429,0.00,0.00,0,0
1508035584,s5,0.00,0.00,0.00,0,0,0.00,0.00,0.00,0,0,0.00,0.00,0,0
1508035584,s1,0.00,0.00,0.00,0,0,0.00,0.00,0.00,0,0,0.00,0.00,0,0
1508035584,eth0,0.00,0.00,0.00,0,0,0.00,0.00,0.00,0,0,0.00,0.00,0,0
1508035584,eth1,0.00,0.00,0.00,0,0,0.00,0.00,0.00,0,0,0.00,0.00,0,0
1508035584,s2,0.00,0.00,0.00,0,0,0.00,0.00,0.00,0,0,0.00,0.00,0,0
1508035584,s1-eth2,12374.00,263436.00,275810.00,263436,12374,161.00,174.00,335.00,174,161,0.00,0.00,0,0
1508035584,s1-eth1,248296.00,12374.00,260670.00,12374,248296,164.00,161.00,325.00,161,164,0.00,0.00,0,0
1508035584,s2-eth2,2368.00,99924.00,102292.00,99924,2368,32.00,66.00,98.00,66,32,0.00,0.00,0,0
1508035584,s2-eth1,92354.00,2368.00,94722.00,2368,92354,61.00,32.00,93.00,32,61,0.00,0.00,0,0
1508035584,lo,0.00,0.00,0.00,0,0,0.00,0.00,0.00,0,0,0.00,0.00,0,0
1508035584,s4,0.00,0.00,0.00,0,0,0.00,0.00,0.00,0,0,0.00,0.00,0,0
1508035584,total,355392.00,378102.00,733494.00,378102,355392,418.00,433.00,851.00,433,418,0.00,0.00,0,0
1508035585,s5,0.00,0.00,0.00,0,0,0.00,0.00,0.00,0,0,0.00,0.00,0,0
1508035585,s1,0.00,0.00,0.00,0,0,0.00,0.00,0.00,0,0,0.00,0.00,0,0
1508035585,eth0,0.00,0.00,0.00,0,0,0.00,0.00,0.00,0,0,0.00,0.00,0,0
1508035585,eth1,0.00,0.00,0.00,0,0,0.00,0.00,0.00,0,0,0.00,0.00,0,0
1508035585,s2,0.00,0.00,0.00,0,0,0.00,0.00,0.00,0,0,0.00,0.00,0,0
1508035585,s1-eth2,12480.00,254352.00,266832.00,254352,12480,162.00,168.00,330.00,168,162,0.00,0.00,0,0
1508035585,s1-eth1,249810.00,12480.00,262290.00,12480,249810,165.00,162.00,327.00,162,165,0.00,0.00,0,0
1508035585,s2-eth2,3650.00,104466.00,108116.00,104466,3650,49.00,69.00,118.00,69,49,0.00,0.00,0,0
1508035585,s2-eth1,110522.00,3650.00,114172.00,3650,110522,73.00,49.00,122.00,49,73,0.00,0.00,0,0
1508035585,lo,0.00,0.00,0.00,0,0,0.00,0.00,0.00,0,0,0.00,0.00,0,0
1508035585,s4,0.00,0.00,0.00,0,0,0.00,0.00,0.00,0,0,0.00,0.00,0,0
1508035585,total,376462.00,374948.00,751410.00,374948,376462,449.00,448.00,897.00,448,449,0.00,0.00,0,0
1508035586,s5,0.00,0.00,0.00,0,0,0.00,0.00,0.00,0,0,0.00,0.00,0,0
1508035586,s1,0.00,0.00,0.00,0,0,0.00,0.00,0.00,0,0,0.00,0.00,0,0
1508035586,eth0,0.00,0.00,0.00,0,0,0.00,0.00,0.00,0,0,0.00,0.00,0,0
1508035586,eth1,0.00,0.00,0.00,0,0,0.00,0.00,0.00,0,0,0.00,0.00,0,0
1508035586,s2,0.00,0.00,0.00,0,0,0.00,0.00,0.00,0,0,0.00,0.00,0,0
1508035586,s1-eth2,12156.00,264950.00,277106.00,264950,12156,162.00,175.00,337.00,175,162,0.00,0.00,0,0
1508035586,s1-eth1,250152.00,12156.00,262308.00,12156,250152,166.00,162.00,328.00,162,166,0.00,0.00,0,0
1508035586,s2-eth2,4838.00,98410.00,103248.00,98410,4838,61.00,65.00,126.00,65,61,0.00,0.00,0,0
1508035586,s2-eth1,87812.00,4838.00,92650.00,4838,87812,58.00,61.00,119.00,61,58,0.00,0.00,0,0
1508035586,lo,172.00,172.00,344.00,172,172,3.00,3.00,6.00,3,3,0.00,0.00,0,0
1508035586,s4,0.00,0.00,0.00,0,0,0.00,0.00,0.00,0,0,0.00,0.00,0,0
1508035586,total,355130.00,380526.00,735656.00,380526,355130,450.00,466.00,916.00,466,450,0.00,0.00,0,0
1508035587,s5,0.00,0.00,0.00,0,0,0.00,0.00,0.00,0,0,0.00,0.00,0,0
1508035587,s1,0.00,0.00,0.00,0,0,0.00,0.00,0.00,0,0,0.00,0.00,0,0
1508035587,eth0,0.00,0.00,0.00,0,0,0.00,0.00,0.00,0,0,0.00,0.00,0,0
1508035587,eth1,0.00,0.00,0.00,0,0,0.00,0.00,0.00,0,0,0.00,0.00,0,0
1508035587,s2,0.00,0.00,0.00,0,0,0.00,0.00,0.00,0,0,0.00,0.00,0,0
1508035587,s1-eth2,12416.00,248296.00,260712.00,248296,12416,158.00,164.00,322.00,164,158,0.00,0.00,0,0
1508035587,s1-eth1,249810.00,12148.00,261958.00,12148,249810,165.00,158.00,323.00,158,165,0.00,0.00,0,0
1508035587,s2-eth2,3620.00,68130.00,71750.00,68130,3620,46.00,45.00,91.00,45,46,0.00,0.00,0,0
1508035587,s2-eth1,78728.00,3620.00,82348.00,3620,78728,52.00,46.00,98.00,46,52,0.00,0.00,0,0
1508035587,lo,172.00,172.00,344.00,172,172,3.00,3.00,6.00,3,3,0.00,0.00,0,0
1508035587,s4,0.00,0.00,0.00,0,0,0.00,0.00,0.00,0,0,0.00,0.00,0,0
1508035587,total,344746.00,332366.00,677112.00,332366,344746,424.00,416.00,840.00,416,424,0.00,0.00,0,0
1508035588,s5,0.00,0.00,0.00,0,0,0.00,0.00,0.00,0,0,0.00,0.00,0,0
1508035588,s1,0.00,0.00,0.00,0,0,0.00,0.00,0.00,0,0,0.00,0.00,0,0
1508035588,eth0,0.00,0.00,0.00,0,0,0.00,0.00,0.00,0,0,0.00,0.00,0,0
1508035588,eth1,0.00,0.00,0.00,0,0,0.00,0.00,0.00,0,0,0.00,0.00,0,0
1508035588,s2,0.00,0.00,0.00,0,0,0.00,0.00,0.00,0,0,0.00,0.00,0,0
1508035588,s1-eth2,12288.00,243754.00,256042.00,243754,12288,158.00,161.00,319.00,161,158,0.00,0.00,0,0
1508035588,s1-eth1,239212.00,12214.00,251426.00,12214,239212,158.00,157.00,315.00,157,158,0.00,0.00,0,0
1508035588,s2-eth2,4144.00,96896.00,101040.00,96896,4144,56.00,64.00,120.00,64,56,0.00,0.00,0,0
1508035588,s2-eth1,81756.00,4144.00,85900.00,4144,81756,54.00,56.00,110.00,56,54,0.00,0.00,0,0
1508035588,lo,344.00,344.00,688.00,344,344,6.00,6.00,12.00,6,6,0.00,0.00,0,0
1508035588,s4,0.00,0.00,0.00,0,0,0.00,0.00,0.00,0,0,0.00,0.00,0,0
1508035588,total,337744.00,357352.00,695096.00,357352,337744,432.00,444.00,876.00,444,432,0.00,0.00,0,0
1508035589,s5,0.00,0.00,0.00,0,0,0.00,0.00,0.00,0,0,0.00,0.00,0,0
1508035589,s1,0.00,0.00,0.00,0,0,0.00,0.00,0.00,0,0,0.00,0.00,0,0
1508035589,eth0,0.00,0.00,0.00,0,0,0.00,0.00,0.00,0,0,0.00,0.00,0,0
1508035589,eth1,0.00,0.00,0.00,0,0,0.00,0.00,0.00,0,0,0.00,0.00,0,0
1508035589,s2,0.00,0.00,0.00,0,0,0.00,0.00,0.00,0,0,0.00,0.00,0,0
1508035589,s1-eth2,4474.00,90338.00,94812.00,90338,4474,59.00,63.00,122.00,63,59,0.00,0.00,0,0
1508035589,s1-eth1,90338.00,4474.00,94812.00,4474,90338,63.00,59.00,122.00,59,63,0.00,0.00,0,0
1508035589,s2-eth2,1732.00,36484.00,38216.00,36484,1732,22.00,26.00,48.00,26,22,0.00,0.00,0,0
1508035589,s2-eth1,48596.00,1732.00,50328.00,1732,48596,34.00,22.00,56.00,22,34,0.00,0.00,0,0
1508035589,lo,0.00,0.00,0.00,0,0,0.00,0.00,0.00,0,0,0.00,0.00,0,0
1508035589,s4,0.00,0.00,0.00,0,0,0.00,0.00,0.00,0,0,0.00,0.00,0,0
1508035589,total,145140.00,133028.00,278168.00,133028,145140,178.00,170.00,348.00,170,178,0.00,0.00,0,0
1508035590,s5,0.00,0.00,0.00,0,0,0.00,0.00,0.00,0,0,0.00,0.00,0,0
1508035590,s1,0.00,0.00,0.00,0,0,0.00,0.00,0.00,0,0,0.00,0.00,0,0
1508035590,eth0,0.00,0.00,0.00,0,0,0.00,0.00,0.00,0,0,0.00,0.00,0,0
1508035590,eth1,0.00,0.00,0.00,0,0,0.00,0.00,0.00,0,0,0.00,0.00,0,0
1508035590,s2,0.00,0.00,0.00,0,0,0.00,0.00,0.00,0,0,0.00,0.00,0,0
1508035590,s1-eth2,0.00,0.00,0.00,0,0,0.00,0.00,0.00,0,0,0.00,0.00,0,0
1508035590,s1-eth1,0.00,0.00,0.00,0,0,0.00,0.00,0.00,0,0,0.00,0.00,0,0
1508035590,s2-eth2,0.00,0.00,0.00,0,0,0.00,0.00,0.00,0,0,0.00,0.00,0,0
1508035590,s2-eth1,342.00,0.00,342.00,0,342,1.00,0.00,1.00,0,1,0.00,0.00,0,0
1508035590,lo,0.00,0.00,0.00,0,0,0.00,0.00,0.00,0,0,0.00,0.00,0,0
1508035590,s4,0.00,0.00,0.00,0,0,0.00,0.00,0.00,0,0,0.00,0.00,0,0
1508035590,total,342.00,0.00,342.00,0,342,1.00,0.00,1.00,0,1,0.00,0.00,0,0
1508035591,s5,0.00,0.00,0.00,0,0,0.00,0.00,0.00,0,0,0.00,0.00,0,0
1508035591,s1,0.00,0.00,0.00,0,0,0.00,0.00,0.00,0,0,0.00,0.00,0,0
1508035591,eth0,0.00,0.00,0.00,0,0,0.00,0.00,0.00,0,0,0.00,0.00,0,0
1508035591,eth1,0.00,0.00,0.00,0,0,0.00,0.00,0.00,0,0,0.00,0.00,0,0
1508035591,s2,0.00,0.00,0.00,0,0,0.00,0.00,0.00,0,0,0.00,0.00,0,0
1508035591,s1-eth2,0.00,0.00,0.00,0,0,0.00,0.00,0.00,0,0,0.00,0.00,0,0
1508035591,s1-eth1,0.00,0.00,0.00,0,0,0.00,0.00,0.00,0,0,0.00,0.00,0,0
1508035591,s2-eth2,0.00,0.00,0.00,0,0,0.00,0.00,0.00,0,0,0.00,0.00,0,0
1508035591,s2-eth1,0.00,0.00,0.00,0,0,0.00,0.00,0.00,0,0,0.00,0.00,0,0
1508035591,lo,172.00,172.00,344.00,172,172,3.00,3.00,6.00,3,3,0.00,0.00,0,0
1508035591,s4,0.00,0.00,0.00,0,0,0.00,0.00,0.00,0,0,0.00,0.00,0,0
1508035591,total,172.00,172.00,344.00,172,172,3.00,3.00,6.00,3,3,0.00,0.00,0,0
1508035592,s5,0.00,0.00,0.00,0,0,0.00,0.00,0.00,0,0,0.00,0.00,0,0
1508035592,s1,0.00,0.00,0.00,0,0,0.00,0.00,0.00,0,0,0.00,0.00,0,0
1508035592,eth0,0.00,0.00,0.00,0,0,0.00,0.00,0.00,0,0,0.00,0.00,0,0
1508035592,eth1,0.00,0.00,0.00,0,0,0.00,0.00,0.00,0,0,0.00,0.00,0,0
1508035592,s2,0.00,0.00,0.00,0,0,0.00,0.00,0.00,0,0,0.00,0.00,0,0
1508035592,s1-eth2,0.00,0.00,0.00,0,0,0.00,0.00,0.00,0,0,0.00,0.00,0,0
1508035592,s1-eth1,0.00,0.00,0.00,0,0,0.00,0.00,0.00,0,0,0.00,0.00,0,0
1508035592,s2-eth2,0.00,0.00,0.00,0,0,0.00,0.00,0.00,0,0,0.00,0.00,0,0
1508035592,s2-eth1,0.00,0.00,0.00,0,0,0.00,0.00,0.00,0,0,0.00,0.00,0,0
1508035592,lo,172.00,172.00,344.00,172,172,3.00,3.00,6.00,3,3,0.00,0.00,0,0
1508035592,s4,0.00,0.00,0.00,0,0,0.00,0.00,0.00,0,0,0.00,0.00,0,0
1508035592,total,172.00,172.00,344.00,172,172,3.00,3.00,6.00,3,3,0.00,0.00,0,0
1508035593,s5,0.00,0.00,0.00,0,0,0.00,0.00,0.00,0,0,0.00,0.00,0,0
1508035593,s1,0.00,0.00,0.00,0,0,0.00,0.00,0.00,0,0,0.00,0.00,0,0
1508035593,eth0,0.00,0.00,0.00,0,0,0.00,0.00,0.00,0,0,0.00,0.00,0,0
1508035593,eth1,0.00,0.00,0.00,0,0,0.00,0.00,0.00,0,0,0.00,0.00,0,0
1508035593,s2,0.00,0.00,0.00,0,0,0.00,0.00,0.00,0,0,0.00,0.00,0,0
1508035593,s1-eth2,0.00,0.00,0.00,0,0,0.00,0.00,0.00,0,0,0.00,0.00,0,0
1508035593,s1-eth1,0.00,0.00,0.00,0,0,0.00,0.00,0.00,0,0,0.00,0.00,0,0
1508035593,s2-eth2,0.00,0.00,0.00,0,0,0.00,0.00,0.00,0,0,0.00,0.00,0,0
1508035593,s2-eth1,0.00,0.00,0.00,0,0,0.00,0.00,0.00,0,0,0.00,0.00,0,0
1508035593,lo,344.00,344.00,688.00,344,344,6.00,6.00,12.00,6,6,0.00,0.00,0,0
1508035593,s4,0.00,0.00,0.00,0,0,0.00,0.00,0.00,0,0,0.00,0.00,0,0
1508035593,total,344.00,344.00,688.00,344,344,6.00,6.00,12.00,6,6,0.00,0.00,0,0
1508035594,s5,0.00,0.00,0.00,0,0,0.00,0.00,0.00,0,0,0.00,0.00,0,0
1508035594,s1,0.00,0.00,0.00,0,0,0.00,0.00,0.00,0,0,0.00,0.00,0,0
1508035594,eth0,0.00,0.00,0.00,0,0,0.00,0.00,0.00,0,0,0.00,0.00,0,0
1508035594,eth1,0.00,0.00,0.00,0,0,0.00,0.00,0.00,0,0,0.00,0.00,0,0
1508035594,s2,0.00,0.00,0.00,0,0,0.00,0.00,0.00,0,0,0.00,0.00,0,0
1508035594,s1-eth2,0.00,0.00,0.00,0,0,0.00,0.00,0.00,0,0,0.00,0.00,0,0
1508035594,s1-eth1,0.00,0.00,0.00,0,0,0.00,0.00,0.00,0,0,0.00,0.00,0,0
1508035594,s2-eth2,0.00,0.00,0.00,0,0,0.00,0.00,0.00,0,0,0.00,0.00,0,0
1508035594,s2-eth1,0.00,0.00,0.00,0,0,0.00,0.00,0.00,0,0,0.00,0.00,0,0
1508035594,lo,0.00,0.00,0.00,0,0,0.00,0.00,0.00,0,0,0.00,0.00,0,0
1508035594,s4,0.00,0.00,0.00,0,0,0.00,0.00,0.00,0,0,0.00,0.00,0,0
1508035594,total,0.00,0.00,0.00,0,0,0.00,0.00,0.00,0,0,0.00,0.00,0,0
1508035595,s5,0.00,0.00,0.00,0,0,0.00,0.00,0.00,0,0,0.00,0.00,0,0
1508035595,s1,0.00,0.00,0.00,0,0,0.00,0.00,0.00,0,0,0.00,0.00,0,0
1508035595,eth0,0.00,0.00,0.00,0,0,0.00,0.00,0.00,0,0,0.00,0.00,0,0
1508035595,eth1,0.00,0.00,0.00,0,0,0.00,0.00,0.00,0,0,0.00,0.00,0,0
1508035595,s2,0.00,0.00,0.00,0,0,0.00,0.00,0.00,0,0,0.00,0.00,0,0
1508035595,s1-eth2,0.00,0.00,0.00,0,0,0.00,0.00,0.00,0,0,0.00,0.00,0,0
1508035595,s1-eth1,341.66,0.00,341.66,0,342,1.00,0.00,1.00,0,1,0.00,0.00,0,0
1508035595,s2-eth2,0.00,0.00,0.00,0,0,0.00,0.00,0.00,0,0,0.00,0.00,0,0
1508035595,s2-eth1,0.00,0.00,0.00,0,0,0.00,0.00,0.00,0,0,0.00,0.00,0,0
1508035595,lo,0.00,0.00,0.00,0,0,0.00,0.00,0.00,0,0,0.00,0.00,0,0
1508035595,s4,0.00,0.00,0.00,0,0,0.00,0.00,0.00,0,0,0.00,0.00,0,0
1508035595,total,341.66,0.00,341.66,0,342,1.00,0.00,1.00,0,1,0.00,0.00,0,0
1508035596,s5,0.00,0.00,0.00,0,0,0.00,0.00,0.00,0,0,0.00,0.00,0,0
1508035596,s1,0.00,0.00,0.00,0,0,0.00,0.00,0.00,0,0,0.00,0.00,0,0
1508035596,eth0,0.00,0.00,0.00,0,0,0.00,