1508035815,s5,0.00,0.00,0.00,0,0,0.00,0.00,0.00,0,0,0.00,0.00,0,0
1508035815,s1,0.00,0.00,0.00,0,0,0.00,0.00,0.00,0,0,0.00,0.00,0,0
1508035815,eth0,0.00,0.00,0.00,0,0,0.00,0.00,0.00,0,0,0.00,0.00,0,0
1508035815,eth1,0.00,0.00,0.00,0,0,0.00,0.00,0.00,0,0,0.00,0.00,0,0
1508035815,s1-eth2,0.00,0.00,0.00,0,0,0.00,0.00,0.00,0,0,0.00,0.00,0,0
1508035815,s1-eth1,0.00,0.00,0.00,0,0,0.00,0.00,0.00,0,0,0.00,0.00,0,0
1508035815,lo,0.00,0.00,0.00,0,0,0.00,0.00,0.00,0,0,0.00,0.00,0,0
1508035815,s4,0.00,0.00,0.00,0,0,0.00,0.00,0.00,0,0,0.00,0.00,0,0
1508035815,total,0.00,0.00,0.00,0,0,0.00,0.00,0.00,0,0,0.00,0.00,0,0
1508035816,s5,0.00,0.00,0.00,0,0,0.00,0.00,0.00,0,0,0.00,0.00,0,0
1508035816,s1,90.00,90.00,180.00,90,90,1.00,1.00,2.00,1,1,0.00,0.00,0,0
1508035816,eth0,152.00,245.00,397.00,245,152,2.00,2.00,4.00,2,2,0.00,0.00,0,0
1508035816,eth1,0.00,0.00,0.00,0,0,0.00,0.00,0.00,0,0,0.00,0.00,0,0
1508035816,s1-eth2,7455.00,237884.00,245339.00,237884,7455,98.00,94.00,192.00,94,98,0.00,0.00,0,0
1508035816,s1-eth1,244795.00,6810.00,251605.00,6810,244795,100.00,95.00,195.00,95,100,0.00,0.00,0,0
1508035816,lo,917.00,917.00,1834.00,917,917,10.00,10.00,20.00,10,10,0.00,0.00,0,0
1508035816,s4,0.00,0.00,0.00,0,0,0.00,0.00,0.00,0,0,0.00,0.00,0,0
1508035816,total,253409.00,245946.00,499355.00,245946,253409,211.00,202.00,413.00,202,211,0.00,0.00,0,0
1508035817,s5,0.00,0.00,0.00,0,0,0.00,0.00,0.00,0,0,0.00,0.00,0,0
1508035817,s1,0.00,0.00,0.00,0,0,0.00,0.00,0.00,0,0,0.00,0.00,0,0
1508035817,eth0,0.00,0.00,0.00,0,0,0.00,0.00,0.00,0,0,0.00,0.00,0,0
1508035817,eth1,0.00,0.00,0.00,0,0,0.00,0.00,0.00,0,0,0.00,0.00,0,0
1508035817,s1-eth2,6966.00,225182.00,232148.00,225182,6966,97.00,99.00,196.00,99,97,0.00,0.00,0,0
1508035817,s1-eth1,247537.00,6900.00,254437.00,6900,247537,108.00,96.00,204.00,96,108,0.00,0.00,0,0
1508035817,lo,0.00,0.00,0.00,0,0,0.00,0.00,0.00,0,0,0.00,0.00,0,0
1508035817,s4,0.00,0.00,0.00,0,0,0.00,0.00,0.00,0,0,0.00,0.00,0,0
1508035817,total,254503.00,232082.00,486585.00,232082,254503,205.00,195.00,400.00,195,205,0.00,0.00,0,0
1508035818,s5,0.00,0.00,0.00,0,0,0.00,0.00,0.00,0,0,0.00,0.00,0,0
1508035818,s1,0.00,0.00,0.00,0,0,0.00,0.00,0.00,0,0,0.00,0.00,0,0
1508035818,eth0,0.00,0.00,0.00,0,0,0.00,0.00,0.00,0,0,0.00,0.00,0,0
1508035818,eth1,0.00,0.00,0.00,0,0,0.00,0.00,0.00,0,0,0.00,0.00,0,0
1508035818,s1-eth2,6815.00,243808.00,250623.00,243808,6815,92.00,96.00,188.00,96,92,0.00,0.00,0,0
1508035818,s1-eth1,242892.00,6114.00,249006.00,6114,242892,97.00,89.00,186.00,89,97,0.00,0.00,0,0
1508035818,lo,448.00,448.00,896.00,448,448,8.00,8.00,16.00,8,8,0.00,0.00,0,0
1508035818,s4,0.00,0.00,0.00,0,0,0.00,0.00,0.00,0,0,0.00,0.00,0,0
1508035818,total,250155.00,250370.00,500525.00,250370,250155,197.00,193.00,390.00,193,197,0.00,0.00,0,0
1508035819,s5,0.00,0.00,0.00,0,0,0.00,0.00,0.00,0,0,0.00,0.00,0,0
1508035819,s1,69.93,139.86,209.79,140,70,1.00,2.00,3.00,2,1,0.00,0.00,0,0
1508035819,eth0,0.00,0.00,0.00,0,0,0.00,0.00,0.00,0,0,0.00,0.00,0,0
1508035819,eth1,0.00,0.00,0.00,0,0,0.00,0.00,0.00,0,0,0.00,0.00,0,0
1508035819,s1-eth2,5682.32,251588.42,257270.73,251840,5688,85.91,85.91,171.83,86,86,0.00,0.00,0,0
1508035819,s1-eth1,247318.69,5542.46,252861.14,5548,247566,86.91,83.92,170.83,84,87,0.00,0.00,0,0
1508035819,lo,803.20,803.20,1606.39,804,804,8.99,8.99,17.98,9,9,0.00,0.00,0,0
1508035819,s4,0.00,0.00,0.00,0,0,0.00,0.00,0.00,0,0,0.00,0.00,0,0
1508035819,total,253874.12,258073.94,511948.06,258332,254128,182.82,180.82,363.64,181,183,0.00,0.00,0,0
1508035820,s5,0.00,0.00,0.00,0,0,0.00,0.00,0.00,0,0,0.00,0.00,0,0
1508035820,s1,0.00,0.00,0.00,0,0,0.00,0.00,0.00,0,0,0.00,0.00,0,0
1508035820,eth0,0.00,0.00,0.00,0,0,0.00,0.00,0.00,0,0,0.00,0.00,0,0
1508035820,eth1,0.00,0.00,0.00,0,0,0.00,0.00,0.00,0,0,0.00,0.00,0,0
1508035820,s1-eth2,5280.00,248808.00,254088.00,248808,5280,80.00,84.00,164.00,84,80,0.00,0.00,0,0
1508035820,s1-eth1,242884.00,5280.00,248164.00,5280,242884,82.00,80.00,162.00,80,82,0.00,0.00,0,0
1508035820,lo,0.00,0.00,0.00,0,0,0.00,0.00,0.00,0,0,0.00,0.00,0,0
1508035820,s4,0.00,0.00,0.00,0,0,0.00,0.00,0.00,0,0,0.00,0.00,0,0
1508035820,total,248164.00,254088.00,502252.00,254088,248164,162.00,164.00,326.00,164,162,0.00,0.00,0,0
1508035821,s5,0.00,0.00,0.00,0,0,0.00,0.00,0.00,0,0,0.00,0.00,0,0
1508035821,s1,0.00,0.00,0.00,0,0,0.00,0.00,0.00,0,0,0.00,0.00,0,0
1508035821,eth0,0.00,0.00,0.00,0,0,0.00,0.00,0.00,0,0,0.00,0.00,0,0
1508035821,eth1,0.00,0.00,0.00,0,0,0.00,0.00,0.00,0,0,0.00,0.00,0,0
1508035821,s1-eth2,5280.00,248808.00,254088.00,248808,5280,80.00,84.00,164.00,84,80,0.00,0.00,0,0
1508035821,s1-eth1,245953.00,5280.00,251233.00,5280,245953,84.00,80.00,164.00,80,84,0.00,0.00,0,0
1508035821,lo,0.00,0.00,0.00,0,0,0.00,0.00,0.00,0,0,0.00,0.00,0,0
1508035821,s4,0.00,0.00,0.00,0,0,0.00,0.00,0.00,0,0,0.00,0.00,0,0
1508035821,total,251233.00,254088.00,505321.00,254088,251233,164.00,164.00,328.00,164,164,0.00,0.00,0,0
1508035822,s5,0.00,0.00,0.00,0,0,0.00,0.00,0.00,0,0,0.00,0.00,0,0
1508035822,s1,0.00,0.00,0.00,0,0,0.00,0.00,0.00,0,0,0.00,0.00,0,0
1508035822,eth0,0.00,0.00,0.00,0,0,0.00,0.00,0.00,0,0,0.00,0.00,0,0
1508035822,eth1,0.00,0.00,0.00,0,0,0.00,0.00,0.00,0,0,0.00,0.00,0,0
1508035822,s1-eth2,5783.00,246110.00,251893.00,246110,5783,85.00,87.00,172.00,87,85,0.00,0.00,0,0
1508035822,s1-eth1,243152.00,5676.00,248828.00,5676,243152,86.00,84.00,170.00,84,86,0.00,0.00,0,0
1508035822,lo,0.00,0.00,0.00,0,0,0.00,0.00,0.00,0,0,0.00,0.00,0,0
1508035822,s4,0.00,0.00,0.00,0,0,0.00,0.00,0.00,0,0,0.00,0.00,0,0
1508035822,total,248935.00,251786.00,500721.00,251786,248935,171.00,171.00,342.00,171,171,0.00,0.00,0,0
1508035823,s5,0.00,0.00,0.00,0,0,0.00,0.00,0.00,0,0,0.00,0.00,0,0
1508035823,s1,70.00,140.00,210.00,140,70,1.00,2.00,3.00,2,1,0.00,0.00,0,0
1508035823,eth0,0.00,0.00,0.00,0,0,0.00,0.00,0.00,0,0,0.00,0.00,0,0
1508035823,eth1,0.00,0.00,0.00,0,0,0.00,0.00,0.00,0,0,0.00,0.00,0,0
1508035823,s1-eth2,6186.00,240652.00,246838.00,240652,6186,91.00,92.00,183.00,92,91,0.00,0.00,0,0
1508035823,s1-eth1,246922.00,6046.00,252968.00,6046,246922,95.00,89.00,184.00,89,95,0.00,0.00,0,0
1508035823,lo,1148.00,1148.00,2296.00,1148,1148,15.00,15.00,30.00,15,15,0.00,0.00,0,0
1508035823,s4,0.00,0.00,0.00,0,0,0.00,0.00,0.00,0,0,0.00,0.00,0,0
1508035823,total,254326.00,247986.00,502312.00,247986,254326,202.00,198.00,400.00,198,202,0.00,0.00,0,0
1508035824,s5,0.00,0.00,0.00,0,0,0.00,0.00,0.00,0,0,0.00,0.00,0,0
1508035824,s1,0.00,0.00,0.00,0,0,0.00,0.00,0.00,0,0,0.00,0.00,0,0
1508035824,eth0,0.00,0.00,0.00,0,0,0.00,0.00,0.00,0,0,0.00,0.00,0,0
1508035824,eth1,0.00,0.00,0.00,0,0,0.00,0.00,0.00,0,0,0.00,0.00,0,0
1508035824,s1-eth2,6972.00,254208.00,261180.00,254208,6972,96.00,100.00,196.00,100,96,0.00,0.00,0,0
1508035824,s1-eth1,243874.00,6630.00,250504.00,6630,243874,97.00,95.00,192.00,95,97,0.00,0.00,0,0
1508035824,lo,0.00,0.00,0.00,0,0,0.00,0.00,0.00,0,0,0.00,0.00,0,0
1508035824,s4,0.00,0.00,0.00,0,0,0.00,0.00,0.00,0,0,0.00,0.00,0,0
1508035824,total,250846.00,260838.00,511684.00,260838,250846,193.00,195.00,388.00,195,193,0.00,0.00,0,0
1508035825,s5,0.00,0.00,0.00,0,0,0.00,0.00,0.00,0,0,0.00,0.00,0,0
1508035825,s1,0.00,0.00,0.00,0,0,0.00,0.00,0.00,0,0,0.00,0.00,0,0
1508035825,eth0,0.00,0.00,0.00,0,0,0.00,0.00,0.00,0,0,0.00,0.00,0,0
1508035825,eth1,0.00,0.00,0.00,0,0,0.00,0.00,0.00,0,0,0.00,0.00,0,0
1508035825,s1-eth2,6006.00,253746.00,259752.00,253746,6006,89.00,93.00,182.00,93,89,0.00,0.00,0,0
1508035825,s1-eth1,246308.00,6006.00,252314.00,6006,246308,90.00,89.00,179.00,89,90,0.00,0.00,0,0
1508035825,lo,0.00,0.00,0.00,0,0,0.00,0.00,0.00,0,0,0.00,0.00,0,0
1508035825,s4,0.00,0.00,0.00,0,0,0.00,0.00,0.00,0,0,0.00,0.00,0,0
1508035825,total,252314.00,259752.00,512066.00,259752,252314,179.00,182.00,361.00,182,179,0.00,0.00,0,0
1508035826,s5,0.00,0.00,0.00,0,0,0.00,0.00,0.00,0,0,0.00,0.00,0,0
1508035826,s1,0.00,0.00,0.00,0,0,0.00,0.00,0.00,0,0,0.00,0.00,0,0
1508035826,eth0,0.00,0.00,0.00,0,0,0.00,0.00,0.00,0,0,0.00,0.00,0,0
1508035826,eth1,0.00,0.00,0.00,0,0,0.00,0.00,0.00,0,0,0.00,0.00,0,0
1508035826,s1-eth2,5736.00,252034.00,257770.00,252034,5736,86.00,89.00,175.00,89,86,0.00,0.00,0,0
1508035826,s1-eth1,243148.00,5736.00,248884.00,5736,243148,86.00,86.00,172.00,86,86,0.00,0.00,0,0
1508035826,lo,0.00,0.00,0.00,0,0,0.00,0.00,0.00,0,0,0.00,0.00,0,0
1508035826,s4,0.00,0.00,0.00,0,0,0.00,0.00,0.00,0,0,0.00,0.00,0,0
1508035826,total,248884.00,257770.00,506654.00,257770,248884,172.00,175.00,347.00,175,172,0.00,0.00,0,0
1508035827,s5,0.00,0.00,0.00,0,0,0.00,0.00,0.00,0,0,0.00,0.00,0,0
1508035827,s1,0.00,0.00,0.00,0,0,0.00,0.00,0.00,0,0,0.00,0.00,0,0
1508035827,eth0,0.00,0.00,0.00,0,0,0.00,0.00,0.00,0,0,0.00,0.00,0,0
1508035827,eth1,0.00,0.00,0.00,0,0,0.00,0.00,0.00,0,0,0.00,0.00,0,0
1508035827,s1-eth2,6162.00,254274.00,260436.00,254274,6162,89.00,101.00,190.00,101,89,0.00,0.00,0,0
1508035827,s1-eth1,246704.00,6162.00,252866.00,6162,246704,96.00,89.00,185.00,89,96,0.00,0.00,0,0
1508035827,lo,172.00,172.00,344.00,172,172,3.00,3.00,6.00,3,3,0.00,0.00,0,0
1508035827,s4,0.00,0.00,0.00,0,0,0.00,0.00,0.00,0,0,0.00,0.00,0,0
1508035827,total,253038.00,260608.00,513646.00,260608,253038,188.00,193.00,381.00,193,188,0.00,0.00,0,0
1508035828,s5,0.00,0.00,0.00,0,0,0.00,0.00,0.00,0,0,0.00,0.00,0,0
1508035828,s1,0.00,0.00,0.00,0,0,0.00,0.00,0.00,0,0,0.00,0.00,0,0
1508035828,eth0,0.00,0.00,0.00,0,0,0.00,0.00,0.00,0,0,0.00,0.00,0,0
1508035828,eth1,0.00,0.00,0.00,0,0,0.00,0.00,0.00,0,0,0.00,0.00,0,0
1508035828,s1-eth2,5736.00,252034.00,257770.00,252034,5736,86.00,89.00,175.00,89,86,0.00,0.00,0,0
1508035828,s1-eth1,246176.00,5736.00,251912.00,5736,246176,88.00,86.00,174.00,86,88,0.00,0.00,0,0
1508035828,lo,344.00,344.00,688.00,344,344,6.00,6.00,12.00,6,6,0.00,0.00,0,0
1508035828,s4,0.00,0.00,0.00,0,0,0.00,0.00,0.00,0,0,0.00,0.00,0,0
1508035828,total,252256.00,258114.00,510370.00,258114,252256,180.00,181.00,361.00,181,180,0.00,0.00,0,0
1508035829,s5,0.00,0.00,0.00,0,0,0.00,0.00,0.00,0,0,0.00,0.00,0,0
1508035829,s1,0.00,0.00,0.00,0,0,0.00,0.00,0.00,0,0,0.00,0.00,0,0
1508035829,eth0,0.00,0.00,0.00,0,0,0.00,0.00,0.00,0,0,0.00,0.00,0,0
1508035829,eth1,0.00,0.00,0.00,0,0,0.00,0.00,0.00,0,0,0.00,0.00,0,0
1508035829,s1-eth2,6120.00,250916.00,257036.00,250916,6120,90.00,94.00,184.00,94,90,0.00,0.00,0,0
1508035829,s1-eth1,243585.00,6120.00,249705.00,6120,243585,92.00,90.00,182.00,90,92,0.00,0.00,0,0
1508035829,lo,0.00,0.00,0.00,0,0,0.00,0.00,0.00,0,0,0.00,0.00,0,0
1508035829,s4,0.00,0.00,0.00,0,0,0.00,0.00,0.00,0,0,0.00,0.00,0,0
1508035829,total,249705.00,257036.00,506741.00,257036,249705,182.00,184.00,366.00,184,182,0.00,0.00,0,0
1508035830,s5,0.00,0.00,0.00,0,0,0.00,0.00,0.00,0,0,0.00,0.00,0,0
1508035830,s1,0.00,0.00,0.00,0,0,0.00,0.00,0.00,0,0,0.00,0.00,0,0
1508035830,eth0,0.00,0.00,0.00,0,0,0.00,0.00,0.00,0,0,0.00,0.00,0,0
1508035830,eth1,0.00,0.00,0.00,0,0,0.00,0.00,0.00,0,0,0.00,0.00,0,0
1508035830,s1-eth2,5711.00,249072.00,254783.00,249072,5711,85.00,88.00,173.00,88,85,0.00,0.00,0,0
1508035830,s1-eth1,246110.00,5604.00,251714.00,5604,246110,87.00,84.00,171.00,84,87,0.00,0.00,0,0
1508035830,lo,0.00,0.00,0.00,0,0,0.00,0.00,0.00,0,0,0.00,0.00,0,0
1508035830,s4,0.00,0.00,0.00,0,0,0.00,0.00,0.00,0,0,0.00,0.00,0,0
1508035830,total,251821.00,254676.00,506497.00,254676,251821,172.00,172.00,344.00,172,172,0.00,0.00,0,0
1508035831,s5,0.00,0.00,0.00,0,0,0.00,0.00,0.00,0,0,0.00,0.00,0,0
1508035831,s1,0.00,0.00,0.00,0,0,0.00,0.00,0.00,0,0,0.00,0.00,0,0
1508035831,eth0,0.00,0.00,0.00,0,0,0.00,0.00,0.00,0,0,0.00,0.00,0,0
1508035831,eth1,0.00,0.00,0.00,0,0,0.00,0.00,0.00,0,0,0.00,0.00,0,0
1508035831,s1-eth2,5280.00,251770.00,257050.00,251770,5280,80.00,85.00,165.00,85,80,0.00,0.00,0,0
1508035831,s1-eth1,243226.00,5280.00,248506.00,5280,243226,83.00,80.00,163.00,80,83,0.00,0.00,0,0
1508035831,lo,0.00,0.00,0.00,0,0,0.00,0.00,0.00,0,0,0.00,0.00,0,0
1508035831,s4,0.00,0.00,0.00,0,0,0.00,0.00,0.00,0,0,0.00,0.00,0,0
1508035831,total,248506.00,257050.00,505556.00,257050,248506,163.00,165.00,328.00,165,163,0.00,0.00,0,0
1508035832,s5,0.00,0.00,0.00,0,0,0.00,0.00,0.00,0,0,0.00,0.00,0,0
1508035832,s1,0.00,0.00,0.00,0,0,0.00,0.00,0.00,0,0,0.00,0.00,0,0
1508035832,eth0,0.00,0.00,0.00,0,0,0.00,0.00,0.00,0,0,0.00,0.00,0,0
1508035832,eth1,0.00,0.00,0.00,0,0,0.00,0.00,0.00,0,0,0.00,0.00,0,0
1508035832,s1-eth2,5346.00,245846.00,251192.00,245846,5346,81.00,83.00,164.00,83,81,0.00,0.00,0,0
1508035832,s1-eth1,245846.00,5346.00,251192.00,5346,245846,83.00,81.00,164.00,81,83,0.00,0.00,0,0
1508035832,lo,172.00,172.00,344.00,172,172,3.00,3.00,6.00,3,3,0.00,0.00,0,0
1508035832,s4,0.00,0.00,0.00,0,0,0.00,0.00,0.00,0,0,0.00,0.00,0,0
1508035832,total,251364.00,251364.00,502728.00,251364,251364,167.00,167.00,334.00,167,167,0.00,0.00,0,0
1508035833,s5,0.00,0.00,0.00,0,0,0.00,0.00,0.00,0,0,0.00,0.00,0,0
1508035833,s1,0.00,0.00,0.00,0,0,0.00,0.00,0.00,0,0,0.00,0.00,0,0
1508035833,eth0,0.00,0.00,0.00,0,0,0.00,0.00,0.00,0,0,0.00,0.00,0,0
1508035833,eth1,0.00,0.00,0.00,0,0,0.00,0.00,0.00,0,0,0.00,0.00,0,0
1508035833,s1-eth2,6732.00,241044.00,247776.00,241044,6732,98.00,98.00,196.00,98,98,0.00,0.00,0,0
1508035833,s1-eth1,246968.00,6798.00,253766.00,6798,246968,100.00,99.00,199.00,99,100,0.00,0.00,0,0
1508035833,lo,344.00,344.00,688.00,344,344,6.00,6.00,12.00,6,6,0.00,0.00,0,0
1508035833,s4,0.00,0.00,0.00,0,0,0.00,0.00,0.00,0,0,0.00,0.00,0,0
1508035833,total,254044.00,248186.00,502230.00,248186,254044,204.00,203.00,407.00,203,204,0.00,0.00,0,0
1508035834,s5,0.00,0.00,0.00,0,0,0.00,0.00,0.00,0,0,0.00,0.00,0,0
1508035834,s1,0.00,0.00,0.00,0,0,0.00,0.00,0.00,0,0,0.00,0.00,0,0
1508035834,eth0,0.00,0.00,0.00,0,0,0.00,0.00,0.00,0,0,0.00,0.00,0,0
1508035834,eth1,0.00,0.00,0.00,0,0,0.00,0.00,0.00,0,0,0.00,0.00,0,0
1508035834,s1-eth2,6634.00,255524.00,262158.00,255524,6634,93.00,98.00,191.00,98,93,0.00,0.00,0,0
1508035834,s1-eth1,243676.00,6292.00,249968.00,6292,243676,94.00,92.00,186.00,92,94,0.00,0.00,0,0
1508035834,lo,0.00,0.00,0.00,0,0,0.00,0.00,0.00,0,0,0.00,0.00,0,0
1508035834,s4,0.00,0.00,0.00,0,0,0.00,0.00,0.00,0,0,0.00,0.00,0,0
1508035834,total,250310.00,261816.00,512126.00,261816,250310,187.00,190.00,377.00,190,187,0.00,0.00,0,0
1508035835,s5,0.00,0.00,0.00,0,0,0.00,0.00,0.00,0,0,0.00,0.00,0,0
1508035835,s1,0.00,0.00,0.00,0,0,0.00,0.00,0.00,0,0,0.00,0.00,0,0
1508035835,eth0,0.00,0.00,0.00,0,0,0.00,0.00,0.00,0,0,0.00,0.00,0,0
1508035835,eth1,0.00,0.00,0.00,0,0,0.00,0.00,0.00,0,0,0.00,0.00,0,0
1508035835,s1-eth2,5958.04,250533.47,256491.52,250784,5964,87.91,91.91,179.82,92,88,0.00,0.00,0,0
1508035835,s1-eth1,244549.45,5892.11,250441.56,5898,244794,88.91,86.91,175.82,87,89,0.00,0.00,0,0
1508035835,lo,0.00,0.00,0.00,0,0,0.00,0.00,0.00,0,0,0.00,0.00,0,0
1508035835,s4,0.00,0.00,0.00,0,0,0.00,0.00,0.00,0,0,0.00,0.00,0,0
1508035835,total,250507.50,256425.58,506933.09,256682,250758,176.82,178.82,355.64,179,177,0.00,0.00,0,0
1508035836,s5,0.00,0.00,0.00,0,0,0.00,0.00,0.00,0,0,0.00,0.00,0,0
1508035836,s1,0.00,0.00,0.00,0,0,0.00,0.00,0.00,0,0,0.00,0.00,0,0
1508035836,eth0,0.00,0.00,0.00,0,0,0.00,0.00,0.00,0,0,0.00,0.00,0,0
1508035836,eth1,0.00,0.00,0.00,0,0,0.00,0.00,0.00,0,0,0.00,0.00,0,0
1508035836,s1-eth2,4669.33,188855.16,193524.48,189044,4674,68.93,77.92,146.85,78,69,0.00,0.00,0,0
1508035836,s1-eth1,177018.98,4669.33,181688.31,4674,177196,73.93,68.93,142.86,69,74,0.00,0.00,0,0
1508035836,lo,0.00,0.00,0.00,0,0,0.00,0.00,0.00,0,0,0.00,0.00,0,0
1508035836,s4,0.00,0.00,0.00,0,0,0.00,0.00,0.00,0,0,0.00,0.00,0,0
1508035836,total,181688.31,193524.48,375212.81,193718,181870,142.86,146.85,289.71,147,143,0.00,0.00,0,0
1508035837,s5,0.00,0.00,0.00,0,0,0.00,0.00,0.00,0,0,0.00,0.00,0,0
1508035837,s1,0.00,0.00,0.00,0,0,0.00,0.00,0.00,0,0,0.00,0.00,0,0
1508035837,eth0,0.00,0.00,0.00,0,0,0.00,0.00,0.00,0,0,0.00,0.00,0,0
1508035837,eth1,0.00,0.00,0.00,0,0,0.00,0.00,0.00,0,0,0.00,0.00,0,0
1508035837,s1-eth2,5658.00,251968.00,257626.00,251968,5658,85.00,88.00,173.00,88,85,0.00,0.00,0,0
1508035837,s1-eth1,243082.00,5658.00,248740.00,5658,243082,85.00,85.00,170.00,85,85,0.00,0.00,0,0
1508035837,lo,172.00,172.00,344.00,172,172,3.00,3.00,6.00,3,3,0.00,0.00,0,0
1508035837,s4,0.00,0.00,0.00,0,0,0.00,0.00,0.00,0,0,0.00,0.00,0,0
1508035837,total,248912.00,257798.00,506710.00,257798,248912,173.00,176.00,349.00,176,173,0.00,0.00,0,0
1508035838,s5,0.00,0.00,0.00,0,0,0.00,0.00,0.00,0,0,0.00,0.00,0,0
1508035838,s1,0.00,0.00,0.00,0,0,0.00,0.00,0.00,0,0,0.00,0.00,0,0
1508035838,eth0,0.00,0.00,0.00,0,0,0.00,0.00,0.00,0,0,0.00,0.00,0,0
1508035838,eth1,0.00,0.00,0.00,0,0,0.00,0.00,0.00,0,0,0.00,0.00,0,0
1508035838,s1-eth2,5670.00,249072.00,254742.00,249072,5670,85.00,88.00,173.00,88,85,0.00,0.00,0,0
1508035838,s1-eth1,246110.00,5670.00,251780.00,5670,246110,87.00,85.00,172.00,85,87,0.00,0.00,0,0
1508035838,lo,344.00,344.00,688.00,344,344,6.00,6.00,12.00,6,6,0.00,0.00,0,0
1508035838,s4,0.00,0.00,0.00,0,0,0.00,0.00,0.00,0,0,0.00,0.00,0,0
1508035838,total,252124.00,255086.00,507210.00,255086,252124,178.00,179.00,357.00,179,178,0.00,0.00,0,0
1508035839,s5,0.00,0.00,0.00,0,0,0.00,0.00,0.00,0,0,0.00,0.00,0,0
1508035839,s1,0.00,0.00,0.00,0,0,0.00,0.00,0.00,0,0,0.00,0.00,0,0
1508035839,eth0,0.00,0.00,0.00,0,0,0.00,0.00,0.00,0,0,0.00,0.00,0,0
1508035839,eth1,0.00,0.00,0.00,0,0,0.00,0.00,0.00,0,0,0.00,0.00,0,0
1508035839,s1-eth2,6627.37,251390.61,258017.98,251642,6634,94.91,104.90,199.80,105,95,0.00,0.00,0,0
1508035839,s1-eth1,246853.16,6627.37,253480.53,6634,247100,101.90,94.91,196.80,95,102,0.00,0.00,0,0
1508035839,lo,0.00,0.00,0.00,0,0,0.00,0.00,0.00,0,0,0.00,0.00,0,0
1508035839,s4,0.00,0.00,0.00,0,0,0.00,0.00,0.00,0,0,0.00,0.00,0,0
1508035839,total,253480.53,258017.98,511498.50,258276,253734,196.80,199.80,396.60,200,197,0.00,0.00,0,0
1508035840,s5,0.00,0.00,0.00,0,0,0.00,0.00,0.00,0,0,0.00,0.00,0,0
1508035840,s1,0.00,0.00,0.00,0,0,0.00,0.00,0.00,0,0,0.00,0.00,0,0
1508035840,eth0,0.00,0.00,0.00,0,0,0.00,0.00,0.00,0,0,0.00,0.00,0,0
1508035840,eth1,0.00,0.00,0.00,0,0,0.00,0.00,0.00,0,0,0.00,0.00,0,0
1508035840,s1-eth2,6353.65,255664.34,262017.98,255920,6360,93.91,103.90,197.80,104,94,0.00,0.00,0,0
1508035840,s1-eth1,240803.20,6353.65,247156.84,6360,241044,97.90,93.91,191.81,94,98,0.00,0.00,0,0
1508035840,lo,0.00,0.00,0.00,0,0,0.00,0.00,0.00,0,0,0.00,0.00,0,0
1508035840,s4,0.00,0.00,0.00,0,0,0.00,0.00,0.00,0,0,0.00,0.00,0,0
1508035840,total,247156.84,262017.98,509174.84,262280,247404,191.81,197.80,389.61,198,192,0.00,0.00,0,0
1508035841,s5,0.00,0.00,0.00,0,0,0.00,0.00,0.00,0,0,0.00,0.00,0,0
1508035841,s1,0.00,0.00,0.00,0,0,0.00,0.00,0.00,0,0,0.00,0.00,0,0
1508035841,eth0,0.00,0.00,0.00,0,0,0.00,0.00,0.00,0,0,0.00,0.00,0,0
1508035841,eth1,0.00,0.00,0.00,0,0,0.00,0.00,0.00,0,0,0.00,0.00,0,0
1508035841,s1-eth2,5430.00,252100.00,257530.00,252100,5430,81.00,90.00,171.00,90,81,0.00,0.00,0,0
1508035841,s1-eth1,246176.00,5430.00,251606.00,5430,246176,88.00,81.00,169.00,81,88,0.00,0.00,0,0
1508035841,lo,0.00,0.00,0.00,0,0,0.00,0.00,0.00,0,0,0.00,0.00,0,0
1508035841,s4,0.00,0.00,0.00,0,0,0.00,0.00,0.00,0,0,0.00,0.00,0,0
1508035841,total,251606.00,257530.00,509136.00,257530,251606,169.00,171.00,340.00,171,169,0.00,0.00,0,0
1508035842,s5,0.00,0.00,0.00,0,0,0.00,0.00,0.00,0,0,0.00,0.00,0,0
1508035842,s1,0.00,0.00,0.00,0,0,0.00,0.00,0.00,0,0,0.00,0.00,0,0
1508035842,eth0,0.00,0.00,0.00,0,0,0.00,0.00,0.00,0,0,0.00,0.00,0,0
1508035842,eth1,0.00,0.00,0.00,0,0,0.00,0.00,0.00,0,0,0.00,0.00,0,0
1508035842,s1-eth2,5262.00,248940.00,254202.00,248940,5262,79.00,86.00,165.00,86,79,0.00,0.00,0,0
1508035842,s1-eth1,243016.00,5262.00,248278.00,5262,243016,84.00,79.00,163.00,79,84,0.00,0.00,0,0
1508035842,lo,172.00,172.00,344.00,172,172,3.00,3.00,6.00,3,3,0.00,0.00,0,0
1508035842,s4,0.00,0.00,0.00,0,0,0.00,0.00,0.00,0,0,0.00,0.00,0,0
1508035842,total,248450.00,254374.00,502824.00,254374,248450,166.00,168.00,334.00,168,166,0.00,0.00,0,0
1508035843,s5,0.00,0.00,0.00,0,0,0.00,0.00,0.00,0,0,0.00,0.00,0,0
1508035843,s1,0.00,0.00,0.00,0,0,0.00,0.00,0.00,0,0,0.00,0.00,0,0
1508035843,eth0,0.00,0.00,0.00,0,0,0.00,0.00,0.00,0,0,0.00,0.00,0,0
1508035843,eth1,0.00,0.00,0.00,0,0,0.00,0.00,0.00,0,0,0.00,0.00,0,0
1508035843,s1-eth2,6025.97,252177.83,258203.80,252430,6032,87.91,94.91,182.82,95,88,0.00,0.00,0,0
1508035843,s1-eth1,246193.81,6025.97,252219.78,6032,246440,91.91,87.91,179.82,88,92,0.00,0.00,0,0
1508035843,lo,343.66,343.66,687.31,344,344,5.99,5.99,11.99,6,6,0.00,0.00,0,0
1508035843,s4,0.00,0.00,0.00,0,0,0.00,0.00,0.00,0,0,0.00,0.00,0,0
1508035843,total,252563.44,258547.45,511110.91,258806,252816,185.81,188.81,374.63,189,186,0.00,0.00,0,0
1508035844,s5,0.00,0.00,0.00,0,0,0.00,0.00,0.00,0,0,0.00,0.00,0,0
1508035844,s1,0.00,0.00,0.00,0,0,0.00,0.00,0.00,0,0,0.00,0.00,0,0
1508035844,eth0,0.00,0.00,0.00,0,0,0.00,0.00,0.00,0,0,0.00,0.00,0,0
1508035844,eth1,0.00,0.00,0.00,0,0,0.00,0.00,0.00,0,0,0.00,0.00,0,0
1508035844,s1-eth2,5844.16,254873.14,260717.30,255128,5850,86.91,91.91,178.82,92,87,0.00,0.00,0,0
1508035844,s1-eth1,243036.97,5844.16,248881.12,5850,243280,87.91,86.91,174.83,87,88,0.00,0.00,0,0
1508035844,lo,0.00,0.00,0.00,0,0,0.00,0.00,0.00,0,0,0.00,0.00,0,0
1508035844,s4,0.00,0.00,0.00,0,0,0.00,0.00,0.00,0,0,0.00,0.00,0,0
1508035844,total,248881.12,260717.30,509598.41,260978,249130,174.83,178.82,353.65,179,175,0.00,0.00,0,0
1508035845,s5,0.00,0.00,0.00,0,0,0.00,0.00,0.00,0,0,0.00,0.00,0,0
1508035845,s1,0.00,0.00,0.00,0,0,0.00,0.00,0.00,0,0,0.00,0.00,0,0
1508035845,eth0,0.00,0.00,0.00,0,0,0.00,0.00,0.00,0,0,0.00,0.00,0,0
1508035845,eth1,0.00,0.00,0.00,0,0,0.00,0.00,0.00,0,0,0.00,0.00,0,0
1508035845,s1-eth2,5706.00,249138.00,254844.00,249138,5706,85.00,89.00,174.00,89,85,0.00,0.00,0,0
1508035845,s1-eth1,246176.00,5706.00,251882.00,5706,246176,88.00,85.00,173.00,85,88,0.00,0.00,0,0
1508035845,lo,0.00,0.00,0.00,0,0,0.00,0.00,0.00,0,0,0.00,0.00,0,0
1508035845,s4,0.00,0.00,0.00,0,0,0.00,0.00,0.00,0,0,0.00,0.00,0,0
1508035845,total,251882.00,254844.00,506726.00,254844,251882,173.00,174.00,347.00,174,173,0.00,0.00,0,0
1508035846,s5,0.00,0.00,0.00,0,0,0.00,0.00,0.00,0,0,0.00,0.00,0,0
1508035846,s1,0.00,0.00,0.00,0,0,0.00,0.00,0.00,0,0,0.00,0.00,0,0
1508035846,eth0,0.00,0.00,0.00,0,0,0.00,0.00,0.00,0,0,0.00,0.00,0,0
1508035846,eth1,0.00,0.00,0.00,0,0,0.00,0.00,0.00,0,0,0.00,0.00,0,0
1508035846,s1-eth2,5957.00,255128.00,261085.00,255128,5957,88.00,92.00,180.00,92,88,0.00,0.00,0,0
1508035846,s1-eth1,246242.00,5850.00,252092.00,5850,246242,89.00,87.00,176.00,87,89,0.00,0.00,0,0
1508035846,lo,0.00,0.00,0.00,0,0,0.00,0.00,0.00,0,0,0.00,0.00,0,0
1508035846,s4,0.00,0.00,0.00,0,0,0.00,0.00,0.00,0,0,0.00,0.00,0,0
1508035846,total,252199.00,260978.00,513177.00,260978,252199,177.00,179.00,356.00,179,177,0.00,0.00,0,0
1508035847,s5,0.00,0.00,0.00,0,0,0.00,0.00,0.00,0,0,0.00,0.00,0,0
1508035847,s1,0.00,0.00,0.00,0,0,0.00,0.00,0.00,0,0,0.00,0.00,0,0
1508035847,eth0,0.00,0.00,0.00,0,0,0.00,0.00,0.00,0,0,0.00,0.00,0,0
1508035847,eth1,0.00,0.00,0.00,0,0,0.00,0.00,0.00,0,0,0.00,0.00,0,0
1508035847,s1-eth2,5538.00,249072.00,254610.00,249072,5538,83.00,88.00,171.00,88,83,0.00,0.00,0,0
1508035847,s1-eth1,243490.00,5538.00,249028.00,5538,243490,87.00,83.00,170.00,83,87,0.00,0.00,0,0
1508035847,lo,172.00,172.00,344.00,172,172,3.00,3.00,6.00,3,3,0.00,0.00,0,0
1508035847,s4,0.00,0.00,0.00,0,0,0.00,0.00,0.00,0,0,0.00,0.00,0,0
1508035847,total,249200.00,254782.00,503982.00,254782,249200,173.00,174.00,347.00,174,173,0.00,0.00,0,0
1508035848,s5,0.00,0.00,0.00,0,0,0.00,0.00,0.00,0,0,0.00,0.00,0,0
1508035848,s1,0.00,0.00,0.00,0,0,0.00,0.00,0.00,0,0,0.00,0.00,0,0
1508035848,eth0,0.00,0.00,0.00,0,0,0.00,0.00,0.00,0,0,0.00,0.00,0,0
1508035848,eth1,0.00,0.00,0.00,0,0,0.00,0.00,0.00,0,0,0.00,0.00,0,0
1508035848,s1-eth2,5706.00,252034.00,257740.00,252034,5706,85.00,89.00,174.00,89,85,0.00,0.00,0,0
1508035848,s1-eth1,246110.00,5706.00,251816.00,5706,246110,87.00,85.00,172.00,85,87,0.00,0.00,0,0
1508035848,lo,344.00,344.00,688.00,344,344,6.00,6.00,12.00,6,6,0.00,0.00,0,0
1508035848,s4,0.00,0.00,0.00,0,0,0.00,0.00,0.00,0,0,0.00,0.00,0,0
1508035848,total,252160.00,258084.00,510244.00,258084,252160,178.00,180.00,358.00,180,178,0.00,0.00,0,0
1508035849,s5,0.00,0.00,0.00,0,0,0.00,0.00,0.00,0,0,0.00,0.00,0,0
1508035849,s1,0.00,0.00,0.00,0,0,0.00,0.00,0.00,0,0,0.00,0.00,0,0
1508035849,eth0,0.00,0.00,0.00,0,0,0.00,0.00,0.00,0,0,0.00,0.00,0,0
1508035849,eth1,0.00,0.00,0.00,0,0,0.00,0.00,0.00,0,0,0.00,0.00,0,0
1508035849,s1-eth2,5850.00,250760.00,256610.00,250760,5850,87.00,92.00,179.00,92,87,0.00,0.00,0,0
1508035849,s1-eth1,243322.00,5850.00,249172.00,5850,243322,89.00,87.00,176.00,87,89,0.00,0.00,0,0
1508035849,lo,296.00,296.00,592.00,296,296,3.00,3.00,6.00,3,3,0.00,0.00,0,0
1508035849,s4,0.00,0.00,0.00,0,0,0.00,0.00,0.00,0,0,0.00,0.00,0,0
1508035849,total,249468.00,256906.00,506374.00,256906,249468,179.00,182.00,361.00,182,179,0.00,0.00,0,0
1508035850,s5,0.00,0.00,0.00,0,0,0.00,0.00,0.00,0,0,0.00,0.00,0,0
1508035850,s1,0.00,0.00,0.00,0,0,0.00,0.00,0.00,0,0,0.00,0.00,0,0
1508035850,eth0,0.00,0.00,0.00,0,0,0.00,0.00,0.00,0,0,0.00,0.00,0,0
1508035850,eth1,0.00,0.00,0.00,0,0,0.00,0.00,0.00,0,0,0.00,0.00,0,0
1508035850,s1-eth2,5706.00,249072.00,254778.00,249072,5706,85.00,88.00,173.00,88,85,0.00,0.00,0,0
1508035850,s1-eth1,246110.00,5772.00,251882.00,5772,246110,87.00,86.00,173.00,86,87,0.00,0.00,0,0
1508035850,lo,0.00,0.00,0.00,0,0,0.00,0.00,0.00,0,0,0.00,0.00,0,0
1508035850,s4,0.00,0.00,0.00,0,0,0.00,0.00,0.00,0,0,0.00,0.00,0,0
1508035850,total,251816.00,254844.00,506660.00,254844,251816,172.00,174.00,346.00,174,172,0.00,0.00,0,0
1508035851,s5,0.00,0.00,0.00,0,0,0.00,0.00,0.00,0,0,0.00,0.00,0,0
1508035851,s1,0.00,0.00,0.00,0,0,0.00,0.00,0.00,0,0,0.00,0.00,0,0
1508035851,eth0,0.00,0.00,0.00,0,0,0.00,0.00,0.00,0,0,0.00,0.00,0,0
1508035851,eth1,0.00,0.00,0.00,0,0,0.00,0.00,0.00,0,0,0.00,0.00,0,0
1508035851,s1-eth2,5622.38,250335.67,255958.05,250586,5628,83.92,88.91,172.83,89,84,0.00,0.00,0,0
1508035851,s1-eth1,245864.14,5556.44,251420.59,5562,246110,86.91,82.92,169.83,83,87,0.00,0.00,0,0
1508035851,lo,0.00,0.00,0.00,0,0,0.00,0.00,0.00,0,0,0.00,0.00,0,0
1508035851,s4,0.00,0.00,0.00,0,0,0.00,0.00,0.00,0,0,0.00,0.00,0,0
1508035851,total,251486.52,255892.11,507378.62,256148,251738,170.83,171.83,342.66,172,171,0.00,0.00,0,0
1508035852,s5,0.00,0.00,0.00,0,0,0.00,0.00,0.00,0,0,0.00,0.00,0,0
1508035852,s1,0.00,0.00,0.00,0,0,0.00,0.00,0.00,0,0,0.00,0.00,0,0
1508035852,eth0,0.00,0.00,0.00,0,0,0.00,0.00,0.00,0,0,0.00,0.00,0,0
1508035852,eth1,0.00,0.00,0.00,0,0,0.00,0.00,0.00,0,0,0.00,0.00,0,0
1508035852,s1-eth2,5852.00,252298.00,258150.00,252298,5852,86.00,93.00,179.00,93,86,0.00,0.00,0,0
1508035852,s1-eth1,243214.00,5852.00,249066.00,5852,243214,87.00,86.00,173.00,86,87,0.00,0.00,0,0
1508035852,lo,0.00,0.00,0.00,0,0,0.00,0.00,0.00,0,0,0.00,0.00,0,0
1508035852,s4,0.00,0.00,0.00,0,0,0.00,0.00,0.00,0,0,0.00,0.00,0,0
1508035852,total,249066.00,258150.00,507216.00,258150,249066,173.00,179.00,352.00,179,173,0.00,0.00,0,0
1508035853,s5,0.00,0.00,0.00,0,0,0.00,0.00,0.00,0,0,0.00,0.00,0,0
1508035853,s1,0.00,0.00,0.00,0,0,0.00,0.00,0.00,0,0,0.00,0.00,0,0
1508035853,eth0,0.00,0.00,0.00,0,0,0.00,0.00,0.00,0,0,0.00,0.00,0,0
1508035853,eth1,0.00,0.00,0.00,0,0,0.00,0.00,0.00,0,0,0.00,0.00,0,0
1508035853,s1-eth2,6546.00,258750.00,265296.00,258750,6546,95.00,103.00,198.00,103,95,0.00,0.00,0,0
1508035853,s1-eth1,247034.00,6546.00,253580.00,6546,247034,101.00,95.00,196.00,95,101,0.00,0.00,0,0
1508035853,lo,516.00,516.00,1032.00,516,516,9.00,9.00,18.00,9,9,0.00,0.00,0,0
1508035853,s4,0.00,0.00,0.00,0,0,0.00,0.00,0.00,0,0,0.00,0.00,0,0
1508035853,total,254096.00,265812.00,519908.00,265812,254096,205.00,207.00,412.00,207,205,0.00,0.00,0,0
1508035854,s5,0.00,0.00,0.00,0,0,0.00,0.00,0.00,0,0,0.00,0.00,0,0
1508035854,s1,0.00,0.00,0.00,0,0,0.00,0.00,0.00,0,0,0.00,0.00,0,0
1508035854,eth0,0.00,0.00,0.00,0,0,0.00,0.00,0.00,0,0,0.00,0.00,0,0
1508035854,eth1,0.00,0.00,0.00,0,0,0.00,0.00,0.00,0,0,0.00,0.00,0,0
1508035854,s1-eth2,6060.00,255128.00,261188.00,255128,6060,86.00,92.00,178.00,92,86,0.00,0.00,0,0
1508035854,s1-eth1,243280.00,5718.00,248998.00,5718,243280,88.00,85.00,173.00,85,88,0.00,0.00,0,0
1508035854,lo,0.00,0.00,0.00,0,0,0.00,0.00,0.00,0,0,0.00,0.00,0,0
1508035854,s4,0.00,0.00,0.00,0,0,0.00,0.00,0.00,0,0,0.00,0.00,0,0
1508035854,total,249340.00,260846.00,510186.00,260846,249340,174.00,177.00,351.00,177,174,0.00,0.00,0,0
1508035855,s5,0.00,0.00,0.00,0,0,0.00,0.00,0.00,0,0,0.00,0.00,0,0
1508035855,s1,0.00,0.00,0.00,0,0,0.00,0.00,0.00,0,0,0.00,0.00,0,0
1508035855,eth0,0.00,0.00,0.00,0,0,0.00,0.00,0.00,0,0,0.00,0.00,0,0
1508035855,eth1,0.00,0.00,0.00,0,0,0.00,0.00,0.00,0,0,0.00,0.00,0,0
1508035855,s1-eth2,5766.23,251914.09,257680.33,252166,5772,85.91,90.91,176.82,91,86,0.00,0.00,0,0
1508035855,s1-eth1,245996.02,5832.17,251828.17,5838,246242,88.91,86.91,175.82,87,89,0.00,0.00,0,0
1508035855,lo,0.00,0.00,0.00,0,0,0.00,0.00,0.00,0,0,0.00,0.00,0,0
1508035855,s4,0.00,0.00,0.00,0,0,0.00,0.00,0.00,0,0,0.00,0.00,0,0
1508035855,total,251762.25,257746.27,509508.50,258004,252014,174.83,177.82,352.65,178,175,0.00,0.00,0,0
1508035856,s5,0.00,0.00,0.00,0,0,0.00,0.00,0.00,0,0,0.00,0.00,0,0
1508035856,s1,0.00,0.00,0.00,0,0,0.00,0.00,0.00,0,0,0.00,0.00,0,0
1508035856,eth0,0.00,0.00,0.00,0,0,0.00,0.00,0.00,0,0,0.00,0.00,0,0
1508035856,eth1,0.00,0.00,0.00,0,0,0.00,0.00,0.00,0,0,0.00,0.00,0,0
1508035856,s1-eth2,7008.00,254736.00,261744.00,254736,7008,102.00,108.00,210.00,108,102,0.00,0.00,0,0
1508035856,s1-eth1,247232.00,6942.00,254174.00,6942,247232,104.00,101.00,205.00,101,104,0.00,0.00,0,0
1508035856,lo,0.00,0.00,0.00,0,0,0.00,0.00,0.00,0,0,0.00,0.00,0,0
1508035856,s4,0.00,0.00,0.00,0,0,0.00,0.00,0.00,0,0,0.00,0.00,0,0
1508035856,total,254240.00,261678.00,515918.00,261678,254240,206.00,209.00,415.00,209,206,0.00,0.00,0,0
1508035857,s5,0.00,0.00,0.00,0,0,0.00,0.00,0.00,0,0,0.00,0.00,0,0
1508035857,s1,0.00,0.00,0.00,0,0,0.00,0.00,0.00,0,0,0.00,0.00,0,0
1508035857,eth0,0.00,0.00,0.00,0,0,0.00,0.00,0.00,0,0,0.00,0.00,0,0
1508035857,eth1,0.00,0.00,0.00,0,0,0.00,0.00,0.00,0,0,0.00,0.00,0,0
1508035857,s1-eth2,5658.00,257958.00,263616.00,257958,5658,85.00,91.00,176.00,91,85,0.00,0.00,0,0
1508035857,s1-eth1,243148.00,5658.00,248806.00,5658,243148,86.00,85.00,171.00,85,86,0.00,0.00,0,0
1508035857,lo,0.00,0.00,0.00,0,0,0.00,0.00,0.00,0,0,0.00,0.00,0,0
1508035857,s4,0.00,0.00,0.00,0,0,0.00,0.00,0.00,0,0,0.00,0.00,0,0
1508035857,total,248806.00,263616.00,512422.00,263616,248806,171.00,176.00,347.00,176,171,0.00,0.00,0,0
1508035858,s5,0.00,0.00,0.00,0,0,0.00,0.00,0.00,0,0,0.00,0.00,0,0
1508035858,s1,0.00,0.00,0.00,0,0,0.00,0.00,0.00,0,0,0.00,0.00,0,0
1508035858,eth0,0.00,0.00,0.00,0,0,0.00,0.00,0.00,0,0,0.00,0.00,0,0
1508035858,eth1,0.00,0.00,0.00,0,0,0.00,0.00,0.00,0,0,0.00,0.00,0,0
1508035858,s1-eth2,5958.00,243544.00,249502.00,243544,5958,87.00,92.00,179.00,92,87,0.00,0.00,0,0
1508035858,s1-eth1,246440.00,5958.00,252398.00,5958,246440,92.00,87.00,179.00,87,92,0.00,0.00,0,0
1508035858,lo,516.00,516.00,1032.00,516,516,9.00,9.00,18.00,9,9,0.00,0.00,0,0
1508035858,s4,0.00,0.00,0.00,0,0,0.00,0.00,0.00,0,0,0.00,0.00,0,0
1508035858,total,252914.00,250018.00,502932.00,250018,252914,188.00,188.00,376.00,188,188,0.00,0.00,0,0
1508035859,s5,0.00,0.00,0.00,0,0,0.00,0.00,0.00,0,0,0.00,0.00,0,0
1508035859,s1,0.00,0.00,0.00,0,0,0.00,0.00,0.00,0,0,0.00,0.00,0,0
1508035859,eth0,0.00,0.00,0.00,0,0,0.00,0.00,0.00,0,0,0.00,0.00,0,0
1508035859,eth1,0.00,0.00,0.00,0,0,0.00,0.00,0.00,0,0,0.00,0.00,0,0
1508035859,s1-eth2,5598.40,251782.22,257380.62,252034,5604,83.92,88.91,172.83,89,84,0.00,0.00,0,0
1508035859,s1-eth1,245864.14,5598.40,251462.55,5604,246110,86.91,83.92,170.83,84,87,0.00,0.00,0,0
1508035859,lo,0.00,0.00,0.00,0,0,0.00,0.00,0.00,0,0,0.00,0.00,0,0
1508035859,s4,0.00,0.00,0.00,0,0,0.00,0.00,0.00,0,0,0.00,0.00,0,0
1508035859,total,251462.55,257380.62,508843.16,257638,251714,170.83,172.83,343.66,173,171,0.00,0.00,0,0
1508035860,s5,0.00,0.00,0.00,0,0,0.00,0.00,0.00,0,0,0.00,0.00,0,0
1508035860,s1,0.00,0.00,0.00,0,0,0.00,0.00,0.00,0,0,0.00,0.00,0,0
1508035860,eth0,0.00,0.00,0.00,0,0,0.00,0.00,0.00,0,0,0.00,0.00,0,0
1508035860,eth1,0.00,0.00,0.00,0,0,0.00,0.00,0.00,0,0,0.00,0.00,0,0
1508035860,s1-eth2,5220.00,249138.00,254358.00,249138,5220,78.00,89.00,167.00,89,78,0.00,0.00,0,0
1508035860,s1-eth1,243082.00,5220.00,248302.00,5220,243082,85.00,78.00,163.00,78,85,0.00,0.00,0,0
1508035860,lo,0.00,0.00,0.00,0,0,0.00,0.00,0.00,0,0,0.00,0.00,0,0
1508035860,s4,0.00,0.00,0.00,0,0,0.00,0.00,0.00,0,0,0.00,0.00,0,0
1508035860,total,248302.00,254358.00,502660.00,254358,248302,163.00,167.00,330.00,167,163,0.00,0.00,0,0
1508035861,s5,0.00,0.00,0.00,0,0,0.00,0.00,0.00,0,0,0.00,0.00,0,0
1508035861,s1,0.00,0.00,0.00,0,0,0.00,0.00,0.00,0,0,0.00,0.00,0,0
1508035861,eth0,304.00,490.00,794.00,490,304,4.00,4.00,8.00,4,4,0.00,0.00,0,0
1508035861,eth1,0.00,0.00,0.00,0,0,0.00,0.00,0.00,0,0,0.00,0.00,0,0
1508035861,s1-eth2,7220.00,251312.00,258532.00,251312,7220,100.00,100.00,200.00,100,100,0.00,0.00,0,0
1508035861,s1-eth1,246016.00,6768.00,252784.00,6768,246016,102.00,98.00,200.00,98,102,0.00,0.00,0,0
1508035861,lo,682.00,682.00,1364.00,682,682,8.00,8.00,16.00,8,8,0.00,0.00,0,0
1508035861,s4,0.00,0.00,0.00,0,0,0.00,0.00,0.00,0,0,0.00,0.00,0,0
1508035861,total,254222.00,259252.00,513474.00,259252,254222,214.00,210.00,424.00,210,214,0.00,0.00,0,0
1508035862,s5,0.00,0.00,0.00,0,0,0.00,0.00,0.00,0,0,0.00,0.00,0,0
1508035862,s1,0.00,0.00,0.00,0,0,0.00,0.00,0.00,0,0,0.00,0.00,0,0
1508035862,eth0,152.00,245.00,397.00,245,152,2.00,2.00,4.00,2,2,0.00,0.00,0,0
1508035862,eth1,0.00,0.00,0.00,0,0,0.00,0.00,0.00,0,0,0.00,0.00,0,0
1508035862,s1-eth2,5924.00,251968.00,257892.00,251968,5924,88.00,88.00,176.00,88,88,0.00,0.00,0,0
1508035862,s1-eth1,244674.00,5736.00,250410.00,5736,244674,87.00,86.00,173.00,86,87,0.00,0.00,0,0
1508035862,lo,341.00,341.00,682.00,341,341,4.00,4.00,8.00,4,4,0.00,0.00,0,0
1508035862,s4,0.00,0.00,0.00,0,0,0.00,0.00,0.00,0,0,0.00,0.00,0,0
1508035862,total,251091.00,258290.00,509381.00,258290,251091,181.00,180.00,361.00,180,181,0.00,0.00,0,0
1508035863,s5,0.00,0.00,0.00,0,0,0.00,0.00,0.00,0,0,0.00,0.00,0,0
1508035863,s1,0.00,0.00,0.00,0,0,0.00,0.00,0.00,0,0,0.00,0.00,0,0
1508035863,eth0,304.00,490.00,794.00,490,304,4.00,4.00,8.00,4,4,0.00,0.00,0,0
1508035863,eth1,0.00,0.00,0.00,0,0,0.00,0.00,0.00,0,0,0.00,0.00,0,0
1508035863,s1-eth2,7818.00,252298.00,260116.00,252298,7818,95.00,93.00,188.00,93,95,0.00,0.00,0,0
1508035863,s1-eth1,245107.00,5712.00,250819.00,5712,245107,99.00,84.00,183.00,84,99,0.00,0.00,0,0
1508035863,lo,1198.00,1198.00,2396.00,1198,1198,17.00,17.00,34.00,17,17,0.00,0.00,0,0
1508035863,s4,0.00,0.00,0.00,0,0,0.00,0.00,0.00,0,0,0.00,0.00,0,0
1508035863,total,254427.00,259698.00,514125.00,259698,254427,215.00,198.00,413.00,198,215,0.00,0.00,0,0
1508035864,s5,0.00,0.00,0.00,0,0,0.00,0.00,0.00,0,0,0.00,0.00,0,0
1508035864,s1,0.00,0.00,0.00,0,0,0.00,0.00,0.00,0,0,0.00,0.00,0,0
1508035864,eth0,152.00,245.00,397.00,245,152,2.00,2.00,4.00,2,2,0.00,0.00,0,0
1508035864,eth1,0.00,0.00,0.00,0,0,0.00,0.00,0.00,0,0,0.00,0.00,0,0
1508035864,s1-eth2,7317.00,255854.00,263171.00,255854,7317,97.00,103.00,200.00,103,97,0.00,0.00,0,0
1508035864,s1-eth1,241599.00,6354.00,247953.00,6354,241599,100.00,93.00,193.00,93,100,0.00,0.00,0,0
1508035864,lo,341.00,341.00,682.00,341,341,4.00,4.00,8.00,4,4,0.00,0.00,0,0
1508035864,s4,0.00,0.00,0.00,0,0,0.00,0.00,0.00,0,0,0.00,0.00,0,0
1508035864,total,249409.00,262794.00,512203.00,262794,249409,203.00,202.00,405.00,202,203,0.00,0.00,0,0
1508035865,s5,0.00,0.00,0.00,0,0,0.00,0.00,0.00,0,0,0.00,0.00,0,0
1508035865,s1,0.00,0.00,0.00,0,0,0.00,0.00,0.00,0,0,0.00,0.00,0,0
1508035865,eth0,0.00,0.00,0.00,0,0,0.00,0.00,0.00,0,0,0.00,0.00,0,0
1508035865,eth1,0.00,0.00,0.00,0,0,0.00,0.00,0.00,0,0,0.00,0.00,0,0
1508035865,s1-eth2,6222.00,260066.00,266288.00,260066,6222,91.00,101.00,192.00,101,91,0.00,0.00,0,0
1508035865,s1-eth1,247046.00,6222.00,253268.00,6222,247046,97.00,91.00,188.00,91,97,0.00,0.00,0,0
1508035865,lo,0.00,0.00,0.00,0,0,0.00,0.00,0.00,0,0,0.00,0.00,0,0
1508035865,s4,0.00,0.00,0.00,0,0,0.00,0.00,0.00,0,0,0.00,0.00,0,0
1508035865,total,253268.00,266288.00,519556.00,266288,253268,188.00,192.00,380.00,192,188,0.00,0.00,0,0
1508035866,s5,0.00,0.00,0.00,0,0,0.00,0.00,0.00,0,0,0.00,0.00,0,0
1508035866,s1,0.00,0.00,0.00,0,0,0.00,0.00,0.00,0,0,0.00,0.00,0,0
1508035866,eth0,60.00,60.00,120.00,60,60,1.00,1.00,2.00,1,1,0.00,0.00,0,0
1508035866,eth1,0.00,0.00,0.00,0,0,0.00,0.00,0.00,0,0,0.00,0.00,0,0
1508035866,s1-eth2,6500.00,258420.00,264920.00,258420,6500,93.00,98.00,191.00,98,93,0.00,0.00,0,0
1508035866,s1-eth1,244311.00,6126.00,250437.00,6126,244311,96.00,91.00,187.00,91,96,0.00,0.00,0,0
1508035866,lo,0.00,0.00,0.00,0,0,0.00,0.00,0.00,0,0,0.00,0.00,0,0
1508035866,s4,0.00,0.00,0.00,0,0,0.00,0.00,0.00,0,0,0.00,0.00,0,0
1508035866,total,250871.00,264606.00,515477.00,264606,250871,190.00,190.00,380.00,190,190,0.00,0.00,0,0
1508035867,s5,0.00,0.00,0.00,0,0,0.00,0.00,0.00,0,0,0.00,0.00,0,0
1508035867,s1,0.00,0.00,0.00,0,0,0.00,0.00,0.00,0,0,0.00,0.00,0,0
1508035867,eth0,0.00,0.00,0.00,0,0,0.00,0.00,0.00,0,0,0.00,0.00,0,0
1508035867,eth1,0.00,0.00,0.00,0,0,0.00,0.00,0.00,0,0,0.00,0.00,0,0
1508035867,s1-eth2,5815.00,249072.00,254887.00,249072,5815,83.00,88.00,171.00,88,83,0.00,0.00,0,0
1508035867,s1-eth1,246180.00,5418.00,251598.00,5418,246180,88.00,81.00,169.00,81,88,0.00,0.00,0,0
1508035867,lo,0.00,0.00,0.00,0,0,0.00,0.00,0.00,0,0,0.00,0.00,0,0
1508035867,s4,0.00,0.00,0.00,0,0,0.00,0.00,0.00,0,0,0.00,0.00,0,0
1508035867,total,251995.00,254490.00,506485.00,254490,251995,171.00,169.00,340.00,169,171,0.00,0.00,0,0
1508035868,s5,0.00,0.00,0.00,0,0,0.00,0.00,0.00,0,0,0.00,0.00,0,0
1508035868,s1,0.00,0.00,0.00,0,0,0.00,0.00,0.00,0,0,0.00,0.00,0,0
1508035868,eth0,0.00,0.00,0.00,0,0,0.00,0.00,0.00,0,0,0.00,0.00,0,0
1508035868,eth1,0.00,0.00,0.00,0,0,0.00,0.00,0.00,0,0,0.00,0.00,0,0
1508035868,s1-eth2,5490.00,234592.00,240082.00,234592,5490,81.00,88.00,169.00,88,81,0.00,0.00,0,0
1508035868,s1-eth1,226048.00,5490.00,231538.00,5490,226048,86.00,81.00,167.00,81,86,0.00,0.00,0,0
1508035868,lo,516.00,516.00,1032.00,516,516,9.00,9.00,18.00,9,9,0.00,0.00,0,0
1508035868,s4,0.00,0.00,0.00,0,0,0.00,0.00,0.00,0,0,0.00,0.00,0,0
1508035868,total,232054.00,240598.00,472652.00,240598,232054,176.00,178.00,354.00,178,176,0.00,0.00,0,0
1508035869,s5,0.00,0.00,0.00,0,0,0.00,0.00,0.00,0,0,0.00,0.00,0,0
1508035869,s1,0.00,0.00,0.00,0,0,0.00,0.00,0.00,0,0,0.00,0.00,0,0
1508035869,eth0,0.00,0.00,0.00,0,0,0.00,0.00,0.00,0,0,0.00,0.00,0,0
1508035869,eth1,0.00,0.00,0.00,0,0,0.00,0.00,0.00,0,0,0.00,0.00,0,0
1508035869,s1-eth2,5682.00,257958.00,263640.00,257958,5682,85.00,91.00,176.00,91,85,0.00,0.00,0,0
1508035869,s1-eth1,246110.00,5682.00,251792.00,5682,246110,87.00,85.00,172.00,85,87,0.00,0.00,0,0
1508035869,lo,0.00,0.00,0.00,0,0,0.00,0.00,0.00,0,0,0.00,0.00,0,0
1508035869,s4,0.00,0.00,0.00,0,0,0.00,0.00,0.00,0,0,0.00,0.00,0,0
1508035869,total,251792.00,263640.00,515432.00,263640,251792,172.00,176.00,348.00,176,172,0.00,0.00,0,0
1508035870,s5,0.00,0.00,0.00,0,0,0.00,0.00,0.00,0,0,0.00,0.00,0,0
1508035870,s1,0.00,0.00,0.00,0,0,0.00,0.00,0.00,0,0,0.00,0.00,0,0
1508035870,eth0,0.00,0.00,0.00,0,0,0.00,0.00,0.00,0,0,0.00,0.00,0,0
1508035870,eth1,0.00,0.00,0.00,0,0,0.00,0.00,0.00,0,0,0.00,0.00,0,0
1508035870,s1-eth2,5969.00,253680.00,259649.00,253680,5969,88.00,92.00,180.00,92,88,0.00,0.00,0,0
1508035870,s1-eth1,243387.00,5862.00,249249.00,5862,243387,89.00,87.00,176.00,87,89,0.00,0.00,0,0
1508035870,lo,0.00,0.00,0.00,0,0,0.00,0.00,0.00,0,0,0.00,0.00,0,0
1508035870,s4,0.00,0.00,0.00,0,0,0.00,0.00,0.00,0,0,0.00,0.00,0,0
1508035870,total,249356.00,259542.00,508898.00,259542,249356,177.00,179.00,356.00,179,177,0.00,0.00,0,0
1508035871,s5,0.00,0.00,0.00,0,0,0.00,0.00,0.00,0,0,0.00,0.00,0,0
1508035871,s1,0.00,0.00,0.00,0,0,0.00,0.00,0.00,0,0,0.00,0.00,0,0
1508035871,eth0,0.00,0.00,0.00,0,0,0.00,0.00,0.00,0,0,0.00,0.00,0,0
1508035871,eth1,0.00,0.00,0.00,0,0,0.00,0.00,0.00,0,0,0.00,0.00,0,0
1508035871,s1-eth2,5704.30,248889.12,254593.41,249138,5710,84.92,88.91,173.83,89,85,0.00,0.00,0,0
1508035871,s1-eth1,246000.00,5700.30,251700.31,5706,246246,88.91,84.92,173.83,85,89,0.00,0.00,0,0
1508035871,lo,0.00,0.00,0.00,0,0,0.00,0.00,0.00,0,0,0.00,0.00,0,0
1508035871,s4,0.00,0.00,0.00,0,0,0.00,0.00,0.00,0,0,0.00,0.00,0,0
1508035871,total,251704.30,254589.42,506293.72,254844,251956,173.83,173.83,347.65,174,174,0.00,0.00,0,0
1508035872,s5,0.00,0.00,0.00,0,0,0.00,0.00,0.00,0,0,0.00,0.00,0,0
1508035872,s1,0.00,0.00,0.00,0,0,0.00,0.00,0.00,0,0,0.00,0.00,0,0
1508035872,eth0,0.00,0.00,0.00,0,0,0.00,0.00,0.00,0,0,0.00,0.00,0,0
1508035872,eth1,0.00,0.00,0.00,0,0,0.00,0.00,0.00,0,0,0.00,0.00,0,0
1508035872,s1-eth2,6173.83,251848.16,258021.98,252100,6180,87.91,89.91,177.82,90,88,0.00,0.00,0,0
1508035872,s1-eth1,245930.08,5766.23,251696.31,5772,246176,87.91,85.91,173.83,86,88,0.00,0.00,0,0
1508035872,lo,0.00,0.00,0.00,0,0,0.00,0.00,0.00,0,0,0.00,0.00,0,0
1508035872,s4,0.00,0.00,0.00,0,0,0.00,0.00,0.00,0,0,0.00,0.00,0,0
1508035872,total,252103.91,257614.39,509718.28,257872,252356,175.82,175.82,351.65,176,176,0.00,0.00,0,0
1508035873,s5,0.00,0.00,0.00,0,0,0.00,0.00,0.00,0,0,0.00,0.00,0,0
1508035873,s1,0.00,0.00,0.00,0,0,0.00,0.00,0.00,0,0,0.00,0.00,0,0
1508035873,eth0,0.00,0.00,0.00,0,0,0.00,0.00,0.00,0,0,0.00,0.00,0,0
1508035873,eth1,0.00,0.00,0.00,0,0,0.00,0.00,0.00,0,0,0.00,0.00,0,0
1508035873,s1-eth2,5952.00,247822.00,253774.00,247822,5952,88.00,91.00,179.00,91,88,0.00,0.00,0,0
1508035873,s1-eth1,243688.00,5952.00,249640.00,5952,243688,90.00,88.00,178.00,88,90,0.00,0.00,0,0
1508035873,lo,516.00,516.00,1032.00,516,516,9.00,9.00,18.00,9,9,0.00,0.00,0,0
1508035873,s4,0.00,0.00,0.00,0,0,0.00,0.00,0.00,0,0,0.00,0.00,0,0
1508035873,total,250156.00,254290.00,504446.00,254290,250156,187.00,188.00,375.00,188,187,0.00,0.00,0,0
1508035874,s5,0.00,0.00,0.00,0,0,0.00,0.00,0.00,0,0,0.00,0.00,0,0
1508035874,s1,0.00,0.00,0.00,0,0,0.00,0.00,0.00,0,0,0.00,0.00,0,0
1508035874,eth0,0.00,0.00,0.00,0,0,0.00,0.00,0.00,0,0,0.00,0.00,0,0
1508035874,eth1,0.00,0.00,0.00,0,0,0.00,0.00,0.00,0,0,0.00,0.00,0,0
1508035874,s1-eth2,5430.00,252034.00,257464.00,252034,5430,81.00,89.00,170.00,89,81,0.00,0.00,0,0
1508035874,s1-eth1,246110.00,5430.00,251540.00,5430,246110,87.00,81.00,168.00,81,87,0.00,0.00,0,0
1508035874,lo,0.00,0.00,0.00,0,0,0.00,0.00,0.00,0,0,0.00,0.00,0,0
1508035874,s4,0.00,0.00,0.00,0,0,0.00,0.00,0.00,0,0,0.00,0.00,0,0
1508035874,total,251540.00,257464.00,509004.00,257464,251540,168.00,170.00,338.00,170,168,0.00,0.00,0,0
1508035875,s5,0.00,0.00,0.00,0,0,0.00,0.00,0.00,0,0,0.00,0.00,0,0
1508035875,s1,0.00,0.00,0.00,0,0,0.00,0.00,0.00,0,0,0.00,0.00,0,0
1508035875,eth0,0.00,0.00,0.00,0,0,0.00,0.00,0.00,0,0,0.00,0.00,0,0
1508035875,eth1,0.00,0.00,0.00,0,0,0.00,0.00,0.00,0,0,0.00,0.00,0,0
1508035875,s1-eth2,5886.00,250718.00,256604.00,250718,5886,87.00,91.00,178.00,91,87,0.00,0.00,0,0
1508035875,s1-eth1,243280.00,5886.00,249166.00,5886,243280,88.00,87.00,175.00,87,88,0.00,0.00,0,0
1508035875,lo,0.00,0.00,0.00,0,0,0.00,0.00,0.00,0,0,0.00,0.00,0,0
1508035875,s4,0.00,0.00,0.00,0,0,0.00,0.00,0.00,0,0,0.00,0.00,0,0
1508035875,total,249166.00,256604.00,505770.00,256604,249166,175.00,178.00,353.00,178,175,0.00,0.00,0,0
1508035876,s5,0.00,0.00,0.00,0,0,0.00,0.00,0.00,0,0,0.00,0.00,0,0
1508035876,s1,0.00,0.00,0.00,0,0,0.00,0.00,0.00,0,0,0.00,0.00,0,0
1508035876,eth0,0.00,0.00,0.00,0,0,0.00,0.00,0.00,0,0,0.00,0.00,0,0
1508035876,eth1,0.00,0.00,0.00,0,0,0.00,0.00,0.00,0,0,0.00,0.00,0,0
1508035876,s1-eth2,5112.00,209556.00,214668.00,209556,5112,76.00,78.00,154.00,78,76,0.00,0.00,0,0
1508035876,s1-eth1,212518.00,5112.00,217630.00,5112,212518,79.00,76.00,155.00,76,79,0.00,0.00,0,0
1508035876,lo,0.00,0.00,0.00,0,0,0.00,0.00,0.00,0,0,0.00,0.00,0,0
1508035876,s4,0.00,0.00,0.00,0,0,0.00,0.00,0.00,0,0,0.00,0.00,0,0
1508035876,total,217630.00,214668.00,432298.00,214668,217630,155.00,154.00,309.00,154,155,0.00,0.00,0,0
1508035877,s5,0.00,0.00,0.00,0,0,0.00,0.00,0.00,0,0,0.00,0.00,0,0
1508035877,s1,0.00,0.00,0.00,0,0,0.00,0.00,0.00,0,0,0.00,0.00,0,0
1508035877,eth0,0.00,0.00,0.00,0,0,0.00,0.00,0.00,0,0,0.00,0.00,0,0
1508035877,eth1,0.00,0.00,0.00,0,0,0.00,0.00,0.00,0,0,0.00,0.00,0,0
1508035877,s1-eth2,0.00,0.00,0.00,0,0,0.00,0.00,0.00,0,0,0.00,0.00,0,0
1508035877,s1-eth1,0.00,0.00,0.00,0,0,0.00,0.00,0.00,0,0,0.00,0.00,0,0
1508035877,lo,0.00,0.00,0.00,0,0,0.00,0.00,0.00,0,0,0.00,0.00,0,0
1508035877,s4,0.00,0.00,0.00,0,0,0.00,0.00,0.00,0,0,0.00,0.00,0,0
1508035877,total,0.00,0.00,0.00,0,0,0.00,0.00,0.00,0,0,0.00,0.00,0,0
1508035878,s5,0.00,0.00,0.00,0,0,0.00,0.00,0.00,0,0,0.00,0.00,0,0
1508035878,s1,0.00,0.00,0.00,0,0,0.00,0.00,0.00,0,0,0.00,0.00,0,0
1508035878,eth0,0.00,0.00,0.00,0,0,0.00,0.00,0.00,0,0,0.00,0.00,0,0
1508035878,eth1,0.00,0.00,0.00,0,0,0.00,0.00,0.00,0,0,0.00,0.00,0,0
1508035878,s1-eth2,106.89,0.00,106.89,0,107,1.00,0.00,1.00,0,1,0.00,0.00,0,0
1508035878,s1-eth1,106.89,0.00,106.89,0,107,1.00,0.00,1.00,0,1,0.00,0.00,0,0
1508035878,lo,515.48,515.48,1030.97,516,516,8.99,8.99,17.98,9,9,0.00,0.00,0,0
1508035878,s4,0.00,0.00,0.00,0,0,0.00,0.00,0.00,0,0,0.00,0.00,0,0
1508035878,total,729.27,515.48,1244.76,516,730,10.99,8.99,19.98,9,11,0.00,0.00,0,0
1508035879,s5,0.00,0.00,0.00,0,0,0.00,0.00,0.00,0,0,0.00,0.00,0,0
1508035879,s1,0.00,0.00,0.0